1101,1102,1216,1227,1301,1303,1314,1319,1326,1402,1434,1476,1477,1504,1536,1590,1605,1704,1717,1722,1723,1789,1802,1909,2002,2015,2049,2059,2103,2105,2106,2201,2204,2207,2227,2231,2301,2303,2308,2311,2313,2317,2324,2325,2327,2330,2337,2344,2345,2347,2352,2353,2354,2356,2357,2360,2371,2376,2377,2379,2382,2383,2385,2395,2408,2409,2412,2439,2448,2449,2451,2454,2474,2492,2498,2542,2603,2606,2610,2615,2618,2633,2723,2801,2809,2812,2823,2834,2845,2867,2880,2881,2882,2883,2884,2885,2886,2887,2888,2890,2891,2892,2912,2915,3008,3019,3034,3044,3045,3189,3231,3406,3443,3481,3532,3673,3682,3702,3706,4904,4915,4938,4943,4958,5264,5522,5871,5880,6116,6176,6239,6269,6285,6409,6414,6415,6452,6456,6505,8454,8464,9904,9910,9914,9917,9921,9933,9938,9941,9945
34.5,26.45,53.0,75.7,88.2,70.8,9.95,60.7,95.8,23.95,29.1,335.5,124.0,27.4,126.0,248.5,11.85,44.6,32.5,40.25,116.5,38.45,13.3,15.9,24.7,45.15,147.5,413.5,32.3,59.8,47.8,26.7,26.5,361.0,196.5,247.5,48.0,11.3,157.0,33.0,15.4,83.1,18.2,47.0,58.4,180.0,4.63,10.0,50.8,32.5,15.05,12.95,84.7,21.3,264.0,76.0,9.47,43.85,73.0,101.0,60.0,89.0,73.7,249.0,48.3,11.85,101.5,119.0,23.25,25.6,84.7,218.0,222.0,34.3,77.8,44.85,11.05,24.8,9.31,16.2,14.55,18.3,246.0,16.9,28.3,9.08,32.0,8.13,9.06,16.85,16.15,50.4,48.45,7.99,18.2,11.8,22.9,11.65,7.88,9.0,17.65,17.15,230.5,53.2,3725.0,30.3,104.5,72.3,102.0,70.8,23.6,114.0,79.0,11.6,63.0,60.0,10.2,37.8,30.85,71.4,43.15,76.8,61.7,63.9,83.9,36.45,54.7,14.0,8.2,56.4,84.3,84.6,84.9,444.0,417.5,452.0,412.0,91.9,108.0,192.0,329.0,39.9,120.0,143.0,86.7,180.5,48.8,94.5,77.1,36.5
34.35,26.45,52.9,75.7,88.1,70.8,9.92,61.0,95.7,23.95,29.1,335.5,123.5,27.4,126.0,248.5,11.85,44.55,32.6,40.25,116.5,38.45,13.3,15.9,24.7,45.15,147.5,413.0,32.3,59.8,47.8,26.7,26.45,361.0,196.5,247.5,48.0,11.35,157.0,32.9,15.4,83.6,18.25,47.0,58.4,181.0,4.63,10.05,51.0,32.5,15.05,12.9,84.7,21.35,264.0,76.0,9.47,43.7,73.1,100.5,59.9,88.8,73.7,249.0,48.35,11.85,102.0,118.5,23.25,25.55,84.7,218.0,222.0,34.3,77.7,44.9,11.0,24.85,9.29,16.2,14.55,18.3,246.0,16.9,28.3,9.08,32.1,8.13,9.06,16.85,16.15,50.5,48.3,7.99,18.2,11.8,22.95,11.65,7.87,9.0,17.65,17.1,230.0,53.3,3725.0,30.25,104.5,72.3,102.0,70.8,23.55,114.5,78.4,11.6,62.8,59.9,10.15,37.8,30.9,71.3,43.15,76.7,61.7,63.5,83.9,36.4,54.7,14.0,8.22,56.4,84.5,84.4,84.9,444.0,419.0,452.0,415.0,91.5,108.0,192.0,327.0,39.9,120.0,143.0,87.0,180.5,48.8,94.0,77.1,36.5
34.35,26.4,53.0,75.7,88.1,70.8,9.92,61.2,95.7,23.95,29.1,335.0,123.5,27.35,126.0,248.5,11.85,44.45,32.6,40.25,116.0,38.45,13.3,15.95,24.65,45.15,147.5,412.0,32.3,59.8,47.8,26.7,26.45,361.0,196.5,251.0,47.8,11.3,157.0,32.85,15.45,83.5,18.25,47.0,58.4,181.0,4.63,10.05,50.7,32.5,15.05,12.9,84.6,21.3,264.0,76.0,9.47,43.7,72.7,100.5,60.0,89.0,73.7,249.0,48.3,11.8,102.0,118.0,23.25,25.55,84.7,217.5,222.5,34.0,77.8,44.9,11.05,24.85,9.29,16.2,14.55,18.3,246.0,16.95,28.3,9.08,32.05,8.13,9.06,16.8,16.15,50.5,48.2,7.99,18.2,11.8,22.9,11.65,7.85,9.0,17.65,17.1,230.0,53.3,3720.0,30.25,104.5,71.9,102.0,70.8,23.6,114.5,78.6,11.6,62.0,59.9,10.2,37.8,30.85,71.3,43.05,76.8,61.7,63.5,83.7,36.4,54.6,14.0,8.18,56.4,84.5,84.4,84.9,444.0,419.0,452.0,412.5,91.3,107.5,192.0,327.0,39.7,120.5,143.0,87.0,180.5,48.8,94.1,77.1,36.5
34.3,26.45,53.1,75.7,88.1,71.0,9.93,62.6,95.6,23.95,29.1,334.5,123.5,27.3,126.0,248.5,11.9,44.35,32.6,40.25,116.0,38.45,13.3,15.9,24.7,45.15,147.0,413.0,32.3,59.9,47.8,26.7,26.45,361.0,196.5,250.5,47.8,11.3,156.5,32.85,15.4,83.6,18.25,47.0,58.0,181.0,4.63,10.0,50.8,32.5,15.05,12.9,84.6,21.3,264.0,76.0,9.44,43.7,72.6,100.5,60.0,88.6,73.7,249.0,48.3,11.8,102.0,118.0,23.25,25.45,84.7,218.0,222.0,34.0,77.9,44.8,11.05,24.85,9.29,16.15,14.55,18.3,246.0,16.95,28.3,9.08,32.0,8.12,9.06,16.8,16.15,50.5,48.2,7.99,18.2,11.8,22.95,11.7,7.85,9.01,17.6,17.1,230.0,53.3,3710.0,30.0,104.0,72.0,102.0,70.8,23.65,113.5,78.6,11.55,62.6,60.0,10.2,37.8,30.85,71.4,43.05,76.6,61.7,63.5,83.7,36.4,54.6,13.95,8.17,56.3,84.1,84.4,84.9,444.0,419.0,454.0,412.5,90.8,107.5,192.0,327.0,39.7,120.0,143.0,87.0,180.5,48.8,94.5,77.1,36.55
34.3,26.45,53.0,75.7,88.1,70.9,9.93,62.4,95.7,23.95,29.1,334.5,123.5,27.4,125.5,248.5,11.9,44.4,32.6,40.25,116.0,38.45,13.3,15.9,24.7,45.15,147.0,414.0,32.35,59.9,47.8,26.65,26.45,361.0,196.5,251.0,47.55,11.3,157.0,32.9,15.45,83.8,18.25,47.0,58.0,181.0,4.63,10.05,50.8,32.5,15.05,12.9,84.6,21.3,264.0,76.0,9.42,43.8,72.8,101.0,60.0,88.3,73.7,249.0,48.3,11.85,102.0,118.0,23.3,25.4,84.8,218.0,222.5,34.3,77.9,44.85,11.05,24.8,9.29,16.15,14.55,18.3,246.0,16.95,28.25,9.08,32.05,8.12,9.06,16.8,16.15,50.6,48.2,7.99,18.2,11.8,22.9,11.7,7.85,9.01,17.6,17.1,230.0,53.3,3710.0,29.95,104.0,72.0,102.0,70.8,23.6,114.0,78.8,11.65,62.1,60.1,10.2,37.85,30.85,71.4,43.1,76.8,61.7,63.5,83.7,36.4,54.6,13.95,8.2,56.3,83.9,84.5,85.0,444.0,419.0,454.0,413.0,91.2,108.0,192.0,326.0,39.85,120.0,143.0,87.0,180.5,48.8,94.5,77.1,36.45
34.3,26.45,52.9,75.7,88.1,70.8,9.92,62.3,95.3,23.9,29.1,335.0,123.5,27.35,125.5,248.5,11.9,44.3,32.6,40.25,116.0,38.35,13.3,15.95,24.7,45.15,147.5,414.5,32.35,59.9,47.8,26.65,26.45,361.0,196.5,251.0,47.55,11.3,157.5,32.95,15.45,83.9,18.25,47.0,58.0,181.5,4.65,10.0,51.0,32.45,15.05,12.9,84.7,21.3,264.0,76.0,9.45,43.7,73.2,101.0,59.9,88.3,73.7,249.0,48.35,11.8,102.0,118.0,23.25,25.45,84.8,218.0,223.0,34.35,77.8,44.85,11.05,24.8,9.27,16.15,14.55,18.3,246.0,16.95,28.25,9.1,32.05,8.13,9.06,16.8,16.15,50.7,48.35,7.99,18.15,11.8,22.95,11.7,7.86,9.01,17.65,17.1,230.0,53.3,3720.0,29.9,104.5,71.8,102.0,70.7,23.6,114.5,78.8,11.6,62.5,60.1,10.2,37.85,30.85,71.4,43.1,76.8,61.7,63.5,83.7,36.5,54.6,13.95,8.28,56.3,83.9,84.5,85.2,444.0,419.0,454.0,414.5,91.3,108.0,192.0,326.0,39.9,120.0,143.0,87.0,180.5,48.8,94.8,77.1,36.45
34.3,26.45,52.9,75.7,88.3,71.0,9.93,62.1,95.2,23.9,29.1,335.0,124.0,27.35,125.5,248.5,11.95,44.5,32.6,40.25,116.0,38.25,13.3,15.95,24.7,45.15,147.0,413.5,32.35,59.8,47.8,26.6,26.45,361.0,196.5,252.0,47.75,11.35,157.5,32.95,15.4,83.7,18.25,47.0,58.0,181.5,4.65,10.05,50.8,32.45,15.1,12.9,84.7,21.35,264.0,76.0,9.43,43.75,73.0,101.0,59.9,88.5,73.7,249.0,48.55,11.85,102.0,118.0,23.25,25.45,85.0,218.0,222.5,34.2,77.8,44.85,11.05,24.8,9.27,16.15,14.55,18.3,246.0,16.95,28.25,9.1,32.05,8.13,9.06,16.8,16.15,50.8,48.4,7.99,18.2,11.8,22.9,11.7,7.86,9.01,17.65,17.05,230.0,53.2,3720.0,29.9,104.0,71.8,102.0,70.7,23.6,115.5,78.5,11.65,62.6,60.2,10.2,37.85,30.85,71.4,43.1,76.9,61.7,63.5,83.8,36.5,54.6,14.0,8.25,56.4,84.0,84.6,85.1,444.0,420.0,454.0,415.0,91.4,108.5,192.0,326.5,39.85,119.5,143.0,87.0,180.5,48.8,94.9,77.1,36.45
34.35,26.45,52.9,75.6,88.3,71.0,9.95,62.2,95.2,23.9,29.1,335.0,124.0,27.4,125.5,248.5,11.95,44.35,32.55,40.25,116.0,38.25,13.3,16.0,24.7,45.15,147.0,415.0,32.4,59.8,47.8,26.6,26.4,361.0,196.5,253.0,47.8,11.3,157.5,33.0,15.35,83.6,18.25,47.0,58.0,181.5,4.65,10.0,50.9,32.45,15.1,12.9,84.6,21.3,264.0,76.0,9.43,43.7,73.0,101.0,59.9,88.6,73.5,249.0,48.75,11.8,102.0,118.0,23.25,25.4,85.0,218.0,222.5,34.2,77.9,44.85,11.05,24.8,9.28,16.15,14.55,18.3,246.0,16.95,28.35,9.1,32.1,8.13,9.06,16.85,16.15,50.8,48.55,7.99,18.2,11.85,22.9,11.65,7.85,9.01,17.65,17.05,229.0,53.3,3725.0,29.9,104.0,71.6,102.0,70.8,23.6,115.0,78.5,11.6,62.6,60.1,10.25,37.8,30.8,71.3,43.1,76.7,61.7,63.5,83.9,36.5,54.6,13.95,8.24,56.4,84.0,84.6,85.1,444.0,421.5,454.0,415.0,91.5,107.5,192.0,326.5,39.85,119.5,143.5,87.0,180.5,48.8,95.2,77.1,36.45
34.3,26.45,53.0,75.6,88.3,71.4,9.95,62.5,95.2,23.9,29.1,335.0,123.5,27.4,125.5,248.5,11.9,44.35,32.55,40.25,116.0,38.25,13.3,16.1,24.75,45.15,147.0,413.5,32.4,59.8,47.8,26.6,26.4,361.0,196.5,253.5,47.85,11.35,157.5,33.0,15.4,83.8,18.25,47.0,58.0,181.5,4.68,10.0,51.0,32.45,15.1,12.9,84.5,21.3,264.0,76.0,9.46,43.7,72.9,101.0,59.9,88.8,73.5,249.0,48.8,11.85,102.0,118.0,23.25,25.35,85.0,218.5,222.5,34.2,77.9,44.9,11.05,24.75,9.28,16.15,14.6,18.3,246.0,16.95,28.25,9.1,32.1,8.13,9.06,16.8,16.15,50.8,48.55,7.99,18.2,11.85,22.9,11.65,7.86,9.0,17.65,17.05,229.0,53.4,3725.0,29.9,104.0,71.6,102.0,70.8,23.65,115.0,78.5,11.65,62.8,60.1,10.25,37.8,30.8,71.4,43.1,76.9,61.7,63.5,83.9,36.5,54.6,13.95,8.24,56.4,84.0,84.5,85.2,444.0,421.5,454.0,415.0,91.7,108.0,192.0,326.5,39.8,119.5,143.5,87.0,180.5,48.8,95.0,77.1,36.45
34.25,26.45,53.0,75.6,88.3,71.4,9.94,62.9,95.2,23.9,29.1,335.0,124.0,27.4,125.5,248.5,11.9,44.35,32.6,40.25,116.0,38.25,13.3,16.1,24.75,45.15,147.0,415.0,32.4,59.8,47.8,26.6,26.35,361.0,196.5,253.0,47.85,11.35,157.5,32.95,15.4,83.7,18.25,47.0,57.7,181.5,4.66,10.05,50.9,32.45,15.1,12.9,84.6,21.3,264.0,76.0,9.47,43.7,73.0,101.0,59.9,88.9,73.5,249.0,48.6,11.85,102.0,118.5,23.25,25.35,85.0,218.5,222.5,34.2,78.0,44.9,11.0,24.8,9.28,16.15,14.6,18.3,246.0,16.95,28.25,9.1,32.15,8.13,9.06,16.8,16.15,50.8,48.55,7.99,18.2,11.85,22.9,11.7,7.86,9.0,17.65,17.1,229.0,53.4,3730.0,29.95,104.0,71.6,102.0,70.8,23.65,114.5,78.6,11.6,62.9,60.0,10.2,37.8,30.85,71.4,43.15,76.9,61.7,63.5,83.9,36.5,54.6,13.9,8.23,56.4,84.0,84.6,85.1,444.0,417.0,454.0,415.5,91.8,108.0,192.0,327.0,39.85,119.5,143.5,87.0,180.0,48.8,95.0,77.1,36.45
34.25,26.45,53.0,75.6,88.4,71.3,9.94,63.1,95.3,23.9,29.1,335.0,124.0,27.4,125.5,248.5,11.9,44.4,32.6,40.25,116.0,38.25,13.3,16.35,24.75,44.85,147.0,415.0,32.4,59.7,47.8,26.65,26.35,361.0,196.5,252.5,47.85,11.35,157.5,33.0,15.4,83.8,18.25,47.0,57.7,181.5,4.66,10.05,50.9,32.45,15.1,12.9,84.6,21.3,264.0,76.0,9.49,43.7,72.8,101.0,59.9,88.9,73.5,249.0,48.6,11.85,102.0,119.0,23.25,25.4,85.0,218.5,222.5,34.1,77.9,45.0,11.0,24.8,9.28,16.15,14.6,18.3,245.5,16.95,28.25,9.1,32.2,8.12,9.06,16.8,16.15,50.7,48.55,7.99,18.2,11.85,22.9,11.7,7.86,9.01,17.65,17.1,229.0,53.3,3740.0,29.95,104.5,71.7,102.0,70.8,23.65,114.5,78.6,11.65,63.0,59.9,10.25,37.8,30.85,71.5,43.15,77.0,61.7,63.7,83.9,36.5,54.6,13.95,8.22,56.4,84.0,84.8,85.1,444.0,417.0,454.0,418.5,91.9,107.5,192.0,328.0,39.85,119.5,143.5,86.8,180.0,48.8,95.1,77.1,36.45
34.25,26.45,53.0,75.5,88.4,71.1,9.94,63.1,95.4,23.9,29.1,335.0,124.0,27.35,125.5,248.5,11.9,44.45,32.6,40.2,116.5,38.25,13.3,16.3,24.75,44.85,147.0,413.5,32.4,59.8,47.8,26.65,26.3,361.0,196.5,253.0,47.85,11.35,157.5,32.95,15.35,83.8,18.25,47.0,57.7,181.5,4.66,10.05,51.0,32.45,15.1,12.9,84.6,21.35,264.0,76.0,9.5,43.7,73.0,101.0,59.9,89.0,73.5,249.0,48.6,11.9,102.0,119.0,23.25,25.4,85.1,218.5,222.5,34.05,77.9,44.95,11.0,24.8,9.28,16.15,14.55,18.3,245.5,16.95,28.25,9.1,32.2,8.12,9.06,16.8,16.15,50.8,48.55,7.99,18.2,11.85,22.9,11.7,7.86,9.01,17.65,17.1,229.0,53.3,3745.0,29.9,104.5,71.7,102.0,70.8,23.65,114.5,78.6,11.65,63.4,60.1,10.25,37.8,30.9,71.5,43.2,77.0,61.7,63.7,83.9,36.5,54.6,13.95,8.2,56.4,84.0,84.6,85.2,444.0,417.0,454.0,421.0,91.8,108.0,192.0,328.5,39.85,119.5,143.5,86.5,180.0,48.8,95.2,77.1,36.5
34.25,26.45,53.1,75.5,88.4,71.2,9.94,63.0,95.3,23.9,29.1,334.5,124.0,27.35,125.5,248.5,11.9,44.45,32.6,40.2,116.5,38.25,13.3,16.2,24.7,44.85,147.0,415.0,32.4,59.7,47.75,26.65,26.3,361.0,196.5,253.0,47.85,11.35,157.5,33.0,15.35,83.8,18.2,47.0,57.7,181.5,4.66,10.05,51.0,32.45,15.1,12.9,84.6,21.3,264.0,76.0,9.5,43.7,72.8,100.5,59.9,88.9,73.5,249.0,48.6,11.85,102.0,119.0,23.3,25.4,85.1,218.5,223.0,34.05,77.9,44.95,11.0,24.8,9.27,16.15,14.55,18.3,245.0,16.95,28.25,9.1,32.2,8.12,9.06,16.8,16.1,50.8,48.6,7.99,18.2,11.85,22.85,11.7,7.87,9.01,17.65,17.1,229.0,53.3,3750.0,29.95,104.5,71.8,102.5,70.8,23.65,114.5,78.5,11.65,63.8,60.0,10.25,37.8,30.95,71.5,43.2,77.0,61.7,63.7,84.0,36.5,54.6,13.95,8.2,56.4,84.0,84.8,85.3,444.0,417.0,457.5,419.5,91.7,108.0,192.0,328.5,39.85,119.5,143.5,86.5,180.5,48.8,95.5,77.1,36.5
34.25,26.45,53.0,75.5,88.4,71.2,9.93,62.9,95.3,23.9,29.1,335.0,124.0,27.3,125.5,248.5,11.85,44.45,32.6,40.2,116.5,38.3,13.3,16.2,24.7,44.85,147.0,415.5,32.4,59.7,47.75,26.6,26.3,359.0,196.5,252.5,47.8,11.35,157.0,33.0,15.35,83.8,18.2,47.0,57.7,181.5,4.66,10.05,51.0,32.45,15.1,12.95,84.7,21.35,264.5,76.0,9.48,43.75,72.8,100.5,59.9,89.0,73.5,249.0,48.6,11.85,102.0,119.5,23.25,25.4,85.1,218.5,223.0,34.05,77.9,44.9,11.0,24.8,9.27,16.15,14.55,18.3,245.0,16.95,28.25,9.1,32.2,8.12,9.06,16.8,16.1,50.7,48.5,7.99,18.2,11.85,22.9,11.7,7.86,9.01,17.65,17.1,229.0,53.3,3745.0,29.9,104.5,71.8,102.5,70.8,23.65,115.0,78.5,11.65,64.4,60.0,10.25,37.8,30.95,71.4,43.2,77.0,62.0,63.7,84.0,36.5,54.6,13.9,8.23,56.4,84.0,84.7,85.4,444.0,417.5,457.5,419.0,91.7,108.0,192.0,328.5,39.85,119.5,143.5,86.5,180.5,48.8,96.0,77.1,36.5
34.3,26.45,53.0,75.5,88.4,71.3,9.93,62.8,95.3,23.9,29.1,335.0,123.5,27.3,125.5,248.5,11.85,44.45,32.6,40.2,116.5,38.35,13.3,16.2,24.75,44.85,146.5,415.5,32.4,59.7,47.75,26.6,26.3,359.0,196.5,252.5,47.75,11.35,157.5,32.95,15.35,83.7,18.2,47.0,58.2,181.5,4.66,10.05,50.8,32.45,15.1,12.9,84.6,21.3,264.0,76.0,9.48,43.8,72.9,100.5,59.8,89.0,73.5,249.0,48.65,11.85,102.0,119.0,23.3,25.4,85.3,218.5,223.0,34.1,78.0,44.9,11.0,24.8,9.27,16.15,14.55,18.3,245.0,16.95,28.25,9.1,32.15,8.12,9.06,16.8,16.1,50.8,48.55,7.99,18.2,11.85,22.9,11.7,7.86,9.01,17.65,17.1,229.5,53.3,3735.0,29.9,104.5,71.8,102.5,70.8,23.7,115.0,78.5,11.6,63.9,60.0,10.25,37.8,30.9,71.5,43.2,77.0,62.0,63.6,84.0,36.5,54.6,13.95,8.22,56.4,84.0,84.8,85.4,444.0,417.5,459.0,419.5,91.7,107.5,192.0,328.5,39.85,119.5,143.5,86.5,180.5,48.8,96.1,77.1,36.5
34.25,26.45,53.0,75.5,88.4,71.2,9.93,62.5,95.1,23.85,29.05,335.0,124.5,27.35,125.5,248.5,11.8,44.4,32.6,40.2,116.5,38.35,13.3,16.25,24.65,44.8,147.0,415.0,32.3,59.7,47.75,26.6,26.2,359.5,196.5,252.0,47.75,11.35,157.5,32.95,15.35,83.7,18.25,46.95,58.2,181.5,4.66,10.0,50.8,32.45,15.1,12.9,84.5,21.3,264.5,76.0,9.48,43.85,72.9,100.5,59.8,89.0,73.5,249.0,48.5,11.85,102.0,119.0,23.25,25.4,85.3,218.0,223.0,34.1,77.9,44.9,11.05,24.8,9.28,16.15,14.55,18.3,245.0,16.95,28.25,9.1,32.05,8.11,9.05,16.8,16.1,50.7,48.45,7.99,18.15,11.85,22.85,11.7,7.86,9.01,17.6,17.1,229.5,53.3,3725.0,29.9,105.0,71.8,102.5,70.8,23.7,115.0,78.6,11.6,63.9,59.9,10.25,37.8,30.9,71.5,43.2,77.0,62.0,63.7,84.0,36.5,54.6,13.95,8.18,56.4,84.0,84.8,85.4,440.5,417.5,459.0,421.5,91.6,108.0,192.0,328.5,39.8,119.5,143.5,86.5,180.0,48.8,96.1,77.1,36.45
34.25,26.45,53.0,75.5,88.4,71.1,9.93,62.5,95.1,23.85,29.1,335.0,124.0,27.35,126.0,248.5,11.85,44.3,32.6,40.2,116.5,38.35,13.3,16.25,24.65,44.8,147.0,415.0,32.3,59.7,47.75,26.6,26.25,359.5,196.5,252.0,47.8,11.35,157.5,32.95,15.35,83.6,18.25,46.95,58.3,181.5,4.66,10.0,50.8,32.45,15.1,12.9,84.5,21.35,264.5,76.0,9.48,43.75,73.1,100.5,59.8,89.1,73.5,249.0,48.5,11.9,102.0,118.5,23.25,25.45,85.3,218.5,223.0,34.15,77.9,44.85,11.05,24.75,9.28,16.15,14.55,18.3,245.0,16.95,28.25,9.1,31.95,8.11,9.05,16.85,16.15,50.7,48.35,7.98,18.15,11.85,22.9,11.7,7.85,9.0,17.65,17.05,229.0,53.3,3720.0,29.9,105.0,71.9,102.5,71.0,23.7,115.0,78.6,11.6,63.8,59.8,10.25,37.8,30.85,71.5,43.2,77.0,62.0,63.5,83.9,36.5,54.6,13.95,8.17,56.4,84.0,84.8,85.3,440.5,417.5,459.0,423.0,91.7,107.5,192.0,328.5,39.85,119.0,143.0,86.5,180.0,48.95,96.1,77.1,36.5
34.25,26.45,53.0,75.5,88.3,71.1,9.93,62.5,95.2,23.85,29.1,335.0,124.0,27.35,126.0,248.5,11.85,44.25,32.6,40.15,116.5,38.35,13.3,16.2,24.65,44.8,147.0,415.0,32.3,59.7,47.75,26.6,26.2,359.5,196.5,251.5,47.8,11.3,157.5,32.9,15.35,83.8,18.25,46.95,58.3,181.5,4.66,10.0,50.7,32.4,15.1,12.9,84.5,21.3,264.5,76.0,9.48,43.75,73.0,100.5,59.7,89.0,73.4,249.0,48.5,11.85,102.0,118.5,23.25,25.45,85.3,218.5,223.0,34.2,77.8,44.85,11.05,24.75,9.28,16.1,14.5,18.3,244.5,16.95,28.25,9.1,31.95,8.11,9.05,16.85,16.1,50.6,48.4,7.98,18.15,11.85,22.85,11.7,7.85,9.0,17.65,17.05,229.0,53.2,3725.0,29.9,105.0,71.9,102.5,71.0,23.7,113.5,78.6,11.65,63.7,59.8,10.25,37.8,30.8,71.5,43.2,77.0,62.0,63.5,83.9,36.45,54.6,13.95,8.19,56.5,84.1,84.9,85.4,440.5,417.5,458.5,424.0,91.6,107.5,192.0,328.5,39.85,119.0,143.0,86.5,180.0,49.0,96.0,77.1,36.5
34.3,26.45,53.0,75.5,88.3,71.0,9.93,62.6,95.2,23.85,29.1,335.0,124.0,27.35,126.0,248.5,11.8,44.25,32.6,40.15,116.5,38.3,13.3,16.2,24.65,44.8,146.5,415.0,32.3,59.7,47.75,26.6,26.25,359.5,196.5,251.0,47.75,11.35,157.5,32.85,15.35,83.8,18.25,46.95,58.2,181.0,4.66,10.05,50.6,32.4,15.1,12.9,84.5,21.3,264.0,76.0,9.46,43.7,73.0,100.5,59.7,89.1,73.1,249.0,48.65,11.8,101.5,118.5,23.25,25.5,85.3,218.5,223.0,34.2,77.8,44.9,11.05,24.75,9.28,16.1,14.5,18.3,244.5,16.9,28.25,9.1,31.95,8.11,9.05,16.8,16.1,50.6,48.4,7.98,18.15,11.85,22.9,11.7,7.85,9.0,17.65,17.05,229.0,53.2,3730.0,29.9,105.0,71.9,102.5,71.0,23.65,113.5,78.5,11.6,63.7,59.8,10.2,37.75,30.9,71.5,43.2,77.0,62.0,63.5,83.9,36.45,54.6,13.95,8.16,56.5,84.1,84.9,85.4,440.5,417.5,458.5,425.0,91.6,108.0,192.0,329.0,39.8,119.0,143.0,86.5,180.0,49.15,95.9,77.1,36.5
34.25,26.45,53.0,75.5,88.3,71.0,9.93,62.5,95.1,23.8,29.05,335.0,124.0,27.35,125.5,248.5,11.75,44.25,32.6,40.15,116.5,38.3,13.3,16.2,24.55,44.8,146.5,415.0,32.35,59.7,47.75,26.6,26.2,359.5,196.5,251.5,47.75,11.3,157.5,32.85,15.35,83.7,18.2,46.95,58.0,181.5,4.66,10.05,50.7,32.35,15.1,12.9,84.5,21.3,264.0,76.0,9.46,43.65,73.0,100.5,59.7,89.1,73.1,249.0,48.5,11.85,102.0,118.5,23.25,25.35,85.3,218.5,222.5,34.25,77.8,44.8,11.05,24.8,9.28,16.1,14.55,18.3,244.5,16.9,28.25,9.1,31.95,8.11,9.05,16.8,16.1,50.6,48.4,7.98,18.15,11.85,22.85,11.7,7.84,9.0,17.65,17.1,229.0,53.2,3735.0,29.9,104.5,71.8,102.5,71.0,23.65,113.0,78.5,11.65,63.6,59.7,10.25,37.75,30.9,71.5,43.2,77.1,62.0,63.5,83.9,36.45,54.6,13.95,8.1,56.6,84.1,84.9,85.4,440.5,417.5,458.5,424.0,91.4,108.0,192.0,329.0,39.75,119.0,143.0,86.5,180.0,49.15,95.7,77.1,36.5
34.3,26.45,53.0,75.5,88.3,71.0,9.92,63.0,95.2,23.8,29.05,335.0,124.0,27.35,125.5,248.5,11.8,44.2,32.6,40.15,116.5,38.3,13.25,16.15,24.6,44.8,146.5,415.0,32.35,59.7,47.75,26.6,26.2,359.5,196.5,251.0,47.7,11.3,157.5,32.85,15.35,83.7,18.2,46.95,58.1,181.5,4.66,10.05,50.8,32.35,15.1,12.9,84.5,21.3,264.0,76.0,9.46,43.55,73.1,100.5,59.7,89.1,73.1,249.0,48.5,11.85,101.5,118.0,23.25,25.4,85.0,218.0,222.5,34.25,77.8,44.95,11.05,24.8,9.27,16.1,14.5,18.35,244.5,16.9,28.25,9.1,31.95,8.11,9.04,16.8,16.1,50.5,48.35,7.97,18.15,11.85,22.85,11.65,7.84,9.0,17.65,17.05,229.0,53.2,3740.0,30.0,104.5,71.7,102.5,71.0,23.7,113.5,78.6,11.65,63.8,59.7,10.2,37.7,30.85,71.7,43.15,77.2,62.4,63.6,83.9,36.45,54.6,13.95,8.11,56.5,84.1,84.8,85.3,440.5,417.5,458.5,423.5,91.4,108.0,192.0,329.0,39.65,119.0,143.0,86.5,180.0,49.05,95.9,77.1,36.5
34.2,26.45,53.0,75.6,88.2,71.0,9.91,63.0,95.2,23.8,29.05,335.0,124.0,27.35,125.5,248.5,11.75,44.2,32.6,40.15,116.5,38.3,13.25,16.15,24.5,44.8,146.5,413.5,32.3,59.7,47.75,26.6,26.25,359.5,196.5,251.0,47.75,11.3,157.5,32.85,15.35,83.7,18.25,46.95,58.1,181.5,4.66,10.05,50.8,32.35,15.1,12.9,84.5,21.3,264.0,76.0,9.45,43.4,73.2,100.5,59.7,89.1,73.2,249.0,48.5,11.85,102.0,118.5,23.25,25.35,85.0,218.0,222.5,34.25,77.8,44.95,11.05,24.8,9.26,16.1,14.5,18.3,244.5,16.9,28.25,9.1,31.95,8.11,9.04,16.8,16.1,50.5,48.3,7.97,18.15,11.85,22.85,11.7,7.84,8.99,17.65,17.05,229.0,53.2,3745.0,30.0,104.5,71.5,102.5,71.0,23.7,113.0,78.6,11.65,63.6,59.6,10.25,37.7,30.9,71.6,43.15,77.3,62.2,63.6,83.9,36.5,54.6,13.95,8.13,56.5,84.1,84.8,85.4,440.5,417.5,458.5,423.5,91.4,108.0,192.0,329.0,39.7,119.0,143.0,86.5,180.0,49.1,96.2,77.1,36.5
34.3,26.4,53.0,75.3,88.2,71.0,9.91,62.9,95.2,23.8,29.05,335.0,124.0,27.35,125.5,247.5,11.8,44.15,32.6,40.1,116.5,38.3,13.25,16.15,24.55,44.8,146.5,413.0,32.3,59.7,47.75,26.6,26.25,359.5,196.5,251.0,47.75,11.3,157.5,32.9,15.4,83.7,18.2,46.95,58.1,181.5,4.66,10.05,50.8,32.4,15.1,12.9,84.5,21.3,264.5,76.0,9.45,43.3,73.2,100.5,59.7,89.1,73.2,249.0,48.55,11.8,102.0,118.5,23.3,25.4,85.0,218.0,222.5,34.25,77.7,44.95,11.05,24.85,9.27,16.1,14.5,18.35,244.5,16.9,28.25,9.1,31.9,8.11,9.04,16.8,16.1,50.5,48.35,7.97,18.15,11.85,22.85,11.7,7.83,8.99,17.65,17.05,229.0,53.1,3745.0,30.0,104.5,71.5,102.5,71.0,23.7,113.5,78.6,11.6,63.6,59.6,10.25,37.65,30.9,71.5,43.15,77.4,62.2,63.6,83.9,36.5,54.6,13.95,8.14,56.5,84.1,85.0,85.3,440.5,417.5,458.5,424.0,91.4,108.0,192.0,329.0,39.7,119.0,143.0,86.5,180.0,49.1,96.2,77.1,36.55
34.2,26.4,53.0,75.3,88.3,71.0,9.89,62.6,95.2,23.8,29.05,336.0,124.0,27.35,125.5,247.5,11.8,44.2,32.6,40.15,116.5,38.3,13.25,16.15,24.55,44.8,146.0,413.0,32.35,59.7,47.75,26.6,26.25,359.5,196.5,251.0,47.75,11.3,157.5,32.85,15.4,83.8,18.2,46.9,58.1,181.5,4.66,10.05,50.6,32.35,15.1,12.9,84.5,21.35,264.5,76.0,9.45,43.4,73.1,100.5,59.7,89.1,73.2,249.0,48.55,11.8,102.0,119.0,23.35,25.4,85.0,217.5,222.5,34.25,77.8,44.95,11.05,24.85,9.26,16.1,14.5,18.35,244.5,16.9,28.25,9.1,31.95,8.11,9.04,16.8,16.1,50.6,48.35,7.98,18.15,11.85,22.9,11.7,7.83,9.0,17.65,17.05,229.0,53.1,3745.0,30.0,104.5,71.5,102.5,71.0,23.7,113.5,78.6,11.6,63.5,59.7,10.25,37.7,30.9,71.4,43.15,77.4,62.2,63.5,83.9,36.5,54.6,13.95,8.12,56.5,84.2,85.2,85.3,440.5,417.5,458.5,425.0,91.4,108.0,192.0,329.0,39.7,119.0,143.0,86.5,180.0,49.1,96.1,77.1,36.55
34.2,26.4,53.0,75.3,88.2,71.1,9.86,62.8,95.3,23.8,29.05,336.0,124.0,27.35,125.5,247.0,11.75,44.2,32.6,40.15,116.5,38.3,13.25,16.1,24.55,44.8,146.0,413.0,32.4,59.7,47.75,26.6,26.25,359.5,196.5,251.0,47.8,11.3,157.5,32.85,15.4,83.7,18.25,46.9,58.1,181.5,4.66,10.05,50.6,32.35,15.05,12.9,84.5,21.3,264.5,76.0,9.45,43.5,73.2,100.5,59.7,89.2,73.2,249.0,48.55,11.85,102.0,119.0,23.4,25.45,85.0,217.5,222.5,34.2,77.8,44.95,11.05,24.8,9.27,16.1,14.5,18.35,244.5,16.9,28.25,9.1,31.95,8.11,9.04,16.85,16.1,50.5,48.35,7.97,18.15,11.85,22.9,11.7,7.84,9.0,17.6,17.05,229.0,53.1,3745.0,30.0,104.5,71.7,102.5,71.0,23.65,113.5,78.6,11.6,63.6,59.7,10.25,37.7,30.9,71.4,43.15,77.4,62.2,63.5,83.9,36.5,54.6,13.95,8.11,56.5,84.2,85.1,85.3,440.5,417.5,458.0,426.0,91.4,107.5,192.0,330.0,39.8,119.0,143.0,86.5,180.0,49.1,96.1,77.1,36.55
34.2,26.4,53.0,75.3,88.3,71.1,9.85,62.7,95.3,23.8,29.05,336.0,124.0,27.4,125.5,247.0,11.8,44.2,32.6,40.15,116.5,38.3,13.25,16.15,24.55,44.8,146.0,413.5,32.4,59.7,47.75,26.6,26.25,359.5,196.5,251.0,47.8,11.3,157.5,32.9,15.4,83.8,18.25,46.9,58.1,181.0,4.66,10.05,50.6,32.35,15.1,12.9,84.5,21.35,264.5,76.0,9.46,43.5,73.2,101.0,59.8,89.2,73.2,249.0,48.55,11.85,102.0,118.5,23.35,25.45,85.0,217.5,222.5,34.2,77.8,44.95,11.05,24.8,9.27,16.1,14.5,18.35,244.5,16.9,28.25,9.1,31.95,8.11,9.04,16.85,16.1,50.6,48.35,7.98,18.1,11.85,22.85,11.7,7.84,9.0,17.6,17.05,229.0,53.0,3745.0,30.0,104.5,71.7,102.5,70.9,23.7,113.5,78.6,11.65,63.5,59.6,10.25,37.65,30.85,71.5,43.15,77.4,62.4,63.5,83.9,36.5,54.6,13.95,8.12,56.5,84.2,85.0,85.3,440.5,418.0,458.5,427.0,91.3,108.0,192.0,330.5,39.8,119.0,143.0,86.5,180.0,49.1,96.1,77.1,36.5
34.2,26.4,53.0,75.3,88.3,71.0,9.85,62.6,95.3,23.8,29.0,336.0,124.0,27.4,125.5,247.0,11.8,44.2,32.6,40.15,116.5,38.3,13.25,16.15,24.55,44.8,146.0,413.5,32.4,59.7,47.75,26.6,26.25,359.5,196.5,251.5,47.9,11.3,157.5,32.85,15.4,83.7,18.2,46.9,58.1,181.0,4.66,10.0,50.6,32.35,15.1,12.95,84.6,21.3,264.5,76.0,9.46,43.5,73.1,101.0,59.8,89.1,73.2,249.0,48.55,11.85,102.0,119.0,23.3,25.45,84.8,217.5,222.5,34.2,77.8,44.9,11.05,24.8,9.27,16.1,14.5,18.35,244.5,16.9,28.25,9.1,31.95,8.1,9.04,16.85,16.15,50.5,48.35,7.97,18.15,11.85,22.85,11.7,7.84,8.99,17.6,17.05,229.0,53.1,3750.0,30.0,104.5,71.6,102.5,70.9,23.65,113.5,78.5,11.6,63.5,59.6,10.25,37.65,30.9,71.4,43.15,77.4,62.6,63.5,83.9,36.5,54.6,13.95,8.14,56.5,84.2,85.0,85.3,440.5,418.0,458.5,428.0,91.3,107.5,192.0,330.5,39.8,119.0,143.0,86.5,180.0,49.1,96.1,77.1,36.5
34.25,26.4,53.0,75.3,88.3,71.1,9.87,62.6,95.2,23.8,29.0,335.0,124.0,27.4,125.5,246.0,11.8,44.25,32.6,40.15,116.5,38.3,13.25,16.15,24.55,44.75,146.0,413.5,32.4,59.7,47.75,26.6,26.25,359.5,196.5,251.5,47.85,11.35,157.5,32.9,15.35,83.7,18.2,46.9,58.1,180.5,4.66,10.0,50.6,32.35,15.1,12.9,84.6,21.3,264.5,76.0,9.45,43.5,73.1,101.0,59.7,89.0,73.2,249.0,48.5,11.85,102.0,118.5,23.25,25.45,84.8,217.5,222.5,34.25,77.8,44.95,11.05,24.8,9.27,16.1,14.5,18.3,244.5,16.9,28.25,9.1,31.95,8.1,9.04,16.85,16.1,50.5,48.3,7.98,18.1,11.85,22.9,11.7,7.84,8.99,17.65,17.05,228.5,53.2,3750.0,30.0,104.5,71.6,102.5,71.0,23.7,112.5,78.5,11.6,63.4,59.5,10.25,37.65,30.9,71.4,43.2,77.5,62.6,63.4,83.9,36.5,54.6,13.95,8.12,56.5,84.2,85.0,85.2,440.5,418.0,458.5,428.0,91.4,107.5,192.0,330.5,39.8,119.0,143.0,86.5,180.0,49.1,96.1,77.1,36.5
34.2,26.4,53.0,75.3,88.3,71.0,9.86,62.5,95.2,23.8,29.0,335.0,123.5,27.4,125.5,246.0,11.75,44.25,32.55,40.15,116.5,38.3,13.25,16.15,24.55,44.75,145.5,413.5,32.4,59.7,47.75,26.6,26.25,361.0,196.5,251.5,47.85,11.3,157.5,32.9,15.35,83.8,18.2,46.9,58.0,181.0,4.66,10.0,50.6,32.35,15.05,12.9,84.6,21.3,264.5,76.0,9.45,43.5,73.1,101.0,59.7,89.0,73.2,249.0,48.55,11.85,102.0,118.5,23.3,25.5,84.8,217.5,222.5,34.2,77.8,44.9,11.05,24.8,9.27,16.1,14.55,18.3,244.5,16.95,28.25,9.09,31.9,8.1,9.04,16.85,16.15,50.5,48.3,7.97,18.15,11.8,22.9,11.7,7.83,8.99,17.65,17.1,228.5,53.2,3750.0,30.0,105.0,71.5,102.5,71.0,23.7,112.0,78.4,11.6,63.1,59.5,10.3,37.65,30.9,71.4,43.2,77.5,62.6,63.4,83.9,36.5,54.6,13.95,8.12,56.5,84.2,85.0,85.2,440.5,418.0,458.5,428.0,91.4,108.0,192.0,329.5,39.8,119.0,143.0,86.5,180.5,49.1,96.0,77.1,36.5
34.2,26.4,53.0,75.3,88.4,71.0,9.87,62.4,95.2,23.8,29.05,335.0,123.5,27.35,125.5,246.0,11.75,44.2,32.6,40.15,116.5,38.3,13.25,16.15,24.55,44.75,145.5,413.5,32.4,59.7,47.75,26.6,26.25,361.0,196.5,251.5,47.85,11.35,157.5,32.85,15.4,83.7,18.2,46.9,58.0,180.5,4.66,10.0,50.7,32.35,15.1,12.9,84.5,21.3,264.5,76.0,9.45,43.5,73.2,101.0,59.7,88.9,73.2,249.0,48.5,11.85,102.0,119.0,23.3,25.45,84.8,217.5,222.0,34.25,77.8,44.95,11.05,24.85,9.27,16.1,14.55,18.3,244.5,16.95,28.25,9.09,31.8,8.1,9.04,16.85,16.15,50.4,48.3,7.97,18.1,11.85,22.9,11.7,7.83,8.99,17.6,17.05,228.5,53.2,3750.0,30.0,105.0,71.5,102.0,71.0,23.7,112.5,78.5,11.6,63.0,59.6,10.25,37.65,30.9,71.3,43.2,77.4,62.6,63.4,83.8,36.5,54.6,13.95,8.12,56.5,84.1,85.0,85.2,440.5,418.0,458.0,427.0,91.3,107.5,192.5,329.5,39.8,119.0,143.0,86.4,180.5,49.1,95.9,77.1,36.5
34.2,26.4,53.0,75.3,88.4,71.0,9.88,62.4,95.2,23.8,29.05,335.0,123.5,27.4,125.5,246.0,11.8,44.2,32.6,40.15,116.5,38.3,13.25,16.15,24.55,44.75,145.5,413.5,32.4,59.7,47.75,26.6,26.25,361.0,196.5,251.5,47.85,11.35,157.5,32.85,15.35,83.7,18.2,46.9,58.0,181.0,4.66,10.0,50.7,32.35,15.1,12.95,84.6,21.35,264.5,76.0,9.45,43.5,73.2,101.0,59.7,89.0,73.2,249.0,48.5,11.85,102.0,118.5,23.25,25.45,84.8,217.5,222.5,34.3,77.8,45.0,11.05,24.85,9.27,16.1,14.55,18.3,244.5,16.95,28.25,9.1,31.8,8.09,9.05,16.85,16.15,50.5,48.35,7.97,18.15,11.85,22.85,11.7,7.83,9.0,17.65,17.05,228.5,53.1,3735.0,30.0,105.0,71.5,102.0,71.0,23.7,112.5,78.5,11.55,63.0,59.5,10.25,37.6,30.9,71.3,43.2,77.3,62.6,63.4,83.8,36.5,54.6,13.95,8.13,56.5,84.2,85.0,85.2,440.5,418.0,458.0,426.0,91.3,108.0,192.5,329.5,39.85,119.0,143.0,86.4,180.0,49.1,95.8,77.1,36.5
34.2,26.4,53.0,75.3,88.3,71.0,9.88,62.4,95.1,23.8,29.05,335.0,123.5,27.35,125.5,245.0,11.75,44.15,32.6,40.15,116.5,38.35,13.25,16.15,24.55,44.8,145.5,414.0,32.4,59.7,47.75,26.6,26.2,361.0,196.5,251.0,47.85,11.35,157.5,32.85,15.35,83.7,18.2,46.9,58.0,180.5,4.66,10.05,50.7,32.35,15.1,12.9,84.6,21.35,264.5,76.0,9.45,43.5,73.1,101.0,59.7,88.8,73.2,249.0,48.45,11.85,102.0,118.5,23.25,25.35,84.8,217.5,222.5,34.3,77.8,45.0,11.05,24.85,9.27,16.1,14.55,18.3,244.5,16.95,28.25,9.1,31.8,8.09,9.04,16.85,16.15,50.4,48.3,7.97,18.15,11.85,22.9,11.7,7.83,8.99,17.6,17.05,228.5,53.1,3735.0,30.0,104.5,71.5,102.0,71.0,23.7,113.0,78.6,11.6,63.0,59.6,10.25,37.65,30.9,71.4,43.2,77.3,62.9,63.5,83.8,36.5,54.6,13.95,8.14,56.6,84.1,85.0,85.3,441.0,418.0,458.0,426.0,91.4,108.0,192.5,329.5,39.85,119.0,143.0,86.4,180.0,49.1,95.9,77.1,36.5
34.2,26.4,53.0,75.3,88.3,71.0,9.89,62.5,95.2,23.8,29.05,334.5,123.5,27.4,126.0,245.0,11.75,44.15,32.6,40.15,116.5,38.35,13.25,16.2,24.55,44.8,146.0,413.5,32.4,59.7,47.75,26.6,26.25,361.0,196.5,251.0,47.85,11.35,157.5,32.85,15.35,83.7,18.2,46.9,58.0,180.5,4.67,9.99,50.7,32.35,15.05,12.9,84.6,21.3,264.5,76.0,9.44,43.45,73.2,101.0,59.8,89.1,73.2,249.0,48.4,11.85,102.0,118.5,23.25,25.35,84.8,217.5,222.5,34.2,77.8,45.0,11.05,24.85,9.27,16.1,14.55,18.3,244.5,16.95,28.25,9.1,31.8,8.09,9.04,16.85,16.15,50.4,48.3,7.96,18.1,11.85,22.85,11.7,7.83,8.99,17.6,17.1,228.5,53.1,3735.0,30.0,104.5,71.5,102.0,71.0,23.65,113.0,78.6,11.6,63.4,59.6,10.2,37.7,30.9,71.4,43.2,77.3,62.9,63.5,83.9,36.5,54.5,13.95,8.14,56.6,84.2,85.0,85.3,441.0,418.0,458.0,426.5,91.4,107.5,192.5,328.5,39.8,119.0,143.0,86.4,180.5,49.1,96.0,77.1,36.5
34.25,26.4,53.0,75.3,88.2,70.9,9.89,62.4,95.2,23.85,29.05,334.5,123.5,27.4,125.5,245.0,11.75,44.2,32.6,40.15,116.5,38.35,13.25,16.2,24.55,44.8,146.0,414.0,32.4,59.7,47.75,26.6,26.25,361.0,196.5,251.5,47.8,11.35,157.5,32.85,15.4,83.8,18.2,46.9,58.0,181.0,4.67,9.99,50.7,32.4,15.1,12.9,84.7,21.3,264.5,76.0,9.44,43.45,73.2,101.0,59.7,89.1,73.2,249.0,48.45,11.8,102.0,118.5,23.25,25.35,84.8,217.5,222.5,34.2,77.8,45.0,11.05,24.85,9.27,16.05,14.55,18.3,244.5,16.95,28.25,9.1,31.75,8.09,9.04,16.85,16.15,50.5,48.3,7.96,18.1,11.85,22.85,11.7,7.83,8.99,17.6,17.05,228.5,53.1,3735.0,30.0,104.5,71.5,102.0,70.8,23.7,113.5,78.6,11.6,63.4,59.7,10.2,37.7,30.85,71.3,43.2,77.3,62.9,63.5,83.8,36.5,54.5,13.95,8.16,56.6,84.1,85.0,85.3,441.0,418.0,458.0,426.5,91.4,107.5,192.5,328.5,39.8,119.0,143.0,86.4,180.0,49.1,96.1,77.1,36.5
34.25,26.4,53.0,75.3,88.2,70.9,9.89,62.4,95.2,23.85,29.05,334.5,123.5,27.4,125.0,245.0,11.8,44.15,32.6,40.15,116.5,38.35,13.25,16.2,24.6,44.8,146.0,412.5,32.3,59.7,47.75,26.6,26.25,361.0,196.5,252.0,47.8,11.35,158.0,32.8,15.4,83.8,18.2,46.9,58.0,181.0,4.66,9.98,50.7,32.4,15.1,12.9,84.7,21.3,264.5,76.0,9.44,43.45,73.1,101.0,59.8,89.2,73.2,249.0,48.45,11.8,101.5,118.5,23.25,25.4,84.8,217.5,222.5,34.2,77.8,45.0,11.05,24.85,9.27,16.05,14.5,18.35,244.5,16.95,28.25,9.1,31.8,8.1,9.04,16.9,16.15,50.5,48.25,7.97,18.15,11.85,22.85,11.7,7.82,9.0,17.6,17.05,228.5,53.1,3735.0,30.0,104.5,71.5,102.0,70.8,23.7,113.0,78.8,11.6,63.4,59.7,10.2,37.75,30.85,71.4,43.2,77.3,62.9,63.5,83.9,36.5,54.5,13.95,8.15,56.5,84.2,84.9,85.2,441.0,418.0,458.0,426.5,91.4,107.5,192.5,328.5,39.8,119.0,143.0,86.4,180.0,49.0,96.0,77.1,36.5
34.25,26.4,53.0,75.3,88.2,70.8,9.89,62.4,95.2,23.8,29.05,334.5,123.5,27.4,125.0,245.0,11.75,44.2,32.6,40.15,116.5,38.3,13.25,16.2,24.6,44.8,146.0,412.0,32.3,59.7,47.75,26.6,26.25,361.0,196.5,252.0,47.8,11.35,158.0,32.8,15.4,83.8,18.2,46.9,58.0,181.0,4.66,9.98,50.7,32.4,15.1,12.9,84.8,21.35,264.5,76.0,9.44,43.45,73.1,101.0,59.8,89.2,73.2,249.0,48.4,11.85,102.0,119.0,23.25,25.4,84.8,217.0,222.5,34.3,77.9,45.0,11.05,24.85,9.27,16.05,14.5,18.35,244.5,16.95,28.25,9.1,31.8,8.1,9.04,16.9,16.15,50.5,48.3,7.97,18.15,11.85,22.85,11.7,7.83,8.99,17.6,17.1,228.5,53.1,3735.0,29.95,104.5,71.5,102.0,70.7,23.65,113.0,78.8,11.6,63.4,59.6,10.2,37.7,30.85,71.4,43.2,77.3,62.9,63.6,83.9,36.4,54.5,13.95,8.15,56.5,84.2,84.9,85.2,441.0,418.0,458.0,427.0,91.4,107.5,192.5,328.5,39.8,119.5,143.0,86.4,180.0,49.05,95.8,77.1,36.5
34.25,26.4,53.0,75.3,88.2,70.9,9.89,62.4,95.2,23.8,28.95,334.5,123.5,27.4,125.5,245.0,11.75,44.3,32.6,40.15,116.5,38.3,13.25,16.15,24.6,44.8,146.0,412.0,32.35,59.7,47.75,26.6,26.25,361.0,196.5,252.0,47.75,11.35,157.5,32.8,15.4,83.8,18.2,46.85,58.0,181.0,4.66,9.98,50.7,32.4,15.1,12.9,84.8,21.3,264.5,76.0,9.44,43.45,73.2,101.0,59.8,89.1,73.2,249.0,48.4,11.85,101.5,119.0,23.25,25.4,84.8,217.5,222.5,34.3,77.8,45.0,11.05,24.85,9.26,16.05,14.5,18.35,244.5,16.95,28.25,9.1,31.8,8.1,9.04,16.9,16.15,50.5,48.25,7.97,18.15,11.85,22.85,11.7,7.83,8.99,17.6,17.1,228.5,53.1,3735.0,30.0,104.5,71.5,102.0,70.8,23.65,113.0,78.8,11.6,63.4,59.6,10.2,37.75,30.85,71.4,43.2,77.3,62.9,63.6,83.9,36.4,54.5,13.95,8.14,56.4,84.2,84.9,85.3,441.0,418.0,458.0,427.0,91.4,107.5,192.5,329.0,39.8,119.0,143.0,86.4,180.0,49.05,95.8,77.1,36.5
34.2,26.4,53.0,75.3,88.2,70.9,9.88,62.4,95.2,23.8,28.95,334.5,123.5,27.4,125.5,245.0,11.8,44.3,32.6,40.1,116.5,38.3,13.25,16.15,24.6,44.75,146.0,412.0,32.3,59.7,47.75,26.6,26.25,361.0,196.5,252.0,47.75,11.3,158.0,32.9,15.4,83.8,18.2,46.85,58.0,181.0,4.66,9.98,50.7,32.4,15.1,12.9,84.8,21.3,264.5,76.0,9.44,43.5,73.2,101.0,59.8,89.3,73.2,249.0,48.5,11.85,102.0,119.0,23.3,25.35,84.7,217.0,223.0,34.35,77.8,45.0,11.05,24.85,9.26,16.05,14.5,18.3,244.5,16.95,28.25,9.1,31.8,8.1,9.05,16.9,16.15,50.5,48.3,7.97,18.15,11.85,22.85,11.7,7.82,8.99,17.6,17.1,228.5,53.2,3735.0,30.0,104.5,71.5,102.0,70.8,23.65,113.0,78.8,11.55,63.5,59.7,10.2,37.75,30.85,71.3,43.25,77.4,62.9,63.6,83.9,36.45,54.5,13.95,8.13,56.4,84.2,84.9,85.3,441.0,418.0,458.0,427.0,91.4,107.5,192.5,329.0,39.8,119.0,143.0,86.4,180.0,49.05,95.8,77.2,36.55
34.2,26.4,53.0,75.3,88.1,70.9,9.88,62.5,95.2,23.8,28.95,334.5,123.5,27.4,125.0,245.5,11.8,44.2,32.6,40.1,116.5,38.3,13.25,16.15,24.55,44.75,146.0,412.0,32.35,59.7,47.75,26.6,26.25,361.0,196.5,252.0,47.75,11.3,158.0,32.9,15.4,83.8,18.2,46.9,58.0,181.0,4.66,9.98,50.7,32.4,15.1,12.9,84.7,21.3,264.5,76.0,9.45,43.5,73.2,101.0,59.8,89.3,73.2,249.0,48.5,11.85,102.0,119.0,23.3,25.4,84.7,217.0,223.0,34.35,77.8,44.9,11.05,24.85,9.26,16.05,14.55,18.3,244.5,16.95,28.25,9.1,31.75,8.1,9.05,16.9,16.15,50.5,48.35,7.97,18.15,11.85,22.85,11.7,7.82,8.99,17.65,17.05,228.5,53.2,3735.0,30.0,105.0,71.5,102.0,70.8,23.65,112.5,78.7,11.55,63.6,59.6,10.2,37.75,30.85,71.4,43.2,77.4,62.9,63.6,83.9,36.45,54.5,13.95,8.12,56.3,84.2,84.9,85.3,441.0,418.0,458.0,426.0,91.5,107.5,192.5,329.0,39.85,119.0,143.0,86.4,180.0,49.05,95.8,77.2,36.55
34.2,26.4,53.0,75.4,88.1,70.9,9.88,62.6,95.2,23.8,28.95,334.5,123.5,27.35,125.0,248.0,11.8,44.15,32.6,40.1,116.5,38.3,13.25,16.2,24.6,44.75,145.5,412.0,32.35,59.7,47.75,26.6,26.25,361.0,196.5,252.0,47.75,11.3,158.0,32.9,15.4,83.9,18.2,46.9,58.0,180.5,4.66,9.98,50.7,32.4,15.05,12.9,84.8,21.3,264.5,76.0,9.45,43.45,73.2,101.0,59.8,89.4,73.2,249.0,48.5,11.85,102.0,119.0,23.3,25.35,84.7,216.5,223.0,34.25,77.8,44.9,11.05,24.85,9.26,16.1,14.55,18.3,244.5,16.95,28.25,9.1,31.8,8.1,9.05,16.9,16.15,50.5,48.35,7.97,18.15,11.85,22.85,11.7,7.83,8.99,17.6,17.1,228.5,53.2,3735.0,29.95,105.0,71.5,102.0,70.8,23.65,112.5,78.7,11.6,63.6,59.6,10.2,37.75,30.85,71.4,43.25,77.4,62.9,63.6,83.9,36.45,54.5,13.95,8.1,56.3,84.2,84.9,85.3,441.0,418.0,458.0,426.5,91.6,108.0,192.5,329.0,39.85,119.0,143.0,86.4,180.0,49.05,95.8,77.2,36.55
34.2,26.4,53.0,75.4,88.1,71.0,9.88,62.6,95.2,23.8,28.95,334.5,123.5,27.35,125.5,248.0,11.8,44.15,32.6,40.1,116.5,38.3,13.25,16.2,24.6,44.75,145.5,412.0,32.4,59.7,47.75,26.6,26.3,361.0,196.5,252.0,47.75,11.3,158.0,32.9,15.4,83.9,18.2,46.9,58.1,181.0,4.66,9.98,50.7,32.4,15.1,12.95,85.0,21.3,264.5,76.0,9.45,43.55,73.2,101.0,59.8,89.5,73.2,248.0,48.45,11.85,102.0,119.0,23.25,25.4,84.7,217.0,223.0,34.3,77.9,44.85,11.05,24.85,9.27,16.1,14.5,18.35,244.5,16.95,28.25,9.08,31.8,8.1,9.05,16.9,16.15,50.6,48.45,7.97,18.15,11.85,22.85,11.65,7.83,9.0,17.6,17.1,228.5,53.2,3735.0,29.95,105.0,71.5,102.0,70.8,23.65,112.5,78.7,11.6,63.7,59.7,10.2,37.75,30.8,71.5,43.25,77.4,62.7,63.7,83.9,36.45,54.5,13.95,8.09,56.3,84.1,84.9,85.3,441.0,418.0,458.0,426.0,91.6,107.5,192.5,329.0,39.85,119.0,143.0,86.4,180.5,48.95,95.7,77.2,36.55
34.2,26.4,53.0,75.4,88.2,71.0,9.88,62.7,95.2,23.8,28.95,334.5,123.5,27.35,125.5,248.0,11.85,44.05,32.6,40.15,116.5,38.3,13.25,16.2,24.6,44.75,145.5,412.0,32.35,59.7,47.7,26.6,26.3,361.0,196.5,252.0,47.8,11.35,157.5,32.9,15.4,84.0,18.25,46.9,58.1,181.0,4.66,9.99,50.8,32.4,15.1,12.95,84.9,21.3,265.0,76.0,9.45,43.55,73.2,101.5,59.8,89.7,73.2,248.0,48.45,11.85,102.0,119.0,23.25,25.4,84.7,217.0,223.0,34.3,77.9,44.9,11.05,24.85,9.27,16.1,14.55,18.35,244.5,16.9,28.25,9.08,31.8,8.1,9.05,16.9,16.15,50.6,48.45,7.97,18.15,11.85,22.8,11.7,7.83,9.0,17.6,17.1,229.0,53.3,3740.0,29.95,105.0,71.5,102.0,70.8,23.65,112.5,78.7,11.6,63.6,59.7,10.2,37.7,30.85,71.4,43.25,77.4,62.7,63.6,83.9,36.45,54.5,13.95,8.11,56.3,84.1,84.8,85.3,441.0,418.0,458.0,426.0,91.5,108.0,192.5,328.5,39.8,119.0,143.0,86.4,180.5,48.95,95.7,77.2,36.55
34.2,26.4,53.0,75.4,88.2,71.0,9.89,62.7,95.2,23.8,28.95,334.5,123.5,27.35,125.5,248.0,11.85,44.0,32.6,40.15,116.5,38.3,13.25,16.15,24.6,44.75,146.0,411.0,32.35,59.7,47.7,26.6,26.25,361.0,196.5,252.0,47.8,11.3,158.0,33.0,15.4,84.0,18.2,46.9,58.1,180.5,4.66,9.98,50.8,32.4,15.15,12.9,85.0,21.3,265.0,76.0,9.45,43.55,73.2,101.5,59.8,89.5,73.2,248.0,48.4,11.85,102.0,119.0,23.3,25.4,84.7,217.5,223.0,34.25,77.8,44.85,11.05,24.85,9.27,16.1,14.5,18.3,244.5,16.95,28.25,9.08,31.8,8.1,9.05,16.9,16.15,50.6,48.45,7.98,18.15,11.85,22.8,11.65,7.83,8.99,17.65,17.1,229.0,53.2,3745.0,29.95,105.0,71.5,102.0,70.8,23.65,112.5,78.7,11.6,63.7,59.6,10.2,37.7,30.8,71.4,43.2,77.4,62.7,63.6,83.9,36.45,54.5,13.95,8.13,56.2,84.1,84.8,85.3,441.0,419.0,458.0,426.0,91.6,107.5,192.5,328.5,39.8,119.0,143.0,86.4,180.5,48.95,95.7,77.2,36.55
34.2,26.4,53.0,75.4,88.2,71.0,9.9,62.6,95.2,23.8,29.0,334.5,123.5,27.35,125.5,247.5,11.8,44.05,32.6,40.15,116.5,38.25,13.25,16.15,24.6,44.8,146.0,411.0,32.4,59.7,47.7,26.6,26.3,361.0,196.5,252.0,47.85,11.3,158.0,33.0,15.45,84.0,18.25,46.9,58.1,181.0,4.66,9.97,50.7,32.4,15.05,12.95,85.0,21.3,265.0,76.0,9.46,43.6,73.3,101.5,59.8,89.5,73.2,248.0,48.4,11.85,102.0,119.0,23.25,25.4,84.7,217.5,223.0,34.25,77.9,44.9,11.1,24.9,9.27,16.1,14.5,18.35,244.5,16.95,28.25,9.08,31.75,8.1,9.05,16.85,16.15,50.5,48.45,7.98,18.15,11.85,22.85,11.7,7.83,8.99,17.6,17.15,228.5,53.3,3745.0,29.95,105.5,71.5,102.0,70.8,23.65,113.0,78.7,11.6,63.7,59.6,10.2,37.75,30.8,71.4,43.25,77.4,62.6,63.7,84.0,36.45,54.5,13.95,8.13,56.3,84.2,84.8,85.3,441.0,419.5,457.5,426.0,91.7,107.5,192.5,330.0,39.85,119.0,143.0,86.4,181.5,48.95,95.6,77.2,36.55
34.2,26.4,53.0,75.4,88.1,70.9,9.9,62.7,95.2,23.85,28.95,334.5,123.5,27.35,125.5,247.5,11.8,44.1,32.6,40.15,116.5,38.2,13.25,16.15,24.6,44.8,146.0,410.0,32.4,59.7,47.7,26.6,26.3,361.0,196.5,252.0,47.8,11.3,158.0,33.0,15.4,84.0,18.25,46.9,58.2,180.5,4.66,9.97,50.7,32.4,15.05,12.95,85.0,21.3,265.0,76.0,9.46,43.65,73.3,101.5,59.8,89.6,73.1,248.0,48.4,11.85,101.5,119.0,23.25,25.45,84.7,217.5,223.0,34.25,78.0,44.85,11.05,24.9,9.26,16.1,14.5,18.35,244.5,16.95,28.25,9.08,31.75,8.1,9.05,16.85,16.15,50.6,48.45,7.98,18.1,11.85,22.85,11.7,7.84,8.99,17.6,17.15,228.5,53.3,3745.0,29.95,105.5,71.5,102.0,71.0,23.65,112.5,78.7,11.6,63.7,59.7,10.2,37.7,30.75,71.4,43.25,77.3,62.3,63.7,84.0,36.45,54.5,13.95,8.11,56.3,84.2,84.8,85.3,441.0,419.5,457.5,425.5,91.7,108.0,192.5,330.0,39.8,119.0,143.0,86.4,181.5,48.95,95.5,77.2,36.6
34.2,26.4,52.9,75.4,88.2,70.9,9.92,62.6,95.2,23.85,28.95,334.5,123.0,27.35,125.5,247.5,11.8,44.0,32.6,40.15,116.5,38.2,13.25,16.15,24.6,44.8,146.0,411.0,32.4,59.7,47.7,26.6,26.3,361.0,196.5,252.0,47.8,11.3,157.5,32.95,15.45,84.0,18.25,46.9,58.2,180.5,4.66,9.98,50.7,32.4,15.1,12.9,85.0,21.3,264.5,76.0,9.46,43.75,73.3,101.0,59.8,89.7,73.1,248.0,48.4,11.85,101.5,119.0,23.3,25.45,84.7,217.5,223.0,34.3,78.0,44.9,11.05,24.9,9.26,16.1,14.5,18.35,244.5,16.95,28.25,9.08,31.8,8.1,9.05,16.85,16.1,50.6,48.5,7.98,18.15,11.85,22.85,11.7,7.83,8.99,17.65,17.1,228.5,53.2,3750.0,29.95,105.5,71.5,102.0,71.0,23.65,112.0,78.7,11.55,63.8,59.6,10.2,37.7,30.8,71.4,43.25,77.4,62.3,63.6,84.0,36.45,54.5,13.95,8.11,56.4,84.2,84.8,85.3,441.0,419.5,457.5,425.0,91.7,107.5,192.5,331.0,39.85,119.0,143.0,86.5,181.5,49.0,95.3,77.3,36.6
34.2,26.35,52.9,75.4,88.2,70.9,9.92,62.7,95.2,23.85,28.95,334.5,123.0,27.4,125.5,248.0,11.8,44.0,32.6,40.1,116.5,38.2,13.25,16.2,24.6,44.8,146.0,411.0,32.4,59.7,47.7,26.6,26.3,361.0,196.5,252.0,47.8,11.3,158.0,32.95,15.45,84.0,18.25,46.9,58.2,180.5,4.65,9.98,50.8,32.4,15.1,12.95,85.0,21.35,264.5,76.0,9.46,43.7,73.3,101.5,59.8,89.5,73.1,248.0,48.4,11.85,101.5,118.5,23.35,25.45,84.7,217.0,223.0,34.3,78.0,44.85,11.05,24.85,9.27,16.1,14.55,18.4,244.5,16.95,28.25,9.08,31.8,8.1,9.05,16.9,16.1,50.5,48.45,7.98,18.15,11.85,22.85,11.7,7.83,8.99,17.6,17.15,228.5,53.2,3750.0,29.95,105.0,71.5,102.0,71.0,23.65,112.0,78.7,11.55,63.8,59.6,10.2,37.7,30.8,71.4,43.3,77.4,62.3,63.7,83.9,36.45,54.5,13.95,8.11,56.5,84.2,84.8,85.3,441.0,419.5,457.5,425.0,91.7,108.0,192.5,331.0,39.8,119.5,143.0,86.5,181.5,48.95,95.4,77.3,36.6
34.2,26.35,53.0,75.4,88.2,71.0,9.91,62.6,95.2,23.9,28.95,334.5,123.0,27.4,126.0,248.0,11.8,43.95,32.6,40.1,116.5,38.2,13.25,16.15,24.6,44.75,146.0,411.0,32.4,59.7,47.7,26.6,26.35,361.0,196.5,252.0,47.8,11.35,158.0,33.0,15.45,84.0,18.2,46.9,58.1,180.5,4.65,9.98,50.8,32.45,15.1,12.95,85.1,21.35,264.5,76.0,9.47,43.7,73.3,101.5,59.8,89.5,73.2,248.0,48.4,11.85,102.0,118.5,23.4,25.45,84.7,217.5,223.0,34.3,78.0,44.85,11.05,24.85,9.26,16.1,14.55,18.4,244.5,16.95,28.25,9.08,31.8,8.1,9.05,16.9,16.1,50.5,48.45,7.98,18.15,11.85,22.85,11.7,7.84,8.99,17.6,17.15,228.5,53.3,3755.0,29.95,105.0,71.5,102.0,71.0,23.65,112.0,78.7,11.55,63.8,59.6,10.2,37.7,30.85,71.4,43.3,77.4,62.3,63.7,83.9,36.45,54.5,13.95,8.11,56.5,84.2,84.9,85.3,441.0,420.0,458.0,425.0,91.5,108.0,192.5,331.5,39.85,119.5,143.0,86.5,181.5,48.95,95.3,77.4,36.65
34.25,26.35,53.0,75.4,88.3,71.1,9.91,62.7,95.1,23.95,28.95,334.5,123.0,27.4,126.5,248.0,11.8,43.95,32.6,40.1,116.5,38.2,13.25,16.15,24.65,44.75,146.0,411.0,32.45,59.7,47.7,26.6,26.35,361.0,196.5,251.5,47.8,11.3,158.0,32.95,15.45,84.0,18.25,46.9,58.1,181.0,4.65,9.98,50.7,32.45,15.1,12.95,85.2,21.35,264.5,76.0,9.46,43.7,73.3,101.5,59.8,89.3,73.2,248.0,48.35,11.85,102.0,118.5,23.35,25.45,84.7,217.5,223.0,34.3,78.1,44.85,11.05,24.85,9.26,16.1,14.55,18.35,244.5,17.0,28.25,9.08,31.8,8.1,9.05,16.9,16.1,50.6,48.5,7.98,18.15,11.85,22.85,11.7,7.84,9.0,17.6,17.15,228.5,53.2,3760.0,29.95,105.5,71.5,102.5,71.0,23.65,112.0,78.7,11.6,63.7,59.7,10.2,37.7,30.85,71.4,43.3,77.4,62.3,63.7,83.9,36.45,54.5,13.95,8.12,56.5,84.2,84.9,85.3,441.0,420.0,458.0,425.0,91.5,108.0,192.5,332.0,39.85,119.5,143.0,86.5,181.5,49.0,95.3,77.4,36.65
34.25,26.35,53.0,75.4,88.3,71.0,9.92,62.7,95.2,23.95,28.95,334.5,123.0,27.5,126.0,248.0,11.8,43.95,32.65,40.1,116.5,38.3,13.25,16.2,24.65,44.75,146.0,411.0,32.45,59.8,47.7,26.55,26.35,359.5,196.5,251.5,47.8,11.35,158.0,33.0,15.4,84.0,18.25,46.9,58.1,181.0,4.65,10.0,50.7,32.45,15.1,12.95,85.2,21.35,264.5,76.0,9.47,43.75,73.4,101.5,59.9,89.5,73.3,248.0,48.4,11.85,102.0,118.5,23.35,25.5,84.7,217.5,223.0,34.3,78.1,44.95,11.05,24.85,9.26,16.1,14.6,18.35,244.5,17.0,28.25,9.08,31.8,8.1,9.05,16.9,16.1,50.6,48.45,7.98,18.15,11.85,22.8,11.7,7.84,9.0,17.6,17.15,228.5,53.2,3765.0,29.95,105.0,71.5,102.5,71.0,23.65,112.5,78.6,11.6,63.7,59.7,10.2,37.7,30.9,71.4,43.35,77.5,62.3,63.7,84.1,36.45,54.6,13.95,8.13,56.5,84.3,84.9,85.3,441.0,420.0,458.0,424.5,91.5,108.0,192.5,331.5,39.85,119.5,143.0,86.5,181.5,49.0,95.2,77.4,36.7
34.25,26.35,52.9,75.4,88.3,71.0,9.91,62.7,95.3,23.95,28.95,334.5,123.0,27.55,126.5,248.0,11.8,44.0,32.65,40.1,116.5,38.3,13.25,16.2,24.7,44.75,146.0,411.0,32.4,59.8,47.7,26.55,26.35,359.5,196.5,251.5,47.8,11.35,158.0,33.0,15.4,84.0,18.25,46.9,58.1,181.0,4.65,10.0,50.9,32.45,15.1,12.95,85.2,21.3,264.5,76.0,9.47,43.65,73.4,101.5,59.9,89.5,73.3,248.0,48.45,11.9,102.0,118.5,23.35,25.45,84.7,217.5,223.0,34.35,78.1,45.0,11.05,24.85,9.26,16.1,14.55,18.35,244.5,17.0,28.25,9.08,31.8,8.11,9.05,16.9,16.1,50.7,48.45,7.98,18.15,11.85,22.85,11.7,7.84,9.0,17.6,17.15,228.5,53.2,3760.0,29.95,105.0,71.6,102.5,71.0,23.65,112.5,78.6,11.55,63.7,59.7,10.2,37.75,30.9,71.4,43.4,77.5,62.3,63.7,84.1,36.45,54.6,14.0,8.12,56.4,84.3,84.9,85.3,441.0,420.5,458.0,424.0,91.5,108.0,192.5,331.5,39.8,119.5,143.0,86.5,182.0,49.0,95.5,77.4,36.7
34.25,26.35,53.0,75.4,88.3,71.0,9.9,62.6,95.4,23.95,28.95,334.5,123.5,27.55,126.5,248.0,11.8,44.05,32.65,40.15,116.5,38.3,13.3,16.15,24.7,44.75,146.0,410.0,32.4,59.8,47.7,26.55,26.35,359.5,196.5,251.5,47.85,11.35,158.0,33.0,15.45,84.0,18.25,46.95,58.1,181.0,4.66,9.99,50.9,32.45,15.1,12.95,85.1,21.35,264.5,76.0,9.47,43.65,73.3,101.5,59.9,89.5,73.4,248.0,48.45,11.85,101.5,119.0,23.35,25.45,84.8,217.5,223.0,34.35,78.1,45.0,11.05,24.85,9.26,16.1,14.55,18.35,244.5,17.0,28.25,9.08,31.8,8.11,9.05,16.9,16.1,50.8,48.5,7.99,18.1,11.85,22.8,11.7,7.84,9.0,17.6,17.15,228.5,53.3,3750.0,30.0,105.5,71.6,102.5,71.0,23.65,112.5,78.5,11.55,63.7,59.7,10.2,37.75,30.9,71.4,43.4,77.5,62.3,63.7,84.4,36.45,54.6,14.0,8.12,56.5,84.3,84.9,85.3,441.0,420.5,458.0,423.0,91.4,108.5,192.5,331.5,39.8,119.5,143.0,86.5,182.0,49.0,95.5,77.4,36.65
34.25,26.35,53.0,75.4,88.3,71.0,9.9,62.7,95.3,23.95,28.95,334.5,123.5,27.55,126.0,248.0,11.85,44.1,32.6,40.15,116.5,38.3,13.3,16.15,24.7,44.75,146.0,412.0,32.4,59.8,47.7,26.55,26.3,359.5,196.5,251.0,47.85,11.35,158.0,33.0,15.45,84.0,18.25,46.95,58.1,181.0,4.66,10.0,50.8,32.45,15.05,13.0,85.2,21.35,264.5,76.0,9.45,43.7,73.4,101.5,59.9,89.7,73.4,248.0,48.45,11.85,102.0,119.0,23.35,25.45,84.8,217.5,223.0,34.35,78.2,45.05,11.05,24.85,9.27,16.15,14.55,18.35,244.0,17.0,28.25,9.08,31.8,8.11,9.05,16.9,16.1,50.9,48.55,7.99,18.1,11.85,22.85,11.7,7.84,9.0,17.6,17.15,228.5,53.3,3750.0,30.0,105.0,71.7,102.5,71.0,23.65,112.5,78.5,11.6,63.7,59.6,10.2,37.8,30.9,71.4,43.35,77.5,62.3,63.7,84.4,36.45,54.6,13.95,8.13,56.4,84.3,84.9,85.3,441.0,420.0,458.0,424.0,91.5,109.0,192.5,331.5,39.85,119.5,143.0,86.5,182.0,49.0,95.6,77.4,36.65
34.3,26.35,53.0,75.4,88.3,71.1,9.9,62.6,95.4,23.9,28.95,334.5,123.5,27.55,126.0,248.0,11.8,44.1,32.6,40.15,116.5,38.3,13.3,16.15,24.7,44.75,146.0,412.0,32.4,59.8,47.7,26.55,26.3,360.5,196.5,251.0,47.8,11.4,158.0,32.95,15.45,84.0,18.25,46.95,58.2,181.0,4.67,10.0,50.8,32.45,15.1,12.95,85.2,21.35,265.0,75.8,9.45,43.7,73.6,101.0,59.9,89.7,73.4,248.0,48.5,11.85,101.5,118.5,23.35,25.5,84.8,217.5,223.0,34.3,78.2,45.05,11.05,24.85,9.27,16.15,14.55,18.35,244.0,17.0,28.25,9.08,31.85,8.11,9.05,16.9,16.1,50.9,48.55,7.98,18.1,11.85,22.85,11.7,7.85,9.01,17.65,17.15,228.5,53.3,3750.0,30.0,105.5,71.6,102.5,71.0,23.65,113.0,78.5,11.6,63.6,59.7,10.2,37.8,30.9,71.4,43.35,77.5,62.3,63.7,84.4,36.45,54.5,13.95,8.14,56.4,84.2,84.9,85.3,441.0,420.5,458.0,423.0,91.6,108.5,192.5,331.5,39.85,119.5,143.0,86.5,182.0,48.95,95.6,77.4,36.65
34.3,26.35,53.0,75.4,88.3,71.1,9.9,62.7,95.4,23.9,28.95,334.5,123.5,27.6,126.0,248.0,11.8,44.1,32.6,40.15,116.5,38.3,13.3,16.15,24.7,44.75,146.0,412.0,32.4,59.8,47.7,26.55,26.3,360.5,196.5,251.0,47.85,11.4,158.0,33.0,15.45,83.9,18.25,46.95,58.1,180.5,4.67,10.0,50.8,32.45,15.1,13.0,85.2,21.35,265.0,75.8,9.45,43.7,73.6,101.5,59.9,89.6,73.5,248.0,48.5,11.85,102.0,118.5,23.35,25.5,84.8,217.5,223.0,34.35,78.2,45.05,11.05,24.85,9.27,16.15,14.55,18.35,244.0,16.95,28.3,9.08,31.85,8.11,9.05,16.9,16.15,51.0,48.6,7.99,18.15,11.9,22.85,11.75,7.84,9.01,17.65,17.15,228.5,53.3,3745.0,30.0,105.5,71.6,102.5,71.0,23.7,113.0,78.5,11.6,63.6,59.7,10.2,37.75,30.85,71.4,43.3,77.5,62.3,63.8,84.4,36.5,54.6,13.95,8.14,56.4,84.2,84.9,85.3,441.0,420.5,458.0,423.0,91.6,108.5,192.5,331.5,39.85,119.5,143.0,86.5,182.0,49.0,95.5,77.4,36.65
34.3,26.35,53.0,75.4,88.3,71.0,9.9,62.7,95.4,23.9,28.95,334.5,123.5,27.55,126.0,248.0,11.8,44.1,32.65,40.1,116.0,38.25,13.3,16.1,24.75,44.75,146.0,412.0,32.4,59.8,47.7,26.55,26.3,360.5,196.5,251.0,47.8,11.35,158.0,33.0,15.45,84.0,18.25,46.95,58.1,181.0,4.67,10.0,50.8,32.45,15.1,12.95,85.2,21.3,265.0,75.8,9.45,43.65,73.6,101.5,59.9,89.5,73.5,248.0,48.5,11.85,102.0,118.5,23.35,25.5,84.7,217.0,223.0,34.35,78.2,45.1,11.05,24.85,9.26,16.15,14.55,18.35,244.0,16.95,28.3,9.08,31.85,8.11,9.05,16.9,16.15,51.0,48.65,7.98,18.15,11.85,22.85,11.7,7.84,9.01,17.6,17.15,228.5,53.2,3745.0,30.0,105.0,71.5,102.5,71.0,23.65,113.0,78.5,11.55,63.6,59.7,10.2,37.8,30.85,71.4,43.3,77.5,62.3,63.9,84.3,36.5,54.6,13.95,8.14,56.4,84.2,85.0,85.3,441.0,420.0,458.0,423.0,91.5,108.0,192.5,331.5,39.85,119.5,143.0,86.5,182.0,49.0,95.6,77.4,36.65
34.3,26.35,53.0,75.4,88.3,71.1,9.9,62.7,95.4,23.9,28.95,334.5,123.5,27.55,126.0,248.0,11.8,44.15,32.65,40.1,116.0,38.25,13.3,16.1,24.7,44.75,146.0,412.0,32.4,59.8,47.7,26.55,26.35,360.5,196.5,251.0,47.8,11.35,158.0,33.0,15.45,84.0,18.25,46.9,58.1,181.0,4.67,10.0,50.7,32.45,15.1,12.95,85.1,21.3,265.0,75.8,9.45,43.7,73.7,101.5,59.9,89.5,73.6,248.0,48.45,11.85,102.0,119.0,23.35,25.5,84.7,217.5,223.0,34.4,78.2,45.05,11.05,24.85,9.27,16.15,14.55,18.35,244.0,16.95,28.3,9.08,31.8,8.11,9.05,16.9,16.15,50.9,48.65,7.98,18.1,11.85,22.85,11.7,7.84,9.01,17.6,17.15,228.5,53.2,3745.0,29.95,105.5,71.5,102.0,71.0,23.65,112.5,78.5,11.6,63.6,59.7,10.2,37.75,30.85,71.4,43.4,77.5,62.3,63.9,84.3,36.5,54.5,13.95,8.14,56.5,84.1,85.0,85.3,441.0,420.5,458.0,423.0,91.5,108.5,192.5,331.5,39.85,119.5,143.0,86.5,182.0,49.0,95.5,77.4,36.65
34.25,26.35,53.0,75.4,88.2,71.1,9.9,62.6,95.4,23.9,28.95,334.5,123.5,27.6,126.0,248.0,11.85,44.15,32.65,40.1,116.0,38.25,13.3,16.1,24.7,44.75,146.0,412.0,32.4,59.8,47.7,26.55,26.35,360.5,196.5,251.0,47.85,11.35,158.0,33.0,15.45,83.9,18.25,46.9,58.1,181.0,4.67,9.99,50.7,32.4,15.1,12.95,85.1,21.3,265.0,75.8,9.45,43.65,73.6,101.5,59.9,89.5,73.6,248.0,48.5,11.85,101.5,119.0,23.35,25.5,84.7,217.0,223.0,34.35,78.0,45.05,11.05,24.85,9.26,16.15,14.55,18.35,244.0,17.0,28.3,9.08,31.85,8.11,9.05,16.9,16.15,50.9,48.7,7.98,18.15,11.85,22.85,11.7,7.84,9.0,17.65,17.15,228.5,53.2,3745.0,30.0,105.5,71.5,102.0,71.0,23.65,113.0,78.5,11.55,63.5,59.7,10.2,37.75,30.85,71.4,43.4,77.6,62.3,63.9,84.4,36.5,54.5,13.95,8.14,56.5,84.1,85.0,85.3,441.0,420.5,459.0,423.0,91.5,108.0,192.5,331.5,39.85,119.5,143.0,86.5,181.5,49.0,95.5,77.5,36.65
34.25,26.35,53.0,75.4,88.3,71.2,9.9,62.7,95.4,23.95,28.95,334.5,123.5,27.55,126.0,248.5,11.85,44.15,32.65,40.1,116.0,38.25,13.3,16.15,24.7,44.75,146.0,411.5,32.4,59.8,47.7,26.55,26.35,360.5,196.5,251.0,47.8,11.35,158.0,33.0,15.4,83.9,18.25,46.9,58.1,181.0,4.67,9.99,50.7,32.4,15.15,13.0,85.1,21.35,265.5,75.8,9.45,43.7,73.6,101.5,59.9,89.6,73.6,248.0,48.45,11.85,102.0,118.5,23.35,25.45,84.7,217.5,223.5,34.35,78.0,45.0,11.05,24.85,9.26,16.1,14.55,18.35,244.0,17.0,28.3,9.08,31.85,8.11,9.05,16.9,16.15,51.0,48.65,7.98,18.15,11.85,22.85,11.7,7.84,9.0,17.65,17.15,228.5,53.2,3745.0,30.0,105.0,71.5,102.0,71.0,23.7,112.5,78.5,11.55,63.5,59.7,10.2,37.75,30.8,71.4,43.4,77.6,62.3,63.8,84.4,36.5,54.5,14.0,8.13,56.4,84.1,84.9,85.3,441.0,420.5,459.0,425.0,91.5,108.5,192.5,331.5,39.85,119.5,142.5,86.5,181.5,49.0,95.5,77.3,36.65
34.3,26.35,53.0,75.4,88.3,71.2,9.91,62.7,95.5,23.95,28.95,334.5,123.5,27.55,125.5,248.5,11.85,44.2,32.65,40.1,116.0,38.25,13.3,16.15,24.7,44.75,146.0,411.5,32.4,59.8,47.7,26.55,26.35,360.5,196.5,251.0,47.8,11.35,158.0,33.0,15.4,84.0,18.25,46.9,58.1,181.0,4.67,9.99,50.8,32.4,15.15,12.95,85.3,21.35,265.5,75.8,9.44,43.6,73.6,101.5,59.9,89.6,73.6,248.0,48.45,11.85,102.0,119.0,23.35,25.45,84.7,217.5,223.5,34.3,78.2,45.0,11.1,24.85,9.26,16.1,14.55,18.35,243.5,17.0,28.3,9.08,31.85,8.11,9.05,16.9,16.2,51.0,48.7,7.98,18.15,11.85,22.85,11.7,7.84,9.0,17.65,17.15,228.5,53.2,3745.0,30.0,105.5,71.5,102.5,71.0,23.7,112.5,78.5,11.55,63.5,59.6,10.2,37.75,30.8,71.4,43.4,77.7,62.3,63.9,84.5,36.5,54.6,14.0,8.13,56.4,84.1,84.8,85.3,441.0,420.5,460.5,425.0,91.5,108.5,192.5,331.0,39.85,119.5,142.5,86.5,181.5,48.95,95.5,77.2,36.6
34.25,26.35,53.0,75.4,88.3,71.0,9.9,62.7,95.4,23.9,28.95,334.5,123.5,27.55,125.5,248.0,11.8,44.15,32.65,40.1,116.0,38.2,13.3,16.2,24.7,44.75,146.0,411.0,32.4,59.8,47.7,26.55,26.35,360.5,196.5,251.0,47.85,11.35,158.0,32.95,15.45,84.0,18.25,46.9,58.1,180.5,4.66,9.99,50.7,32.4,15.1,12.95,85.3,21.3,265.0,75.8,9.44,43.6,73.6,101.0,59.8,89.6,73.6,247.5,48.45,11.85,102.0,118.5,23.35,25.45,84.7,217.0,223.5,34.35,78.1,45.0,11.05,24.85,9.26,16.1,14.55,18.35,243.5,16.95,28.3,9.2,31.85,8.11,9.05,16.9,16.15,50.9,48.7,7.98,18.15,11.85,22.85,11.7,7.84,9.0,17.65,17.15,228.5,53.2,3745.0,30.0,105.5,71.5,102.0,70.6,23.7,113.0,78.5,11.6,63.5,59.6,10.25,37.8,30.8,71.4,43.4,77.7,62.3,64.0,84.5,36.5,54.5,14.0,8.13,56.4,84.1,84.8,85.2,441.5,420.5,460.5,425.0,91.4,108.5,192.5,331.0,39.85,120.0,142.5,86.5,182.0,48.95,95.4,77.2,36.6
34.25,26.35,53.0,75.4,88.2,71.0,9.9,62.7,95.3,23.9,28.95,334.5,123.5,27.55,125.5,248.0,11.8,44.15,32.6,40.1,116.0,38.2,13.3,16.15,24.7,44.75,146.0,411.0,32.45,59.8,47.7,26.55,26.3,360.5,196.5,251.0,47.85,11.35,158.0,33.0,15.45,83.9,18.25,46.95,58.1,181.0,4.66,10.0,50.7,32.4,15.15,12.95,85.3,21.3,265.5,75.8,9.44,43.7,73.5,101.0,59.8,89.5,73.6,247.5,48.45,11.85,102.0,119.0,23.35,25.5,84.7,217.0,223.0,34.35,78.1,45.0,11.05,24.85,9.26,16.1,14.55,18.4,243.5,17.0,28.25,9.16,31.9,8.1,9.05,16.9,16.15,50.9,48.75,7.98,18.1,11.85,22.85,11.7,7.85,9.0,17.65,17.15,228.5,53.2,3745.0,30.0,105.0,71.5,102.0,70.7,23.65,112.5,78.5,11.6,63.5,59.6,10.3,37.75,30.8,71.3,43.4,77.6,62.3,63.8,84.6,36.5,54.5,13.95,8.13,56.4,84.0,84.8,85.2,441.5,420.5,460.5,425.0,91.4,108.5,192.5,330.5,39.85,120.0,143.0,86.5,182.0,49.0,95.4,77.2,36.6
34.25,26.35,53.0,75.4,88.3,71.1,9.9,62.7,95.4,23.9,28.95,334.5,123.5,27.55,125.5,248.5,11.85,44.1,32.6,40.1,116.0,38.2,13.3,16.2,24.65,44.75,146.0,410.0,32.45,59.8,47.7,26.55,26.35,360.5,196.5,251.0,47.8,11.35,158.0,32.95,15.4,83.9,18.3,46.95,58.1,180.5,4.66,9.98,50.7,32.4,15.15,12.95,85.3,21.35,265.0,75.8,9.44,43.7,73.5,101.5,59.8,89.5,73.6,247.5,48.4,11.85,102.0,119.0,23.35,25.45,84.7,217.0,223.0,34.35,78.1,45.0,11.1,24.8,9.26,16.1,14.55,18.4,243.5,17.0,28.25,9.16,31.9,8.1,9.05,16.9,16.2,50.8,48.75,7.98,18.15,11.85,22.85,11.7,7.84,9.0,17.65,17.15,228.5,53.2,3745.0,30.0,105.0,71.5,102.0,70.7,23.7,112.5,78.5,11.55,63.5,59.6,10.3,37.8,30.75,71.4,43.4,77.7,62.3,63.8,84.6,36.5,54.5,14.0,8.13,56.4,84.0,84.8,85.2,441.5,420.5,460.5,425.0,91.5,108.5,192.5,331.0,39.85,120.0,143.0,86.5,182.0,49.0,95.4,77.2,36.6
34.25,26.35,53.0,75.4,88.3,71.1,9.91,62.6,95.4,23.9,28.95,334.5,124.0,27.5,125.5,248.5,11.85,44.1,32.6,40.05,116.0,38.2,13.3,16.2,24.65,44.75,146.0,411.0,32.45,59.8,47.7,26.55,26.3,360.5,196.5,251.0,47.8,11.35,158.0,32.95,15.45,84.0,18.3,46.95,58.1,180.5,4.67,9.98,50.7,32.4,15.1,12.95,85.3,21.35,265.5,75.8,9.45,43.7,73.5,101.5,59.8,89.6,73.6,247.5,48.45,11.85,102.0,119.0,23.35,25.45,84.7,217.0,223.0,34.35,78.2,45.05,11.1,24.8,9.26,16.1,14.55,18.4,243.5,17.0,28.25,9.16,31.9,8.1,9.05,16.9,16.2,50.9,48.75,7.98,18.15,11.8,22.85,11.7,7.84,9.0,17.65,17.1,228.5,53.2,3750.0,30.0,105.5,71.5,102.5,70.7,23.7,112.5,78.5,11.6,63.4,59.6,10.3,37.8,30.8,71.4,43.4,77.6,62.3,63.9,84.6,36.5,54.5,14.0,8.11,56.4,84.0,84.8,85.2,441.5,420.5,460.5,425.0,91.5,108.5,192.5,329.5,39.85,120.0,143.0,86.5,182.0,49.0,95.4,77.2,36.65
34.25,26.35,53.0,75.4,88.3,71.1,9.91,62.5,95.4,23.95,28.95,334.5,124.0,27.5,125.5,248.5,11.85,44.05,32.6,40.05,116.0,38.2,13.3,16.15,24.65,44.75,146.0,411.0,32.45,59.8,47.7,26.55,26.3,360.5,196.5,251.0,47.85,11.35,158.0,33.0,15.45,84.0,18.3,46.9,58.1,181.0,4.66,10.0,50.7,32.4,15.15,12.95,85.2,21.35,265.5,75.8,9.48,43.7,73.5,101.5,59.8,89.5,73.6,247.5,48.45,11.85,101.5,119.0,23.3,25.45,84.8,216.5,223.0,34.35,78.2,44.95,11.1,24.85,9.26,16.1,14.55,18.4,243.5,17.0,28.25,9.14,31.9,8.1,9.05,16.9,16.15,50.9,48.75,7.98,18.15,11.85,22.85,11.7,7.84,8.99,17.65,17.1,228.5,53.2,3750.0,30.0,105.0,71.5,102.5,70.7,23.65,112.5,78.6,11.55,63.4,59.6,10.3,37.8,30.75,71.4,43.4,77.6,62.3,63.9,84.7,36.5,54.5,13.95,8.12,56.4,84.0,84.8,85.2,441.5,420.0,460.5,425.0,91.5,108.5,192.5,329.5,39.85,120.0,143.0,86.5,182.0,49.0,95.4,77.2,36.65
34.25,26.35,53.0,75.4,88.3,71.1,9.9,62.5,95.4,23.95,28.95,334.5,124.0,27.55,125.5,248.5,11.85,44.05,32.6,40.05,116.0,38.25,13.3,16.2,24.65,44.75,146.0,411.0,32.45,59.8,47.7,26.55,26.3,360.5,196.5,251.0,47.85,11.4,158.0,33.0,15.45,84.0,18.25,46.9,58.0,181.0,4.66,10.0,50.7,32.45,15.15,13.0,85.2,21.35,265.5,75.8,9.51,43.7,73.5,101.5,59.9,89.4,73.6,247.5,48.4,11.85,102.0,119.0,23.3,25.45,84.8,217.0,223.0,34.4,78.2,45.0,11.1,24.8,9.26,16.1,14.55,18.35,243.5,16.95,28.3,9.14,31.9,8.11,9.05,16.9,16.2,50.8,48.75,7.98,18.15,11.85,22.85,11.7,7.84,9.0,17.65,17.1,228.5,53.2,3750.0,30.0,105.5,71.5,102.0,70.7,23.7,112.5,78.6,11.55,63.4,59.6,10.3,37.75,30.75,71.4,43.4,77.6,62.3,63.9,85.2,36.5,54.5,13.95,8.13,56.4,84.0,84.8,85.2,441.5,420.0,460.5,425.0,91.5,108.0,192.5,329.5,39.85,119.5,143.0,86.5,182.0,49.0,95.4,77.2,36.65
34.3,26.35,53.0,75.4,88.2,71.0,9.91,62.6,95.4,23.9,28.95,334.5,124.0,27.55,126.0,248.5,11.8,44.0,32.55,40.05,116.5,38.25,13.3,16.15,24.65,44.75,146.0,411.0,32.45,59.8,47.7,26.5,26.3,360.5,196.5,251.0,47.8,11.35,158.0,32.95,15.45,83.9,18.25,46.9,58.0,181.0,4.66,10.0,50.7,32.4,15.15,12.95,85.3,21.35,265.0,75.8,9.51,43.7,73.4,101.5,59.8,89.5,73.6,247.5,48.45,11.8,101.5,119.0,23.35,25.45,84.8,216.5,223.0,34.3,78.2,45.0,11.05,24.8,9.25,16.15,14.55,18.35,243.5,17.0,28.3,9.1,31.85,8.1,9.05,16.9,16.15,50.8,48.8,7.98,18.1,11.85,22.85,11.7,7.84,9.0,17.65,17.1,228.5,53.2,3750.0,30.0,105.5,71.5,102.0,70.7,23.65,112.5,78.6,11.55,63.3,59.6,10.3,37.75,30.75,71.4,43.4,77.6,62.3,63.9,86.2,36.5,54.5,13.95,8.13,56.4,83.9,84.7,85.2,441.5,420.0,460.5,425.0,91.5,108.0,192.5,329.5,39.85,119.5,143.0,86.5,182.0,49.0,95.2,77.2,36.55
34.25,26.4,52.9,75.4,88.2,71.0,9.91,62.4,95.3,23.9,28.95,334.5,124.0,27.55,126.0,248.5,11.8,43.95,32.6,40.05,116.5,38.25,13.3,16.15,24.65,44.75,146.0,411.0,32.5,59.8,47.7,26.5,26.3,360.5,196.5,250.5,47.8,11.35,158.0,32.95,15.45,83.9,18.3,46.9,58.0,181.0,4.66,10.0,50.7,32.4,15.1,12.95,85.3,21.35,265.0,75.8,9.51,43.65,73.4,101.5,59.8,89.5,73.6,247.5,48.5,11.85,102.0,119.0,23.35,25.45,84.8,216.5,223.0,34.3,78.2,45.0,11.05,24.75,9.26,16.15,14.55,18.35,243.5,17.0,28.3,9.14,31.9,8.1,9.05,16.9,16.15,50.8,48.75,7.98,18.15,11.85,22.8,11.7,7.84,9.0,17.65,17.1,228.5,53.2,3750.0,30.0,105.0,71.6,102.0,70.7,23.7,112.5,78.6,11.55,63.3,59.6,10.25,37.8,30.75,71.4,43.4,77.7,62.3,64.0,85.7,36.45,54.5,13.95,8.13,56.4,83.9,84.7,85.2,441.5,420.0,460.5,424.0,91.6,108.5,192.5,329.5,39.85,119.5,143.0,86.5,182.5,49.0,95.4,77.2,36.65
34.25,26.35,53.0,75.5,88.2,71.0,9.91,62.6,95.4,23.9,28.95,334.5,124.0,27.55,126.0,248.5,11.8,43.95,32.6,40.1,116.5,38.25,13.25,16.1,24.65,44.75,146.0,410.5,32.5,59.8,47.7,26.5,26.3,360.5,196.5,250.0,47.8,11.35,158.0,32.95,15.45,84.0,18.3,46.9,58.0,181.0,4.66,10.0,50.6,32.4,15.1,12.95,85.3,21.35,265.0,75.8,9.5,43.65,73.3,101.5,59.8,89.4,73.6,247.5,48.45,11.85,101.5,119.0,23.4,25.5,84.8,216.5,223.5,34.3,78.2,45.0,11.05,24.75,9.26,16.1,14.55,18.4,243.5,17.0,28.3,9.14,31.85,8.1,9.06,16.85,16.15,50.8,48.7,7.98,18.15,11.85,22.85,11.7,7.84,8.99,17.65,17.15,228.5,53.2,3750.0,30.0,105.5,71.6,102.0,70.6,23.65,112.5,78.6,11.55,63.3,59.5,10.3,37.75,30.75,71.4,43.4,77.6,62.0,63.9,85.6,36.45,54.5,13.95,8.12,56.4,83.9,84.7,85.3,441.5,420.0,460.5,424.0,91.6,108.0,192.5,329.5,39.85,119.5,143.0,86.5,182.5,49.0,95.4,77.2,36.65
34.3,26.35,53.0,75.5,88.2,71.1,9.9,62.6,95.4,23.9,28.95,334.5,124.0,27.55,126.0,249.0,11.85,44.0,32.6,40.1,116.5,38.25,13.25,16.15,24.65,44.75,146.0,411.0,32.45,59.8,47.75,26.5,26.3,360.5,196.5,250.0,47.8,11.35,158.0,32.95,15.45,84.0,18.3,46.95,58.1,181.0,4.66,10.0,50.7,32.4,15.15,12.95,85.3,21.35,265.0,75.8,9.5,43.7,73.2,101.5,59.9,89.5,73.6,247.5,48.45,11.85,102.0,119.0,23.4,25.45,84.8,217.0,223.5,34.3,78.2,44.95,11.05,24.8,9.26,16.1,14.55,18.4,243.5,17.0,28.3,9.14,31.85,8.1,9.06,16.85,16.15,50.8,48.75,7.97,18.15,11.85,22.8,11.75,7.83,9.0,17.6,17.15,228.5,53.2,3750.0,30.0,105.5,71.6,102.5,70.6,23.7,113.0,78.6,11.55,63.3,59.5,10.3,37.8,30.75,71.4,43.45,77.7,62.0,63.9,86.0,36.45,54.5,13.95,8.11,56.4,83.9,84.7,85.3,441.5,419.5,460.5,425.0,91.6,108.5,192.5,329.5,39.85,120.0,143.0,86.5,182.5,49.05,95.3,77.2,36.65
34.25,26.35,53.0,75.5,88.2,71.1,9.9,62.6,95.4,23.9,28.9,334.5,124.0,27.55,126.0,249.0,11.8,43.9,32.6,40.1,116.5,38.25,13.25,16.15,24.65,44.75,146.0,411.0,32.45,59.8,47.75,26.5,26.3,360.5,196.5,250.0,47.8,11.35,158.5,32.95,15.45,84.0,18.3,46.95,58.1,181.0,4.65,10.0,50.6,32.35,15.15,13.0,85.3,21.35,265.0,75.8,9.49,43.65,73.2,101.5,59.8,89.4,73.6,247.5,48.45,11.85,101.5,118.5,23.4,25.45,84.8,216.5,223.5,34.4,78.1,44.95,11.05,24.8,9.26,16.1,14.55,18.4,243.5,16.95,28.3,9.14,31.85,8.1,9.05,16.9,16.15,50.8,48.7,7.97,18.15,11.85,22.8,11.7,7.83,9.01,17.6,17.15,228.5,53.1,3750.0,30.0,105.0,71.5,102.0,70.6,23.7,113.0,78.5,11.55,63.3,59.5,10.3,37.8,30.75,71.3,43.5,77.6,62.0,63.9,85.9,36.45,54.5,13.95,8.12,56.4,83.8,84.7,85.3,441.5,419.5,460.5,425.0,91.6,108.5,192.5,329.5,39.85,120.0,143.0,86.5,182.5,49.05,95.3,77.2,36.65
34.25,26.35,53.0,75.5,88.2,71.1,9.9,62.6,95.3,23.85,28.9,334.5,124.0,27.55,126.0,249.0,11.8,44.0,32.6,40.1,116.5,38.25,13.25,16.2,24.65,44.75,146.0,411.0,32.45,59.8,47.75,26.55,26.3,360.5,196.5,249.0,47.8,11.35,158.0,32.95,15.45,83.9,18.25,46.9,58.1,181.0,4.65,10.0,50.6,32.35,15.15,12.95,85.2,21.35,265.0,75.8,9.51,43.65,73.3,101.5,59.9,89.6,73.6,247.5,48.4,11.85,102.0,118.5,23.4,25.4,84.8,217.0,223.0,34.4,78.1,44.9,11.05,24.8,9.26,16.1,14.55,18.4,243.5,16.95,28.3,9.14,31.85,8.1,9.05,16.9,16.15,50.7,48.7,7.97,18.15,11.85,22.8,11.7,7.84,9.01,17.6,17.15,228.5,53.2,3755.0,30.0,105.5,71.6,102.5,70.6,23.65,113.0,78.5,11.55,63.3,59.5,10.3,37.75,30.75,71.4,43.5,77.6,62.0,63.9,85.9,36.45,54.5,13.95,8.12,56.4,83.8,84.8,85.3,441.5,419.5,460.5,425.0,91.6,108.5,192.5,329.5,39.85,119.5,143.0,86.5,183.0,49.05,95.3,77.2,36.65
34.25,26.35,52.9,75.5,88.1,71.1,9.91,62.7,95.4,23.9,28.9,334.5,124.0,27.55,126.0,249.0,11.8,44.0,32.6,40.05,116.5,38.25,13.25,16.15,24.65,44.75,146.0,411.0,32.45,59.8,47.75,26.5,26.3,360.5,196.5,248.5,47.8,11.35,158.0,32.95,15.45,83.9,18.25,46.9,58.1,180.5,4.65,9.99,50.6,32.4,15.15,12.95,85.2,21.35,265.0,75.8,9.51,43.6,73.3,101.5,59.8,89.6,73.5,247.5,48.4,11.85,102.0,118.5,23.35,25.4,84.8,216.5,223.0,34.4,78.1,44.9,11.05,24.8,9.26,16.1,14.55,18.4,243.5,17.0,28.3,9.14,31.85,8.1,9.05,16.9,16.15,50.8,48.7,7.98,18.15,11.8,22.8,11.7,7.83,9.01,17.65,17.15,228.0,53.2,3755.0,30.0,105.5,71.6,102.0,70.6,23.7,113.0,78.5,11.55,63.3,59.5,10.3,37.8,30.75,71.4,43.5,77.6,62.0,63.9,85.8,36.45,54.5,13.95,8.11,56.4,83.9,84.8,85.3,442.0,419.5,460.5,425.0,91.6,108.5,192.5,329.5,39.85,119.5,143.0,86.5,183.0,49.05,95.2,77.2,36.6
34.25,26.35,52.9,75.4,88.1,71.0,9.91,62.9,95.3,23.9,28.9,334.5,124.0,27.55,126.0,249.5,11.85,43.95,32.6,40.05,116.5,38.25,13.25,16.15,24.7,44.75,146.0,411.0,32.45,59.8,47.75,26.5,26.3,360.5,196.5,248.5,47.8,11.35,158.5,32.95,15.45,83.9,18.25,46.9,58.1,180.5,4.65,9.98,50.7,32.35,15.15,13.0,85.2,21.35,265.0,75.8,9.51,43.6,73.3,101.0,59.8,89.6,73.6,247.5,48.45,11.85,102.0,118.5,23.4,25.45,84.8,217.0,223.0,34.4,78.1,44.9,11.05,24.85,9.26,16.1,14.55,18.35,243.5,16.95,28.3,9.14,31.85,8.1,9.05,16.9,16.15,50.8,48.7,7.97,18.15,11.85,22.85,11.7,7.84,9.0,17.65,17.15,228.0,53.2,3755.0,30.0,105.0,71.4,102.0,70.7,23.7,112.5,78.5,11.55,63.3,59.5,10.3,37.75,30.75,71.4,43.5,77.6,62.0,63.9,85.8,36.45,54.5,13.95,8.11,56.4,83.9,84.8,85.1,442.0,419.5,460.5,425.5,91.7,107.5,192.5,332.0,39.9,119.5,143.0,86.5,183.0,49.1,95.3,77.2,36.6
34.25,26.35,52.9,75.4,88.1,71.0,9.9,63.0,95.2,23.9,28.95,334.5,123.5,27.55,126.0,249.5,11.8,43.95,32.6,40.05,116.5,38.25,13.25,16.15,24.65,44.75,146.0,411.0,32.45,59.8,47.75,26.5,26.3,360.5,196.5,249.0,47.8,11.35,158.0,32.95,15.45,83.9,18.25,46.9,58.1,180.5,4.66,9.96,50.8,32.35,15.15,12.95,85.2,21.35,265.0,75.8,9.51,43.55,73.3,101.0,59.8,89.6,73.6,247.5,48.4,11.8,102.0,118.5,23.4,25.45,84.8,216.5,223.0,34.4,78.0,44.9,11.05,24.85,9.26,16.1,14.55,18.35,243.5,16.95,28.3,9.14,31.85,8.1,9.06,16.9,16.1,50.7,48.7,7.97,18.15,11.85,22.85,11.7,7.84,9.01,17.65,17.15,228.0,53.2,3755.0,30.0,105.5,71.4,102.0,70.7,23.7,112.5,78.5,11.6,63.3,59.5,10.3,37.75,30.75,71.4,43.5,77.6,62.0,63.9,85.7,36.5,54.5,13.95,8.12,56.4,83.8,84.8,85.1,442.0,419.5,460.5,425.5,91.5,108.0,192.5,333.0,39.85,119.5,143.0,86.5,183.0,49.1,95.3,77.2,36.6
34.3,26.35,53.0,75.5,88.2,71.1,9.9,62.9,95.2,23.9,28.95,334.5,123.5,27.55,126.0,250.0,11.85,43.95,32.6,40.1,116.5,38.25,13.25,16.1,24.65,44.75,146.0,410.5,32.4,59.8,47.75,26.5,26.3,360.5,196.5,249.0,47.85,11.4,158.0,32.95,15.45,84.0,18.25,46.95,58.1,181.0,4.66,9.97,50.7,32.4,15.15,12.95,85.2,21.35,265.0,75.8,9.51,43.5,73.4,101.5,59.8,89.5,73.6,247.5,48.4,11.8,102.0,118.5,23.35,25.45,85.0,217.0,223.0,34.35,78.0,44.9,11.05,24.85,9.26,16.1,14.55,18.35,243.5,17.0,28.25,9.14,31.85,8.11,9.06,16.9,16.1,50.8,48.75,7.98,18.15,11.85,22.8,11.7,7.83,9.01,17.6,17.1,228.0,53.1,3760.0,30.0,105.5,71.3,102.5,70.7,23.65,112.5,78.5,11.55,63.3,59.5,10.3,37.75,30.75,71.4,43.45,77.6,62.0,63.8,85.7,36.5,54.5,14.0,8.12,56.4,83.8,84.7,85.1,442.0,419.5,460.5,425.5,91.5,107.5,192.5,332.5,39.85,119.5,143.0,86.5,183.0,49.1,95.3,77.2,36.6
34.3,26.35,53.0,75.5,88.1,71.1,9.9,62.9,95.3,23.9,28.95,334.5,123.5,27.55,126.0,250.0,11.8,43.95,32.6,40.05,116.5,38.25,13.25,16.2,24.65,44.75,146.0,412.0,32.45,59.8,47.75,26.5,26.3,360.5,196.5,249.0,47.85,11.4,158.5,32.95,15.4,84.0,18.25,46.9,58.0,181.0,4.66,9.96,50.8,32.35,15.15,12.95,85.2,21.35,265.0,75.8,9.51,43.5,73.4,101.0,59.8,89.5,73.6,247.5,48.4,11.8,102.0,119.0,23.35,25.4,85.0,216.5,223.0,34.35,78.0,44.9,11.1,24.85,9.27,16.1,14.55,18.4,243.5,16.95,28.25,9.14,31.8,8.1,9.06,16.9,16.1,50.8,48.7,7.97,18.15,11.85,22.8,11.7,7.84,9.01,17.6,17.1,228.0,53.2,3760.0,30.0,105.0,71.4,102.0,70.8,23.7,112.5,78.5,11.55,63.3,59.5,10.3,37.75,30.75,71.4,43.5,77.5,62.0,63.9,85.8,36.5,54.5,13.95,8.12,56.4,83.9,84.8,85.1,442.0,420.0,460.5,425.5,91.5,107.5,192.5,333.0,39.85,119.5,143.0,86.5,183.0,49.1,95.3,77.2,36.6
34.25,26.35,52.9,75.5,88.1,71.1,9.89,62.8,95.4,23.9,28.95,334.5,123.5,27.55,126.0,250.5,11.8,43.95,32.6,40.05,116.5,38.25,13.25,16.2,24.65,44.75,146.0,410.0,32.45,59.8,47.75,26.5,26.3,360.5,196.5,249.5,47.8,11.35,158.5,32.95,15.45,83.9,18.25,46.9,58.1,181.0,4.66,9.97,50.8,32.35,15.15,12.95,85.2,21.35,265.0,75.8,9.51,43.6,73.3,101.0,59.8,89.5,73.6,247.5,48.4,11.8,101.5,119.0,23.35,25.4,85.0,217.0,223.5,34.4,78.1,44.9,11.05,24.85,9.27,16.1,14.55,18.4,243.5,16.95,28.25,9.14,31.85,8.1,9.06,16.9,16.1,50.7,48.7,7.97,18.15,11.85,22.85,11.7,7.83,9.01,17.65,17.1,228.0,53.2,3760.0,30.0,105.0,71.4,102.0,70.8,23.65,113.0,78.5,11.55,63.3,59.5,10.3,37.7,30.75,71.3,43.5,77.6,62.0,63.9,85.8,36.5,54.4,13.95,8.12,56.4,83.9,84.8,85.1,442.0,420.0,460.5,425.5,91.6,108.0,192.5,333.0,39.85,120.0,143.0,86.5,183.0,49.1,95.2,77.2,36.6
34.25,26.35,53.0,75.5,88.1,71.1,9.89,62.9,95.4,23.9,28.95,334.5,123.5,27.55,126.0,251.0,11.8,43.95,32.6,40.05,116.5,38.25,13.25,16.15,24.65,44.75,146.0,410.5,32.45,59.8,47.75,26.5,26.3,360.5,196.5,249.5,47.8,11.4,158.0,32.95,15.45,84.0,18.3,46.9,58.1,181.0,4.65,9.97,50.7,32.4,15.15,12.95,85.2,21.35,265.0,75.8,9.51,43.6,73.3,101.0,59.9,89.5,73.6,247.5,48.4,11.85,102.0,119.0,23.4,25.4,85.0,217.0,223.0,34.4,78.0,44.9,11.05,24.8,9.28,16.1,14.55,18.35,243.5,17.0,28.25,9.15,31.8,8.1,9.06,16.9,16.1,50.7,48.7,7.97,18.1,11.85,22.8,11.75,7.84,9.0,17.6,17.15,228.0,53.2,3760.0,30.0,105.5,71.4,102.0,70.8,23.7,113.0,78.5,11.55,63.3,59.5,10.3,37.7,30.75,71.4,43.5,77.5,62.0,63.8,85.7,36.5,54.4,14.0,8.12,56.4,83.9,84.9,85.0,442.0,420.0,460.5,425.5,91.7,108.0,192.5,333.0,39.85,119.5,143.0,86.4,182.5,49.05,95.2,77.1,36.6
34.25,26.35,53.0,75.5,88.1,71.1,9.89,62.9,95.4,23.95,28.95,334.5,123.5,27.55,126.5,251.0,11.8,43.95,32.6,40.05,116.5,38.25,13.25,16.2,24.65,44.75,146.0,412.0,32.45,59.8,47.75,26.45,26.3,360.5,196.5,249.5,47.85,11.35,158.5,32.95,15.45,84.0,18.3,46.95,58.1,181.0,4.66,9.95,50.7,32.4,15.15,13.0,85.3,21.3,265.0,75.8,9.52,43.6,73.3,101.0,59.9,89.5,73.6,247.5,48.4,11.8,102.5,119.0,23.4,25.4,85.0,217.0,223.0,34.4,78.0,44.9,11.05,24.8,9.28,16.1,14.5,18.35,243.5,16.95,28.25,9.15,31.8,8.1,9.06,16.85,16.1,50.8,48.7,7.98,18.15,11.85,22.8,11.75,7.84,9.01,17.6,17.15,228.0,53.2,3755.0,30.0,105.0,71.5,102.0,70.8,23.7,112.5,78.5,11.55,63.1,59.5,10.25,37.75,30.7,71.3,43.5,77.5,62.0,63.8,85.7,36.5,54.4,14.0,8.12,56.4,83.9,85.0,85.1,442.0,420.0,460.5,425.5,91.7,108.0,192.5,332.5,39.85,119.5,143.0,86.4,182.5,49.05,95.1,77.1,36.6
34.25,26.35,53.0,75.7,88.2,71.1,9.89,62.9,95.4,23.95,28.95,334.5,123.5,27.55,126.5,251.0,11.85,43.95,32.6,40.05,116.5,38.25,13.25,16.15,24.6,44.85,146.0,412.0,32.45,59.8,47.75,26.45,26.25,360.5,196.5,249.5,47.8,11.35,158.5,32.95,15.45,84.0,18.3,46.95,58.1,181.0,4.65,9.96,50.7,32.35,15.15,13.0,85.3,21.35,265.0,75.8,9.52,43.6,73.3,101.5,59.9,89.5,73.6,247.5,48.4,11.8,102.5,118.5,23.35,25.4,85.0,217.0,223.0,34.4,77.9,44.95,11.05,24.8,9.28,16.1,14.5,18.35,243.5,17.0,28.25,9.15,31.85,8.1,9.05,16.85,16.1,50.8,48.7,7.98,18.15,11.85,22.8,11.75,7.84,9.01,17.6,17.15,228.5,53.2,3760.0,29.95,105.0,71.5,102.5,70.8,23.7,113.0,78.5,11.6,63.1,59.6,10.25,37.75,30.7,71.4,43.55,77.5,62.0,63.7,85.7,36.5,54.4,14.0,8.13,56.4,83.9,85.0,85.1,442.0,420.0,458.5,425.5,91.6,107.5,192.5,332.5,39.85,119.5,143.0,86.4,182.5,48.95,95.1,77.1,36.6
34.25,26.4,53.0,75.7,88.1,71.1,9.89,63.0,95.4,23.95,28.95,334.5,124.0,27.55,126.5,251.0,11.8,43.95,32.6,40.05,116.5,38.25,13.25,16.15,24.6,44.85,146.0,411.0,32.4,59.9,47.75,26.45,26.25,360.5,196.5,249.5,47.8,11.4,158.5,32.95,15.45,84.0,18.25,46.95,58.1,181.0,4.66,9.96,50.7,32.3,15.15,12.95,85.3,21.35,265.0,75.8,9.51,43.65,73.3,101.5,59.9,89.4,73.6,247.5,48.35,11.8,102.5,118.5,23.35,25.45,85.0,216.5,222.5,34.4,77.9,44.9,11.05,24.8,9.28,16.1,14.55,18.35,243.5,17.0,28.25,9.15,31.85,8.11,9.05,16.85,16.1,50.8,48.7,7.97,18.15,11.85,22.75,11.75,7.84,9.02,17.65,17.1,228.5,53.2,3760.0,29.95,105.5,71.5,102.5,70.9,23.65,113.0,78.6,11.6,62.9,59.7,10.3,37.75,30.7,71.4,43.55,77.5,62.0,63.7,85.7,36.5,54.4,14.0,8.12,56.4,84.0,85.0,85.1,442.0,420.0,458.5,425.5,91.6,107.5,192.5,331.0,39.85,119.5,143.0,86.4,182.5,48.95,95.3,77.1,36.6
34.25,26.35,52.9,75.7,88.1,71.1,9.89,62.9,95.3,23.95,28.95,334.5,124.0,27.55,126.5,252.0,11.85,43.9,32.6,40.1,116.5,38.25,13.25,16.15,24.6,44.85,146.0,411.0,32.4,59.9,47.75,26.45,26.25,360.5,196.5,249.5,47.8,11.35,158.5,32.9,15.45,83.9,18.25,46.9,58.0,181.0,4.65,9.95,50.7,32.35,15.15,12.95,85.2,21.3,265.0,75.8,9.51,43.6,73.3,101.5,59.9,89.5,73.7,247.5,48.45,11.85,102.0,119.0,23.4,25.4,85.0,217.0,222.5,34.4,77.9,44.9,11.05,24.8,9.28,16.1,14.55,18.35,243.5,16.95,28.25,9.15,31.85,8.11,9.05,16.85,16.15,50.8,48.7,7.98,18.15,11.85,22.8,11.75,7.84,9.01,17.6,17.1,228.5,53.2,3760.0,29.95,105.0,71.5,102.5,70.9,23.7,112.5,78.6,11.6,62.8,59.7,10.25,37.75,30.7,71.4,43.55,77.4,62.0,63.7,85.7,36.5,54.4,13.95,8.11,56.3,84.1,85.0,85.1,442.0,420.0,458.5,425.5,91.6,108.0,192.5,331.0,39.85,119.5,143.0,86.4,182.0,48.95,95.4,77.1,36.55
34.25,26.35,53.0,75.5,88.1,71.1,9.9,62.8,95.4,23.95,28.95,334.5,124.0,27.5,126.5,252.5,11.8,43.95,32.6,40.1,116.5,38.25,13.25,16.2,24.65,44.85,146.0,411.0,32.4,59.9,47.75,26.45,26.25,360.5,196.5,249.5,47.85,11.4,158.0,32.9,15.4,84.0,18.25,46.9,58.0,181.0,4.65,9.94,50.7,32.35,15.15,13.0,85.2,21.35,265.0,75.8,9.52,43.55,73.3,101.5,59.9,89.5,73.7,247.5,48.4,11.8,102.5,119.0,23.35,25.4,85.0,216.5,222.5,34.4,78.1,44.9,11.05,24.85,9.28,16.1,14.55,18.4,243.5,17.0,28.25,9.15,31.85,8.11,9.05,16.85,16.2,50.8,48.75,7.97,18.15,11.85,22.8,11.75,7.83,9.01,17.6,17.15,229.0,53.2,3760.0,29.95,105.0,71.5,102.5,70.9,23.75,112.5,78.6,11.55,63.0,59.6,10.25,37.7,30.7,71.4,43.55,77.4,62.0,63.7,85.6,36.5,54.4,13.95,8.11,56.4,84.1,85.1,85.1,442.0,420.0,458.5,425.5,91.7,107.5,192.5,331.0,39.9,119.5,143.0,86.4,182.0,48.95,95.4,77.1,36.55
34.25,26.35,52.9,75.5,88.1,71.1,9.9,62.9,95.4,23.95,28.95,334.5,124.0,27.5,126.5,252.5,11.85,43.9,32.6,40.05,116.5,38.25,13.25,16.2,24.6,44.85,145.5,411.0,32.45,59.9,47.75,26.45,26.3,360.5,196.5,249.5,47.85,11.35,158.0,32.9,15.45,84.0,18.25,46.95,58.0,181.0,4.65,9.94,50.7,32.35,15.15,12.95,85.2,21.35,265.0,75.8,9.51,43.5,73.3,101.5,59.9,89.2,73.7,247.5,48.4,11.85,102.0,119.0,23.35,25.4,85.0,217.0,222.5,34.4,78.1,44.95,11.1,24.8,9.28,16.1,14.55,18.35,243.5,16.95,28.25,9.15,31.85,8.11,9.05,16.85,16.15,50.7,48.7,7.98,18.15,11.85,22.8,11.7,7.84,9.01,17.6,17.1,228.5,53.2,3760.0,29.95,105.0,71.5,102.0,70.9,23.7,112.5,78.6,11.6,63.0,59.6,10.25,37.75,30.75,71.5,43.55,77.4,62.0,63.7,85.6,36.5,54.5,13.95,8.11,56.4,84.1,85.1,85.1,442.0,420.0,458.5,425.0,91.6,108.0,192.5,331.0,39.9,119.0,143.0,86.4,182.0,49.0,95.4,77.1,36.55
34.25,26.35,53.0,75.5,88.1,71.1,9.9,62.9,95.4,23.9,28.95,334.5,123.5,27.5,126.5,252.5,11.85,43.95,32.6,40.1,116.5,38.25,13.25,16.2,24.6,44.85,145.5,412.0,32.45,60.0,47.75,26.45,26.3,360.5,196.5,250.0,47.8,11.35,158.5,32.9,15.45,84.0,18.25,46.95,58.1,181.0,4.65,9.94,50.7,32.4,15.15,13.0,85.2,21.3,265.0,75.8,9.52,43.5,73.2,101.5,59.9,89.2,73.7,247.0,48.4,11.85,102.5,119.0,23.35,25.4,85.0,216.5,222.5,34.45,78.1,44.95,11.1,24.8,9.27,16.1,14.55,18.35,243.5,16.95,28.25,9.15,31.85,8.11,9.05,16.85,16.2,50.7,48.7,7.98,18.15,11.85,22.8,11.75,7.84,9.02,17.65,17.15,229.0,53.3,3760.0,29.95,105.0,71.5,102.0,70.9,23.75,112.0,78.6,11.55,63.2,59.6,10.25,37.7,30.75,71.5,43.6,77.3,62.0,63.8,85.6,36.5,54.5,13.95,8.11,56.4,84.2,85.0,85.2,442.0,420.0,458.5,425.0,91.6,108.0,192.5,331.0,39.9,119.0,143.0,86.5,182.0,49.0,95.5,77.1,36.5
34.3,26.35,52.9,75.5,88.0,71.1,9.9,62.9,95.4,23.9,28.95,334.5,123.5,27.5,126.5,252.5,11.85,43.95,32.6,40.1,116.5,38.25,13.25,16.2,24.65,44.85,145.5,412.0,32.45,60.0,47.75,26.45,26.3,360.5,196.5,250.0,47.8,11.4,158.5,32.9,15.4,84.0,18.25,46.95,58.1,180.5,4.65,9.94,50.7,32.35,15.1,13.0,85.2,21.35,265.0,75.8,9.52,43.5,73.2,101.5,59.9,89.2,73.7,247.0,48.4,11.8,102.5,118.5,23.35,25.4,85.0,217.0,222.5,34.5,78.0,44.95,11.1,24.8,9.28,16.1,14.55,18.35,243.5,17.0,28.25,9.15,31.85,8.11,9.05,16.85,16.15,50.7,48.7,7.98,18.15,11.85,22.8,11.75,7.84,9.02,17.65,17.15,228.5,53.2,3765.0,29.95,105.0,71.5,102.0,70.9,23.75,112.5,78.6,11.6,63.2,59.7,10.25,37.75,30.75,71.5,43.6,77.4,62.0,63.8,85.7,36.5,54.5,13.95,8.11,56.4,84.2,85.1,85.2,442.0,420.0,458.5,425.0,91.6,108.0,192.5,331.0,39.9,119.5,143.0,86.5,182.0,49.0,95.4,77.1,36.5
34.25,26.35,53.0,75.5,88.1,71.1,9.9,62.8,95.3,23.9,28.95,334.5,123.5,27.5,126.5,252.5,11.85,43.95,32.6,40.05,116.0,38.25,13.25,16.15,24.65,44.85,145.5,412.0,32.45,60.0,47.75,26.45,26.25,360.5,196.5,250.0,47.8,11.35,158.5,32.95,15.4,84.0,18.25,46.95,58.1,180.5,4.65,9.94,50.7,32.35,15.15,12.95,85.2,21.35,265.0,75.8,9.51,43.5,73.4,101.5,59.9,89.4,73.7,247.5,48.4,11.85,102.5,119.0,23.4,25.4,85.0,216.5,223.0,34.5,78.1,44.9,11.05,24.8,9.28,16.1,14.55,18.35,243.5,17.0,28.25,9.15,31.85,8.12,9.05,16.85,16.15,50.7,48.7,7.97,18.15,11.85,22.8,11.75,7.83,9.02,17.6,17.15,228.5,53.2,3770.0,29.95,105.5,71.6,102.5,70.9,23.75,112.5,78.6,11.6,63.2,59.9,10.3,37.75,30.75,71.5,43.6,77.4,62.0,63.8,85.7,36.5,54.5,13.95,8.11,56.4,84.2,85.0,85.2,442.0,420.0,458.5,424.5,91.7,108.0,192.5,330.5,39.9,119.5,143.0,86.5,182.0,49.0,95.3,77.0,36.6
34.25,26.35,53.0,75.4,88.1,71.1,9.9,63.0,95.3,23.9,28.95,334.5,123.5,27.5,126.5,252.0,11.85,43.95,32.6,40.05,116.0,38.25,13.25,16.2,24.65,44.85,145.5,410.5,32.45,59.9,47.75,26.45,26.25,360.5,196.5,250.0,47.8,11.4,158.0,32.95,15.4,83.9,18.25,46.95,58.0,181.0,4.64,9.94,50.7,32.4,15.15,13.0,85.2,21.35,265.0,75.8,9.51,43.5,73.3,101.5,59.9,89.5,73.9,247.5,48.35,11.85,102.0,119.0,23.35,25.4,85.0,216.5,223.0,34.5,78.1,44.9,11.1,24.8,9.28,16.1,14.55,18.4,243.5,17.0,28.25,9.15,31.9,8.12,9.05,16.85,16.2,50.8,48.65,7.97,18.15,11.85,22.8,11.75,7.84,9.02,17.65,17.15,229.0,53.3,3765.0,29.95,105.0,71.6,102.5,70.9,23.8,112.5,78.6,11.65,63.2,59.9,10.3,37.75,30.7,71.4,43.55,77.4,62.0,63.7,85.8,36.5,54.6,13.95,8.11,56.4,84.2,85.1,85.3,442.0,420.0,458.5,424.5,91.7,108.0,192.5,330.5,39.9,119.0,143.0,86.5,182.0,49.0,95.3,77.0,36.6
34.3,26.35,53.0,75.4,88.1,71.0,9.9,62.9,95.3,23.9,28.95,334.5,123.5,27.5,126.5,252.0,11.8,44.0,32.6,40.05,116.5,38.25,13.25,16.2,24.6,44.85,145.5,412.0,32.45,59.9,47.75,26.45,26.25,360.5,196.5,250.0,47.85,11.35,158.0,32.9,15.45,84.0,18.25,46.95,58.1,181.0,4.64,9.94,50.8,32.4,15.15,12.95,85.1,21.3,265.0,75.8,9.51,43.5,73.3,101.5,59.9,89.5,73.9,247.5,48.35,11.8,102.0,119.0,23.35,25.4,85.0,217.0,223.0,34.5,78.0,44.9,11.05,24.8,9.27,16.1,14.55,18.4,243.5,16.95,28.25,9.15,31.9,8.12,9.05,16.9,16.15,50.7,48.65,7.97,18.15,11.85,22.8,11.75,7.83,9.02,17.6,17.15,228.5,53.2,3765.0,29.95,105.5,71.6,102.0,70.9,23.8,112.5,78.6,11.65,63.2,59.6,10.3,37.75,30.7,71.4,43.55,77.5,62.0,63.7,85.8,36.5,54.6,13.95,8.11,56.4,84.1,85.1,85.3,442.0,420.0,458.5,424.5,91.6,107.5,192.5,330.5,39.85,119.0,143.0,86.5,182.0,49.0,95.4,77.0,36.6
34.25,26.35,52.9,75.4,88.1,71.1,9.9,62.9,95.3,23.9,28.95,334.5,123.5,27.5,126.0,252.0,11.85,44.0,32.6,40.05,116.5,38.25,13.25,16.15,24.6,44.85,145.5,411.0,32.45,60.0,47.75,26.45,26.25,360.5,196.5,250.0,47.8,11.35,158.5,32.9,15.45,84.0,18.25,46.95,58.0,181.0,4.64,9.94,50.7,32.4,15.15,12.95,85.3,21.35,264.5,75.8,9.51,43.5,73.3,101.0,59.9,89.5,73.8,247.0,48.35,11.85,102.0,119.0,23.35,25.4,85.0,217.0,222.5,34.55,78.1,44.85,11.1,24.85,9.27,16.1,14.55,18.4,243.5,16.95,28.25,9.15,31.9,8.1,9.05,16.9,16.15,50.8,48.65,7.98,18.15,11.85,22.8,11.75,7.84,9.02,17.65,17.15,228.5,53.2,3770.0,29.95,105.5,71.5,102.0,70.9,23.8,112.5,78.6,11.6,63.2,59.6,10.25,37.75,30.75,71.4,43.6,77.5,62.0,63.7,85.9,36.5,54.5,13.95,8.11,56.3,84.1,85.1,85.3,442.0,420.5,458.5,425.0,91.6,107.5,192.5,330.5,39.85,119.5,143.0,86.5,182.0,49.0,95.2,77.0,36.6
34.25,26.35,52.9,75.4,88.1,71.1,9.9,63.0,95.3,23.9,28.95,334.5,123.5,27.55,126.0,252.5,11.85,44.0,32.6,40.05,116.5,38.25,13.25,16.2,24.6,44.85,146.0,411.0,32.45,60.0,47.75,26.45,26.25,360.5,196.5,250.0,47.8,11.35,158.0,32.9,15.45,84.0,18.25,46.9,58.0,181.0,4.64,9.98,50.8,32.4,15.1,12.95,85.2,21.35,264.5,75.8,9.51,43.5,73.3,101.0,59.8,89.4,73.9,247.0,48.3,11.85,102.0,119.0,23.35,25.4,85.0,216.5,222.5,34.55,78.1,44.9,11.05,24.85,9.27,16.1,14.55,18.4,243.5,16.95,28.25,9.15,31.95,8.11,9.05,16.9,16.2,50.7,48.65,7.98,18.15,11.85,22.8,11.75,7.84,9.01,17.65,17.15,228.5,53.2,3765.0,29.95,105.0,71.5,102.0,70.9,23.75,112.5,78.6,11.6,63.2,59.6,10.25,37.75,30.7,71.4,43.6,77.5,62.0,63.7,85.9,36.5,54.5,13.95,8.1,56.3,84.1,85.1,85.1,442.0,420.5,458.5,425.0,91.5,107.5,192.5,330.5,39.9,119.5,143.0,86.5,182.0,49.0,95.3,77.3,36.6
34.3,26.35,53.0,75.4,88.2,71.1,9.9,63.1,95.3,23.9,28.95,334.5,123.5,27.55,126.0,252.5,11.85,44.0,32.6,40.05,116.5,38.25,13.25,16.2,24.65,44.85,146.0,411.0,32.4,60.0,47.75,26.45,26.25,360.5,196.5,250.0,47.8,11.35,158.5,32.9,15.45,84.0,18.25,46.95,58.0,180.5,4.63,9.98,50.7,32.35,15.1,13.0,85.3,21.35,264.5,75.8,9.51,43.5,73.4,101.0,59.8,89.4,73.9,247.0,48.25,11.85,102.0,119.0,23.35,25.45,85.0,217.0,222.5,34.5,78.1,44.9,11.1,24.8,9.27,16.1,14.55,18.35,243.5,17.0,28.25,9.15,31.95,8.11,9.05,16.9,16.15,50.7,48.7,7.97,18.15,11.85,22.8,11.75,7.83,9.01,17.6,17.15,228.5,53.2,3760.0,29.95,105.0,71.5,102.5,70.9,23.8,112.5,78.6,11.6,63.2,59.7,10.25,37.75,30.75,71.4,43.6,77.5,62.0,63.7,85.9,36.5,54.5,13.95,8.09,56.3,84.1,85.1,85.1,442.0,420.5,458.5,424.5,91.6,107.5,192.5,330.0,39.9,119.5,143.0,86.5,182.0,49.05,95.3,77.0,36.6
34.25,26.35,52.9,75.4,88.2,71.1,9.89,63.0,95.2,23.95,28.95,335.0,123.5,27.5,126.0,253.0,11.85,44.0,32.6,40.05,116.5,38.25,13.25,16.2,24.6,44.85,146.0,410.5,32.4,60.0,47.75,26.45,26.25,360.5,196.5,250.0,47.8,11.35,158.5,32.9,15.45,84.0,18.25,46.95,58.1,181.0,4.63,9.98,50.7,32.4,15.1,12.95,85.3,21.4,264.5,75.8,9.51,43.55,73.3,101.0,59.8,89.4,73.9,247.5,48.25,11.85,102.0,118.5,23.35,25.45,85.0,217.0,223.0,34.5,78.0,44.9,11.05,24.8,9.27,16.1,14.55,18.35,243.5,16.95,28.25,9.15,31.95,8.11,9.05,16.9,16.15,50.8,48.65,7.97,18.15,11.85,22.8,11.75,7.83,9.01,17.6,17.1,228.5,53.2,3765.0,29.95,105.0,71.5,102.5,70.9,23.8,112.0,78.6,11.6,63.2,59.5,10.25,37.8,30.7,71.4,43.6,77.4,62.0,63.7,86.0,36.5,54.5,13.95,8.1,56.4,84.1,85.1,85.2,442.0,420.5,458.5,425.0,91.6,107.5,192.5,330.0,39.9,119.0,143.0,86.5,182.0,49.05,95.4,77.4,36.6
34.3,26.35,52.9,75.4,88.2,71.0,9.89,63.0,95.3,23.95,28.95,335.0,123.5,27.55,126.5,253.0,11.85,44.0,32.55,40.05,116.5,38.25,13.25,16.2,24.65,44.85,146.0,410.5,32.4,60.0,47.75,26.45,26.25,360.5,196.5,250.0,47.8,11.4,158.0,32.95,15.45,84.0,18.2,46.9,58.1,181.0,4.64,9.98,50.7,32.4,15.15,12.95,85.3,21.45,264.0,75.8,9.51,43.55,73.3,101.0,59.8,89.4,73.8,247.5,48.3,11.85,102.0,118.5,23.35,25.45,85.0,217.0,222.5,34.55,78.0,44.9,11.1,24.8,9.27,16.1,14.55,18.35,243.5,17.0,28.25,9.16,31.95,8.11,9.05,16.9,16.15,50.7,48.7,7.97,18.15,11.85,22.8,11.7,7.83,9.02,17.6,17.1,228.5,53.3,3765.0,29.95,105.5,71.6,102.5,70.9,23.8,112.0,78.6,11.6,63.2,59.6,10.25,37.75,30.7,71.3,43.6,77.4,62.0,63.6,86.0,36.5,54.5,13.95,8.09,56.4,84.1,85.1,85.2,442.0,419.5,458.0,425.0,91.5,107.0,192.5,330.0,39.9,119.5,143.0,86.5,182.0,49.05,95.3,77.5,36.55
34.25,26.35,52.9,75.5,88.1,71.0,9.89,62.8,95.3,23.95,28.95,335.0,123.5,27.55,126.0,252.5,11.85,44.0,32.55,40.05,116.5,38.25,13.25,16.2,24.6,44.85,146.0,410.5,32.35,60.0,47.75,26.45,26.3,360.5,196.5,250.0,47.8,11.35,158.0,32.9,15.45,84.0,18.2,46.9,58.1,181.0,4.64,9.96,50.7,32.4,15.15,12.9,85.3,21.45,264.5,75.8,9.51,43.55,73.3,101.0,59.8,89.5,73.8,247.5,48.25,11.8,102.5,119.0,23.35,25.4,85.0,216.5,223.0,34.55,78.0,44.9,11.05,24.8,9.27,16.05,14.55,18.4,243.5,16.95,28.25,9.15,31.95,8.11,9.05,16.9,16.15,50.7,48.6,7.97,18.15,11.85,22.8,11.75,7.83,9.02,17.65,17.15,229.0,53.2,3760.0,29.95,105.5,71.6,102.0,70.9,23.8,112.0,78.6,11.6,63.1,59.6,10.25,37.75,30.7,71.3,43.65,77.5,62.0,63.5,85.9,36.5,54.5,13.95,8.09,56.4,84.1,85.1,85.2,442.0,419.5,457.5,424.5,91.5,107.0,192.5,330.0,39.85,119.0,143.0,86.5,182.0,49.05,95.3,77.0,36.55
34.25,26.35,53.0,75.5,88.2,71.1,9.89,62.7,95.3,23.95,28.95,335.0,123.5,27.55,126.0,252.0,11.8,44.0,32.6,40.05,116.5,38.25,13.25,16.15,24.65,44.85,146.0,410.5,32.45,60.0,47.75,26.45,26.3,360.5,196.5,250.0,47.75,11.35,158.5,32.9,15.45,84.0,18.2,46.95,58.1,181.0,4.64,9.96,50.8,32.4,15.15,12.9,85.3,21.4,264.5,75.8,9.51,43.55,73.3,101.0,59.8,89.5,73.7,247.0,48.25,11.85,102.0,119.0,23.3,25.45,85.0,216.5,222.5,34.5,78.1,44.9,11.05,24.8,9.27,16.05,14.55,18.35,243.0,17.0,28.25,9.15,31.95,8.11,9.05,16.9,16.15,50.8,48.5,7.97,18.1,11.85,22.8,11.75,7.83,9.01,17.6,17.15,229.0,53.2,3760.0,29.95,105.5,71.6,102.0,70.9,23.8,112.0,78.6,11.6,63.0,59.5,10.2,37.8,30.7,71.4,43.65,77.5,62.0,63.6,85.9,36.5,54.5,13.95,8.09,56.4,84.1,85.1,85.2,442.0,419.5,457.5,424.5,91.5,107.5,192.5,331.0,39.9,119.0,143.0,86.5,182.0,49.05,95.2,77.0,36.55
34.25,26.35,53.0,75.5,88.2,71.1,9.88,62.8,95.2,23.95,28.95,335.0,123.5,27.55,126.0,252.0,11.8,44.0,32.6,40.05,116.5,38.25,13.25,16.2,24.65,44.85,146.0,410.5,32.4,60.0,47.75,26.45,26.3,360.5,196.5,250.0,47.8,11.35,158.5,32.9,15.45,84.0,18.25,46.95,58.1,181.0,4.63,9.99,50.8,32.45,15.15,12.9,85.3,21.4,264.5,75.8,9.51,43.55,73.3,101.5,59.8,89.5,73.8,247.5,48.3,11.8,102.0,119.0,23.3,25.45,85.0,216.5,223.0,34.5,78.1,44.9,11.1,24.8,9.27,16.1,14.55,18.35,243.0,17.0,28.25,9.16,31.9,8.11,9.05,16.85,16.15,50.7,48.55,7.97,18.1,11.85,22.8,11.75,7.83,9.01,17.65,17.15,228.5,53.2,3760.0,29.95,105.0,71.6,102.0,70.9,23.8,112.0,78.5,11.6,63.1,59.5,10.2,37.8,30.7,71.4,43.65,77.5,62.0,63.6,85.9,36.5,54.5,13.95,8.09,56.4,84.1,85.1,85.2,442.0,419.5,457.5,424.0,91.5,107.5,192.5,331.0,39.85,119.0,143.0,86.5,182.5,49.0,95.2,77.4,36.55
34.25,26.35,53.0,75.4,88.2,71.1,9.89,62.7,95.2,23.95,28.95,335.0,123.5,27.55,126.5,252.0,11.8,44.0,32.6,40.1,116.5,38.2,13.25,16.2,24.65,44.85,146.0,412.0,32.45,60.1,47.75,26.45,26.3,360.5,196.5,250.0,47.75,11.35,158.5,32.95,15.45,84.0,18.25,46.95,58.1,181.0,4.63,9.99,50.8,32.45,15.15,12.9,85.2,21.45,264.5,75.8,9.51,43.55,73.3,101.0,59.8,89.5,73.8,247.5,48.25,11.85,102.5,119.0,23.35,25.4,85.0,217.0,223.0,34.55,78.1,44.9,11.1,24.8,9.27,16.1,14.5,18.4,243.0,17.0,28.25,9.15,31.9,8.11,9.05,16.85,16.15,50.8,48.55,7.97,18.15,11.85,22.8,11.75,7.83,9.01,17.65,17.15,229.0,53.3,3760.0,29.95,105.5,71.6,102.5,70.9,23.8,112.0,78.5,11.6,63.1,59.5,10.2,37.8,30.7,71.4,43.65,77.5,62.0,63.6,85.9,36.5,54.5,13.95,8.09,56.4,84.1,85.0,85.2,442.0,419.5,457.0,424.0,91.5,107.5,192.5,329.5,39.9,119.5,143.0,86.5,182.5,49.0,95.2,77.5,36.55
34.25,26.35,52.9,75.6,88.2,71.1,9.89,62.7,95.2,23.95,28.95,335.0,123.5,27.55,126.0,252.0,11.8,44.0,32.6,40.1,116.5,38.2,13.25,16.2,24.6,44.85,145.5,412.0,32.45,60.1,47.75,26.45,26.3,360.5,196.5,250.0,47.75,11.35,158.5,32.95,15.45,84.0,18.25,46.95,58.1,181.0,4.63,9.99,50.8,32.45,15.15,12.95,85.2,21.45,264.5,75.8,9.51,43.5,73.4,101.0,59.8,89.5,73.7,247.5,48.25,11.85,102.0,119.0,23.35,25.45,85.0,216.5,223.0,34.55,78.1,44.9,11.05,24.8,9.27,16.1,14.55,18.35,243.0,17.0,28.25,9.15,31.9,8.11,9.05,16.85,16.15,50.8,48.6,7.96,18.15,11.85,22.8,11.75,7.84,9.01,17.6,17.1,228.5,53.3,3760.0,29.95,105.5,71.6,102.0,70.9,23.9,112.0,78.5,11.6,63.2,59.6,10.2,37.75,30.7,71.4,43.65,77.5,62.0,63.6,85.9,36.5,54.5,13.95,8.08,56.3,84.0,85.1,85.2,442.0,419.5,457.0,424.0,91.5,107.5,192.5,329.5,39.9,119.5,143.0,86.5,182.5,49.0,95.2,77.0,36.55
34.25,26.35,53.0,75.6,88.2,70.9,9.88,62.8,95.2,23.95,28.95,335.0,123.5,27.55,125.5,252.0,11.8,44.0,32.6,40.1,116.5,38.2,13.25,16.15,24.65,44.85,145.5,412.0,32.45,60.1,47.8,26.45,26.3,360.5,196.5,250.0,47.8,11.35,158.5,32.95,15.4,84.0,18.25,46.95,58.1,180.5,4.63,9.98,50.8,32.45,15.15,12.9,85.3,21.45,264.5,75.7,9.51,43.5,73.4,101.5,59.8,89.4,73.7,247.5,48.25,11.8,102.0,119.0,23.35,25.45,85.0,216.5,222.5,34.55,78.0,44.95,11.05,24.8,9.27,16.1,14.55,18.35,243.0,17.0,28.25,9.15,31.85,8.11,9.06,16.85,16.15,50.8,48.6,7.97,18.1,11.8,22.8,11.75,7.83,9.01,17.65,17.15,229.0,53.3,3760.0,29.9,105.0,71.6,102.5,70.9,24.0,112.0,78.5,11.6,63.3,59.6,10.2,37.8,30.7,71.3,43.65,77.5,62.0,63.6,85.9,36.5,54.5,13.95,8.08,56.4,84.1,85.2,85.2,442.0,419.5,457.0,424.0,91.5,107.5,192.5,330.0,39.9,119.5,143.0,86.5,182.5,49.05,95.2,77.0,36.55
34.25,26.25,53.0,75.6,88.2,70.9,9.87,62.8,95.1,23.95,28.95,335.0,123.5,27.55,125.5,252.0,11.8,44.0,32.6,40.1,116.5,38.2,13.25,16.15,24.65,44.85,145.5,412.0,32.4,60.1,47.8,26.45,26.3,360.5,196.5,250.0,47.8,11.4,158.5,32.95,15.45,84.0,18.25,46.95,58.1,181.0,4.63,9.98,50.8,32.45,15.15,12.9,85.3,21.45,264.5,75.7,9.49,43.5,73.5,101.0,59.7,89.4,73.7,247.5,48.3,11.85,102.0,119.0,23.35,25.4,85.0,217.0,222.5,34.55,78.0,44.9,11.1,24.8,9.27,16.05,14.55,18.35,243.0,17.0,28.25,9.15,31.9,8.11,9.06,16.85,16.15,50.8,48.55,7.97,18.1,11.85,22.8,11.75,7.83,9.01,17.65,17.15,229.0,53.3,3760.0,29.9,105.0,71.6,102.5,70.9,24.0,112.0,78.5,11.6,63.3,59.6,10.25,37.8,30.7,71.3,43.65,77.5,62.0,63.6,85.7,36.5,54.5,14.0,8.06,56.4,84.1,85.5,85.1,442.0,419.5,457.0,424.0,91.5,107.5,192.5,330.0,39.9,119.0,143.0,86.5,182.0,49.05,95.3,77.1,36.55
34.25,26.2,53.0,75.6,88.2,71.0,9.88,62.8,95.1,23.95,28.95,335.0,123.5,27.55,126.0,252.0,11.8,44.0,32.6,40.1,116.5,38.2,13.25,16.15,24.65,44.85,145.5,412.0,32.4,60.1,47.8,26.45,26.3,360.5,196.5,250.0,47.85,11.4,158.5,32.9,15.45,84.0,18.3,46.95,58.1,180.5,4.63,9.98,50.8,32.45,15.15,12.9,85.3,21.45,264.5,75.7,9.5,43.5,73.3,101.0,59.8,89.5,73.7,247.5,48.3,11.85,102.0,119.0,23.3,25.35,85.0,217.0,223.0,34.55,78.0,44.95,11.1,24.8,9.26,16.05,14.55,18.35,243.0,16.95,28.25,9.15,31.85,8.11,9.06,16.85,16.15,50.8,48.6,7.97,18.1,11.85,22.8,11.75,7.83,9.01,17.65,17.15,228.5,53.3,3765.0,29.9,105.5,71.6,102.5,70.9,24.0,112.0,78.5,11.6,63.3,59.6,10.2,37.8,30.7,71.4,43.65,77.5,62.0,63.6,85.7,36.45,54.5,13.95,8.04,56.4,84.1,85.5,85.1,442.0,419.5,457.0,423.5,91.5,107.5,192.5,330.0,39.85,119.5,143.0,86.5,182.5,49.05,95.3,77.1,36.55
34.25,26.2,52.9,75.7,88.2,71.0,9.88,62.8,95.2,23.95,28.95,335.0,123.5,27.55,126.0,252.0,11.8,44.0,32.6,40.1,116.5,38.2,13.25,16.15,24.65,44.85,146.0,412.0,32.45,60.1,47.8,26.45,26.3,360.5,196.5,250.0,47.85,11.4,158.0,32.9,15.45,83.9,18.3,46.95,58.1,181.0,4.63,9.98,50.8,32.5,15.1,12.95,85.3,21.45,264.5,75.7,9.5,43.5,73.5,101.0,59.8,89.5,73.7,247.5,48.3,11.8,102.0,119.0,23.3,25.35,85.0,217.0,223.0,34.55,78.1,44.9,11.1,24.8,9.26,16.05,14.5,18.35,243.0,16.95,28.25,9.15,31.9,8.11,9.06,16.85,16.15,50.8,48.65,7.97,18.1,11.85,22.85,11.75,7.83,9.01,17.65,17.15,229.0,53.4,3770.0,29.9,105.0,71.6,102.5,70.9,24.1,112.0,78.5,11.6,63.3,59.5,10.2,37.8,30.7,71.4,43.55,77.5,62.0,63.6,85.6,36.45,54.5,14.0,8.03,56.4,84.1,85.4,85.1,442.0,419.5,457.0,423.5,91.5,107.5,192.5,330.0,39.85,119.5,143.0,86.5,182.0,48.95,95.5,77.1,36.55
34.25,26.2,53.0,75.7,88.2,71.0,9.87,62.8,95.2,23.95,28.95,334.5,123.5,27.55,126.0,252.0,11.8,44.0,32.6,40.05,116.5,38.2,13.25,16.15,24.65,44.85,146.0,412.0,32.4,60.1,47.8,26.45,26.3,361.0,196.5,250.0,47.8,11.35,158.0,32.9,15.45,84.0,18.3,46.95,58.1,181.0,4.63,9.98,50.8,32.5,15.1,12.9,85.3,21.45,264.5,75.7,9.5,43.5,73.5,101.0,59.8,89.5,73.7,247.5,48.3,11.8,102.5,118.5,23.3,25.35,85.0,216.5,223.0,34.5,77.9,44.95,11.1,24.8,9.27,16.05,14.5,18.35,243.0,16.95,28.25,9.15,31.9,8.11,9.06,16.85,16.15,50.7,48.65,7.97,18.1,11.85,22.85,11.75,7.84,9.01,17.65,17.15,228.5,53.3,3770.0,29.95,105.5,71.6,102.5,70.9,24.25,112.0,78.5,11.6,63.5,59.5,10.2,37.8,30.7,71.4,43.55,77.5,61.9,63.6,85.6,36.45,54.5,14.0,8.04,56.4,84.1,85.4,85.1,442.0,419.5,457.0,423.5,91.5,107.5,192.5,330.5,39.85,119.5,143.0,86.5,182.0,48.95,95.4,77.1,36.6
34.3,26.2,53.0,75.7,88.2,70.9,9.87,62.8,95.2,23.95,28.95,334.5,123.5,27.55,126.0,252.0,11.8,44.0,32.6,40.05,116.5,38.2,13.25,16.15,24.6,44.85,146.0,412.0,32.45,60.1,47.8,26.45,26.3,361.0,196.5,250.0,47.85,11.35,158.5,32.9,15.45,84.0,18.3,46.95,58.1,181.0,4.63,9.98,50.8,32.5,15.15,12.95,85.3,21.45,264.5,75.7,9.5,43.5,73.5,101.0,59.8,89.5,73.7,247.5,48.3,11.8,102.0,118.5,23.3,25.35,85.0,216.5,223.0,34.6,77.9,44.9,11.05,24.8,9.27,16.1,14.55,18.35,243.0,16.95,28.25,9.15,31.9,8.11,9.06,16.85,16.15,50.7,48.6,7.97,18.15,11.85,22.85,11.7,7.84,9.02,17.65,17.15,229.0,53.3,3765.0,29.95,105.5,71.6,102.5,70.8,24.3,112.0,78.5,11.6,63.5,59.5,10.2,37.8,30.7,71.4,43.55,77.6,61.9,63.7,85.6,36.45,54.5,14.0,8.04,56.4,84.1,85.3,85.1,442.0,419.5,457.0,423.5,91.4,107.5,192.5,330.5,39.85,120.0,143.0,86.5,182.5,49.05,95.4,77.1,36.65
34.25,26.2,52.9,75.7,88.2,71.0,9.87,62.9,95.2,23.95,28.95,334.5,123.5,27.55,126.0,252.0,11.8,44.0,32.6,40.05,116.5,38.2,13.25,16.2,24.6,44.85,146.0,412.0,32.45,60.1,47.8,26.45,26.3,361.0,196.5,250.0,47.8,11.4,158.5,32.95,15.4,84.0,18.3,46.9,58.1,181.0,4.63,9.98,50.8,32.5,15.15,12.9,85.3,21.45,264.5,75.7,9.5,43.5,73.6,101.0,59.8,89.5,73.7,247.5,48.3,11.85,102.0,119.0,23.3,25.35,85.0,216.5,223.0,34.6,77.9,44.9,11.05,24.8,9.26,16.1,14.55,18.35,243.0,16.95,28.25,9.15,31.9,8.1,9.06,16.9,16.15,50.8,48.65,7.97,18.15,11.85,22.85,11.7,7.83,9.02,17.65,17.15,229.0,53.3,3765.0,29.95,105.0,71.6,102.5,70.8,24.3,112.0,78.5,11.6,63.4,59.5,10.2,37.75,30.7,71.4,43.55,77.6,61.9,63.7,85.6,36.45,54.5,14.0,8.05,56.3,84.1,85.3,85.2,442.0,419.5,457.0,423.5,91.4,107.5,192.5,330.5,39.85,120.0,143.0,86.5,182.5,49.05,95.4,77.1,36.7
34.3,26.2,53.0,75.7,88.2,71.0,9.87,62.9,95.2,23.95,28.95,335.0,123.5,27.55,126.0,252.0,11.85,44.05,32.6,40.05,116.5,38.2,13.25,16.15,24.65,44.85,145.5,410.5,32.45,60.1,47.8,26.5,26.3,361.0,196.5,249.5,47.85,11.4,158.5,32.95,15.45,84.0,18.3,46.95,58.1,181.0,4.63,9.98,50.7,32.5,15.15,12.9,85.3,21.45,265.0,75.7,9.51,43.5,73.6,101.0,59.8,89.5,73.8,248.0,48.3,11.85,102.5,118.5,23.3,25.35,85.0,217.0,223.0,34.6,77.9,44.95,11.05,24.8,9.27,16.1,14.55,18.35,243.0,17.0,28.25,9.15,31.9,8.1,9.06,16.9,16.15,50.7,48.65,7.97,18.15,11.85,22.85,11.75,7.84,9.01,17.65,17.15,228.5,53.4,3765.0,29.95,105.5,71.6,102.5,70.8,24.25,112.0,78.5,11.6,63.4,59.5,10.25,37.8,30.7,71.4,43.5,77.6,61.9,63.7,85.7,36.45,54.5,14.0,8.06,56.3,84.1,85.3,85.2,442.0,419.5,457.0,423.5,91.5,107.5,192.5,330.0,39.85,120.0,143.0,86.4,182.0,49.05,95.2,77.1,36.7
34.35,26.2,53.0,75.5,88.2,71.0,9.88,62.8,95.2,23.95,28.95,335.0,123.5,27.55,126.0,252.0,11.8,44.05,32.6,40.05,116.5,38.2,13.25,16.15,24.65,44.85,145.5,412.0,32.45,60.1,47.8,26.5,26.3,361.0,196.5,249.5,47.85,11.4,158.0,32.95,15.45,84.0,18.3,46.95,58.1,181.0,4.63,9.96,50.8,32.5,15.15,12.9,85.3,21.5,265.0,75.7,9.5,43.5,73.5,101.0,59.7,89.5,73.8,248.0,48.25,11.85,102.5,119.0,23.3,25.4,85.0,217.0,223.0,34.6,77.9,44.95,11.05,24.8,9.27,16.05,14.55,18.35,243.0,16.95,28.3,9.15,31.9,8.1,9.06,16.85,16.15,50.7,48.7,7.97,18.1,11.85,22.85,11.75,7.84,9.02,17.6,17.15,229.0,53.3,3765.0,29.95,105.5,71.6,102.5,70.9,24.25,112.5,78.5,11.65,63.5,59.6,10.2,37.8,30.7,71.4,43.5,77.6,61.8,63.6,85.7,36.45,54.5,14.0,8.07,56.3,84.1,85.3,85.2,442.0,419.5,457.0,423.5,91.5,107.5,192.5,330.0,39.85,120.0,143.0,86.4,182.5,48.95,95.2,77.1,36.7
34.3,26.2,53.0,75.5,88.2,71.0,9.86,63.0,95.2,24.0,28.95,335.0,123.5,27.55,126.0,252.0,11.8,44.0,32.6,40.05,116.5,38.2,13.25,16.2,24.65,44.85,146.0,412.0,32.4,60.1,47.8,26.45,26.3,361.0,196.5,249.5,47.85,11.35,158.0,32.9,15.45,83.9,18.3,46.95,58.1,181.0,4.62,9.96,50.8,32.45,15.15,12.95,85.1,21.45,264.5,75.7,9.52,43.5,73.5,101.0,59.7,89.5,73.8,247.5,48.25,11.85,102.5,119.0,23.3,25.4,85.0,216.5,223.0,34.6,77.9,44.95,11.05,24.8,9.26,16.05,14.55,18.35,243.0,17.0,28.3,9.12,31.85,8.1,9.06,16.85,16.15,50.8,48.65,7.97,18.15,11.85,22.85,11.75,7.84,9.01,17.6,17.1,228.5,53.4,3765.0,29.95,105.0,71.6,102.5,70.9,24.25,112.5,78.5,11.6,63.5,59.5,10.25,37.8,30.75,71.4,43.5,77.6,61.9,63.7,85.7,36.45,54.5,13.95,8.06,56.3,84.0,85.3,85.2,442.0,419.5,457.0,423.5,91.5,107.0,192.5,330.0,39.85,119.5,143.0,86.4,182.0,49.05,95.2,77.1,36.7
34.3,26.2,52.9,75.5,88.2,71.0,9.86,63.0,95.2,24.0,28.95,335.0,123.5,27.5,126.0,252.0,11.8,44.0,32.6,40.05,116.5,38.2,13.25,16.15,24.65,44.85,146.0,412.0,32.45,60.1,47.8,26.5,26.3,361.0,196.5,249.5,47.85,11.4,158.0,32.9,15.45,84.0,18.3,47.0,58.1,181.0,4.63,9.96,50.8,32.45,15.1,12.95,85.3,21.5,264.5,75.7,9.51,43.5,73.6,101.0,59.7,89.6,73.8,247.5,48.25,11.85,102.0,119.0,23.3,25.35,85.0,216.5,223.0,34.6,78.0,44.9,11.1,24.8,9.27,16.05,14.55,18.4,243.0,16.95,28.3,9.12,31.9,8.1,9.06,16.9,16.15,50.7,48.65,7.97,18.15,11.85,22.85,11.75,7.84,9.01,17.65,17.1,229.0,53.4,3765.0,29.95,105.5,71.6,102.5,70.9,24.2,112.5,78.5,11.6,63.5,59.5,10.25,37.8,30.75,71.4,43.5,77.6,61.9,63.7,85.8,36.45,54.5,13.9,8.06,56.3,84.3,85.3,85.2,442.0,419.5,457.0,423.5,91.5,107.5,192.5,330.0,39.85,119.5,143.0,86.4,182.0,49.05,95.2,77.1,36.7
34.3,26.2,52.9,75.5,88.2,71.0,9.87,62.9,95.2,24.0,28.95,335.0,123.5,27.55,126.0,252.0,11.8,44.0,32.6,40.05,116.5,38.2,13.25,16.2,24.65,44.85,146.0,412.0,32.45,60.1,47.8,26.45,26.3,361.0,196.5,249.5,47.8,11.4,158.0,32.9,15.45,84.0,18.3,47.0,58.1,181.0,4.63,9.96,50.9,32.45,15.1,12.9,85.3,21.5,264.5,75.7,9.51,43.5,73.6,101.0,59.8,89.7,73.8,247.5,48.25,11.8,102.0,119.0,23.3,25.35,85.0,216.5,223.0,34.6,77.9,44.95,11.1,24.8,9.27,16.05,14.5,18.4,243.0,17.0,28.3,9.12,31.9,8.1,9.05,16.9,16.15,50.8,48.65,7.97,18.15,11.85,22.85,11.75,7.84,9.01,17.65,17.1,229.0,53.3,3765.0,29.95,105.5,71.6,102.5,70.9,24.2,112.5,78.5,11.6,63.5,59.5,10.25,37.8,30.75,71.3,43.5,77.6,61.9,63.7,85.8,36.45,54.5,13.95,8.05,56.3,84.3,85.3,85.2,442.0,419.5,457.0,423.5,91.6,107.5,192.5,330.0,39.9,119.5,143.0,86.4,182.0,49.05,95.2,77.1,36.7
34.3,26.2,53.0,75.5,88.2,71.0,9.88,63.0,95.1,24.0,28.95,335.0,123.5,27.5,126.0,252.0,11.8,44.0,32.6,40.05,116.5,38.2,13.25,16.15,24.6,44.85,145.5,412.0,32.45,60.1,47.8,26.45,26.3,361.0,196.5,249.5,47.8,11.35,158.0,32.95,15.45,84.0,18.3,47.1,58.1,181.0,4.63,9.96,50.9,32.45,15.15,12.95,85.3,21.45,264.5,75.7,9.5,43.5,73.6,101.5,59.8,89.5,73.8,247.5,48.25,11.8,102.0,119.0,23.3,25.35,85.0,216.5,223.0,34.5,77.8,44.9,11.1,24.8,9.26,16.05,14.55,18.4,243.0,16.95,28.3,9.12,31.9,8.1,9.05,16.9,16.15,50.8,48.65,7.97,18.15,11.85,22.85,11.75,7.84,9.01,17.65,17.1,228.5,53.4,3765.0,29.95,105.0,71.6,102.5,70.9,24.2,113.0,78.5,11.6,63.5,59.6,10.2,37.85,30.7,71.4,43.5,77.6,61.9,63.7,85.8,36.45,54.5,13.95,8.05,56.3,84.3,85.3,85.2,442.0,419.5,457.0,423.5,91.6,107.5,192.5,330.0,39.9,120.0,143.0,86.4,182.0,49.05,95.2,77.1,36.7
34.3,26.2,52.9,75.5,88.2,71.0,9.88,63.0,95.2,24.0,28.95,335.5,124.0,27.55,126.0,252.5,11.8,44.0,32.6,40.1,116.5,38.2,13.25,16.2,24.6,44.85,145.5,412.0,32.45,60.2,47.8,26.45,26.3,361.0,196.5,249.0,47.8,11.4,158.0,32.95,15.45,83.9,18.3,47.1,58.1,180.5,4.63,9.96,50.9,32.45,15.1,12.95,85.3,21.45,264.5,75.7,9.5,43.5,73.7,101.5,59.7,89.5,73.8,247.5,48.3,11.85,102.5,119.0,23.3,25.35,85.0,216.5,223.0,34.55,77.8,44.95,11.1,24.8,9.27,16.05,14.55,18.4,243.0,16.95,28.3,9.16,31.9,8.1,9.05,16.9,16.15,50.7,48.65,7.97,18.15,11.85,22.8,11.7,7.84,9.01,17.65,17.1,228.5,53.4,3765.0,29.95,105.5,71.6,102.5,71.0,24.2,113.0,78.5,11.6,63.4,59.5,10.25,37.85,30.7,71.3,43.5,77.5,61.9,63.7,85.8,36.45,54.5,13.95,8.05,56.4,84.2,85.3,85.3,442.0,419.5,457.0,423.5,91.6,107.5,192.5,330.5,39.9,120.0,143.0,86.4,182.0,49.0,95.1,77.1,36.7
34.3,26.2,53.0,75.6,88.2,71.0,9.86,63.0,95.2,24.05,28.95,335.5,124.0,27.5,126.0,252.5,11.8,44.0,32.6,40.1,116.5,38.2,13.25,16.15,24.6,44.85,145.5,412.0,32.45,60.2,47.8,26.45,26.35,361.0,196.5,249.0,47.8,11.35,158.0,32.95,15.45,84.0,18.3,47.1,58.1,181.0,4.63,9.96,50.9,32.4,15.15,12.95,85.3,21.5,264.5,75.7,9.5,43.5,73.7,101.0,59.7,89.7,73.8,247.5,48.25,11.85,102.0,119.0,23.3,25.4,85.0,217.0,223.0,34.6,77.8,44.95,11.05,24.8,9.27,16.05,14.5,18.4,243.0,16.95,28.3,9.16,31.9,8.1,9.05,16.9,16.15,50.8,48.65,7.97,18.15,11.85,22.85,11.7,7.84,9.01,17.65,17.1,229.0,53.4,3765.0,29.95,105.5,71.6,102.5,71.0,24.25,113.5,78.6,11.6,63.4,59.5,10.25,37.8,30.7,71.4,43.5,77.6,61.9,63.7,85.8,36.45,54.5,13.95,8.04,56.3,84.1,85.3,85.3,442.0,419.5,457.0,423.5,91.6,107.5,192.5,330.5,39.9,120.0,143.0,86.4,181.5,48.95,95.1,77.1,36.65
34.3,26.2,53.0,75.6,88.2,71.0,9.87,63.0,95.2,24.05,28.95,335.5,124.0,27.5,126.0,252.5,11.8,44.0,32.6,40.1,116.5,38.2,13.25,16.2,24.6,44.85,146.0,412.0,32.45,60.1,47.8,26.45,26.35,361.0,196.5,249.0,47.85,11.4,158.5,32.9,15.45,84.0,18.3,47.1,58.0,181.0,4.63,9.97,50.9,32.4,15.15,13.0,85.3,21.45,264.5,75.7,9.5,43.45,73.5,101.5,59.8,89.7,73.8,247.5,48.25,11.85,102.0,119.0,23.3,25.4,85.0,216.5,223.0,34.6,77.8,44.9,11.1,24.8,9.27,16.05,14.5,18.4,243.0,17.0,28.3,9.16,31.9,8.11,9.05,16.9,16.15,50.7,48.65,7.97,18.15,11.85,22.8,11.7,7.84,9.01,17.65,17.1,229.0,53.4,3765.0,29.95,105.0,71.6,102.5,71.0,24.3,113.5,78.6,11.6,63.4,59.5,10.2,37.85,30.7,71.4,43.45,77.6,61.9,63.7,85.8,36.45,54.5,13.95,8.03,56.3,84.1,85.3,85.3,442.0,419.5,457.0,423.5,91.6,107.5,192.5,330.5,39.9,120.0,143.0,86.4,181.5,48.95,95.5,77.1,36.65
34.3,26.2,53.0,75.6,88.1,71.0,9.87,63.0,95.1,24.0,28.95,334.5,123.5,27.5,126.0,253.0,11.8,44.0,32.6,40.05,116.5,38.2,13.25,16.15,24.6,44.85,146.0,412.0,32.45,60.1,47.8,26.45,26.35,361.0,196.5,249.0,47.8,11.35,158.0,32.9,15.45,84.0,18.3,47.05,58.0,180.5,4.63,9.96,50.8,32.45,15.15,12.95,85.1,21.45,264.5,75.7,9.5,43.45,73.6,101.0,59.8,89.5,73.8,247.5,48.25,11.85,102.0,119.0,23.3,25.4,85.0,216.5,223.0,34.6,77.8,44.95,11.05,24.8,9.27,16.05,14.55,18.4,243.0,16.95,28.3,9.16,31.9,8.11,9.05,16.9,16.15,50.7,48.6,7.97,18.15,11.85,22.8,11.75,7.84,9.01,17.65,17.1,228.5,53.4,3765.0,29.95,105.5,71.6,102.5,71.0,24.25,113.5,78.6,11.6,63.4,59.7,10.2,37.8,30.7,71.4,43.5,77.5,61.9,63.6,85.9,36.45,54.5,13.95,8.01,56.3,84.0,85.3,85.2,442.0,419.5,457.0,424.0,91.6,107.5,192.5,330.5,39.85,119.5,143.0,86.4,181.5,49.0,95.5,77.1,36.65
34.25,26.2,53.0,75.6,88.2,71.0,9.87,63.0,95.2,24.0,28.95,334.5,123.5,27.5,126.0,252.5,11.75,44.0,32.6,40.1,116.5,38.2,13.25,16.15,24.65,44.8,146.0,411.5,32.45,60.1,47.8,26.45,26.35,361.0,196.5,249.0,47.8,11.4,158.0,32.9,15.45,84.0,18.3,47.1,58.0,181.0,4.63,9.96,50.9,32.45,15.1,12.95,85.3,21.5,264.5,75.7,9.5,43.5,73.6,101.0,59.8,89.4,73.8,247.5,48.25,11.85,102.0,119.0,23.3,25.4,85.0,217.0,223.0,34.6,77.8,44.95,11.05,24.8,9.27,16.05,14.5,18.35,243.0,16.95,28.3,9.16,31.95,8.11,9.05,16.9,16.1,50.8,48.65,7.97,18.15,11.85,22.8,11.75,7.84,9.01,17.6,17.1,228.5,53.4,3765.0,30.0,105.5,71.6,102.5,71.0,24.25,113.5,78.6,11.6,63.4,59.6,10.2,37.85,30.7,71.3,43.5,77.5,61.9,63.6,85.9,36.45,54.5,13.95,7.97,56.3,84.1,85.3,85.2,442.0,419.5,457.0,423.5,91.7,107.5,192.5,330.5,39.9,119.5,143.0,86.4,181.5,49.0,95.3,77.1,36.65
34.25,26.2,53.0,75.5,88.2,71.0,9.87,63.0,95.2,24.0,28.95,334.5,123.5,27.5,126.5,253.0,11.75,44.0,32.6,40.05,116.5,38.2,13.25,16.15,24.65,44.8,146.0,411.5,32.45,60.1,47.8,26.45,26.35,361.0,196.5,249.0,47.8,11.35,158.0,32.85,15.45,84.1,18.3,47.1,58.0,181.0,4.63,9.97,50.9,32.4,15.15,12.95,85.3,21.5,264.5,75.7,9.49,43.45,73.5,101.0,59.8,89.4,73.8,247.5,48.25,11.85,102.0,119.0,23.3,25.4,85.0,216.5,223.0,34.6,77.8,44.9,11.1,24.8,9.26,16.05,14.5,18.4,243.0,17.0,28.3,9.16,31.95,8.11,9.05,16.9,16.15,50.7,48.65,7.97,18.15,11.85,22.8,11.7,7.84,9.02,17.6,17.05,229.0,53.3,3765.0,30.0,105.0,71.6,102.5,71.0,24.2,113.5,78.6,11.6,63.4,59.6,10.25,37.8,30.7,71.3,43.5,77.6,61.9,63.7,85.8,36.45,54.5,13.9,7.97,56.3,84.2,85.3,85.1,442.0,419.5,457.0,423.5,91.7,107.0,192.5,330.5,39.9,119.5,143.0,86.4,181.5,49.0,95.2,77.1,36.6
34.3,26.2,52.9,75.5,88.2,71.0,9.86,62.9,95.1,24.0,28.95,334.5,123.5,27.5,126.0,253.0,11.75,44.0,32.6,40.05,116.5,38.2,13.25,16.15,24.65,44.8,146.0,411.5,32.4,60.1,47.8,26.5,26.35,361.0,196.5,249.0,47.8,11.4,158.0,32.85,15.45,84.1,18.3,47.1,58.0,181.0,4.63,9.98,50.8,32.4,15.15,12.95,85.3,21.45,264.5,75.7,9.49,43.5,73.6,101.0,59.8,89.4,73.8,247.5,48.2,11.85,102.5,119.0,23.25,25.4,85.0,217.0,223.0,34.6,77.8,44.9,11.05,24.8,9.26,16.05,14.5,18.4,243.0,16.95,28.3,9.16,31.95,8.1,9.05,16.9,16.15,50.8,48.65,7.97,18.1,11.85,22.8,11.7,7.84,9.01,17.6,17.05,229.0,53.3,3765.0,30.0,105.5,71.6,102.5,71.0,24.25,113.0,78.6,11.6,63.5,59.5,10.2,37.8,30.7,71.4,43.5,77.6,61.9,63.7,85.9,36.45,54.5,13.95,7.98,56.3,84.2,85.3,85.1,442.0,419.5,457.0,423.5,91.7,107.5,192.5,330.5,39.9,120.0,143.0,86.4,182.0,49.0,95.3,77.1,36.6
34.25,26.2,52.9,75.5,88.2,71.0,9.86,62.9,95.2,24.0,28.95,334.5,123.5,27.5,126.0,253.0,11.75,44.0,32.6,40.05,116.5,38.2,13.25,16.2,24.65,44.8,146.0,411.5,32.4,60.1,47.8,26.45,26.4,361.0,196.5,249.0,47.8,11.35,158.5,32.85,15.45,84.1,18.3,47.1,58.0,181.0,4.63,9.98,51.0,32.45,15.1,12.95,85.3,21.5,264.5,75.6,9.49,43.5,73.6,101.0,59.8,89.4,73.8,247.5,48.25,11.85,102.0,118.5,23.25,25.4,85.0,216.5,223.0,34.65,77.8,44.9,11.1,24.8,9.26,16.05,14.5,18.35,243.0,17.0,28.3,9.16,31.95,8.1,9.05,16.9,16.15,50.8,48.65,7.96,18.15,11.85,22.85,11.7,7.84,9.0,17.6,17.05,229.0,53.3,3765.0,30.0,105.5,71.6,102.5,71.0,24.25,113.5,78.6,11.6,63.6,59.6,10.2,37.8,30.7,71.4,43.45,77.6,61.9,63.6,85.8,36.45,54.5,13.95,8.0,56.3,84.1,85.3,85.1,442.0,419.5,457.0,423.0,91.7,107.5,192.5,330.5,39.9,120.0,143.0,86.4,182.0,49.0,95.2,77.1,36.6
34.25,26.2,53.0,75.5,88.2,71.0,9.87,62.9,95.2,24.0,28.95,334.5,123.5,27.5,126.0,252.5,11.75,44.0,32.55,40.05,116.5,38.2,13.25,16.2,24.65,44.8,146.0,411.5,32.4,60.1,47.8,26.45,26.35,361.0,196.5,249.0,47.8,11.4,158.5,32.85,15.4,84.1,18.3,47.1,58.0,180.5,4.63,9.98,51.0,32.45,15.1,12.95,85.3,21.5,264.5,75.6,9.49,43.5,73.5,101.0,59.8,89.5,73.8,247.5,48.25,11.85,102.0,118.5,23.2,25.4,85.0,216.5,223.0,34.65,77.9,44.9,11.1,24.8,9.26,16.1,14.5,18.35,243.0,16.95,28.3,9.16,31.95,8.1,9.05,16.9,16.15,50.8,48.6,7.96,18.15,11.85,22.8,11.7,7.84,9.01,17.65,17.05,228.5,53.4,3765.0,30.0,105.0,71.6,102.5,71.0,24.2,113.5,78.6,11.6,63.7,59.6,10.25,37.75,30.7,71.3,43.5,77.5,61.9,63.6,85.9,36.45,54.6,13.95,8.01,56.4,84.2,85.2,85.1,442.0,419.5,457.0,423.0,91.9,107.0,192.5,330.5,39.9,120.0,143.0,86.4,182.0,49.0,95.3,77.1,36.6
34.3,26.2,53.0,75.5,88.2,71.0,9.87,63.0,95.2,24.0,28.95,334.5,123.5,27.5,126.0,252.5,11.8,44.0,32.55,40.05,116.5,38.2,13.25,16.15,24.6,44.8,146.0,411.5,32.4,60.1,47.8,26.45,26.35,361.0,196.5,249.5,47.8,11.35,158.0,32.85,15.45,84.2,18.3,47.1,58.0,181.0,4.63,9.98,50.8,32.45,15.1,13.0,85.3,21.5,264.5,75.6,9.49,43.5,73.5,101.0,59.8,89.5,73.8,247.5,48.25,11.85,102.0,119.0,23.25,25.4,85.0,217.0,223.0,34.65,77.9,44.9,11.1,24.8,9.26,16.1,14.5,18.35,243.0,16.95,28.3,9.15,31.95,8.11,9.05,16.9,16.15,50.7,48.65,7.97,18.15,11.85,22.85,11.7,7.84,9.01,17.65,17.05,228.5,53.4,3765.0,30.0,105.5,71.6,102.0,71.0,24.2,113.5,78.6,11.6,63.7,59.6,10.2,37.75,30.7,71.4,43.45,77.5,61.9,63.6,85.9,36.45,54.6,13.95,8.0,56.3,84.2,85.2,85.1,442.0,419.5,457.0,422.5,91.9,107.5,192.5,330.0,39.85,119.5,143.0,86.4,182.0,49.0,95.3,77.1,36.6
34.25,26.2,53.0,75.5,88.2,71.0,9.87,63.0,95.2,24.0,28.95,334.5,123.5,27.5,126.0,252.5,11.8,44.0,32.55,40.1,116.5,38.2,13.25,16.2,24.65,44.8,146.0,411.5,32.4,60.1,47.8,26.5,26.35,361.0,196.5,249.5,47.8,11.35,158.0,32.85,15.45,84.2,18.3,47.1,58.0,181.0,4.63,9.98,50.9,32.45,15.1,12.95,85.3,21.5,265.0,75.5,9.49,43.5,73.5,101.0,59.8,89.6,73.8,248.0,48.3,11.85,102.0,119.0,23.25,25.35,85.0,216.5,223.0,34.65,77.9,44.85,11.05,24.8,9.26,16.1,14.5,18.35,243.0,17.0,28.3,9.13,31.95,8.11,9.05,16.9,16.15,50.8,48.65,7.97,18.15,11.85,22.85,11.7,7.85,9.01,17.65,17.1,228.5,53.3,3765.0,30.0,105.5,71.6,102.5,71.0,24.2,113.5,78.6,11.6,63.4,59.6,10.25,37.75,30.7,71.4,43.45,77.5,61.7,63.7,85.7,36.45,54.6,13.9,8.0,56.3,84.2,85.2,85.1,442.0,419.5,457.0,422.5,92.4,107.0,192.5,330.0,39.85,120.0,143.0,86.4,182.0,49.0,95.2,77.1,36.6
34.25,26.2,53.0,75.5,88.2,71.0,9.88,63.1,95.1,24.0,29.0,334.5,123.5,27.5,126.0,252.5,11.75,44.0,32.55,40.1,116.5,38.2,13.25,16.15,24.6,44.8,146.0,411.0,32.4,60.1,47.8,26.5,26.35,361.0,196.5,249.5,47.8,11.4,158.0,32.85,15.45,84.3,18.3,47.1,58.0,181.0,4.63,9.97,50.9,32.45,15.1,13.0,85.3,21.45,265.0,75.5,9.49,43.5,73.6,101.0,59.8,89.7,73.8,248.0,48.3,11.85,102.0,119.0,23.15,25.35,85.0,217.0,222.5,34.65,77.9,44.9,11.05,24.8,9.26,16.1,14.55,18.35,243.0,17.0,28.3,9.13,31.95,8.11,9.05,16.9,16.15,50.8,48.6,7.97,18.15,11.8,22.75,11.75,7.85,9.02,17.65,17.05,228.5,53.3,3765.0,30.0,105.5,71.6,102.5,71.0,24.2,113.5,78.6,11.6,63.4,59.7,10.25,37.8,30.7,71.4,43.5,77.5,61.7,63.7,85.7,36.45,54.6,13.95,8.0,56.3,84.2,85.2,85.1,442.0,419.5,457.0,422.0,92.6,107.5,192.5,330.0,39.85,120.0,143.0,86.4,182.0,49.0,95.2,77.1,36.65
34.3,26.2,53.0,75.5,88.2,71.0,9.87,63.1,95.1,24.0,29.0,335.0,124.0,27.5,126.0,253.0,11.75,44.0,32.55,40.1,116.5,38.2,13.25,16.15,24.65,44.8,146.0,410.5,32.4,60.1,47.8,26.5,26.35,361.0,196.5,249.5,47.8,11.35,158.0,32.85,15.45,84.3,18.35,47.1,58.1,181.0,4.63,9.97,50.8,32.45,15.15,12.95,85.3,21.5,265.0,75.5,9.49,43.5,73.5,101.0,59.8,89.7,73.8,248.0,48.25,11.8,101.5,119.0,23.15,25.4,85.0,217.0,222.0,34.6,77.8,44.9,11.05,24.8,9.25,16.1,14.5,18.35,243.0,16.95,28.3,9.13,31.95,8.11,9.05,16.85,16.1,50.7,48.65,7.96,18.15,11.85,22.8,11.7,7.85,9.01,17.65,17.05,228.5,53.4,3765.0,30.0,105.5,71.6,102.5,71.0,24.2,113.5,78.6,11.6,63.4,59.6,10.2,37.8,30.7,71.4,43.5,77.6,61.7,63.7,85.7,36.45,54.6,13.95,8.01,56.3,84.3,85.2,85.1,442.0,419.5,457.0,422.0,92.4,107.5,192.5,330.0,39.85,120.0,143.0,86.4,182.0,49.0,95.5,77.1,36.6
34.3,26.2,53.0,75.5,88.2,71.0,9.87,63.1,95.1,24.0,29.0,335.0,124.0,27.5,125.5,253.0,11.8,44.0,32.55,40.1,116.5,38.2,13.25,16.2,24.65,44.8,146.0,410.0,32.4,60.1,47.8,26.5,26.35,361.0,196.5,249.5,47.8,11.4,158.0,32.85,15.5,84.3,18.3,47.1,58.1,181.0,4.63,9.97,50.9,32.45,15.1,12.95,85.3,21.5,264.5,75.5,9.48,43.5,73.5,101.0,59.8,89.7,73.8,248.0,48.3,11.85,101.5,119.0,23.15,25.4,85.0,217.0,222.0,34.6,77.9,44.9,11.05,24.8,9.26,16.05,14.5,18.35,243.0,17.0,28.3,9.13,31.95,8.11,9.05,16.85,16.1,50.7,48.65,7.97,18.15,11.85,22.8,11.7,7.85,9.02,17.65,17.1,228.5,53.3,3765.0,30.0,105.5,71.6,102.5,71.0,24.2,113.5,78.6,11.6,63.4,59.7,10.25,37.8,30.7,71.4,43.5,77.5,61.7,63.8,85.6,36.45,54.6,13.95,8.0,56.3,84.3,85.2,85.2,442.0,419.5,457.0,421.5,92.3,107.0,192.5,330.0,39.85,120.0,143.0,86.4,182.0,49.05,95.5,77.1,36.6
34.3,26.2,53.0,75.5,88.2,71.0,9.88,63.1,95.2,23.95,29.0,335.0,124.0,27.5,126.0,253.0,11.75,44.0,32.55,40.1,116.5,38.2,13.25,16.15,24.65,44.8,146.0,411.5,32.4,60.1,47.8,26.5,26.35,361.0,196.5,249.5,47.8,11.35,158.5,32.9,15.45,84.2,18.35,47.1,58.1,180.5,4.63,9.98,50.9,32.45,15.1,13.0,85.3,21.5,264.5,75.5,9.48,43.5,73.6,101.0,59.7,89.7,73.8,247.5,48.25,11.85,102.0,118.5,23.15,25.4,85.0,217.0,221.5,34.7,77.9,44.9,11.1,24.8,9.26,16.05,14.55,18.35,243.0,16.95,28.3,9.13,31.95,8.11,9.05,16.85,16.1,50.8,48.65,7.97,18.15,11.8,22.8,11.75,7.85,9.02,17.65,17.1,228.5,53.3,3770.0,30.0,105.0,71.6,102.5,71.0,24.15,113.5,78.6,11.6,63.4,59.8,10.25,37.8,30.7,71.4,43.5,77.5,61.7,63.8,85.8,36.45,54.5,13.95,8.01,56.3,84.3,85.2,85.2,442.0,419.5,457.0,421.5,92.3,107.0,192.5,330.0,39.85,119.5,143.0,86.4,182.0,49.05,95.2,77.1,36.6
34.25,26.2,53.0,75.5,88.2,71.0,9.87,63.1,95.2,24.0,29.0,335.0,124.0,27.5,126.5,253.0,11.8,44.05,32.55,40.05,116.5,38.2,13.25,16.15,24.65,44.8,146.0,411.5,32.4,60.1,47.8,26.5,26.35,361.0,196.5,249.5,47.8,11.4,158.5,32.9,15.5,84.3,18.35,47.1,58.1,180.5,4.63,9.97,50.8,32.45,15.1,13.0,85.3,21.5,265.0,75.5,9.49,43.5,73.6,101.0,59.8,89.7,73.8,247.5,48.25,11.85,102.0,118.5,23.15,25.4,85.0,217.0,222.0,34.65,77.9,44.9,11.1,24.8,9.26,16.1,14.5,18.35,243.0,16.95,28.3,9.13,31.95,8.11,9.05,16.85,16.1,50.8,48.65,7.96,18.15,11.85,22.8,11.75,7.85,9.02,17.65,17.1,228.5,53.3,3765.0,30.0,105.5,71.6,102.5,71.0,24.15,113.5,78.7,11.6,63.4,59.7,10.2,37.8,30.7,71.4,43.5,77.4,61.7,63.8,85.8,36.45,54.5,13.95,8.01,56.3,84.3,85.2,85.2,442.0,419.5,457.0,421.0,92.1,107.0,192.5,330.5,39.85,119.5,143.0,86.4,182.0,49.05,95.2,77.1,36.6
34.25,26.2,53.0,75.6,88.2,71.0,9.87,63.0,95.2,24.0,28.95,335.0,124.0,27.5,126.0,253.0,11.75,44.0,32.55,40.05,116.5,38.2,13.25,16.15,24.65,44.8,145.5,411.5,32.4,60.1,47.8,26.5,26.3,361.0,196.5,249.5,47.8,11.4,158.5,32.9,15.5,84.3,18.35,47.15,58.1,180.5,4.63,9.97,51.0,32.45,15.15,13.0,85.4,21.45,264.5,75.5,9.49,43.5,73.6,101.0,59.8,89.7,73.9,247.5,48.25,11.85,102.0,119.0,23.15,25.4,85.0,217.0,222.0,34.6,77.9,44.9,11.1,24.8,9.26,16.1,14.55,18.4,243.0,17.0,28.3,9.13,31.95,8.11,9.05,16.85,16.15,50.8,48.65,7.97,18.15,11.85,22.8,11.7,7.85,9.02,17.6,17.1,228.5,53.3,3760.0,30.0,105.5,71.6,102.5,71.0,24.15,113.5,78.8,11.6,63.5,59.7,10.2,37.75,30.7,71.4,43.5,77.5,61.7,63.8,85.6,36.45,54.6,13.95,8.01,56.4,84.4,85.2,85.2,442.0,419.5,457.0,420.5,92.1,107.5,192.5,330.5,39.85,119.5,143.0,86.4,182.0,49.05,95.2,77.1,36.6
34.25,26.2,53.0,75.6,88.1,71.0,9.87,63.0,95.1,23.95,28.95,335.0,124.0,27.45,126.0,253.0,11.8,44.05,32.55,40.0,117.0,38.2,13.25,16.15,24.6,44.8,145.5,411.5,32.45,60.0,47.8,26.5,26.3,360.0,196.5,249.5,47.8,11.35,158.0,32.85,15.5,84.2,18.3,47.1,58.1,180.5,4.64,9.97,50.9,32.45,15.15,12.95,85.3,21.5,264.5,75.5,9.49,43.5,73.6,101.0,59.8,89.7,73.8,247.5,48.25,11.8,102.0,119.0,23.15,25.4,84.8,216.5,221.5,34.7,78.0,44.9,11.05,24.8,9.26,16.1,14.5,18.4,243.0,16.95,28.3,9.13,31.9,8.11,9.05,16.85,16.15,50.8,48.6,7.96,18.15,11.85,22.8,11.75,7.85,9.01,17.6,17.1,228.5,53.3,3760.0,30.0,105.5,71.6,102.5,71.0,24.15,113.5,78.8,11.6,63.5,59.6,10.25,37.7,30.7,71.4,43.5,77.4,61.7,63.7,85.6,36.5,54.5,13.95,8.02,56.4,84.4,85.2,85.2,442.0,419.5,457.0,419.0,92.1,107.0,192.5,330.5,39.85,119.5,143.0,86.4,181.5,49.05,95.1,77.1,36.6
34.3,26.2,52.9,75.6,88.1,70.9,9.87,63.1,95.1,23.95,28.95,335.0,124.0,27.4,126.0,253.0,11.85,44.05,32.5,40.0,117.0,38.2,13.25,16.15,24.6,44.8,146.0,411.5,32.45,60.0,47.95,26.5,26.35,359.5,196.5,249.5,47.8,11.4,158.0,32.85,15.5,84.3,18.35,47.1,58.1,181.0,4.64,9.97,50.8,32.45,15.15,13.0,85.3,21.5,264.5,75.5,9.48,43.5,73.5,101.0,59.8,89.7,73.8,247.5,48.25,11.8,102.0,119.0,23.15,25.4,84.8,217.0,222.0,34.65,78.0,44.9,11.05,24.8,9.26,16.05,14.5,18.4,243.0,17.0,28.2,9.13,31.95,8.11,9.05,16.85,16.15,50.8,48.65,7.96,18.15,11.85,22.85,11.75,7.86,9.02,17.65,17.1,228.5,53.3,3760.0,30.0,105.5,71.6,102.5,71.1,24.15,113.5,78.8,11.6,63.5,59.6,10.25,37.7,30.7,71.5,43.5,77.4,61.7,63.6,85.6,36.45,54.5,14.0,8.02,56.5,84.4,85.2,85.2,442.0,419.5,457.0,419.0,92.1,107.0,192.5,330.0,39.85,119.5,143.0,86.4,181.5,49.05,95.2,77.1,36.6
34.3,26.2,53.0,75.6,88.1,71.0,9.88,62.9,95.1,23.95,28.95,335.0,123.5,27.4,126.0,253.0,11.85,44.05,32.5,40.0,116.5,38.2,13.25,16.15,24.6,44.85,146.0,411.5,32.45,60.1,47.95,26.5,26.35,359.5,196.5,249.5,47.8,11.4,158.0,32.9,15.5,84.2,18.35,47.1,58.1,181.0,4.64,9.97,50.8,32.45,15.1,13.0,85.4,21.5,265.0,75.5,9.48,43.5,73.5,101.0,59.8,89.6,73.8,247.5,48.25,11.8,102.0,119.0,23.15,25.4,84.8,217.0,222.0,34.7,78.0,44.95,11.05,24.8,9.26,16.05,14.5,18.4,243.0,17.0,28.2,9.13,31.95,8.11,9.05,16.85,16.15,50.7,48.65,7.96,18.15,11.85,22.8,11.7,7.85,9.0,17.6,17.1,228.5,53.3,3760.0,30.0,105.5,71.6,102.0,71.1,24.15,113.5,78.8,11.6,63.5,59.6,10.2,37.7,30.75,71.4,43.5,77.4,61.7,63.6,85.7,36.45,54.5,14.0,8.03,56.5,84.4,85.2,85.2,442.0,419.5,457.0,419.0,92.2,107.0,192.5,330.0,39.85,119.5,143.0,86.4,181.5,49.05,95.2,77.1,36.6
34.3,26.2,53.0,75.5,88.1,71.0,9.88,63.0,95.1,23.95,28.95,335.0,123.5,27.4,126.5,253.0,11.8,44.05,32.55,40.0,116.5,38.2,13.25,16.1,24.65,44.85,146.0,411.5,32.45,60.1,47.95,26.5,26.35,359.5,196.5,249.5,47.8,11.4,158.0,32.9,15.45,84.2,18.35,47.1,58.0,181.0,4.63,9.97,50.9,32.5,15.1,13.0,85.4,21.45,265.0,75.5,9.48,43.5,73.5,101.5,59.8,89.5,73.8,247.5,48.25,11.8,102.0,118.5,23.15,25.4,84.8,217.0,222.0,34.65,77.9,44.95,11.1,24.8,9.26,16.05,14.5,18.4,243.0,17.0,28.2,9.13,31.95,8.11,9.05,16.85,16.15,50.8,48.65,7.96,18.15,11.85,22.8,11.7,7.86,9.01,17.6,17.05,229.0,53.3,3760.0,30.05,105.0,71.6,102.5,71.1,24.15,113.5,78.8,11.6,63.5,59.6,10.2,37.7,30.75,71.5,43.5,77.4,61.7,63.6,85.7,36.45,54.5,14.0,8.02,56.5,84.2,85.2,85.2,442.0,419.5,457.0,419.0,92.1,107.0,192.5,330.0,39.85,120.0,143.0,86.4,181.5,49.05,95.4,77.1,36.6
34.25,26.2,52.9,75.5,88.1,70.9,9.88,63.0,95.2,23.95,28.95,335.0,123.5,27.4,126.0,253.0,11.8,44.05,32.55,40.0,116.5,38.2,13.25,16.1,24.65,44.85,146.0,411.5,32.35,60.1,47.95,26.5,26.35,359.5,196.5,249.5,47.8,11.35,158.0,32.9,15.45,84.2,18.35,47.1,58.0,180.5,4.63,9.97,50.9,32.5,15.15,13.0,85.2,21.5,265.0,75.5,9.48,43.5,73.5,101.5,59.8,89.6,73.9,247.5,48.25,11.85,102.0,119.0,23.15,25.35,84.8,216.5,222.0,34.7,77.9,44.9,11.05,24.8,9.26,16.05,14.55,18.4,243.0,17.0,28.2,9.13,31.9,8.1,9.05,16.85,16.1,50.8,48.65,7.96,18.15,11.85,22.85,11.7,7.86,9.01,17.65,17.1,229.0,53.4,3760.0,30.05,105.5,71.6,102.0,71.1,24.15,113.0,78.8,11.6,63.5,59.6,10.2,37.7,30.7,71.5,43.5,77.4,61.7,63.5,85.7,36.55,54.5,14.0,8.02,56.5,84.4,85.2,85.2,442.0,420.0,457.0,419.0,92.1,107.5,192.5,330.0,39.85,120.0,143.0,86.4,181.5,49.05,95.4,77.1,36.6
34.3,26.2,53.0,75.5,88.1,71.0,9.88,62.9,95.2,24.0,29.0,335.0,123.5,27.4,126.0,253.0,11.8,44.05,32.55,40.0,116.5,38.2,13.25,16.1,24.65,44.85,146.0,410.5,32.35,60.1,47.95,26.55,26.35,359.5,196.5,249.5,47.8,11.4,158.0,32.9,15.5,84.2,18.35,47.15,58.0,180.5,4.63,9.97,51.0,32.5,15.15,13.0,85.4,21.5,265.0,75.5,9.48,43.5,73.5,101.5,59.8,89.7,73.9,247.5,48.25,11.8,102.0,119.0,23.1,25.4,84.8,217.0,222.0,34.7,78.0,44.95,11.1,24.8,9.26,16.05,14.5,18.4,243.0,17.0,28.2,9.13,31.95,8.11,9.05,16.85,16.15,50.8,48.65,7.96,18.15,11.85,22.85,11.7,7.85,9.01,17.65,17.1,228.5,53.3,3760.0,30.05,105.5,71.6,102.0,71.1,24.15,112.5,78.8,11.6,63.5,59.6,10.25,37.75,30.7,71.5,43.5,77.4,61.7,63.6,85.7,36.55,54.5,14.0,8.0,56.5,84.4,85.2,85.2,442.0,420.0,457.0,419.0,92.1,107.5,192.5,330.0,39.85,120.0,143.0,86.4,181.5,49.05,95.2,77.1,36.6
34.3,26.2,53.0,75.5,88.2,71.0,9.88,63.0,95.2,24.0,29.0,335.0,123.5,27.4,125.5,253.0,11.8,44.05,32.55,40.05,116.5,38.2,13.25,16.15,24.65,44.85,146.5,410.5,32.35,60.1,47.95,26.5,26.35,359.5,196.5,249.5,47.8,11.35,158.0,32.9,15.5,84.1,18.35,47.2,58.0,181.0,4.63,9.96,51.0,32.45,15.15,13.0,85.4,21.5,265.0,75.5,9.47,43.45,73.5,101.5,59.8,89.7,73.9,247.5,48.2,11.8,102.0,119.0,23.1,25.4,84.8,216.5,222.0,34.7,78.0,44.9,11.05,24.85,9.26,16.05,14.5,18.4,242.5,17.0,28.2,9.13,31.9,8.11,9.05,16.85,16.15,50.8,48.65,7.97,18.15,11.85,22.85,11.7,7.85,9.0,17.6,17.1,228.5,53.3,3760.0,30.05,105.0,71.6,102.5,71.2,24.15,112.5,78.8,11.6,63.5,59.6,10.2,37.7,30.7,71.5,43.5,77.4,61.7,63.6,85.8,36.6,54.5,14.0,7.99,56.5,84.4,85.3,85.3,442.0,420.0,457.0,419.0,92.0,107.5,192.5,330.0,39.85,120.0,143.0,86.4,181.5,49.05,95.3,77.1,36.65
34.3,26.2,53.0,75.6,88.2,71.0,9.89,62.9,95.2,24.0,29.0,334.5,123.5,27.45,125.5,253.0,11.8,44.05,32.55,40.05,116.5,38.2,13.25,16.15,24.65,44.85,146.5,410.5,32.4,60.1,47.95,26.5,26.35,359.5,196.5,249.5,47.8,11.4,158.0,32.9,15.45,84.1,18.3,47.2,58.1,181.0,4.63,9.97,50.8,32.5,15.1,12.95,85.4,21.45,265.0,75.5,9.47,43.45,73.6,101.5,59.8,89.8,73.9,247.5,48.2,11.8,102.0,119.0,23.15,25.4,84.8,217.0,222.0,34.65,77.9,44.9,11.05,24.85,9.26,16.05,14.5,18.4,242.5,17.0,28.2,9.13,31.95,8.12,9.05,16.9,16.15,50.7,48.65,7.97,18.15,11.85,22.85,11.7,7.86,9.0,17.65,17.1,228.5,53.3,3765.0,30.05,105.5,71.6,102.0,71.2,24.15,112.5,78.6,11.6,63.5,59.7,10.25,37.7,30.7,71.4,43.4,77.4,61.7,63.5,85.8,36.6,54.5,14.0,8.0,56.5,84.4,85.3,85.3,442.0,420.0,457.0,420.0,92.0,107.5,192.5,330.0,39.85,120.0,143.0,86.4,181.5,49.05,95.4,77.1,36.65
34.25,26.2,52.9,75.6,88.2,71.0,9.88,62.9,95.1,24.0,29.0,334.5,124.0,27.45,125.5,253.0,11.8,44.05,32.55,40.05,116.5,38.2,13.25,16.15,24.65,44.85,146.5,410.5,32.35,60.2,47.95,26.5,26.35,359.5,196.5,249.5,47.8,11.35,157.5,32.9,15.45,84.1,18.3,47.2,58.1,180.5,4.64,9.97,51.0,32.5,15.1,13.0,85.4,21.45,264.5,75.5,9.47,43.45,73.5,101.0,59.7,89.8,73.9,247.5,48.2,11.8,102.0,119.0,23.15,25.4,84.8,216.5,222.0,34.75,77.9,44.9,11.05,24.85,9.26,16.05,14.5,18.35,243.0,16.95,28.2,9.13,31.95,8.11,9.05,16.9,16.15,50.8,48.65,7.97,18.15,11.85,22.85,11.75,7.86,9.01,17.65,17.1,228.5,53.3,3765.0,30.05,105.5,71.6,102.0,71.2,24.15,112.5,78.5,11.6,63.6,59.6,10.25,37.75,30.7,71.4,43.4,77.5,61.7,63.5,85.9,36.5,54.5,14.0,8.0,56.4,84.7,85.3,85.3,442.0,420.0,457.0,419.5,92.1,107.0,192.5,330.5,39.85,119.5,143.0,86.4,181.5,49.05,95.4,77.1,36.7
34.25,26.2,52.9,75.6,88.2,71.0,9.87,62.8,95.1,24.0,29.0,334.5,124.0,27.45,125.5,253.0,11.8,44.05,32.55,40.05,116.5,38.2,13.25,16.15,24.65,44.85,146.5,410.5,32.4,60.1,47.95,26.5,26.35,359.5,196.5,249.5,47.8,11.35,158.0,32.85,15.45,84.1,18.3,47.15,58.1,181.0,4.64,9.97,50.9,32.5,15.1,13.0,85.3,21.45,264.5,75.5,9.47,43.45,73.5,101.0,59.8,89.7,73.8,248.0,48.2,11.85,102.0,119.5,23.15,25.4,84.8,216.5,222.0,34.75,77.9,44.9,11.05,24.85,9.26,16.05,14.5,18.35,243.0,17.0,28.2,9.14,31.95,8.11,9.05,16.9,16.15,50.8,48.65,7.97,18.15,11.85,22.8,11.75,7.86,9.01,17.6,17.1,228.5,53.3,3765.0,30.05,105.0,71.6,102.0,71.2,24.15,112.5,78.5,11.6,63.6,59.6,10.2,37.7,30.7,71.4,43.4,77.4,61.7,63.5,85.8,36.5,54.4,14.0,7.99,56.4,84.8,85.2,85.3,442.0,420.0,457.0,420.0,92.1,107.5,192.5,330.5,39.85,120.0,143.0,86.4,181.5,49.1,95.2,77.1,36.7
34.3,26.2,53.0,75.6,88.2,71.0,9.87,63.0,95.1,24.0,29.0,334.5,124.0,27.45,126.0,253.0,11.8,44.1,32.55,40.05,116.5,38.2,13.25,16.1,24.65,44.85,146.5,410.5,32.45,60.1,47.95,26.5,26.35,359.5,196.5,249.5,47.85,11.4,158.0,32.9,15.45,84.1,18.3,47.15,58.0,181.0,4.64,9.97,51.0,32.5,15.15,13.0,85.4,21.5,264.5,75.5,9.46,43.45,73.6,101.0,59.8,89.8,73.9,248.0,48.25,11.85,101.5,119.5,23.15,25.4,84.8,216.5,222.5,34.75,77.8,44.9,11.1,24.85,9.26,16.1,14.5,18.35,243.0,17.0,28.25,9.14,31.9,8.11,9.05,16.85,16.15,50.7,48.65,7.97,18.1,11.85,22.85,11.75,7.86,9.01,17.65,17.1,228.5,53.3,3760.0,30.05,105.5,71.6,102.0,71.1,24.15,113.0,78.5,11.6,63.6,59.6,10.2,37.7,30.7,71.5,43.35,77.5,61.7,63.5,85.8,36.45,54.4,13.95,8.01,56.4,84.8,85.2,85.3,441.5,420.0,457.0,420.0,92.0,107.5,192.5,330.5,39.85,120.0,143.0,86.4,182.0,49.1,95.2,77.1,36.7
34.3,26.2,53.0,75.6,88.2,70.9,9.87,62.9,95.1,24.0,29.0,334.5,124.0,27.45,126.0,253.0,11.75,44.1,32.6,40.05,116.5,38.2,13.25,16.15,24.6,44.85,146.5,410.5,32.45,60.1,47.95,26.5,26.35,359.5,196.5,249.5,47.8,11.35,158.0,32.85,15.45,84.0,18.3,47.15,58.1,180.5,4.63,9.97,51.0,32.45,15.15,12.95,85.4,21.5,264.5,75.5,9.46,43.45,73.6,101.0,59.8,89.6,73.9,248.0,48.3,11.8,102.0,119.5,23.15,25.4,85.0,216.5,222.5,34.7,77.9,44.9,11.1,24.85,9.27,16.1,14.5,18.35,243.0,17.0,28.25,9.14,31.95,8.11,9.05,16.85,16.15,50.8,48.6,7.96,18.15,11.85,22.85,11.7,7.86,9.01,17.6,17.1,228.5,53.3,3760.0,30.05,105.5,71.6,102.5,71.1,24.15,113.0,78.5,11.6,63.6,59.6,10.25,37.7,30.7,71.4,43.35,77.5,61.7,63.5,85.9,36.5,54.5,13.95,8.01,56.4,84.8,85.2,85.3,441.5,420.0,457.0,420.0,92.1,107.5,192.5,330.5,39.85,120.0,143.0,86.4,182.0,49.1,95.4,77.1,36.65
34.25,26.2,52.9,75.6,88.1,71.0,9.87,63.0,95.1,24.0,29.0,334.5,124.0,27.45,125.5,253.0,11.8,44.05,32.6,40.05,116.5,38.2,13.25,16.1,24.65,44.85,146.5,410.5,32.45,60.1,47.95,26.5,26.35,359.5,196.5,249.5,47.8,11.35,158.0,32.9,15.5,84.0,18.3,47.1,58.1,181.0,4.63,9.97,51.0,32.45,15.15,13.0,85.4,21.5,264.5,75.5,9.46,43.45,73.6,101.5,59.8,89.6,73.9,248.0,48.25,11.8,102.0,119.5,23.15,25.4,85.0,216.5,222.5,34.7,77.9,44.9,11.1,24.8,9.27,16.1,14.55,18.4,243.0,16.95,28.25,9.14,31.9,8.1,9.05,16.85,16.15,50.8,48.65,7.97,18.1,11.85,22.85,11.75,7.86,9.01,17.65,17.1,228.5,53.3,3760.0,30.05,105.0,71.6,102.5,71.1,24.1,113.0,78.5,11.6,63.6,59.6,10.2,37.75,30.7,71.5,43.35,77.5,61.7,63.5,85.8,36.5,54.5,13.95,8.01,56.4,84.8,85.2,85.3,441.5,420.0,457.0,420.0,92.0,107.5,192.5,330.0,39.85,120.0,143.0,86.4,182.0,49.1,95.4,77.1,36.65
34.25,26.2,53.0,75.5,88.1,71.0,9.87,62.8,95.1,24.0,29.0,334.5,124.0,27.45,125.5,253.0,11.8,44.1,32.6,40.0,116.5,38.2,13.25,16.1,24.65,44.9,146.5,410.5,32.4,60.1,47.85,26.5,26.35,359.5,196.5,249.5,47.85,11.4,158.0,32.9,15.5,84.1,18.3,47.1,58.1,180.5,4.63,9.97,50.9,32.45,15.15,13.0,85.4,21.45,264.5,75.5,9.47,43.45,73.5,101.5,59.8,89.7,73.9,247.5,48.25,11.85,102.0,119.5,23.15,25.35,85.0,216.5,222.0,34.75,77.8,44.9,11.05,24.85,9.26,16.1,14.5,18.4,243.0,17.0,28.25,9.14,31.95,8.11,9.04,16.85,16.15,50.7,48.65,7.97,18.15,11.85,22.85,11.7,7.86,9.02,17.65,17.1,229.0,53.3,3760.0,30.05,105.0,71.6,102.5,71.2,24.1,112.5,78.5,11.6,63.6,59.6,10.2,37.75,30.7,71.4,43.35,77.4,61.7,63.5,85.8,36.5,54.5,13.95,8.02,56.4,84.8,85.2,85.3,441.5,420.0,457.0,420.0,92.0,107.0,192.5,330.0,39.85,120.0,143.0,86.4,182.0,49.1,95.2,77.1,36.65
34.25,26.2,53.0,75.5,88.1,71.0,9.87,62.8,95.1,24.0,29.0,334.5,124.0,27.4,126.0,253.0,11.8,44.1,32.6,40.05,116.5,38.2,13.25,16.15,24.65,44.9,146.5,410.5,32.4,60.1,47.85,26.5,26.35,359.5,196.5,249.5,47.8,11.35,158.0,32.9,15.5,84.1,18.3,47.1,58.1,181.0,4.63,9.97,50.9,32.45,15.1,12.95,85.4,21.5,265.0,75.5,9.47,43.45,73.4,101.0,59.8,89.7,73.9,247.5,48.25,11.8,102.0,119.5,23.15,25.35,85.0,216.5,222.0,34.75,77.9,44.85,11.05,24.8,9.26,16.1,14.5,18.4,243.0,17.0,28.2,9.14,31.95,8.11,9.04,16.9,16.15,50.8,48.65,7.99,18.15,11.85,22.85,11.75,7.86,9.02,17.6,17.1,228.5,53.3,3765.0,30.05,105.5,71.6,102.5,71.2,24.1,112.5,78.5,11.6,63.6,59.6,10.25,37.7,30.7,71.4,43.35,77.5,61.7,63.5,85.8,36.5,54.5,13.95,8.03,56.4,84.8,85.2,85.3,441.5,420.0,457.0,420.0,92.0,107.5,192.5,330.0,39.85,120.0,143.0,86.4,182.0,49.05,95.2,77.1,36.7
34.3,26.2,53.0,75.5,88.1,71.0,9.87,62.9,95.1,24.0,29.0,334.5,124.0,27.4,125.5,253.5,11.8,44.1,32.6,40.05,116.5,38.2,13.25,16.1,24.6,44.9,146.5,411.0,32.4,60.1,47.85,26.5,26.35,359.5,196.5,249.5,47.8,11.35,158.0,32.9,15.5,84.1,18.3,47.1,58.1,181.0,4.63,9.97,51.0,32.45,15.1,13.0,85.4,21.45,265.0,75.5,9.47,43.45,73.5,101.0,59.8,89.8,73.9,247.5,48.25,11.8,102.0,119.5,23.15,25.35,85.0,216.5,222.0,34.75,77.9,44.85,11.05,24.8,9.26,16.1,14.5,18.35,242.5,17.0,28.2,9.13,31.95,8.11,9.05,16.9,16.1,50.8,48.6,7.99,18.15,11.85,22.85,11.75,7.86,9.02,17.6,17.1,228.5,53.2,3765.0,30.05,105.5,71.6,102.0,71.2,24.1,112.5,78.5,11.55,63.6,59.7,10.2,37.7,30.7,71.4,43.4,77.5,61.7,63.5,85.8,36.5,54.5,13.95,8.02,56.4,84.8,85.2,85.3,441.5,420.0,457.0,421.5,92.0,107.5,192.5,330.0,39.85,120.0,143.0,86.4,182.0,49.05,95.1,77.1,36.7
34.25,26.2,53.0,75.5,88.2,71.0,9.87,62.9,95.1,24.0,29.0,334.5,124.0,27.4,125.5,253.5,11.8,44.1,32.6,40.05,116.5,38.2,13.25,16.15,24.6,44.9,146.5,411.0,32.4,60.1,47.85,26.5,26.35,359.5,196.5,249.5,47.8,11.35,158.0,32.85,15.5,84.1,18.35,47.1,58.0,181.0,4.63,9.97,51.0,32.45,15.1,12.95,85.4,21.5,265.0,75.5,9.47,43.45,73.5,101.5,59.8,89.8,73.9,247.5,48.25,11.85,102.0,119.5,23.15,25.4,85.0,217.0,222.0,34.75,77.9,44.9,11.1,24.85,9.26,16.1,14.5,18.35,242.5,17.0,28.2,9.13,31.95,8.11,9.05,16.9,16.1,50.7,48.65,7.99,18.1,11.85,22.85,11.7,7.86,9.02,17.65,17.1,228.5,53.2,3765.0,30.05,105.5,71.6,102.5,71.1,24.1,112.5,78.5,11.55,63.6,59.6,10.25,37.7,30.65,71.5,43.4,77.5,61.7,63.5,85.8,36.5,54.5,13.95,8.02,56.4,84.9,85.2,85.3,441.5,420.0,457.0,421.5,92.0,107.5,192.5,330.0,39.85,120.0,143.0,86.4,181.5,49.05,95.1,77.1,36.7
34.25,26.2,53.0,75.5,88.2,71.0,9.87,62.9,95.1,24.0,29.0,334.5,124.0,27.4,125.5,253.5,11.8,44.1,32.6,40.05,116.5,38.2,13.25,16.2,24.65,44.9,146.0,411.0,32.4,60.1,47.85,26.5,26.3,359.5,196.5,249.5,47.8,11.35,158.0,32.9,15.5,84.2,18.35,47.1,58.0,180.5,4.63,9.97,51.0,32.45,15.1,12.95,85.4,21.45,265.0,75.5,9.47,43.5,73.5,101.5,59.8,89.7,73.9,247.5,48.25,11.8,102.0,119.5,23.15,25.4,85.0,217.0,222.0,34.75,77.9,44.95,11.05,24.85,9.26,16.1,14.5,18.35,242.5,16.95,28.2,9.13,31.95,8.11,9.05,16.9,16.15,50.7,48.6,7.99,18.1,11.85,22.8,11.75,7.86,9.02,17.65,17.1,228.5,53.2,3765.0,30.05,105.5,71.6,102.5,71.2,24.1,113.0,78.5,11.55,63.6,59.6,10.2,37.7,30.65,71.5,43.35,77.5,61.7,63.5,85.8,36.5,54.5,13.95,8.02,56.4,84.9,85.2,85.3,441.5,420.0,457.0,421.5,92.0,107.5,192.5,330.5,39.85,120.0,143.0,86.4,181.5,49.05,95.3,77.1,36.7
34.25,26.2,53.0,75.5,88.2,70.9,9.87,63.0,95.1,23.95,29.0,334.5,124.0,27.45,125.5,253.5,11.85,44.1,32.6,40.05,117.0,38.15,13.25,16.15,24.65,44.95,146.0,411.0,32.4,60.1,47.85,26.5,26.35,360.0,196.5,249.5,47.8,11.35,158.0,32.9,15.5,84.1,18.35,47.1,58.0,180.5,4.64,9.97,51.1,32.45,15.1,12.95,85.5,21.45,265.0,75.5,9.47,43.5,73.3,101.5,59.8,89.6,73.9,247.5,48.25,11.85,102.0,119.5,23.15,25.4,85.0,216.5,222.0,34.75,77.9,44.95,11.1,24.85,9.26,16.1,14.5,18.35,242.5,17.0,28.2,9.13,31.95,8.1,9.05,16.9,16.15,50.8,48.65,8.0,18.15,11.85,22.85,11.7,7.86,9.02,17.65,17.1,228.5,53.3,3765.0,30.05,105.5,71.6,102.5,71.2,24.1,113.0,78.5,11.55,63.6,59.6,10.2,37.7,30.7,71.4,43.35,77.5,61.7,63.5,85.8,36.5,54.4,13.95,8.02,56.4,84.9,85.2,85.3,441.5,420.0,457.0,421.5,92.0,107.5,192.5,330.5,39.85,120.0,143.0,86.4,181.5,49.05,95.3,77.1,36.7
34.25,26.2,53.0,75.5,88.3,71.0,9.87,62.9,95.1,23.95,29.0,334.5,123.5,27.45,125.5,253.5,11.8,44.15,32.6,40.05,116.5,38.15,13.25,16.1,24.6,44.95,146.0,410.5,32.4,60.1,47.85,26.5,26.35,360.0,196.5,249.5,47.8,11.35,158.0,32.85,15.55,84.2,18.35,47.1,58.1,181.0,4.64,9.97,51.1,32.5,15.15,12.95,85.4,21.45,265.0,75.5,9.47,43.55,73.3,101.5,59.8,89.7,73.9,248.0,48.3,11.85,102.0,119.5,23.15,25.35,85.0,217.0,222.0,34.75,77.9,44.95,11.1,24.85,9.26,16.1,14.5,18.35,242.5,17.0,28.2,9.13,31.95,8.1,9.05,16.9,16.2,50.8,48.65,8.0,18.1,11.85,22.85,11.75,7.86,9.01,17.6,17.1,229.0,53.3,3765.0,30.05,105.5,71.6,102.0,71.2,24.1,113.0,78.5,11.55,63.6,59.6,10.25,37.7,30.7,71.4,43.35,77.5,61.7,63.5,85.8,36.65,54.5,14.0,8.02,56.4,84.9,85.2,85.3,441.5,420.0,457.0,422.0,92.0,107.0,192.5,330.5,39.85,120.0,143.0,86.4,181.5,49.0,95.2,77.1,36.7
34.25,26.2,53.0,75.5,88.4,71.0,9.87,62.9,95.1,23.95,29.0,334.5,123.5,27.45,126.0,253.5,11.8,44.15,32.6,40.1,116.5,38.2,13.25,16.15,24.6,44.95,146.5,412.0,32.4,60.1,47.8,26.5,26.35,360.0,196.5,249.5,47.85,11.4,158.0,32.85,15.55,84.2,18.35,47.1,58.1,180.5,4.64,9.97,51.1,32.45,15.15,12.95,85.5,21.5,265.0,75.5,9.47,43.55,73.5,101.5,59.8,89.6,73.9,248.0,48.25,11.8,101.5,119.5,23.15,25.35,85.0,217.0,222.0,34.8,78.0,45.0,11.1,24.9,9.26,16.1,14.5,18.35,242.5,17.0,28.2,9.13,32.0,8.1,9.05,16.9,16.2,50.8,48.6,8.0,18.15,11.85,22.85,11.75,7.86,9.01,17.6,17.05,229.0,53.3,3765.0,30.05,105.5,71.6,102.5,71.2,24.15,113.0,78.5,11.55,63.8,59.6,10.25,37.7,30.7,71.5,43.35,77.4,61.7,63.5,85.7,36.65,54.5,14.0,8.02,56.4,84.9,85.2,85.3,441.5,420.0,457.0,422.0,92.0,107.5,192.5,330.5,39.85,119.5,143.0,86.4,181.5,49.0,95.3,77.1,36.7
34.25,26.2,53.0,75.5,88.4,71.0,9.87,62.9,95.1,24.0,29.0,334.5,123.5,27.45,126.0,253.0,11.8,44.15,32.6,40.05,116.5,38.2,13.25,16.15,24.65,44.95,146.5,412.0,32.4,60.1,47.8,26.5,26.35,360.0,196.5,249.5,47.85,11.35,158.0,32.85,15.5,84.2,18.35,47.1,58.1,181.0,4.64,9.97,51.2,32.45,15.15,12.95,85.5,21.5,265.0,75.5,9.47,43.55,73.5,101.5,59.9,89.6,73.9,248.0,48.3,11.8,102.0,119.5,23.15,25.35,85.0,217.0,222.0,34.75,78.0,45.0,11.1,24.9,9.26,16.1,14.5,18.35,242.5,17.0,28.2,9.13,32.0,8.1,9.05,16.9,16.2,50.8,48.65,8.0,18.1,11.85,22.85,11.75,7.86,9.01,17.65,17.1,229.0,53.2,3765.0,30.05,105.5,71.6,102.5,71.2,24.1,113.0,78.5,11.55,63.8,59.6,10.2,37.7,30.7,71.4,43.4,77.5,61.7,63.5,85.7,36.65,54.5,14.0,8.02,56.5,84.9,85.2,85.3,441.5,420.0,457.0,422.5,92.0,107.5,192.5,330.5,39.85,120.0,143.0,86.4,181.5,49.0,95.2,77.1,36.7
34.3,26.2,53.0,75.5,88.4,71.0,9.86,62.8,95.1,24.0,29.0,334.5,124.0,27.45,125.5,253.5,11.8,44.1,32.6,40.05,116.5,38.2,13.25,16.15,24.65,44.95,146.5,411.5,32.4,60.1,47.8,26.5,26.35,360.0,196.5,249.5,47.85,11.35,158.0,32.85,15.5,84.2,18.35,47.1,58.1,181.0,4.63,9.97,51.1,32.5,15.15,12.95,85.5,21.45,265.0,75.5,9.47,43.55,73.5,101.5,59.9,89.6,73.9,248.0,48.25,11.85,102.0,119.5,23.15,25.35,85.0,217.0,222.5,34.8,78.0,44.95,11.1,24.95,9.26,16.1,14.5,18.3,242.5,16.95,28.2,9.13,32.0,8.1,9.05,16.9,16.2,50.7,48.65,8.0,18.1,11.85,22.85,11.75,7.86,9.01,17.65,17.1,228.5,53.3,3765.0,30.05,106.0,71.6,102.5,71.2,24.1,113.0,78.5,11.55,63.8,59.6,10.2,37.7,30.7,71.5,43.4,77.5,61.7,63.6,85.8,36.5,54.5,14.0,8.03,56.5,84.9,85.2,85.3,441.5,420.0,457.0,423.0,91.9,107.5,192.5,330.5,39.85,120.0,143.0,86.4,181.5,49.0,95.3,77.1,36.7
34.3,26.2,53.0,75.5,88.4,71.0,9.86,62.8,95.1,24.0,29.0,334.5,124.0,27.45,126.0,253.5,11.8,44.1,32.6,40.05,117.0,38.2,13.25,16.15,24.65,44.95,146.5,411.5,32.4,60.1,47.8,26.5,26.35,360.0,196.5,249.5,47.8,11.35,158.0,32.9,15.5,84.3,18.3,47.1,58.0,181.0,4.63,9.97,51.1,32.5,15.15,12.95,85.5,21.5,265.0,75.5,9.47,43.55,73.5,101.5,59.9,89.6,73.9,248.0,48.3,11.85,102.0,119.5,23.15,25.35,85.0,217.0,222.5,34.8,78.0,44.95,11.05,24.95,9.26,16.1,14.5,18.3,242.5,17.0,28.2,9.13,32.0,8.1,9.05,16.9,16.2,50.7,48.6,7.99,18.1,11.85,22.8,11.7,7.86,9.01,17.65,17.1,229.0,53.3,3765.0,30.05,106.0,71.5,102.5,71.2,24.15,113.0,78.4,11.55,63.8,59.6,10.25,37.75,30.7,71.4,43.4,77.4,61.7,63.6,85.8,36.5,54.5,13.95,8.01,56.4,85.0,85.2,85.3,441.5,420.0,457.0,423.0,91.9,107.0,192.5,330.5,39.85,120.0,143.0,86.4,181.5,49.0,95.4,77.1,36.7
34.3,26.2,53.0,75.5,88.4,71.0,9.86,62.9,95.1,24.0,29.0,334.5,124.0,27.45,126.0,253.5,11.85,44.15,32.6,40.05,117.0,38.25,13.25,16.1,24.65,44.95,146.5,411.5,32.4,60.1,47.8,26.5,26.35,360.0,196.5,249.5,47.8,11.35,158.0,32.9,15.5,84.2,18.35,47.1,58.0,180.5,4.63,9.98,51.2,32.45,15.15,12.95,85.5,21.5,265.0,75.5,9.48,43.55,73.5,101.5,59.9,89.6,73.9,247.0,48.3,11.8,102.0,120.0,23.15,25.35,85.0,217.0,222.0,34.85,78.0,44.95,11.1,25.0,9.26,16.1,14.5,18.3,242.5,17.0,28.2,9.13,32.0,8.11,9.05,16.95,16.2,50.8,48.65,8.0,18.1,11.85,22.85,11.75,7.87,9.01,17.65,17.15,229.0,53.2,3765.0,30.05,105.5,71.5,102.5,71.2,24.1,113.0,78.4,11.55,63.8,59.6,10.2,37.75,30.7,71.5,43.4,77.4,61.7,63.6,85.8,36.5,54.5,14.0,8.02,56.4,85.0,85.3,85.3,441.5,420.0,457.0,423.0,91.9,107.5,192.5,330.5,39.85,120.0,143.0,86.4,181.5,49.0,95.4,77.1,36.7
34.25,26.2,53.0,75.6,88.4,71.0,9.85,62.9,95.1,24.0,29.0,334.5,124.0,27.45,125.5,253.5,11.85,44.15,32.6,40.05,116.5,38.2,13.25,16.1,24.65,44.95,146.0,411.5,32.4,60.1,47.8,26.5,26.35,360.0,196.5,249.5,47.8,11.35,158.0,32.9,15.5,84.3,18.3,47.1,58.1,180.5,4.63,9.98,51.1,32.5,15.1,12.95,85.4,21.5,265.0,75.5,9.48,43.55,73.5,101.5,59.9,89.6,73.9,247.0,48.3,11.85,101.5,119.5,23.15,25.35,85.0,216.5,222.0,34.85,78.0,44.9,11.1,24.95,9.26,16.1,14.5,18.35,242.5,17.0,28.2,9.13,32.05,8.11,9.05,16.95,16.2,50.7,48.6,8.0,18.1,11.85,22.85,11.7,7.87,9.01,17.65,17.1,229.0,53.2,3765.0,30.05,106.0,71.6,102.5,71.2,24.1,113.0,78.4,11.55,63.8,59.6,10.2,37.7,30.7,71.5,43.35,77.5,61.7,63.6,85.8,36.6,54.5,14.0,8.02,56.5,85.1,85.3,85.3,441.5,420.0,457.0,423.0,92.0,107.0,192.5,330.5,39.85,119.5,143.0,86.4,181.5,49.0,95.4,77.1,36.7
34.25,26.2,53.0,75.6,88.3,70.9,9.86,62.8,95.1,24.0,29.0,334.5,124.0,27.45,125.5,253.5,11.8,44.1,32.6,40.05,116.5,38.2,13.25,16.1,24.65,44.95,146.0,411.5,32.4,60.2,47.8,26.5,26.35,360.0,196.5,249.5,47.8,11.35,158.0,32.9,15.5,84.2,18.3,47.1,58.1,181.0,4.63,9.97,51.2,32.5,15.1,12.95,85.4,21.45,265.0,75.5,9.48,43.55,73.5,101.5,59.9,89.7,73.9,247.0,48.3,11.8,102.0,120.0,23.2,25.35,85.0,216.5,222.0,34.85,77.9,44.9,11.1,24.95,9.26,16.1,14.5,18.35,242.5,17.0,28.2,9.13,32.0,8.11,9.05,16.95,16.2,50.7,48.65,7.99,18.1,11.85,22.85,11.75,7.87,9.01,17.65,17.1,229.0,53.3,3760.0,30.0,106.0,71.6,102.5,71.2,24.15,113.0,78.4,11.55,63.8,59.6,10.2,37.7,30.7,71.4,43.4,77.5,61.7,63.6,85.8,36.6,54.5,14.0,8.02,56.5,85.1,85.3,85.3,441.5,420.0,457.0,423.0,92.1,107.0,192.5,330.5,39.85,119.5,143.0,86.4,181.5,49.0,95.3,77.1,36.65
34.3,26.2,53.0,75.6,88.3,71.0,9.86,62.8,95.1,24.0,29.0,334.5,124.0,27.45,125.5,253.5,11.8,44.15,32.6,40.0,116.5,38.2,13.25,16.15,24.65,44.95,146.0,411.5,32.4,60.2,47.8,26.5,26.35,360.0,196.5,249.5,47.85,11.4,158.0,32.9,15.5,84.3,18.3,47.1,58.1,181.0,4.63,9.97,51.2,32.5,15.1,12.95,85.4,21.5,265.0,75.5,9.48,43.6,73.5,101.0,59.9,89.7,73.9,247.0,48.35,11.8,102.0,120.0,23.15,25.35,85.0,217.0,222.0,34.85,78.0,44.9,11.05,24.95,9.26,16.1,14.5,18.35,242.5,17.0,28.2,9.13,32.0,8.11,9.04,16.95,16.15,50.8,48.65,8.0,18.1,11.85,22.8,11.75,7.87,9.01,17.65,17.1,228.5,53.3,3760.0,30.0,106.0,71.5,102.5,71.2,24.15,113.0,78.4,11.6,63.8,59.6,10.2,37.7,30.7,71.5,43.4,77.5,61.7,63.6,85.8,36.6,54.5,14.0,8.02,56.5,85.2,85.3,85.3,441.5,420.0,457.0,423.0,92.2,107.0,192.5,330.5,39.85,120.0,143.0,86.4,182.0,49.0,95.4,77.1,36.65
34.3,26.2,53.0,75.5,88.3,71.0,9.86,62.8,95.0,23.95,29.0,334.5,124.0,27.45,125.5,253.5,11.8,44.15,32.6,40.0,116.5,38.2,13.25,16.1,24.65,44.95,146.5,411.5,32.35,60.1,47.8,26.5,26.35,360.0,196.5,249.5,47.85,11.35,158.0,32.9,15.5,84.3,18.35,47.1,58.1,181.0,4.63,9.98,51.1,32.5,15.15,13.0,85.4,21.5,265.0,75.5,9.48,43.6,73.5,101.0,59.9,89.6,73.8,247.0,48.35,11.85,102.0,119.5,23.1,25.4,85.0,217.0,222.0,34.85,78.0,44.85,11.05,24.95,9.26,16.1,14.5,18.35,242.5,16.95,28.2,9.13,32.05,8.11,9.05,16.95,16.15,50.8,48.65,7.99,18.1,11.85,22.85,11.75,7.88,9.01,17.65,17.1,229.0,53.2,3760.0,30.0,106.0,71.6,102.5,71.2,24.1,112.5,78.4,11.55,63.8,59.6,10.25,37.7,30.7,71.6,43.4,77.4,61.7,63.6,85.8,36.6,54.5,14.0,8.01,56.5,85.2,85.2,85.3,441.5,420.0,457.0,423.0,92.2,107.0,192.5,330.5,39.85,120.0,143.0,86.4,182.0,49.0,95.3,77.1,36.7
34.35,26.2,53.0,75.5,88.3,71.0,9.86,62.7,95.1,23.95,29.0,334.5,124.0,27.4,125.5,253.5,11.8,44.2,32.6,40.0,116.5,38.2,13.25,16.15,24.65,44.95,146.5,411.5,32.35,60.1,47.8,26.5,26.35,360.0,196.5,249.5,47.8,11.35,158.0,32.85,15.5,84.2,18.3,47.1,58.1,181.0,4.63,9.96,51.1,32.5,15.15,12.95,85.3,21.5,265.0,75.5,9.47,43.6,73.4,101.5,59.9,89.8,73.8,247.0,48.35,11.8,102.0,119.5,23.15,25.4,85.0,216.5,222.0,34.85,78.0,44.9,11.05,24.95,9.26,16.15,14.5,18.35,242.5,17.0,28.2,9.13,32.05,8.11,9.05,16.9,16.15,50.8,48.6,8.0,18.1,11.9,22.85,11.75,7.88,9.02,17.65,17.1,228.5,53.2,3760.0,30.05,106.0,71.5,102.5,71.2,24.15,112.5,78.4,11.55,63.7,59.6,10.25,37.75,30.7,71.5,43.4,77.5,61.7,63.6,85.8,36.6,54.4,14.0,8.01,56.4,85.2,85.2,85.3,441.5,420.0,457.0,423.0,92.2,107.0,192.5,330.5,39.85,120.0,143.0,86.4,182.0,49.0,95.3,77.1,36.7
34.35,26.2,53.0,75.5,88.3,71.0,9.87,62.7,95.1,23.95,29.0,334.5,124.0,27.4,125.5,253.5,11.8,44.2,32.6,40.05,116.5,38.2,13.25,16.15,24.65,44.95,146.0,411.5,32.35,60.1,47.8,26.5,26.35,361.0,196.5,249.5,47.8,11.35,158.0,32.85,15.5,84.3,18.3,47.1,58.1,181.0,4.63,9.98,51.1,32.55,15.15,13.0,85.3,21.45,265.0,75.5,9.47,43.6,73.4,101.0,59.9,89.8,73.9,247.5,48.35,11.8,102.0,120.0,23.15,25.4,85.0,217.0,222.0,34.8,78.0,44.85,11.05,24.95,9.26,16.15,14.5,18.35,242.5,17.0,28.2,9.13,32.05,8.11,9.05,16.9,16.15,50.7,48.65,8.0,18.1,11.9,22.8,11.75,7.89,9.02,17.65,17.1,228.5,53.3,3760.0,30.05,105.5,71.6,102.5,71.2,24.1,113.0,78.4,11.55,63.7,59.6,10.25,37.7,30.75,71.6,43.4,77.4,61.7,63.6,85.8,36.6,54.5,13.95,8.01,56.4,85.1,85.2,85.3,441.5,420.0,457.0,423.0,92.3,107.0,192.5,330.5,39.85,120.5,143.0,86.4,182.0,49.0,95.3,77.1,36.7
34.35,26.2,53.0,75.5,88.3,71.0,9.87,62.7,95.0,24.0,29.0,334.5,124.0,27.4,125.5,253.5,11.8,44.2,32.6,40.05,116.5,38.2,13.25,16.1,24.65,44.9,146.0,411.5,32.35,60.2,47.8,26.5,26.35,361.0,196.5,249.5,47.8,11.35,158.0,32.95,15.5,84.2,18.3,47.15,58.1,181.0,4.63,9.96,51.1,32.5,15.15,13.0,85.3,21.45,265.0,75.3,9.47,43.6,73.4,101.0,59.9,89.8,73.9,247.5,48.35,11.75,102.0,120.0,23.15,25.4,85.0,217.0,221.5,34.85,78.0,44.9,11.05,24.95,9.26,16.15,14.5,18.35,242.5,17.0,28.2,9.13,32.05,8.11,9.05,16.9,16.15,50.8,48.65,8.0,18.1,11.85,22.85,11.7,7.89,9.01,17.6,17.1,229.0,53.2,3760.0,30.05,105.5,71.6,102.5,71.2,24.1,113.0,78.4,11.55,63.7,59.6,10.25,37.7,30.75,71.5,43.4,77.4,61.7,63.6,85.9,36.6,54.5,13.95,8.01,56.4,85.1,85.2,85.3,441.5,419.5,457.0,422.0,92.3,107.0,192.5,330.5,39.85,120.5,143.0,86.4,182.0,48.95,95.3,77.1,36.7
34.3,26.2,52.9,75.5,88.3,71.0,9.86,62.6,95.1,24.0,29.0,334.5,124.0,27.4,126.0,253.5,11.85,44.25,32.55,40.05,116.5,38.25,13.25,16.1,24.65,44.9,146.0,411.0,32.35,60.2,47.8,26.5,26.35,361.0,196.5,249.5,47.8,11.35,158.0,32.95,15.5,84.2,18.3,47.15,58.1,181.0,4.63,9.96,51.2,32.5,15.1,12.95,85.3,21.45,265.0,75.3,9.47,43.6,73.5,101.0,59.9,89.7,73.9,247.5,48.35,11.8,101.5,120.0,23.15,25.35,85.0,216.5,221.5,34.8,78.0,44.9,11.05,24.95,9.26,16.15,14.55,18.35,242.5,17.0,28.2,9.13,32.05,8.11,9.05,16.95,16.2,50.7,48.65,7.99,18.1,11.85,22.85,11.7,7.88,9.01,17.65,17.1,228.5,53.3,3765.0,30.05,106.0,71.6,102.5,71.2,24.1,113.0,78.4,11.55,63.8,59.6,10.2,37.7,30.75,71.5,43.4,77.4,61.7,63.6,85.8,36.55,54.5,13.95,8.01,56.4,85.1,85.2,85.3,441.5,419.5,457.0,422.0,92.3,107.0,192.5,330.5,39.85,120.5,143.0,86.3,182.0,49.0,95.3,77.1,36.7
34.35,26.2,53.0,75.5,88.3,70.9,9.86,62.7,95.1,24.0,29.0,334.5,124.0,27.45,126.0,253.0,11.85,44.25,32.55,40.05,116.5,38.25,13.25,16.1,24.6,44.9,146.0,412.0,32.35,60.2,47.8,26.5,26.35,361.0,196.5,249.5,47.8,11.35,158.0,32.9,15.5,84.2,18.3,47.2,58.1,181.0,4.63,9.98,51.2,32.5,15.15,12.95,85.3,21.45,265.0,75.3,9.47,43.6,73.4,101.0,59.9,89.7,73.9,247.5,48.4,11.8,102.0,120.0,23.15,25.3,85.0,217.0,222.0,34.85,78.0,44.9,11.1,24.95,9.27,16.15,14.5,18.35,242.5,17.0,28.2,9.13,32.05,8.11,9.05,16.95,16.2,50.7,48.65,7.99,18.1,11.85,22.85,11.7,7.88,9.02,17.65,17.1,228.5,53.1,3760.0,30.05,106.0,71.6,102.5,71.2,24.1,113.0,78.4,11.55,63.9,59.6,10.2,37.7,30.75,71.5,43.4,77.5,61.7,63.6,85.8,36.55,54.5,13.95,8.01,56.4,85.1,85.2,85.3,441.5,419.5,457.0,422.0,92.2,106.5,192.5,331.0,39.85,120.5,143.0,86.3,181.5,49.0,95.2,77.1,36.7
34.35,26.2,53.0,75.5,88.3,71.0,9.86,62.7,95.1,24.0,29.0,334.5,124.0,27.45,125.5,253.0,11.85,44.25,32.55,40.05,116.5,38.25,13.25,16.15,24.65,44.9,146.0,412.0,32.35,60.2,47.8,26.5,26.35,361.0,196.5,249.5,47.85,11.4,158.0,32.95,15.5,84.3,18.35,47.2,58.1,181.0,4.63,9.98,51.1,32.5,15.15,12.95,85.3,21.45,265.0,75.3,9.47,43.65,73.4,101.5,59.9,89.6,73.8,247.5,48.35,11.75,102.0,120.0,23.15,25.35,85.0,217.0,222.5,34.85,78.0,44.95,11.1,24.95,9.26,16.1,14.5,18.35,242.5,17.0,28.2,9.13,32.05,8.11,9.05,16.95,16.2,50.8,48.65,7.99,18.1,11.85,22.85,11.7,7.88,9.02,17.65,17.1,229.0,53.2,3760.0,30.05,106.0,71.6,102.5,71.2,24.1,113.0,78.4,11.55,63.9,59.6,10.25,37.7,30.75,71.6,43.4,77.4,61.7,63.6,85.8,36.55,54.5,13.95,8.02,56.4,85.1,85.2,85.3,441.5,419.5,457.0,422.0,92.4,107.0,192.5,331.0,39.85,120.5,143.0,86.3,181.5,49.0,95.2,77.1,36.7
34.3,26.2,53.0,75.5,88.3,71.0,9.86,62.7,95.1,24.0,29.0,334.5,124.0,27.45,125.5,253.0,11.85,44.25,32.55,40.05,116.5,38.25,13.25,16.1,24.6,44.9,146.0,412.0,32.35,60.2,47.8,26.5,26.35,361.0,196.5,249.5,47.85,11.35,158.0,32.95,15.5,84.3,18.35,47.1,58.1,180.5,4.63,9.96,51.2,32.5,15.1,12.95,85.3,21.45,265.0,75.3,9.47,43.65,73.5,101.5,59.9,89.6,73.8,248.0,48.35,11.8,101.5,120.5,23.15,25.35,85.1,216.5,221.5,34.85,77.9,44.95,11.05,24.95,9.26,16.1,14.5,18.35,242.5,17.0,28.2,9.13,32.05,8.11,9.05,16.95,16.2,50.7,48.65,8.0,18.1,11.9,22.85,11.75,7.88,9.02,17.65,17.1,228.5,53.3,3765.0,30.05,106.0,71.6,102.5,71.2,24.1,113.0,78.4,11.55,63.9,59.6,10.2,37.75,30.75,71.6,43.5,77.5,61.7,63.6,85.9,36.55,54.5,14.0,8.01,56.5,85.1,85.2,85.3,441.5,419.5,457.0,423.0,92.4,107.0,192.5,331.0,39.85,120.5,143.0,86.3,181.5,49.0,95.2,77.1,36.7
34.35,26.2,53.0,75.5,88.3,70.9,9.86,62.7,95.1,24.0,29.0,334.5,124.0,27.5,125.5,253.0,11.8,44.25,32.55,40.05,116.5,38.25,13.25,16.05,24.65,44.9,146.0,412.0,32.35,60.2,47.8,26.5,26.35,361.0,196.5,249.5,47.8,11.35,158.0,32.95,15.5,84.3,18.3,47.15,58.1,181.0,4.63,9.95,51.2,32.5,15.1,12.95,85.3,21.45,265.0,75.3,9.47,43.65,73.4,101.5,59.9,89.6,73.8,248.0,48.35,11.8,102.0,120.0,23.15,25.35,85.1,217.0,222.0,34.85,78.0,44.95,11.05,24.95,9.26,16.1,14.5,18.3,242.5,17.0,28.2,9.13,32.05,8.11,9.05,16.9,16.2,50.8,48.65,8.0,18.1,11.85,22.85,11.75,7.87,9.01,17.65,17.1,228.5,53.2,3765.0,30.05,105.5,71.6,102.5,71.1,24.15,113.5,78.4,11.55,63.9,59.7,10.2,37.75,30.75,71.6,43.5,77.4,61.7,63.6,85.9,36.55,54.5,14.0,8.01,56.5,85.1,85.2,85.3,441.5,419.5,457.0,422.0,92.3,107.0,192.5,331.5,39.85,120.5,143.0,86.3,181.0,49.0,95.2,77.1,36.7
34.35,26.2,53.0,75.5,88.3,71.0,9.86,62.8,95.1,24.0,29.0,334.5,124.0,27.5,125.5,253.0,11.8,44.25,32.55,40.05,116.5,38.25,13.25,16.1,24.65,44.9,146.0,412.0,32.35,60.2,47.8,26.5,26.35,361.0,196.5,249.5,47.8,11.4,158.0,32.95,15.5,84.3,18.3,47.2,58.1,181.0,4.63,9.95,51.1,32.5,15.1,12.95,85.3,21.5,265.0,75.3,9.47,43.65,73.4,101.5,59.9,89.6,73.8,248.0,48.35,11.85,102.0,120.0,23.15,25.3,85.1,217.0,221.5,34.85,78.0,44.9,11.1,24.9,9.26,16.1,14.5,18.35,242.5,17.0,28.2,9.13,32.05,8.11,9.05,16.9,16.2,50.8,48.65,8.0,18.15,11.9,22.85,11.75,7.87,9.01,17.7,17.1,228.5,53.2,3765.0,30.1,106.0,71.6,102.5,71.1,24.1,113.5,78.4,11.55,63.8,59.6,10.25,37.7,30.7,71.6,43.5,77.4,61.7,63.6,85.9,36.55,54.5,14.0,8.01,56.5,85.1,85.2,85.4,441.5,419.5,457.0,423.0,92.2,107.0,192.5,331.5,39.85,120.0,143.0,86.3,181.0,49.0,95.4,77.1,36.7
34.35,26.2,53.0,75.5,88.3,71.0,9.86,62.7,95.1,24.0,29.0,334.5,124.0,27.5,125.5,252.5,11.8,44.25,32.55,40.05,116.5,38.25,13.25,16.1,24.65,44.9,146.0,412.0,32.35,60.2,47.8,26.5,26.35,361.0,196.5,249.5,47.85,11.35,158.0,32.95,15.5,84.3,18.35,47.2,58.1,181.0,4.63,9.97,51.1,32.5,15.1,13.0,85.3,21.45,265.0,75.3,9.47,43.65,73.4,101.5,59.9,89.5,73.8,248.0,48.4,11.8,102.0,120.0,23.15,25.3,85.1,217.0,222.0,34.85,78.0,44.9,11.1,24.9,9.26,16.1,14.5,18.35,242.5,17.0,28.2,9.13,32.05,8.11,9.05,16.9,16.2,50.8,48.65,8.0,18.1,11.9,22.9,11.75,7.87,9.02,17.7,17.15,228.5,53.2,3765.0,30.1,106.0,71.6,102.5,71.2,24.1,113.0,78.4,11.55,63.8,59.7,10.2,37.7,30.7,71.4,43.5,77.4,61.7,63.6,85.9,36.55,54.5,14.0,8.01,56.4,85.1,85.2,85.4,441.5,419.5,457.0,423.0,92.2,107.5,192.5,331.5,39.85,120.5,143.0,86.3,182.0,49.05,95.4,77.1,36.7
34.3,26.2,53.0,75.5,88.2,71.0,9.86,62.7,95.1,24.0,29.0,334.5,124.0,27.55,125.5,252.5,11.8,44.2,32.55,40.05,116.5,38.25,13.25,16.05,24.6,44.9,146.0,412.0,32.35,60.2,47.8,26.5,26.35,361.0,196.5,249.5,47.8,11.4,158.0,32.95,15.5,84.3,18.35,47.2,58.0,181.0,4.63,9.95,51.2,32.5,15.15,13.0,85.3,21.45,265.0,75.3,9.47,43.65,73.5,101.5,59.8,89.5,73.8,248.0,48.4,11.8,102.0,120.0,23.15,25.35,85.1,217.0,222.0,34.85,78.0,44.9,11.1,24.95,9.26,16.1,14.5,18.35,242.5,17.0,28.2,9.13,32.05,8.12,9.05,16.9,16.2,50.8,48.65,8.0,18.15,11.85,22.9,11.75,7.87,9.02,17.7,17.1,229.0,53.2,3760.0,30.1,106.0,71.6,102.5,71.2,24.15,113.0,78.4,11.55,63.8,59.6,10.2,37.7,30.7,71.3,43.5,77.4,61.7,63.6,85.9,36.55,54.5,14.0,8.0,56.4,85.0,85.2,85.4,441.5,419.5,457.0,423.0,92.1,107.5,192.5,331.5,39.85,120.5,143.0,86.3,182.0,49.1,95.4,77.1,36.7
34.35,26.2,53.0,75.5,88.2,71.0,9.86,62.7,95.1,24.0,29.0,334.5,124.0,27.55,126.0,252.5,11.8,44.25,32.55,40.05,116.5,38.25,13.25,16.1,24.65,44.9,146.0,412.0,32.35,60.1,47.8,26.5,26.35,361.0,196.5,249.5,47.8,11.35,158.0,32.95,15.5,84.3,18.35,47.2,58.1,180.5,4.63,9.97,51.1,32.5,15.15,12.95,85.3,21.5,265.0,75.3,9.47,43.6,73.3,101.5,59.8,89.5,73.8,248.0,48.4,11.8,102.0,120.0,23.15,25.35,85.1,217.0,222.0,34.85,78.0,44.9,11.1,24.95,9.26,16.1,14.55,18.35,242.5,17.0,28.2,9.13,32.1,8.12,9.05,16.9,16.2,50.8,48.7,8.0,18.15,11.9,22.9,11.75,7.87,9.02,17.7,17.1,229.0,53.2,3760.0,30.1,106.0,71.6,102.5,71.2,24.1,113.0,78.4,11.55,63.8,59.6,10.2,37.7,30.7,71.4,43.5,77.4,61.7,63.6,85.9,36.55,54.6,14.0,8.0,56.4,85.0,85.2,85.4,441.5,419.5,457.0,423.0,92.1,107.5,192.5,331.5,39.85,120.5,143.0,86.3,182.0,49.0,95.3,77.1,36.7
34.3,26.2,53.0,75.5,88.2,71.0,9.87,62.8,95.1,23.95,29.0,334.5,124.0,27.55,125.5,252.5,11.8,44.25,32.55,40.05,116.5,38.2,13.25,16.1,24.6,44.9,146.0,412.0,32.3,60.2,47.8,26.5,26.35,361.0,196.5,249.5,47.8,11.35,158.0,32.95,15.5,84.2,18.3,47.2,58.1,181.0,4.63,9.96,51.2,32.5,15.1,13.0,85.3,21.45,265.0,75.3,9.47,43.55,73.4,101.5,59.9,89.6,73.8,248.0,48.4,11.8,102.0,119.5,23.15,25.35,85.1,217.0,222.5,34.85,78.0,44.9,11.05,25.0,9.27,16.1,14.5,18.35,242.5,17.0,28.2,9.13,32.05,8.12,9.05,16.9,16.2,50.8,48.7,8.0,18.1,11.85,22.9,11.75,7.87,9.02,17.65,17.1,228.5,53.2,3760.0,30.1,106.0,71.6,102.5,71.0,24.1,113.0,78.5,11.55,63.8,59.6,10.2,37.65,30.7,71.4,43.5,77.5,61.7,63.6,85.9,36.55,54.5,14.0,8.0,56.4,85.0,85.2,85.4,441.5,419.5,457.0,423.0,92.2,107.5,192.5,331.5,39.85,120.5,143.0,86.3,182.0,49.0,95.4,77.1,36.75
34.35,26.2,53.0,75.5,88.2,70.9,9.87,62.7,95.1,23.95,29.0,334.5,124.0,27.55,126.0,252.5,11.85,44.25,32.55,40.0,116.5,38.2,13.25,16.05,24.65,44.9,146.0,412.0,32.3,60.2,47.8,26.5,26.35,361.0,196.5,250.0,47.8,11.4,158.0,32.95,15.5,84.2,18.35,47.2,58.1,181.0,4.63,9.96,51.1,32.5,15.15,12.95,85.3,21.5,265.0,75.3,9.47,43.55,73.4,101.5,59.9,89.6,73.8,247.5,48.35,11.8,101.5,120.0,23.15,25.35,85.1,217.0,222.5,34.85,78.1,44.95,11.05,25.0,9.26,16.1,14.5,18.3,242.5,16.95,28.2,9.13,32.1,8.12,9.05,16.9,16.2,50.8,48.7,8.0,18.1,11.85,22.9,11.75,7.88,9.02,17.7,17.1,229.0,53.2,3755.0,30.05,106.0,71.6,102.5,71.0,24.1,113.0,78.5,11.55,63.8,59.6,10.25,37.7,30.7,71.5,43.5,77.4,61.7,63.6,85.9,36.55,54.5,14.0,8.01,56.4,85.0,85.2,85.4,441.5,419.5,457.0,423.5,92.2,107.5,192.5,331.0,39.85,120.5,143.0,86.3,182.0,49.0,95.3,77.1,36.75
34.3,26.2,53.0,75.5,88.2,71.0,9.87,62.7,95.1,23.95,29.05,334.5,124.0,27.55,126.0,252.5,11.8,44.25,32.55,40.0,117.0,38.2,13.25,16.1,24.6,44.9,146.0,411.0,32.35,60.2,47.8,26.5,26.35,361.0,196.5,250.0,47.85,11.4,158.0,32.95,15.5,84.3,18.35,47.2,58.1,181.0,4.63,9.96,51.2,32.5,15.15,12.95,85.3,21.5,265.0,75.3,9.47,43.6,73.4,101.5,59.9,89.7,73.8,247.5,48.35,11.8,101.5,120.0,23.15,25.35,85.1,217.5,222.5,34.85,78.0,44.95,11.05,25.0,9.26,16.1,14.55,18.35,242.5,16.95,28.2,9.14,32.1,8.11,9.05,16.9,16.15,50.8,48.7,8.0,18.15,11.9,22.9,11.7,7.87,9.01,17.7,17.15,229.0,53.2,3755.0,30.05,106.0,71.6,102.0,71.2,24.1,113.0,78.5,11.55,63.9,59.6,10.25,37.75,30.7,71.5,43.55,77.4,61.7,63.7,85.8,36.55,54.5,13.95,8.01,56.4,85.0,85.2,85.4,441.5,419.5,457.5,423.5,92.2,107.0,192.5,331.0,39.85,120.5,143.0,86.3,182.0,49.0,95.3,77.1,36.7
34.35,26.2,53.0,75.5,88.2,71.0,9.87,62.7,95.1,23.95,29.05,335.5,124.0,27.55,125.5,252.5,11.8,44.25,32.55,40.0,117.0,38.2,13.25,16.1,24.65,44.9,146.0,411.0,32.35,60.2,47.8,26.5,26.35,362.0,196.5,250.0,47.85,11.35,158.0,32.95,15.5,84.3,18.35,47.2,58.1,181.0,4.63,9.96,51.3,32.45,15.15,12.95,85.3,21.5,265.0,75.4,9.47,43.7,73.4,101.5,59.9,89.7,73.8,247.5,48.35,11.85,102.0,120.0,23.15,25.35,85.1,217.0,222.5,34.9,78.0,45.0,11.05,24.95,9.26,16.1,14.5,18.35,242.5,16.95,28.2,9.14,32.05,8.11,9.06,16.9,16.15,50.8,48.7,7.99,18.15,11.9,22.9,11.75,7.87,9.01,17.7,17.1,229.0,53.3,3755.0,30.05,106.0,71.6,102.5,71.2,24.15,113.0,78.5,11.55,64.0,59.6,10.25,37.75,30.7,71.5,43.55,77.5,61.7,63.7,85.9,36.55,54.6,13.95,8.01,56.4,85.0,85.2,85.4,441.5,419.5,457.5,423.5,92.2,107.0,192.5,331.0,39.85,120.5,143.0,86.4,182.0,49.0,95.3,77.1,36.7
34.4,26.2,53.0,75.5,88.2,70.9,9.87,62.7,94.9,24.05,29.05,335.5,124.0,27.55,126.0,252.5,11.85,44.2,32.55,40.0,116.5,38.2,13.25,16.05,24.7,44.9,146.0,411.0,32.35,60.2,47.8,26.5,26.35,362.0,196.5,250.0,47.8,11.35,157.5,32.95,15.45,84.3,18.35,47.2,58.1,181.0,4.63,9.96,51.3,32.5,15.15,13.0,85.4,21.45,265.5,75.4,9.47,43.7,73.4,101.5,59.9,89.7,73.9,247.5,48.4,11.85,102.0,120.0,23.15,25.3,85.1,217.5,222.5,34.9,78.0,44.95,11.05,25.0,9.26,16.1,14.55,18.35,242.5,16.95,28.2,9.14,32.1,8.12,9.06,16.9,16.2,50.9,48.7,7.99,18.15,11.9,22.9,11.75,7.87,9.02,17.7,17.1,229.0,53.3,3755.0,30.05,105.5,71.6,102.5,71.2,24.15,113.0,78.5,11.55,64.0,59.7,10.25,37.75,30.7,71.5,43.55,77.4,61.7,63.7,85.9,36.55,54.6,13.95,8.0,56.4,85.0,85.2,85.4,441.5,419.5,457.5,423.0,92.3,107.5,192.5,331.0,39.85,120.5,143.0,86.4,182.0,49.0,95.2,77.1,36.7
34.4,26.2,53.0,75.5,88.2,71.0,9.86,62.6,95.0,24.0,29.05,335.5,123.5,27.55,126.0,253.0,11.85,44.2,32.55,40.05,116.5,38.2,13.25,16.1,24.7,44.9,146.0,411.0,32.35,60.2,47.8,26.5,26.35,362.0,196.5,250.0,47.85,11.35,157.5,32.95,15.5,84.3,18.35,47.2,58.1,181.0,4.63,9.97,51.2,32.5,15.15,12.95,85.4,21.5,265.5,75.3,9.47,43.65,73.4,101.5,59.9,89.8,74.1,247.5,48.4,11.8,102.0,120.0,23.15,25.3,85.1,217.0,222.0,34.9,78.1,44.9,11.1,25.05,9.26,16.1,14.5,18.35,242.0,16.95,28.2,9.14,32.1,8.11,9.06,16.9,16.2,50.8,48.65,7.99,18.15,11.85,22.9,11.75,7.87,9.01,17.65,17.1,228.5,53.3,3750.0,30.05,106.0,71.6,102.5,71.1,24.25,113.0,78.5,11.55,64.1,59.6,10.2,37.8,30.7,71.5,43.55,77.5,61.7,63.8,85.8,36.55,54.5,13.95,8.01,56.4,85.0,85.2,85.4,441.5,419.5,457.5,423.0,92.3,107.0,192.5,331.0,39.85,120.5,143.0,86.4,182.0,49.05,95.2,77.1,36.7
34.4,26.2,53.0,75.5,88.2,71.0,9.86,62.6,94.9,24.0,29.05,335.5,123.5,27.55,125.5,253.0,11.85,44.25,32.55,40.05,116.5,38.2,13.25,16.1,24.65,44.9,146.0,411.0,32.35,60.2,47.8,26.5,26.35,362.0,196.5,250.0,47.85,11.35,158.0,32.95,15.5,84.3,18.35,47.25,58.2,181.0,4.62,9.96,51.3,32.5,15.1,12.95,85.4,21.5,265.5,75.4,9.46,43.65,73.3,101.5,59.8,89.8,74.2,247.5,48.4,11.8,101.5,120.0,23.15,25.35,85.1,217.5,222.5,34.9,78.0,44.9,11.1,25.05,9.26,16.1,14.5,18.35,242.0,16.95,28.2,9.14,32.1,8.11,9.06,16.9,16.15,50.9,48.7,7.99,18.1,11.9,22.85,11.75,7.87,9.01,17.7,17.1,229.0,53.3,3750.0,30.05,106.0,71.6,102.5,71.2,24.3,113.0,78.5,11.55,64.3,59.6,10.2,37.75,30.75,71.5,43.55,77.5,61.7,63.8,85.8,36.55,54.5,13.95,8.0,56.4,85.0,85.2,85.5,441.5,419.5,457.5,423.0,92.3,107.5,192.5,331.0,39.85,120.5,143.0,86.4,181.5,49.05,95.1,77.1,36.7
34.4,26.2,53.0,75.4,88.2,71.0,9.85,62.6,95.0,24.0,29.05,335.0,124.0,27.55,125.5,252.5,11.85,44.25,32.55,40.1,116.5,38.2,13.25,16.1,24.65,44.9,146.0,411.0,32.35,60.2,47.8,26.5,26.4,362.0,196.5,249.5,47.8,11.4,158.0,33.0,15.5,84.3,18.3,47.25,58.2,181.0,4.62,9.96,51.1,32.5,15.1,12.95,85.4,21.5,265.5,75.4,9.47,43.65,73.3,101.5,59.8,89.7,74.2,247.5,48.4,11.8,102.0,120.0,23.1,25.35,85.1,217.0,222.5,34.8,78.0,44.85,11.1,25.05,9.26,16.1,14.5,18.35,242.0,16.95,28.2,9.14,32.05,8.11,9.06,16.9,16.15,50.9,48.7,7.99,18.15,11.9,22.9,11.7,7.87,9.02,17.65,17.1,228.5,53.3,3750.0,30.1,105.5,71.6,102.5,71.2,24.3,113.0,78.5,11.55,64.3,59.7,10.2,37.75,30.75,71.6,43.55,77.4,61.7,63.8,85.8,36.55,54.4,14.0,8.01,56.4,85.0,85.1,85.6,441.5,419.5,457.5,423.0,92.4,107.0,192.5,331.0,39.85,120.5,143.0,86.4,181.5,49.05,95.1,77.1,36.7
34.35,26.2,53.0,75.4,88.1,71.0,9.85,62.6,95.0,24.0,29.05,335.0,124.0,27.6,126.0,250.5,11.85,44.25,32.55,40.1,116.5,38.2,13.25,16.05,24.65,44.9,146.0,411.5,32.35,60.2,47.8,26.5,26.4,362.0,196.5,249.5,47.8,11.35,158.0,32.95,15.5,84.3,18.35,47.25,58.2,181.0,4.62,9.96,51.2,32.5,15.1,12.95,85.4,21.5,265.0,75.5,9.47,43.65,73.4,101.5,59.9,89.6,74.2,247.5,48.4,11.85,102.0,120.0,23.15,25.3,85.1,217.0,222.0,34.9,78.1,44.9,11.1,25.0,9.26,16.1,14.5,18.4,242.0,17.0,28.2,9.14,32.05,8.11,9.06,16.9,16.15,50.9,48.7,8.0,18.15,11.9,22.85,11.7,7.87,9.01,17.65,17.1,229.0,53.4,3750.0,30.1,106.0,71.6,102.5,71.2,24.35,113.0,78.5,11.55,64.3,59.6,10.2,37.75,30.75,71.5,43.55,77.4,61.7,63.8,85.9,36.55,54.5,14.0,8.01,56.4,85.0,85.1,85.6,441.5,419.5,457.5,423.0,92.4,107.5,192.5,331.0,39.85,120.5,142.5,86.4,181.5,49.1,95.1,77.1,36.7
34.4,26.2,53.0,75.4,88.1,71.0,9.86,62.6,95.0,24.0,29.05,335.0,124.0,27.6,126.0,251.0,11.85,44.25,32.6,40.1,117.0,38.2,13.25,16.1,24.65,44.9,146.0,411.0,32.35,60.2,47.8,26.55,26.4,362.0,196.5,249.5,47.8,11.35,158.0,33.0,15.5,84.3,18.35,47.25,58.2,181.0,4.62,9.96,51.2,32.5,15.15,12.95,85.4,21.5,265.0,75.5,9.47,43.7,73.4,101.5,59.8,89.6,74.2,247.5,48.45,11.8,102.0,120.0,23.1,25.35,85.1,217.0,222.0,34.85,78.1,44.95,11.1,25.0,9.27,16.1,14.5,18.4,242.0,17.0,28.2,9.15,32.1,8.11,9.06,16.9,16.15,50.9,48.65,8.0,18.15,11.9,22.85,11.7,7.87,9.01,17.65,17.1,228.5,53.4,3750.0,30.1,106.0,71.6,102.5,71.2,24.35,113.0,78.5,11.55,64.4,59.6,10.2,37.75,30.75,71.6,43.55,77.4,61.7,63.8,85.8,36.55,54.5,14.0,8.02,56.4,85.0,85.3,85.5,441.5,419.5,457.5,423.0,92.4,107.5,192.5,331.5,39.85,120.5,143.0,86.4,181.5,49.0,95.1,77.1,36.65
34.35,26.2,53.0,75.4,88.1,70.9,9.86,62.6,94.9,24.0,29.05,335.0,124.0,27.6,125.5,251.0,11.85,44.25,32.6,40.1,116.5,38.2,13.25,16.1,24.65,44.9,146.0,411.5,32.35,60.3,47.8,26.5,26.4,362.0,196.5,249.5,47.8,11.4,158.0,32.95,15.5,84.3,18.35,47.25,58.2,181.0,4.62,9.97,51.3,32.5,15.15,12.95,85.4,21.5,265.0,75.5,9.47,43.6,73.4,101.5,59.8,89.7,74.2,247.5,48.4,11.8,102.0,120.0,23.1,25.3,85.1,217.0,222.0,34.85,78.1,44.9,11.05,25.0,9.26,16.1,14.5,18.4,242.0,17.0,28.2,9.15,32.05,8.11,9.06,16.9,16.2,50.9,48.7,7.99,18.15,11.85,22.9,11.7,7.87,9.01,17.65,17.15,229.0,53.4,3750.0,30.1,105.5,71.6,102.5,71.2,24.35,112.5,78.5,11.55,64.4,59.6,10.2,37.75,30.75,71.5,43.6,77.5,61.7,63.9,85.8,36.55,54.5,14.0,8.02,56.4,85.0,85.3,85.6,441.5,419.5,457.5,423.0,92.4,107.5,192.5,331.5,39.9,120.5,143.0,86.4,181.5,48.95,95.0,77.1,36.65
34.35,26.2,52.9,75.4,88.1,71.0,9.87,62.6,95.0,24.0,29.05,335.0,124.0,27.6,126.0,250.5,11.8,44.2,32.6,40.1,116.5,38.2,13.25,16.1,24.65,44.9,146.0,411.0,32.35,60.3,47.8,26.5,26.4,362.0,196.5,249.5,47.8,11.35,158.0,32.95,15.5,84.2,18.35,47.3,58.2,180.5,4.62,9.97,51.1,32.5,15.1,12.95,85.4,21.55,265.0,75.5,9.47,43.55,73.4,101.0,59.9,89.6,74.1,247.5,48.35,11.8,102.0,120.0,23.1,25.35,85.1,217.0,222.0,34.85,78.0,44.9,11.05,25.0,9.26,16.1,14.5,18.4,242.0,16.95,28.2,9.15,32.05,8.12,9.06,16.9,16.2,51.0,48.7,7.99,18.2,11.9,22.85,11.7,7.88,9.01,17.65,17.15,229.0,53.3,3750.0,30.05,106.0,71.5,102.5,71.2,24.3,112.5,78.5,11.55,64.1,59.6,10.2,37.75,30.7,71.6,43.6,77.5,61.7,63.9,85.8,36.55,54.5,14.0,8.02,56.4,85.0,85.3,85.6,441.5,419.5,457.5,423.0,92.6,107.5,192.5,331.5,39.85,120.0,143.0,86.4,181.5,48.95,95.1,77.1,36.65
34.35,26.2,53.0,75.4,88.1,71.0,9.87,62.6,94.9,24.05,29.05,335.0,124.0,27.6,126.0,250.5,11.8,44.2,32.6,40.1,116.5,38.2,13.25,16.1,24.7,44.85,146.0,411.0,32.35,60.3,47.8,26.5,26.35,362.0,196.5,249.5,47.8,11.35,158.0,32.95,15.5,84.3,18.35,47.3,58.2,181.0,4.63,9.96,51.2,32.5,15.1,13.0,85.4,21.55,265.0,75.5,9.47,43.5,73.4,101.0,59.9,89.8,74.1,247.5,48.35,11.85,101.5,120.0,23.1,25.35,85.1,217.0,222.0,34.8,78.0,44.9,11.05,25.0,9.26,16.1,14.5,18.4,242.0,17.0,28.2,9.15,32.1,8.11,9.06,16.9,16.2,50.9,48.7,7.99,18.2,11.85,22.85,11.7,7.88,9.01,17.65,17.15,229.0,53.4,3750.0,30.05,106.0,71.6,102.5,71.2,24.35,113.0,78.5,11.55,64.2,59.6,10.2,37.8,30.7,71.6,43.6,77.5,61.7,63.9,85.8,36.6,54.5,13.95,8.02,56.4,85.0,85.3,85.6,441.5,419.5,457.5,423.0,92.6,107.5,192.5,331.5,39.85,120.0,143.0,86.4,181.5,48.95,95.2,77.1,36.7
34.4,26.2,53.0,75.4,88.1,71.0,9.87,62.6,95.0,24.05,29.05,335.0,124.0,27.6,125.5,250.0,11.85,44.25,32.6,40.1,116.5,38.2,13.25,16.1,24.7,44.85,146.0,412.0,32.3,60.3,47.8,26.55,26.35,362.0,196.5,249.5,47.8,11.35,158.0,32.95,15.5,84.3,18.35,47.3,58.2,181.0,4.63,9.97,51.2,32.5,15.1,12.9,85.4,21.55,265.0,75.6,9.47,43.45,73.4,101.0,59.8,89.8,74.1,247.5,48.35,11.8,102.0,120.0,23.15,25.3,85.1,217.0,222.0,34.85,78.1,44.9,11.05,25.0,9.26,16.1,14.5,18.4,242.0,16.95,28.2,9.15,32.05,8.12,9.06,16.9,16.2,50.9,48.75,7.99,18.2,11.9,22.95,11.75,7.88,9.01,17.65,17.15,229.0,53.4,3750.0,30.1,105.5,71.5,102.5,71.2,24.35,112.5,78.5,11.55,64.2,59.6,10.25,37.8,30.7,71.5,43.6,77.5,61.7,63.9,85.8,36.6,54.5,14.0,8.02,56.4,85.0,85.3,85.6,441.5,419.5,457.5,423.0,92.8,107.5,192.5,331.5,39.85,120.0,143.0,86.4,181.5,48.95,95.2,77.1,36.65
34.4,26.2,53.0,75.4,88.1,71.0,9.87,62.6,95.0,24.0,29.05,335.5,124.0,27.6,126.0,250.0,11.85,44.2,32.55,40.1,116.5,38.2,13.25,16.1,24.7,44.85,146.5,412.0,32.35,60.3,47.8,26.55,26.35,362.0,196.5,249.5,47.8,11.35,158.0,32.9,15.5,84.3,18.35,47.3,58.3,181.0,4.63,9.97,51.2,32.45,15.15,12.9,85.4,21.6,265.0,75.6,9.48,43.45,73.4,101.0,59.8,89.8,74.1,247.5,48.35,11.8,101.5,120.0,23.15,25.35,85.1,217.0,222.0,34.85,78.1,44.95,11.05,25.0,9.26,16.1,14.5,18.4,242.5,16.95,28.25,9.15,32.1,8.12,9.06,16.9,16.2,50.9,48.75,7.99,18.2,11.9,22.95,11.75,7.88,9.01,17.65,17.1,228.5,53.4,3750.0,30.1,105.5,71.5,102.5,71.2,24.35,113.0,78.5,11.55,64.2,59.6,10.2,37.8,30.7,71.6,43.6,77.5,61.7,63.9,85.9,36.6,54.5,14.0,8.02,56.4,85.0,85.3,85.7,441.5,419.5,457.5,423.0,92.7,107.5,192.5,331.5,39.85,120.0,143.0,86.4,181.5,48.95,95.1,77.1,36.65
34.4,26.2,53.0,75.4,88.1,71.0,9.87,62.6,95.0,24.05,29.05,335.5,124.0,27.6,126.0,250.0,11.85,44.2,32.55,40.1,117.0,38.25,13.25,16.05,24.7,44.85,146.5,412.0,32.35,60.3,47.8,26.55,26.35,362.0,196.5,249.5,47.85,11.35,158.0,32.95,15.5,84.3,18.35,47.3,58.3,181.0,4.63,9.97,51.3,32.45,15.15,12.95,85.3,21.6,265.0,75.6,9.48,43.4,73.4,101.0,59.9,89.8,74.2,247.5,48.35,11.8,101.5,120.0,23.15,25.3,85.2,217.0,222.5,34.9,78.1,44.9,11.05,25.0,9.27,16.1,14.5,18.4,242.5,17.0,28.25,9.15,32.05,8.12,9.06,16.9,16.2,50.9,48.7,7.99,18.2,11.9,22.95,11.75,7.88,9.01,17.65,17.15,229.0,53.3,3750.0,30.1,105.5,71.5,102.5,71.2,24.4,113.0,78.5,11.55,64.2,59.6,10.2,37.8,30.7,71.5,43.6,77.5,61.7,63.9,85.9,36.6,54.5,14.0,8.03,56.4,85.0,85.2,85.8,441.5,419.5,457.5,422.5,92.6,107.5,192.5,331.5,39.85,119.5,143.0,86.4,182.0,48.95,95.1,77.1,36.65
34.35,26.2,53.0,75.4,88.1,70.9,9.87,62.6,94.9,24.0,29.05,335.5,124.0,27.55,125.5,249.5,11.85,44.2,32.6,40.1,116.5,38.25,13.25,16.1,24.65,44.85,146.5,412.0,32.3,60.3,47.8,26.55,26.35,362.0,196.5,249.5,47.8,11.35,158.0,32.95,15.5,84.3,18.35,47.25,58.3,181.0,4.63,9.97,51.3,32.45,15.15,12.95,85.3,21.6,265.0,75.6,9.48,43.35,73.3,101.0,59.9,89.8,74.2,247.5,48.4,11.8,101.5,119.5,23.1,25.3,85.2,217.0,222.5,34.9,78.0,44.9,11.05,25.0,9.26,16.1,14.5,18.4,242.5,17.0,28.25,9.15,32.0,8.11,9.06,16.9,16.2,51.0,48.65,8.0,18.2,11.9,22.95,11.75,7.87,9.01,17.65,17.15,229.0,53.4,3760.0,30.1,106.0,71.5,102.5,71.1,24.35,113.0,78.5,11.55,64.2,59.6,10.2,37.8,30.7,71.6,43.6,77.5,61.7,63.8,85.8,36.6,54.5,14.0,8.04,56.4,85.0,85.2,85.9,441.5,419.5,457.5,422.5,92.6,107.5,192.5,331.5,39.85,119.5,143.0,86.4,181.5,48.95,95.0,77.1,36.65
34.3,26.2,53.0,75.4,88.1,70.9,9.86,62.7,95.0,24.0,29.05,336.0,124.0,27.55,126.0,249.5,11.85,44.15,32.6,40.1,116.5,38.25,13.25,16.05,24.65,44.85,146.0,411.0,32.3,60.3,47.8,26.55,26.4,362.0,196.5,249.5,47.8,11.35,158.0,32.95,15.45,84.2,18.3,47.25,58.3,181.0,4.63,9.97,51.2,32.45,15.15,12.95,85.4,21.55,265.5,75.6,9.48,43.3,73.3,101.0,59.9,89.8,74.2,248.0,48.35,11.8,102.0,120.0,23.15,25.35,85.2,217.0,222.5,34.9,78.0,44.9,11.05,24.95,9.26,16.1,14.5,18.4,242.5,16.95,28.25,9.15,32.05,8.12,9.06,16.9,16.2,51.0,48.7,7.99,18.2,11.85,22.95,11.75,7.87,9.02,17.65,17.15,229.0,53.4,3760.0,30.1,105.5,71.5,102.5,70.9,24.35,113.0,78.6,11.55,64.2,59.7,10.2,37.85,30.7,71.6,43.6,77.4,61.7,63.8,85.8,36.55,54.5,14.0,8.03,56.4,85.0,85.2,86.1,441.5,419.5,457.5,422.5,92.7,107.5,192.5,331.5,39.85,119.5,143.0,86.4,181.5,48.9,95.0,77.1,36.65
34.4,26.2,53.0,75.4,88.1,71.0,9.86,62.6,95.0,24.0,29.05,336.0,124.0,27.55,126.0,249.5,11.85,44.15,32.6,40.1,116.5,38.25,13.25,16.05,24.7,44.85,146.0,410.5,32.3,60.3,47.8,26.55,26.4,362.0,196.5,249.5,47.8,11.4,158.0,32.9,15.5,84.3,18.3,47.25,58.3,181.0,4.64,9.97,51.3,32.45,15.15,12.95,85.4,21.55,265.5,75.6,9.48,43.3,73.3,101.0,59.9,89.8,74.2,247.5,48.35,11.8,101.5,119.5,23.15,25.35,85.2,217.0,222.5,34.9,78.0,44.9,11.05,25.0,9.27,16.1,14.5,18.35,242.5,16.95,28.2,9.15,32.05,8.12,9.06,16.9,16.2,51.0,48.65,7.99,18.2,11.9,22.95,11.75,7.88,9.01,17.65,17.15,229.0,53.3,3760.0,30.1,105.5,71.5,102.5,70.9,24.35,113.0,78.6,11.55,64.2,59.6,10.2,37.8,30.7,71.6,43.6,77.4,61.7,63.8,85.9,36.55,54.5,13.95,8.03,56.4,85.0,85.2,86.0,441.5,419.5,457.5,422.5,92.6,107.5,192.5,331.5,39.9,119.5,143.0,86.4,181.5,48.9,95.2,77.1,36.65
34.35,26.2,53.0,75.4,88.1,70.9,9.87,62.7,94.9,24.0,29.05,336.0,124.0,27.55,125.5,249.5,11.85,44.0,32.6,40.1,116.5,38.25,13.25,16.05,24.65,44.9,146.5,410.5,32.3,60.4,47.8,26.5,26.4,362.0,196.5,249.5,47.8,11.4,157.5,32.95,15.5,84.3,18.35,47.25,58.3,181.0,4.64,9.96,51.3,32.45,15.15,12.95,85.4,21.6,265.0,75.6,9.48,43.3,73.4,101.0,59.9,89.9,74.2,247.0,48.4,11.85,101.5,120.0,23.15,25.35,85.2,217.0,222.5,34.9,78.0,44.9,11.05,25.0,9.27,16.1,14.5,18.35,242.5,16.95,28.15,9.16,32.0,8.12,9.06,16.85,16.2,50.9,48.6,8.0,18.2,11.85,22.95,11.75,7.87,9.01,17.65,17.15,229.0,53.4,3760.0,30.1,106.0,71.5,102.5,71.0,24.3,113.5,78.6,11.55,64.2,59.7,10.2,37.8,30.7,71.6,43.6,77.5,61.7,63.8,85.9,36.55,54.5,13.95,8.04,56.4,85.0,85.3,86.0,441.5,419.5,457.5,422.5,92.6,107.5,192.5,332.0,39.9,119.5,143.0,86.4,181.5,48.9,95.1,77.1,36.7
34.4,26.2,53.0,75.5,88.1,71.0,9.87,62.7,94.9,24.0,29.05,336.0,124.5,27.6,125.5,249.5,11.85,44.0,32.6,40.1,116.5,38.25,13.25,16.1,24.65,44.9,146.0,410.5,32.3,60.3,47.8,26.5,26.4,362.0,196.5,249.5,47.8,11.4,158.0,32.9,15.5,84.3,18.35,47.3,58.3,181.0,4.64,9.96,51.2,32.45,15.15,12.95,85.4,21.55,265.0,75.6,9.48,43.15,73.4,101.0,59.9,89.9,74.2,247.0,48.35,11.85,101.5,120.0,23.15,25.35,85.2,217.0,222.5,34.9,77.9,44.9,11.05,25.0,9.27,16.1,14.5,18.35,242.5,17.0,28.15,9.16,32.05,8.12,9.06,16.85,16.2,50.8,48.65,8.0,18.2,11.9,22.95,11.75,7.87,9.01,17.65,17.1,228.5,53.3,3760.0,30.1,106.0,71.5,102.5,71.0,24.3,113.5,78.6,11.55,64.2,59.7,10.2,37.75,30.7,71.5,43.6,77.5,61.7,63.8,85.9,36.55,54.5,13.95,8.03,56.4,85.0,85.3,86.0,441.5,419.5,457.5,422.5,92.6,107.5,192.5,332.0,39.9,119.5,143.0,86.4,181.5,48.9,95.2,77.1,36.7
34.35,26.2,53.0,75.7,88.1,71.0,9.87,62.7,95.0,24.0,29.05,336.0,124.5,27.6,126.0,249.5,11.8,44.0,32.6,40.1,116.5,38.25,13.25,16.05,24.7,44.9,146.0,410.5,32.35,60.4,47.8,26.5,26.4,362.0,196.5,249.5,47.8,11.4,158.0,32.9,15.5,84.2,18.35,47.25,58.3,181.0,4.64,9.96,51.2,32.45,15.15,12.95,85.4,21.55,265.0,75.6,9.48,43.05,73.4,101.0,59.9,89.8,74.2,247.0,48.35,11.8,101.5,119.5,23.15,25.3,85.2,217.0,222.5,34.9,77.9,44.9,11.05,25.0,9.27,16.1,14.5,18.35,242.5,17.0,28.15,9.16,32.05,8.12,9.06,16.85,16.2,50.8,48.55,7.99,18.2,11.9,22.95,11.75,7.87,9.01,17.65,17.15,229.0,53.3,3760.0,30.1,105.5,71.5,102.5,71.0,24.3,113.5,78.6,11.55,64.2,59.7,10.25,37.75,30.7,71.5,43.6,77.5,61.7,63.8,85.9,36.55,54.5,14.0,8.02,56.3,85.0,85.3,86.0,441.5,419.5,457.5,422.5,92.6,107.5,192.5,332.0,39.85,119.5,143.0,86.4,182.0,48.9,95.1,77.1,36.7
34.35,26.2,53.0,75.4,88.1,71.0,9.87,62.7,95.0,24.0,29.05,336.0,124.5,27.6,125.5,249.5,11.85,44.0,32.55,40.1,116.5,38.25,13.25,16.05,24.7,44.9,146.0,410.5,32.35,60.3,47.8,26.5,26.4,362.0,196.5,249.5,47.8,11.4,158.0,32.9,15.5,84.3,18.35,47.25,58.3,181.0,4.63,9.96,51.3,32.45,15.15,12.95,85.4,21.55,265.0,75.6,9.48,43.1,73.4,101.0,59.9,89.8,74.2,247.0,48.35,11.8,101.5,119.5,23.1,25.35,85.2,217.0,222.5,34.9,77.9,44.9,11.05,25.0,9.28,16.1,14.5,18.35,242.5,17.0,28.15,9.16,32.0,8.12,9.06,16.85,16.2,50.8,48.55,8.0,18.15,11.85,22.95,11.75,7.87,9.01,17.6,17.15,229.0,53.4,3760.0,30.1,105.5,71.5,102.5,71.0,24.3,113.5,78.6,11.6,64.1,59.6,10.2,37.75,30.7,71.5,43.55,77.5,61.7,63.8,85.9,36.55,54.5,14.0,8.03,56.3,85.0,85.2,85.9,441.5,419.5,457.5,423.0,92.5,107.5,192.5,332.0,39.9,119.5,143.0,86.4,182.0,48.85,95.0,77.1,36.6
34.35,26.2,53.0,75.4,88.0,71.0,9.87,62.6,95.0,24.0,29.05,336.0,124.5,27.55,125.5,249.5,11.8,43.95,32.55,40.1,116.5,38.25,13.25,16.1,24.7,44.9,146.0,410.5,32.3,60.3,47.8,26.5,26.4,362.0,196.5,249.5,47.8,11.4,158.0,32.95,15.5,84.3,18.35,47.25,58.2,181.0,4.64,9.98,51.3,32.45,15.15,12.95,85.4,21.55,265.0,75.6,9.48,43.1,73.4,101.0,59.9,89.8,74.2,247.0,48.35,11.8,101.5,119.5,23.15,25.35,85.2,217.0,222.5,34.9,78.0,44.9,11.05,25.0,9.27,16.1,14.5,18.35,242.5,16.95,28.2,9.16,32.0,8.12,9.06,16.9,16.2,50.8,48.55,7.99,18.15,11.9,22.9,11.75,7.87,9.01,17.65,17.15,228.5,53.2,3760.0,30.1,106.0,71.5,102.0,71.0,24.3,113.5,78.6,11.55,64.1,59.6,10.2,37.8,30.7,71.6,43.55,77.5,61.7,63.8,85.9,36.55,54.5,14.0,8.03,56.3,85.0,85.2,85.9,441.5,419.5,457.5,423.0,92.5,107.5,192.5,332.0,39.9,119.5,143.0,86.4,182.0,48.9,95.0,77.1,36.65
34.35,26.2,53.0,75.4,88.0,71.0,9.87,62.7,95.0,24.0,29.05,336.0,124.0,27.6,126.0,249.0,11.8,44.05,32.55,40.1,116.5,38.2,13.25,16.05,24.7,44.9,146.5,410.5,32.3,60.4,47.8,26.5,26.4,362.0,196.5,249.5,47.75,11.4,158.0,32.95,15.5,84.3,18.35,47.25,58.2,181.0,4.64,9.98,51.3,32.45,15.15,12.95,85.4,21.5,265.0,75.6,9.48,43.05,73.3,101.0,59.9,89.9,74.2,247.0,48.35,11.85,101.5,119.5,23.15,25.35,85.2,217.0,222.5,34.9,77.9,44.85,11.05,25.0,9.27,16.1,14.5,18.35,242.5,16.95,28.2,9.16,31.95,8.12,9.06,16.9,16.2,50.8,48.5,7.99,18.15,11.9,22.9,11.75,7.87,9.01,17.6,17.15,229.0,53.2,3760.0,30.1,105.5,71.5,102.5,71.0,24.3,113.0,78.6,11.55,64.0,59.6,10.25,37.8,30.7,71.6,43.55,77.5,61.8,63.8,85.8,36.55,54.4,14.0,8.03,56.3,85.0,85.2,86.0,441.5,419.5,457.5,423.0,92.5,107.5,192.5,332.0,39.9,119.5,143.0,86.4,182.0,48.9,95.1,77.1,36.7
34.4,26.2,53.1,75.4,87.9,71.0,9.87,62.7,95.0,24.0,29.05,336.0,124.0,27.55,126.0,249.0,11.85,44.05,32.6,40.1,117.0,38.2,13.25,16.05,24.7,44.9,146.5,410.5,32.3,60.3,47.8,26.5,26.4,362.0,196.5,249.5,47.75,11.4,158.0,32.95,15.5,84.3,18.3,47.25,58.3,181.0,4.64,9.98,51.2,32.45,15.15,12.95,85.4,21.5,265.0,75.6,9.47,43.0,73.3,101.0,59.9,89.8,74.2,247.0,48.35,11.8,101.5,120.0,23.15,25.35,85.2,216.5,222.5,34.9,77.9,44.9,11.05,25.0,9.27,16.1,14.5,18.35,242.5,17.0,28.2,9.15,32.0,8.12,9.06,16.9,16.2,50.8,48.45,7.99,18.2,11.85,22.95,11.75,7.87,9.01,17.6,17.15,229.0,53.2,3760.0,30.1,106.0,71.5,102.5,71.0,24.3,113.0,78.6,11.55,64.0,59.6,10.25,37.8,30.7,71.5,43.55,77.5,61.8,63.8,85.8,36.55,54.4,13.95,8.04,56.3,85.0,85.2,86.1,441.5,419.5,457.5,422.5,92.4,107.5,192.5,332.0,39.85,119.5,142.5,86.4,182.0,48.9,95.0,77.1,36.7
34.35,26.2,53.1,75.4,87.9,71.0,9.88,62.6,95.1,24.0,29.05,336.0,124.0,27.55,126.0,249.0,11.85,44.1,32.6,40.1,117.0,38.2,13.25,16.1,24.7,44.9,146.0,410.5,32.3,60.4,47.8,26.5,26.4,362.0,196.5,249.5,47.75,11.4,158.0,32.95,15.5,84.2,18.3,47.25,58.3,180.5,4.65,9.97,51.2,32.5,15.15,12.95,85.4,21.5,265.0,75.6,9.47,43.0,73.4,101.0,59.9,89.9,74.2,247.0,48.35,11.8,101.5,120.0,23.15,25.25,85.2,217.0,222.5,34.85,77.9,44.85,11.05,25.0,9.27,16.15,14.5,18.35,242.5,16.95,28.25,9.15,32.0,8.12,9.05,16.9,16.2,50.9,48.5,7.99,18.2,11.85,22.9,11.75,7.86,9.01,17.6,17.15,229.5,53.3,3760.0,30.1,106.0,71.5,102.5,71.0,24.35,113.0,78.6,11.55,63.8,59.6,10.2,37.75,30.7,71.6,43.55,77.5,61.8,63.8,85.9,36.55,54.5,14.0,8.03,56.3,85.0,85.2,86.0,441.5,419.5,457.5,422.5,92.4,107.5,192.5,332.0,39.85,119.5,143.0,86.4,182.0,48.9,95.1,77.1,36.7
34.35,26.2,53.1,75.4,87.9,71.0,9.88,62.5,95.1,24.0,29.05,336.0,124.0,27.55,126.0,249.0,11.8,44.1,32.6,40.1,116.5,38.2,13.25,16.1,24.65,44.9,146.0,410.5,32.35,60.3,47.8,26.5,26.4,362.0,196.5,249.5,47.75,11.4,158.0,32.9,15.5,84.3,18.3,47.25,58.3,181.0,4.65,9.96,51.3,32.5,15.15,12.95,85.4,21.5,265.0,75.6,9.47,43.05,73.4,101.0,59.9,89.9,74.2,247.0,48.35,11.8,101.5,120.0,23.15,25.25,85.0,217.0,222.5,34.85,77.9,44.9,11.05,25.0,9.27,16.15,14.5,18.35,242.5,16.95,28.25,9.15,32.0,8.12,9.05,16.9,16.2,50.8,48.4,8.0,18.15,11.9,22.95,11.75,7.86,9.01,17.6,17.15,229.5,53.4,3760.0,30.1,106.0,71.5,102.5,71.0,24.35,113.0,78.6,11.6,64.0,59.6,10.2,37.8,30.65,71.6,43.55,77.5,61.8,63.8,85.8,36.55,54.5,14.0,8.02,56.3,85.0,85.2,85.9,441.5,419.5,457.5,422.5,92.3,107.5,192.5,332.0,39.85,119.5,143.0,86.4,182.0,48.9,95.2,77.1,36.65
34.35,26.2,53.1,75.4,88.0,71.0,9.88,62.7,95.1,24.0,29.05,335.5,124.5,27.55,126.0,249.0,11.8,44.1,32.6,40.1,116.5,38.2,13.25,16.1,24.7,44.9,146.0,410.5,32.35,60.3,47.8,26.55,26.3,362.0,196.5,249.5,47.75,11.4,158.0,32.95,15.5,84.3,18.35,47.15,58.3,181.0,4.65,9.96,51.3,32.5,15.1,12.95,85.4,21.5,265.0,75.6,9.47,43.05,73.3,101.0,59.8,90.0,74.2,248.0,48.35,11.85,101.5,120.0,23.2,25.3,85.0,216.5,222.0,34.85,77.9,44.85,11.1,25.0,9.27,16.15,14.5,18.35,242.5,17.0,28.2,9.15,32.0,8.11,9.05,16.9,16.15,50.8,48.4,8.0,18.15,11.9,22.9,11.75,7.87,9.01,17.6,17.15,229.5,53.4,3760.0,30.1,105.5,71.5,102.5,71.0,24.3,113.0,78.6,11.55,63.8,59.6,10.2,37.8,30.65,71.5,43.55,77.5,61.8,63.8,85.8,36.55,54.5,14.0,8.03,56.3,85.0,85.2,85.9,441.5,419.5,457.5,422.0,92.2,107.0,192.5,331.5,39.85,119.0,143.0,86.4,182.0,48.85,95.1,77.1,36.65
34.35,26.2,53.1,75.4,87.9,71.0,9.88,62.7,95.1,24.0,29.05,336.0,124.5,27.55,125.5,249.0,11.85,44.0,32.6,40.1,116.5,38.2,13.25,16.15,24.65,44.9,146.0,410.5,32.35,60.3,47.8,26.55,26.3,362.0,196.5,249.5,47.75,11.4,158.0,32.95,15.45,84.3,18.35,47.15,58.3,180.5,4.65,9.97,51.3,32.5,15.1,12.95,85.4,21.5,265.5,75.6,9.47,43.0,73.3,101.0,59.9,89.9,74.2,247.0,48.35,11.85,101.5,120.0,23.25,25.25,85.0,217.0,222.0,34.85,77.9,44.9,11.1,25.0,9.27,16.15,14.5,18.35,242.5,17.0,28.2,9.15,32.0,8.11,9.05,16.9,16.15,50.8,48.45,8.0,18.15,11.85,22.95,11.75,7.87,9.01,17.6,17.15,229.5,53.4,3760.0,30.1,105.5,71.5,102.5,71.0,24.3,113.0,78.6,11.55,63.8,59.6,10.2,37.8,30.7,71.5,43.55,77.5,61.8,63.8,85.9,36.55,54.5,14.0,8.02,56.3,85.0,85.2,85.9,441.5,419.5,457.5,422.0,92.1,107.5,192.5,331.5,39.85,119.0,143.0,86.4,182.0,48.85,95.1,77.1,36.65
34.35,26.2,53.0,75.5,88.0,71.0,9.88,62.6,95.0,24.0,29.05,336.0,124.0,27.55,126.0,249.0,11.85,44.1,32.6,40.1,116.5,38.2,13.25,16.1,24.7,44.85,146.0,410.5,32.3,60.3,47.85,26.5,26.3,362.0,196.5,249.5,47.75,11.4,158.0,32.95,15.45,84.3,18.35,47.15,58.3,181.0,4.65,9.97,51.3,32.45,15.15,12.95,85.3,21.5,265.5,75.6,9.47,43.0,73.3,101.5,59.9,89.9,74.1,247.0,48.3,11.85,101.5,119.5,23.25,25.25,85.0,216.5,222.0,34.85,77.9,44.9,11.1,25.0,9.27,16.1,14.5,18.35,242.5,17.0,28.2,9.15,32.0,8.11,9.05,16.9,16.15,50.9,48.35,7.99,18.2,11.9,22.9,11.75,7.86,9.01,17.6,17.15,229.5,53.4,3755.0,30.1,106.0,71.5,102.5,71.0,24.35,113.5,78.6,11.55,63.8,59.6,10.25,37.8,30.7,71.5,43.55,77.4,61.8,63.7,85.9,36.55,54.5,13.95,8.02,56.3,84.9,85.2,85.9,441.5,419.5,457.5,422.0,92.1,107.5,192.5,331.5,39.85,119.0,143.0,86.4,182.0,48.85,95.2,77.1,36.65
34.35,26.2,53.0,75.5,88.0,71.0,9.88,62.5,95.0,24.0,29.05,336.0,124.0,27.55,126.0,249.0,11.8,44.1,32.6,40.1,116.5,38.2,13.25,16.1,24.65,44.85,146.0,410.5,32.35,60.3,47.85,26.5,26.3,362.0,196.5,249.5,47.75,11.4,158.0,32.95,15.45,84.3,18.35,47.15,58.2,181.0,4.65,9.97,51.3,32.45,15.15,13.0,85.4,21.5,265.5,75.6,9.47,43.1,73.3,101.0,59.9,89.9,74.1,247.0,48.3,11.8,101.5,119.0,23.25,25.3,85.0,217.0,222.0,34.9,78.0,44.9,11.1,25.0,9.27,16.1,14.5,18.35,242.5,17.0,28.2,9.15,32.0,8.11,9.05,16.9,16.15,50.8,48.35,8.0,18.2,11.85,22.95,11.75,7.86,9.02,17.6,17.15,229.5,53.4,3755.0,30.1,106.0,71.6,102.5,71.0,24.35,113.0,78.6,11.55,63.8,59.6,10.2,37.8,30.7,71.5,43.55,77.5,61.8,63.8,85.8,36.55,54.4,13.95,8.02,56.4,85.0,85.2,85.9,440.0,419.5,457.5,422.0,92.1,107.5,192.5,331.5,39.85,119.0,143.0,86.4,182.0,48.85,95.1,77.1,36.65
34.4,26.2,53.0,75.4,88.0,71.0,9.87,62.6,94.9,23.95,29.05,336.0,124.0,27.55,125.5,249.0,11.8,44.15,32.6,40.1,116.5,38.25,13.25,16.15,24.65,44.85,145.5,410.5,32.35,60.3,47.85,26.5,26.3,362.0,196.5,249.5,47.75,11.4,158.0,32.95,15.45,84.3,18.3,47.1,58.2,181.0,4.66,9.97,51.2,32.5,15.1,13.0,85.4,21.5,265.5,75.6,9.47,43.05,73.3,101.0,59.9,90.0,74.1,247.5,48.3,11.85,101.0,119.5,23.25,25.3,85.0,216.5,222.0,34.9,77.9,44.9,11.1,25.0,9.28,16.1,14.5,18.35,242.5,17.0,28.2,9.15,32.0,8.11,9.05,16.9,16.15,50.8,48.35,8.0,18.2,11.9,22.9,11.75,7.86,9.01,17.6,17.15,228.5,53.5,3755.0,30.15,106.0,71.5,102.5,71.0,24.3,113.5,78.6,11.55,63.8,59.6,10.25,37.8,30.7,71.5,43.55,77.5,61.8,63.9,85.8,36.55,54.5,13.95,8.02,56.3,85.0,85.1,85.9,440.0,419.5,457.5,422.0,92.1,107.5,192.5,331.5,39.85,119.0,143.0,86.4,182.0,48.8,95.1,77.1,36.65
34.35,26.2,53.0,75.4,88.0,71.0,9.88,62.6,94.9,24.0,29.05,336.0,124.0,27.55,126.0,249.0,11.8,44.2,32.6,40.1,116.5,38.25,13.25,16.1,24.65,44.85,146.0,410.5,32.35,60.4,47.85,26.5,26.35,362.0,196.5,249.5,47.75,11.4,158.0,32.95,15.45,84.3,18.3,47.1,58.3,181.0,4.66,9.97,51.3,32.5,15.15,12.95,85.3,21.55,265.5,75.6,9.47,43.0,73.3,101.0,59.8,90.0,74.2,247.0,48.35,11.8,101.5,119.5,23.2,25.25,85.2,216.5,222.0,34.9,77.9,45.0,11.1,25.0,9.27,16.1,14.5,18.35,242.5,17.0,28.25,9.15,32.0,8.11,9.05,16.9,16.15,51.0,48.35,7.99,18.15,11.9,22.95,11.75,7.85,9.01,17.6,17.15,228.5,53.5,3755.0,30.15,106.0,71.5,102.5,71.0,24.3,113.5,78.5,11.55,63.8,59.6,10.2,37.8,30.65,71.6,43.55,77.5,61.8,63.9,85.7,36.6,54.5,13.95,8.01,56.3,85.0,85.1,86.0,440.0,419.5,457.5,422.0,92.1,107.5,192.5,331.5,39.85,119.0,143.0,86.4,182.0,48.85,95.1,77.1,36.65
34.35,26.2,53.0,75.4,88.0,71.0,9.87,62.5,94.9,24.0,29.05,336.0,124.0,27.55,126.5,248.5,11.8,44.2,32.6,40.1,116.5,38.25,13.25,16.15,24.65,44.85,146.0,411.0,32.35,60.4,47.85,26.5,26.35,362.0,196.5,249.5,47.75,11.4,158.0,32.9,15.5,84.3,18.3,47.1,58.3,181.0,4.66,9.97,51.3,32.45,15.15,12.95,85.4,21.55,265.0,75.6,9.47,43.0,73.4,101.5,59.9,89.9,74.2,247.0,48.25,11.85,101.5,120.0,23.25,25.3,85.2,217.0,222.5,34.9,77.9,44.9,11.1,25.0,9.27,16.1,14.5,18.3,242.5,17.0,28.25,9.15,32.0,8.11,9.05,16.9,16.15,50.8,48.4,8.0,18.2,11.9,23.0,11.75,7.86,9.01,17.6,17.15,229.5,53.6,3755.0,30.15,105.5,71.5,102.5,71.0,24.35,113.0,78.5,11.55,63.7,59.5,10.25,37.8,30.65,71.5,43.5,77.5,61.8,63.9,85.7,36.6,54.5,13.95,8.0,56.3,85.0,85.1,86.0,440.0,419.5,457.5,422.0,92.2,108.0,192.5,331.5,39.9,119.0,143.0,86.4,182.0,48.8,95.1,77.1,36.65
34.35,26.2,53.1,75.4,88.0,71.0,9.88,62.6,95.0,24.0,29.05,336.0,124.0,27.55,126.0,248.5,11.8,44.2,32.6,40.1,116.5,38.25,13.25,16.15,24.7,44.85,146.0,411.0,32.35,60.4,47.85,26.5,26.35,362.0,196.5,249.5,47.75,11.4,157.5,32.95,15.5,84.3,18.3,47.1,58.2,181.0,4.66,9.98,51.2,32.45,15.1,12.95,85.4,21.55,265.0,75.6,9.47,43.0,73.3,101.5,59.9,89.9,74.1,247.0,48.25,11.8,101.5,120.0,23.25,25.25,85.2,216.5,222.5,34.9,77.9,44.85,11.1,25.0,9.27,16.1,14.45,18.35,242.5,16.95,28.25,9.15,32.0,8.11,9.05,16.85,16.15,50.9,48.35,8.0,18.2,11.9,23.0,11.75,7.86,9.01,17.6,17.15,229.5,53.6,3755.0,30.15,106.0,71.6,102.5,71.0,24.35,113.0,78.5,11.55,63.6,59.5,10.2,37.8,30.65,71.6,43.55,77.5,61.8,63.9,85.7,36.6,54.5,13.95,8.0,56.4,85.0,85.1,86.0,440.0,419.5,457.5,422.0,92.2,108.0,192.5,331.5,39.9,119.0,143.0,86.4,182.0,48.95,95.0,77.1,36.65
34.3,26.2,53.1,75.5,88.0,71.0,9.88,62.5,95.0,24.0,29.05,336.0,124.0,27.55,126.5,248.0,11.8,44.15,32.6,40.1,116.5,38.25,13.25,16.1,24.65,44.85,146.0,411.0,32.35,60.4,47.85,26.5,26.35,362.0,196.5,249.5,47.75,11.4,157.5,32.95,15.5,84.2,18.35,47.1,58.2,181.0,4.66,9.97,51.2,32.4,15.15,12.95,85.4,21.55,265.5,75.5,9.47,43.0,73.3,101.0,59.9,89.9,74.1,247.0,48.25,11.8,101.5,119.5,23.25,25.3,85.2,216.5,222.0,34.9,77.9,44.9,11.05,25.0,9.27,16.1,14.45,18.35,242.5,17.0,28.25,9.15,32.0,8.11,9.05,16.85,16.2,50.8,48.35,7.99,18.2,11.85,23.0,11.75,7.85,9.01,17.6,17.15,229.5,53.5,3755.0,30.15,106.0,71.6,102.5,71.0,24.3,113.0,78.5,11.55,63.6,59.5,10.2,37.85,30.7,71.5,43.55,77.5,61.8,63.9,85.7,36.6,54.5,13.95,8.01,56.3,84.9,85.1,86.0,440.0,419.5,457.5,422.0,92.2,107.5,192.5,331.5,39.9,120.0,143.0,86.5,182.0,48.8,95.2,77.1,36.65
34.3,26.25,53.1,75.5,88.0,71.0,9.88,62.6,95.0,24.0,29.05,336.0,124.0,27.55,126.5,248.5,11.85,44.15,32.6,40.05,116.5,38.25,13.25,16.15,24.7,44.85,146.0,411.0,32.35,60.3,47.85,26.5,26.35,362.0,196.5,249.5,47.75,11.35,157.5,32.95,15.45,84.3,18.35,47.2,58.2,180.5,4.66,9.97,51.3,32.4,15.15,13.0,85.4,21.55,265.5,75.5,9.47,43.0,73.3,101.0,59.9,89.8,74.1,247.0,48.25,11.8,101.5,119.5,23.25,25.25,85.2,217.0,222.0,34.85,77.9,44.9,11.05,25.0,9.28,16.1,14.5,18.35,242.5,17.0,28.25,9.16,32.05,8.12,9.05,16.85,16.2,50.9,48.3,8.0,18.15,11.85,23.0,11.75,7.87,9.01,17.6,17.2,229.0,53.6,3755.0,30.15,106.0,71.6,102.5,71.0,24.3,113.0,78.5,11.6,63.6,59.6,10.25,37.85,30.7,71.6,43.55,77.5,61.8,63.9,85.7,36.6,54.5,13.95,8.0,56.3,84.8,85.2,85.9,440.0,419.5,457.5,422.0,92.2,108.0,192.5,331.5,39.9,120.0,143.0,86.5,182.0,48.8,95.1,77.1,36.65
34.35,26.25,53.1,75.5,88.0,70.9,9.86,62.5,95.0,24.0,29.05,336.0,124.0,27.55,126.5,248.5,11.8,44.15,32.6,40.05,116.5,38.25,13.25,16.1,24.65,44.85,146.0,411.0,32.35,60.4,47.85,26.5,26.35,362.0,196.5,249.5,47.75,11.4,157.5,32.95,15.5,84.3,18.3,47.2,58.2,180.5,4.66,9.97,51.2,32.4,15.15,13.0,85.4,21.55,265.5,75.4,9.47,43.0,73.3,101.0,59.9,89.7,74.1,247.5,48.25,11.8,101.5,119.5,23.25,25.25,85.2,217.0,222.5,34.9,77.9,44.9,11.05,25.0,9.28,16.1,14.5,18.35,242.5,17.0,28.2,9.16,32.05,8.12,9.06,16.85,16.2,50.8,48.25,7.99,18.15,11.9,23.0,11.75,7.87,9.01,17.6,17.2,229.0,53.6,3755.0,30.1,106.0,71.5,102.5,71.0,24.35,113.5,78.4,11.55,63.6,59.6,10.25,37.85,30.7,71.5,43.55,77.5,61.8,63.9,85.7,36.6,54.5,13.95,8.0,56.3,84.9,85.2,85.9,440.0,419.5,457.5,422.0,92.2,108.0,192.5,331.5,39.9,120.0,143.0,86.5,182.0,48.8,95.1,77.1,36.6
34.3,26.25,53.1,75.6,88.1,71.0,9.86,62.6,95.0,24.0,29.05,336.0,124.0,27.55,126.0,248.0,11.85,44.15,32.6,40.1,116.5,38.25,13.25,16.15,24.65,44.85,145.5,411.0,32.4,60.4,47.85,26.5,26.4,362.0,196.5,249.0,47.75,11.4,158.0,32.95,15.45,84.2,18.3,47.2,58.2,181.0,4.66,9.98,51.2,32.4,15.15,12.95,85.4,21.55,265.5,75.4,9.47,43.0,73.2,101.5,59.9,89.9,74.1,247.5,48.35,11.8,101.5,119.5,23.2,25.3,85.2,217.0,222.5,34.9,78.0,44.9,11.05,24.95,9.27,16.1,14.45,18.35,242.5,17.0,28.2,9.16,32.05,8.11,9.06,16.9,16.2,50.8,48.25,7.99,18.2,11.85,23.0,11.75,7.86,9.01,17.6,17.2,229.5,53.6,3755.0,30.15,106.0,71.5,102.5,70.9,24.3,113.0,78.4,11.55,63.6,59.5,10.25,37.85,30.65,71.6,43.55,77.5,61.8,63.9,85.7,36.6,54.5,14.0,8.01,56.3,84.9,85.2,85.9,440.0,419.5,457.5,422.0,92.2,108.0,192.5,331.5,39.9,120.0,142.5,86.5,182.0,48.8,95.1,77.1,36.6
34.3,26.3,53.1,75.6,88.1,70.9,9.86,62.6,95.0,24.0,29.05,336.0,124.0,27.55,126.5,248.5,11.8,44.15,32.6,40.1,116.5,38.25,13.25,16.15,24.65,44.85,145.5,411.0,32.35,60.4,47.9,26.5,26.4,362.0,196.5,249.0,47.75,11.4,158.0,32.95,15.45,84.2,18.3,47.15,58.2,181.0,4.66,9.98,51.3,32.45,15.15,12.95,85.4,21.55,265.5,75.4,9.47,43.05,73.3,101.5,59.9,89.9,74.2,247.5,48.3,11.8,101.5,119.5,23.25,25.3,85.2,217.0,222.5,34.9,78.0,44.9,11.05,24.95,9.27,16.1,14.5,18.35,242.5,17.0,28.2,9.16,32.05,8.11,9.06,16.9,16.2,50.7,48.25,7.99,18.15,11.9,23.0,11.75,7.86,9.01,17.6,17.2,229.5,53.5,3760.0,30.15,105.5,71.5,102.5,71.0,24.3,113.0,78.4,11.55,63.6,59.5,10.25,37.85,30.7,71.6,43.55,77.5,61.8,63.9,85.7,36.6,54.5,14.0,8.01,56.3,84.9,85.2,85.8,440.0,419.5,457.5,421.0,92.2,108.0,192.5,331.0,39.9,119.5,143.0,86.5,182.0,48.8,95.2,77.1,36.7
34.35,26.3,53.1,75.7,88.1,70.9,9.87,62.5,95.0,24.0,29.05,336.0,123.5,27.55,126.5,248.0,11.8,44.1,32.6,40.1,116.5,38.25,13.25,16.15,24.7,44.85,145.5,411.0,32.4,60.5,47.9,26.5,26.4,362.0,196.5,249.0,47.75,11.4,158.0,32.95,15.5,84.1,18.3,47.2,58.2,181.0,4.65,9.99,51.3,32.4,15.15,12.95,85.4,21.5,265.5,75.4,9.47,43.0,73.3,101.5,59.8,89.9,74.1,247.5,48.3,11.8,101.5,119.5,23.25,25.3,85.2,216.5,222.5,34.9,77.9,44.9,11.1,24.95,9.28,16.1,14.45,18.35,242.5,16.95,28.2,9.16,32.0,8.12,9.06,16.9,16.2,50.7,48.25,7.99,18.2,11.85,22.95,11.75,7.86,9.01,17.6,17.15,229.0,53.5,3760.0,30.15,106.0,71.5,102.5,71.0,24.3,113.0,78.4,11.55,63.6,59.5,10.2,37.85,30.7,71.7,43.55,77.5,61.8,63.8,85.7,36.6,54.5,14.0,8.01,56.3,84.9,85.3,85.8,440.0,419.5,457.5,421.0,92.2,108.0,192.5,331.0,39.9,119.5,143.0,86.4,181.5,48.8,95.2,77.1,36.7
34.3,26.3,53.1,75.7,88.1,71.0,9.87,62.6,95.0,24.0,29.05,336.0,123.5,27.55,126.0,248.0,11.85,44.15,32.6,40.1,116.5,38.25,13.25,16.1,24.65,44.85,145.5,411.0,32.4,60.4,47.9,26.5,26.4,362.0,196.5,249.0,47.7,11.4,157.5,32.95,15.5,84.2,18.3,47.2,58.2,181.0,4.65,9.98,51.2,32.45,15.15,13.0,85.4,21.55,265.5,75.5,9.47,43.0,73.3,101.5,59.9,89.8,74.1,247.5,48.3,11.8,101.5,119.5,23.25,25.3,85.2,217.0,222.0,34.9,78.0,44.95,11.1,24.95,9.27,16.1,14.45,18.35,243.0,17.0,28.15,9.16,32.05,8.11,9.06,16.9,16.2,50.7,48.2,8.0,18.2,11.9,22.95,11.75,7.86,9.01,17.6,17.15,229.0,53.5,3760.0,30.15,106.0,71.5,102.5,71.0,24.3,113.0,78.4,11.55,63.6,59.5,10.25,37.85,30.7,71.7,43.5,77.5,61.8,63.8,85.7,36.6,54.5,14.0,8.01,56.3,84.8,85.3,85.8,440.0,419.5,457.5,421.0,92.2,108.0,192.5,331.0,39.9,119.5,143.0,86.4,182.0,48.8,95.2,77.1,36.7
34.35,26.25,53.1,75.7,88.1,71.0,9.86,62.5,95.0,24.0,29.05,335.5,124.0,27.55,126.5,248.5,11.8,44.15,32.6,40.1,116.5,38.25,13.3,16.15,24.7,44.85,145.5,411.0,32.4,60.5,47.9,26.5,26.4,362.0,196.5,249.5,47.7,11.4,158.0,32.9,15.5,84.2,18.3,47.15,58.2,180.5,4.65,9.98,51.3,32.45,15.15,12.95,85.3,21.55,265.5,75.6,9.47,43.0,73.3,101.5,59.9,89.8,74.1,247.5,48.3,11.8,101.5,119.5,23.25,25.3,85.2,216.5,222.0,34.9,78.0,44.95,11.1,24.95,9.27,16.1,14.45,18.35,243.0,17.0,28.15,9.16,32.0,8.11,9.06,16.9,16.2,50.7,48.2,8.0,18.2,11.85,22.95,11.75,7.86,9.01,17.6,17.2,229.0,53.4,3760.0,30.15,105.5,71.5,102.5,71.0,24.3,113.0,78.4,11.55,63.6,59.5,10.2,37.85,30.7,71.7,43.55,77.4,62.0,63.8,85.7,36.6,54.5,14.0,8.01,56.3,84.7,85.2,85.8,440.0,419.5,457.5,421.0,92.2,108.0,192.5,331.0,39.9,119.5,143.0,86.4,181.5,48.8,95.1,77.1,36.7
34.3,26.25,53.1,75.7,88.1,71.0,9.88,62.6,95.0,24.0,29.05,336.0,124.0,27.5,126.0,248.0,11.8,44.15,32.6,40.05,117.0,38.3,13.3,16.2,24.7,44.85,146.0,411.0,32.4,60.4,47.9,26.55,26.4,362.0,196.5,249.5,47.7,11.4,157.5,32.95,15.5,84.1,18.3,47.15,58.2,181.0,4.65,9.98,51.3,32.45,15.15,13.0,85.3,21.5,265.5,75.6,9.47,43.0,73.4,101.5,59.9,89.7,74.2,247.5,48.3,11.8,101.0,119.5,23.2,25.3,85.2,217.0,222.0,34.9,78.0,44.9,11.05,24.95,9.28,16.1,14.45,18.35,243.0,17.0,28.15,9.16,32.0,8.1,9.06,16.9,16.2,50.7,48.2,8.01,18.2,11.85,23.0,11.75,7.86,9.01,17.6,17.15,229.0,53.5,3755.0,30.15,106.0,71.5,102.5,71.0,24.3,112.5,78.4,11.55,63.6,59.5,10.2,37.8,30.7,71.6,43.55,77.5,62.5,63.8,85.7,36.6,54.5,14.0,8.02,56.3,84.6,85.2,85.8,440.0,419.5,457.5,421.0,92.2,108.0,192.5,331.0,39.9,119.5,143.0,86.4,181.5,48.9,95.1,77.3,36.7
34.3,26.2,53.0,75.5,88.1,71.0,9.88,62.6,95.0,24.0,29.05,336.0,124.0,27.5,126.0,248.0,11.8,44.1,32.6,40.05,117.0,38.3,13.3,16.2,24.65,44.85,145.5,411.0,32.4,60.4,47.9,26.55,26.35,362.0,196.5,249.5,47.65,11.35,157.5,32.9,15.5,84.2,18.3,47.15,58.2,181.0,4.65,9.98,51.3,32.5,15.15,12.95,85.3,21.5,265.5,75.6,9.46,43.0,73.4,101.5,59.9,89.7,74.2,247.5,48.3,11.75,101.5,119.5,23.2,25.3,85.2,217.0,222.5,34.9,78.0,44.9,11.05,24.95,9.27,16.1,14.5,18.35,243.0,16.95,28.15,9.16,32.0,8.1,9.06,16.9,16.2,50.7,48.1,8.01,18.15,11.85,23.0,11.7,7.86,9.01,17.6,17.15,229.0,53.5,3755.0,30.15,106.0,71.5,102.5,71.0,24.3,112.5,78.4,11.55,63.6,59.5,10.25,37.85,30.7,71.6,43.55,77.5,63.0,63.8,85.7,36.6,54.5,14.0,8.01,56.3,84.6,85.2,85.7,440.0,419.5,457.5,421.0,92.1,108.0,192.5,331.0,39.85,119.5,143.0,86.4,181.5,48.8,95.1,77.3,36.7
34.35,26.2,53.0,75.5,88.1,71.0,9.88,62.7,95.0,24.0,29.05,336.0,124.0,27.5,126.5,248.0,11.8,44.05,32.6,40.05,117.0,38.3,13.3,16.2,24.65,44.85,145.5,412.0,32.4,60.4,47.9,26.55,26.35,362.0,196.5,249.5,47.65,11.4,157.5,32.95,15.5,84.2,18.3,47.1,58.2,181.0,4.65,9.98,51.3,32.5,15.1,12.95,85.3,21.5,265.5,75.6,9.46,43.0,73.4,101.5,59.9,89.7,74.2,247.0,48.3,11.8,101.5,119.5,23.25,25.3,85.1,217.0,222.5,34.85,78.0,44.9,11.1,24.95,9.27,16.1,14.45,18.4,243.0,17.0,28.1,9.16,31.95,8.1,9.06,16.9,16.2,50.7,48.1,8.01,18.2,11.85,22.95,11.75,7.86,9.01,17.6,17.15,229.0,53.5,3755.0,30.15,105.5,71.5,102.0,71.0,24.3,112.5,78.4,11.6,63.6,59.5,10.2,37.8,30.7,71.6,43.55,77.4,63.0,63.8,85.7,36.55,54.4,14.0,8.01,56.3,84.6,85.2,85.8,440.0,419.5,457.5,421.0,92.1,108.0,192.5,331.0,39.85,119.5,143.0,86.4,181.5,48.8,95.1,77.3,36.7
34.35,26.2,53.0,75.5,88.1,70.9,9.88,62.6,95.0,24.0,29.05,336.0,124.0,27.55,126.5,248.0,11.8,44.05,32.6,40.05,116.5,38.3,13.3,16.15,24.65,44.85,145.5,410.5,32.4,60.4,47.9,26.55,26.4,362.0,196.5,249.5,47.65,11.4,158.0,32.9,15.5,84.2,18.35,47.1,58.2,181.0,4.65,9.99,51.3,32.45,15.1,12.95,85.3,21.55,265.5,75.6,9.46,43.0,73.4,101.5,59.9,89.7,74.1,247.0,48.3,11.8,101.0,119.5,23.25,25.3,85.1,216.5,222.0,34.9,78.0,44.9,11.1,24.95,9.27,16.1,14.45,18.4,243.0,17.0,28.1,9.16,32.0,8.1,9.06,16.9,16.2,50.7,48.1,8.01,18.15,11.85,22.95,11.75,7.86,9.01,17.65,17.15,229.0,53.5,3755.0,30.2,106.0,71.4,102.5,71.0,24.3,112.5,78.4,11.55,63.7,59.5,10.25,37.8,30.7,71.6,43.6,77.4,63.0,63.9,85.7,36.55,54.4,14.0,8.01,56.3,84.7,85.2,85.8,440.0,419.5,457.5,421.0,92.1,108.0,192.5,331.0,39.9,119.5,143.0,86.4,181.5,48.8,95.1,77.3,36.7
34.35,26.2,53.0,75.7,88.0,71.0,9.88,62.6,95.0,24.0,29.05,335.5,124.0,27.5,126.0,248.0,11.8,44.05,32.6,40.05,116.5,38.3,13.3,16.1,24.7,44.85,145.5,412.5,32.4,60.3,47.9,26.5,26.4,362.0,196.5,249.5,47.65,11.4,158.0,32.95,15.5,84.2,18.35,47.1,58.2,181.0,4.65,9.98,51.3,32.45,15.15,12.95,85.3,21.5,265.5,75.6,9.46,43.05,73.4,101.5,59.9,89.8,74.2,247.0,48.35,11.8,101.5,119.5,23.25,25.3,85.1,217.0,222.0,34.9,77.9,44.95,11.05,25.0,9.28,16.1,14.45,18.35,243.0,17.0,28.15,9.16,32.0,8.1,9.07,16.9,16.2,50.7,48.15,8.01,18.15,11.85,22.95,11.75,7.86,9.02,17.6,17.15,229.5,53.6,3755.0,30.2,106.0,71.4,102.5,71.0,24.3,112.0,78.4,11.55,63.7,59.5,10.25,37.85,30.7,71.5,43.55,77.4,63.0,63.9,85.7,36.55,54.5,14.0,8.02,56.3,84.7,85.1,85.8,440.0,419.5,457.5,421.0,92.2,108.0,192.5,331.0,39.9,119.5,143.0,86.4,181.5,48.8,95.0,77.3,36.7
34.3,26.2,53.0,75.7,88.2,70.9,9.88,62.5,95.0,24.0,29.05,335.5,124.0,27.5,126.0,248.0,11.85,44.05,32.6,40.05,116.5,38.3,13.3,16.15,24.65,44.85,145.5,412.5,32.4,60.4,47.9,26.5,26.4,362.0,196.5,249.5,47.65,11.4,158.0,32.95,15.5,84.2,18.3,47.1,58.2,181.0,4.65,9.99,51.3,32.45,15.1,13.0,85.3,21.55,265.5,75.6,9.46,43.05,73.3,101.5,59.9,89.8,74.2,247.0,48.3,11.8,101.0,119.5,23.25,25.3,85.1,217.0,222.5,34.9,77.9,44.9,11.1,25.0,9.28,16.1,14.45,18.4,243.0,17.0,28.15,9.16,31.95,8.1,9.06,16.9,16.2,50.7,48.1,8.01,18.15,11.85,22.95,11.7,7.86,9.02,17.65,17.1,229.0,53.6,3760.0,30.25,106.0,71.4,102.5,71.0,24.3,112.5,78.4,11.55,63.7,59.5,10.25,37.85,30.7,71.6,43.55,77.5,63.0,63.8,85.8,36.55,54.5,14.0,8.02,56.3,84.7,85.2,85.8,440.0,419.5,457.5,421.0,92.2,108.0,192.5,331.0,39.9,119.5,143.0,86.4,181.5,48.75,95.0,77.3,36.7
34.3,26.2,53.0,75.7,88.2,71.0,9.88,62.6,95.0,24.0,29.05,335.5,124.0,27.5,126.0,248.0,11.8,44.05,32.6,40.05,116.5,38.3,13.3,16.15,24.65,44.85,145.5,412.5,32.4,60.4,47.9,26.5,26.4,362.0,195.5,249.5,47.65,11.4,158.0,32.95,15.5,84.2,18.3,47.1,58.2,180.5,4.65,10.0,51.2,32.45,15.15,13.0,85.3,21.55,265.5,75.6,9.46,43.0,73.3,101.5,59.9,89.8,74.2,247.0,48.3,11.8,101.5,119.5,23.2,25.3,85.1,217.0,222.0,34.9,77.9,44.9,11.05,25.0,9.27,16.1,14.45,18.4,243.0,17.0,28.15,9.16,31.95,8.1,9.06,16.85,16.2,50.7,48.1,8.02,18.15,11.85,22.95,11.75,7.86,9.01,17.6,17.1,229.5,53.7,3760.0,30.25,106.0,71.4,102.5,71.0,24.4,112.5,78.4,11.55,63.7,59.5,10.25,37.85,30.7,71.6,43.55,77.5,63.0,63.8,85.8,36.55,54.5,14.0,8.01,56.3,84.7,85.2,85.8,443.0,419.5,457.5,421.0,92.1,108.0,193.0,331.0,39.9,119.5,143.0,86.5,181.5,48.7,95.1,77.3,36.7
34.35,26.2,53.0,75.7,88.2,70.9,9.86,62.6,94.9,24.0,29.05,335.5,124.0,27.5,126.0,247.0,11.85,44.1,32.6,40.05,116.5,38.3,13.3,16.1,24.7,44.85,146.0,412.5,32.45,60.4,47.9,26.5,26.4,362.0,195.5,249.5,47.7,11.4,158.0,32.9,15.5,84.2,18.3,47.1,58.2,181.0,4.65,10.0,51.3,32.5,15.1,13.0,85.3,21.55,265.5,75.6,9.46,43.0,73.4,101.5,59.9,89.8,74.2,246.5,48.35,11.8,101.5,119.5,23.2,25.3,85.1,217.0,222.0,34.9,77.9,44.85,11.05,25.0,9.27,16.1,14.45,18.4,243.0,17.0,28.15,9.16,32.0,8.11,9.06,16.85,16.2,50.7,48.1,8.01,18.15,11.85,23.0,11.7,7.86,9.02,17.6,17.1,229.0,53.7,3760.0,30.3,106.0,71.4,102.5,71.0,24.45,111.5,78.4,11.55,63.8,59.5,10.2,37.8,30.7,71.6,43.55,77.5,63.0,63.8,85.8,36.6,54.5,14.0,8.02,56.3,84.7,85.2,85.8,443.0,420.0,457.5,421.0,92.1,108.0,193.0,331.5,39.9,120.0,143.0,86.5,181.5,48.7,95.1,77.3,36.7
34.35,26.2,53.0,75.7,88.2,71.0,9.86,62.6,95.0,24.0,29.05,336.0,124.0,27.5,126.5,247.0,11.85,44.05,32.6,40.05,116.5,38.3,13.3,16.15,24.7,44.85,146.0,412.5,32.4,60.4,47.9,26.5,26.4,362.0,195.5,249.5,47.7,11.4,158.0,32.9,15.5,84.2,18.3,47.1,58.1,181.0,4.64,10.0,51.3,32.45,15.1,12.95,85.3,21.5,265.5,75.6,9.46,43.05,73.3,101.5,59.9,89.8,74.2,246.5,48.35,11.85,101.5,119.5,23.25,25.3,85.1,216.5,222.5,34.9,77.9,44.9,11.05,25.0,9.27,16.15,14.45,18.4,243.0,17.0,28.15,9.15,32.0,8.11,9.05,16.85,16.2,50.7,48.1,8.0,18.15,11.85,23.0,11.75,7.86,9.01,17.6,17.1,229.0,53.6,3760.0,30.35,106.0,71.3,102.5,71.0,24.5,112.0,78.4,11.55,63.9,59.5,10.25,37.8,30.7,71.6,43.55,77.5,63.0,63.7,85.8,36.6,54.5,14.0,8.01,56.3,84.7,85.2,85.8,443.0,420.0,457.0,421.0,92.1,108.0,193.0,331.5,39.9,120.0,143.0,86.5,181.5,48.7,95.2,77.3,36.7
34.4,26.25,53.0,75.7,88.2,71.0,9.86,62.6,95.0,23.95,29.05,335.5,124.0,27.5,126.5,247.0,11.8,44.1,32.6,40.05,116.5,38.3,13.3,16.15,24.7,44.85,145.5,412.0,32.45,60.4,47.9,26.5,26.35,362.0,195.5,249.5,47.65,11.35,158.0,32.95,15.5,84.1,18.3,47.2,58.1,181.0,4.65,10.0,51.2,32.45,15.15,13.0,85.3,21.55,265.5,75.6,9.47,43.0,73.3,101.5,59.9,89.8,74.2,247.0,48.35,11.8,101.5,119.5,23.2,25.3,85.1,217.0,222.5,34.9,77.9,44.95,11.1,25.0,9.26,16.15,14.45,18.35,243.0,17.0,28.2,9.15,32.0,8.11,9.05,16.9,16.2,50.8,48.15,8.01,18.15,11.85,22.95,11.7,7.85,9.02,17.6,17.1,229.0,53.6,3760.0,30.35,106.0,71.4,102.5,71.0,24.5,112.0,78.4,11.55,63.9,59.6,10.25,37.8,30.7,71.6,43.6,77.5,63.0,63.7,85.8,36.6,54.5,14.0,8.01,56.3,84.7,85.2,85.8,443.0,420.0,457.0,421.0,92.1,108.0,193.0,331.5,39.9,120.0,143.0,86.5,181.0,48.7,95.2,77.3,36.75
34.4,26.25,53.0,75.5,88.2,71.0,9.86,62.5,95.0,23.9,29.05,335.5,124.0,27.55,126.5,247.5,11.8,44.15,32.6,40.05,116.5,38.3,13.3,16.1,24.7,44.85,145.5,412.0,32.45,60.4,47.9,26.5,26.35,362.0,195.5,249.5,47.65,11.4,157.5,32.95,15.5,84.2,18.3,47.2,58.2,181.0,4.64,9.99,51.2,32.45,15.15,12.95,85.3,21.55,265.5,75.6,9.47,43.0,73.5,101.5,59.8,89.7,74.2,247.0,48.4,11.8,101.5,119.5,23.2,25.3,85.1,217.0,222.5,34.9,77.9,44.95,11.1,25.0,9.26,16.15,14.45,18.35,243.0,17.0,28.2,9.15,32.0,8.11,9.05,16.9,16.2,50.7,48.1,8.0,18.15,11.85,22.95,11.75,7.85,9.02,17.6,17.1,229.0,53.7,3760.0,30.35,106.0,71.3,102.5,71.0,24.6,112.0,78.4,11.55,64.0,59.5,10.25,37.8,30.7,71.6,43.6,77.4,62.9,63.7,85.8,36.6,54.5,13.95,8.01,56.3,84.7,85.2,85.8,443.0,420.5,457.0,422.0,92.0,108.0,193.0,331.5,39.9,120.0,143.0,86.5,181.0,48.7,95.1,77.3,36.75
34.35,26.25,53.0,75.5,88.2,71.0,9.87,62.5,95.0,23.95,29.05,335.5,124.0,27.55,126.0,247.5,11.8,44.15,32.6,40.05,116.5,38.3,13.3,16.15,24.7,44.85,145.5,412.0,32.45,60.4,47.9,26.5,26.4,362.0,195.5,249.5,47.65,11.35,158.0,32.95,15.5,84.2,18.3,47.15,58.2,181.0,4.64,9.99,51.2,32.5,15.15,13.0,85.2,21.55,265.5,75.5,9.47,43.0,73.4,101.5,59.9,89.7,74.2,247.0,48.35,11.8,101.5,119.5,23.2,25.3,85.2,217.0,223.0,34.9,78.0,44.9,11.1,25.0,9.27,16.1,14.45,18.35,243.0,17.0,28.2,9.15,32.0,8.11,9.05,16.9,16.2,50.8,48.1,8.0,18.15,11.85,22.95,11.75,7.85,9.03,17.6,17.1,229.0,53.7,3760.0,30.35,105.5,71.4,102.5,71.0,24.6,111.5,78.4,11.55,64.1,59.5,10.2,37.8,30.7,71.6,43.6,77.5,62.9,63.7,85.8,36.6,54.5,14.0,8.02,56.3,84.7,85.2,85.8,443.0,420.5,457.0,422.5,92.0,107.5,193.0,331.5,39.9,120.0,143.0,86.5,181.0,48.7,95.1,77.3,36.75
34.4,26.25,53.0,75.5,88.2,70.9,9.87,62.6,95.0,23.95,29.05,335.5,124.0,27.6,126.0,248.5,11.8,44.15,32.6,40.1,116.5,38.3,13.25,16.1,24.65,44.85,145.5,411.0,32.45,60.5,47.9,26.5,26.4,362.0,195.5,249.5,47.65,11.4,158.0,32.95,15.5,84.2,18.3,47.15,58.2,181.0,4.65,9.99,51.2,32.45,15.15,12.95,85.3,21.5,265.5,75.5,9.47,43.0,73.4,101.5,59.9,89.7,74.2,247.0,48.35,11.8,101.0,119.5,23.2,25.35,85.0,217.0,223.0,34.95,77.9,44.95,11.1,25.0,9.27,16.1,14.45,18.35,243.0,17.0,28.2,9.15,32.0,8.11,9.05,16.9,16.2,50.7,48.15,8.01,18.15,11.85,22.95,11.75,7.86,9.03,17.6,17.1,229.5,53.7,3760.0,30.35,106.0,71.4,102.5,70.9,24.65,111.5,78.4,11.55,64.0,59.4,10.2,37.85,30.7,71.7,43.6,77.5,62.9,63.6,85.8,36.6,54.5,14.0,8.02,56.3,84.7,85.2,85.9,443.0,420.5,457.0,422.5,92.1,107.5,193.0,331.5,39.9,120.0,143.0,86.5,181.0,48.7,95.1,77.1,36.75
34.35,26.25,53.0,75.5,88.2,71.0,9.87,62.6,95.0,23.95,29.05,335.5,124.0,27.6,126.5,248.5,11.8,44.15,32.6,40.1,116.5,38.3,13.25,16.05,24.65,44.85,145.5,411.0,32.4,60.5,47.9,26.5,26.4,362.0,195.5,249.5,47.65,11.4,158.0,32.95,15.45,84.2,18.3,47.15,58.2,181.0,4.65,9.98,51.2,32.45,15.15,13.0,85.3,21.55,265.5,75.5,9.47,43.0,73.4,101.5,59.9,89.8,74.2,246.5,48.4,11.8,101.0,119.5,23.2,25.35,85.0,217.0,222.5,34.9,77.9,44.9,11.1,24.95,9.26,16.15,14.45,18.35,243.0,16.95,28.2,9.15,32.0,8.11,9.05,16.85,16.2,50.7,48.1,8.01,18.15,11.85,22.95,11.75,7.85,9.02,17.6,17.15,229.5,53.7,3760.0,30.35,106.0,71.4,102.5,71.0,24.65,110.5,78.4,11.55,64.0,59.5,10.2,37.85,30.65,71.7,43.6,77.5,62.9,63.6,85.8,36.6,54.5,14.0,8.01,56.3,84.8,85.1,85.9,443.0,420.0,456.5,422.5,92.1,108.0,193.0,331.5,39.9,120.0,143.0,86.5,181.0,48.95,95.1,77.0,36.75
34.35,26.25,53.0,75.5,88.2,71.0,9.87,62.6,95.0,24.0,29.05,335.5,124.0,27.6,126.0,248.5,11.85,44.15,32.6,40.1,116.5,38.3,13.25,16.1,24.7,44.85,146.0,411.0,32.45,60.5,47.9,26.5,26.4,362.0,195.5,249.5,47.65,11.4,158.0,32.9,15.45,84.2,18.35,47.15,58.2,181.0,4.65,9.98,51.2,32.45,15.15,12.95,85.2,21.55,265.5,75.5,9.48,43.0,73.4,101.5,59.9,89.7,74.2,247.0,48.35,11.8,101.0,119.5,23.2,25.35,85.0,217.0,223.0,34.95,77.9,44.9,11.1,25.0,9.26,16.15,14.45,18.35,243.0,16.95,28.15,9.15,32.0,8.11,9.05,16.9,16.2,50.7,48.1,8.01,18.15,11.85,22.95,11.7,7.86,9.02,17.65,17.15,229.5,53.6,3760.0,30.3,105.5,71.4,102.5,71.0,24.75,111.0,78.4,11.55,63.9,59.5,10.2,37.85,30.65,71.7,43.6,77.4,62.9,63.7,85.8,36.6,54.5,14.0,8.01,56.3,84.9,85.1,85.8,443.0,420.0,456.5,422.5,92.0,108.0,193.0,331.5,39.9,119.5,143.0,86.5,181.0,48.95,95.2,77.0,36.7
34.4,26.25,53.0,75.7,88.1,71.0,9.88,62.7,95.0,24.0,29.05,335.5,124.0,27.55,126.0,248.5,11.85,44.15,32.6,40.1,116.5,38.3,13.3,16.05,24.7,44.85,146.0,411.0,32.45,60.5,47.9,26.5,26.4,362.0,195.5,249.5,47.65,11.4,158.0,32.9,15.5,84.2,18.35,47.15,58.2,181.0,4.65,9.99,51.1,32.45,15.15,12.95,85.2,21.55,265.5,75.5,9.48,43.0,73.4,101.5,59.9,89.7,74.2,247.0,48.4,11.8,101.0,119.5,23.2,25.35,85.0,217.0,223.0,34.95,77.9,44.9,11.1,25.0,9.27,16.1,14.45,18.35,243.0,17.05,28.15,9.15,32.0,8.11,9.06,16.9,16.2,50.7,48.1,8.01,18.15,11.85,22.95,11.75,7.86,9.02,17.6,17.15,229.0,53.6,3765.0,30.3,106.0,71.4,102.0,71.0,24.8,111.0,78.6,11.55,63.9,59.5,10.2,37.9,30.65,71.7,43.6,77.5,62.9,63.8,85.7,36.6,54.5,14.0,8.01,56.3,85.0,85.1,85.9,443.0,419.5,456.5,423.0,92.0,108.0,193.0,330.5,39.9,119.5,143.0,86.5,181.0,49.0,95.1,77.0,36.75
34.4,26.25,53.0,75.5,88.2,70.9,9.88,62.7,95.0,24.0,29.05,335.5,124.0,27.6,126.0,248.5,11.85,44.15,32.6,40.1,117.0,38.4,13.25,16.1,24.7,44.85,146.0,411.0,32.45,60.5,47.9,26.5,26.45,362.0,195.5,249.5,47.65,11.4,158.0,32.95,15.5,84.2,18.35,47.15,58.1,181.0,4.65,9.99,51.2,32.4,15.15,12.95,85.3,21.5,265.5,75.5,9.48,43.2,73.4,101.0,59.8,89.7,74.2,247.0,48.35,11.8,101.5,119.5,23.25,25.35,85.0,217.0,223.0,34.95,77.9,44.9,11.05,25.0,9.27,16.1,14.45,18.35,243.0,17.05,28.15,9.15,32.0,8.11,9.06,16.9,16.2,50.7,48.1,8.01,18.15,11.85,22.95,11.75,7.87,9.01,17.6,17.15,229.0,53.5,3760.0,30.3,106.0,71.5,102.5,71.0,24.9,110.5,78.6,11.55,63.9,59.5,10.2,37.85,30.65,71.6,43.5,77.5,62.9,63.7,85.7,36.6,54.5,13.95,8.0,56.3,85.0,85.1,85.9,443.0,419.5,456.5,423.0,92.0,108.0,193.0,331.0,39.9,119.5,143.0,86.5,181.0,48.95,95.1,77.0,36.75
34.4,26.25,53.0,75.5,88.2,71.0,9.88,62.6,95.0,24.0,29.05,335.5,124.0,27.5,126.0,248.5,11.85,44.1,32.6,40.1,116.5,38.4,13.2,16.05,24.7,44.85,146.0,411.0,32.4,60.5,47.9,26.5,26.4,362.0,195.5,249.5,47.65,11.4,158.0,32.95,15.5,84.2,18.35,47.15,58.1,180.5,4.64,9.99,51.2,32.45,15.1,13.0,85.2,21.55,265.5,75.5,9.48,43.25,73.4,101.0,59.8,89.7,74.2,247.0,48.3,11.8,101.0,119.5,23.25,25.3,85.0,216.5,223.0,34.95,77.9,44.9,11.1,25.0,9.27,16.1,14.5,18.3,243.0,17.05,28.2,9.15,32.0,8.1,9.06,16.9,16.2,50.7,48.1,8.01,18.15,11.85,23.0,11.7,7.86,9.0,17.6,17.15,229.0,53.4,3760.0,30.3,106.0,71.5,102.5,71.0,24.95,111.0,78.6,11.6,63.8,59.5,10.2,37.85,30.65,71.7,43.5,77.5,62.9,63.7,85.7,36.6,54.4,14.0,8.01,56.3,85.0,85.1,85.9,443.0,419.5,456.5,423.0,92.0,107.5,193.0,331.0,39.9,120.0,143.0,86.5,181.0,49.0,95.2,77.1,36.75
34.35,26.25,53.0,75.5,88.2,71.0,9.88,62.6,94.9,24.0,29.05,335.5,124.0,27.5,126.5,248.5,11.8,44.2,32.6,40.1,116.5,38.4,13.2,16.05,24.7,44.85,146.0,411.0,32.45,60.5,47.9,26.5,26.4,362.0,195.5,249.5,47.65,11.4,158.0,32.9,15.5,84.1,18.35,47.15,58.2,181.0,4.64,9.99,51.2,32.45,15.1,12.95,85.2,21.55,265.5,75.5,9.48,43.2,73.4,101.5,59.9,89.7,74.2,246.5,48.25,11.8,101.0,119.5,23.25,25.3,85.0,217.0,223.0,34.95,78.0,44.85,11.1,24.9,9.27,16.1,14.45,18.3,243.0,17.05,28.2,9.15,32.0,8.1,9.06,16.85,16.2,50.7,48.1,8.0,18.15,11.85,23.0,11.75,7.86,9.0,17.6,17.1,229.5,53.5,3760.0,30.3,106.0,71.5,102.5,71.0,24.95,111.0,78.6,11.55,63.8,59.5,10.2,37.85,30.65,71.7,43.5,77.5,62.9,63.7,85.7,36.6,54.5,13.95,8.0,56.3,85.0,85.1,86.0,443.0,419.5,456.5,423.0,92.0,107.5,193.0,331.0,39.9,120.0,143.0,86.5,181.0,49.0,95.0,77.1,36.75
34.35,26.25,53.0,75.5,88.2,71.0,9.88,62.7,95.0,24.0,29.05,335.5,123.5,27.5,126.5,249.0,11.85,44.2,32.6,40.1,116.5,38.45,13.3,16.1,24.65,44.85,146.0,411.0,32.45,60.5,47.9,26.5,26.4,362.0,195.5,250.0,47.65,11.35,158.0,32.9,15.5,84.2,18.35,47.15,58.2,181.0,4.64,9.99,51.2,32.45,15.1,12.95,85.2,21.55,265.5,75.6,9.48,43.2,73.4,101.5,59.9,89.8,74.2,246.5,48.25,11.8,101.0,120.0,23.25,25.35,85.0,217.0,223.0,34.95,77.9,44.9,11.1,24.9,9.27,16.1,14.5,18.3,243.0,17.0,28.2,9.15,31.95,8.1,9.06,16.85,16.2,50.7,48.15,8.0,18.15,11.85,23.0,11.75,7.86,9.0,17.6,17.15,229.5,53.5,3760.0,30.2,106.0,71.5,102.5,71.1,24.95,111.0,78.6,11.55,63.7,59.5,10.2,37.8,30.65,71.6,43.55,77.4,62.9,63.7,85.7,36.6,54.5,14.0,8.0,56.3,85.0,85.1,86.0,443.0,419.5,456.5,423.0,92.0,108.0,193.0,331.0,39.9,120.0,143.0,86.5,181.5,49.0,95.0,77.1,36.75
34.4,26.25,53.0,75.6,88.2,70.9,9.88,62.7,95.0,24.0,29.05,335.5,123.5,27.5,126.0,249.0,11.85,44.2,32.6,40.1,116.5,38.45,13.3,16.1,24.65,44.85,145.5,412.5,32.45,60.4,47.9,26.5,26.4,362.0,195.5,250.0,47.7,11.35,158.0,32.95,15.5,84.2,18.4,47.15,58.2,181.0,4.64,9.99,51.3,32.45,15.1,12.95,85.3,21.55,265.5,75.6,9.47,43.2,73.4,101.0,59.9,89.8,74.2,246.5,48.25,11.8,101.0,120.0,23.25,25.3,85.0,217.0,222.5,34.95,77.9,44.9,11.1,24.95,9.27,16.1,14.5,18.3,243.0,17.05,28.2,9.15,32.0,8.1,9.06,16.85,16.2,50.7,48.05,8.01,18.15,11.85,23.0,11.75,7.86,9.01,17.6,17.15,229.5,53.5,3760.0,30.15,106.0,71.5,102.5,71.1,24.95,111.0,78.6,11.6,63.5,59.4,10.2,37.8,30.65,71.7,43.55,77.5,62.9,63.7,85.7,36.55,54.5,14.0,8.0,56.3,85.0,85.1,86.0,443.0,419.5,456.5,423.0,92.0,107.5,193.0,331.0,39.95,119.5,143.0,86.5,181.5,49.0,94.9,77.1,36.75
34.4,26.25,52.9,75.6,88.2,71.0,9.88,62.7,95.0,24.0,29.05,335.5,123.5,27.5,126.5,249.0,11.8,44.2,32.6,40.1,117.0,38.4,13.3,16.1,24.7,44.85,145.5,412.5,32.5,60.4,47.9,26.5,26.45,362.0,195.5,250.0,47.65,11.4,158.0,32.95,15.5,84.2,18.35,47.15,58.2,181.0,4.64,9.99,51.2,32.45,15.1,13.0,85.2,21.5,265.5,75.6,9.46,43.25,73.2,101.0,59.9,89.8,74.2,247.0,48.3,11.85,101.0,120.0,23.25,25.3,85.2,217.0,223.0,34.9,77.9,44.9,11.1,24.95,9.27,16.1,14.45,18.3,243.0,17.0,28.2,9.15,32.0,8.1,9.06,16.85,16.2,50.7,48.1,8.01,18.15,11.85,22.95,11.7,7.87,9.01,17.6,17.15,229.5,53.5,3760.0,30.15,106.0,71.5,102.5,71.1,25.1,110.5,78.6,11.55,63.7,59.5,10.2,37.85,30.65,71.6,43.55,77.5,62.9,63.7,85.6,36.55,54.5,14.0,8.01,56.3,85.0,85.1,86.0,443.0,419.5,456.5,423.5,92.0,107.5,193.0,331.0,39.95,119.5,143.0,86.5,181.0,49.05,95.0,77.1,36.8
34.4,26.25,53.0,75.6,88.2,71.0,9.87,62.7,95.0,23.95,29.05,335.5,124.0,27.5,126.5,249.0,11.8,44.2,32.6,40.1,117.0,38.4,13.3,16.05,24.65,44.85,145.5,412.5,32.5,60.5,47.9,26.5,26.4,362.0,195.5,250.0,47.65,11.4,158.0,32.9,15.5,84.2,18.35,47.15,58.2,181.0,4.64,9.99,51.2,32.45,15.1,12.95,85.2,21.55,265.5,75.6,9.45,43.25,73.2,101.5,59.9,89.8,74.2,247.0,48.25,11.8,101.0,120.0,23.25,25.3,85.2,217.0,223.0,34.95,77.9,44.9,11.1,24.95,9.27,16.1,14.5,18.35,242.5,17.0,28.2,9.15,32.0,8.11,9.06,16.85,16.2,50.7,48.05,8.01,18.2,11.85,23.0,11.75,7.87,9.01,17.6,17.15,229.5,53.5,3760.0,30.15,106.0,71.6,102.5,71.1,25.2,110.5,78.6,11.55,63.6,59.5,10.2,37.8,30.7,71.6,43.55,77.5,62.9,63.7,85.6,36.55,54.5,14.0,8.0,56.4,85.1,85.1,86.0,443.0,420.0,456.5,423.5,92.0,107.0,193.0,331.0,39.95,120.0,142.5,86.5,181.0,49.05,95.0,77.1,36.75
34.4,26.25,53.0,75.6,88.2,71.0,9.87,62.7,95.0,23.95,29.1,335.5,124.0,27.55,126.0,249.5,11.85,44.2,32.6,40.05,116.5,38.4,13.3,16.05,24.65,44.85,145.5,412.5,32.5,60.5,47.9,26.5,26.45,362.0,195.5,250.0,47.7,11.4,158.0,32.95,15.5,84.2,18.35,47.15,58.2,180.5,4.64,9.98,51.2,32.45,15.1,12.95,85.3,21.55,265.5,75.6,9.45,43.25,73.2,101.5,59.9,89.8,74.2,247.0,48.35,11.8,101.0,119.5,23.25,25.3,85.2,217.0,223.0,35.0,77.9,44.95,11.1,24.95,9.27,16.1,14.5,18.35,242.5,17.0,28.2,9.16,32.0,8.11,9.06,16.85,16.2,50.7,48.1,8.01,18.15,11.85,22.95,11.75,7.86,9.01,17.6,17.15,229.5,53.6,3760.0,30.25,106.0,71.6,102.5,71.1,25.15,110.5,78.6,11.55,63.6,59.5,10.25,37.85,30.65,71.7,43.55,77.4,62.8,63.7,85.6,36.5,54.5,14.0,8.01,56.3,85.1,85.1,86.0,443.0,420.0,456.5,424.0,92.1,107.0,193.0,331.0,39.95,120.0,142.5,86.5,181.0,49.05,95.0,77.1,36.75
34.45,26.25,53.0,75.6,88.2,71.0,9.87,62.7,95.0,23.95,29.1,335.5,123.5,27.55,126.5,249.5,11.8,44.2,32.6,40.05,116.5,38.4,13.3,16.1,24.7,44.85,146.0,412.5,32.5,60.5,47.9,26.5,26.4,362.0,195.5,250.0,47.65,11.4,158.0,32.95,15.55,84.2,18.4,47.15,58.2,180.5,4.64,9.98,51.2,32.45,15.15,12.95,85.1,21.55,265.5,75.6,9.43,43.3,73.2,101.5,59.9,89.8,74.2,247.0,48.3,11.85,101.0,119.5,23.25,25.3,85.2,217.5,223.0,35.0,77.8,44.9,11.1,24.95,9.27,16.1,14.5,18.35,242.5,17.0,28.2,9.15,31.95,8.11,9.06,16.85,16.2,50.7,48.05,8.01,18.15,11.85,23.0,11.75,7.86,9.01,17.6,17.15,229.0,53.5,3760.0,30.25,105.5,71.6,102.5,71.1,25.2,111.0,78.5,11.6,63.6,59.5,10.25,37.85,30.65,71.7,43.5,77.5,62.8,63.8,85.6,36.5,54.4,14.0,8.0,56.4,85.1,85.1,86.0,443.0,420.0,456.5,424.5,92.1,107.5,193.0,331.0,39.95,120.0,142.5,86.5,181.0,49.05,95.2,77.1,36.8
34.35,26.25,53.0,75.6,88.1,71.0,9.87,62.6,95.0,23.95,29.1,336.0,123.5,27.6,126.5,249.5,11.85,44.2,32.6,40.05,117.0,38.4,13.3,16.1,24.7,44.85,145.5,412.5,32.5,60.5,47.9,26.55,26.35,362.0,195.5,250.0,47.65,11.35,158.0,32.95,15.55,84.2,18.4,47.1,58.1,181.0,4.64,9.99,51.2,32.4,15.1,13.0,85.2,21.55,265.5,75.6,9.43,43.35,73.2,101.0,59.9,89.7,74.3,247.0,48.3,11.8,101.5,119.5,23.25,25.3,85.2,217.0,223.0,35.0,77.9,44.9,11.1,24.95,9.27,16.1,14.5,18.35,242.5,17.0,28.2,9.15,32.0,8.1,9.06,16.9,16.2,50.7,48.05,8.01,18.15,11.85,23.0,11.75,7.86,9.01,17.6,17.15,229.5,53.6,3755.0,30.25,106.0,71.6,102.5,71.0,25.2,111.5,78.5,11.55,63.6,59.5,10.2,37.85,30.6,71.7,43.5,77.5,62.8,63.7,85.7,36.5,54.5,14.0,8.02,56.3,85.1,85.1,86.0,443.0,420.0,456.5,424.5,92.0,107.5,193.0,331.0,39.95,120.0,143.0,86.5,181.0,49.05,95.0,77.1,36.75
34.35,26.25,52.9,75.5,88.2,71.0,9.88,62.6,94.9,23.95,29.05,335.5,123.5,27.55,126.5,249.0,11.85,44.2,32.6,40.0,116.5,38.4,13.3,16.05,24.7,44.85,145.5,412.5,32.45,60.4,47.9,26.5,26.3,360.5,195.5,250.0,47.65,11.4,157.5,32.9,15.5,84.2,18.35,47.05,58.0,181.0,4.64,9.98,51.3,32.4,15.1,12.95,85.1,21.5,265.0,75.6,9.43,43.3,73.2,101.0,59.9,89.7,74.3,247.0,48.3,11.8,101.0,119.5,23.2,25.3,85.1,217.5,223.0,35.0,77.9,44.9,11.1,24.95,9.27,16.15,14.5,18.35,242.5,17.0,28.2,9.15,31.95,8.1,9.06,16.85,16.2,50.6,48.05,8.0,18.15,11.85,22.95,11.7,7.86,9.01,17.65,17.1,229.0,53.5,3760.0,30.2,105.5,71.6,102.5,71.1,25.2,111.5,78.5,11.55,63.6,59.5,10.2,37.8,30.6,71.7,43.5,77.4,62.6,63.7,85.6,36.5,54.4,13.95,8.01,56.3,85.0,85.2,86.0,443.0,420.0,456.5,425.5,92.0,107.0,193.0,330.5,39.95,119.5,142.5,86.4,180.5,49.05,95.1,77.0,36.7
34.3,26.25,52.9,75.5,88.0,70.9,9.88,62.6,95.0,23.9,29.05,335.5,123.5,27.55,126.0,249.0,11.85,44.2,32.6,40.0,116.5,38.4,13.3,16.1,24.65,44.85,145.5,412.5,32.45,60.4,47.9,26.5,26.3,360.0,195.5,250.0,47.65,11.4,157.5,32.9,15.55,84.0,18.35,47.05,58.1,181.0,4.64,9.99,51.3,32.4,15.1,12.95,85.0,21.55,265.0,75.6,9.43,43.25,73.1,101.0,59.9,89.7,74.3,246.5,48.3,11.8,101.0,119.5,23.2,25.35,84.9,217.0,222.0,34.95,77.9,44.9,11.1,24.95,9.26,16.1,14.45,18.35,242.5,17.0,28.2,9.15,31.9,8.09,9.06,16.9,16.15,50.5,48.05,8.0,18.15,11.85,22.95,11.7,7.85,9.0,17.65,17.1,229.0,53.5,3755.0,30.15,105.5,71.5,102.5,71.1,25.2,111.5,78.5,11.55,63.6,59.5,10.2,37.75,30.55,71.6,43.4,77.4,62.6,63.7,85.6,36.5,54.4,13.95,8.0,56.3,84.9,85.1,86.0,443.0,420.0,456.5,425.0,92.0,107.5,193.0,330.0,39.95,119.5,142.5,86.4,180.5,49.05,95.1,77.0,36.7
34.3,26.25,52.9,75.5,88.1,70.9,9.89,62.6,95.0,23.9,29.0,335.5,123.5,27.5,126.5,249.0,11.85,44.15,32.6,40.0,116.5,38.4,13.25,16.05,24.65,44.85,146.0,412.5,32.45,60.4,47.85,26.5,26.25,360.0,195.5,250.0,47.7,11.4,157.0,32.9,15.5,84.1,18.35,47.05,58.1,181.0,4.64,9.99,51.3,32.45,15.1,12.95,85.0,21.5,264.5,75.6,9.42,43.2,73.2,101.0,59.9,89.8,74.2,246.5,48.25,11.85,101.0,119.5,23.2,25.35,84.9,217.0,222.0,34.95,77.9,44.85,11.05,24.9,9.26,16.1,14.45,18.35,242.5,17.0,28.2,9.14,31.85,8.09,9.06,16.9,16.15,50.5,47.95,7.98,18.15,11.85,22.95,11.7,7.85,9.01,17.6,17.15,229.0,53.5,3760.0,30.15,105.5,71.5,102.5,71.1,25.05,111.0,78.5,11.6,63.6,59.5,10.2,37.75,30.55,71.6,43.4,77.4,62.6,63.7,85.7,36.5,54.4,13.95,8.0,56.3,84.9,85.1,86.0,443.0,420.0,456.5,424.5,91.9,107.5,193.0,330.0,39.95,119.5,142.5,86.5,180.5,49.1,95.1,77.0,36.65
34.35,26.25,52.9,75.5,88.0,70.9,9.88,62.5,94.7,23.9,29.0,335.0,123.5,27.55,126.5,249.0,11.8,44.15,32.6,40.0,116.5,38.4,13.25,16.1,24.65,44.85,145.5,411.5,32.5,60.3,47.85,26.5,26.25,360.0,195.5,249.5,47.65,11.35,157.0,32.85,15.5,84.0,18.35,47.0,58.1,180.5,4.63,9.99,51.2,32.4,15.1,12.95,85.0,21.5,264.5,75.6,9.42,43.25,73.1,101.0,59.8,89.8,74.2,246.5,48.25,11.8,101.0,119.5,23.2,25.3,84.8,217.0,222.0,34.95,77.8,44.85,11.05,24.9,9.26,16.1,14.55,18.35,242.5,17.0,28.2,9.14,31.8,8.09,9.06,16.85,16.15,50.5,47.95,7.98,18.1,11.8,22.85,11.7,7.85,9.01,17.6,17.1,229.0,53.4,3755.0,30.15,105.5,71.5,102.5,71.1,25.05,111.0,78.4,11.55,63.6,59.4,10.2,37.7,30.55,71.7,43.4,77.3,62.6,63.7,85.6,36.5,54.4,13.95,8.0,56.3,84.8,85.1,86.0,443.0,420.0,456.5,424.5,91.9,107.0,193.0,330.0,39.9,119.5,142.0,86.5,180.5,49.1,95.0,77.0,36.65
34.3,26.25,53.0,75.5,88.0,70.9,9.87,62.5,94.7,23.9,29.0,335.0,123.5,27.45,126.0,249.0,11.8,44.15,32.6,40.0,117.0,38.4,13.25,16.1,24.65,44.85,145.5,412.0,32.45,60.2,47.85,26.5,26.3,359.5,195.5,249.5,47.65,11.35,157.0,32.85,15.5,84.1,18.35,47.0,58.1,180.5,4.63,9.99,51.1,32.4,15.1,12.9,84.9,21.5,264.5,75.6,9.42,43.15,73.1,101.0,59.9,89.8,74.0,246.5,48.25,11.8,101.5,119.5,23.2,25.3,84.8,217.0,222.0,34.85,77.9,44.85,11.1,24.95,9.26,16.15,14.5,18.35,242.5,17.0,28.15,9.14,31.8,8.09,9.06,16.85,16.15,50.5,47.9,7.98,18.1,11.85,22.85,11.75,7.85,9.0,17.6,17.1,229.0,53.4,3755.0,30.15,106.0,71.5,102.5,71.1,25.0,111.0,78.4,11.55,63.6,59.4,10.2,37.7,30.55,71.6,43.4,77.2,62.6,63.6,85.6,36.5,54.4,13.95,8.0,56.3,84.7,85.2,86.0,443.0,420.0,456.5,424.5,92.0,107.0,193.0,330.0,39.9,119.5,142.0,86.5,180.5,49.05,95.1,77.0,36.65
34.35,26.25,52.9,75.5,88.0,70.9,9.86,62.6,94.5,23.9,29.0,335.0,123.5,27.45,126.5,249.0,11.8,44.1,32.6,40.0,117.0,38.3,13.25,16.1,24.6,44.85,145.5,412.0,32.45,60.2,47.85,26.5,26.3,359.5,195.5,250.0,47.7,11.35,157.0,32.85,15.5,84.0,18.35,47.0,58.1,180.5,4.63,9.98,51.2,32.4,15.1,12.9,84.9,21.5,264.5,75.6,9.43,43.1,73.0,100.5,59.9,89.8,73.9,246.5,48.25,11.8,101.5,119.5,23.2,25.3,84.8,217.0,222.0,34.95,77.8,44.85,11.1,24.9,9.26,16.15,14.5,18.35,242.5,17.0,28.1,9.14,31.8,8.09,9.06,16.85,16.15,50.4,47.95,7.98,18.1,11.85,22.85,11.75,7.85,9.0,17.6,17.1,228.5,53.4,3760.0,30.15,106.0,71.5,102.5,71.1,25.0,111.5,78.4,11.55,63.7,59.4,10.2,37.75,30.55,71.6,43.5,77.2,62.6,63.8,85.6,36.55,54.4,13.95,7.99,56.3,84.6,85.2,85.9,443.0,420.0,456.5,424.0,92.0,107.0,193.0,330.0,39.95,119.0,142.0,86.5,180.5,49.05,95.1,77.1,36.65
34.3,26.25,53.0,75.5,88.0,70.9,9.88,62.6,94.5,23.85,29.0,335.0,124.0,27.5,126.5,249.0,11.8,44.15,32.6,40.0,116.5,38.4,13.25,16.1,24.65,44.85,146.0,412.0,32.5,60.2,47.85,26.5,26.25,359.0,195.5,250.0,47.7,11.35,157.0,32.8,15.5,83.9,18.35,47.0,58.0,180.5,4.64,9.99,51.1,32.4,15.15,12.9,84.9,21.5,264.5,75.6,9.46,43.2,73.1,101.0,59.8,89.8,74.0,246.5,48.25,11.8,101.0,119.5,23.2,25.3,84.8,216.5,222.0,34.95,77.8,44.85,11.05,24.9,9.26,16.1,14.5,18.3,242.0,17.0,28.1,9.15,31.75,8.09,9.06,16.9,16.15,50.4,47.9,7.97,18.1,11.85,22.85,11.75,7.85,9.01,17.6,17.1,228.5,53.4,3760.0,30.2,105.5,71.5,102.5,71.1,24.95,111.0,78.4,11.55,63.9,59.4,10.2,37.7,30.55,71.5,43.5,77.3,62.6,63.6,85.6,36.5,54.4,13.95,7.99,56.4,84.5,85.2,85.9,443.0,420.0,456.5,423.0,92.0,107.0,193.0,329.0,39.95,119.5,142.0,86.5,180.0,49.1,95.1,77.1,36.65
34.3,26.25,52.9,75.4,87.7,70.9,9.88,62.5,94.6,23.85,29.0,334.5,124.0,27.5,126.0,249.0,11.8,44.15,32.6,40.0,117.0,38.4,13.25,16.05,24.6,44.85,145.5,412.0,32.5,60.2,47.85,26.5,26.35,359.0,195.5,250.0,47.65,11.4,157.0,32.85,15.5,83.9,18.35,47.0,58.0,180.5,4.63,9.99,51.2,32.4,15.1,12.9,84.7,21.5,264.5,75.6,9.47,43.2,73.1,100.5,59.8,89.8,74.0,246.0,48.2,11.75,101.5,119.0,23.15,25.3,84.8,217.0,222.0,34.95,77.8,44.8,11.05,24.95,9.25,16.1,14.5,18.3,242.0,17.0,28.1,9.15,31.75,8.1,9.06,16.9,16.15,50.3,47.85,7.97,18.1,11.85,22.85,11.7,7.85,9.01,17.6,17.1,228.5,53.4,3755.0,30.2,105.5,71.5,102.0,71.0,24.95,111.0,78.4,11.55,64.0,59.4,10.2,37.7,30.55,71.5,43.45,77.3,62.6,63.7,85.7,36.5,54.4,13.9,7.99,56.3,84.5,85.1,85.9,443.0,420.0,456.5,423.0,92.0,107.0,193.0,328.5,39.9,119.0,142.5,86.5,180.0,49.1,95.1,77.1,36.65
34.3,26.2,53.0,75.4,87.5,70.9,9.86,62.5,94.3,23.85,28.95,334.5,123.5,27.55,126.5,249.0,11.8,44.1,32.75,40.0,116.5,38.35,13.25,16.1,24.55,44.85,145.5,412.0,32.45,60.1,47.85,26.5,26.25,359.0,195.5,250.0,47.65,11.35,157.0,32.8,15.5,83.8,18.3,47.0,58.0,180.0,4.63,9.98,51.1,32.4,15.1,12.9,84.6,21.5,264.5,75.6,9.46,43.25,73.1,100.5,59.8,89.8,73.7,246.0,48.2,11.75,101.0,119.5,23.15,25.3,84.8,216.5,221.5,34.95,77.8,44.8,11.1,24.95,9.25,16.1,14.45,18.3,242.0,17.0,28.1,9.15,31.7,8.09,9.06,16.85,16.1,50.3,47.8,7.96,18.1,11.85,22.9,11.75,7.85,9.0,17.6,17.15,228.5,53.4,3755.0,30.2,105.5,71.5,102.5,71.0,24.95,111.0,78.4,11.5,64.0,59.4,10.2,37.8,30.55,71.4,43.45,77.3,62.6,63.5,85.5,36.5,54.3,13.9,7.97,56.3,84.5,85.2,85.9,443.0,420.0,455.5,423.0,91.9,107.0,193.0,328.0,39.95,119.0,142.0,86.5,180.0,49.05,95.4,77.1,36.65
34.25,26.2,52.9,75.4,87.6,71.0,9.85,62.5,94.2,23.9,28.95,334.5,123.5,27.5,126.0,249.0,11.8,44.1,32.7,39.95,116.5,38.35,13.25,16.1,24.6,44.85,145.5,412.0,32.5,60.1,47.85,26.45,26.25,360.0,195.5,250.0,47.6,11.35,157.0,32.8,15.5,83.9,18.3,47.0,58.0,180.5,4.63,9.98,51.1,32.4,15.1,12.9,84.6,21.5,264.0,75.6,9.45,43.15,73.2,100.5,59.8,89.8,73.7,246.0,48.2,11.8,101.5,119.5,23.1,25.3,84.8,216.5,221.5,34.95,77.8,44.8,11.1,24.9,9.25,16.1,14.45,18.3,241.5,17.0,28.1,9.15,31.7,8.09,9.05,16.85,16.1,50.3,47.75,7.96,18.1,11.85,22.9,11.75,7.84,9.0,17.6,17.1,228.5,53.3,3755.0,30.15,106.0,71.5,102.5,71.0,24.95,111.5,78.4,11.55,63.6,59.4,10.2,37.75,30.55,71.4,43.45,77.2,62.6,63.6,85.6,36.5,54.3,13.9,7.98,56.3,84.5,85.1,86.0,443.0,420.0,455.5,422.5,92.0,107.0,193.0,327.5,39.8,119.0,142.0,86.5,179.5,49.1,95.4,77.1,36.65
34.3,26.2,53.0,75.4,87.4,70.9,9.86,62.5,94.3,23.9,28.95,334.5,123.5,27.55,126.0,249.0,11.8,44.05,32.65,39.95,116.5,38.35,13.25,16.1,24.5,44.85,146.0,412.5,32.45,60.1,47.85,26.45,26.3,360.0,195.5,250.5,47.6,11.3,157.0,32.75,15.5,83.8,18.3,47.0,58.0,180.5,4.63,9.99,51.1,32.4,15.1,12.9,84.5,21.45,264.0,75.6,9.45,43.2,73.0,100.5,59.8,89.6,73.7,246.0,48.15,11.75,101.5,119.5,23.1,25.25,84.8,216.5,221.5,34.95,77.8,44.85,11.05,24.9,9.25,16.1,14.45,18.3,241.0,17.0,28.05,9.15,31.7,8.09,9.05,16.9,16.1,50.2,47.75,7.97,18.1,11.8,22.9,11.7,7.84,8.99,17.6,17.1,228.0,53.3,3750.0,30.15,105.5,71.5,102.0,71.1,25.0,111.0,78.3,11.55,63.6,59.4,10.2,37.7,30.6,71.4,43.45,77.1,62.2,63.5,85.5,36.5,54.3,13.9,7.98,56.3,84.5,85.1,85.9,444.0,420.0,455.5,422.5,92.0,107.0,193.0,327.0,39.9,119.0,142.0,86.5,179.5,49.1,95.4,77.1,36.6
34.25,26.2,53.0,75.4,87.3,71.0,9.86,62.5,94.0,23.9,28.95,334.5,123.5,27.45,126.5,249.0,11.85,44.1,32.7,39.95,116.0,38.35,13.25,16.1,24.6,44.85,145.5,412.5,32.45,60.1,47.85,26.45,26.25,359.5,195.5,250.5,47.6,11.3,157.0,32.75,15.45,83.9,18.3,47.0,58.0,180.5,4.63,9.99,51.1,32.4,15.1,12.9,84.3,21.45,264.0,75.5,9.43,43.1,73.1,100.5,59.8,89.8,73.6,246.0,48.15,11.8,101.0,119.5,23.1,25.3,84.8,216.5,221.5,34.95,77.8,44.75,11.05,24.9,9.26,16.15,14.45,18.35,241.0,17.0,28.0,9.15,31.65,8.08,9.06,16.85,16.1,50.2,47.7,7.96,18.1,11.85,22.85,11.7,7.84,8.99,17.6,17.05,228.0,53.3,3750.0,30.1,105.5,71.5,102.5,71.1,24.95,111.0,78.3,11.55,63.6,59.4,10.2,37.7,30.6,71.5,43.5,77.0,62.2,63.5,85.5,36.5,54.3,13.95,7.97,56.3,84.5,85.1,86.0,446.0,420.0,455.5,422.5,91.9,107.0,193.0,327.0,39.85,119.0,142.5,86.5,179.5,49.1,95.4,77.1,36.6
34.25,26.25,53.0,75.3,87.3,70.9,9.86,62.5,94.2,23.9,28.95,334.5,124.0,27.5,126.5,249.0,11.8,44.05,32.8,39.95,116.0,38.35,13.25,16.1,24.55,44.85,146.0,411.0,32.45,60.0,47.85,26.45,26.25,359.0,195.5,251.0,47.6,11.35,156.5,32.8,15.45,83.8,18.3,47.0,58.0,180.5,4.63,9.99,51.2,32.35,15.1,12.95,84.5,21.45,264.0,75.5,9.46,43.1,73.2,100.5,59.8,89.8,73.6,246.0,48.1,11.8,101.5,119.5,23.1,25.3,84.8,216.5,221.5,34.95,77.8,44.75,11.05,24.95,9.25,16.15,14.45,18.35,241.0,17.0,28.0,9.15,31.65,8.08,9.06,16.85,16.1,50.2,47.75,7.97,18.1,11.85,22.85,11.75,7.85,9.0,17.55,17.1,228.0,53.3,3745.0,30.1,105.5,71.5,102.5,71.0,24.9,111.0,78.3,11.55,63.6,59.2,10.2,37.65,30.6,71.3,43.45,77.1,62.2,63.5,85.5,36.55,54.3,13.95,7.98,56.3,84.5,85.1,85.9,446.0,419.5,455.5,422.5,91.8,107.0,193.0,326.0,39.85,119.0,141.5,86.5,179.5,49.05,95.2,77.1,36.6
34.3,26.2,52.9,75.3,87.2,70.9,9.86,62.6,94.1,23.9,28.95,334.0,124.0,27.45,126.5,249.0,11.8,44.05,32.8,39.95,116.0,38.35,13.25,16.05,24.6,44.85,146.0,411.0,32.45,60.1,47.85,26.45,26.3,359.0,195.5,251.0,47.55,11.3,157.0,32.75,15.5,83.8,18.3,47.0,58.0,180.5,4.63,9.99,51.1,32.4,15.1,12.9,84.6,21.45,263.5,75.5,9.47,43.1,73.2,100.5,59.8,89.7,73.7,246.5,48.1,11.75,101.5,119.5,23.05,25.25,84.8,216.5,221.5,34.95,77.8,44.75,11.0,24.95,9.25,16.15,14.45,18.35,241.0,17.0,28.0,9.15,31.65,8.08,9.06,16.85,16.1,50.1,47.7,7.97,18.1,11.85,22.85,11.7,7.85,9.0,17.55,17.1,228.0,53.3,3755.0,30.1,105.5,71.5,102.0,71.0,24.85,111.0,78.3,11.55,63.6,59.2,10.2,37.65,30.6,71.4,43.4,77.1,62.2,63.5,85.5,36.55,54.3,13.9,7.98,56.3,84.4,85.0,85.9,446.0,419.5,455.5,422.5,91.9,106.5,193.0,326.0,39.95,119.0,141.5,86.5,179.0,49.1,95.2,77.1,36.55
34.3,26.25,52.9,75.4,87.2,70.9,9.87,62.6,94.1,23.9,28.95,334.0,124.0,27.45,126.0,249.0,11.75,44.05,32.8,39.95,116.0,38.35,13.25,16.1,24.5,44.85,146.0,411.0,32.45,60.2,47.85,26.45,26.25,359.0,195.5,251.5,47.55,11.3,157.5,32.8,15.5,83.8,18.3,47.0,58.0,180.5,4.63,9.98,51.0,32.4,15.1,12.9,85.0,21.45,263.5,75.5,9.46,43.1,73.2,100.5,59.8,89.7,73.7,246.5,48.2,11.8,101.5,119.5,23.1,25.3,84.8,216.5,221.5,34.95,77.8,44.7,11.0,24.95,9.26,16.15,14.5,18.35,241.0,17.0,28.0,9.15,31.65,8.09,9.06,16.85,16.1,50.3,47.7,7.96,18.1,11.85,22.85,11.7,7.85,9.0,17.6,17.1,228.0,53.3,3750.0,30.15,105.0,71.5,102.5,71.0,24.9,110.5,78.3,11.55,63.6,59.3,10.2,37.65,30.6,71.4,43.4,77.0,62.2,63.5,85.6,36.55,54.3,13.95,7.98,56.3,84.6,85.0,85.9,446.0,419.5,455.5,423.0,91.9,106.5,193.0,326.0,39.9,119.0,141.5,86.5,179.0,49.1,95.1,77.1,36.6
34.3,26.2,52.9,75.4,87.3,70.9,9.87,62.5,94.4,24.0,29.0,335.0,124.0,27.45,126.5,249.0,11.75,44.0,32.85,40.0,116.0,38.35,13.25,16.1,24.5,44.85,146.0,410.5,32.45,60.0,47.85,26.45,26.25,359.0,195.5,251.0,47.55,11.35,157.0,32.75,15.45,83.8,18.3,47.0,58.0,180.5,4.63,9.97,51.0,32.35,15.1,12.9,85.1,21.45,263.5,75.5,9.46,43.1,73.2,100.5,59.7,89.8,73.7,247.0,48.2,11.75,101.5,119.5,23.1,25.3,84.8,216.5,221.5,34.8,77.8,44.7,11.0,24.95,9.26,16.15,14.5,18.35,241.0,17.0,28.0,9.14,31.65,8.09,9.06,16.85,16.1,50.4,47.75,7.96,18.1,11.85,22.8,11.7,7.85,9.0,17.55,17.1,228.0,53.3,3755.0,30.15,105.5,71.5,102.5,71.0,24.9,111.0,78.3,11.55,63.6,59.3,10.2,37.65,30.65,71.4,43.4,77.0,62.2,63.6,85.6,36.55,54.3,13.9,7.97,56.3,84.4,85.0,86.0,446.0,419.5,455.5,423.0,91.9,106.5,193.0,325.5,39.95,119.0,142.0,86.5,179.0,49.05,95.1,77.1,36.55
34.3,26.2,53.0,75.3,87.2,70.9,9.86,62.6,94.5,23.9,29.0,334.5,124.0,27.45,126.5,249.0,11.75,44.0,32.85,40.0,116.0,38.35,13.25,16.1,24.5,44.85,146.0,412.0,32.45,60.1,47.85,26.45,26.3,359.0,195.5,251.5,47.55,11.3,157.0,32.8,15.5,83.8,18.35,47.0,58.0,180.5,4.63,9.97,51.1,32.35,15.1,12.9,85.0,21.45,263.5,75.5,9.46,43.1,73.1,100.5,59.7,89.8,73.8,246.5,48.15,11.75,101.5,119.5,23.1,25.25,84.7,216.5,221.5,34.8,77.8,44.7,11.0,24.95,9.26,16.1,14.5,18.3,241.0,17.0,28.0,9.14,31.6,8.1,9.06,16.85,16.1,50.4,47.75,7.96,18.1,11.85,22.8,11.7,7.85,9.0,17.6,17.1,228.0,53.2,3745.0,30.15,105.5,71.6,102.5,71.0,24.9,111.0,78.5,11.55,63.6,59.4,10.2,37.65,30.6,71.4,43.45,77.0,62.2,63.5,85.6,36.55,54.3,13.9,7.98,56.3,84.4,85.0,85.9,446.0,419.5,455.5,423.0,91.8,106.5,193.0,326.0,40.0,119.0,142.0,86.5,179.5,49.05,95.1,77.1,36.6
34.2,26.2,52.9,75.3,87.3,70.9,9.87,62.6,94.6,23.9,29.0,334.5,124.0,27.5,126.0,248.5,11.8,44.0,32.85,40.0,116.0,38.35,13.3,16.05,24.5,44.85,145.5,412.0,32.4,60.2,47.85,26.45,26.25,359.0,195.5,251.0,47.55,11.3,157.0,32.75,15.5,83.8,18.35,47.0,58.0,180.5,4.63,9.97,50.8,32.35,15.15,12.9,85.0,21.5,264.0,75.5,9.46,43.05,73.1,100.5,59.8,89.8,73.8,246.5,48.15,11.75,101.0,119.5,23.1,25.3,84.7,216.0,221.5,34.95,77.8,44.7,11.05,24.95,9.26,16.2,14.5,18.4,241.5,17.0,28.1,9.14,31.65,8.1,9.06,16.85,16.1,50.4,47.95,7.96,18.1,11.85,22.85,11.7,7.85,9.0,17.6,17.1,228.0,53.2,3735.0,30.15,105.5,71.6,102.0,70.9,24.85,110.5,78.5,11.55,63.6,59.3,10.2,37.65,30.6,71.4,43.5,76.9,62.2,63.6,85.5,36.55,54.3,13.95,7.99,56.3,84.4,85.0,86.0,445.0,419.5,455.5,423.0,91.9,106.5,193.0,326.0,40.0,119.0,141.5,86.4,179.5,49.1,95.1,77.1,36.6
34.3,26.25,52.9,75.3,87.5,70.9,9.87,62.6,95.0,24.0,29.0,334.5,124.0,27.45,126.5,248.5,11.8,44.0,32.85,40.0,116.0,38.35,13.3,16.05,24.5,44.85,145.5,412.0,32.45,60.2,47.85,26.45,26.3,359.0,195.5,251.0,47.55,11.3,157.0,32.8,15.5,83.7,18.3,47.0,57.9,180.5,4.63,9.98,50.8,32.35,15.15,12.9,85.0,21.45,263.5,75.6,9.46,43.05,73.2,100.5,59.7,89.7,73.8,246.5,48.15,11.8,101.0,119.5,23.1,25.3,84.7,216.5,221.5,34.95,77.8,44.7,11.05,24.95,9.26,16.2,14.5,18.4,241.0,17.0,28.1,9.14,31.6,8.1,9.06,16.9,16.15,50.3,47.95,7.97,18.1,11.85,22.8,11.7,7.85,9.0,17.6,17.1,228.0,53.2,3730.0,30.15,105.0,71.5,102.5,70.9,24.85,110.5,78.5,11.55,63.6,59.3,10.2,37.65,30.6,71.4,43.45,76.9,62.2,63.7,85.5,36.55,54.3,13.95,8.0,56.3,84.3,85.0,86.0,445.0,419.5,455.5,423.0,91.9,106.5,193.0,326.5,39.95,119.0,141.5,86.5,179.5,49.0,95.1,77.1,36.6
34.35,26.25,53.0,75.3,87.8,70.9,9.86,62.6,95.0,24.0,29.0,334.5,124.0,27.45,126.0,248.5,11.75,44.0,32.85,40.0,116.0,38.4,13.3,16.05,24.5,44.9,146.0,412.0,32.45,60.2,47.85,26.45,26.25,360.5,195.5,251.5,47.6,11.3,157.0,32.8,15.5,83.8,18.3,47.05,57.9,180.5,4.63,9.98,50.8,32.35,15.15,12.9,85.1,21.45,263.5,75.6,9.45,43.0,73.2,100.5,59.7,89.8,73.8,246.5,48.15,11.75,101.5,119.5,23.05,25.3,84.7,216.5,222.0,34.95,77.9,44.7,11.05,24.95,9.27,16.2,14.5,18.35,241.0,17.0,28.1,9.14,31.65,8.1,9.06,16.9,16.15,50.3,47.8,7.99,18.1,11.8,22.85,11.7,7.86,9.0,17.55,17.1,228.0,53.2,3710.0,30.15,105.5,71.6,102.5,71.0,24.85,110.5,78.5,11.55,63.6,59.2,10.2,37.65,30.7,71.4,43.5,76.9,62.2,63.6,85.5,36.55,54.2,13.95,8.0,56.3,84.4,84.9,86.0,445.0,419.5,455.5,423.0,91.8,107.0,193.0,326.0,39.95,119.0,141.5,86.5,179.5,49.0,95.1,77.1,36.6
34.35,26.2,52.9,75.3,87.7,71.0,9.86,62.5,94.9,23.9,29.0,334.5,123.5,27.55,126.5,248.5,11.8,43.95,32.8,39.95,116.0,38.4,13.3,16.05,24.5,44.9,146.0,412.0,32.45,60.3,47.85,26.45,26.25,359.0,195.5,251.0,47.6,11.35,157.0,32.7,15.5,83.8,18.35,47.0,57.8,180.5,4.63,9.99,50.7,32.4,15.15,12.9,85.1,21.4,263.5,75.6,9.44,43.05,73.3,101.0,59.7,89.6,73.8,246.5,48.15,11.8,101.0,119.0,23.0,25.25,84.8,216.5,221.5,34.8,77.9,44.8,11.05,24.95,9.25,16.15,14.55,18.35,241.0,17.0,28.1,9.14,31.6,8.1,9.06,16.85,16.1,50.2,47.85,7.98,18.1,11.85,22.85,11.65,7.86,9.0,17.55,17.1,228.0,53.3,3725.0,30.15,105.5,71.6,102.5,71.0,24.85,110.5,78.6,11.55,63.8,59.3,10.2,37.65,30.75,71.5,43.5,77.0,62.2,63.6,85.6,36.5,54.3,13.95,7.99,56.3,84.6,84.9,85.9,445.0,419.5,455.5,423.0,91.9,107.0,193.0,326.0,39.95,119.0,141.5,86.5,180.0,49.1,95.1,77.1,36.6
34.3,26.2,52.9,75.3,87.8,71.0,9.86,62.5,94.9,24.0,29.05,334.5,124.0,27.55,126.5,249.0,11.8,43.95,32.9,40.0,117.0,38.35,13.3,16.05,24.6,44.9,146.0,412.5,32.5,60.3,47.8,26.45,26.3,359.0,195.5,251.0,47.75,11.35,157.0,32.75,15.5,83.8,18.35,47.0,57.8,180.5,4.63,9.99,50.6,32.4,15.15,12.9,85.0,21.4,263.5,75.6,9.45,43.05,73.1,100.5,59.8,89.6,73.8,246.5,48.15,11.8,101.5,119.0,23.05,25.3,84.8,217.0,222.0,34.8,77.8,44.75,11.0,24.9,9.27,16.2,14.45,18.35,241.0,17.05,28.1,9.14,31.65,8.11,9.06,16.85,16.15,50.2,47.95,7.99,18.15,11.85,22.9,11.7,7.86,9.01,17.55,17.1,228.0,53.3,3715.0,30.15,105.5,71.6,102.5,71.0,24.9,110.0,78.6,11.6,63.6,59.3,10.2,37.65,30.75,71.6,43.5,76.9,62.2,63.7,85.6,36.5,54.3,14.0,7.99,56.3,84.6,85.0,86.0,445.0,419.5,455.5,423.0,91.9,107.0,193.0,325.5,40.0,119.0,141.5,86.5,179.5,49.1,95.3,77.1,36.55
34.35,26.25,52.8,75.3,87.8,70.9,9.86,62.7,94.8,23.9,29.0,334.0,124.0,27.5,126.5,249.0,11.8,44.0,32.9,40.0,117.0,38.4,13.3,16.1,24.55,44.9,145.5,411.0,32.45,60.3,47.8,26.5,26.3,359.0,196.0,251.5,47.65,11.3,157.0,32.7,15.45,83.8,18.3,47.05,57.8,180.5,4.63,10.0,50.5,32.4,15.15,12.9,85.0,21.45,263.5,75.6,9.45,43.0,73.1,100.5,59.8,89.7,74.0,246.5,48.15,11.75,101.5,120.0,23.05,25.25,84.7,216.0,222.0,34.8,77.8,44.75,11.05,24.95,9.26,16.15,14.5,18.35,241.0,17.0,28.1,9.16,31.6,8.1,9.06,16.85,16.1,50.2,47.85,7.97,18.1,11.8,22.85,11.65,7.84,8.99,17.55,17.05,228.0,53.2,3710.0,30.15,105.5,71.6,102.0,71.0,24.9,110.5,78.5,11.55,63.9,59.3,10.2,37.65,30.75,71.5,43.5,76.7,62.2,63.8,85.6,36.45,54.3,13.95,7.98,56.3,84.7,84.9,86.0,445.0,420.0,458.0,422.5,91.9,106.5,193.0,326.0,40.0,119.0,141.5,86.4,180.0,49.05,95.2,77.1,36.55
34.25,26.2,52.8,75.3,87.5,70.8,9.86,62.8,94.6,23.9,28.95,334.0,124.0,27.5,125.5,249.5,11.8,44.05,32.9,40.0,116.5,38.35,13.25,16.1,24.55,44.9,146.0,411.0,32.45,60.3,47.8,26.45,26.35,359.0,196.0,250.0,47.6,11.3,157.0,32.7,15.5,83.8,18.3,47.0,57.8,180.0,4.64,10.0,50.6,32.35,15.15,12.9,85.0,21.45,263.5,75.6,9.45,43.05,73.1,100.5,59.7,89.7,74.0,246.5,48.15,11.8,101.5,120.0,23.05,25.25,85.0,216.0,222.0,34.8,77.7,44.75,11.0,24.95,9.25,16.15,14.45,18.4,241.0,17.0,28.05,9.16,31.6,8.08,9.06,16.85,16.1,50.1,47.8,7.97,18.1,11.75,22.8,11.7,7.85,8.99,17.55,17.05,228.0,53.2,3730.0,30.1,105.5,71.8,102.0,71.0,24.9,110.0,78.5,11.5,63.9,59.3,10.2,37.65,30.75,71.4,43.45,76.7,62.2,63.5,85.7,36.45,54.2,13.95,7.98,56.2,84.5,85.0,86.0,445.0,420.0,458.0,423.0,91.8,106.5,193.0,326.5,39.95,119.5,141.0,86.5,180.0,49.0,95.2,77.0,36.55
34.25,26.2,52.8,75.3,87.5,70.8,9.86,62.8,94.6,23.9,28.95,334.0,124.0,27.5,125.5,249.5,11.8,44.05,32.9,40.0,116.5,38.35,13.25,16.1,24.55,44.9,146.0,411.0,32.45,60.3,47.8,26.45,26.35,359.0,196.0,250.0,47.6,11.3,157.0,32.7,15.5,83.8,18.3,47.0,57.8,180.0,4.64,10.0,50.6,32.35,15.15,12.9,85.0,21.45,263.5,75.6,9.45,43.05,73.1,100.5,59.7,89.7,74.0,246.5,48.15,11.8,101.5,120.0,23.05,25.25,85.0,216.0,222.0,34.8,77.7,44.75,11.0,24.95,9.25,16.15,14.45,18.4,241.0,17.0,28.05,9.16,31.6,8.08,9.06,16.85,16.1,50.1,47.8,7.97,18.1,11.75,22.8,11.7,7.85,8.99,17.55,17.05,228.0,53.2,3730.0,30.1,105.5,71.8,102.0,71.0,24.9,110.0,78.5,11.5,63.9,59.3,10.2,37.65,30.75,71.4,43.45,76.7,62.2,63.5,85.7,36.45,54.2,13.95,7.98,56.2,84.5,85.0,86.0,445.0,420.0,458.0,423.0,91.8,106.5,193.0,326.5,39.95,119.5,141.0,86.5,180.0,49.0,95.2,77.0,36.55
34.25,26.2,52.8,75.3,87.5,70.8,9.86,62.8,94.6,23.9,28.95,334.0,124.0,27.5,125.5,249.5,11.8,44.05,32.9,40.0,116.5,38.35,13.25,16.1,24.55,44.9,146.0,411.0,32.45,60.3,47.8,26.45,26.35,359.0,196.0,250.0,47.6,11.3,157.0,32.7,15.5,83.8,18.3,47.0,57.8,180.0,4.64,10.0,50.6,32.35,15.15,12.9,85.0,21.45,263.5,75.6,9.45,43.05,73.1,100.5,59.7,89.7,74.0,246.5,48.15,11.8,101.5,120.0,23.05,25.25,85.0,216.0,222.0,34.8,77.7,44.75,11.0,24.95,9.25,16.15,14.45,18.4,241.0,17.0,28.05,9.16,31.6,8.08,9.06,16.85,16.1,50.1,47.8,7.97,18.1,11.75,22.8,11.7,7.85,8.99,17.55,17.05,228.0,53.2,3730.0,30.1,105.5,71.8,102.0,71.0,24.9,110.0,78.5,11.5,63.9,59.3,10.2,37.65,30.75,71.4,43.45,76.7,62.2,63.5,85.7,36.45,54.2,13.95,7.98,56.2,84.5,85.0,86.0,445.0,420.0,458.0,423.0,91.8,106.5,193.0,326.5,39.95,119.5,141.0,86.5,180.0,49.0,95.2,77.0,36.55
34.25,26.2,52.8,75.3,87.5,70.8,9.86,62.8,94.6,23.9,28.95,334.0,124.0,27.5,125.5,249.5,11.8,44.05,32.9,40.0,116.5,38.35,13.25,16.1,24.55,44.9,146.0,411.0,32.45,60.3,47.8,26.45,26.35,359.0,196.0,250.0,47.6,11.3,157.0,32.7,15.5,83.8,18.3,47.0,57.8,180.0,4.64,10.0,50.6,32.35,15.15,12.9,85.0,21.45,263.5,75.6,9.45,43.05,73.1,100.5,59.7,89.7,74.0,246.5,48.15,11.8,101.5,120.0,23.05,25.25,85.0,216.0,222.0,34.8,77.7,44.75,11.0,24.95,9.25,16.15,14.45,18.4,241.0,17.0,28.05,9.16,31.6,8.08,9.06,16.85,16.1,50.1,47.8,7.97,18.1,11.75,22.8,11.7,7.85,8.99,17.55,17.05,228.0,53.2,3730.0,30.1,105.5,71.8,102.0,71.0,24.9,110.0,78.5,11.5,63.9,59.3,10.2,37.65,30.75,71.4,43.45,76.7,62.2,63.5,85.7,36.45,54.2,13.95,7.98,56.2,84.5,85.0,86.0,445.0,420.0,458.0,423.0,91.8,106.5,193.0,326.5,39.95,119.5,141.0,86.5,180.0,49.0,95.2,77.0,36.55
34.25,26.2,52.8,75.3,87.5,70.8,9.86,62.8,94.6,23.9,28.95,334.0,124.0,27.5,125.5,249.5,11.8,44.05,32.9,40.0,116.5,38.35,13.25,16.1,24.55,44.9,146.0,411.0,32.45,60.3,47.8,26.45,26.35,359.0,196.0,250.0,47.6,11.3,157.0,32.7,15.5,83.8,18.3,47.0,57.8,180.0,4.64,10.0,50.6,32.35,15.15,12.9,85.0,21.45,263.5,75.6,9.45,43.05,73.1,100.5,59.7,89.7,74.0,246.5,48.15,11.8,101.5,120.0,23.05,25.25,85.0,216.0,222.0,34.8,77.7,44.75,11.0,24.95,9.25,16.15,14.45,18.4,241.0,17.0,28.05,9.16,31.6,8.08,9.06,16.85,16.1,50.1,47.8,7.97,18.1,11.75,22.8,11.7,7.85,8.99,17.55,17.05,228.0,53.2,3730.0,30.1,105.5,71.8,102.0,71.0,24.9,110.0,78.5,11.5,63.9,59.3,10.2,37.65,30.75,71.4,43.45,76.7,62.2,63.5,85.7,36.45,54.2,13.95,7.98,56.2,84.5,85.0,86.0,445.0,420.0,458.0,423.0,91.8,106.5,193.0,326.5,39.95,119.5,141.0,86.5,180.0,49.0,95.2,77.0,36.55
34.25,26.2,52.8,75.3,87.5,70.8,9.86,62.8,94.6,23.9,28.95,334.0,124.0,27.5,125.5,249.5,11.8,44.05,32.9,40.0,116.5,38.35,13.25,16.1,24.55,44.9,146.0,411.0,32.45,60.3,47.8,26.45,26.35,359.0,196.0,250.0,47.6,11.3,157.0,32.7,15.5,83.8,18.3,47.0,57.8,180.0,4.64,10.0,50.6,32.35,15.15,12.9,85.0,21.45,263.5,75.6,9.45,43.05,73.1,100.5,59.7,89.7,74.0,246.5,48.15,11.8,101.5,120.0,23.05,25.25,85.0,216.0,222.0,34.8,77.7,44.75,11.0,24.95,9.25,16.15,14.45,18.4,241.0,17.0,28.05,9.16,31.6,8.08,9.06,16.85,16.1,50.1,47.8,7.97,18.1,11.75,22.8,11.7,7.85,8.99,17.55,17.05,228.0,53.2,3730.0,30.1,105.5,71.8,102.0,71.0,24.9,110.0,78.5,11.5,63.9,59.3,10.2,37.65,30.75,71.4,43.45,76.7,62.2,63.5,85.7,36.45,54.2,13.95,7.98,56.2,84.5,85.0,86.0,445.0,420.0,458.0,423.0,91.8,106.5,193.0,326.5,39.95,119.5,141.0,86.5,180.0,49.0,95.2,77.0,36.55
34.2,26.2,52.8,75.2,87.4,71.0,9.89,62.5,94.7,23.9,28.9,333.5,123.5,27.5,126.5,248.5,11.75,44.05,32.9,39.95,117.0,38.45,13.25,16.05,24.5,44.85,146.0,413.5,32.4,60.3,47.8,26.45,26.2,359.0,195.5,250.0,47.6,11.3,157.0,32.75,15.45,83.6,18.25,47.0,57.8,180.0,4.64,10.0,51.2,32.4,15.05,12.9,85.0,21.45,263.0,75.9,9.52,43.0,73.1,100.5,59.7,89.9,73.9,246.5,48.25,11.75,101.5,120.0,23.05,25.25,84.7,216.5,221.0,34.95,77.8,44.65,11.0,24.9,9.25,16.1,14.5,18.35,241.5,17.0,28.1,9.15,31.55,8.09,9.06,16.8,16.1,50.2,47.9,7.96,18.15,11.8,22.8,11.65,7.84,8.99,17.55,17.05,228.0,53.2,3725.0,30.1,105.5,72.0,102.0,70.9,24.95,109.5,78.5,11.55,63.7,59.0,10.2,37.6,30.8,71.3,43.4,76.6,62.5,63.5,85.6,36.4,54.4,13.95,7.95,56.4,84.4,84.8,85.8,445.0,419.0,455.0,422.0,91.8,106.5,193.0,327.0,39.9,119.0,141.0,86.5,179.5,49.0,95.1,77.0,36.55
