stock1,stock2,action1,action2,action3,action4,action5,action6,action7,action8,action9,action10,action11,action12,action13,action14,action15,action16,action17,action18,action19,action20,action21,action22,action23,action24,action25
1301,2313,0.013400000000004297,0.013400000000004297,0.013400000000004297,0.013400000000004297,0.06340000000000501,0.06340000000000501,0.06340000000000501,0.06340000000000501,0.06340000000000501,0.06340000000000501,0.06340000000000501,0.11325000000002206,0.11325000000002206,0.11325000000002206,0.16325000000002277,0.16325000000002277,0.16325000000002277,0.16325000000002277,0.16325000000002277,0.16325000000002277,0.16325000000002277,0.16325000000002277,0.16325000000002277,0,0
1301,2603,-1.1494,-1.1494,-1.1494,-1.1494,-1.1494,-1.1494,-1.1494,-1.1494,-1.1494,-1.1494,-1.1494,-1.1494,-1.1494,-1.1494,-1.1494,-1.1494,-1.1494,-1.1494,-1.1494,-1.1494,-1.1494,-1.1494,-1.1494,-0.0012749999999925876,-0.0012749999999925876
1301,2633,-0.10480000000001155,-0.10480000000001155,-0.10480000000001155,-0.10480000000001155,-0.10480000000001155,-0.10480000000001155,-0.10480000000001155,-0.10480000000001155,0.19497500000008472,0.19497500000008472,0.19497500000008472,0.19497500000008472,0.4449750000000847,0.4449750000000847,0.4449750000000847,0.4449750000000847,0.4449750000000847,-1.600974999999977,-1.600974999999977,-1.600974999999977,-1.600974999999977,-1.600974999999977,-1.600974999999977,0.05015000000000214,0.05015000000000214
1301,3231,0.3391500000000178,0.3391500000000178,0.3391500000000178,0.3391500000000178,0.3391500000000178,0.3391500000000178,0.3391500000000178,0.3391500000000178,0.3391500000000178,0.3391500000000178,0.3391500000000178,0.3391500000000178,0.3391500000000178,0.8384000000000356,0.8384000000000356,0.8384000000000356,0.8384000000000356,0.8384000000000356,0.8384000000000356,0.8384000000000356,0.8384000000000356,0.8384000000000356,0.8384000000000356,0.14530000000006282,0.14530000000006282
1301,3481,0.002500000000011937,0.002500000000011937,0.002500000000011937,0.002500000000011937,0.002500000000011937,0.002500000000011937,0.10235000000001548,0.10235000000001548,0.10332500000001232,0.10332500000001232,0.10332500000001232,0.20317500000001587,0.20317500000001587,0.20317500000001587,0,0,0,0,0,0,0,0,0,0,0
1314,1477,-0.055999999999983174,-0.055999999999983174,0.4440000000000168,0.4440000000000168,0.4440000000000168,0.4440000000000168,0.4440000000000168,0.4440000000000168,0.4440000000000168,0.4440000000000168,0.4440000000000168,0.19550000000000978,0.19550000000000978,0.19550000000000978,0,0,0,0,0,0,0,0,0,0,0
1314,2103,0.15862500000000068,0.15862500000000068,0.15862500000000068,0.15862500000000068,0.15862500000000068,0.15862500000000068,0.15862500000000068,0.15862500000000068,0.15862500000000068,0.15862500000000068,0.15862500000000068,-0.14152499999999435,-0.14152499999999435,-0.14152499999999435,0.05855000000000388,0.05855000000000388,0.05855000000000388,0.05855000000000388,0.05855000000000388,0.05855000000000388,0.05855000000000388,0.05855000000000388,0.05855000000000388,0,0
1314,2303,0.05980000000000274,0.05980000000000274,0.05980000000000274,0.05980000000000274,0.05980000000000274,0.05980000000000274,0.05980000000000274,0.05980000000000274,0.05980000000000274,0.05980000000000274,0.05980000000000274,0.05980000000000274,0.05980000000000274,-0.03997499999999654,-0.03997499999999654,-0.03997499999999654,-0.03997499999999654,-0.03997499999999654,-0.03997499999999654,-0.03997499999999654,-0.03997499999999654,-0.03997499999999654,-0.03997499999999654,0,0
1314,2313,0.09710000000000818,0.09702500000000569,-0.15222499999999783,-0.15222499999999783,-0.15222499999999783,-0.15222499999999783,-0.10222499999999712,-0.10222499999999712,-0.10222499999999712,-0.10222499999999712,-0.10222499999999712,-0.05222499999999641,-0.05222499999999641,-0.05222499999999641,-0.0022249999999957026,-0.0022249999999957026,-0.0022249999999957026,0,0,0,0,0,0,0,0
1314,2317,0.4822500000000076,0.4822500000000076,0.4822500000000076,0.4822500000000076,0.4822500000000076,0.4822500000000076,0.4822500000000076,0.4822500000000076,0.4822500000000076,0.4822500000000076,0.4822500000000076,0.4822500000000076,0.4822500000000076,0.4822500000000076,0.4822500000000076,0.4822500000000076,0.4822500000000076,0.4822500000000076,0.4822500000000076,0.23337500000000944,0.23337500000000944,0.23337500000000944,0.23337500000000944,0,0
1314,2347,0.07362500000000693,0.07362500000000693,0.07362500000000693,0.07362500000000693,0.07362500000000693,0.07362500000000693,0.12362500000000409,0.12362500000000409,0.12362500000000409,0.12362500000000409,0.12362500000000409,0,0,0,0,0,0,0,0,0,0,0,0,0,0
1314,2353,0.0662500000000037,0.0662500000000037,0.0662500000000037,0.0662500000000037,0.0662500000000037,0.0662500000000037,0.26625000000000654,0.26625000000000654,0.26625000000000654,0.26625000000000654,0.26625000000000654,0.26625000000000654,0.26625000000000654,0.26625000000000654,0.26625000000000654,0.0668500000000023,0.0668500000000023,0.0668500000000023,0.0668500000000023,0.0668500000000023,0.0668500000000023,0.0668500000000023,0.0668500000000023,0,0
1314,2356,0.08425000000000438,0.08425000000000438,0.18440000000000367,0.18440000000000367,0.18440000000000367,0.18440000000000367,0.18440000000000367,-0.16492499999998955,-0.16492499999998955,-0.16492499999998955,-0.16492499999998955,-0.16492499999998955,-0.16492499999998955,0.18507500000001187,0.18507500000001187,0.18507500000001187,0.18507500000001187,0.18507500000001187,0.18507500000001187,0.18507500000001187,0.18507500000001187,0.18507500000001187,0.18507500000001187,0,0
1314,2382,0.052149999999997476,0.052149999999997476,0.052149999999997476,0.052149999999997476,0.052149999999997476,0.052149999999997476,0.052149999999997476,0.052149999999997476,0.052149999999997476,0.052149999999997476,0.10259999999999536,0.10259999999999536,0.20259999999998968,0.20259999999998968,0,0,0,0,0,0,0,0,0,0,0
1314,2395,0.31800000000001205,0.31800000000001205,0.31800000000001205,0.31800000000001205,0.31800000000001205,0.31800000000001205,0.31800000000001205,0.31800000000001205,0.31800000000001205,0.31800000000001205,0.31800000000001205,0.31800000000001205,0.31800000000001205,0.31800000000001205,0.31800000000001205,0,0,0,0,0,0,0,0,0,0
1314,2448,0.21027499999999932,0.21027499999999932,0.21027499999999932,0.21027499999999932,0.21027499999999932,0.21027499999999932,0.21027499999999932,0.21027499999999932,0.21027499999999932,0.21027499999999932,0.21027499999999932,0.21027499999999932,0.21027499999999932,0.21027499999999932,0.2606500000000018,0.2606500000000018,0.2606500000000018,0.31065000000000254,0.31065000000000254,0.31065000000000254,0.31065000000000254,0.31065000000000254,0.31065000000000254,0,0
1314,2474,-0.40850000000000364,-0.40850000000000364,-0.40850000000000364,-0.40850000000000364,-0.40850000000000364,-0.40850000000000364,-0.40850000000000364,-0.40850000000000364,-0.40850000000000364,-0.40850000000000364,-0.40850000000000364,0.09149999999999636,-1.6547499999999786,-1.6547499999999786,-1.1547499999999786,0.3452500000000214,0.3452500000000214,0.3452500000000214,0.3452500000000214,0.3452500000000214,0.3452500000000214,0.3452500000000214,0.3452500000000214,0,0
1314,2492,0.26685000000000514,0.26685000000000514,0.26685000000000514,0.26685000000000514,0.26685000000000514,0.26685000000000514,0.26685000000000514,0.26685000000000514,0.26685000000000514,0.26685000000000514,0.26685000000000514,-0.1819499999999934,-0.1819499999999934,-0.08194999999999908,-0.08194999999999908,0.018050000000002342,0.018050000000002342,0.018050000000002342,0.018050000000002342,0.21805000000000518,0.21805000000000518,0.21805000000000518,0.21805000000000518,0,0
1314,2603,-0.1194500000000005,-0.1194500000000005,-0.1194500000000005,-0.1194500000000005,-0.1194500000000005,-0.1194500000000005,-0.1194500000000005,-0.1194500000000005,-0.1194500000000005,-0.1194500000000005,-0.1194500000000005,-0.1194500000000005,-0.1194500000000005,-0.1194500000000005,-0.06952499999999873,-0.06952499999999873,-0.06952499999999873,-0.06952499999999873,-0.06952499999999873,-0.06952499999999873,-0.06952499999999873,-0.06952499999999873,-0.06952499999999873,0,0
1314,2834,-0.005559999999997345,-0.005559999999997345,0.024440000000003792,0.024440000000003792,0.024440000000003792,0.024440000000003792,0.024440000000003792,0.024440000000003792,0.024440000000003792,0.024440000000003792,0.024440000000003792,0.024440000000003792,0.024440000000003792,-0.01566499999999671,-0.01566499999999671,0.004380000000002937,0.004380000000002937,0.004380000000002937,0.004380000000002937,0.004380000000002937,0.004380000000002937,0.004380000000002937,0.004380000000002937,0,0
1314,2882,0.011350000000007299,0.011350000000007299,0.011350000000007299,0.011350000000007299,0.11135000000000161,0.11135000000000161,0.11135000000000161,0.11135000000000161,0.11135000000000161,0.11135000000000161,0.11135000000000161,-0.38774999999999693,-0.38774999999999693,-0.38774999999999693,-0.38774999999999693,-0.3373749999999802,-0.3373749999999802,-0.08774999999998556,-0.08774999999998556,-0.08774999999998556,-0.08774999999998556,-0.08774999999998556,-0.08774999999998556,0,0
1314,3189,0.22875000000000512,0.22875000000000512,0.22875000000000512,0.22875000000000512,0.22875000000000512,0.22875000000000512,0.22875000000000512,0.22875000000000512,0.22875000000000512,0.2289000000000101,0.2289000000000101,0,0,0,0,0,0,0,0,0,0,0,0,0,0
1314,4958,0.05155000000000598,0.05155000000000598,0.05155000000000598,0.05155000000000598,0.05155000000000598,0.05155000000000598,0.05155000000000598,0.05155000000000598,0.05155000000000598,0.05155000000000598,0.05155000000000598,-0.19754999999999256,-0.19754999999999256,-0.09754999999998404,0.0024500000000102773,0.0024500000000102773,0.0024500000000102773,0.0024500000000102773,0.0024500000000102773,0,0,0,0,0,0
1314,6269,-0.046999999999997044,-0.046999999999997044,-0.046999999999997044,-0.046999999999997044,-0.046999999999997044,-0.046999999999997044,-0.046999999999997044,-0.5436249999999774,-0.5436249999999774,-0.5436249999999774,-0.5436249999999774,-0.5436249999999774,-0.5436249999999774,-0.5436249999999774,-0.5436249999999774,-0.5436249999999774,-0.5436249999999774,-0.5436249999999774,-0.5436249999999774,-0.043624999999977376,-0.043624999999977376,-0.043624999999977376,-0.043624999999977376,0,0
1314,6505,0.0010000000000047748,0.0010000000000047748,0.0017500000000012506,0.0017500000000012506,0.0017500000000012506,0.0017500000000012506,0.25250000000001194,0.25250000000001194,0.25250000000001194,0.25250000000001194,0.25250000000001194,0.25250000000001194,0.25250000000001194,0.25250000000001194,0.25250000000001194,0,0,0,0,0,0,0,0,0,0
1314,9933,0.13454999999999728,0.13454999999999728,0.08440000000000225,0.08440000000000225,0.08440000000000225,0.08440000000000225,0.13432500000000402,0.13432500000000402,0.13432500000000402,0.23485000000000866,0.23485000000000866,0.23485000000000866,0.23485000000000866,0.23485000000000866,0.23485000000000866,0.23485000000000866,0.23485000000000866,0.23485000000000866,0.23485000000000866,0.23485000000000866,0.23485000000000866,0,0,0,0
1314,9945,0.07482500000001124,0.07482500000001124,0.07482500000001124,0.07482500000001124,0.07482500000001124,0.07482500000001124,0.1248250000000155,0.1248250000000155,0.1248250000000155,0.1248250000000155,0.1248250000000155,0.12490000000000379,0.12490000000000379,0.12490000000000379,0,0,0,0,0,0,0,0,0,0,0
1326,1477,0.08650000000002933,0.08650000000002933,0.08650000000002933,0.08650000000002933,0.08650000000002933,0.08650000000002933,0.08650000000002933,0.08650000000002933,0.08650000000002933,0.5857500000000471,0.5857500000000471,0.5857500000000471,0.5857500000000471,0.5857500000000471,0.5857500000000471,0.5857500000000471,1.085000000000008,1.085000000000008,1.085000000000008,1.085000000000008,1.085000000000008,1.085000000000008,1.085000000000008,0,0
1326,2103,-0.03772499999998047,-0.03772499999998047,-0.03772499999998047,-0.03772499999998047,-0.03772499999998047,-0.03772499999998047,-0.03772499999998047,-0.03772499999998047,-0.03772499999998047,-0.03772499999998047,-0.03772499999998047,-0.03772499999998047,-0.03772499999998047,-0.03772499999998047,-0.03772499999998047,0.012050000000012773,0.012050000000012773,0.012050000000012773,0.012050000000012773,0.012050000000012773,0.012050000000012773,0.11190000000000211,0.11190000000000211,0.2616750000000003,0.2616750000000003
1326,2105,-0.29789999999992745,-0.29789999999992745,-0.29789999999992745,-0.29789999999992745,-0.29789999999992745,-0.29789999999992745,-0.29789999999992745,-0.29789999999992745,-0.29789999999992745,-0.29789999999992745,-0.29789999999992745,0.20119999999991478,0.20119999999991478,0.20119999999991478,0.20119999999991478,0.20119999999991478,0.20119999999991478,0.20119999999991478,0.20119999999991478,0.20119999999991478,0.20119999999991478,0.20119999999991478,0.20119999999991478,0,0
1326,2303,0.0026500000000169166,0.002500000000011937,0.002500000000011937,0.002500000000011937,0.002500000000011937,0.002500000000011937,0.002500000000011937,0.002500000000011937,0.002500000000011937,0.002500000000011937,0.002500000000011937,0.10235000000000127,0.10235000000000127,0.10235000000000127,0.10235000000000127,-0.7957749999999919,-0.7957749999999919,-0.7957749999999919,-0.7957749999999919,-0.7957749999999919,-0.7957749999999919,-0.6957749999999834,-0.6957749999999834,0,0
1326,2311,0.06460000000001997,0.06460000000001997,0.06460000000001997,0.06460000000001997,0.06460000000001997,0.06460000000001997,0.06460000000001997,0.06460000000001997,0.06460000000001997,0.06460000000001997,0.06460000000001997,0.06460000000001997,0.014450000000003627,0.014450000000003627,0.014450000000003627,0.0643750000000054,0.0643750000000054,0.0643750000000054,0.0643750000000054,0.0643750000000054,0.0643750000000054,0.0643750000000054,0.2640749999999841,0,0
1326,2330,-0.10344999999998095,-0.10344999999998095,-0.10344999999998095,-0.10344999999998095,-0.10344999999998095,-0.10344999999998095,-0.10344999999998095,-0.10344999999998095,-0.10344999999998095,-0.10344999999998095,-0.10344999999998095,0.09624999999999773,0.09624999999999773,0.09624999999999773,0.09624999999999773,0.09624999999999773,0.09624999999999773,0.09624999999999773,0.09624999999999773,0.09624999999999773,0.09624999999999773,0.09624999999999773,0.09624999999999773,-0.6002999999999759,-0.6002999999999759
1326,2382,-0.009749999999939973,-0.009749999999939973,-0.009749999999939973,-0.009749999999939973,-0.009749999999939973,-0.009749999999939973,-0.009749999999939973,-0.009749999999939973,-0.009749999999939973,-0.009749999999939973,-0.009749999999939973,-0.009749999999939973,-0.009749999999939973,0.4895000000000209,0.4895000000000209,0.4895000000000209,0.4895000000000209,0.4895000000000209,0.4895000000000209,0.4895000000000209,0.4895000000000209,0.4895000000000209,0.4895000000000209,0,0
1326,2395,-0.39864999999994666,-0.3992499999999666,-0.3992499999999666,-0.3992499999999666,-0.3992499999999666,-0.3992499999999666,-0.3992499999999666,0.8001500000000021,0.8001500000000021,0.8001500000000021,0.8001500000000021,0.8001500000000021,0.8001500000000021,0.8001500000000021,0.8001500000000021,0.8001500000000021,1.2993999999999915,1.2993999999999915,1.2993999999999915,1.2993999999999915,1.2993999999999915,1.2993999999999915,1.2993999999999915,0,0
1326,2448,-0.20420000000000016,-0.20420000000000016,-0.10419999999993479,-0.10419999999993479,-0.10419999999993479,-0.10419999999993479,-0.10419999999993479,-0.10419999999993479,-0.10419999999993479,0.09489999999995291,0.09489999999995291,0.09489999999995291,0.09489999999995291,0.09489999999995291,0.09489999999995291,0.09489999999995291,0.29459999999996,0.29459999999996,0.29459999999996,0.29459999999996,0.29459999999996,0.29459999999996,0.29459999999996,0,0
1326,2474,-0.266749999999945,-0.266749999999945,-0.266749999999945,-0.266749999999945,-0.266749999999945,-0.266749999999945,-0.266749999999945,0.7332499999999982,0.7332499999999982,0.7332499999999982,0.7332499999999982,0.7332499999999982,0.7332499999999982,1.232500000000016,1.232500000000016,1.232500000000016,1.232500000000016,-3.756999999999948,-3.756999999999948,-3.756999999999948,-3.756999999999948,-3.756999999999948,-3.756999999999948,-1.2569999999999482,-1.2569999999999482
1326,2892,-0.056049999999984834,-0.056049999999984834,-0.056049999999984834,-0.056049999999984834,-0.056049999999984834,-0.056049999999984834,-0.056049999999984834,-0.056049999999984834,-0.056049999999984834,-0.056049999999984834,0.0438000000000045,0.0438000000000045,0.0438000000000045,0.0438000000000045,0.0438000000000045,0.24380000000000734,0.24380000000000734,0.24380000000000734,0.24380000000000734,0.24380000000000734,0.24380000000000734,0.24380000000000734,0.24380000000000734,0,0
1326,3044,0.12625000000002728,0.12625000000002728,0.12625000000002728,0.12625000000002728,0.6255000000000308,0.6255000000000308,0.6255000000000308,0.6255000000000308,0.6255000000000308,1.125500000000045,1.125500000000045,1.125500000000045,1.125500000000045,1.125500000000045,1.6247500000000485,1.6247500000000485,1.6247500000000485,1.6247500000000485,1.6247500000000485,1.1255000000000024,1.1255000000000024,1.1255000000000024,1.1255000000000024,0,0
1326,3682,0.1336250000000021,0.1336250000000021,0.1336250000000021,0.1336250000000021,0.1336250000000021,0.1336250000000021,0.1336250000000021,0.1336250000000021,0.1336250000000021,0.23362500000001063,0.23362500000001063,0.23362500000001063,0.23362500000001063,0.23362500000001063,0.28310000000000457,0.28310000000000457,0.28310000000000457,0.28310000000000457,0.28310000000000457,0.28310000000000457,0.28310000000000457,0.28310000000000457,0.28310000000000457,0,0
1326,4958,-0.40989999999996485,-0.40989999999996485,-0.010649999999941429,-0.010649999999941429,-0.010649999999941429,-0.010649999999941429,-0.010649999999941429,0.18905000000006567,0.18905000000006567,0.18905000000006567,0.18905000000006567,0.48860000000001946,0.48860000000001946,0.48860000000001946,0.48860000000001946,0.48860000000001946,0.48860000000001946,0.48860000000001946,0.48860000000001946,0.6883000000000266,0.6883000000000266,0.6883000000000266,0.6883000000000266,-0.7058499999999412,-0.7058499999999412
1326,6269,0.09625000000002615,0.09625000000002615,0.09625000000002615,0.09625000000002615,0.09625000000002615,0.09625000000002615,0.09625000000002615,0.09625000000002615,0.09550000000004388,0.09550000000004388,0.09550000000004388,0.09550000000004388,0.09550000000004388,0.09700000000000841,0.09700000000000841,0.09700000000000841,0.09700000000000841,0.09700000000000841,0.09700000000000841,0.09700000000000841,0.09700000000000841,0.09700000000000841,0.09700000000000841,0,0
1326,9910,0.6484000000000094,0.6484000000000094,0.6484000000000094,0.6484000000000094,0.6484000000000094,0.6484000000000094,0.6484000000000094,0.6484000000000094,0.6484000000000094,0.6484000000000094,0.6484000000000094,0.6484000000000094,-1.048899999999989,-1.048899999999989,-0.9488999999999947,-0.9488999999999947,-0.9488999999999947,-0.8488999999999862,-0.8488999999999862,-0.8488999999999862,-0.8488999999999862,-0.8488999999999862,-0.8488999999999862,0,0
1326,9933,-0.13907499999996276,-0.13907499999996276,-0.13907499999996276,-0.13907499999996276,-0.13907499999996276,-0.13907499999996276,-0.13907499999996276,-0.13907499999996276,-0.13907499999996276,-0.13907499999996276,-0.13907499999996276,-0.13907499999996276,0.4103250000000003,0.4103250000000003,0.4103250000000003,0.4103250000000003,0.4103250000000003,0.4103250000000003,0.4103250000000003,0.4103250000000003,0.4103250000000003,0.4103250000000003,0.4103250000000003,0,0
1303,1314,-0.057599999999993656,-0.057599999999993656,-0.057599999999993656,-0.057599999999993656,-0.057599999999993656,-0.057599999999993656,0.04225000000000989,0.04225000000000989,0.04225000000000989,0.04225000000000989,-0.15662499999999113,-0.15662499999999113,-0.15662499999999113,-0.15662499999999113,-0.15662499999999113,-0.15662499999999113,-0.15662499999999113,-0.15662499999999113,-0.15662499999999113,-0.15662499999999113,-0.15662499999999113,-0.15662499999999113,-0.15662499999999113,0,0
1303,2347,-0.1212499999999892,-0.1212499999999892,-0.1212499999999892,-0.1212499999999892,-0.1212499999999892,-0.1212499999999892,-0.1212499999999892,-0.1212499999999892,-0.1212499999999892,-0.1212499999999892,-0.1212499999999892,0.12890000000000157,0.12890000000000157,0.12890000000000157,0.12890000000000157,-0.9193749999999881,-0.9193749999999881,-0.9193749999999881,-0.9193749999999881,-0.9193749999999881,-0.9193749999999881,-0.9193749999999881,-0.9193749999999881,-0.3693749999999909,-0.2693749999999966
1303,2395,0.13375000000002046,0.13375000000002046,0.13375000000002046,0.13375000000002046,0.13375000000002046,0.13375000000002046,0.13375000000002046,0.13375000000002046,0.13375000000002046,0.13375000000002046,0.13375000000002046,0.13300000000000978,0.13300000000000978,0.13300000000000978,-1.1639999999999588,-0.9639999999999702,-0.9639999999999702,-0.9639999999999702,-0.9639999999999702,-0.9639999999999702,-0.9639999999999702,-0.9639999999999702,-0.9639999999999702,0,0
1303,2615,-0.0712999999999937,-0.0712999999999937,0.02855000000001695,0.02855000000001695,0.02855000000001695,0.02855000000001695,0.02855000000001695,0.36400000000004695,0.36400000000004695,0.36400000000004695,0.36400000000004695,0.36400000000004695,0.36400000000004695,0.36400000000004695,0.36400000000004695,0.36400000000004695,0.36400000000004695,0.36400000000004695,0.36400000000004695,0.36400000000004695,0.36400000000004695,-1.0829999999999984,-1.0829999999999984,-0.18299999999999272,-0.18299999999999272
1303,2892,-0.008749999999977831,-0.008749999999977831,-0.008749999999977831,-0.008749999999977831,-0.008749999999977831,-0.008749999999977831,-0.008749999999977831,0.24140000000001294,0.24140000000001294,0.24140000000001294,0.24140000000001294,0.24140000000001294,0.24140000000001294,0.24140000000001294,0.24140000000001294,0.24140000000001294,0.3412500000000165,0.3412500000000165,0.3412500000000165,0.3412500000000165,0.3412500000000165,0.3412500000000165,0.3412500000000165,0,0
1303,9933,-0.10079999999999245,-0.10079999999999245,0.09890000000004306,0.09890000000004306,0.09890000000004306,0.09890000000004306,0.09890000000004306,0.09890000000004306,0.09890000000004306,0.09890000000004306,0.09890000000004306,0.09890000000004306,0.09890000000004306,0.09890000000004306,0.1987500000000182,0.1987500000000182,0.1987500000000182,0.1987500000000182,0.1987500000000182,0.29860000000002174,0.29860000000002174,0.29860000000002174,0.29860000000002174,0,0
1605,2303,0.05777500000000124,0.05777500000000124,0.05777500000000124,0.05777500000000124,0.05777500000000124,0.05777500000000124,0.05777500000000124,0.05777500000000124,0.05777500000000124,0.05777500000000124,0.05777500000000124,0.05777500000000124,0.05777500000000124,0,0,0,0,0,0,0,0,0,0,0,0
1605,2313,0.17077500000000256,0.17077500000000256,0.17077500000000256,0.17077500000000256,0.2210000000000072,0.2210000000000072,0,0,0,0,0,0,0,0,0,0,0,0,0,0,0,0,0,0,0
1605,2353,0.14072500000001043,0.14072500000001043,0.14072500000001043,0.14072500000001043,0.14072500000001043,0.14072500000001043,0.14110000000001222,0.14110000000001222,0.14110000000001222,0.14110000000001222,0.24147499999999766,0.24147499999999766,0,0,0,0,0,0,0,0,0,0,0,0,0
1605,2882,0.2737500000000068,0.2737500000000068,0.07525000000000404,0.07525000000000404,0.07525000000000404,0.07525000000000404,0.07525000000000404,0.07525000000000404,0.07525000000000404,0.07525000000000404,0.07525000000000404,0,0,0,0,0,0,0,0,0,0,0,0,0,0
1605,3044,-0.027124999999998067,-0.027124999999998067,0.47212500000000546,0.47212500000000546,0.47212500000000546,0.47212500000000546,0.47212500000000546,0.47212500000000546,0.47212500000000546,0.47212500000000546,0.47212500000000546,0.47212500000000546,0.47212500000000546,1.2236250000000126,1.2236250000000126,1.2236250000000126,0,0,0,0,0,0,0,0,0
1605,3231,0.16557500000000402,0.16557500000000402,0.16557500000000402,0.16557500000000402,0.16557500000000402,0.16557500000000402,0.16557500000000402,0.16557500000000402,0.16557500000000402,0.16557500000000402,0.16557500000000402,-0.03345000000000198,-0.03345000000000198,0.01685000000000514,0.06715000000000515,0,0,0,0,0,0,0,0,0,0
1605,3481,0.25987500000000807,0.25987500000000807,0.25987500000000807,0.25987500000000807,0.25987500000000807,0.25987500000000807,0.25987500000000807,0.25987500000000807,0.25987500000000807,0.25987500000000807,0.25987500000000807,0.25987500000000807,0.25987500000000807,0,0,0,0,0,0,0,0,0,0,0,0
1605,4958,-0.3072999999999837,-0.3072999999999837,-0.05767499999998904,-0.05767499999998904,-0.05767499999998904,-0.05767499999998904,-0.05767499999998904,-0.05767499999998904,-0.05767499999998904,-0.05767499999998904,-0.05767499999998904,-0.05767499999998904,-0.05767499999998904,-0.05767499999998904,-0.05767499999998904,0.1430750000000245,0.1430750000000245,0.1430750000000245,0.1430750000000245,0.1430750000000245,0.1430750000000245,0.1430750000000245,0.1430750000000245,0,0
1605,6456,1.1563750000000397,1.1563750000000397,1.1563750000000397,1.1563750000000397,1.1563750000000397,1.1563750000000397,1.1563750000000397,-1.834249999999983,-1.834249999999983,-1.834249999999983,-1.834249999999983,-0.08424999999998306,-0.08424999999998306,-0.08424999999998306,-0.08424999999998306,-0.08424999999998306,-0.08424999999998306,-0.08424999999998306,-0.08424999999998306,-0.08424999999998306,-0.08424999999998306,-0.08424999999998306,-0.08424999999998306,0,0
1477,1605,0.6835000000000093,0.6835000000000093,0.6835000000000093,0.6835000000000093,0.6835000000000093,0.6835000000000093,0.6835000000000093,0.433125000000004,0.433125000000004,0.433125000000004,0.433125000000004,0.4361250000000183,0.4361250000000183,0.4361250000000183,0.9357499999999987,0.9357499999999987,0,0,0,0,0,0,0,0,0
1477,2103,0.29962500000002024,0.29962500000002024,0.5485000000000184,0.5485000000000184,0.5485000000000184,0.5485000000000184,0.5485000000000184,0.5485000000000184,0.5485000000000184,0.5485000000000184,0.5485000000000184,0.5485000000000184,0.5485000000000184,0.5485000000000184,0.5485000000000184,-2.44999999999996,-2.44999999999996,-2.44999999999996,-2.44999999999996,-2.199624999999969,-2.199624999999969,-2.199624999999969,-2.199624999999969,-0.4507499999999709,-0.4507499999999709
1477,2303,0.4305000000000234,0.4305000000000234,0.4305000000000234,0.4305000000000234,0.4305000000000234,0.4305000000000234,0.4305000000000234,0.4305000000000234,0.4305000000000234,0.4305000000000234,0.4305000000000234,0.42975000000001273,0.42975000000001273,0.42975000000001273,0.42975000000001273,0.4323750000000075,0.4323750000000075,0.4323750000000075,0.4323750000000075,0.4323750000000075,0.4323750000000075,0.4323750000000075,0.4323750000000075,0,0
1477,2311,0.29987500000004275,0.29987500000004275,0.29987500000004275,0.29987500000004275,0.29987500000004275,0.29987500000004275,1.2983750000000214,1.2983750000000214,1.2983750000000214,1.2983750000000214,1.2983750000000214,1.2983750000000214,1.2983750000000214,1.2983750000000214,1.2983750000000214,1.2983750000000214,1.2983750000000214,1.2983750000000214,1.2983750000000214,1.2983750000000214,1.2983750000000214,1.2983750000000214,1.5483750000000214,0,0
1477,2317,1.5917500000000473,1.5917500000000473,1.5917500000000473,1.5917500000000473,1.5917500000000473,1.5917500000000473,1.5917500000000473,1.5917500000000473,1.5917500000000473,1.5917500000000473,1.5917500000000473,1.5917500000000473,1.5917500000000473,1.5910000000000366,1.5910000000000366,1.5910000000000366,1.5910000000000366,1.5910000000000366,1.5910000000000366,1.5910000000000366,1.5910000000000366,1.5962500000000261,1.5962500000000261,0,0
1477,2324,0.38025000000001796,0.38025000000001796,0.38025000000001796,0.38025000000001796,0.38025000000001796,0.38025000000001796,0.38025000000001796,0.38025000000001796,0.38025000000001796,0.38025000000001796,0.38025000000001796,0.3806250000000233,0,0,0,0,0,0,0,0,0,0,0,0,0
1477,2330,0.45924999999999727,0.45924999999999727,0.45924999999999727,0.45924999999999727,0.45924999999999727,0.45924999999999727,0.45924999999999727,0.45924999999999727,0.45924999999999727,0.45924999999999727,0.45924999999999727,1.4592499999999973,1.4592499999999973,1.4592499999999973,1.4592499999999973,1.4592499999999973,1.4592499999999973,1.4592499999999973,1.4592499999999973,1.4592499999999973,1.4592499999999973,1.4592499999999973,1.4592499999999973,0,0
1477,2353,1.175625000000025,1.175625000000025,1.175625000000025,1.175625000000025,1.175625000000025,1.175625000000025,1.175625000000025,1.175625000000025,0.9263750000000073,0.9263750000000073,0.9263750000000073,0.9263750000000073,0.9263750000000073,0,0,0,0,0,0,0,0,0,0,0,0
1477,2356,0.6070000000000135,0.6070000000000135,0.6070000000000135,0.6070000000000135,0.6070000000000135,0.6070000000000135,0.6070000000000135,0.6070000000000135,0.6070000000000135,0.6070000000000135,0.6070000000000135,0.6070000000000135,0.6070000000000135,0.6070000000000135,-1.6388749999999703,-1.1388749999999703,-0.8888749999999703,-0.8888749999999703,-0.8888749999999703,-0.8888749999999703,-0.8888749999999703,-0.8888749999999703,-0.8888749999999703,0,0
1477,2395,0.6112500000000409,0.6112500000000409,0.6112500000000409,0.6112500000000409,0.6112500000000409,0.6112500000000409,0.6112500000000409,0.6112500000000409,0.6112500000000409,0.6112500000000409,0.6112500000000409,1.1090000000000089,1.1090000000000089,1.1090000000000089,1.1090000000000089,1.1090000000000089,1.1090000000000089,0,0,0,0,0,0,0,0
1477,2448,0.30750000000003297,0.30750000000003297,0.30750000000003297,0.30750000000003297,0.30750000000003297,0.30750000000003297,0.30750000000003297,0.30750000000003297,0.30750000000003297,0.30750000000003297,0.30750000000003297,0.30750000000003297,0.5567500000000223,0.5567500000000223,1.0571250000000134,1.0571250000000134,1.0571250000000134,1.0571250000000134,1.0571250000000134,1.0571250000000134,1.0571250000000134,1.0571250000000134,1.0571250000000134,0,0
1477,2474,2.240750000000048,2.240750000000048,2.240750000000048,2.240750000000048,2.240750000000048,2.240750000000048,2.240750000000048,2.240750000000048,2.240750000000048,2.240750000000048,3.740750000000048,3.740750000000048,3.740750000000048,-2.2337499999999864,-2.2337499999999864,1.7625000000000455,1.7625000000000455,1.7625000000000455,1.7625000000000455,1.7625000000000455,1.7625000000000455,1.7625000000000455,1.7625000000000455,0,0
1477,2610,0.44700000000001694,0.44700000000001694,0.44700000000001694,0.44700000000001694,0.44700000000001694,0.44700000000001694,0.6966250000000187,0.6966250000000187,0.6966250000000187,0.6966250000000187,0.6966250000000187,0.6966250000000187,0.6966250000000187,1.195875000000008,1.195875000000008,1.195875000000008,1.195875000000008,1.195875000000008,1.195875000000008,1.195875000000008,1.195875000000008,1.195875000000008,1.195875000000008,0,0
1477,2823,-0.20862499999998363,-0.20862499999998363,-0.20937499999999432,-0.20937499999999432,-0.20937499999999432,-0.20937499999999432,-0.4574999999999818,-0.4574999999999818,-0.4574999999999818,-0.4574999999999818,-0.4574999999999818,-0.4574999999999818,-0.4574999999999818,0.04250000000001819,1.0421249999999986,0,0,0,0,0,0,0,0,0,0
1477,2834,0.27640000000001663,0.27640000000001663,0.27640000000001663,0.27640000000001663,0.27640000000001663,0.27640000000001663,0.27640000000001663,0.7755750000000035,0.7755750000000035,0.7755750000000035,0.7755750000000035,0.7755750000000035,0.7755750000000035,0.7755750000000035,-2.121649999999974,-2.121649999999974,-2.121649999999974,-2.121649999999974,-2.121649999999974,-2.121649999999974,-2.121649999999974,-2.121649999999974,-2.121649999999974,-1.5717249999999652,-1.5717249999999652
1477,2892,-0.1069999999999709,-0.1069999999999709,-0.1069999999999709,-0.1069999999999709,-0.1069999999999709,-0.1069999999999709,0.3922500000000184,0.3922500000000184,0.3922500000000184,0.3922500000000184,0.3922500000000184,0.6430000000000291,0.6430000000000291,0.6430000000000291,-0.6043749999999761,-0.6043749999999761,-0.6043749999999761,-0.6043749999999761,-0.6043749999999761,-0.6043749999999761,-0.6043749999999761,-0.10437499999997613,-0.10437499999997613,0,0
1477,3034,2.8222500000000537,2.8222500000000537,2.8222500000000537,2.8222500000000537,2.8222500000000537,2.8222500000000537,0.8222500000000537,2.819250000000011,2.819250000000011,2.819250000000011,2.819250000000011,2.819250000000011,2.819250000000011,2.819250000000011,2.819250000000011,2.819250000000011,2.819250000000011,2.819250000000011,2.819250000000011,0,0,0,0,0,0
1477,3044,1.9007500000000164,1.9007500000000164,1.9007500000000164,1.9007500000000164,1.9007500000000164,1.9007500000000164,1.9007500000000164,1.9007500000000164,1.9007500000000164,1.9007500000000164,1.9007500000000164,1.9007500000000164,1.9007500000000164,1.9007500000000164,1.906000000000006,1.906000000000006,1.906000000000006,1.906000000000006,1.906000000000006,1.906000000000006,1.906000000000006,1.906000000000006,1.906000000000006,0,0
1477,3231,0.8356250000000216,0.8356250000000216,0.8356250000000216,0.8356250000000216,0.8356250000000216,0.8356250000000216,0.8356250000000216,0.8356250000000216,0.8356250000000216,0.8356250000000216,0.8356250000000216,-0.41174999999998363,-0.41174999999998363,-0.41174999999998363,-0.16212499999997476,-0.16212499999997476,-0.16212499999997476,-0.16212499999997476,-0.16212499999997476,-0.16212499999997476,-0.16212499999997476,-0.16212499999997476,0.08900000000002706,0,0
1477,3481,-0.0706249999999784,-0.0706249999999784,-0.0706249999999784,-0.0706249999999784,-0.0706249999999784,-0.0706249999999784,-0.0706249999999784,0.4293750000000216,0.4293750000000216,0.4293750000000216,0.4293750000000216,0.4293750000000216,0.4293750000000216,0.4293750000000216,0.4293750000000216,0,0,0,0,0,0,0,0,0,0
1477,3682,-0.03837499999998073,-0.03837499999998073,-0.03837499999998073,-0.03837499999998073,-0.03837499999998073,-0.03837499999998073,-0.03837499999998073,-0.03837499999998073,-0.03837499999998073,-0.03837499999998073,-0.03837499999998073,0.4608750000000086,-0.28649999999997533,-0.28649999999997533,-0.28649999999997533,0,0,0,0,0,0,0,0,0,0
1477,6505,0.9772500000000264,0.9772500000000264,0.9772500000000264,0.9772500000000264,0.9772500000000264,0.9772500000000264,0.9772500000000264,0.9772500000000264,0.9772500000000264,0.9772500000000264,0.9772500000000264,0,0,0,0,0,0,0,0,0,0,0,0,0,0
1477,9910,4.230250000000012,4.230250000000012,4.230250000000012,4.230250000000012,4.230250000000012,4.230250000000012,4.230250000000012,4.230250000000012,4.230250000000012,4.230250000000012,4.230250000000012,4.230250000000012,4.230250000000012,-1.256249999999966,-1.256249999999966,-1.256249999999966,-1.256249999999966,-1.256249999999966,-1.256249999999966,-1.256249999999966,-1.256249999999966,-1.256249999999966,-1.256249999999966,0,0
1477,9933,0.17925000000002456,0.17925000000002456,0.17925000000002456,0.17925000000002456,-0.07112499999996658,-0.07112499999996658,-0.07112499999996658,-0.07112499999996658,-0.07112499999996658,0.4277500000000316,0.4277500000000316,0.4277500000000316,0.4277500000000316,0.4277500000000316,0.4277500000000316,0.4277500000000316,0.4277500000000316,-0.5692499999999541,-0.5692499999999541,-0.5692499999999541,-0.5692499999999541,-0.5692499999999541,-0.5692499999999541,0,0
2103,2303,0.045200000000008345,0.045200000000008345,0.09520000000000906,0.09520000000000906,0.09520000000000906,0.09520000000000906,0.09520000000000906,0.09520000000000906,0.09520000000000906,-0.8539749999999913,-0.8539749999999913,-0.8539749999999913,-0.8539749999999913,-0.8539749999999913,-0.7541249999999913,-0.7541249999999913,-0.7541249999999913,-0.7541249999999913,-0.7541249999999913,-0.7541249999999913,-0.7541249999999913,-0.7541249999999913,-0.7541249999999913,-0.20419999999999305,-0.20419999999999305
2103,2308,0.2680000000000007,0.2680000000000007,0.2680000000000007,0.2680000000000007,0.2680000000000007,0.2680000000000007,0.2680000000000007,0.2680000000000007,0.4669500000000255,0.4669500000000255,0.4669500000000255,0.4669500000000255,0.4669500000000255,0.06440000000000623,0.06440000000000623,0.06440000000000623,0.06440000000000623,0.06440000000000623,0.06440000000000623,0.06440000000000623,0.06440000000000623,0.36469999999999914,0.36469999999999914,0,0
2103,2324,0.07637500000001296,0.07637500000001296,0.07637500000001296,0.07637500000001296,0.07637500000001296,0.07637500000001296,0.07637500000001296,0.07637500000001296,0.07637500000001296,-0.3236249999999963,-0.3236249999999963,-0.2736999999999945,-0.2736999999999945,-0.1738499999999945,-0.1738499999999945,-0.1738499999999945,-0.1738499999999945,-0.1738499999999945,-0.1738499999999945,-0.1738499999999945,-0.1738499999999945,-0.1738499999999945,-0.1738499999999945,0,0
2103,2353,0.2417250000000024,0.2417250000000024,0.2417250000000024,0.2417250000000024,0.2417250000000024,0.2417250000000024,0.2417250000000024,0.2417250000000024,0.2417250000000024,0.2417250000000024,0.2417250000000024,0.2417250000000024,0.2417250000000024,-0.9077500000000001,-0.9077500000000001,-0.9077500000000001,-0.9077500000000001,-0.9077500000000001,-0.9077500000000001,-0.9077500000000001,-0.9077500000000001,-0.6577500000000001,-0.6577500000000001,0,0
2103,2448,0.006475000000001785,0.006475000000001785,0.006475000000001785,0.006475000000001785,0.006475000000001785,0.006475000000001785,-0.5434499999999964,-0.5434499999999964,-0.5434499999999964,-0.5434499999999964,-0.5434499999999964,-0.5434499999999964,-0.5434499999999964,-0.4933749999999968,-0.4933749999999968,-0.4933749999999968,-0.4933749999999968,-0.4933749999999968,-0.4933749999999968,-0.4933749999999968,-0.4933749999999968,-0.4933749999999968,-0.4933749999999968,-0.19374999999999787,-0.19374999999999787
2103,2474,-6.297249999999963,-5.797249999999963,-5.797249999999963,-5.797249999999963,-5.797249999999963,-5.797249999999963,-5.797249999999963,-5.797249999999963,-5.797249999999963,-5.797249999999963,-5.797249999999963,-6.297999999999973,-5.797999999999973,-5.797999999999973,-5.797999999999973,-5.797999999999973,-5.297999999999973,-5.297999999999973,-5.297999999999973,-5.297999999999973,-5.297999999999973,-5.297999999999973,-5.297999999999973,-3.2994999999999663,-3.2994999999999663
2103,2615,0.09252500000002328,0.09252500000002328,0.09252500000002328,0.09252500000002328,0.09252500000002328,0.09252500000002328,0.09252500000002328,0.09252500000002328,0.04200000000003001,0.2417000000000229,0.2417000000000229,0.2417000000000229,0.2417000000000229,0.2417000000000229,0.2417000000000229,0.2417000000000229,0.2417000000000229,0.2417000000000229,0.2417000000000229,-0.7585999999999871,-0.7585999999999871,-0.7585999999999871,-0.7585999999999871,0,0
2103,2823,0.005275000000011687,0.005275000000011687,0.005275000000011687,0.005275000000011687,0.005275000000011687,0.005275000000011687,0.005275000000011687,-0.24494999999998868,-0.24494999999998868,-0.24494999999998868,-0.24494999999998868,-0.24494999999998868,-0.24494999999998868,-0.24494999999998868,-0.24494999999998868,-0.19502499999999046,-0.19502499999999046,-0.19502499999999046,-0.19502499999999046,-0.19502499999999046,-0.19502499999999046,-0.19502499999999046,-0.19502499999999046,0,0
2103,2882,-0.09244999999999592,-0.09244999999999592,-0.09244999999999592,-0.09244999999999592,-0.09244999999999592,-0.09244999999999592,-0.09244999999999592,-0.09244999999999592,-0.04259999999999664,-0.04259999999999664,-0.04259999999999664,-0.8918499999999909,-0.8918499999999909,-0.8918499999999909,-0.8918499999999909,-0.8918499999999909,-0.8918499999999909,-0.8918499999999909,-0.8918499999999909,-0.8918499999999909,-0.8918499999999909,-0.8918499999999909,-0.8918499999999909,-0.5921499999999966,-0.5921499999999966
2103,3034,0.09650000000000603,0.09650000000000603,0.09650000000000603,0.09650000000000603,0.09650000000000603,0.09650000000000603,0.09650000000000603,0.34575000000002376,0.34575000000002376,-1.9042499999999905,-1.653874999999971,-1.653874999999971,-1.653874999999971,-1.653874999999971,-1.4042499999999905,-1.4042499999999905,-1.4042499999999905,-1.4042499999999905,-1.4042499999999905,-1.4042499999999905,-1.4042499999999905,-1.4042499999999905,-1.4042499999999905,0,0
2103,3044,0.8375000000000057,0.8375000000000057,0.8375000000000057,0.8375000000000057,0.8375000000000057,0.8375000000000057,0.8375000000000057,0.8375000000000057,0.8375000000000057,0.8375000000000057,0.8375000000000057,0.8375000000000057,0.8375000000000057,1.0875000000000057,1.0875000000000057,1.0875000000000057,1.0875000000000057,1.0875000000000057,1.0875000000000057,1.0875000000000057,1.0875000000000057,1.5867500000000092,1.5867500000000092,0,0
2103,3481,0.19392500000000723,0.19392500000000723,0.19392500000000723,0.19392500000000723,0.19392500000000723,0.19392500000000723,0.19392500000000723,0.19392500000000723,0.19392500000000723,0.19392500000000723,0.19392500000000723,-0.20570000000000022,-0.20570000000000022,-0.20570000000000022,-0.20570000000000022,-0.20570000000000022,-0.20570000000000022,-0.20570000000000022,-0.20570000000000022,-0.15577499999999844,-0.15577499999999844,-0.15577499999999844,-0.15577499999999844,0,0
2103,3682,0.0763250000000042,0.0763250000000042,0.0763250000000042,0.0763250000000042,0.0763250000000042,0.0763250000000042,0.12625000000000242,0.12625000000000242,0.12625000000000242,0.12625000000000242,0.12625000000000242,0.1761750000000042,0.2755000000000045,0.2755000000000045,0.2755000000000045,0.2755000000000045,0.2755000000000045,0.2755000000000045,0.2755000000000045,0.2755000000000045,0.2755000000000045,0.2755000000000045,0.2755000000000045,0,0
2103,4958,0.0021750000000224645,0.0021750000000224645,0.0021750000000224645,0.0021750000000224645,0.0021750000000224645,-2.8964749999999526,-2.8964749999999526,-2.8964749999999526,-2.8964749999999526,-2.8964749999999526,-2.8964749999999526,-2.646849999999972,-2.646849999999972,-2.646849999999972,-2.646849999999972,-2.4468499999999835,-2.4468499999999835,-2.4468499999999835,-2.4468499999999835,-2.4468499999999835,-2.4468499999999835,-2.4468499999999835,-2.4468499999999835,-1.097974999999991,-1.097974999999991
2103,6456,-8.46962499999998,-8.46962499999998,-8.46962499999998,-8.46962499999998,-7.969624999999979,-7.969624999999979,-7.969624999999979,-7.969624999999979,-7.969624999999979,-7.969624999999979,-7.969624999999979,-7.469624999999979,-7.469624999999979,-6.969624999999979,-6.969624999999979,-6.969624999999979,-6.969624999999979,-6.21999999999997,-6.21999999999997,-6.21999999999997,-6.21999999999997,-6.21999999999997,-6.21999999999997,-4.971124999999972,-4.971124999999972
2105,2303,0.05395000000000749,0.05395000000000749,0.1539500000000089,0.1539500000000089,0.1539500000000089,0.1539500000000089,0.1539500000000089,0.1539500000000089,0.1539500000000089,0.1539500000000089,0.1539500000000089,-0.34492499999998927,-0.34492499999998927,-0.34492499999998927,-0.34492499999998927,-0.34492499999998927,-0.34492499999998927,-0.34492499999998927,-0.34492499999998927,-0.34492499999998927,-0.34492499999998927,-0.34492499999998927,-0.34492499999998927,0,0
2105,2324,0.0038500000000070145,0.0038500000000070145,0.0038500000000070145,0.0038500000000070145,0.0038500000000070145,0.0038500000000070145,0.004225000000012358,0.1040750000000088,0.1040750000000088,0.1040750000000088,0.1040750000000088,0,0,0,0,0,0,0,0,0,0,0,0,0,0
2105,2347,-0.09604999999999819,-0.09604999999999819,-0.09604999999999819,-0.09604999999999819,-0.09604999999999819,-0.09604999999999819,-0.09604999999999819,-0.09604999999999819,-0.09604999999999819,-0.09604999999999819,-0.09604999999999819,0.003950000000003229,0.003950000000003229,0.003950000000003229,0.003950000000003229,0.003950000000003229,0.003950000000003229,-0.3447749999999914,-0.3447749999999914,-0.3447749999999914,-0.3447749999999914,-0.3447749999999914,-0.3447749999999914,0,0
2105,2353,0.19847500000000196,0.19847500000000196,0.19847500000000196,0.19847500000000196,0.19847500000000196,0.19847500000000196,0.19847500000000196,0.19847500000000196,0.19847500000000196,0.19847500000000196,0.2984750000000034,0.2984750000000034,0.2984750000000034,0.2984750000000034,-0.10054999999999836,-0.10054999999999836,-0.10054999999999836,-0.10054999999999836,-0.10054999999999836,-0.10054999999999836,-0.10054999999999836,-0.10054999999999836,-0.10054999999999836,0,0
2105,2395,0.1841500000000167,0.1841500000000167,0.1841500000000167,0.1841500000000167,0.1841500000000167,0.1841500000000167,0.2837000000000103,0.2837000000000103,0.2837000000000103,0.2837000000000103,0.2837000000000103,0.2837000000000103,0.2837000000000103,0.4837000000000131,0.4837000000000131,0.4837000000000131,0.4837000000000131,0.4837000000000131,0.4837000000000131,0.4837000000000131,0.4837000000000131,0.4837000000000131,0.4837000000000131,0,0
2105,2448,0.019400000000004525,0.019400000000004525,0.019400000000004525,0.019400000000004525,0.019400000000004525,0.019400000000004525,0.11910000000000309,0.11910000000000309,0.11910000000000309,0.11910000000000309,0.11910000000000309,0.11910000000000309,0.11910000000000309,-0.1799999999999926,-0.1799999999999926,-0.1799999999999926,-0.1799999999999926,-0.1799999999999926,-0.1799999999999926,-0.1799999999999926,-0.1799999999999926,-0.1799999999999926,-0.1799999999999926,0,0
2105,2610,0.19247500000000883,0.19247500000000883,0.19247500000000883,0.19247500000000883,0.19247500000000883,0.19247500000000883,0.19247500000000883,0.19247500000000883,0.19247500000000883,0.19247500000000883,0.19247500000000883,0.19247500000000883,-0.5578999999999894,-0.5578999999999894,-0.5578999999999894,-0.5578999999999894,-0.5578999999999894,-0.5578999999999894,-0.5578999999999894,-0.5578999999999894,-0.5578999999999894,-0.5578999999999894,-0.5578999999999894,0,0
2105,2615,0.05390000000000583,0.05390000000000583,0.05390000000000583,0.05390000000000583,0.05390000000000583,0.05390000000000583,0.05390000000000583,0.05375000000000085,0.05375000000000085,0.05375000000000085,0.05375000000000085,0.1535999999999973,0.1535999999999973,0.1535999999999973,0.1535999999999973,0.1535999999999973,0.1535999999999973,0.1535999999999973,0.1535999999999973,0.1535999999999973,0.1535999999999973,0.1535999999999973,0.1535999999999973,0,0
2105,2834,-0.00014999999999787406,-0.00014999999999787406,-0.15007499999999396,-0.15007499999999396,-0.15007499999999396,-0.15007499999999396,-0.15007499999999396,-0.15007499999999396,-0.15007499999999396,-0.15007499999999396,-0.15007499999999396,-0.15007499999999396,-0.10029999999999006,-0.10029999999999006,-0.10029999999999006,-0.10029999999999006,-0.10029999999999006,-0.10029999999999006,-0.10029999999999006,-0.10029999999999006,-0.10029999999999006,-0.10029999999999006,-0.10029999999999006,0.049625000000020236,0.049625000000020236
2105,2886,0.09240000000001203,0.09240000000001203,0.09240000000001203,0.09240000000001203,0.09240000000001203,0.09240000000001203,0.09240000000001203,0.09240000000001203,0.09240000000001203,0.09240000000001203,0.09240000000001203,0.09240000000001203,0.09240000000001203,0.09240000000001203,0,0,0,0,0,0,0,0,0,0,0
2105,4958,0.34145000000003733,0.34145000000003733,0.34145000000003733,0.34145000000003733,0.34145000000003733,0.34145000000003733,0.34145000000003733,0.34145000000003733,0.34145000000003733,-1.1553999999999292,-1.1553999999999292,-0.5553999999999064,-0.5553999999999064,-0.5553999999999064,-0.5553999999999064,-0.5553999999999064,-0.5553999999999064,-0.5553999999999064,-0.5553999999999064,-0.5553999999999064,-0.5553999999999064,-0.5553999999999064,-0.5553999999999064,0,0
2105,6239,-0.01859999999999218,-0.01859999999999218,-0.01859999999999218,-0.01859999999999218,-0.01859999999999218,-0.01859999999999218,0.08140000000001635,0.08140000000001635,0.08140000000001635,0.08140000000001635,0.08140000000001635,-0.2179999999999893,-0.2179999999999893,-0.2179999999999893,0,0,0,0,0,0,0,0,0,0,0
2105,6456,0.06475000000006048,0.06475000000006048,-5.925499999999943,-5.925499999999943,-5.925499999999943,-5.925499999999943,-5.925499999999943,-5.925499999999943,-5.925499999999943,-5.925499999999943,-4.925499999999943,-4.925499999999943,-4.925499999999943,-4.925499999999943,-4.925499999999943,-4.425499999999943,-4.425499999999943,-4.425499999999943,-4.425499999999943,-4.425499999999943,-4.425499999999943,-4.425499999999943,-4.425499999999943,0.5745000000000573,0.5745000000000573
2105,9910,3.6765499999999918,3.6765499999999918,3.6765499999999918,3.6765499999999918,3.6765499999999918,3.6765499999999918,3.6765499999999918,3.6765499999999918,3.6765499999999918,3.6765499999999918,3.6765499999999918,-3.5126499999999794,-3.5126499999999794,-1.31219999999999,-1.31219999999999,-1.31219999999999,-1.31219999999999,-1.31219999999999,-1.31219999999999,-1.31219999999999,-1.31219999999999,-1.31219999999999,-1.31219999999999,0,0
2308,2353,0.6452500000000185,0.6452500000000185,0.6452500000000185,0.6452500000000185,0.6452500000000185,0.6452500000000185,0.3948750000000132,0.3948750000000132,0.3948750000000132,-0.8547499999999957,-0.8547499999999957,-0.8547499999999957,-0.8547499999999957,-0.8547499999999957,-1.103999999999985,-0.6047499999999957,-0.6047499999999957,-0.6047499999999957,-0.6047499999999957,-0.6047499999999957,-0.6047499999999957,-0.6047499999999957,-0.6047499999999957,0,0
2308,2448,0.27787500000002296,0.27787500000002296,0.27787500000002296,0.27787500000002296,0.27787500000002296,0.27787500000002296,0.27787500000002296,0.27787500000002296,0.27787500000002296,0.27787500000002296,0.27787500000002296,-1.7202499999999645,-1.7202499999999645,-1.7202499999999645,-1.2209999999999752,-1.2209999999999752,-1.2209999999999752,-1.2209999999999752,-1.2209999999999752,-1.2209999999999752,-1.2209999999999752,-1.2209999999999752,-1.2209999999999752,0,0
2311,2324,0.03752500000000225,0.03752500000000225,0.03752500000000225,0.03752500000000225,0.03752500000000225,0.03752500000000225,0.087600000000009,0.087600000000009,0.087600000000009,0.087600000000009,0.087600000000009,0,0,0,0,0,0,0,0,0,0,0,0,0,0
2311,2347,-0.062224999999997976,-0.062224999999997976,-0.062224999999997976,-0.062224999999997976,-0.062224999999997976,-0.062224999999997976,-0.062224999999997976,-0.062224999999997976,-0.062224999999997976,-0.062224999999997976,-0.062224999999997976,-0.062224999999997976,0.1878500000000045,0.13792499999999563,0.13777499999999776,0.13800000000000523,0.13800000000000523,0.13800000000000523,0.13800000000000523,-0.5608749999999958,-0.5608749999999958,-0.5608749999999958,-0.5608749999999958,0,0
2311,2353,0.2320750000000018,0.2320750000000018,0.2320750000000018,0.2320750000000018,0.2320750000000018,0.2320750000000018,0.2320750000000018,0.2320750000000018,0.2320750000000018,0.2320750000000018,0.2320750000000018,0.2320750000000018,0.2320750000000018,0.28207499999999897,0.28207499999999897,-0.16687499999999744,-0.16687499999999744,-0.16687499999999744,-0.16687499999999744,-0.16687499999999744,-0.16687499999999744,-0.16687499999999744,-0.16687499999999744,0,0
2311,2395,0.05180000000001428,0.05180000000001428,0.05180000000001428,0.05180000000001428,0.05180000000001428,0.05180000000001428,0.05180000000001428,0.0516500000000093,0.0516500000000093,0.0516500000000093,0.0516500000000093,0.15150000000001285,0.15150000000001285,0.15150000000001285,0.25150000000000716,0.45150000000001,0.45150000000001,0.45150000000001,0.45150000000001,0.45150000000001,0.45150000000001,0.45150000000001,0.45150000000001,0,0
2311,2474,0.16037500000001614,0.16037500000001614,0.6588750000000232,0.6588750000000232,0.6588750000000232,0.6588750000000232,0.6588750000000232,0.6588750000000232,0.6588750000000232,0.6588750000000232,0.6588750000000232,-4.083249999999964,-3.332874999999973,-3.332874999999973,-3.332874999999973,-3.332874999999973,-3.332874999999973,-3.332874999999973,-3.332874999999973,-3.332874999999973,-3.332874999999973,-3.332874999999973,-3.332874999999973,0,0
2311,2492,0.105700000000013,0.105700000000013,-0.8430249999999901,-0.8430249999999901,-0.8430249999999901,-0.8430249999999901,-0.8430249999999901,-0.8430249999999901,-0.693099999999994,-0.693099999999994,-0.693099999999994,-0.693099999999994,-0.693099999999994,-0.693099999999994,-0.693099999999994,-0.693099999999994,-0.5431749999999909,-0.5431749999999909,-0.5431749999999909,-0.5431749999999909,-0.5431749999999909,-0.5431749999999909,-0.5431749999999909,0.05712500000000631,0.05712500000000631
2311,2886,0.037025000000014074,0.037025000000014074,0.037025000000014074,0.037025000000014074,0.037025000000014074,0.037025000000014074,0.037025000000014074,0.037025000000014074,0.037025000000014074,0.037025000000014074,0.037025000000014074,0.037025000000014074,0.08702500000001834,0.08702500000001834,0.08702500000001834,0.08702500000001834,0.08702500000001834,0.08687500000001336,0.08687500000001336,0.08687500000001336,0.08687500000001336,0.08687500000001336,0.08687500000001336,0,0
2311,9910,4.077574999999996,4.077574999999996,4.077574999999996,4.077574999999996,4.077574999999996,4.077574999999996,4.077574999999996,4.077574999999996,4.077574999999996,4.077574999999996,4.077574999999996,4.077574999999996,-1.8107249999999908,-1.8107249999999908,-1.8107249999999908,-1.8107249999999908,-1.8107249999999908,-1.8107249999999908,-1.8107249999999908,-1.8107249999999908,-1.8107249999999908,-1.8107249999999908,-1.8107249999999908,0,0
2317,2353,0.21350000000001046,0.21350000000001046,0.21350000000001046,0.21350000000001046,0.21350000000001046,0.21350000000001046,0.21350000000001046,0.21350000000001046,0.21350000000001046,0.21350000000001046,0.4631250000000051,0.4631250000000051,0.4631250000000051,0.4631250000000051,0.4631250000000051,0.4631250000000051,0.4631250000000051,0.4631250000000051,0.4631250000000051,0.4631250000000051,0.4631250000000051,0.4631250000000051,0.4631250000000051,0,0
2317,2448,0.280100000000008,0.280100000000008,0.280100000000008,0.280100000000008,0.280100000000008,0.280100000000008,0.280100000000008,0.280100000000008,0.280100000000008,0.280100000000008,0.280100000000008,0.280100000000008,0.3301000000000087,0.3301000000000087,-0.3188499999999941,-0.26884999999999337,-0.26884999999999337,-0.21884999999999266,-0.21884999999999266,-0.21884999999999266,-0.21884999999999266,-0.21884999999999266,-0.1688499999999955,0,0
2317,2474,1.5645000000000095,1.5645000000000095,1.5645000000000095,1.5645000000000095,1.5645000000000095,1.5645000000000095,1.5645000000000095,1.5645000000000095,1.5645000000000095,1.5645000000000095,1.5645000000000095,1.5645000000000095,1.5645000000000095,1.5645000000000095,1.5645000000000095,1.566000000000031,1.566000000000031,2.0712500000000205,2.0712500000000205,2.0712500000000205,2.0712500000000205,2.0712500000000205,2.0712500000000205,0,0
2317,2603,-1.7569999999999908,-1.7569999999999908,-1.7569999999999908,-1.7569999999999908,-1.7569999999999908,-1.7569999999999908,-1.507374999999982,-1.507374999999982,-1.507374999999982,-1.507374999999982,-1.507374999999982,-1.507374999999982,-0.25774999999998727,-0.25774999999998727,-0.25774999999998727,-0.25774999999998727,-0.25774999999998727,-0.25774999999998727,-0.25774999999998727,-0.25774999999998727,-0.25774999999998727,-0.25774999999998727,-0.25774999999998727,0,0
2317,2834,0.31457500000000493,0.31457500000000493,0.31457500000000493,0.31457500000000493,0.31457500000000493,0.31457500000000493,0.31457500000000493,0.31457500000000493,0.31457500000000493,0.31457500000000493,0.31457500000000493,0.31457500000000493,0.31457500000000493,0.31457500000000493,0.31457500000000493,-0.5848999999999904,-0.5848999999999904,-0.5848999999999904,-0.5848999999999904,-0.5848999999999904,-0.5848999999999904,-0.5848999999999904,-0.5848999999999904,0,0
2317,2892,0.4312500000000199,0.4312500000000199,0.4312500000000199,0.4312500000000199,0.4312500000000199,0.4312500000000199,0.4312500000000199,0.4312500000000199,0.4312500000000199,0.4312500000000199,0.4312500000000199,0.6812500000000199,0.6812500000000199,0.6812500000000199,0.6812500000000199,0.6812500000000199,0.6812500000000199,0.6812500000000199,0.6812500000000199,0.6812500000000199,0.6812500000000199,0.6812500000000199,0.4323750000000075,0,0
2317,3044,0.13000000000003809,0.13000000000003809,0.13000000000003809,0.13000000000003809,0.13000000000003809,0.13000000000003809,0.13000000000003809,1.6307500000000346,1.6307500000000346,1.6307500000000346,1.6307500000000346,1.6307500000000346,1.6307500000000346,1.6307500000000346,1.6307500000000346,1.6307500000000346,1.6307500000000346,1.6307500000000346,1.6307500000000346,1.6307500000000346,1.6307500000000346,1.6307500000000346,1.6307500000000346,0,0
2303,2313,0.09610000000000696,0.09610000000000696,0.09610000000000696,0.09610000000000696,0.09610000000000696,0.09610000000000696,0.1960250000000059,0.1960250000000059,-0.10277499999999051,-0.10277499999999051,-0.10277499999999051,-0.10277499999999051,-0.10277499999999051,-0.10277499999999051,-0.10277499999999051,-0.10277499999999051,-0.10277499999999051,-0.10277499999999051,-0.10277499999999051,-0.10277499999999051,-0.10277499999999051,-0.10277499999999051,-0.10277499999999051,0,0
2303,2317,0.21912500000000534,0.21912500000000534,0.21912500000000534,0.21912500000000534,0.21912500000000534,0.21912500000000534,0.21912500000000534,0.21912500000000534,0.21912500000000534,0.21912500000000534,0.21912500000000534,0.4687500000000142,0.4687500000000142,0.4687500000000142,0.4687500000000142,0.46912500000000534,0.46912500000000534,0.46912500000000534,0.46912500000000534,0.46912500000000534,0.46912500000000534,0.46912500000000534,0.46912500000000534,0,0
2303,2324,0.1982500000000158,0.1982500000000158,0.1982500000000158,0.1982500000000158,0.1982500000000158,0.1982500000000158,0.1982500000000158,0.1982500000000158,0.1982500000000158,0.1982500000000158,0.1982500000000158,0.1982500000000158,0.1982500000000158,0.3486250000000055,0.3486250000000055,0.3486250000000055,0.3486250000000055,0.3486250000000055,0.3486250000000055,0.3486250000000055,0.3486250000000055,0.3486250000000055,0.3486250000000055,0,0
2303,2347,0.136950000000013,0.136950000000013,0.136950000000013,0.136950000000013,0.136950000000013,0.136950000000013,0.136950000000013,0.136950000000013,0.136950000000013,0.136950000000013,0.136950000000013,0.136950000000013,0.136950000000013,0.13724999999999454,0.13724999999999454,0.13724999999999454,0.13724999999999454,0.13724999999999454,0.13724999999999454,0.13724999999999454,0.13724999999999454,0.13724999999999454,0.13724999999999454,0,0
2303,2356,0.10682500000000772,0.10682500000000772,0.10682500000000772,0.10682500000000772,0.10682500000000772,0.10682500000000772,0.10690000000000666,0.10690000000000666,0.10690000000000666,-0.4418999999999862,-0.4418999999999862,-0.4418999999999862,-0.4418999999999862,-0.4418999999999862,-0.4418999999999862,-0.4418999999999862,-0.4418999999999862,-0.4418999999999862,-0.4418999999999862,-0.4418999999999862,-0.4418999999999862,-0.4418999999999862,-0.4418999999999862,0,0
2303,2395,0.30450000000001864,0.30450000000001864,0.30450000000001864,0.30450000000001864,0.30450000000001864,0.30450000000001864,0.30450000000001864,0.30450000000001864,0.30450000000001864,0.30450000000001864,0.30450000000001864,0.30450000000001864,0.30450000000001864,0.30375000000000796,0.3048750000000098,0.3048750000000098,0.3048750000000098,0.3048750000000098,0.3048750000000098,0.3048750000000098,0.3048750000000098,0.3048750000000098,0.3048750000000098,0,0
2303,2448,0.018375000000006025,0.018375000000006025,0.018375000000006025,0.018375000000006025,0.018375000000006025,0.018375000000006025,0.018375000000006025,0.018375000000006025,0.018375000000006025,0.06837500000000674,0.06837500000000674,0.06837500000000674,0.06837500000000674,0.16860000000000852,0.16860000000000852,0.16860000000000852,0.16860000000000852,0.16860000000000852,0.16860000000000852,0.16860000000000852,0.16860000000000852,-0.030649999999994293,-0.030649999999994293,0,0
2303,2615,0.10700000000000998,0.10700000000000998,0.10700000000000998,0.10700000000000998,0.10700000000000998,0.10700000000000998,0.10700000000000998,0.10700000000000998,0.10700000000000998,0.10700000000000998,0.10700000000000998,0.10700000000000998,0.10700000000000998,-0.14247499999999036,-0.14247499999999036,-0.14247499999999036,-0.14247499999999036,-0.14247499999999036,-0.14247499999999036,-0.14247499999999036,-0.14247499999999036,-0.14247499999999036,-0.14247499999999036,0,0
2303,2834,0.004010000000002734,0.004010000000002734,0.004010000000002734,0.004010000000002734,0.004010000000002734,0.004010000000002734,0.02397999999999989,0.02397999999999989,0.02397999999999989,0.02397999999999989,0.02397999999999989,0.02397999999999989,0.02397999999999989,-0.13588499999999826,-0.13588499999999826,-0.13588499999999826,-0.13588499999999826,-0.13588499999999826,-0.13588499999999826,-0.13588499999999826,-0.13588499999999826,-0.08588499999999755,-0.08588499999999755,0,0
2303,2882,0.034650000000002734,0.034650000000002734,0.034650000000002734,0.034650000000002734,0.034650000000002734,0.034650000000002734,0.034650000000002734,0.034650000000002734,0.034650000000002734,0.034650000000002734,0.034650000000002734,0.034725000000005224,0.034725000000005224,0.034725000000005224,0.034725000000005224,0.034725000000005224,0.034725000000005224,0.034725000000005224,0.034725000000005224,0.034725000000005224,0.034725000000005224,0.034725000000005224,0.034725000000005224,0,0
2303,3481,0.0779500000000084,0.0779500000000084,0.0779500000000084,0.0779500000000084,0.0779500000000084,0.0779500000000084,0.2277249999999995,0.2277249999999995,0.2277249999999995,0.2277249999999995,0.2277249999999995,0.2277249999999995,0.2277249999999995,0.2277249999999995,0.2277249999999995,-0.12114999999999299,-0.12114999999999299,-0.12114999999999299,-0.12114999999999299,-0.12114999999999299,-0.12114999999999299,-0.12114999999999299,-0.12114999999999299,0,0
2303,4958,0.038050000000012574,0.038050000000012574,0.038050000000012574,0.038050000000012574,0.038050000000012574,0.038050000000012574,0.038050000000012574,0.03820000000000334,0.03820000000000334,0.03820000000000334,0.03820000000000334,0.03932500000000516,0.03932500000000516,0.03932500000000516,0.03932500000000516,0.03932500000000516,0.03932500000000516,0.03932500000000516,0.03932500000000516,0.03932500000000516,0.03932500000000516,0.03932500000000516,0.03932500000000516,0,0
2303,6456,3.901500000000027,3.901500000000027,3.901500000000027,3.901500000000027,3.901500000000027,3.901500000000027,3.901500000000027,3.901500000000027,3.901500000000027,3.901500000000027,3.901500000000027,3.901500000000027,3.901500000000027,4.151500000000027,4.151500000000027,4.151500000000027,4.151500000000027,4.151500000000027,4.151500000000027,4.151500000000027,4.151500000000027,4.151500000000027,4.151500000000027,0,0
2303,9933,-0.014599999999997948,-0.014599999999997948,-0.014599999999997948,-0.014599999999997948,-0.014599999999997948,-0.014599999999997948,-0.014599999999997948,0.03532500000001093,0.03532500000001093,0.03532500000001093,0.03532500000001093,0.03532500000001093,0.03532500000001093,0.03532500000001093,-0.11430000000000007,-0.11430000000000007,-0.11430000000000007,-0.11430000000000007,-0.11430000000000007,-0.11430000000000007,-0.11430000000000007,-0.11430000000000007,-0.11430000000000007,0,0
2303,9945,0.014025000000010834,0.014025000000010834,0.014025000000010834,0.014025000000010834,0.014025000000010834,0.014025000000010834,0.014025000000010834,0.0639500000000055,0.0639500000000055,0.0639500000000055,0.0639500000000055,0.0639500000000055,0.0639500000000055,0.11387500000000017,0.11387500000000017,0.11387500000000017,0.11387500000000017,0.11387500000000017,0.11387500000000017,-0.2849999999999966,-0.2849999999999966,-0.2849999999999966,-0.2849999999999966,0,0
2324,2330,0.019249999999999545,0.019249999999999545,0.019249999999999545,0.019249999999999545,0.019249999999999545,0.019249999999999545,0.019249999999999545,0.019249999999999545,0.019249999999999545,0.019249999999999545,0.019249999999999545,0.2696250000000049,0.2696250000000049,0.2696250000000049,0.2696250000000049,0.2696250000000049,0.2696250000000049,0.2696250000000049,0.2696250000000049,0.2696250000000049,0.2696250000000049,-0.4781249999999915,-0.4781249999999915,0,0
2324,2347,0.035625000000003126,0.035625000000003126,0.035625000000003126,0.035625000000003126,0.035625000000003126,0.035625000000003126,0.035625000000003126,0.035625000000003126,0.035625000000003126,0.035625000000003126,0.035775000000001,0,0,0,0,0,0,0,0,0,0,0,0,0,0
2324,2353,0.20287500000001302,0.20287500000001302,0.20287500000001302,0.20287500000001302,0.20287500000001302,0.20287500000001302,0.20287500000001302,-0.05377499999999813,-0.05377499999999813,-0.05377499999999813,-0.05377499999999813,0,0,0,0,0,0,0,0,0,0,0,0,0,0
2324,2356,-0.05119999999999436,-0.05119999999999436,0.14880000000000848,0.14880000000000848,0.14880000000000848,0.14880000000000848,0.14880000000000848,0.14880000000000848,0.14880000000000848,0.14880000000000848,0.14880000000000848,0.14880000000000848,0.14880000000000848,-0.10022499999998047,-0.10022499999998047,-0.10022499999998047,-0.10022499999998047,-0.10022499999998047,-0.10022499999998047,-0.10022499999998047,-0.10022499999998047,-0.10022499999998047,-0.10022499999998047,0,0
2324,2382,-0.011600000000001387,-0.011600000000001387,-0.011600000000001387,-0.011600000000001387,-0.011600000000001387,-0.011600000000001387,-0.011600000000001387,0.08840000000000714,0.08840000000000714,0.08840000000000714,0.08840000000000714,0.08840000000000714,0.08840000000000714,0,0,0,0,0,0,0,0,0,0,0,0
2324,2474,-0.4722500000000025,-0.4722500000000025,-0.4722500000000025,-0.4722500000000025,-0.4722500000000025,-0.4722500000000025,-0.4722500000000025,0.0277499999999975,0.0277499999999975,0.0277499999999975,0.0277499999999975,0.2785000000000366,0.2785000000000366,-0.7158749999999685,-0.7158749999999685,-0.7158749999999685,-0.7158749999999685,-0.7158749999999685,-0.7158749999999685,-0.7158749999999685,-0.7158749999999685,-0.7158749999999685,-0.7158749999999685,0,0
2324,2492,-0.04599999999999227,-0.04599999999999227,-0.04599999999999227,-0.04599999999999227,0.054000000000002046,0.054000000000002046,0.054000000000002046,0.15400000000000347,0.15400000000000347,0.3540000000000063,0.3540000000000063,0.3540000000000063,0.554000000000002,0.554000000000002,0,0,0,0,0,0,0,0,0,0,0
2324,2603,-0.32132499999999453,-0.32132499999999453,-0.32132499999999453,-0.32132499999999453,-0.32132499999999453,-0.32132499999999453,-0.32132499999999453,-0.32132499999999453,-0.32132499999999453,-0.32132499999999453,-0.32132499999999453,-0.32132499999999453,-0.32132499999999453,-0.32132499999999453,-0.32132499999999453,-0.32132499999999453,-0.32132499999999453,-0.32132499999999453,-0.32132499999999453,-0.32132499999999453,-0.32132499999999453,-0.22147499999999098,-0.22147499999999098,0,0
2324,2633,0.048000000000008924,0.048000000000008924,0.048000000000008924,0.048000000000008924,0.048000000000008924,0.048000000000008924,0.048000000000008924,0.048000000000008924,0.048000000000008924,0.048000000000008924,0.048000000000008924,0.048225000000005736,0.048225000000005736,0.048225000000005736,0.048225000000005736,0.048225000000005736,0.048225000000005736,0.048225000000005736,0.048225000000005736,0.09815000000000751,0.09815000000000751,0.09815000000000751,0.09815000000000751,0,0
2324,2823,0.025025000000006514,0.025025000000006514,0.025025000000006514,0.025025000000006514,0.025025000000006514,0.025025000000006514,0.025025000000006514,0.025025000000006514,0.025025000000006514,0.025025000000006514,0.025025000000006514,0.07502500000001078,0.07502500000001078,0.12502500000000794,0.12502500000000794,0,0,0,0,0,0,0,0,0,0
2324,2886,-0.051124999999984766,-0.051124999999984766,-0.051124999999984766,-0.051124999999984766,-0.051124999999984766,-0.051124999999984766,-0.051124999999984766,-0.051124999999984766,-0.051124999999984766,-0.051124999999984766,-0.051124999999984766,0,0,0,0,0,0,0,0,0,0,0,0,0,0
2324,3044,0.41925000000000523,0.41925000000000523,0.41925000000000523,0.41925000000000523,0.41925000000000523,0.41925000000000523,0.41925000000000523,0.41925000000000523,0.41925000000000523,0.41925000000000523,0.41925000000000523,0.41925000000000523,0.41925000000000523,0.41925000000000523,0.9185000000000088,0.9185000000000088,0.9185000000000088,0.9185000000000088,0.9185000000000088,0.9185000000000088,0.9185000000000088,0.9185000000000088,0.9185000000000088,0,0
2324,3231,0.0652250000000123,0.0652250000000123,0.0652250000000123,0.0652250000000123,0.0652250000000123,0.0652250000000123,0.06515000000000626,0.06515000000000626,0.06515000000000626,0.06515000000000626,0.06515000000000626,0.21537500000000165,0.21537500000000165,0.21537500000000165,0.21537500000000165,0.21537500000000165,0.21537500000000165,0.21537500000000165,0.21537500000000165,0.21537500000000165,0.21537500000000165,0.21537500000000165,0.21537500000000165,0,0
2324,3481,0.04682500000000367,0.04682500000000367,0.04682500000000367,0.04682500000000367,0.04682500000000367,0.04682500000000367,0.04682500000000367,0.04682500000000367,0.04682500000000367,0.04682500000000367,0.04682500000000367,0.04697500000000332,0.04705000000000226,0.04705000000000226,0,0,0,0,0,0,0,0,0,0,0
2324,3682,0.11102500000000504,0.11102500000000504,0.11102500000000504,0.11102500000000504,0.11102500000000504,0.11102500000000504,0.12282500000000951,0.12282500000000951,0.12282500000000951,0.12282500000000951,0.12282500000000951,0.12282500000000951,0,0,0,0,0,0,0,0,0,0,0,0,0
2324,4958,0.08765000000001066,0.08765000000001066,0.08765000000001066,0.08765000000001066,0.08765000000001066,0.08765000000001066,0.13809999999999434,0.13809999999999434,0.13809999999999434,0.13809999999999434,0.13809999999999434,-0.2609249999999861,-0.2609249999999861,-0.16092499999997756,-0.16092499999997756,0,0,0,0,0,0,0,0,0,0
2324,9933,0.03372500000001821,0.03372500000001821,0.03372500000001821,0.03372500000001821,0.03372500000001821,0.03372500000001821,0.033875000000001876,0.033875000000001876,0.033875000000001876,0.033875000000001876,0.033875000000001876,0.08380000000000365,0.08380000000000365,0.08380000000000365,0.1339500000000058,0.1339500000000058,0.1339500000000058,0.18387500000000045,0.18387500000000045,0.18387500000000045,0.18387500000000045,0.18387500000000045,0.18387500000000045,0,0
2324,9945,-0.007999999999995566,-0.007999999999995566,0.09184999999999377,0.09184999999999377,0.09184999999999377,0.09184999999999377,0.09184999999999377,0.09184999999999377,0.09184999999999377,0.09184999999999377,0.09184999999999377,0.19215000000001226,0.19215000000001226,0,0,0,0,0,0,0,0,0,0,0,0
2313,2324,0.3027000000000015,0.3027000000000015,0.3027000000000015,0.3027000000000015,0.3027000000000015,0.3027000000000015,0.3027000000000015,0.3027000000000015,0.3027000000000015,0.3027000000000015,0.3027000000000015,0.4029250000000246,0.4029250000000246,-0.44572499999999593,-0.29572499999999025,-0.29572499999999025,-0.29572499999999025,-0.29572499999999025,-0.29572499999999025,-0.29572499999999025,-0.29572499999999025,-0.29572499999999025,-0.29572499999999025,0,0
2313,2353,-0.10839999999999961,-0.10839999999999961,-0.10839999999999961,-0.10839999999999961,-0.10839999999999961,-0.10839999999999961,-0.10839999999999961,-0.10839999999999961,-0.10839999999999961,-0.10839999999999961,-0.05847500000000139,0.09167500000000217,0.09167500000000217,0.09167500000000217,0.09167500000000217,0,0,0,0,0,0,0,0,0,0
2313,2603,-0.5104000000000006,-0.5104000000000006,-0.5104000000000006,-0.5104000000000006,-0.5104000000000006,-0.5104000000000006,-0.5104000000000006,-0.5104000000000006,-0.5104000000000006,-0.5104000000000006,-0.5104000000000006,-0.5104000000000006,-0.5104000000000006,-0.5104000000000006,-0.5104000000000006,-0.5104000000000006,-0.5104000000000006,-0.5104000000000006,-0.5104000000000006,-0.4105499999999971,-0.4105499999999971,-0.4105499999999971,-0.4105499999999971,-0.011149999999997107,-0.011149999999997107
2313,2882,-0.019174999999997056,-0.019174999999997056,-0.019174999999997056,-0.019174999999997056,-0.019174999999997056,-0.019174999999997056,-0.4681999999999924,-0.4681999999999924,-0.4681999999999924,-0.4681999999999924,-0.4681999999999924,-0.4681999999999924,-0.4681999999999924,-0.4681999999999924,-0.4681999999999924,-0.4681999999999924,-0.4681999999999924,-0.4681999999999924,-0.4681999999999924,-0.4681999999999924,-0.4681999999999924,-0.4681999999999924,-0.4681999999999924,-0.16819999999999524,-0.16819999999999524
2313,3044,0.5927500000000094,0.5927500000000094,0.5927500000000094,0.5927500000000094,0.5923750000000183,0.5923750000000183,0.5923750000000183,0.5923750000000183,0.5923750000000183,0.5923750000000183,0.5923750000000183,0.5980000000000132,0.5980000000000132,0.5980000000000132,0.8480000000000132,0.8480000000000132,0.8480000000000132,0.8480000000000132,0.8480000000000132,0.8480000000000132,0.8480000000000132,0,0,0,0
2313,3231,0.24227500000000646,0.24227500000000646,0.24227500000000646,0.24227500000000646,0.24227500000000646,0.24227500000000646,-0.6053999999999746,-0.6053999999999746,-0.6053999999999746,-0.4053999999999718,-0.4053999999999718,-0.4053999999999718,-0.4053999999999718,-0.4053999999999718,-0.35517499999998847,-0.30494999999999095,-0.30494999999999095,-0.30494999999999095,-0.30494999999999095,-0.15517499999998563,-0.15517499999998563,-0.15517499999998563,-0.15517499999998563,0,0
2313,3481,0.08832499999999399,0.08832499999999399,0.08832499999999399,0.08832499999999399,0.08832499999999399,0.08832499999999399,0.08832499999999399,0.08877500000000538,0.08877500000000538,0.08877500000000538,0.08877500000000538,0.08877500000000538,0.08877500000000538,0.1387000000000036,0.1387000000000036,0.1387000000000036,0.1387000000000036,0.1387000000000036,0.1387000000000036,0,0,0,0,0,0
2313,3682,0.17722500000000352,0.17722500000000352,0.17722500000000352,0.17722500000000352,0.17722500000000352,0.17722500000000352,0.17722500000000352,0.17722500000000352,0.17722500000000352,0.17722500000000352,0.17722500000000352,0.22715000000000174,0.22715000000000174,-0.1226999999999947,-0.1226999999999947,-0.1226999999999947,-0.1226999999999947,-0.1226999999999947,-0.1226999999999947,-0.1226999999999947,-0.1226999999999947,-0.1226999999999947,-0.1226999999999947,0,0
2313,6269,-0.18462499999998272,-0.18462499999998272,-0.18462499999998272,-0.18462499999998272,-0.18462499999998272,-0.18462499999998272,-0.43199999999998795,-0.43199999999998795,-0.43199999999998795,-0.18199999999998795,-0.18199999999998795,-0.18199999999998795,-0.18199999999998795,-0.18199999999998795,0.06800000000001205,0.06800000000001205,0.06800000000001205,0.06800000000001205,0.06800000000001205,0.06800000000001205,0.06800000000001205,0.06800000000001205,0.06800000000001205,0,0
2313,6456,-7.962499999999977,-7.962499999999977,-6.212499999999977,-6.212499999999977,-6.212499999999977,-6.212499999999977,-6.212499999999977,-5.212499999999977,-5.212499999999977,-5.212499999999977,-5.212499999999977,-4.212499999999977,-4.212499999999977,-4.212499999999977,-3.7124999999999773,-3.7124999999999773,-3.7124999999999773,-3.2124999999999773,-3.2124999999999773,-3.2124999999999773,-3.2124999999999773,-3.2124999999999773,-3.2124999999999773,-0.7124999999999773,-0.7124999999999773
2313,6505,0.35457499999998277,0.35457499999998277,0.35457499999998277,0.35457499999998277,0.35457499999998277,0.35457499999998277,0.6063000000000187,0.6063000000000187,0.6063000000000187,0.6063000000000187,0.6063000000000187,0.6063000000000187,0.6063000000000187,0.6063000000000187,0.6063000000000187,0,0,0,0,0,0,0,0,0,0
2313,9910,3.749200000000002,3.749200000000002,3.749200000000002,3.749200000000002,3.749200000000002,3.749200000000002,3.749200000000002,3.749200000000002,3.749200000000002,3.749200000000002,3.749200000000002,3.749200000000002,3.749200000000002,3.749200000000002,-1.3383499999999842,-1.3383499999999842,-1.3383499999999842,-1.3383499999999842,-1.3383499999999842,-1.3383499999999842,-1.3383499999999842,-1.3383499999999842,-1.3383499999999842,0,0
2313,9933,0.09447500000001696,0.09447500000001696,0.744100000000028,0.744100000000028,0.744100000000028,0.744100000000028,0.744100000000028,0.744100000000028,0.744100000000028,0.744100000000028,0.744100000000028,0.744100000000028,0.9937250000000084,0.9937250000000084,0.9937250000000084,0.9937250000000084,0.9937250000000084,0.9937250000000084,0.9937250000000084,0.9937250000000084,0.9937250000000084,0.9937250000000084,0.9937250000000084,0,0
2330,2353,0.06425000000000125,0.06425000000000125,0.06425000000000125,0.06425000000000125,0.06425000000000125,0.06425000000000125,0.06387499999999591,0.06387499999999591,0.06387499999999591,0.06387499999999591,0.06387499999999591,0.31425000000000125,0.31425000000000125,0.31425000000000125,0.31425000000000125,0.31425000000000125,0,0,0,0,0,0,0,0,0
2330,2448,0.3739999999999952,0.3739999999999952,0.3739999999999952,0.3739999999999952,0.3739999999999952,0.3739999999999952,0.3739999999999952,0.3739999999999952,0.3739999999999952,0.3739999999999952,0.3739999999999952,0.3739999999999952,0.3739999999999952,0.3739999999999952,0.3739999999999952,0.3739999999999952,0.3739999999999952,0.3739999999999952,0.3739999999999952,0.3739999999999952,0.3739999999999952,0.3739999999999952,0.3739999999999952,0,0
2330,2474,0.8182499999999777,0.8182499999999777,0.8182499999999777,0.8182499999999777,0.8182499999999777,0.8182499999999777,0.8182499999999777,0.8182499999999777,0.8182499999999777,0.8182499999999777,0.8182499999999777,0.8182499999999777,0.81899999999996,0.81899999999996,0.81899999999996,1.322749999999985,1.322749999999985,1.322749999999985,1.322749999999985,1.322749999999985,1.322749999999985,1.322749999999985,1.322749999999985,0,0
2330,2823,-0.06962500000000205,-0.06962500000000205,0.18037499999999795,0.18037499999999795,0.18037499999999795,0.18037499999999795,0.18037499999999795,0.18037499999999795,0.18037499999999795,0.18037499999999795,0.18037499999999795,-0.06924999999998249,-0.06924999999998249,-0.06924999999998249,-0.06924999999998249,-0.06924999999998249,0.18112500000000864,0.18112500000000864,0.18112500000000864,0.18112500000000864,0.18112500000000864,0.18112500000000864,0.18112500000000864,0,0
2330,4958,0.07205000000000439,0.07205000000000439,0.07205000000000439,0.07205000000000439,0.07205000000000439,0.07205000000000439,0.07205000000000439,0.07205000000000439,0.07205000000000439,0.07205000000000439,0.07205000000000439,0.07205000000000439,0.07205000000000439,0.07205000000000439,0.07205000000000439,0.07219999999999516,0.07219999999999516,0.07219999999999516,0.07219999999999516,0.07219999999999516,0.07219999999999516,0.07219999999999516,0.07219999999999516,0,0
2347,2353,0.10064999999999102,0.10064999999999102,0.10064999999999102,0.10064999999999102,0.10064999999999102,0.10064999999999102,0.10064999999999102,0.10064999999999102,0.10064999999999102,0.10064999999999102,0.10064999999999102,0.10064999999999102,0.15072500000000133,0.15072500000000133,0.15072500000000133,0.15072500000000133,0.15072500000000133,0.15072500000000133,0.15072500000000133,0.15072500000000133,0.15072500000000133,0.15072500000000133,0.15072500000000133,0,0
2347,2356,0.011175000000005042,0.011175000000005042,0.011175000000005042,0.011175000000005042,0.011175000000005042,0.011175000000005042,0.011175000000005042,0.011175000000005042,0.011175000000005042,0.011175000000005042,0.011175000000005042,0.06117499999999865,0.06117499999999865,0.06117499999999865,0.11117499999999936,0.11117499999999936,0.11117499999999936,0.11117499999999936,0.11117499999999936,0.11117499999999936,0.11117499999999936,0.11117499999999936,0.11117499999999936,0,0
2347,2439,0.12450000000001182,0.12450000000001182,-0.6224999999999739,-0.6224999999999739,-0.6224999999999739,-0.6224999999999739,-0.6224999999999739,-0.6224999999999739,-0.6224999999999739,-0.6224999999999739,-0.6224999999999739,-0.6224999999999739,-0.6217499999999916,0.6293750000000102,0.8793750000000102,0.8793750000000102,0.8793750000000102,0.8793750000000102,0.8793750000000102,0.8793750000000102,0.8793750000000102,0.8793750000000102,0.8793750000000102,0,0
2347,2823,-0.002174999999994043,-0.002174999999994043,-0.002174999999994043,-0.002174999999994043,-0.002174999999994043,-0.002174999999994043,0.04782499999999601,0.04782499999999601,0.04782499999999601,0.04782499999999601,0.04782499999999601,0.04782499999999601,0.04782499999999601,0.04782499999999601,0.04782499999999601,-0.20179999999999865,-0.20179999999999865,-0.20179999999999865,-0.20179999999999865,-0.20179999999999865,-0.20179999999999865,-0.20179999999999865,-0.20179999999999865,0,0
2347,2892,0.01960000000000406,0.01960000000000406,0.01960000000000406,0.01960000000000406,0.01960000000000406,0.01960000000000406,0.01960000000000406,0.01960000000000406,0.01960000000000406,0.01960000000000406,0.01960000000000406,0.019674999999999443,0.019674999999999443,0.019674999999999443,-0.08009999999999806,-0.08009999999999806,-0.08009999999999806,-0.08009999999999806,-0.08009999999999806,-0.08009999999999806,-0.08009999999999806,-0.08009999999999806,-0.08009999999999806,0,0
2347,4958,-0.11194999999999311,-0.11194999999999311,-0.11194999999999311,-0.11194999999999311,-0.11194999999999311,-0.11194999999999311,-0.11194999999999311,-0.11194999999999311,-0.11194999999999311,-0.11194999999999311,-0.11194999999999311,0.1380500000000069,0.1380500000000069,0.1380500000000069,0.23790000000001044,0.23790000000001044,0.23790000000001044,0.23790000000001044,0.23790000000001044,0.23790000000001044,0.23790000000001044,0.13835000000000264,0.13835000000000264,0,0
2347,6456,-0.4984999999999786,-0.4984999999999786,-0.4984999999999786,-0.4984999999999786,-0.4984999999999786,-0.4984999999999786,-0.4984999999999786,-0.4984999999999786,0.0015000000000213731,0.0015000000000213731,0.0015000000000213731,-0.24474999999995362,-0.24474999999995362,-0.24474999999995362,0.2552500000000464,0.2597499999999968,0.2597499999999968,0.2597499999999968,0.2597499999999968,0.2597499999999968,0.2597499999999968,0.2597499999999968,0.2597499999999968,0,0
2347,6505,0.3375000000000057,-0.16249999999999432,0.5875000000000057,0.5875000000000057,0.5875000000000057,0.5875000000000057,0.5875000000000057,0.5875000000000057,0.5875000000000057,0.5875000000000057,0.5875000000000057,0.5875000000000057,0.5875000000000057,0.5875000000000057,0.5875000000000057,0.5875000000000057,0,0,0,0,0,0,0,0,0
2347,9933,-0.14775000000000205,-0.14775000000000205,0.10210000000000719,0.10210000000000719,0.10210000000000719,0.10210000000000719,0.10210000000000719,0.10210000000000719,0.10210000000000719,0.10210000000000719,0.10210000000000719,0.10210000000000719,0.10210000000000719,0.10210000000000719,0.10210000000000719,0.10210000000000719,0.10210000000000719,0.10210000000000719,0.10210000000000719,0.10210000000000719,0.10210000000000719,0.10210000000000719,0.10210000000000719,0,0
2354,2882,0.011699999999990496,0.011699999999990496,0.011699999999990496,0.011699999999990496,0.011699999999990496,0.011699999999990496,0.011699999999990496,0.011699999999990496,0.011699999999990496,0.011699999999990496,0.011699999999990496,0.012750000000025352,0.012750000000025352,0.013350000000016848,0,0,0,0,0,0,0,0,0,0,0
2354,6456,-4.554499999999962,-4.554499999999962,-4.554499999999962,-4.554499999999962,-4.554499999999962,-4.554499999999962,-4.554499999999962,-3.1551000000000045,-3.1551000000000045,-3.1551000000000045,-3.1551000000000045,-3.1551000000000045,-3.1551000000000045,-3.1551000000000045,-3.1551000000000045,-3.1551000000000045,-3.1551000000000045,-3.054499999999962,-3.054499999999962,-2.6551000000000045,-2.6551000000000045,-2.6551000000000045,-2.6551000000000045,0,0
2353,2354,0.09372499999999206,0.09372499999999206,0.09372499999999206,0.09372499999999206,0.09372499999999206,0.09372499999999206,0.09372499999999206,0.09372499999999206,0.09372499999999206,0.09372499999999206,0.09372499999999206,0.09372499999999206,0.09372499999999206,0,0,0,0,0,0,0,0,0,0,0,0
2353,2356,0.04150000000000453,0.04150000000000453,0.04150000000000453,0.04150000000000453,0.04150000000000453,0.04150000000000453,0.09150000000000347,0.09150000000000347,0.09150000000000347,0.09150000000000347,0.09150000000000347,0.09150000000000347,0.09150000000000347,0.09150000000000347,0.09150000000000347,0,0,0,0,0,0,0,0,0,0
2353,2382,0.032875000000004206,0.13287499999999852,0.13287499999999852,0.13287499999999852,0.13287499999999852,0.13287499999999852,0.13287499999999852,0.13287499999999852,0.13287499999999852,0.23407500000001846,0.23407500000001846,0,0,0,0,0,0,0,0,0,0,0,0,0,0
2353,2395,0.04925000000001489,0.04925000000001489,0.29887500000000955,0.29887500000000955,0.29887500000000955,0.29887500000000955,0.29887500000000955,0.29887500000000955,0.29887500000000955,0.29887500000000955,0.29887500000000955,0.29887500000000955,0.29887500000000955,0.29887500000000955,0.5488750000000095,0.5488750000000095,0,0,0,0,0,0,0,0,0
2353,2474,0.0716250000000116,0.0716250000000116,0.0716250000000116,0.0716250000000116,0.0716250000000116,0.0716250000000116,0.0716250000000116,0.0716250000000116,0.0716250000000116,0.0716250000000116,0.0716250000000116,0.0716250000000116,0.0716250000000116,-0.6727499999999935,-0.6727499999999935,-0.6727499999999935,-0.6727499999999935,-0.6727499999999935,-0.6727499999999935,-0.6727499999999935,-0.6727499999999935,0,0,0,0
2353,2492,0.14772500000000122,0.14772500000000122,0.14772500000000122,0.14772500000000122,0.14772500000000122,0.14772500000000122,0.14772500000000122,0.14772500000000122,0.14772500000000122,-0.10054999999999126,-0.10054999999999126,0.34907500000000624,0.34907500000000624,0.34907500000000624,0.34907500000000624,0.34907500000000624,0.34907500000000624,0.34907500000000624,0.34907500000000624,0.34907500000000624,0.34907500000000624,0.34907500000000624,0.34907500000000624,0,0
2353,2603,-0.4491499999999924,-0.4491499999999924,-0.4491499999999924,-0.4491499999999924,-0.4491499999999924,-0.4491499999999924,-0.4491499999999924,-0.4491499999999924,-0.4491499999999924,-0.3992249999999906,-0.3992249999999906,-0.3992249999999906,-0.34929999999998884,-0.34929999999998884,-0.2993749999999906,-0.2993749999999906,-0.2993749999999906,-0.2993749999999906,-0.2993749999999906,-0.24944999999998885,-0.24944999999998885,-0.24944999999998885,-0.24944999999998885,0,0
2353,2823,-0.04282499999997569,-0.04282499999997569,0.057025000000024306,0.057025000000024306,0.057025000000024306,0.057025000000024306,0.057025000000024306,0.057025000000024306,0.057025000000024306,0.057025000000024306,0.057025000000024306,0.057025000000024306,0.057025000000024306,0.057025000000024306,0.057025000000024306,0.18555000000002053,0.18555000000002053,0.18555000000002053,0.18555000000002053,0.18555000000002053,0.18555000000002053,0.18555000000002053,0.18555000000002053,0,0
2353,2885,0.06212500000000176,0.26182500000000175,0.26182500000000175,0.26182500000000175,0.26182500000000175,0.26182500000000175,0.26182500000000175,0.26182500000000175,0.26182500000000175,0.26182500000000175,0.26182500000000175,0.26182500000000175,0.26182500000000175,0.26182500000000175,-0.3865249999999847,-0.3865249999999847,-0.3865249999999847,-0.3865249999999847,-0.3865249999999847,-0.3865249999999847,-0.3865249999999847,-0.3865249999999847,-0.3865249999999847,0,0
2353,2886,0.1651250000000033,0.1651250000000033,0.1651250000000033,0.1651250000000033,0.1651250000000033,0.1651250000000033,0.1651250000000033,0.1651250000000033,0.1651250000000033,0.16550000000000864,0.16550000000000864,-0.28359999999999985,-0.28359999999999985,-0.28359999999999985,-0.28359999999999985,-0.28359999999999985,-0.28359999999999985,-0.28359999999999985,-0.28359999999999985,-0.28359999999999985,-0.28359999999999985,-0.1837499999999963,-0.1837499999999963,0,0
2353,3189,0.16029999999999234,0.16029999999999234,0.16029999999999234,0.16029999999999234,0.26030000000000086,0.26030000000000086,0.26030000000000086,0.26030000000000086,0.26030000000000086,0.3602999999999952,0.3602999999999952,0.3602999999999952,0.5099249999999955,0.5099249999999955,0.5099249999999955,0.5099249999999955,0.5099249999999955,0.5099249999999955,0.5099249999999955,0.5099249999999955,0.5099249999999955,0.5099249999999955,0.5099249999999955,0,0
2353,3231,-0.25202499999999617,-0.25202499999999617,-0.25202499999999617,-0.25202499999999617,-0.25202499999999617,-0.25202499999999617,-0.25202499999999617,-0.25202499999999617,-0.25202499999999617,-0.25202499999999617,-0.25202499999999617,-0.2021000000000015,-0.05194999999999794,-0.05194999999999794,-0.05194999999999794,-0.05194999999999794,-0.05194999999999794,-0.05194999999999794,-0.05194999999999794,-0.05194999999999794,-0.05194999999999794,-0.05194999999999794,0,0,0
2353,3443,-2.6317499999999825,-2.6317499999999825,-2.6317499999999825,-2.6317499999999825,-2.6317499999999825,-2.6317499999999825,-2.6317499999999825,-2.6317499999999825,-2.1317499999999825,-2.1317499999999825,-1.6317499999999825,-1.3817499999999825,-1.3817499999999825,-1.3817499999999825,-1.3817499999999825,-1.3817499999999825,-1.3817499999999825,-1.3817499999999825,-1.3817499999999825,-1.3817499999999825,-1.3817499999999825,-1.3817499999999825,-1.3817499999999825,0,0
2353,3481,0.13930000000001286,0.13930000000001286,0.13930000000001286,0.13930000000001286,0.13930000000001286,0.13930000000001286,0.23915000000001285,0.23915000000001285,0.23915000000001285,0.23915000000001285,0.23915000000001285,0.23915000000001285,0.23915000000001285,0,0,0,0,0,0,0,0,0,0,0,0
2353,3682,0.10637500000000699,0.10637500000000699,0.10637500000000699,0.10637500000000699,0.10637500000000699,0.10637500000000699,0.10637500000000699,0.10637500000000699,0.10637500000000699,0.2561500000000123,0.2561500000000123,0.2561500000000123,0.2561500000000123,0.2561500000000123,0.2561500000000123,0.2561500000000123,0.2561500000000123,-0.293549999999982,-0.293549999999982,-0.293549999999982,-0.293549999999982,-0.293549999999982,-0.293549999999982,0,0
2353,4958,0.0322749999999985,0.0322749999999985,0.13227500000000703,0.13227500000000703,0.13227500000000703,0.13227500000000703,0.13227500000000703,0.13227500000000703,0.13227500000000703,0.1827249999999907,0.1827249999999907,0.1827249999999907,0,0,0,0,0,0,0,0,0,0,0,0,0
2353,6269,-0.06612499999999955,-2.0619999999999834,-2.0619999999999834,-2.0619999999999834,-2.0619999999999834,-2.0619999999999834,-2.0619999999999834,-1.5619999999999834,-1.5619999999999834,-1.5619999999999834,-1.5619999999999834,-1.0619999999999834,-0.8119999999999834,-0.8119999999999834,-0.8119999999999834,-0.8119999999999834,-0.8119999999999834,-0.8119999999999834,-0.8119999999999834,-0.8119999999999834,-0.8119999999999834,-0.8119999999999834,-0.8119999999999834,0,0
2353,6505,0.9830000000000041,0.9830000000000041,0.9830000000000041,0.9830000000000041,0.9830000000000041,0.9830000000000041,0.9830000000000041,0.9830000000000041,0.9830000000000041,0.23450000000001125,0.23450000000001125,0.23450000000001125,0.23450000000001125,0.23450000000001125,0.23450000000001125,0,0,0,0,0,0,0,0,0,0
2353,9910,0.4275000000000091,0.4275000000000091,0.4275000000000091,0.4275000000000091,0.4275000000000091,0.4275000000000091,0.4275000000000091,0.9267499999999984,0.9267499999999984,0.9267499999999984,0.9267499999999984,0.9267499999999984,0.9267499999999984,0.6775000000000091,0.6775000000000091,0.6775000000000091,0.6775000000000091,0.6775000000000091,0,0,0,0,0,0,0
2353,9933,-0.4336750000000009,-0.4336750000000009,-0.4336750000000009,-0.4336750000000009,-0.4336750000000009,-0.4336750000000009,-0.18367500000000092,-0.18367500000000092,-0.18367500000000092,-0.18367500000000092,-0.18367500000000092,-0.18367500000000092,-0.18367500000000092,-0.18367500000000092,-0.18367500000000092,-0.03352499999999736,-0.03352499999999736,-0.03352499999999736,-0.03352499999999736,-0.03352499999999736,-0.03352499999999736,-0.03352499999999736,-0.03352499999999736,0,0
2353,9945,0.10960000000000036,0.10960000000000036,0.10960000000000036,0.10960000000000036,0.10960000000000036,0.10960000000000036,-0.111850000000004,-0.111850000000004,-0.111850000000004,-0.111850000000004,-0.111850000000004,-0.111850000000004,-0.111850000000004,-0.111850000000004,-0.111850000000004,0,0,0,0,0,0,0,0,0,0
2356,2382,0.2157500000000141,0.2157500000000141,0.2157500000000141,0.2157500000000141,0.2157500000000141,0.2157500000000141,0.2157500000000141,0.2157500000000141,0.2157500000000141,0.2157500000000141,0.2157500000000141,0.2157500000000141,0.2157500000000141,-0.08267499999998051,-0.08267499999998051,-0.08267499999998051,-0.08267499999998051,-0.08267499999998051,-0.08267499999998051,-0.08267499999998051,-0.08267499999998051,-0.08267499999998051,-0.08267499999998051,0,0
2356,2395,0.23175000000001944,0.23175000000001944,0.23175000000001944,0.23175000000001944,0.23175000000001944,0.23175000000001944,0.23175000000001944,0.23175000000001944,0.23175000000001944,0.23175000000001944,0.23175000000001944,0.7313750000000141,0.7313750000000141,0.7313750000000141,0.7313750000000141,0.7313750000000141,0.7313750000000141,-0.516374999999968,-0.516374999999968,-0.516374999999968,-0.516374999999968,-0.516374999999968,-0.516374999999968,0,0
2356,2454,0.15825000000002376,0.15825000000002376,0.40825000000002376,0.40825000000002376,0.40825000000002376,0.40825000000002376,0.40825000000002376,0.40825000000002376,0.40825000000002376,0.40825000000002376,0.40825000000002376,0.40825000000002376,0.40825000000002376,0.40825000000002376,0.4135000000000275,0.4135000000000275,0.4135000000000275,0.4135000000000275,0.4135000000000275,0,0,0,0,0,0
2356,2603,-0.8430749999999918,-0.8430749999999918,-0.8430749999999918,-0.8430749999999918,-0.8430749999999918,-0.8430749999999918,-0.8430749999999918,-0.8430749999999918,-0.8430749999999918,-0.8430749999999918,-0.8430749999999918,-0.8430749999999918,-0.8430749999999918,-0.8430749999999918,-0.8430749999999918,-0.8430749999999918,-0.8430749999999918,-0.8430749999999918,-0.8430749999999918,-0.8430749999999918,-0.8430749999999918,-0.8430749999999918,-0.6433749999999847,-0.09382499999998828,-0.09382499999998828
2356,2834,0.0026499999999956003,0.0026499999999956003,0.0026499999999956003,0.0026499999999956003,0.0026499999999956003,0.0026499999999956003,0.0026499999999956003,0.20235000000000625,0.20235000000000625,0.20235000000000625,0.20235000000000625,0.20235000000000625,0.20235000000000625,0.20235000000000625,0.20235000000000625,0.20235000000000625,0.20235000000000625,0.20235000000000625,0.20235000000000625,0.20235000000000625,0.20235000000000625,0.20235000000000625,0.20235000000000625,0,0
2356,2892,0.12620000000002563,0.12620000000002563,0.12620000000002563,0.12620000000002563,0.12620000000002563,0.12620000000002563,0.12620000000002563,0.12620000000002563,0.12620000000002563,0.12620000000002563,0.12620000000002563,0.12620000000002563,0.32642500000002883,0.32642500000002883,0.32642500000002883,0.32642500000002883,0.32642500000002883,0.32642500000002883,0.32642500000002883,0.32642500000002883,0.32642500000002883,0.32642500000002883,0.32642500000002883,0,0
2356,3044,-0.10324999999998852,-0.10324999999998852,0.14750000000000796,0.14750000000000796,0.14750000000000796,0.14750000000000796,0.14750000000000796,0.14750000000000796,0.14750000000000796,0.14750000000000796,0.14750000000000796,0.14750000000000796,0.14750000000000796,1.8978750000000133,0.6501250000000169,0.6501250000000169,0.6501250000000169,0.6501250000000169,0.6501250000000169,0.9001250000000169,0.9001250000000169,0.9001250000000169,0.9001250000000169,0,0
2356,3231,0.2798000000000087,0.2798000000000087,0.2798000000000087,0.2798000000000087,0.2798000000000087,0.2798000000000087,0.2798000000000087,0.2798000000000087,0.2798000000000087,0.2798000000000087,0.2798000000000087,0.2798000000000087,-0.3191499999999863,-0.2692249999999916,-0.21929999999998984,-0.11907499999998805,-0.11907499999998805,-0.11907499999998805,-0.11907499999998805,-0.11907499999998805,-0.11907499999998805,-0.11907499999998805,-0.11907499999998805,0,0
2356,3481,0.0912750000000031,0.0912750000000031,0.0912750000000031,0.0912750000000031,0.0912750000000031,0.0912750000000031,0.14150000000001484,0.14150000000001484,0.14150000000001484,0.29127500000000595,0.29127500000000595,0.29127500000000595,0.29127500000000595,0.29127500000000595,0.29127500000000595,-0.007674999999984777,-0.007674999999984777,-0.007674999999984777,-0.007674999999984777,-0.007674999999984777,-0.007674999999984777,-0.007674999999984777,-0.007674999999984777,0,0
2356,3682,0.06840000000000757,0.06840000000000757,0.06840000000000757,0.06840000000000757,0.06840000000000757,0.06840000000000757,0.06840000000000757,0.11832500000000934,0.11832500000000934,0.11832500000000934,0.11832500000000934,0.11832500000000934,0.21825000000000117,0.21825000000000117,0.21825000000000117,-0.08167499999999706,-0.08167499999999706,-0.08167499999999706,-0.08167499999999706,-0.08167499999999706,-0.08167499999999706,-0.08167499999999706,-0.08167499999999706,0,0
2356,6505,0.41475000000001216,0.6647500000000122,0.6647500000000122,0.6647500000000122,0.6647500000000122,0.6647500000000122,0.6647500000000122,0.6647500000000122,0.6647500000000122,0.6647500000000122,0.6647500000000122,0.6647500000000122,0.6647500000000122,0.6647500000000122,0.41737500000002115,0,0,0,0,0,0,0,0,0,0
2356,9910,0.35925000000001717,0.35925000000001717,0.35925000000001717,0.35925000000001717,0.35925000000001717,0.35925000000001717,0.35925000000001717,0.35925000000001717,0.35925000000001717,0.35925000000001717,0.35925000000001717,0.35925000000001717,0.35925000000001717,0.35925000000001717,0.35925000000001717,0.35925000000001717,0.35925000000001717,0.6085000000000065,0.6085000000000065,0.6085000000000065,0.6085000000000065,0.6085000000000065,0.6085000000000065,0,0
2356,9933,0.033125000000026716,0.033125000000026716,0.033125000000026716,0.033125000000026716,0.033125000000026716,0.033125000000026716,0.033125000000026716,0.0829750000000189,0.0829750000000189,0.0829750000000189,0.0829750000000189,0.18282499999999402,0.18282499999999402,0.33259999999999934,0.33259999999999934,0.33259999999999934,0.33259999999999934,-0.4650749999999846,-0.4650749999999846,-0.4650749999999846,-0.4650749999999846,0,0,0,0
2382,2448,0.05797499999998479,0.05797499999998479,0.05797499999998479,0.05797499999998479,0.05797499999998479,0.05797499999998479,0.05797499999998479,0.05797499999998479,0.05797499999998479,0.10857500000001608,0.10857500000001608,0.10857500000001608,0.25857500000002176,0.25857500000002176,0.25857500000002176,0.25857500000002176,0.25857500000002176,0.25857500000002176,0.25857500000002176,0.25857500000002176,0.25857500000002176,0.25857500000002176,0.40857500000002744,0,0
2382,2492,0.10635000000000616,0.10635000000000616,0.10635000000000616,0.10635000000000616,0.10635000000000616,0.10635000000000616,-1.857249999999965,-1.857249999999965,-1.857249999999965,-1.857249999999965,-1.857249999999965,-1.357249999999965,-1.357249999999965,-1.357249999999965,-1.357249999999965,-0.857249999999965,-0.857249999999965,-0.857249999999965,-0.857249999999965,-0.857249999999965,-0.857249999999965,-0.857249999999965,-0.857249999999965,0,0
2382,2603,-2.199674999999985,-2.199674999999985,-1.5996749999999835,-1.5996749999999835,-1.5996749999999835,-1.5996749999999835,-1.5996749999999835,-1.5996749999999835,-1.5996749999999835,-1.5996749999999835,-1.5996749999999835,-0.9996749999999821,-0.9996749999999821,-0.9996749999999821,-0.4996749999999821,-0.4996749999999821,-0.4996749999999821,-0.4996749999999821,-0.4996749999999821,-0.4996749999999821,-0.4996749999999821,-0.4996749999999821,-0.4996749999999821,0,0
2382,3682,0.06962500000000915,0.06962500000000915,0.06962500000000915,0.06962500000000915,0.06962500000000915,0.06962500000000915,0.06962500000000915,0.06962500000000915,0.06962500000000915,0.06962500000000915,0.06962500000000915,0.41925000000000523,0.41925000000000523,0.31955000000000666,-0.1799999999999926,-0.1799999999999926,-0.1799999999999926,-0.1799999999999926,-0.1799999999999926,-0.1799999999999926,-0.1799999999999926,-0.1799999999999926,-0.1799999999999926,0,0
2382,4958,-0.00909999999998945,-0.00909999999998945,-0.00909999999998945,-0.00909999999998945,-0.20804999999998586,-0.20804999999998586,-0.20804999999998586,-0.20804999999998586,-0.20804999999998586,-0.20804999999998586,-0.20804999999998586,-0.20804999999998586,-0.20804999999998586,-0.1075999999999766,-0.1075999999999766,-0.1075999999999766,-0.1075999999999766,-0.1075999999999766,-0.1075999999999766,-0.1075999999999766,-0.1075999999999766,-0.007599999999982288,-0.007599999999982288,0,0
2382,9933,0.13687500000001762,0.13687500000001762,0.13687500000001762,0.13687500000001762,0.13687500000001762,0.13687500000001762,0.13687500000001762,0.13687500000001762,0.13687500000001762,0.13687500000001762,0.13687500000001762,0.13725000000002296,0.13725000000002296,0.13725000000002296,0.13725000000002296,0.13725000000002296,0.13725000000002296,0.13725000000002296,0.13725000000002296,0.13725000000002296,0.13725000000002296,0.13725000000002296,0.13725000000002296,0,0
2395,2439,0.4412500000001671,0.4412500000001671,0.9427500000001601,0.9427500000001601,0.9427500000001601,0.9427500000001601,0.444250000000153,1.9390000000000782,1.9390000000000782,1.944250000000153,0,0,0,0,0,0,0,0,0,0,0,0,0,0,0
2395,2448,0.3440000000000225,0.3440000000000225,0.3440000000000225,0.3440000000000225,0.3440000000000225,0.3440000000000225,0.3436250000000314,0.3436250000000314,0.3436250000000314,0.3436250000000314,0.3436250000000314,0.59212500000001,0.59212500000001,0.59212500000001,0.59212500000001,0.59212500000001,0.59212500000001,0.59212500000001,0.59212500000001,0.8235250000000178,0.8235250000000178,0.8235250000000178,0.8235250000000178,0,0
2395,2603,0.925699999999992,0.925699999999992,0.925699999999992,0.925699999999992,0.925699999999992,0.925699999999992,0.925699999999992,0.925699999999992,0.925699999999992,0.925699999999992,0.925699999999992,0.925699999999992,1.0754749999999973,1.2252500000000026,0,0,0,0,0,0,0,0,0,0,0
2395,2615,0.24715000000001908,0.047150000000016234,0.047150000000016234,0.047150000000016234,0.047150000000016234,0.047150000000016234,0.24685000000000912,0.24685000000000912,0.24685000000000912,0.24685000000000912,0.24685000000000912,0.24685000000000912,0.7458000000000027,0.7458000000000027,0.7458000000000027,0.7458000000000027,0,0,0,0,0,0,0,0,0
2395,2823,-0.08424999999996885,0.1653750000000116,0.1653750000000116,0.1653750000000116,0.1653750000000116,0.1653750000000116,0.1653750000000116,0.1653750000000116,0.1653750000000116,0.1653750000000116,0.1653750000000116,0.41500000000002046,0.41500000000002046,0.41500000000002046,0.41500000000002046,0,0,0,0,0,0,0,0,0,0
2395,2834,-0.44884999999997177,-0.44884999999997177,-0.44884999999997177,-0.44884999999997177,-0.44884999999997177,-0.44884999999997177,-0.3989249999999771,-0.3989249999999771,-0.3989249999999771,-0.3989249999999771,-0.3989249999999771,-0.3989249999999771,-0.3989249999999771,-0.3989249999999771,-0.7491499999999718,-0.7491499999999718,-0.7491499999999718,-0.7491499999999718,-0.7491499999999718,-0.7491499999999718,-0.7491499999999718,-0.7491499999999718,-0.7491499999999718,0,0
2395,2892,0.26700000000002433,0.26700000000002433,0.26700000000002433,0.26700000000002433,0.26700000000002433,0.26700000000002433,0.26700000000002433,0.26700000000002433,0.26700000000002433,0.2666250000000048,0.2666250000000048,-0.23187499999997385,-0.23187499999997385,-0.23187499999997385,-0.23187499999997385,-0.23187499999997385,-0.23187499999997385,-0.23187499999997385,-0.23187499999997385,-0.23187499999997385,-0.23187499999997385,-0.23187499999997385,-0.23187499999997385,0,0
2395,3481,0.5530000000000115,0.5530000000000115,0.5530000000000115,0.5530000000000115,0.5530000000000115,0.5530000000000115,0.5530000000000115,0.8026250000000061,0.8026250000000061,0.8026250000000061,0.8026250000000061,0.8026250000000061,0.8026250000000061,0.8026250000000061,0,0,0,0,0,0,0,0,0,0,0
2395,6269,0.28200000000006753,0.7820000000000675,0.7820000000000675,0.7820000000000675,0.7820000000000675,0.7820000000000675,0.7820000000000675,0.7820000000000675,0.7820000000000675,-1.7127499999999145,-1.7127499999999145,-1.7127499999999145,-1.7127499999999145,-1.7127499999999145,-1.7127499999999145,-1.7127499999999145,-1.2127499999999145,-1.2127499999999145,-1.2127499999999145,-1.2127499999999145,-1.2127499999999145,-1.2127499999999145,-1.2127499999999145,0,0
2395,6456,-0.18174999999985175,-0.18174999999985175,-0.18174999999985175,-0.18174999999985175,-0.18174999999985175,-0.18174999999985175,0.8167500000001837,-0.6772499999999013,-0.6772499999999013,-0.6772499999999013,-0.6772499999999013,-0.6772499999999013,-0.6772499999999013,-0.17724999999990132,1.3227500000000987,2.3227500000000987,2.3227500000000987,2.3227500000000987,2.3227500000000987,2.8227500000000987,2.8227500000000987,2.8227500000000987,0,0,0
2395,6505,1.8430000000001883,1.8430000000001883,1.8430000000001883,1.8430000000001883,1.8430000000001883,1.8430000000001883,1.8430000000001883,1.8430000000001883,1.8430000000001883,1.8430000000001883,1.8430000000001883,1.8430000000001883,0,0,0,0,0,0,0,0,0,0,0,0,0
2395,9910,2.316500000000019,2.316500000000019,2.316500000000019,2.316500000000019,2.316500000000019,2.316500000000019,2.316500000000019,2.316500000000019,2.316500000000019,2.316500000000019,2.316500000000019,-2.675249999999977,-2.675249999999977,-0.675249999999977,-0.675249999999977,-0.675249999999977,-0.675249999999977,-0.675249999999977,-0.675249999999977,-0.675249999999977,-0.675249999999977,-0.675249999999977,-0.675249999999977,0,0
2439,2492,-3.8047499999999843,-3.8047499999999843,-3.8047499999999843,-3.8047499999999843,-3.8047499999999843,-3.8047499999999843,-3.8047499999999843,-3.8047499999999843,-3.8047499999999843,-3.8047499999999843,-3.8047499999999843,-2.8047499999999843,-2.8047499999999843,-2.8047499999999843,-2.8047499999999843,-2.8047499999999843,-2.3047499999999843,-2.3047499999999843,-2.3047499999999843,-2.3047499999999843,-2.3047499999999843,-2.3047499999999843,-2.3047499999999843,2.6952500000000157,2.6952500000000157
2439,3682,-1.6913749999999723,-1.6913749999999723,-1.1913749999999723,-1.1913749999999723,-1.1913749999999723,-1.1913749999999723,-0.6913749999999723,-0.19137499999997232,-0.4409999999999883,-0.4409999999999883,-0.4409999999999883,-0.4409999999999883,-0.4409999999999883,-0.4409999999999883,0.058250000000029445,0,0,0,0,0,0,0,0,0,0
2439,6456,-13.327499999999958,-12.827499999999958,-12.827499999999958,-12.827499999999958,-12.827499999999958,-12.827499999999958,-10.827499999999958,-10.827499999999958,-10.827499999999958,-10.827499999999958,-10.827499999999958,-10.827499999999958,-10.827499999999958,-10.327499999999958,-9.827499999999958,-7.827499999999958,-7.827499999999958,-7.827499999999958,-7.827499999999958,-7.827499999999958,-7.827499999999958,-7.827499999999958,-7.827499999999958,2.172500000000042,2.172500000000042
2454,2603,-4.316999999999993,-4.316999999999993,-4.316999999999993,-4.316999999999993,-4.316999999999993,-4.316999999999993,-4.316999999999993,-4.316999999999993,-4.316999999999993,-4.316999999999993,-4.316999999999993,-4.316999999999993,-4.316999999999993,-4.316999999999993,-4.316999999999993,-4.316999999999993,-4.316999999999993,-4.316999999999993,-4.316999999999993,-4.316999999999993,-4.316999999999993,-4.316999999999993,-4.316999999999993,-1.818499999999986,-1.818499999999986
2448,2610,0.035800000000000054,0.035800000000000054,0.035800000000000054,0.035800000000000054,0.035800000000000054,0.035800000000000054,0.035800000000000054,0.035800000000000054,0.035800000000000054,0.035800000000000054,0.035800000000000054,0.08572499999999827,0.08572499999999827,0.08572499999999827,0.08572499999999827,0.08572499999999827,0.08572499999999827,0.08572499999999827,0.08572499999999827,0.08572499999999827,0.08572499999999827,0.08572499999999827,0.08572500000000183,0,0
2448,2615,0.11905000000001564,0.11905000000001564,0.11905000000001564,0.11905000000001564,0.11905000000001564,0.11905000000001564,0.2678499999999957,0.2678499999999957,0.2678499999999957,0.2678499999999957,0.2678499999999957,0.4178500000000014,0.4178500000000014,0.4178500000000014,0.4178500000000014,-0.08079999999999643,-0.08079999999999643,-0.08079999999999643,-0.08079999999999643,-0.08079999999999643,-0.08079999999999643,-0.08079999999999643,-0.08079999999999643,0,0
2448,2834,-0.0072499999999990905,-0.0072499999999990905,-0.30702499999999944,-0.30702499999999944,-0.30702499999999944,-0.30702499999999944,-0.30702499999999944,-0.30702499999999944,-0.30702499999999944,-0.30702499999999944,-0.30702499999999944,-0.30702499999999944,-0.2570249999999987,-0.2570249999999987,-0.2570249999999987,-0.20724999999999127,-0.20724999999999127,-0.20724999999999127,-0.20724999999999127,-0.20724999999999127,-0.20724999999999127,-0.20724999999999127,-0.20724999999999127,0,0
2448,2882,-0.05915000000000248,-0.05915000000000248,-0.05915000000000248,-0.05915000000000248,-0.05915000000000248,-0.05915000000000248,-0.05915000000000248,-0.05915000000000248,-0.05915000000000248,-0.05915000000000248,0.050199999999989586,0.050199999999989586,-0.4070499999999697,-0.4070499999999697,-0.49679999999997904,-0.49679999999997904,-0.49679999999997904,-0.49679999999997904,-0.49679999999997904,-0.49679999999997904,-0.49679999999997904,-0.49679999999997904,-0.49679999999997904,0,0
2448,2892,0.01732500000001025,0.01732500000001025,0.01732500000001025,0.01732500000001025,0.01732500000001025,0.01732500000001025,0.01732500000001025,0.01732500000001025,0.06732500000001806,0.06732500000001806,0.06732500000001806,0.06732500000001806,0.06732500000001806,0.11732500000001522,0.11732500000001522,0.11732500000001522,0.16732500000001593,0.16732500000001593,0.16732500000001593,0.16732500000001593,0.16732500000001593,0.16732500000001593,0.16732500000001593,0,0
2448,3034,0.3547500000000099,0.3547500000000099,0.3547500000000099,0.3547500000000099,0.3547500000000099,0.3547500000000099,0.3547500000000099,0.3540000000000276,0.3540000000000276,-0.39374999999996874,-0.39374999999996874,-0.39374999999996874,-0.39374999999996874,0.10625000000003126,0.10625000000003126,0.10625000000003126,0.10625000000003126,0.10625000000003126,0.10625000000003126,0.10625000000003126,0.10625000000003126,0.10625000000003126,0.10625000000003126,0,0
2448,3682,0.12797500000000284,0.12797500000000284,0.12797500000000284,0.12797500000000284,0.12797500000000284,0.12797500000000284,0.12797500000000284,0.17790000000000106,0.17790000000000106,0.17790000000000106,0.17790000000000106,0.37752500000000566,0.4275250000000028,0.4275250000000028,0.47752500000000353,0.377750000000006,0.377750000000006,0.377750000000006,0.377750000000006,0.377750000000006,0.377750000000006,0.2779750000000085,0.2779750000000085,0,0
2448,6239,0.1210749999999905,0.1210749999999905,0.1210749999999905,0.1210749999999905,0.1210749999999905,0.1210749999999905,0.22107499999999902,0.22107499999999902,0.22107499999999902,0.22107499999999902,0.22107499999999902,-0.6274999999999977,-0.6274999999999977,-0.6274999999999977,-0.47749999999999204,-0.47749999999999204,-0.47749999999999204,-0.47749999999999204,-0.47749999999999204,-0.47749999999999204,-0.47749999999999204,-0.47749999999999204,-0.47749999999999204,0,0
2448,6269,0.5668750000000102,0.5668750000000102,0.5668750000000102,0.5668750000000102,0.5668750000000102,0.5668750000000102,0.5668750000000102,0.5668750000000102,0.5668750000000102,0.5668750000000102,-2.178249999999963,-2.178249999999963,-2.178249999999963,-2.178249999999963,-2.428249999999963,-1.928249999999963,-1.928249999999963,-1.928249999999963,-1.928249999999963,-1.928249999999963,-1.928249999999963,-1.928249999999963,-1.928249999999963,0,0
2448,6456,-2.2173749999999472,-2.2173749999999472,-2.2173749999999472,-2.2173749999999472,-2.2173749999999472,-2.2173749999999472,-2.209499999999963,-2.209499999999963,-2.209499999999963,-2.209499999999963,-2.209499999999963,-2.209499999999963,-2.209499999999963,-2.459499999999963,-2.459499999999963,-2.459499999999963,-2.459499999999963,-2.459499999999963,-2.459499999999963,-2.459499999999963,-2.459499999999963,-1.709499999999963,-1.709499999999963,0,0
2448,9910,0.6926750000000013,0.6926750000000013,0.6926750000000013,0.6926750000000013,0.6926750000000013,0.6926750000000013,0.6926750000000013,0.6926750000000013,0.6926750000000013,0.6926750000000013,0.6926750000000013,-0.254849999999994,-0.254849999999994,-0.254849999999994,-0.254849999999994,-0.254849999999994,-0.254849999999994,-0.254849999999994,-0.254849999999994,-0.254849999999994,-0.254849999999994,-0.254849999999994,-0.254849999999994,0,0
2448,9933,-0.08270000000000977,-0.08270000000000977,0.11700000000002575,0.11700000000002575,0.11700000000002575,0.11700000000002575,0.11700000000002575,0.11700000000002575,0.11700000000002575,0.11700000000002575,0.11700000000002575,0.11700000000002575,0.11700000000002575,0.3669249999999913,0.3669249999999913,0.3669249999999913,0.3669249999999913,0.3669249999999913,0.3669249999999913,0.3669249999999913,0.3669249999999913,0.3669249999999913,0.3669249999999913,0,0
2448,9945,0.2699500000000157,0.2699500000000157,0.2699500000000157,0.2699500000000157,0.2699500000000157,0.2699500000000157,0.2699500000000157,0.31987500000001035,0.31987500000001035,0.31987500000001035,0.369800000000005,-0.7280999999999835,-0.7280999999999835,-0.6781749999999747,-0.47809999999998354,-0.47809999999998354,-0.47809999999998354,-0.47809999999998354,-0.47809999999998354,-0.47809999999998354,-0.47809999999998354,-0.22809999999998354,-0.22809999999998354,0,0
2474,2603,-4.969249999999974,-4.969249999999974,-4.969249999999974,-4.969249999999974,-4.969249999999974,-4.969249999999974,-4.969249999999974,-4.969249999999974,-4.969249999999974,-4.969249999999974,-4.969249999999974,-4.969249999999974,-4.969249999999974,-4.969249999999974,-4.969249999999974,-4.969249999999974,-4.969249999999974,-4.969249999999974,-4.969249999999974,-4.969249999999974,-4.969249999999974,-4.969249999999974,-4.969249999999974,-3.970749999999967,-3.970749999999967
2474,2610,0.593375000000016,0.593375000000016,0.593375000000016,0.593375000000016,0.593375000000016,0.593375000000016,0.593375000000016,0.593375000000016,0.34375,0.34375,0.34375,1.0930000000000177,1.0930000000000177,1.0930000000000177,1.0929999999999964,1.0929999999999964,1.0929999999999964,1.0929999999999964,1.0929999999999964,1.0929999999999964,1.0929999999999964,1.0929999999999964,1.0929999999999964,0,0
2474,4958,-0.08824999999995953,-0.08824999999995953,-0.08824999999995953,-0.08824999999995953,-0.08824999999995953,-0.08824999999995953,0.41625000000004775,0.91700000000003,0.91700000000003,0.91700000000003,0.91700000000003,0.91700000000003,0.91700000000003,1.41700000000003,1.41700000000003,1.41700000000003,1.41700000000003,1.41700000000003,1.41700000000003,1.41700000000003,1.41700000000003,1.41700000000003,0,0,0
2474,9910,2.877749999999992,2.877749999999992,2.877749999999992,2.877749999999992,2.877749999999992,2.877749999999992,2.877749999999992,2.877749999999992,2.877749999999992,2.877749999999992,2.877749999999992,1.882249999999999,2.882249999999999,2.882249999999999,-0.10724999999996498,0,0,0,0,0,0,0,0,0,0
2474,9933,-0.923624999999987,-0.923624999999987,-0.923624999999987,-0.923624999999987,-0.923624999999987,-0.923624999999987,-0.923624999999987,-0.923624999999987,-0.923624999999987,-0.42362499999998704,-0.42362499999998704,0.07637500000001296,0.07637500000001296,-3.9179999999999495,-3.9179999999999495,-3.9179999999999495,-3.9179999999999495,-3.9179999999999495,-3.9179999999999495,-3.9179999999999495,-3.9179999999999495,-3.4179999999999495,-3.4179999999999495,0,0
2610,3044,1.2360000000000042,1.2360000000000042,1.2360000000000042,1.2360000000000042,1.2360000000000042,1.2360000000000042,1.2360000000000042,1.2360000000000042,1.2360000000000042,1.2360000000000042,1.2360000000000042,1.2360000000000042,1.2360000000000042,1.7352500000000077,1.7352500000000077,1.7352500000000077,1.7352500000000077,1.7352500000000077,1.7352500000000077,1.7352500000000077,1.7352500000000077,1.485625000000006,1.485625000000006,0,0
2610,4958,0.19947500000001384,0.19947500000001384,0.19947500000001384,0.19947500000001384,0.19947500000001384,0.19947500000001384,0.19947500000001384,0.19947500000001384,0.19947500000001384,0.19947500000001384,0.39917500000002093,0.39917500000002093,0.39917500000002093,0.39917500000002093,0.4491000000000156,0.4491000000000156,0.4491000000000156,0.9486499999999936,0.9486499999999936,0.9486499999999936,0.9486499999999936,0.9486499999999936,0.9486499999999936,0,0
2610,9910,3.3128749999999982,3.3128749999999982,3.3128749999999982,3.3128749999999982,3.3128749999999982,3.3128749999999982,3.3128749999999982,3.3128749999999982,3.3128749999999982,3.3128749999999982,3.3128749999999982,1.8117499999999964,1.8117499999999964,2.061374999999998,-0.42924999999998903,-0.42924999999998903,-0.42924999999998903,-0.42924999999998903,-0.42924999999998903,-0.42924999999998903,-0.42924999999998903,-0.42924999999998903,-0.42924999999998903,0,0
2610,9933,-0.2947999999999915,-0.2947999999999915,-0.19494999999999152,-0.19494999999999152,-0.19494999999999152,-0.19494999999999152,-0.19494999999999152,-0.19494999999999152,-0.19494999999999152,-0.19494999999999152,0.05467500000001735,0.05467500000001735,0.05467500000001735,0.05467500000001735,0.05467500000001735,0.05467500000001735,0.05467500000001735,0.05467500000001735,0.1545250000000138,0.1545250000000138,0.1545250000000138,0.1545250000000138,0.1545250000000138,0,0
2492,2603,0.3502500000000026,0.3502500000000026,0.3502500000000026,0.3502500000000026,0.3502500000000026,0.3502500000000026,0.3502500000000026,0.3502500000000026,0.3502500000000026,0.3502500000000026,0.3502500000000026,0.500025000000015,0.500025000000015,0.500025000000015,0.8495000000000061,0.8495000000000061,0.8495000000000061,0.8495000000000061,0.8495000000000061,0.8495000000000061,0.8495000000000061,0.8495000000000061,0.8495000000000061,0,0
2492,2610,0.580075000000015,0.580075000000015,0.580075000000015,0.580075000000015,0.580075000000015,0.580075000000015,0.580075000000015,0.580075000000015,0.580075000000015,0.6300000000000097,0.6300000000000097,0.5307500000000047,0.5307500000000047,1.1807500000000104,1.1807500000000104,1.1807500000000104,1.1807500000000104,1.1807500000000104,1.1807500000000104,1.1807500000000104,1.1807500000000104,1.1807500000000104,1.1807500000000104,0,0
2492,2823,-0.0854749999999953,-0.0854749999999953,-0.08577499999999816,-0.08577499999999816,-0.9344249999999903,-0.9344249999999903,-0.9344249999999903,-0.834424999999996,-0.834424999999996,-0.834424999999996,-0.834424999999996,-0.7344249999999946,-0.7344249999999946,-0.334424999999996,-0.334424999999996,-0.334424999999996,-0.334424999999996,-0.334424999999996,-0.334424999999996,-0.334424999999996,-0.334424999999996,-0.334424999999996,-0.334424999999996,0,0
2492,3189,0.5449500000000285,0.5449500000000285,0.5449500000000285,0.5449500000000285,0.5449500000000285,0.5449500000000285,0.6441999999999553,1.0441999999999894,1.0441999999999894,1.0441999999999894,1.0441999999999894,0.2509499999999889,0.2509499999999889,0.2509499999999889,0.2509499999999889,0.6533500000000458,0.6533500000000458,0.6533500000000458,0.6533500000000458,0.6533500000000458,0.6533500000000458,0.6533500000000458,0.6533500000000458,0,0
2492,3682,-0.11522499999999525,-0.11522499999999525,-0.11522499999999525,-0.11522499999999525,-0.11522499999999525,-0.11522499999999525,0.08447500000000474,0.08447500000000474,0.08447500000000474,0.08447500000000474,0.08447500000000474,0.18537500000000762,0.38537500000000335,0.38537500000000335,0.38537500000000335,0.33500000000000796,0.33500000000000796,0.33500000000000796,0.33500000000000796,0.33500000000000796,0.33500000000000796,0.33500000000000796,0.33500000000000796,0,0
2492,6269,-4.452449999999942,-4.452449999999942,-4.452449999999942,-4.452449999999942,-4.452449999999942,-4.452449999999942,-4.452449999999942,-4.152449999999959,-4.152449999999959,-4.152449999999959,-4.152449999999959,-3.3524499999999477,-3.3524499999999477,-3.3524499999999477,-3.3524499999999477,-3.3524499999999477,-3.3524499999999477,-3.3524499999999477,-3.3524499999999477,-3.3524499999999477,-3.3524499999999477,-3.3524499999999477,-2.052449999999965,0.6475500000000523,0.6475500000000523
2492,9933,0.0021000000000128694,0.0021000000000128694,0.051725000000018895,0.051725000000018895,0.051725000000018895,0.051725000000018895,0.051725000000018895,0.051725000000018895,0.25172500000002174,0.25172500000002174,0.25172500000002174,0.25172500000002174,0.25172500000002174,-0.14654999999998353,-0.14654999999998353,0.05345000000001221,0.05345000000001221,0.05345000000001221,0.05345000000001221,0.05345000000001221,0.05345000000001221,0.05345000000001221,0.05345000000001221,0,0
2615,3682,0.14515000000000455,0.14515000000000455,0.14515000000000455,0.14515000000000455,0.14515000000000455,0.14515000000000455,0.14515000000000455,0.14515000000000455,0.14515000000000455,0.14515000000000455,0.14515000000000455,0.19507500000000277,0.19507500000000277,0.19507500000000277,-0.10514999999999475,0,0,0,0,0,0,0,0,0,0
2603,2834,-0.09359999999999857,-0.09359999999999857,-0.09359999999999857,-0.09359999999999857,-0.09359999999999857,-0.09359999999999857,-0.09359999999999857,-0.09359999999999857,0.006250000000004974,0.006250000000004974,0.006250000000004974,0.006250000000004974,0.006250000000004974,0.006250000000004974,0.006250000000004974,0.006250000000004974,0.006250000000004974,0.006250000000004974,0.006250000000004974,0.006250000000004974,0.006250000000004974,0.006250000000004974,0.006250000000004974,0,0
2603,2892,0.05210000000001003,0.05210000000001003,0.05210000000001003,0.05210000000001003,0.05210000000001003,0.05210000000001003,0.05210000000001003,0.15195000000001357,0.15195000000001357,0.15195000000001357,0.15195000000001357,0.15195000000001357,0.15195000000001357,0.15195000000001357,-0.04782499999999601,-0.04782499999999601,-0.04782499999999601,-0.04782499999999601,-0.04782499999999601,0.002100000000005764,0.002100000000005764,0.002100000000005764,0.002100000000005764,0,0
2603,3034,-0.0762499999999875,-0.0762499999999875,0.17337500000002137,0.17337500000002137,0.17337500000002137,0.17337500000002137,0.17337500000002137,0.17337500000002137,0.17337500000002137,0.42300000000001603,0.42300000000001603,0.42300000000001603,0.6726250000000107,0.6726250000000107,0.9222500000000196,0.9222500000000196,0.9222500000000196,0.9222500000000196,0.9222500000000196,0.9222500000000196,0.9222500000000196,1.1718750000000142,1.1718750000000142,0,0
2603,3044,-3.0799999999999983,-3.0799999999999983,-3.0799999999999983,-3.0799999999999983,-3.0799999999999983,-3.0799999999999983,-3.0799999999999983,-3.0799999999999983,-3.3303749999999894,-3.3303749999999894,-3.3303749999999894,-2.5807499999999948,-2.5807499999999948,-2.5807499999999948,-2.5807499999999948,-2.5807499999999948,-2.5807499999999948,-2.5807499999999948,-2.5807499999999948,-2.5807499999999948,-2.5807499999999948,-2.5807499999999948,-2.5807499999999948,0,0
2603,3189,0.4121500000000111,0.4121500000000111,0.4121500000000111,0.4121500000000111,0.4121500000000111,0.4121500000000111,0.4121500000000111,0.4121500000000111,0.4121500000000111,0.5619250000000022,0.5619250000000022,0.5619250000000022,0.5619250000000022,0.8115499999999969,0.8115499999999969,0.8115499999999969,0.8115499999999969,0.8115499999999969,0.8115499999999969,0.8115499999999969,0.8115499999999969,0.8115499999999969,0.8115499999999969,0,0
2603,3231,-0.7905999999999977,-0.7905999999999977,-0.7905999999999977,-0.7905999999999977,-0.7905999999999977,-0.7905999999999977,-0.7905999999999977,-0.7905999999999977,-0.7905999999999977,-0.7905999999999977,-0.7905999999999977,-0.7905999999999977,-0.7905999999999977,-0.7905999999999977,-0.6905999999999963,-0.6905999999999963,-0.6905999999999963,-0.6905999999999963,-0.6905999999999963,-0.6905999999999963,-0.6905999999999963,-0.44097499999998746,-0.44097499999998746,0,0
2603,3443,-4.430874999999972,-4.430874999999972,-4.430874999999972,-4.430874999999972,-4.430874999999972,-4.430874999999972,-4.430874999999972,-4.181249999999977,-4.181249999999977,-4.181249999999977,-4.181249999999977,-4.181249999999977,-4.181249999999977,-4.181249999999977,-4.181249999999977,-3.430874999999972,-3.430874999999972,-3.430874999999972,-3.430874999999972,-3.430874999999972,-3.430874999999972,-3.430874999999972,-3.430874999999972,-1.6819999999999737,-1.6819999999999737
2603,3682,0.021999999999994913,0.021999999999994913,0.021999999999994913,0.021999999999994913,0.021999999999994913,0.021999999999994913,0.021999999999994913,0.021999999999994913,0.021999999999994913,0.021999999999994913,0.021999999999994913,0.07192499999999669,0.07192499999999669,0.07192499999999669,0.12184999999999846,0.12184999999999846,0.12184999999999846,0.12184999999999846,0.12184999999999846,0.12184999999999846,0.12184999999999846,0.12184999999999846,0.22192500000000237,0,0
2603,4958,-1.1142999999999859,-1.1142999999999859,-1.1142999999999859,-1.1142999999999859,-1.1142999999999859,-1.1142999999999859,-1.1142999999999859,-1.1142999999999859,-1.1142999999999859,-1.1142999999999859,-1.1142999999999859,-1.1142999999999859,-1.1142999999999859,-1.1142999999999859,-1.1142999999999859,-1.1142999999999859,-1.1142999999999859,-1.1142999999999859,-1.1142999999999859,-1.1142999999999859,-1.1142999999999859,-1.1142999999999859,-1.1142999999999859,0.23382500000001016,0.23382500000001016
2603,9910,-1.3734499999999983,-1.3734499999999983,-1.3734499999999983,-1.3734499999999983,-1.3734499999999983,-1.3734499999999983,-1.3734499999999983,-1.3734499999999983,-1.3734499999999983,-1.3734499999999983,-0.8734499999999983,-0.8734499999999983,-0.8734499999999983,-0.8734499999999983,-0.8734499999999983,-0.8734499999999983,-0.8734499999999983,-0.8734499999999983,-0.8734499999999983,-0.8734499999999983,-0.8734499999999983,-0.8734499999999983,-0.8734499999999983,0,0
2603,9933,-0.047574999999941525,-0.047574999999941525,0.052500000000033964,0.052500000000033964,0.052500000000033964,0.052500000000033964,0.052500000000033964,0.052500000000033964,0.052500000000033964,0.052500000000033964,0.052500000000033964,-0.24682500000000474,-0.24682500000000474,-0.24682500000000474,-0.24682500000000474,0,0,0,0,0,0,0,0,0,0
2633,3044,0.8810000000000144,0.8810000000000144,0.8810000000000144,0.8810000000000144,0.8810000000000144,0.8810000000000144,0.8810000000000144,0.8810000000000144,0.8810000000000144,0.8810000000000144,0.8810000000000144,-0.8644999999999925,-0.8644999999999925,-0.8644999999999925,-0.3644999999999925,-0.3644999999999925,-0.3644999999999925,-0.3644999999999925,-0.3644999999999925,-0.3644999999999925,-0.3644999999999925,-0.3644999999999925,-0.3644999999999925,0,0
2633,6505,0.3997500000000116,0.3997500000000116,0.3997500000000116,0.3997500000000116,0.3997500000000116,0.3997500000000116,0.3997500000000116,0.3997500000000116,-0.5983749999999759,-0.5983749999999759,-0.5983749999999759,-0.5983749999999759,-0.5983749999999759,-0.5983749999999759,-0.34799999999998477,-0.34799999999998477,-0.34799999999998477,-0.34799999999998477,-0.34799999999998477,-0.34799999999998477,-0.34799999999998477,-0.34799999999998477,-0.34799999999998477,0,0
2823,2885,0.031150000000003786,0.031150000000003786,0.031150000000003786,0.031150000000003786,0.031150000000003786,0.031150000000003786,0.031150000000003786,0.031150000000003786,0.031150000000003786,0.031150000000003786,0.031150000000003786,0.031150000000003786,0.031150000000003786,0.031150000000003786,0.0312250000000045,0.0312250000000045,0.0312250000000045,0.0312250000000045,0.0312250000000045,0.0312250000000045,0.0312250000000045,0.0312250000000045,0.0312250000000045,0,0
2823,3189,0.07612500000000466,0.07612500000000466,0.07612500000000466,0.07612500000000466,0.07612500000000466,0.07612500000000466,0.07612500000000466,0.07612500000000466,0.07612500000000466,0.07612500000000466,0.07612500000000466,0.07612500000000466,0.07612500000000466,0.07612500000000466,0.07612500000000466,0.07612500000000466,0.07612500000000466,0.07612500000000466,0.07612500000000466,0.07612500000000466,0.07612500000000466,0.07612500000000466,0.17612499999999898,0,0
2834,2892,0.011970000000005143,0.011970000000005143,0.01191000000000031,0.01191000000000031,0.01191000000000031,0.01191000000000031,0.01191000000000031,0.01191000000000031,0.01191000000000031,0.01191000000000031,0.01191000000000031,0.14173000000000613,0.14173000000000613,0.14173000000000613,0.14173000000000613,0.14173000000000613,0.14173000000000613,0.14173000000000613,0.14173000000000613,0.14173000000000613,0.14173000000000613,0.14173000000000613,0.14173000000000613,0,0
2834,3044,0.36532499999999857,0.36532499999999857,0.36532499999999857,0.36532499999999857,0.36532499999999857,0.36532499999999857,0.36532499999999857,0.36532499999999857,0.36532499999999857,0.36532499999999857,0.36532499999999857,0.36532499999999857,-3.081149999999994,-3.081149999999994,-3.081149999999994,-3.081149999999994,-3.081149999999994,-3.081149999999994,-3.081149999999994,-3.081149999999994,-3.081149999999994,-3.081149999999994,-3.081149999999994,0,0
2834,3481,-0.03294999999999959,-0.03294999999999959,-0.03294999999999959,-0.03294999999999959,-0.03294999999999959,-0.03294999999999959,-0.03317499999999285,-0.03317499999999285,-0.03317499999999285,-0.03317499999999285,-0.03317499999999285,-0.03317499999999285,-0.03317499999999285,-0.03317499999999285,-0.03317499999999285,-0.03317499999999285,-0.03317499999999285,-0.03317499999999285,-0.03317499999999285,-0.03317499999999285,-0.03317499999999285,-0.03317499999999285,-0.03317499999999285,0,0
2834,4958,-0.7652249999999867,-0.7652249999999867,-0.7652249999999867,-0.7652249999999867,-0.7652249999999867,-0.7652249999999867,-0.7652249999999867,-0.7652249999999867,-0.7652249999999867,-0.7652249999999867,-0.7652249999999867,-0.6154499999999814,-0.6154499999999814,-0.6154499999999814,-0.6154499999999814,-0.6154499999999814,-0.6154499999999814,-0.6154499999999814,-0.6154499999999814,-0.6154499999999814,-0.6154499999999814,-0.6154499999999814,-0.6154499999999814,-0.5655249999999725,-0.5655249999999725
2834,6456,-0.0033499999999619945,-7.042924999999983,-7.042924999999983,-7.042924999999983,-7.042924999999983,-7.042924999999983,-7.042924999999983,-7.042924999999983,-7.042924999999983,-7.042924999999983,-7.042924999999983,-6.042924999999983,-6.042924999999983,-5.042924999999983,-3.0429249999999826,-3.0429249999999826,-3.0429249999999826,-3.0429249999999826,-3.0429249999999826,-3.0429249999999826,-3.0429249999999826,-3.0429249999999826,-3.0429249999999826,-3.8432249999999684,-3.8432249999999684
2882,2886,-0.05837499999999807,-0.008449999999996294,-0.008449999999996294,-0.008449999999996294,-0.008449999999996294,-0.008449999999996294,-0.008449999999996294,-0.008449999999996294,-0.008449999999996294,-0.008449999999996294,-0.008449999999996294,-0.3079999999999963,-0.3079999999999963,-0.3079999999999963,-0.3079999999999963,-0.3079999999999963,-0.3079999999999963,-0.3079999999999963,-0.3079999999999963,-0.3079999999999963,-0.3079999999999963,-0.3079999999999963,-0.3079999999999963,-0.1579249999999952,-0.1579249999999952
2882,2892,0.41840000000001965,0.41840000000001965,0.41840000000001965,0.41840000000001965,0.41840000000001965,0.41840000000001965,0.41840000000001965,0.41840000000001965,0.41840000000001965,0.41840000000001965,0.41840000000001965,0.41840000000001965,0.41840000000001965,0.41840000000001965,0.41840000000001965,0.41840000000001965,0.41840000000001965,0.41840000000001965,0.41840000000001965,0.41840000000001965,0.41840000000001965,0.41840000000001965,0.41840000000001965,0.41840000000001965,0.41840000000001965
2882,3443,-3.879999999999967,-3.629999999999967,-3.629999999999967,-3.629999999999967,-3.629999999999967,-3.629999999999967,-3.629999999999967,-3.629999999999967,-3.629999999999967,-3.629999999999967,-3.629999999999967,-3.629999999999967,-3.629999999999967,-3.629999999999967,-1.879999999999967,-1.879999999999967,-1.879999999999967,-1.879999999999967,-1.879999999999967,-1.879999999999967,-1.879999999999967,-1.879999999999967,-1.879999999999967,-0.37999999999996703,-0.37999999999996703
2882,4958,-0.11709999999997933,-0.11709999999997933,-0.11709999999997933,-0.11709999999997933,-0.11709999999997933,-0.11709999999997933,-0.11642499999999245,-0.11642499999999245,-0.11642499999999245,-0.11642499999999245,-0.11642499999999245,-0.016574999999988904,-0.016574999999988904,-0.016574999999988904,-0.314399999999992,-0.314399999999992,-0.314399999999992,-0.314399999999992,-0.314399999999992,-0.314399999999992,-0.314399999999992,-0.314399999999992,-0.314399999999992,-0.06364999999999554,-0.06364999999999554
2882,6456,-0.1034999999999684,-0.1034999999999684,-0.1034999999999684,-0.1034999999999684,-0.1034999999999684,-0.1034999999999684,-0.1034999999999684,-4.594499999999954,-4.594499999999954,-4.594499999999954,-4.594499999999954,-3.594499999999954,-3.594499999999954,-3.594499999999954,-3.594499999999954,-3.594499999999954,-3.094499999999954,-3.094499999999954,-3.094499999999954,-3.094499999999954,-3.094499999999954,-3.094499999999954,-3.094499999999954,0,0
2885,2892,0.026950000000013574,0.026950000000013574,0.026950000000013574,0.026950000000013574,0.026950000000013574,0.026950000000013574,0.026950000000013574,0.026950000000013574,0.22725000000001927,0.22725000000001927,0.22725000000001927,0.22725000000001927,0.22725000000001927,0.22725000000001927,0.22725000000001927,0.22725000000001927,0.22725000000001927,0.22725000000001927,0.22725000000001927,0.22725000000001927,0.22725000000001927,0.22725000000001927,0.22725000000001927,0,0
2885,3189,-0.7738749999999897,-0.7738749999999897,-0.7738749999999897,-0.7738749999999897,-0.7738749999999897,-0.7738749999999897,-0.7738749999999897,-0.7738749999999897,-0.7738749999999897,-0.7738749999999897,-0.7738749999999897,-0.7738749999999897,-0.7738749999999897,-0.7738749999999897,-0.7738749999999897,-0.7738749999999897,-0.7738749999999897,-0.6738749999999953,-0.6738749999999953,-0.6738749999999953,-0.6738749999999953,-0.6738749999999953,-0.6738749999999953,-0.023874999999989654,-0.023874999999989654
2885,3682,0.1651750000000085,0.1651750000000085,0.1651750000000085,0.1651750000000085,0.1651750000000085,0.1651750000000085,0.21510000000000318,0.21510000000000318,0.21510000000000318,0.21510000000000318,0.21510000000000318,0.21510000000000318,0.21525000000000105,0.21525000000000105,0.21525000000000105,0.21525000000000105,0.21525000000000105,0.21525000000000105,0.21525000000000105,0.21525000000000105,0.21525000000000105,0.21525000000000105,0.21525000000000105,0,0
2886,3231,0.03772500000000889,0.03772500000000889,0.03772500000000889,0.03772500000000889,0.03772500000000889,0.03772500000000889,0.03772500000000889,0.13765000000000427,0.13765000000000427,0.13765000000000427,0.13765000000000427,0.13765000000000427,0.18757500000000604,0.18757500000000604,0.18757500000000604,0,0,0,0,0,0,0,0,0,0
2886,3682,0.13795000000000357,0.13795000000000357,0.13795000000000357,0.13795000000000357,0.13795000000000357,0.13795000000000357,0.13795000000000357,0.13795000000000357,0.13795000000000357,0.18787500000000534,0.18787500000000534,0.1875000000000071,0.1875000000000071,0.1875000000000071,0,0,0,0,0,0,0,0,0,0,0
2886,6269,0.36750000000002103,0.36750000000002103,0.36750000000002103,0.36750000000002103,0.36750000000002103,0.36750000000002103,-0.6302499999999753,-0.6302499999999753,-0.6302499999999753,-0.6302499999999753,-0.6302499999999753,-0.6302499999999753,-0.13024999999997533,-0.13024999999997533,-0.13024999999997533,-0.13024999999997533,-0.13024999999997533,-0.13024999999997533,-0.13024999999997533,0,0,0,0,0,0
2886,6456,-5.161499999999975,-5.161499999999975,-5.161499999999975,-5.161499999999975,-5.161499999999975,-5.161499999999975,-5.161499999999975,-5.161499999999975,-5.161499999999975,-3.91112499999997,-3.91112499999997,-2.91112499999997,-2.91112499999997,-2.91112499999997,-3.6614999999999753,-2.41112499999997,-2.6614999999999753,-2.6614999999999753,-2.6614999999999753,-2.6614999999999753,-2.6614999999999753,-2.6614999999999753,-2.6614999999999753,0,0
2892,3044,0.43200000000001637,0.43200000000001637,0.43200000000001637,0.43200000000001637,0.43200000000001637,0.43200000000001637,0.43200000000001637,0.43200000000001637,0.43200000000001637,0.9312500000000199,0.9312500000000199,-0.5638749999999959,0,0,0,0,0,0,0,0,0,0,0,0,0
2892,3481,0.12707499999999783,0.12707499999999783,0.1272249999999957,0.1272249999999957,0.1272249999999957,0.1272249999999957,0.1272249999999957,0.1272249999999957,0.1272249999999957,0.1272249999999957,0.1272249999999957,-0.022474999999992917,0,0,0,0,0,0,0,0,0,0,0,0,0
2892,3682,0.4656000000000091,0.4656000000000091,0.4656000000000091,0.4656000000000091,0.4656000000000091,0.4656000000000091,0.4656000000000091,0.4656000000000091,0.4656000000000091,0.4656000000000091,0.4656000000000091,0.4656000000000091,0,0,0,0,0,0,0,0,0,0,0,0,0
2892,6456,0,0,0,0,0,0,0,0,0,0,0,0,0,0,0,0,0,0,0,0,0,0,0,0,0
3034,4958,0.32455000000003054,0.32455000000003054,0.32455000000003054,0.32455000000003054,0.32455000000003054,0.32455000000003054,0.12515000000000498,0.32515000000002203,0.32515000000002203,0.32515000000002203,0.32515000000002203,0.32515000000002203,0.32515000000002203,-0.5725999999999658,-0.5725999999999658,-0.37259999999997717,-0.37259999999997717,-0.37259999999997717,-0.37259999999997717,-0.37259999999997717,-0.37259999999997717,-0.37259999999997717,-0.37259999999997717,0,0
3034,6456,1.3457500000000664,1.3457500000000664,1.3457500000000664,1.3457500000000664,1.3457500000000664,1.3457500000000664,1.3457500000000664,-4.644499999999937,-4.644499999999937,-4.644499999999937,-4.644499999999937,-3.644499999999937,-3.644499999999937,-3.644499999999937,-3.644499999999937,-2.144499999999937,-2.144499999999937,-2.144499999999937,-2.144499999999937,-2.144499999999937,-2.144499999999937,-2.144499999999937,-2.144499999999937,0,0
3189,3682,-0.05332500000000806,-0.05332500000000806,0.046675000000000466,0.046675000000000466,0.046675000000000466,0.046675000000000466,0.046675000000000466,0.14667499999999478,0.14667499999999478,0.14667499999999478,0.14667499999999478,0.29630000000000223,0.29630000000000223,0.29630000000000223,0.29630000000000223,0.29630000000000223,0.29630000000000223,0.29630000000000223,0.29630000000000223,0.29630000000000223,0.29630000000000223,0.29630000000000223,0.29630000000000223,0,0
3189,9933,-0.2852499999999907,-0.18524999999999636,-0.18524999999999636,-0.18524999999999636,-0.23562499999998465,-0.23562499999998465,-0.23562499999998465,-0.23562499999998465,-0.23562499999998465,-0.23562499999998465,-0.23562499999998465,-0.03562499999998181,0.0643750000000125,0.21400000000002706,0.21400000000002706,0.21400000000002706,0.21400000000002706,0.21400000000002706,0.21400000000002706,0.21400000000002706,0.21400000000002706,0.21400000000002706,0.21400000000002706,0,0
3044,3481,-0.03162499999999113,-0.03162499999999113,-0.03162499999999113,-0.03162499999999113,-0.03162499999999113,-0.03162499999999113,0.4676250000000124,0.4676250000000124,0.4676250000000124,0.4676250000000124,0.4676250000000124,0.4676250000000124,0.4676250000000124,1.7191250000000053,1.7191250000000053,1.7191250000000053,1.7191250000000053,1.7191250000000053,1.7191250000000053,1.7191250000000053,1.7191250000000053,0,0,0,0
3044,4958,0.21535000000005766,0.21535000000005766,0.21535000000005766,0.21535000000005766,0.21535000000005766,0.21535000000005766,0.21535000000005766,0.21535000000005766,0.21535000000005766,0.21535000000005766,0.21535000000005766,0.21535000000005766,0.21535000000005766,0.21535000000005766,0.21535000000005766,0.7146000000000612,0.7146000000000612,0.7146000000000612,0.7146000000000612,0.7146000000000612,0.7146000000000612,0.7146000000000612,0.7146000000000612,0,0
3044,6456,3.1475000000000364,3.1475000000000364,-19.810499999999934,-19.810499999999934,-19.810499999999934,-19.810499999999934,-19.810499999999934,-18.310499999999934,-18.310499999999934,-18.310499999999934,-18.310499999999934,-18.310499999999934,-17.810499999999934,-14.810499999999934,-14.810499999999934,-14.810499999999934,-14.810499999999934,-14.810499999999934,-14.810499999999934,-14.810499999999934,-14.810499999999934,-14.810499999999934,-14.810499999999934,0,0
3044,6505,3.030750000000012,3.030750000000012,3.030750000000012,3.030750000000012,3.030750000000012,3.030750000000012,3.030750000000012,3.030750000000012,3.030750000000012,3.030750000000012,3.030750000000012,0,0,0,0,0,0,0,0,0,0,0,0,0,0
3044,9910,4.2692499999999995,4.2692499999999995,4.2692499999999995,4.2692499999999995,4.2692499999999995,4.2692499999999995,4.2692499999999995,4.2692499999999995,4.2692499999999995,4.2692499999999995,4.2692499999999995,4.2692499999999995,4.2692499999999995,4.2692499999999995,-0.7164999999999822,-0.7164999999999822,-0.7164999999999822,-0.7164999999999822,-0.7164999999999822,-0.7164999999999822,-0.7164999999999822,-0.7164999999999822,-0.7164999999999822,0,0
3044,9933,0.21825000000001182,0.21825000000001182,0.21825000000001182,0.21825000000001182,0.21825000000001182,0.21825000000001182,-1.0294999999999703,-1.0294999999999703,-1.0294999999999703,-1.0294999999999703,-1.0294999999999703,-1.0294999999999703,-1.0294999999999703,-1.0294999999999703,-0.7798749999999899,-0.7798749999999899,-0.7798749999999899,-0.7798749999999899,-0.7798749999999899,-0.7798749999999899,-0.7798749999999899,-0.7798749999999899,-0.7798749999999899,0,0
3231,3481,-0.0052250000000064745,-0.0052250000000064745,-0.0052250000000064745,-0.0052250000000064745,-0.0052250000000064745,-0.0052250000000064745,0.09469999999999601,0.09469999999999601,0.09469999999999601,0.09469999999999601,0.09469999999999601,0.09469999999999601,0.09469999999999601,0.09454999999999458,0.09507500000000135,0.09507500000000135,0.09507500000000135,0.09507500000000135,0.09507500000000135,0.09507500000000135,0.09507500000000135,0.09507500000000135,0.09507500000000135,0,0
3231,6505,0.738125000000025,0.738125000000025,0.738125000000025,0.738125000000025,0.738125000000025,0.738125000000025,0.48775000000000546,0.48775000000000546,0.48775000000000546,-1.0069999999999766,-1.0069999999999766,-1.0069999999999766,-1.0069999999999766,-1.0069999999999766,-1.0069999999999766,-0.5062499999999659,-0.5062499999999659,-0.5062499999999659,-0.5062499999999659,-0.5062499999999659,-0.5062499999999659,-0.5062499999999659,-0.5062499999999659,0,0
3231,9933,0.07270000000002597,0.07270000000002597,0.07270000000002597,0.07270000000002597,0.07270000000002597,0.07270000000002597,0.07225000000001458,0.07225000000001458,0.07225000000001458,0.07225000000001458,0.07225000000001458,0.322250000000011,0.322250000000011,0.322250000000011,0.322250000000011,0.322250000000011,0.322250000000011,0.322250000000011,0.322250000000011,0.322250000000011,0.322250000000011,0.322250000000011,0.322250000000011,0,0
3231,9945,0.07809999999997785,0.07809999999997785,0.07809999999997785,0.07809999999997785,0.07809999999997785,0.07809999999997785,0.07809999999997785,0.07809999999997785,0.07809999999997785,0.07809999999997785,0.07809999999997785,0.32877500000000737,0.32877500000000737,0.32877500000000737,0.32877500000000737,0.47854999999998427,0.47854999999998427,0.47854999999998427,0.47854999999998427,0.47854999999998427,0.47854999999998427,0.47854999999998427,0.47854999999998427,0,0
3443,6456,-8.251499999999965,-8.251499999999965,-8.251499999999965,-8.251499999999965,-8.251499999999965,-8.251499999999965,-8.251499999999965,-8.251499999999965,-8.251499999999965,-8.251499999999965,-6.7514999999999645,-6.7514999999999645,-6.7514999999999645,-6.7514999999999645,-6.7514999999999645,-5.7514999999999645,-5.7514999999999645,-5.7514999999999645,-5.7514999999999645,-5.7514999999999645,-5.7514999999999645,-5.7514999999999645,-5.7514999999999645,0.7485000000000355,0
3481,3682,0.4019000000000048,0.4019000000000048,0.4019000000000048,0.4019000000000048,0.4019000000000048,0.4019000000000048,0.4019000000000048,0.4019000000000048,0.4019000000000048,0.4019000000000048,0.4019000000000048,0,0,0,0,0,0,0,0,0,0,0,0,0,0
3481,4958,0.08722500000000366,0.08722500000000366,0.08722500000000366,0.08722500000000366,0.08722500000000366,0.08722500000000366,0.08722500000000366,0.08722500000000366,0.08722500000000366,0.08722500000000366,0.08722500000000366,0.08722500000000366,0.08722500000000366,0.08722500000000366,0.18722499999999798,0.18722499999999798,0.18722499999999798,0.18722499999999798,0.18722499999999798,0.2872250000000065,0.2872250000000065,0.2872250000000065,0.2872250000000065,0,0
3481,6239,0.20062500000001648,0.20062500000001648,0.20062500000001648,0.20062500000001648,0.20062500000001648,0.20062500000001648,0.20062500000001648,0.20062500000001648,-0.14832499999999982,-0.14832499999999982,0.10167500000000018,0.10167500000000018,0.10167500000000018,0.10167500000000018,0.10167500000000018,0.10167500000000018,0.10167500000000018,0.10167500000000018,0.10167500000000018,0.10167500000000018,0.10167500000000018,0.10167500000000018,0.10167500000000018,0,0
3481,6269,-0.06087499999998158,-0.06087499999998158,0.9395000000000238,0.9395000000000238,0.9395000000000238,0.9395000000000238,0.9395000000000238,0.44137500000000784,0.44137500000000784,0.44137500000000784,0.44137500000000784,0.44137500000000784,0.44137500000000784,0.44137500000000784,0.44137500000000784,0.44137500000000784,0,0,0,0,0,0,0,0,0
3481,6505,0.48637500000000955,0.48637500000000955,0.48637500000000955,0.48637500000000955,0.48637500000000955,0.48637500000000955,0.48637500000000955,0.48637500000000955,0.48637500000000955,0.48637500000000955,0.48637500000000955,0.4867500000000149,0.4867500000000149,0.4867500000000149,0.4867500000000149,0.4867500000000149,0.4867500000000149,0.4867500000000149,0.4867500000000149,0.4867500000000149,0.4867500000000149,0,0,0,0
3481,9933,0.08477500000001292,0.08477500000001292,0.08477500000001292,0.08477500000001292,0.08477500000001292,0.08477500000001292,0.13484999999999658,0.13484999999999658,0.13484999999999658,0.13484999999999658,0.13484999999999658,0.13484999999999658,0.13484999999999658,0.13484999999999658,0.1847000000000012,0.1847000000000012,0.1847000000000012,0.1847000000000012,0.1847000000000012,0.23470000000000013,0.23470000000000013,0.23470000000000013,0.23470000000000013,0,0
3682,4958,0.06917500000000842,0.06917500000000842,0.06917500000000842,0.06917500000000842,0.06917500000000842,0.06917500000000842,0.06917500000000842,0.06917500000000842,0.06917500000000842,0.16902500000001197,0.16902500000001197,0.21895000000000664,0.21895000000000664,0.31895000000000095,-0.18029999999998836,-0.18029999999998836,-0.18029999999998836,-0.18029999999998836,-0.18029999999998836,-0.18029999999998836,-0.18029999999998836,-0.18029999999998836,-0.18029999999998836,0,0
3682,6269,0.22100000000001785,0.22100000000001785,0.22100000000001785,0.22100000000001785,0.22100000000001785,0.22100000000001785,0.7202500000000072,0.7202500000000072,0.7202500000000072,0.7202500000000072,0.7202500000000072,-0.2767499999999785,-0.2767499999999785,0,0,0,0,0,0,0,0,0,0,0,0
3682,6505,0.5186250000000072,0.5186250000000072,0.5186250000000072,0.5186250000000072,0.5186250000000072,0.5186250000000072,0.5186250000000072,0.5186250000000072,0.5186250000000072,0.5186250000000072,0.5186250000000072,-0.22949999999998738,-0.22949999999998738,-0.22949999999998738,-0.22949999999998738,-0.22949999999998738,-0.22949999999998738,-0.22949999999998738,-0.22949999999998738,-0.22949999999998738,-0.22949999999998738,-0.22949999999998738,-0.22949999999998738,0,0
3682,9910,-0.03687499999998778,-0.03687499999998778,-0.03687499999998778,-0.03687499999998778,-0.03687499999998778,-0.03687499999998778,-0.03687499999998778,-0.03687499999998778,-0.03687499999998778,-0.03687499999998778,0.46237500000000153,0.46237500000000153,0.46237500000000153,0.46237500000000153,-0.28574999999999307,-0.28574999999999307,-0.28574999999999307,-0.28574999999999307,-0.28574999999999307,-0.28574999999999307,-0.28574999999999307,-0.28574999999999307,-0.28574999999999307,0,0
3682,9945,0.223700000000008,0.223700000000008,0.223700000000008,0.223700000000008,0.223700000000008,0.223700000000008,0.223700000000008,0.223700000000008,0.223700000000008,0.223700000000008,0.223700000000008,0,0,0,0,0,0,0,0,0,0,0,0,0,0
4958,6456,-0.011749999999949523,-0.011749999999949523,-0.011749999999949523,-0.011749999999949523,-0.011749999999949523,-0.011749999999949523,1.9882500000000505,1.9882500000000505,1.9882500000000505,1.9882500000000505,1.9882500000000505,1.9882500000000505,1.9882500000000505,-1.499750000000006,-0.9997500000000059,-0.9997500000000059,-0.9997500000000059,-0.9997500000000059,-0.9997500000000059,-0.9997500000000059,-0.9997500000000059,-0.9997500000000059,-0.9997500000000059,0,0
4958,9910,1.4723000000000042,1.4723000000000042,1.4723000000000042,1.4723000000000042,1.4723000000000042,1.4723000000000042,1.4723000000000042,1.4723000000000042,1.4723000000000042,1.4723000000000042,1.4723000000000042,-0.5222999999999871,-0.5222999999999871,-0.5222999999999871,-0.5222999999999871,-0.5222999999999871,-0.5222999999999871,-0.42244999999999777,-0.42244999999999777,-0.42244999999999777,-0.42244999999999777,0,0,0,0
4958,9933,0.03642500000002258,0.03642500000002258,0.03642500000002258,0.03642500000002258,0.03642500000002258,0.03642500000002258,0.03642500000002258,0.03642500000002258,0.03642500000002258,0.03642500000002258,0.03642500000002258,0.0369500000000329,0.0369500000000329,0.0369500000000329,0.0369500000000329,0.0369500000000329,0.0369500000000329,0.0369500000000329,0.0369500000000329,0.0369500000000329,0.0369500000000329,0.0369500000000329,0.0369500000000329,0,0
4958,9945,0.0445500000000294,0.0445500000000294,0.0445500000000294,0.0445500000000294,0.0445500000000294,0.0445500000000294,0.0445500000000294,0.0445500000000294,0.0445500000000294,0.0445500000000294,0.1943250000000205,0.1943250000000205,0.1943250000000205,0.1943250000000205,0.1943250000000205,-0.20410000000001105,-0.20410000000001105,-0.20410000000001105,-0.20410000000001105,-0.20410000000001105,-0.20410000000001105,-0.1538749999999851,-0.1538749999999851,0,0
6269,9910,3.7392499999999984,3.7392499999999984,3.7392499999999984,3.7392499999999984,3.7392499999999984,3.7392499999999984,3.7392499999999984,3.7392499999999984,3.7392499999999984,3.7392499999999984,3.7392499999999984,3.7392499999999984,3.7392499999999984,-4.246499999999969,-1.746499999999969,-1.746499999999969,-1.746499999999969,-1.746499999999969,-1.746499999999969,-1.746499999999969,-1.746499999999969,-1.746499999999969,-1.746499999999969,0,0
9933,9945,-0.05922499999996944,-0.05922499999996944,0.040775000000024875,0.040775000000024875,0.040775000000024875,0.040775000000024875,0.040775000000024875,0.040775000000024875,0.040775000000024875,0.04092500000001564,0.04092500000001564,0.04092500000001564,0.04092500000001564,0.14092500000000996,0.14092500000000996,0.3905500000000188,0.3905500000000188,0.3905500000000188,0.3905500000000188,0.3905500000000188,0.3905500000000188,0.3905500000000188,0.3905500000000188,0,0
6456,9910,0.45575000000008004,0.45575000000008004,0.45575000000008004,0.45575000000008004,0.45575000000008004,0.45575000000008004,-0.5389999999999873,-0.5389999999999873,-0.5389999999999873,-0.5389999999999873,-0.5389999999999873,-0.5389999999999873,-0.03899999999998727,-0.03899999999998727,0.46100000000001273,1.4610000000000127,1.4610000000000127,1.4610000000000127,1.4610000000000127,1.4610000000000127,1.4610000000000127,1.4610000000000127,1.4610000000000127,0,0
6456,9933,1.1513750000000584,1.1513750000000584,1.1513750000000584,1.1513750000000584,3.903250000000071,3.903250000000071,3.903250000000071,3.903250000000071,3.903250000000071,3.903250000000071,3.903250000000071,3.903250000000071,3.903250000000071,2.1558750000000373,2.1558750000000373,2.1558750000000373,2.1558750000000373,2.1558750000000373,2.1558750000000373,2.1558750000000373,2.1558750000000373,2.1558750000000373,2.1558750000000373,0,0
6456,9945,-5.23162499999998,-5.23162499999998,-3.9816249999999798,-3.9816249999999798,-3.9816249999999798,-3.9816249999999798,-3.9816249999999798,-3.9816249999999798,-3.9816249999999798,-3.9816249999999798,-3.9816249999999798,-3.9816249999999798,-3.9816249999999798,-3.9816249999999798,-4.23162499999998,-4.23162499999998,-4.23162499999998,-4.23162499999998,-4.23162499999998,-4.23162499999998,-4.23162499999998,-1.9816249999999798,-1.9816249999999798,0,0
6505,9933,0.4858750000000214,0.4858750000000214,0.4858750000000214,0.4858750000000214,0.4858750000000214,0.4858750000000214,0.4858750000000214,0.4858750000000214,0.4858750000000214,-0.5122499999999661,-0.5122499999999661,-0.5122499999999661,-0.5122499999999661,-0.5122499999999661,-0.5122499999999661,-0.2626249999999857,-0.2626249999999857,-0.2626249999999857,-0.2626249999999857,-0.2626249999999857,-0.2626249999999857,-0.2626249999999857,-0.2626249999999857,0,0
6505,9945,0.1942250000000172,0.1942250000000172,0.34377500000000794,0.34377500000000794,0.34377500000000794,0.34377500000000794,0.34377500000000794,0.34377500000000794,0.34377500000000794,0.3442250000000371,0.3444499999999806,0.3444499999999806,0.3444499999999806,-0.4528500000000122,-0.30307499999999266,-0.30307499999999266,-0.30307499999999266,-0.30307499999999266,-0.30307499999999266,-0.30307499999999266,-0.30307499999999266,-0.30307499999999266,-0.30307499999999266,0,0
9910,9933,0.5016999999999996,0.5016999999999996,0.5016999999999996,0.5016999999999996,0.5016999999999996,0.5016999999999996,0.5016999999999996,0.5016999999999996,0.5016999999999996,0.5016999999999996,0.5016999999999996,0.5016999999999996,0.5016999999999996,-0.4969499999999982,-0.396349999999984,-0.396349999999984,-0.2957499999999982,-0.2957499999999982,-0.2957499999999982,-0.2957499999999982,-0.2957499999999982,-0.2957499999999982,-0.2957499999999982,0,0
9910,9945,3.8423250000000024,3.8423250000000024,3.8423250000000024,3.8423250000000024,3.8423250000000024,3.8423250000000024,3.8423250000000024,3.8423250000000024,3.8423250000000024,3.8423250000000024,3.8423250000000024,3.8423250000000024,3.8423250000000024,-1.1461999999999861,-1.1461999999999861,-1.1461999999999861,-1.1461999999999861,-1.1461999999999861,-1.1461999999999861,-1.1461999999999861,-1.1461999999999861,-1.1461999999999861,-1.1461999999999861,0,0
