stock1,stock2,action1,action2,action3,action4,action5,action6,action7,action8,action9,action10,action11,action12,action13,action14,action15,action16,action17,action18,action19,action20,action21,action22,action23,action24,action25
1303,2303,0.050800000000009504,0.050800000000009504,0.050800000000009504,0.050800000000009504,0.050800000000009504,0.050800000000009504,0.050800000000009504,0.050800000000009504,0.050800000000009504,0.050800000000009504,0.3008000000000095,0.3008000000000095,0.3008000000000095,0.3008000000000095,0.3008000000000095,0.3008000000000095,0.3008000000000095,0.3008000000000095,0.3008000000000095,0.3008000000000095,0.3008000000000095,0.3008000000000095,0.3008000000000095,0,0
1303,2439,0.2267500000000382,0.2267500000000382,0.2267500000000382,0.2267500000000382,0.2267500000000382,0.2267500000000382,0.2267500000000382,0.2267500000000382,0.2267500000000382,0.2267500000000382,0.2267500000000382,0.2259999999999991,0.2259999999999991,0.2259999999999991,0.2259999999999991,0.7259999999999991,0.7259999999999991,0.7259999999999991,0.7259999999999991,0.7259999999999991,0.7259999999999991,0.7259999999999991,0.7259999999999991,0,0
1303,2448,-0.6713250000000244,-0.6713250000000244,-0.6713250000000244,-0.6713250000000244,-0.6713250000000244,-0.6713250000000244,-0.6713250000000244,-0.6713250000000244,-0.6713250000000244,-0.6713250000000244,-0.6713250000000244,-0.6713250000000244,-0.6213250000000272,-0.6213250000000272,-0.5713250000000265,-0.421774999999986,-0.421774999999986,-0.421774999999986,-0.421774999999986,-0.421774999999986,-0.421774999999986,-0.421774999999986,-0.421774999999986,0,0
1303,3673,1.3701500000000237,1.3701500000000237,1.3701500000000237,1.3701500000000237,1.3701500000000237,1.3701500000000237,1.3686500000000308,1.3686500000000308,1.3686500000000308,1.3686500000000308,1.3686500000000308,1.3686500000000308,1.3686500000000308,1.3686500000000308,0.37270000000003733,0.37270000000003733,0.37270000000003733,0.37270000000003733,0.37270000000003733,0.37270000000003733,0.37270000000003733,0.37270000000003733,0.37270000000003733,0,0
1301,3673,0.1502500000000282,0.1502500000000282,0.1502500000000282,0.1502500000000282,0.1502500000000282,0.1502500000000282,0.1502500000000282,0.14950000000003172,0.14950000000003172,0.14950000000003172,0.14950000000003172,0.14950000000003172,0.14950000000003172,0.14950000000003172,0.6502500000000282,1.1502500000000282,1.1502500000000282,1.1502500000000282,1.1502500000000282,1.1502500000000282,1.1502500000000282,1.1502500000000282,1.1502500000000282,2.650250000000028,2.650250000000028
1314,2352,0.08580000000000254,0.08580000000000254,0.13580000000000325,0.13580000000000325,0.13580000000000325,0.13580000000000325,0.13580000000000325,0.13580000000000325,0.13580000000000325,0.13580000000000325,0.13580000000000325,0.18580000000000396,0.18580000000000396,0.18580000000000396,0,0,0,0,0,0,0,0,0,0,0
1314,2409,0.25112500000001603,0.25112500000001603,0.25112500000001603,0.25112500000001603,0.25112500000001603,0.25112500000001603,0.25112500000001603,0.4011250000000075,0.4011250000000075,0.4011250000000075,0.4011250000000075,0.4011250000000075,0.4011250000000075,0,0,0,0,0,0,0,0,0,0,0,0
1314,6116,0.31305000000000405,0.31305000000000405,0.31305000000000405,0.31305000000000405,0.31305000000000405,0.31305000000000405,0.31305000000000405,0.31305000000000405,0.31305000000000405,0.31305000000000405,0.31305000000000405,0.26320000000001187,0.26320000000001187,0,0,0,0,0,0,0,0,0,0,0,0
1326,1504,-0.07984999999996845,-0.07984999999996845,-0.12984999999996916,-0.12984999999996916,-0.12984999999996916,-0.12984999999996916,-0.02969999999998052,-0.02969999999998052,-0.02969999999998052,-0.02969999999998052,-0.02969999999998052,-0.02969999999998052,-0.02969999999998052,-0.02969999999998052,0.020225000000021254,0.020225000000021254,0.020225000000021254,0.020225000000021254,0.020225000000021254,0.020225000000021254,0.020225000000021254,0.020225000000021254,0.020225000000021254,0.5200750000000234,0.5200750000000234
1326,2303,-0.04664999999999253,-0.04664999999999253,-0.04664999999999253,-0.04664999999999253,-0.04664999999999253,-0.04664999999999253,-0.04664999999999253,-0.04664999999999253,-0.04664999999999253,-0.04664999999999253,-0.04664999999999253,-0.04664999999999253,-0.04664999999999253,-0.04664999999999253,-0.04664999999999253,-0.04664999999999253,-0.04664999999999253,-0.04664999999999253,-0.04664999999999253,0.053350000000001785,0.053350000000001785,0.053350000000001785,0.053350000000001785,0.30357500000001636,0.30357500000001636
1326,2439,0.058000000000021146,0.058000000000021146,0.058000000000021146,0.058000000000021146,0.058000000000021146,0.058000000000021146,0.058000000000021146,0.058000000000021146,0.058000000000021146,0.058000000000021146,0.058000000000021146,0.058000000000021146,0.058000000000021146,0.058000000000021146,0.058000000000021146,0.058000000000021146,0.5572500000000105,0.5572500000000105,0.5572500000000105,0.5572500000000105,0.5572500000000105,0.5572500000000105,0.5572500000000105,2.0572500000000105,2.0572500000000105
1326,2603,0.01595000000001079,0.01595000000001079,0.01595000000001079,0.01595000000001079,0.01595000000001079,0.01595000000001079,0.01595000000001079,0.01595000000001079,0.01595000000001079,0.01595000000001079,0.01595000000001079,0.016100000000008663,0.11610000000001719,0.11610000000001719,0.11610000000001719,0.11610000000001719,0.11610000000001719,0.11610000000001719,0.11610000000001719,0.11610000000001719,0.11610000000001719,0.11610000000001719,0.11610000000001719,0.5161000000000087,0.5161000000000087
1326,2618,0.12855000000001482,0.12855000000001482,0.12855000000001482,0.12855000000001482,0.12855000000001482,0.12855000000001482,0.12855000000001482,0.12855000000001482,0.12855000000001482,0.12855000000001482,0.12855000000001482,0.12855000000001482,0.12855000000001482,0.12855000000001482,0.12855000000001482,0.12855000000001482,0.12855000000001482,0.7216500000000039,0.7216500000000039,0.7216500000000039,0.7216500000000039,0.7216500000000039,0.7216500000000039,1.721650000000004,1.721650000000004
1326,2880,0.03160000000001162,0.03160000000001162,0.03160000000001162,0.03160000000001162,0.03160000000001162,0.03160000000001162,0.03160000000001162,0.03160000000001162,0.03160000000001162,0.03160000000001162,0.03160000000001162,0.03160000000001162,0.03160000000001162,0.03160000000001162,0.03160000000001162,0.13160000000000593,0.13160000000000593,0.13160000000000593,0.13160000000000593,0.13160000000000593,0.13160000000000593,0.13160000000000593,0.13160000000000593,0.4316000000000031,0.4316000000000031
1326,2892,-0.2546999999999855,-0.2546999999999855,-0.2546999999999855,-0.2546999999999855,-0.2546999999999855,-0.2546999999999855,-0.2546999999999855,-0.2546999999999855,-0.2546999999999855,-0.2546999999999855,-0.2546999999999855,-0.2546999999999855,-0.2546999999999855,-0.2546999999999855,-0.2546999999999855,-0.2546999999999855,-0.2546999999999855,-0.2546999999999855,-0.2546999999999855,-0.2546999999999855,-0.2546999999999855,-0.2546999999999855,-0.2546999999999855,0.3453000000000088,0.3453000000000088
1326,3019,0.30515000000004733,0.30515000000004733,0.30515000000004733,0.30515000000004733,0.30515000000004733,0.30515000000004733,0.30515000000004733,0.30515000000004733,0.30515000000004733,0.30515000000004733,0.30515000000004733,0.30515000000004733,0.30515000000004733,0.30515000000004733,0.30515000000004733,0.30515000000004733,0.30515000000004733,0.30515000000004733,0.30515000000004733,0.30515000000004733,0.30515000000004733,0.30515000000004733,0.30515000000004733,1.6054500000000544,1.6054500000000544
1326,3481,-0.2549499999999938,-0.2549499999999938,-0.2549499999999938,-0.2549499999999938,-0.2549499999999938,-0.2549499999999938,0.5452000000000083,0.5452000000000083,0.5452000000000083,0.5452000000000083,0.5452000000000083,0.5452000000000083,0.5452000000000083,0.5452000000000083,0.5452000000000083,0.5452000000000083,0.5452000000000083,0.5452000000000083,0.5452000000000083,0.5452000000000083,0.5452000000000083,0.5452000000000083,0.5452000000000083,2.0452000000000083,2.0452000000000083
1326,3673,-0.36324999999999363,-0.36324999999999363,-0.36324999999999363,-0.36324999999999363,-0.36324999999999363,-0.36324999999999363,0.1360000000000099,0.1360000000000099,0.1360000000000099,0.1360000000000099,0.1360000000000099,0.1360000000000099,0.1360000000000099,0.1360000000000099,0.1360000000000099,0.6352500000000134,0.6352500000000134,0.6352500000000134,0.6352500000000134,0.6352500000000134,0.6352500000000134,0.6352500000000134,0.6352500000000134,2.13600000000001,2.13600000000001
1101,2049,0.44762500000001637,0.44762500000001637,0.44762500000001637,0.44762500000001637,0.44762500000001637,0.44762500000001637,0.44762500000001637,0.44762500000001637,0.44762500000001637,0.44762500000001637,0.44762500000001637,0,0,0,0,0,0,0,0,0,0,0,0,0,0
1101,2311,0.07137500000001751,0.07137500000001751,0.07137500000001751,0.07137500000001751,0.07137500000001751,0.07137500000001751,0.07137500000001751,0.07137500000001751,0.07137500000001751,0.07137500000001751,0.07137500000001751,0.12137500000002177,0.12137500000002177,0.12137500000002177,0,0,0,0,0,0,0,0,0,0,0
1101,2377,-0.07109999999999417,-0.07109999999999417,-0.07109999999999417,-0.07109999999999417,-0.07109999999999417,-0.07109999999999417,-0.07109999999999417,0.02875000000000938,0.02875000000000938,0.02875000000000938,0.02875000000000938,0.12860000000001293,0.22845000000000937,0.22845000000000937,0,0,0,0,0,0,0,0,0,0,0
1101,2618,0.17885000000000773,0.17885000000000773,0.17885000000000773,0.17885000000000773,0.17885000000000773,0.17885000000000773,0.17885000000000773,0.17885000000000773,0.17885000000000773,0.17885000000000773,0.27885000000000915,0.27885000000000915,0.27885000000000915,0,0,0,0,0,0,0,0,0,0,0,0
1101,3673,0.4266500000000377,0.4266500000000377,0.326350000000005,0.326350000000005,0.326350000000005,0.326350000000005,0.326350000000005,0.326350000000005,0.326350000000005,0.8256000000000085,0.8256000000000085,0.8256000000000085,0.8256000000000085,0.8256000000000085,0.8256000000000085,0.8256000000000085,0.8256000000000085,0.8256000000000085,0.8256000000000085,0.8256000000000085,0.8256000000000085,0.8256000000000085,0.8256000000000085,0,0
1101,9938,1.063500000000019,1.063500000000019,1.063500000000019,1.063500000000019,1.063500000000019,1.063500000000019,1.063500000000019,1.063500000000019,1.063500000000019,1.063500000000019,1.063500000000019,1.063500000000019,1.063500000000019,0,0,0,0,0,0,0,0,0,0,0,0
1504,2301,0.2513500000000306,0.2513500000000306,0.2513500000000306,0.2513500000000306,0.2513500000000306,0.2513500000000306,0.2513500000000306,0.5007500000000107,0.5007500000000107,0.5007500000000107,0.5007500000000107,0.5007500000000107,0.5007500000000107,0.5007500000000107,0.5007500000000107,0.6507500000000164,0.6507500000000164,0.6507500000000164,0.6507500000000164,0.6507500000000164,0.6507500000000164,0.6507500000000164,0.6507500000000164,0,0
1504,2303,0.16417500000000373,0.16417500000000373,0.16417500000000373,0.16417500000000373,0.16417500000000373,0.16417500000000373,0.16417500000000373,0.16417500000000373,0.16417500000000373,0.16417500000000373,0.16417500000000373,0.16417500000000373,0.16417500000000373,0.16417500000000373,0.16417500000000373,0.16417500000000373,0.16417500000000373,0.16417500000000373,0.16417500000000373,0.26417500000000516,0.26417500000000516,0.26417500000000516,0.26417500000000516,0,0
1504,2371,0.33382500000000803,0.33382500000000803,0.33382500000000803,0.33382500000000803,0.33382500000000803,0.33382500000000803,0.33382500000000803,0.33382500000000803,0.33382500000000803,0.18405000000000626,0.18405000000000626,-0.11572499999999408,-0.11572499999999408,-0.11572499999999408,0,0,0,0,0,0,0,0,0,0,0
1504,2439,-0.01084999999997649,-0.01084999999997649,0.28840000000001,0.28840000000001,0.28840000000001,0.28840000000001,0.28840000000001,0.28840000000001,0.28840000000001,0.28840000000001,0.28840000000001,0.28840000000001,0.28840000000001,0.4884000000000128,0.4884000000000128,0.4884000000000128,0.4884000000000128,0.4884000000000128,1.0879500000000064,1.0879500000000064,1.0879500000000064,1.0879500000000064,1.0879500000000064,0,0
1504,2618,0.07575000000002063,0.22552499999999753,0.22552499999999753,0.22552499999999753,0.22552499999999753,0.22552499999999753,0.22552499999999753,0.22552499999999753,0.22552499999999753,0.22552499999999753,0.22552499999999753,0.22552499999999753,0.22552499999999753,0.4255250000000004,0.4255250000000004,0.4255250000000004,0.4255250000000004,0.4255250000000004,0.4255250000000004,0.4255250000000004,0.4255250000000004,0.4255250000000004,0.4255250000000004,0,0
1504,2801,0.11997500000001793,0.11997500000001793,0.11997500000001793,0.11997500000001793,0.11997500000001793,0.11997500000001793,0.11997500000001793,0.11997500000001793,0.12035000000000906,-1.0782999999999845,-1.0782999999999845,-1.0782999999999845,-1.0782999999999845,-0.9281499999999809,-0.9281499999999809,-0.9281499999999809,-0.9281499999999809,-0.9281499999999809,-0.9281499999999809,-0.9281499999999809,-0.9281499999999809,-0.9281499999999809,-0.9281499999999809,0,0
1504,2880,-0.021750000000000824,-0.021750000000000824,-0.021750000000000824,-0.021750000000000824,-0.021750000000000824,-0.021750000000000824,-0.021750000000000824,-0.021750000000000824,-0.021750000000000824,-0.021750000000000824,-0.021750000000000824,0.0782500000000006,0.0782500000000006,0.0782500000000006,0.0782500000000006,0,0,0,0,0,0,0,0,0,0
1504,2890,0.08525000000000915,0.08525000000000915,0.08525000000000915,0.08525000000000915,0.08525000000000915,0.08525000000000915,0.08525000000000915,0.08525000000000915,0.08525000000000915,0.08525000000000915,0.08525000000000915,0.08525000000000915,0.08525000000000915,0.08525000000000915,0.08525000000000915,0.08525000000000915,0.08525000000000915,0.08525000000000915,0.08525000000000915,0.08517500000000311,0.08517500000000311,0.08517500000000311,0.08517500000000311,0,0
1504,3673,0.21350000000001046,0.21350000000001046,0.21350000000001046,0.21350000000001046,0.21350000000001046,0.21350000000001046,0.5627500000000083,0.5627500000000083,0.5627500000000083,0.5627500000000083,0.5627500000000083,0.5627500000000083,0.5627500000000083,0.5627500000000083,1.0620000000000118,1.0620000000000118,1.0620000000000118,1.0620000000000118,1.0620000000000118,1.0620000000000118,1.0620000000000118,1.0620000000000118,1.0620000000000118,0,0
1504,6505,1.611250000000041,1.611250000000041,1.611250000000041,1.611250000000041,1.611250000000041,1.611250000000041,1.611250000000041,1.611250000000041,1.611250000000041,1.611250000000041,1.611250000000041,1.611250000000041,1.611250000000041,-0.642124999999993,-0.642124999999993,-0.642124999999993,-0.642124999999993,-0.642124999999993,-0.642124999999993,-0.642124999999993,-0.642124999999993,-0.642124999999993,-0.642124999999993,0,0
1536,2301,0.06965000000002419,0.06965000000002419,0.06965000000002419,0.06965000000002419,0.06965000000002419,0.06965000000002419,0.06965000000002419,0.3701000000000363,0.3701000000000363,0.3701000000000363,0.3701000000000363,0.3701000000000363,0.3701000000000363,-0.12824999999995157,-0.12824999999995157,-0.12824999999995157,-0.12824999999995157,0,0,0,0,0,0,0,0
1536,2308,0.5545000000000186,0.5545000000000186,0.5545000000000186,0.5545000000000186,0.55600000000004,0.55600000000004,1.0552500000000293,1.0552500000000293,1.0552500000000293,1.0552500000000293,1.0552500000000293,1.0552500000000293,1.0552500000000293,0,0,0,0,0,0,0,0,0,0,0,0
1536,2371,0.46612500000001234,0.46612500000001234,0.46612500000001234,0.46612500000001234,0.46612500000001234,0.46612500000001234,0.7161250000000123,0.7161250000000123,0.7161250000000123,0.7161250000000123,0.7161250000000123,0.7161250000000123,0.7161250000000123,0.7161250000000123,0,0,0,0,0,0,0,0,0,0,0
1536,2382,0.8272500000000491,0.8272500000000491,0.8272500000000491,0.8272500000000491,0.8272500000000491,0.8272500000000491,0.8272500000000491,0.8272500000000491,0.8272500000000491,0.8272500000000491,0.8272500000000491,0.8272500000000491,0.8272500000000491,0.8272500000000491,0,0,0,0,0,0,0,0,0,0,0
1536,2618,0.49900000000002365,0.49900000000002365,0.49900000000002365,0.49900000000002365,0.49900000000002365,0.49900000000002365,0.7490000000000236,0.7490000000000236,0.7490000000000236,0.7490000000000236,0.7490000000000236,0,0,0,0,0,0,0,0,0,0,0,0,0,0
1536,2880,0.42825000000000557,0.42825000000000557,0.42825000000000557,0.42825000000000557,0.42825000000000557,0.42825000000000557,0.42825000000000557,0.42825000000000557,0.42900000000001626,0.42900000000001626,0.42900000000001626,0.42900000000001626,0.42900000000001626,0.42900000000001626,0,0,0,0,0,0,0,0,0,0,0
1536,2890,0.3852500000000134,0.3852500000000134,0.3852500000000134,0.3852500000000134,0.3852500000000134,0.3852500000000134,0.3852500000000134,0.3852500000000134,0.3852500000000134,0.3852500000000134,0.3852500000000134,0.3852500000000134,0.3852500000000134,0.3852500000000134,0.3852500000000134,0.3852500000000134,0.3852500000000134,0.3852500000000134,0.3852500000000134,0.3852500000000134,0.3852500000000134,0.3852500000000134,0.3852500000000134,0,0
1536,2892,-0.08562499999999318,-0.08562499999999318,-0.08562499999999318,-0.08562499999999318,-0.08562499999999318,0.4143750000000068,0.4143750000000068,0.4143750000000068,0.4143750000000068,0.4143750000000068,0.4143750000000068,0.1651250000000175,0.1651250000000175,0.1651250000000175,0.1651250000000175,0.1651250000000175,0.1651250000000175,0,0,0,0,0,0,0,0
1536,6505,0.4742500000000405,0.4742500000000405,0.4742500000000405,0.4742500000000405,0.4742500000000405,0.4742500000000405,0.4742500000000405,0.9742500000000405,0.9742500000000405,0.9742500000000405,0.9742500000000405,0.9742500000000405,0.9742500000000405,0.9742500000000405,-0.5272499999999809,-0.5272499999999809,-0.5272499999999809,-0.5272499999999809,-0.5272499999999809,-0.5272499999999809,-0.5272499999999809,-0.5272499999999809,-0.5272499999999809,0,0
2002,3673,-1.340874999999997,-1.340874999999997,-1.340874999999997,-1.340874999999997,-1.340874999999997,-1.340874999999997,-1.5901249999999862,-0.5916249999999934,-0.5916249999999934,-0.5916249999999934,-0.5916249999999934,-0.5916249999999934,-0.5916249999999934,-0.5916249999999934,-0.5916249999999934,-0.5916249999999934,-0.5916249999999934,-0.5916249999999934,-0.5916249999999934,-0.5916249999999934,-0.5916249999999934,-0.5916249999999934,-0.5916249999999934,0,0
1909,2303,0.12040000000000006,0.12040000000000006,0.12040000000000006,0.12040000000000006,0.12040000000000006,0.12040000000000006,0.12040000000000006,0.12040000000000006,0.12040000000000006,0.12040000000000006,0.12040000000000006,0.12040000000000006,0.220324999999999,0.220324999999999,0.32039999999999935,0.32039999999999935,0.32039999999999935,0.32039999999999935,0.32039999999999935,0.32039999999999935,0.32039999999999935,0.32039999999999935,0.32039999999999935,0,0
1909,2330,-2.76724999999999,-2.76724999999999,-2.76724999999999,-2.76724999999999,-2.76724999999999,-2.76724999999999,-2.76724999999999,-2.76724999999999,-2.76724999999999,-2.76724999999999,-2.76724999999999,-2.76724999999999,-2.76724999999999,-2.76724999999999,-2.76724999999999,-2.76724999999999,-2.76724999999999,-2.76724999999999,-2.76724999999999,-2.51724999999999,-2.51724999999999,-2.51724999999999,-2.51724999999999,0,0
1909,2448,0.06502500000000211,0.06502500000000211,0.06510000000000105,0.06510000000000105,-0.13452499999999645,-0.13452499999999645,-0.13452499999999645,-0.13452499999999645,-0.13452499999999645,-0.13452499999999645,-0.13452499999999645,-0.08452499999999574,-0.08452499999999574,-0.08452499999999574,0,0,0,0,0,0,0,0,0,0,0
1909,2890,0.04147500000000903,0.04147500000000903,0.04147500000000903,0.04147500000000903,0.04147500000000903,0.04147500000000903,0.04147500000000903,0.04147500000000903,0.04147500000000903,0.04147500000000903,0.04147500000000903,0.04147500000000903,0.04147500000000903,0.04147500000000903,0.04147500000000903,0.04147500000000903,0.04147500000000903,0.04147500000000903,0.04147500000000903,0.0914000000000037,0.0914000000000037,0.0914000000000037,0.0914000000000037,0,0
1909,2892,-0.3791749999999965,-0.3791749999999965,-0.3791749999999965,-0.3791749999999965,-0.3791749999999965,-0.3791749999999965,-0.3791749999999965,-0.3791749999999965,-0.3791749999999965,-0.3791749999999965,-0.3791749999999965,-0.3791749999999965,-0.3791749999999965,-0.3791749999999965,-0.3791749999999965,-0.32917499999999933,-0.32917499999999933,-0.32917499999999933,-0.32917499999999933,-0.2791749999999986,-0.2791749999999986,-0.2791749999999986,-0.2791749999999986,0,0
1909,5880,0.1452749999999945,0.1452749999999945,0.1452749999999945,0.1452749999999945,0.1452749999999945,0.1452749999999945,0.1452749999999945,0.1452749999999945,0.1452749999999945,0.1452749999999945,0.1452749999999945,-0.15479999999999094,-0.15479999999999094,-0.15479999999999094,-0.15479999999999094,-0.15479999999999094,-0.15479999999999094,-0.15479999999999094,-0.15479999999999094,-0.15479999999999094,-0.15479999999999094,-0.15479999999999094,-0.15479999999999094,0,0
1909,6269,2.192200000000014,2.192200000000014,2.192200000000014,2.192200000000014,2.192200000000014,2.192200000000014,2.192200000000014,2.192200000000014,2.192200000000014,2.192200000000014,2.192200000000014,2.192200000000014,2.192200000000014,2.192200000000014,4.838225000000051,4.838225000000051,4.838225000000051,4.838225000000051,4.838225000000051,4.838225000000051,4.838225000000051,4.838225000000051,4.838225000000051,0,0
1909,6505,0.2953250000000125,0.2953250000000125,0.2953250000000125,0.2953250000000125,0.2953250000000125,0.2953250000000125,0.2953250000000125,0.2953250000000125,0.2953250000000125,0.3453250000000132,0.3453250000000132,0.39532500000001036,-0.8042999999999871,-0.8042999999999871,-0.2550499999999971,-0.2550499999999971,-0.2550499999999971,-0.2550499999999971,-0.2550499999999971,-0.2550499999999971,-0.2550499999999971,-0.2550499999999971,-0.2550499999999971,0,0
1909,9938,0.6456250000000097,0.6456250000000097,0.6456250000000097,0.6456250000000097,0.6456250000000097,0.6456250000000097,-0.8524999999999778,-0.8524999999999778,-0.8524999999999778,-0.8524999999999778,-0.8524999999999778,-0.6024999999999778,-0.6024999999999778,-0.6024999999999778,-0.6024999999999778,-0.35249999999997783,-0.35249999999997783,-0.35249999999997783,-0.35249999999997783,-0.35249999999997783,-0.35249999999997783,-0.35249999999997783,-0.35249999999997783,0,0
2049,2371,-0.3648749999999765,-0.3648749999999765,-0.3648749999999765,-0.3648749999999765,-0.3648749999999765,-0.3648749999999765,-0.3648749999999765,-0.8633749999999978,-0.8633749999999978,-0.8633749999999978,-0.3633749999999978,0,0,0,0,0,0,0,0,0,0,0,0,0,0
2049,2492,2.2910000000000252,2.2910000000000252,2.2910000000000252,2.2910000000000252,2.790250000000043,2.790250000000043,2.790250000000043,0,0,0,0,0,0,0,0,0,0,0,0,0,0,0,0,0,0
2049,2603,0.8682500000000033,0.8682500000000033,0.8682500000000033,0.8682500000000033,0.8682500000000033,0.8682500000000033,0.8682500000000033,0.12050000000000693,0.12050000000000693,0.12050000000000693,0.12050000000000693,0.1201250000000158,0.1201250000000158,0.1201250000000158,0.1201250000000158,0.1201250000000158,0.1201250000000158,0.1201250000000158,0.1201250000000158,0.1201250000000158,0.1201250000000158,0.1201250000000158,0.1201250000000158,0,0
2049,2892,-1.4158749999999998,-1.4158749999999998,-1.4158749999999998,-1.4158749999999998,-1.4158749999999998,-1.4158749999999998,-1.4158749999999998,-1.4158749999999998,-1.4158749999999998,-1.4158749999999998,-1.4158749999999998,0,0,0,0,0,0,0,0,0,0,0,0,0,0
2049,3673,2.265000000000015,2.265000000000015,2.265000000000015,2.265000000000015,2.265000000000015,2.265000000000015,2.265000000000015,2.265000000000015,2.265000000000015,2.265000000000015,2.265000000000015,2.265000000000015,1.2717500000000257,0,0,0,0,0,0,0,0,0,0,0,0
2049,5880,0.35737500000000466,0.35737500000000466,0.35737500000000466,0.35737500000000466,0.35737500000000466,0.35737500000000466,0.35737500000000466,0.35737500000000466,0.35737500000000466,0.35737500000000466,0.35737500000000466,-0.6411250000000024,-0.3914999999999935,-0.3914999999999935,-0.3914999999999935,-0.3914999999999935,-0.3914999999999935,-0.3914999999999935,-0.3914999999999935,-0.3914999999999935,-0.3914999999999935,-0.3914999999999935,-0.3914999999999935,0,0
2301,2303,0.08095000000000141,0.08095000000000141,0.08095000000000141,0.08095000000000141,0.08095000000000141,0.08095000000000141,0.08080000000000354,0.08080000000000354,0.08080000000000354,0.08080000000000354,0.08080000000000354,0.08080000000000354,0.08080000000000354,0.08080000000000354,0.43095000000000283,0.43095000000000283,0.43095000000000283,0.43095000000000283,0.43095000000000283,0.43095000000000283,0.43095000000000283,0.43095000000000283,0.43095000000000283,0,0
2301,2330,0.3197500000000275,0.3197500000000275,0.3197500000000275,0.3197500000000275,0.3197500000000275,0.3197500000000275,0.3197500000000275,0.3197500000000275,0.3197500000000275,-1.6779999999999688,-1.6779999999999688,-1.6779999999999688,-1.6779999999999688,-1.6779999999999688,-1.6779999999999688,-1.1779999999999688,-1.1779999999999688,-1.1779999999999688,-1.1779999999999688,-1.1779999999999688,-1.1779999999999688,-1.1779999999999688,-1.1779999999999688,0,0
2301,2371,0.204225000000001,0.204225000000001,0.204225000000001,0.204225000000001,0.204225000000001,0.204225000000001,0.204225000000001,0.204225000000001,0.454225000000001,0.454225000000001,0.454225000000001,0.454225000000001,0.454225000000001,0.454225000000001,0.454225000000001,0.454225000000001,0.454225000000001,0,0,0,0,0,0,0,0
2301,2439,0.3551999999999964,0.3551999999999964,0.3551999999999964,0.3551999999999964,0.3551999999999964,0.3551999999999964,0.3551999999999964,0.3551999999999964,0.3551999999999964,0.3558000000000163,0.3558000000000163,0.3558000000000163,0.3558000000000163,0.5576000000000079,0.5576000000000079,0.5576000000000079,0.5576000000000079,0.5576000000000079,0.5576000000000079,0.5576000000000079,0.5576000000000079,0.5576000000000079,0.5576000000000079,0,0
2301,2603,0.16745000000000942,0.16745000000000942,0.16745000000000942,0.16745000000000942,0.16745000000000942,0.16745000000000942,0.16745000000000942,0.16745000000000942,0.16745000000000942,0.26730000000000587,0.26730000000000587,0.26730000000000587,-0.08149999999999125,-0.08149999999999125,-0.08149999999999125,0.06850000000000733,0.06850000000000733,0.06850000000000733,0.06850000000000733,0.06850000000000733,0.06850000000000733,0.06850000000000733,0.06850000000000733,0,0
2301,2618,0.09934999999999938,0.09934999999999938,0.09934999999999938,0.09934999999999938,0.09934999999999938,0.09934999999999938,0.09934999999999938,0.09934999999999938,0.09934999999999938,0.09934999999999938,0.09934999999999938,0.09934999999999938,0.09934999999999938,0.14965000000001005,0.14965000000001005,0.14965000000001005,0.14965000000001005,0.14965000000001005,0.14965000000001005,0.14965000000001005,0.14965000000001005,0.14965000000001005,0.14965000000001005,0,0
2301,2890,0.0018749999999982947,0.0018749999999982947,0.0018749999999982947,0.0018749999999982947,0.0018749999999982947,0.0018749999999982947,0.0018749999999982947,0.0018749999999982947,0.0018749999999982947,0.0018749999999982947,0.0018749999999982947,0.0018749999999982947,0.0018749999999982947,0.05225000000001501,0.05225000000001501,0.05225000000001501,0.05225000000001501,0.05225000000001501,0.05225000000001501,0.05225000000001501,0.05225000000001501,0.05225000000001501,0.05225000000001501,0,0
2301,2915,-0.1927999999999912,-0.1927999999999912,-0.1927999999999912,-0.1927999999999912,-0.1927999999999912,-0.1927999999999912,0.15750000000001307,0.15750000000001307,0.15750000000001307,0.15750000000001307,0.15750000000001307,0.15750000000001307,0.15750000000001307,0.15750000000001307,0.15750000000001307,0.15750000000001307,0.15750000000001307,0.15750000000001307,0.15750000000001307,0,0,0,0,0,0
2301,3481,0.24340000000001538,0.24340000000001538,0.24340000000001538,0.24340000000001538,0.39340000000002107,0.39340000000002107,0.39340000000002107,0.39340000000002107,0.39557500000004353,0.5453500000000346,0.5453500000000346,0,0,0,0,0,0,0,0,0,0,0,0,0,0
2301,3673,0.305499999999995,0.305499999999995,0.305499999999995,0.305499999999995,0.305499999999995,0.305499999999995,0.8032500000000198,0.8032500000000198,0.8032500000000198,0.8032500000000198,0.8032500000000198,1.3017500000000268,1.3017500000000268,1.3017500000000268,1.3017500000000268,0,0,0,0,0,0,0,0,0,0
2301,6505,0.776250000000033,0.776250000000033,0.27625000000003297,0.27625000000003297,0.27625000000003297,0.27625000000003297,0.7770000000000152,0.7770000000000152,0.7770000000000152,0.7770000000000152,0.7770000000000152,0.7770000000000152,-1.7214999999999634,-1.7214999999999634,-1.7214999999999634,-1.7214999999999634,-1.7214999999999634,-1.7214999999999634,-1.7214999999999634,-1.7214999999999634,-1.7214999999999634,-1.7214999999999634,-1.7214999999999634,0,0
2311,3673,0.4108750000000043,0.4108750000000043,1.4090000000000202,1.4090000000000202,1.4090000000000202,1.4090000000000202,1.4090000000000202,1.4090000000000202,1.4090000000000202,1.4090000000000202,1.4090000000000202,1.4090000000000202,1.4090000000000202,2.4075000000000273,2.4075000000000273,2.4075000000000273,2.4075000000000273,2.4075000000000273,2.4075000000000273,2.4075000000000273,2.4075000000000273,2.4075000000000273,2.4075000000000273,0,0
2303,2311,0.15195000000000647,0.15195000000000647,0.15195000000000647,0.15195000000000647,0.15195000000000647,0.15195000000000647,0.15195000000000647,0.15195000000000647,0.15195000000000647,0.15195000000000647,0.15195000000000647,0.15195000000000647,0.15195000000000647,0.30202500000000043,0.30202500000000043,0.30202500000000043,0.30202500000000043,0.30202500000000043,0.30202500000000043,0.30202500000000043,0.30202500000000043,0.30202500000000043,0.30202500000000043,0,0
2303,2330,-0.12724999999998943,-0.12724999999998943,-0.12724999999998943,-0.12724999999998943,-0.12724999999998943,-0.12724999999998943,-0.1280000000000001,-0.1280000000000001,-0.1280000000000001,-0.1280000000000001,-0.1280000000000001,-0.1280000000000001,-0.1280000000000001,0.3712500000000176,0.3712500000000176,0.3712500000000176,0.3712500000000176,0.3712500000000176,0.3712500000000176,0.3712500000000176,0.3712500000000176,0.3712500000000176,0.3712500000000176,0,0
2303,2371,0.04600000000000115,0.04600000000000115,0.04600000000000115,0.04600000000000115,0.04600000000000115,0.04600000000000115,0.04600000000000115,0.04600000000000115,0.04600000000000115,0.09600000000000186,0.09600000000000186,0.09600000000000186,0.09600000000000186,0.09600000000000186,0.09600000000000186,0.4737000000000009,0.4737000000000009,0.4737000000000009,0.4737000000000009,0.4737000000000009,0.4737000000000009,0.4737000000000009,0.4737000000000009,0,0
2303,2383,0.4822500000000076,0.4822500000000076,0.4822500000000076,0.4822500000000076,0.4822500000000076,0.4822500000000076,0.4822500000000076,0.4822500000000076,0.4822500000000076,0.4822500000000076,0.4822500000000076,0.48150000000001114,0.48150000000001114,0.48150000000001114,0.9807500000000005,0.9807500000000005,0.9807500000000005,0.9807500000000005,0.9807500000000005,0.9807500000000005,0.9807500000000005,0.9807500000000005,0.9807500000000005,0,0
2303,2883,0.11590000000001055,0.11590000000001055,0.11590000000001055,0.11590000000001055,0.11590000000001055,0.11590000000001055,0.11590000000001055,0.11590000000001055,0.11590000000001055,0.11590000000001055,0.11590000000001055,0.11590000000001055,0.31597500000000167,0.31597500000000167,0.31597500000000167,0.31597500000000167,0.31597500000000167,0.31597500000000167,0.31597500000000167,0.31597500000000167,0.31597500000000167,0.31597500000000167,0.31597500000000167,0,0
2303,2890,0.02397999999999989,0.02397999999999989,0.02397999999999989,0.02397999999999989,0.02397999999999989,0.02397999999999989,0.02397999999999989,0.02397999999999989,0.02397999999999989,0.02397999999999989,0.02397999999999989,0.02397999999999989,0.02397999999999989,0.02397999999999989,0.02397999999999989,0.02397999999999989,0.02397999999999989,0.02397999999999989,0.02397999999999989,0.02397999999999989,0.02397999999999989,0.02397999999999989,0.02397999999999989,0,0
2303,6505,0.4935000000000116,0.4935000000000116,0.4935000000000116,0.4935000000000116,0.4935000000000116,0.4935000000000116,0.4935000000000116,-0.006499999999988404,-0.006499999999988404,-0.006499999999988404,-0.006499999999988404,-0.006499999999988404,-0.006499999999988404,0.2435000000000116,0.2435000000000116,0.2435000000000116,0.2435000000000116,0.2435000000000116,0.2435000000000116,0.2435000000000116,0.2435000000000116,0.2435000000000116,0.2435000000000116,0,0
2308,2439,1.5567500000000791,1.5567500000000791,3.056750000000079,3.056750000000079,3.056750000000079,3.056750000000079,3.056750000000079,3.056750000000079,3.056750000000079,3.056750000000079,3.056750000000079,-3.4312499999999773,-3.4312499999999773,-3.4312499999999773,-3.4312499999999773,-1.9312499999999773,-1.9312499999999773,-1.9312499999999773,-1.9312499999999773,-1.9312499999999773,-1.9312499999999773,-1.9312499999999773,-1.9312499999999773,0,0
2308,2883,0.6881500000000145,0.6881500000000145,0.6881500000000145,0.6881500000000145,0.6881500000000145,0.6881500000000145,0.6881500000000145,0.6881500000000145,0.6881500000000145,0.6881500000000145,0.6881500000000145,0.6881500000000145,0.6881500000000145,0.7381500000000116,-0.2602749999999858,0,0,0,0,0,0,0,0,0,0
2308,3673,0.9462500000000489,0.9462500000000489,2.4425000000000523,2.4425000000000523,2.4425000000000523,2.4425000000000523,2.4425000000000523,2.4425000000000523,2.4425000000000523,2.4425000000000523,2.4425000000000523,2.945500000000038,2.945500000000038,0,0,0,0,0,0,0,0,0,0,0,0
2330,2371,-1.1253749999999982,-1.1253749999999982,-1.1253749999999982,-1.1253749999999982,-1.1253749999999982,-1.1253749999999982,-1.1253749999999982,-1.1253749999999982,-1.1253749999999982,-1.1253749999999982,-1.1253749999999982,-1.1253749999999982,-0.6261249999999805,-0.6261249999999805,-0.6261249999999805,-0.6261249999999805,-0.6261249999999805,-0.6261249999999805,-0.6261249999999805,-0.6261249999999805,-0.6261249999999805,-0.6261249999999805,-0.6261249999999805,0,0
2330,2439,0.2142500000001064,0.2142500000001064,1.7120000000001028,1.7120000000001028,1.7120000000001028,1.7120000000001028,1.7120000000001028,1.7120000000001028,1.7120000000001028,1.7120000000001028,1.7120000000001028,1.7120000000001028,1.7120000000001028,1.7120000000001028,-3.7789999999998827,-3.7789999999998827,-3.7789999999998827,-3.7789999999998827,-3.7789999999998827,-3.7789999999998827,-3.7789999999998827,-3.7789999999998827,-3.7789999999998827,0,0
2330,2448,-1.8043749999999932,-1.8043749999999932,-1.8043749999999932,-1.8043749999999932,-1.8043749999999932,-1.8043749999999932,-1.8043749999999932,-1.8043749999999932,-1.8043749999999932,-1.8043749999999932,-1.8043749999999932,-1.8043749999999932,-1.8043749999999932,-1.8043749999999932,-1.8043749999999932,-1.8043749999999932,-1.8043749999999932,-1.8043749999999932,-1.8043749999999932,-1.8043749999999932,-1.8043749999999932,-1.8043749999999932,-1.5543749999999932,0,0
2330,2618,-1.0757499999999993,-1.0757499999999993,-1.0757499999999993,-1.0757499999999993,-1.0757499999999993,-1.0757499999999993,-1.0757499999999993,-1.0757499999999993,-1.0757499999999993,-1.0757499999999993,-1.0757499999999993,-1.0757499999999993,-1.0757499999999993,-1.0757499999999993,-1.0757499999999993,-0.5764999999999816,-0.5764999999999816,-0.5764999999999816,-0.5764999999999816,-0.5764999999999816,-0.5764999999999816,-0.5764999999999816,-0.5764999999999816,0,0
2330,2890,0.14315000000000566,0.14315000000000566,0.14315000000000566,0.14315000000000566,0.14315000000000566,0.14315000000000566,0.14315000000000566,0.14315000000000566,0.19307500000000033,0.19307500000000033,0.19307500000000033,0.19307500000000033,0.19307500000000033,0.19307500000000033,0.19307500000000033,0.19307500000000033,0.19307500000000033,0.19307500000000033,0.19307500000000033,0.19307500000000033,0.19307500000000033,0.19307500000000033,0.19307500000000033,0,0
2330,3673,2.9510000000000787,2.9510000000000787,2.9510000000000787,2.9510000000000787,2.9510000000000787,2.9510000000000787,2.9510000000000787,2.9510000000000787,2.9510000000000787,2.9510000000000787,2.9510000000000787,4.948000000000093,4.948000000000093,4.948000000000093,4.948000000000093,4.948000000000093,4.948000000000093,4.948000000000093,4.948000000000093,4.948000000000093,4.948000000000093,4.948000000000093,4.948000000000093,0,0
2330,6269,-0.1037499999999909,-0.1037499999999909,-0.1037499999999909,-0.1037499999999909,-0.1037499999999909,-0.1037499999999909,-0.1037499999999909,-0.1037499999999909,-0.1037499999999909,-0.1037499999999909,-0.1037499999999909,-0.1037499999999909,-0.1037499999999909,-0.1037499999999909,-0.1037499999999909,-0.1037499999999909,-0.1037499999999909,-0.1037499999999909,-0.1037499999999909,-0.1037499999999909,-0.1037499999999909,0.39550000000002683,0.39550000000002683,0,0
2344,2801,0.05852500000001015,0.05852500000001015,0.25822500000001725,0.25822500000001725,0.25822500000001725,0.25822500000001725,0.25822500000001725,0.1589000000000027,0.1589000000000027,0.1589000000000027,0.1589000000000027,0.259200000000007,-0.789299999999983,-0.789299999999983,-0.6391499999999866,-0.6391499999999866,-0.6391499999999866,-0.6391499999999866,-0.6391499999999866,-0.6391499999999866,-0.6391499999999866,-0.6391499999999866,-0.6391499999999866,0,0
2352,2448,0.04792499999999933,0.04792499999999933,0.04792499999999933,0.04792499999999933,0.04792499999999933,0.04792499999999933,0.0978500000000011,0.0978500000000011,0.0978500000000011,0.0978500000000011,0.0978500000000011,0.19784999999999542,0.19784999999999542,0.19784999999999542,0.19784999999999542,0.19784999999999542,0.19784999999999542,0.19784999999999542,0.19784999999999542,0.19784999999999542,0.19784999999999542,0.19784999999999542,0.19784999999999542,0,0
2352,2890,0.0022750000000080206,0.0022750000000080206,0.0022750000000080206,0.0022750000000080206,0.0022750000000080206,0.0022750000000080206,0.05227500000000873,0.05227500000000873,0.05227500000000873,0.05227500000000873,0.05227500000000873,0.05227500000000873,0.05227500000000873,0.05227500000000873,0.1022000000000034,0.1022000000000034,0.1022000000000034,0.1022000000000034,0.1022000000000034,0.1022000000000034,0.1022000000000034,0.1022000000000034,0.1022000000000034,0,0
2352,9938,0.4503750000000082,0.4503750000000082,0.4503750000000082,0.4503750000000082,0.4503750000000082,0.4503750000000082,0.20150000000001,0.20150000000001,0.20150000000001,0.7007500000000135,0.7007500000000135,0.7007500000000135,0.7007500000000135,0.7007500000000135,0.4496250000000117,0.4496250000000117,0.4496250000000117,0.4496250000000117,0.4496250000000117,0.4496250000000117,0.4496250000000117,0.4496250000000117,0.4496250000000117,0,0
2371,2409,0.22724999999999618,0.22724999999999618,0.22724999999999618,0.22724999999999618,0.22724999999999618,0.22724999999999618,0.22724999999999618,0.22724999999999618,0.22724999999999618,0.22724999999999618,0.22724999999999618,0,0,0,0,0,0,0,0,0,0,0,0,0,0
2371,2439,-0.06987499999998903,-0.06987499999998903,0.18012500000001097,0.18012500000001097,0.18012500000001097,0.18012500000001097,0.18012500000001097,0.18012500000001097,0.18012500000001097,0.18012500000001097,0.18012500000001097,0.18012500000001097,0.18012500000001097,0.18012500000001097,0,0,0,0,0,0,0,0,0,0,0
2371,2448,0.1831500000000048,0.1831500000000048,0.1831500000000048,0.1831500000000048,0.1831500000000048,0.1831500000000048,0.1831500000000048,0.1831500000000048,0.1831500000000048,0.1831500000000048,0.1831500000000048,0.1831500000000048,0,0,0,0,0,0,0,0,0,0,0,0,0
2371,2603,0.2746500000000083,0.2746500000000083,0.2746500000000083,0.2746500000000083,0.2746500000000083,0.2746500000000083,0.2746500000000083,0.2746500000000083,0.2746500000000083,0.2746500000000083,0.2746500000000083,-0.17399999999999238,-0.17399999999999238,-0.17399999999999238,-0.17399999999999238,-0.17399999999999238,-0.17399999999999238,-0.17399999999999238,-0.17399999999999238,-0.17399999999999238,-0.17399999999999238,0.07600000000000762,0.07600000000000762,0,0
2371,2892,-0.2082499999999996,-0.2082499999999996,-0.2082499999999996,-0.2082499999999996,-0.2082499999999996,-0.2082499999999996,-0.2082499999999996,-0.2082499999999996,-0.2082499999999996,-0.2082499999999996,-0.2082499999999996,-0.2082499999999996,-0.2082499999999996,-0.1582499999999989,0,0,0,0,0,0,0,0,0,0,0
2371,3189,0.2467500000000058,0.2467500000000058,0.5463000000000022,0.5463000000000022,0.5463000000000022,0.5463000000000022,0.5463000000000022,0.5463000000000022,0.5463000000000022,0.5463000000000022,0.5463000000000022,0.4968250000000083,0.5966750000000118,0.5966750000000118,0,0,0,0,0,0,0,0,0,0,0
2371,3673,0.5088750000000104,0.5088750000000104,0.5088750000000104,0.5088750000000104,0.5088750000000104,0.5088750000000104,0.5088750000000104,0.5088750000000104,1.008125000000014,1.008125000000014,1.008125000000014,1.008125000000014,1.008125000000014,1.008125000000014,0,0,0,0,0,0,0,0,0,0,0
2371,6456,-0.04174999999999329,-0.04174999999999329,-0.04174999999999329,-0.04174999999999329,-0.04174999999999329,-0.04174999999999329,0.9571250000000262,0.9571250000000262,0.9571250000000262,0.9571250000000262,0.9571250000000262,0,0,0,0,0,0,0,0,0,0,0,0,0,0
2371,6505,1.2485000000000497,1.2485000000000497,1.2485000000000497,1.2485000000000497,1.2485000000000497,1.2485000000000497,1.4985000000000497,1.4985000000000497,-0.7541249999999948,-0.7541249999999948,-0.7541249999999948,-0.7541249999999948,-0.7541249999999948,-0.7541249999999948,-0.7541249999999948,-0.7541249999999948,-0.7541249999999948,-0.7541249999999948,-0.7541249999999948,-0.7541249999999948,-0.7541249999999948,-0.7541249999999948,-0.7541249999999948,0,0
2377,2890,-0.1639499999999927,-0.1639499999999927,-0.1639499999999927,-0.1639499999999927,-0.1639499999999927,-0.1639499999999927,-0.1639499999999927,-0.1639499999999927,-0.11402499999999804,-0.11402499999999804,-0.11402499999999804,-0.11402499999999804,-0.11402499999999804,-0.11402499999999804,-0.11402499999999804,-0.11402499999999804,-0.11402499999999804,-0.11402499999999804,-0.11402499999999804,-0.11402499999999804,-0.11402499999999804,-0.06409999999999627,-0.06409999999999627,0,0
2377,6269,1.9295500000000345,1.9295500000000345,1.9295500000000345,1.9295500000000345,1.9295500000000345,1.9295500000000345,1.9295500000000345,1.9295500000000345,1.9295500000000345,1.9295500000000345,1.9295500000000345,1.9295500000000345,1.9295500000000345,1.9295500000000345,3.3273000000000295,3.3273000000000295,3.3273000000000295,3.3273000000000295,3.3273000000000295,3.3273000000000295,3.3273000000000295,3.3273000000000295,3.3273000000000295,0,0
2383,2834,-0.3399999999999892,-0.3399999999999892,-0.3399999999999892,-0.3399999999999892,-0.3399999999999892,-0.3399999999999892,0.10925000000001717,0.10925000000001717,0.10925000000001717,0.10925000000001717,0.10925000000001717,0.10925000000001717,0.15925000000001432,0.15925000000001432,0.15925000000001432,0.5585000000000093,0.5585000000000093,0.6085000000000065,0.6085000000000065,0.6085000000000065,0.6085000000000065,0.6085000000000065,0.6085000000000065,0,0
2383,2892,-0.0676249999999925,-0.0676249999999925,-0.0676249999999925,-0.0676249999999925,-0.0676249999999925,-0.0676249999999925,-0.0676249999999925,-0.0676249999999925,-0.0676249999999925,-0.0676249999999925,-0.0676249999999925,-0.0676249999999925,0.1823750000000075,0.1823750000000075,0.1823750000000075,0.1823750000000075,0.1823750000000075,0.1823750000000075,0.1823750000000075,0.1823750000000075,0.1823750000000075,0,0,0,0
2383,6505,0.8257499999999993,0.8257499999999993,0.8250000000000028,0.8250000000000028,0.8250000000000028,0.8250000000000028,1.3242499999999922,1.3242499999999922,1.3242499999999922,1.3242499999999922,1.3242499999999922,1.3242499999999922,-0.6764999999999475,-0.6764999999999475,-0.6764999999999475,-0.6764999999999475,-0.6764999999999475,-0.6764999999999475,-0.6764999999999475,-0.6764999999999475,-0.6764999999999475,-0.6764999999999475,-0.6764999999999475,0,0
2382,2448,0.5262750000000409,0.5262750000000409,0.5262750000000409,0.5262750000000409,0.5262750000000409,0.5262750000000409,0.5262750000000409,0.5262750000000409,0.5262750000000409,0.5262750000000409,0.5262750000000409,0.5262750000000409,0.5262750000000409,0.6261250000000409,0,0,0,0,0,0,0,0,0,0,0
2382,2880,0.027700000000002944,0.027700000000002944,0.027700000000002944,0.027700000000002944,0.027700000000002944,0.027700000000002944,0.027700000000002944,0.027700000000002944,0.027700000000002944,0.027700000000002944,0.027700000000002944,0.027700000000002944,0.027700000000002944,0.027700000000002944,0,0,0,0,0,0,0,0,0,0,0
2382,3673,0.37075000000004366,0.37075000000004366,0.37075000000004366,0.37075000000004366,0.37075000000004366,0.37075000000004366,0.37075000000004366,0.37075000000004366,0.37075000000004366,0.37075000000004366,0.37075000000004366,0.37075000000004366,0.37075000000004366,0.37075000000004366,1.3692500000000507,0,0,0,0,0,0,0,0,0,0
2382,6269,0.7057500000000516,0.7057500000000516,0.7057500000000516,0.7057500000000516,0.7057500000000516,0.7057500000000516,0.7057500000000516,0.7057500000000516,0.7057500000000516,0.7057500000000516,0.7057500000000516,1.2042500000000587,1.2042500000000587,1.2042500000000587,1.2057500000000516,0,0,0,0,0,0,0,0,0,0
2409,2439,0.4230000000000089,0.4230000000000089,0.4230000000000089,0.4230000000000089,0.4230000000000089,0.4230000000000089,0.6730000000000089,0.6730000000000089,0.6730000000000089,0.6730000000000089,0.6730000000000089,0.9230000000000089,0.9230000000000089,0.9230000000000089,1.173000000000009,1.173000000000009,1.173000000000009,1.173000000000009,1.173000000000009,1.173000000000009,1.173000000000009,1.173000000000009,1.173000000000009,0,0
2409,2890,0.010975000000007284,0.010975000000007284,0.010975000000007284,0.010975000000007284,0.010975000000007284,0.010975000000007284,0.010975000000007284,0.010975000000007284,0.010975000000007284,0.010975000000007284,0.010975000000007284,0.06097500000000622,0.06097500000000622,0.06097500000000622,0.06097500000000622,0.06097500000000622,0.06090000000000195,0.06090000000000195,0.06090000000000195,0.06090000000000195,0.06090000000000195,0.06090000000000195,0.06090000000000195,0,0
2409,6116,0.004744999999999777,0.004744999999999777,0.004744999999999777,0.004744999999999777,0.004744999999999777,0.004744999999999777,0.004744999999999777,0.024640000000003326,0.024640000000003326,0.024640000000003326,0.024640000000003326,0.024640000000003326,0.024715000000000487,-0.025074999999999292,-0.025074999999999292,-0.005104999999998583,-0.005104999999998583,-0.005104999999998583,-0.005104999999998583,-0.005104999999998583,-0.005104999999998583,-0.005104999999998583,-0.005104999999998583,0,0
2409,6269,1.7893250000000087,1.7893250000000087,1.7893250000000087,1.7893250000000087,1.7893250000000087,1.7893250000000087,1.7893250000000087,1.7893250000000087,1.7893250000000087,1.7893250000000087,1.7893250000000087,1.7893250000000087,1.7893250000000087,1.7893250000000087,4.2855750000000405,4.2855750000000405,4.2855750000000405,4.2855750000000405,4.2855750000000405,4.2855750000000405,4.2855750000000405,4.2855750000000405,4.2855750000000405,0,0
2409,6505,1.1552499999999952,1.1552499999999952,1.1552499999999952,1.1552499999999952,1.1552499999999952,1.1552499999999952,1.1552499999999952,1.1552499999999952,1.1552499999999952,1.1552499999999952,1.1552499999999952,1.4052499999999952,-2.093625000000003,-2.093625000000003,-1.843625000000003,-1.843625000000003,-1.843625000000003,-0.5958749999999498,-0.5958749999999498,-0.5958749999999498,-0.5958749999999498,-0.5958749999999498,-0.5958749999999498,0,0
2448,2618,0.1413000000000011,0.1413000000000011,0.1413000000000011,0.1413000000000011,0.1413000000000011,0.1413000000000011,0.1413000000000011,0,0,0,0,0,0,0,0,0,0,0,0,0,0,0,0,0,0
2448,2890,-0.015574999999991235,-0.015574999999991235,-0.015574999999991235,-0.015574999999991235,-0.015574999999991235,-0.015574999999991235,-0.015574999999991235,-0.015574999999991235,-0.015574999999991235,-0.015574999999991235,-0.015574999999991235,-0.015574999999991235,-0.015574999999991235,-0.015574999999991235,-0.015574999999991235,-0.015574999999991235,-0.015574999999991235,-0.015574999999991235,-0.015574999999991235,-0.015649999999997277,-0.015649999999997277,-0.015649999999997277,-0.015649999999997277,0,0
2448,2892,-0.23659999999999926,-0.23659999999999926,-0.23659999999999926,-0.23659999999999926,-0.23659999999999926,-0.23659999999999926,-0.23659999999999926,-0.23659999999999926,-0.23659999999999926,-0.23659999999999926,-0.23659999999999926,-0.23659999999999926,-0.23659999999999926,-0.23659999999999926,-0.1366000000000014,-0.08660000000000068,-0.08660000000000068,-0.08660000000000068,-0.08660000000000068,0,0,0,0,0,0
2448,3481,0.3833500000000214,0.3833500000000214,0.3833500000000214,0.3833500000000214,0.3833500000000214,0.3833500000000214,0.3833500000000214,0.8333500000000171,0.8333500000000171,0.8333500000000171,0.8333500000000171,0.8333500000000171,0.8333500000000171,0,0,0,0,0,0,0,0,0,0,0,0
2448,3532,0.3528749999999974,0.3528749999999974,0.3528749999999974,0.3528749999999974,0.3528749999999974,0.3528749999999974,0.3528749999999974,0.3528749999999974,0.3547500000000241,0,0,0,0,0,0,0,0,0,0,0,0,0,0,0,0
2448,3673,0.9660000000000082,0.9660000000000082,0.9660000000000082,0.9660000000000082,0.9660000000000082,0.9660000000000082,0.9660000000000082,0.9660000000000082,0.9660000000000082,0.9660000000000082,0.9660000000000082,1.2160000000000082,1.2160000000000082,1.2160000000000082,2.4645000000000152,2.4645000000000152,2.4645000000000152,2.4645000000000152,2.4645000000000152,2.4645000000000152,2.4645000000000152,2.4645000000000152,2.4645000000000152,0,0
2448,6269,1.524850000000015,1.524850000000015,1.524850000000015,1.524850000000015,1.524850000000015,1.524850000000015,1.524850000000015,1.524850000000015,1.524850000000015,1.524850000000015,1.524850000000015,1.524850000000015,1.524850000000015,1.924250000000015,4.021100000000047,4.021100000000047,4.021100000000047,4.021100000000047,4.021100000000047,4.021100000000047,4.021100000000047,4.021100000000047,4.021100000000047,0,0
2448,9938,0.36075000000002433,0.36075000000002433,0.36075000000002433,0.36075000000002433,0.36075000000002433,0.36075000000002433,0.36075000000002433,0.36075000000002433,0.6107500000000101,0,0,0,0,0,0,0,0,0,0,0,0,0,0,0,0
2439,2448,0.28182499999999777,0.6310750000000098,0.6310750000000098,0.6310750000000098,0.6310750000000098,0.6310750000000098,0.6310750000000098,0.6310750000000098,0.6310750000000098,0.6310750000000098,0.6310750000000098,0.6310750000000098,0.7810749999999871,0.7810749999999871,0.7810749999999871,0.9310749999999928,0.9310749999999928,0.9310749999999928,0.9310749999999928,0.9310749999999928,0.9310749999999928,0.9310749999999928,0.9310749999999928,0,0
2439,2474,0.5910000000000082,0.5910000000000082,0.5910000000000082,0.5910000000000082,0.5910000000000082,0.5910000000000082,0.5910000000000082,0.5910000000000082,0.5910000000000082,0.5910000000000082,0.5910000000000082,1.0910000000000082,1.0910000000000082,1.0910000000000082,1.0910000000000082,1.0910000000000082,1.5910000000000082,1.5910000000000082,1.5910000000000082,1.5910000000000082,1.5910000000000082,1.5910000000000082,1.5910000000000082,0,0
2439,2603,-0.08449999999997715,-0.08449999999997715,-0.08449999999997715,-0.08449999999997715,-0.08449999999997715,-0.08449999999997715,0.41475000000001216,0.41475000000001216,0.41475000000001216,0.41475000000001216,0.41475000000001216,0.41475000000001216,-0.3322499999999877,-0.3322499999999877,-0.3322499999999877,-0.3322499999999877,-0.3322499999999877,-0.3322499999999877,-0.3322499999999877,-0.5822499999999877,-0.5822499999999877,-0.5822499999999877,-0.5822499999999877,0,0
2439,2618,0.6580000000000155,0.6580000000000155,0.6580000000000155,0.6580000000000155,0.6580000000000155,0.6580000000000155,0.6580000000000155,0.6580000000000155,0.6580000000000155,0.6580000000000155,0.6580000000000155,0.6580000000000155,0.6580000000000155,0.9080000000000155,0.9080000000000155,0.9080000000000155,0.9080000000000155,0.9080000000000155,0.9080000000000155,0.9080000000000155,0.9080000000000155,0.9080000000000155,1.4072500000000048,0,0
2439,2890,0.19940000000001135,0.19940000000001135,0.19940000000001135,0.19940000000001135,0.19940000000001135,0.19940000000001135,0.24932500000000601,0.24932500000000601,0.24932500000000601,0.24932500000000601,0.24932500000000601,0.24932500000000601,0.24932500000000601,0.24932500000000601,0.24932500000000601,0.34925000000001205,0.34925000000001205,0.34925000000001205,0.34925000000001205,0.34925000000001205,0.34925000000001205,0.34925000000001205,0.34925000000001205,0,0
2439,2915,0.15450000000001296,0.15450000000001296,0.15450000000001296,0.15450000000001296,0.15450000000001296,0.15450000000001296,0.15450000000001296,0.15487500000003251,0.15487500000003251,0.15487500000003251,0.15487500000003251,0,0,0,0,0,0,0,0,0,0,0,0,0,0
2439,3481,0.43000000000002103,0.43000000000002103,1.4318750000000193,1.4318750000000193,1.4318750000000193,1.4318750000000193,1.4318750000000193,1.6818750000000193,1.6818750000000193,1.6818750000000193,1.6818750000000193,1.9318750000000193,1.9318750000000193,2.1818750000000193,2.4318750000000193,2.4318750000000193,2.4318750000000193,2.4318750000000193,3.430374999999998,3.430374999999998,3.430374999999998,3.430374999999998,3.430374999999998,0,0
2439,3673,1.0517500000000268,1.0517500000000268,2.545750000000055,2.545750000000055,2.545750000000055,2.545750000000055,2.545750000000055,2.545750000000055,2.545750000000055,2.545750000000055,2.545750000000055,2.545750000000055,2.545750000000055,5.04200000000003,5.04200000000003,5.04200000000003,5.04200000000003,5.04200000000003,5.04200000000003,5.04200000000003,5.04200000000003,5.04200000000003,5.04200000000003,0,0
2439,6116,0.6045750000000112,0.6045750000000112,0.6045750000000112,0.6045750000000112,0.6045750000000112,0.6045750000000112,0.6045750000000112,0.6545750000000083,0.6545750000000083,0.6545750000000083,0.6545750000000083,1.1538249999999977,1.1538249999999977,1.1538249999999977,1.1538249999999977,1.1538249999999977,1.1538249999999977,1.1538249999999977,1.1538249999999977,1.1538249999999977,1.1538249999999977,1.1538249999999977,1.1538249999999977,0,0
2439,6269,2.4785000000000252,2.4785000000000252,2.4785000000000252,2.4785000000000252,2.4785000000000252,2.4785000000000252,2.4785000000000252,2.4785000000000252,2.4785000000000252,2.4785000000000252,2.4785000000000252,2.4785000000000252,2.4785000000000252,2.4785000000000252,2.9777500000000146,5.474000000000046,5.474000000000046,5.474000000000046,5.474000000000046,5.474000000000046,5.474000000000046,5.474000000000046,5.474000000000046,0,0
2439,6505,0.5422500000000241,0.5422500000000241,0.5422500000000241,0.5422500000000241,0.5422500000000241,0.5422500000000241,2.5392499999999814,2.5392499999999814,2.5392499999999814,2.5392499999999814,2.5392499999999814,2.5392499999999814,2.5392499999999814,2.5392499999999814,-3.45474999999999,-2.45474999999999,-2.45474999999999,-2.45474999999999,-2.45474999999999,-2.45474999999999,-2.45474999999999,-2.45474999999999,-2.45474999999999,0,0
2439,9938,0.379750000000044,1.3782500000000226,1.3782500000000226,1.3782500000000226,1.3782500000000226,1.3782500000000226,1.3782500000000226,1.3782500000000226,1.3782500000000226,1.3782500000000226,1.3782500000000226,1.3782500000000226,1.3782500000000226,1.3782500000000226,1.8774999999999977,0,0,0,0,0,0,0,0,0,0
2454,3481,0.3221249999999998,0.3221249999999998,0.3221249999999998,0.3221249999999998,0.3221249999999998,0.3221249999999998,0.3221249999999998,0.3221249999999998,0.3221249999999998,0.3221249999999998,0.3221249999999998,0.8221249999999998,0.8221249999999998,0.8221249999999998,0.8221249999999998,0.8221249999999998,0.8221249999999998,0.8221249999999998,0.8221249999999998,0.8221249999999998,0.8221249999999998,0.8221249999999998,0.8221249999999998,0,0
2492,2892,-0.06637500000000074,-0.06637500000000074,-0.06637500000000074,-0.06637500000000074,-0.06637500000000074,-0.06637500000000074,-0.06637500000000074,-0.06637500000000074,-0.06637500000000074,-0.06637500000000074,-0.06637500000000074,-0.016075000000000728,-0.016075000000000728,0,0,0,0,0,0,0,0,0,0,0,0
2492,5880,0.45762500000000017,0.45762500000000017,0.45762500000000017,0.45762500000000017,0.45762500000000017,0.45762500000000017,0.45762500000000017,0.45762500000000017,0.45762500000000017,0.45762500000000017,0.45762500000000017,-0.24132500000000334,-0.14132500000000192,-0.1916999999999902,-0.1916999999999902,-0.1916999999999902,-0.1916999999999902,-0.1916999999999902,-0.1916999999999902,-0.1916999999999902,-0.1916999999999902,-0.1916999999999902,-0.1916999999999902,0,0
2492,6505,1.795349999999992,1.795349999999992,1.7959499999999906,1.7959499999999906,1.7959499999999906,1.7959499999999906,1.7959499999999906,-0.9079499999999783,-0.9079499999999783,-0.9079499999999783,-0.9079499999999783,-0.9079499999999783,-0.9079499999999783,-0.9079499999999783,-0.9079499999999783,-0.9079499999999783,-0.9079499999999783,-0.9079499999999783,-0.9079499999999783,-0.9079499999999783,-0.9079499999999783,-0.9079499999999783,-0.9079499999999783,0,0
2603,2801,0.08032500000000198,0.08032500000000198,0.08032500000000198,0.08032500000000198,0.08032500000000198,0.08032500000000198,0.08032500000000198,0.08032500000000198,0.08032500000000198,0.08032500000000198,0.08032500000000198,0.08032500000000198,0.0804750000000034,0.0804750000000034,-0.21899999999999764,-0.21899999999999764,-0.21899999999999764,-0.21899999999999764,-0.21899999999999764,-0.21899999999999764,-0.21899999999999764,-0.21899999999999764,-0.21899999999999764,0.03100000000000236,0.03100000000000236
2603,2880,0.1322499999999991,0.1322499999999991,0.1322499999999991,0.1322499999999991,0.1322499999999991,0.1322499999999991,0.1322499999999991,0.1322499999999991,0.1322499999999991,0.1322499999999991,0.1322499999999991,0.1322499999999991,0.1322499999999991,0.1322499999999991,0.1322499999999991,0.1322499999999991,0.1322499999999991,0.1322499999999991,0.1322499999999991,0.1322499999999991,0.1322499999999991,0.1322499999999991,0.23239999999999839,0,0
2603,2890,0.08870000000001,0.08870000000001,0.08870000000001,0.08870000000001,0.08870000000001,0.08870000000001,0.08870000000001,0.08870000000001,0.08870000000001,0.08870000000001,0.08870000000001,0.08870000000001,0.08870000000001,0.13862500000000466,0.13862500000000466,0.13862500000000466,0.13862500000000466,0.13862500000000466,0.13862500000000466,0.13862500000000466,0.13862500000000466,0.13862500000000466,0.18855000000000643,0,0
2603,6269,0.48750000000001137,0.48750000000001137,0.48750000000001137,0.48750000000001137,0.48750000000001137,0.48750000000001137,0.48750000000001137,0.48750000000001137,0.48750000000001137,0.48750000000001137,0.48750000000001137,0.48750000000001137,0.7367500000000149,0.7367500000000149,0.7367500000000149,0,0,0,0,0,0,0,0,0,0
2603,6456,0.44250000000000966,0.44250000000000966,0.44250000000000966,0.44250000000000966,0.44250000000000966,0.44250000000000966,0.44250000000000966,-1.8067499999999939,-1.8067499999999939,-1.8067499999999939,-1.8067499999999939,-1.8067499999999939,-1.8067499999999939,-1.8067499999999939,-0.8082499999999868,-0.8082499999999868,-0.8082499999999868,-0.8082499999999868,-0.8082499999999868,-0.8082499999999868,-0.8082499999999868,-0.8082499999999868,-0.8082499999999868,0,0
2603,6505,0.3134000000000121,0.3134000000000121,0.3134000000000121,0.3134000000000121,0.3134000000000121,0.3134000000000121,-0.13727499999999893,-0.13727499999999893,-0.13727499999999893,-0.13727499999999893,-0.13727499999999893,-0.13727499999999893,-0.13727499999999893,-0.13727499999999893,-0.13727499999999893,-0.13727499999999893,-0.13727499999999893,-0.13727499999999893,-0.13727499999999893,-0.13727499999999893,-0.13727499999999893,-0.13727499999999893,-0.13727499999999893,0,0
2618,2890,0.008200000000007535,0.008200000000007535,0.008200000000007535,0.008200000000007535,0.008200000000007535,0.008200000000007535,0.008200000000007535,0.008200000000007535,0.008200000000007535,0.008200000000007535,0.008200000000007535,0.008200000000007535,0.008200000000007535,0.0581250000000022,0.0581250000000022,0.0581250000000022,0.0581250000000022,0.0581250000000022,0.0581250000000022,0.0581250000000022,0.0581250000000022,0.0581250000000022,0.0581250000000022,0,0
2618,2892,-0.21274999999999977,-0.21274999999999977,-0.21274999999999977,-0.21274999999999977,-0.21274999999999977,-0.21274999999999977,-0.21274999999999977,-0.21274999999999977,-0.21274999999999977,-0.21274999999999977,-0.21274999999999977,-0.21274999999999977,-0.21274999999999977,-0.21274999999999977,-0.16274999999999906,-0.16274999999999906,-0.16274999999999906,0,0,0,0,0,0,0,0
2618,3673,0.7589500000000058,0.7589500000000058,0.7589500000000058,0.7589500000000058,0.7589500000000058,0.7589500000000058,0.7589500000000058,0.7589500000000058,0.7589500000000058,0.7589500000000058,0.7589500000000058,0.7589500000000058,0.7589500000000058,0.7589500000000058,1.2582000000000093,1.2582000000000093,1.2582000000000093,1.2582000000000093,1.2582000000000093,1.2582000000000093,1.2582000000000093,1.2582000000000093,1.2582000000000093,0,0
2618,9938,0.7292500000000217,0.7292500000000217,0.7292500000000217,0.7292500000000217,0.9792500000000217,0.9792500000000217,0.9792500000000217,0.9792500000000217,0.9792500000000217,0.9792500000000217,0.9792500000000217,0,0,0,0,0,0,0,0,0,0,0,0,0,0
2880,3673,-0.5282499999999999,-0.5282499999999999,-0.028999999999996362,-0.028999999999996362,-0.028999999999996362,-0.028999999999996362,-0.028999999999996362,-0.028999999999996362,-0.028999999999996362,-0.028999999999996362,-0.028999999999996362,-0.028999999999996362,0.47025000000000716,0.47025000000000716,0.47025000000000716,0.47025000000000716,0.47025000000000716,0.47025000000000716,0.47025000000000716,0.47025000000000716,0.47025000000000716,0,0,0,0
2880,6269,-0.034624999999991246,-0.034624999999991246,-0.034624999999991246,-0.034624999999991246,-0.034624999999991246,-0.034624999999991246,0.2150000000000034,0.2150000000000034,0.2150000000000034,0.2150000000000034,0.2150000000000034,0.2150000000000034,0.2150000000000034,0.2150000000000034,0.2150000000000034,0.2150000000000034,0,0,0,0,0,0,0,0,0
2880,6456,0.41925000000001944,0.41925000000001944,0.41925000000001944,0.41925000000001944,0.41925000000001944,0.41925000000001944,0.41925000000001944,0.41925000000001944,0.41925000000001944,0.41925000000001944,0.41925000000001944,0.41925000000001944,0.41925000000001944,0.41925000000001944,-0.33225000000000193,-0.33225000000000193,-0.33225000000000193,-0.33225000000000193,-0.33225000000000193,-0.33225000000000193,-0.33225000000000193,-0.33225000000000193,0,0,0
2890,2892,0.0240750000000034,0.0240750000000034,0.0240750000000034,0.0240750000000034,0.0240750000000034,0.0240750000000034,0.0240750000000034,0.0240750000000034,0.07407500000000766,0.07407500000000766,0.07407500000000766,0.07407500000000766,0.07415000000001015,0.07415000000001015,0.07415000000001015,0.07415000000001015,0.07415000000001015,0.07415000000001015,0.07415000000001015,0.07415000000001015,0.07415000000001015,0.07415000000001015,0.07415000000001015,0,0
2890,3673,1.2774000000000143,1.2774000000000143,1.2774000000000143,1.2774000000000143,1.2774000000000143,1.2774000000000143,1.2774000000000143,1.2774000000000143,1.2774000000000143,1.2774000000000143,1.2774000000000143,1.2774000000000143,0.3781500000000122,0.3781500000000122,0.3781500000000122,0.3781500000000122,0.3781500000000122,0.3781500000000122,0.3781500000000122,0.3781500000000122,0.3781500000000122,0.3781500000000122,0.42882500000000334,0,0
2890,9938,-0.627849999999988,-0.627849999999988,-0.627849999999988,-0.627849999999988,-0.627849999999988,-0.627849999999988,-0.627849999999988,-0.627849999999988,-0.627849999999988,-0.627849999999988,-0.627849999999988,-0.12784999999998803,-0.12784999999998803,-0.12784999999998803,-0.07792499999999336,-0.07792499999999336,-0.07792499999999336,-0.07792499999999336,-0.07792499999999336,-0.07792499999999336,-0.07792499999999336,-0.07792499999999336,-0.07792499999999336,0,0
2892,3481,-0.31192500000000045,-0.31192500000000045,-0.31192500000000045,-0.31192500000000045,-0.31192500000000045,-0.31192500000000045,-0.31192500000000045,-0.31192500000000045,-0.31192500000000045,-0.31192500000000045,-0.31192500000000045,-0.31192500000000045,-0.31192500000000045,-0.31192500000000045,-0.31192500000000045,-0.31192500000000045,-0.2619250000000015,-0.2619250000000015,-0.2619250000000015,-0.2619250000000015,-0.2619250000000015,-0.2119250000000008,-0.2119250000000008,0,0
2892,3673,0.45750000000001023,0.45750000000001023,0.4571250000000049,0.4571250000000049,0.4571250000000049,0.4571250000000049,0.7063750000000084,0.45787500000000136,0.45787500000000136,0.45787500000000136,0.45787500000000136,0.45787500000000136,0.45787500000000136,0.20862500000001205,0.20862500000001205,0.20862500000001205,0.20862500000001205,0.20862500000001205,0.20862500000001205,0.20862500000001205,0.20862500000001205,0.20862500000001205,0.20862500000001205,0,0
2892,6116,-0.11725999999999281,-0.11725999999999281,-0.11725999999999281,-0.11725999999999281,-0.11725999999999281,-0.11725999999999281,-0.11725999999999281,-0.11725999999999281,-0.11725999999999281,-0.11725999999999281,-0.11725999999999281,-0.11725999999999281,-0.11725999999999281,-0.11725999999999281,-0.11725999999999281,-0.11725999999999281,-0.11725999999999281,-0.11725999999999281,-0.11725999999999281,-0.10725999999999303,-0.10725999999999303,-0.10725999999999303,-0.09725999999999324,0,0
2892,6456,1.1538749999999993,1.1538749999999993,1.1538749999999993,1.1538749999999993,1.1538749999999993,1.1538749999999993,1.1538749999999993,1.1538749999999993,1.1538749999999993,1.1538749999999993,1.1538749999999993,0,0,0,0,0,0,0,0,0,0,0,0,0,0
2892,6505,-0.05637499999998852,-0.05637499999998852,0.4436250000000115,0.4436250000000115,0.4436250000000115,0.4436250000000115,0.4436250000000115,0.4436250000000115,0.4436250000000115,0.4436250000000115,0.4436250000000115,0.4436250000000115,0.4436250000000115,0.4436250000000115,0,0,0,0,0,0,0,0,0,0,0
2915,3673,-0.26599999999999113,-0.26599999999999113,-0.26599999999999113,-0.26599999999999113,0.23437500000002842,0.23437500000002842,0.23400000000000887,0.23400000000000887,0.23400000000000887,0.23400000000000887,0.23400000000000887,0.48475000000001955,0.48475000000001955,0,0,0,0,0,0,0,0,0,0,0,0
2915,6269,0.06975000000002751,0.06975000000002751,0.06975000000002751,0.06975000000002751,0.06975000000002751,0.06975000000002751,0.06975000000002751,0.06975000000002751,0.06975000000002751,0.06975000000002751,0.06975000000002751,0.06975000000002751,0.06975000000002751,1.0682500000000346,1.0682500000000346,1.0682500000000346,1.0682500000000346,1.0682500000000346,1.0682500000000346,1.0682500000000346,1.0682500000000346,1.0682500000000346,1.0682500000000346,0,0
2915,9938,-0.02349999999998431,-0.02349999999998431,-0.02349999999998431,-0.02349999999998431,-0.02349999999998431,-0.02349999999998431,-0.02349999999998431,-0.02349999999998431,-0.02349999999998431,-0.02349999999998431,-0.02349999999998431,0,0,0,0,0,0,0,0,0,0,0,0,0,0
3481,6269,1.487450000000008,1.487450000000008,1.487450000000008,1.487450000000008,1.487450000000008,1.487450000000008,1.487450000000008,1.487450000000008,1.487450000000008,1.487450000000008,1.487450000000008,1.487450000000008,1.487450000000008,1.487450000000008,1.5374500000000086,4.0337000000000405,4.0337000000000405,4.0337000000000405,4.0337000000000405,4.0337000000000405,4.0337000000000405,4.0337000000000405,4.0337000000000405,0,0
3673,6116,0.7332500000000124,0.7332500000000124,0.7332500000000124,0.7332500000000124,0.7332500000000124,0.7332500000000124,0.7332500000000124,0.7332500000000124,0.7332500000000124,0.7332500000000124,0.7332500000000124,1.232500000000016,1.232500000000016,1.232500000000016,1.232500000000016,1.232500000000016,1.232500000000016,1.232500000000016,1.232500000000016,1.232500000000016,1.232500000000016,1.232500000000016,1.232500000000016,0,0
3673,6505,3.5757500000000846,3.5757500000000846,3.5757500000000846,3.5757500000000846,3.5757500000000846,3.5757500000000846,3.5757500000000846,3.5757500000000846,3.5757500000000846,3.5757500000000846,3.5757500000000846,1.18125000000002,1.18125000000002,1.18125000000002,1.18125000000002,1.18125000000002,1.18125000000002,1.18125000000002,1.18125000000002,1.18125000000002,1.18125000000002,1.18125000000002,1.18125000000002,0,0
6269,6456,2.5032500000000084,2.5032500000000084,2.5032500000000084,2.5032500000000084,2.5032500000000084,2.5032500000000084,2.5032500000000084,2.5032500000000084,2.5032500000000084,2.5032500000000084,2.5032500000000084,3.0032500000000084,3.0032500000000084,4.99950000000004,4.99950000000004,4.99950000000004,4.99950000000004,4.99950000000004,4.99950000000004,4.99950000000004,4.99950000000004,4.99950000000004,4.99950000000004,0,0
6269,9938,0.5505000000000138,0.5505000000000138,0.5505000000000138,0.5505000000000138,0.5505000000000138,0.5505000000000138,0.5505000000000138,0.5505000000000138,0.5505000000000138,0.5505000000000138,0.5505000000000138,1.0497500000000173,1.0497500000000173,3.546000000000049,3.546000000000049,3.546000000000049,3.546000000000049,3.546000000000049,3.546000000000049,3.546000000000049,3.546000000000049,3.546000000000049,3.546000000000049,0,0
6456,6505,1.9679999999999893,1.9679999999999893,-0.03799999999998249,-0.03799999999998249,-0.03799999999998249,-0.03799999999998249,-0.03799999999998249,-0.03799999999998249,-0.03799999999998249,-0.03799999999998249,-0.03799999999998249,-0.03799999999998249,-0.03799999999998249,-0.03799999999998249,-0.03799999999998249,-0.03799999999998249,-0.03799999999998249,-0.03799999999998249,-0.03799999999998249,0,0,0,0,0,0
