1101,1102,1216,1227,1301,1303,1314,1319,1326,1402,1434,1476,1477,1504,1536,1590,1605,1704,1717,1722,1723,1789,1802,1909,2002,2015,2049,2059,2103,2105,2106,2201,2204,2207,2227,2231,2301,2303,2308,2311,2313,2317,2324,2325,2327,2330,2337,2344,2345,2347,2352,2353,2354,2356,2357,2360,2371,2376,2377,2379,2382,2383,2385,2395,2408,2409,2412,2439,2448,2449,2451,2454,2474,2492,2498,2542,2603,2606,2610,2615,2618,2633,2723,2801,2809,2812,2823,2834,2845,2867,2880,2881,2882,2883,2884,2885,2886,2887,2888,2890,2891,2892,2912,2915,3008,3019,3034,3044,3045,3189,3231,3406,3443,3481,3532,3673,3682,3702,3706,4904,4915,4938,4943,4958,5264,5522,5871,5880,6116,6176,6239,6269,6285,6409,6414,6415,6452,6456,6505,8454,8464,9904,9910,9914,9917,9921,9933,9938,9941,9945
44.6818652849741,33.0479274611399,76.7908333333333,62.025,109.0,84.9818181818182,12.75,48.8928571428571,117.0,29.3876344086021,33.55,341.4375,131.5,23.2,145.602739726027,433.722222222222,19.7440555555556,44.45,28.0833333333333,42.1275510204082,146.785714285714,31.8375,17.0,26.9051282051282,23.4,58.8,363.603365384615,434.0,30.6142857142857,45.0,32.8,21.7,28.5,270.125,252.0,364.0,37.3,17.5025667351129,110.079268292683,,32.5498487140696,80.8906214689265,19.2017045454545,,941.819327731092,215.511572606214,43.6756281407035,19.0,80.153007518797,46.3917004048583,21.05,24.9485225505443,72.1,24.15,274.0,159.0,26.8158075601375,67.4016806722689,97.1,111.5,53.4798507462687,78.1666666666667,68.9645161290323,200.026315789474,84.2318567389255,12.800645994832,109.5,138.5,39.0918384879725,28.0331932773109,85.7,305.040540540541,326.559701492537,320.054662379421,56.4897435897436,45.8,13.700101010101,32.5,9.82083798882682,16.65,15.0,23.5,300.0,17.5521739130435,33.05,10.5,32.0569444444444,9.51942675159236,10.1,16.4,17.5519337016575,50.8897840968931,53.1964622641509,11.2048387096774,21.2,13.903416856492,26.6322742474916,14.45,11.85,11.1,21.8092298288509,20.4453448275862,336.972222222222,62.4780487804878,4393.92857142857,91.6111627906976,135.852380952381,81.4951219512195,110.0,52.1475247524752,22.6925101214575,471.571428571429,284.432773109244,11.1993111366246,139.159375,62.5709923664122,8.09,43.4376602564103,32.8,77.0,57.5952380952381,63.0044345898005,282.735294117647,66.3224137931035,72.7,32.1272727272727,101.252777777778,17.6907488986784,9.33683168316832,60.6,87.5,91.1,71.1,500.5,424.0,742.0,378.944444444445,192.460992907801,119.5,211.5,267.0,35.1630952380952,139.978723404255,136.5,89.1,124.266666666667,49.5,68.3,118.5,35.55
44.3543103448276,32.9113636363636,76.8181818181818,62.025,109.0,84.5394736842105,12.7352941176471,48.7333333333333,116.988372093023,29.2813725490196,33.55,341.0,131.5,23.2,145.890625,429.928571428571,19.6604790419162,44.45,28.0,42.0264367816092,146.285714285714,31.76,17.0,26.95,23.4,58.8,361.333333333333,435.0,30.6142857142857,44.95,32.8,21.7275862068966,28.5,270.125,252.0,364.0,37.2508620689655,17.5649305555556,110.033333333333,,32.5581196581197,80.6259810554804,19.2,,939.461187214612,215.200934579439,43.5247747747748,18.9771767810026,80.296875,46.15,21.1037974683544,24.8878640776699,72.2833333333333,24.1452380952381,273.5,158.5,26.8683982683983,66.9849315068493,96.6753012048193,111.714285714286,53.3210526315789,78.1,68.9181818181818,200.0,84.0384839650146,12.8011111111111,109.5,138.384615384615,39.1609561752988,27.91875,85.2714285714286,304.97619047619,327.263888888889,321.691304347826,56.3736842105263,45.8,13.7057692307692,32.45,9.82083798882682,16.65,15.0,23.5,298.333333333333,17.5607142857143,33.05,10.5,32.1333333333333,9.5004,10.1,16.35,17.5519337016575,50.8379562043796,53.1596638655462,11.25,21.1597222222222,13.9008620689655,26.6,14.45,11.8446524064171,11.1,21.8408695652174,20.4041484716157,335.661764705882,62.3595238095238,4375.0,91.8373134328358,135.003424657534,81.2625,110.494565217391,51.939705882353,22.651,472.0,283.28313253012,11.1833333333333,141.112582781457,62.5195488721805,8.08837837837838,43.03125,32.75,77.4571428571429,57.4833333333333,63.0869565217391,281.7,66.6,72.7,32.0583333333333,100.572368421053,17.7,9.32,60.6,86.9,91.0076923076923,71.3,500.0,424.0,742.0,378.944444444445,192.010638297872,119.321428571429,211.5,265.09375,35.2,144.777777777778,137.125,89.1,125.733333333333,49.4833333333333,68.25,118.5,35.55
44.4052083333333,32.9068181818182,76.7405405405405,62.2,109.472222222222,84.596,12.7,48.7333333333333,116.708333333333,29.1488095238095,33.55,341.0,131.5,23.2,144.833333333333,429.392857142857,19.6953389830508,44.5,28.0,41.9038043478261,146.0,31.76,17.0375,26.95,23.44,58.8,362.08125,435.166666666667,30.6142857142857,44.975,32.8,21.725,28.55,270.125,252.0,364.0,37.25,17.5320512820513,110.166666666667,,32.5288690476191,80.5282105263158,19.2,,940.586776859504,215.417519181586,43.3659751037344,18.9834016393443,80.3235294117647,46.0326086956522,21.0945652173913,24.7983827493261,72.155,24.1,273.5,158.315789473684,26.6689393939394,66.7583333333333,96.7578947368421,111.714285714286,53.3444444444445,78.1,68.9,200.428571428571,84.1035897435897,12.8,109.566666666667,138.5,39.0770618556701,27.9,85.05,303.897790055249,328.47619047619,321.816265060241,56.3285714285714,45.8277777777778,13.6826530612245,32.4,9.84,16.65,14.9519230769231,23.4535714285714,297.0,17.6,33.025,10.5,32.1060606060606,9.48241176470588,10.1,16.4,17.6,50.9,53.1364123159304,11.24609375,21.1261574074074,13.8550387596899,26.5931818181818,14.45,11.8111940298507,11.1,21.8071678321678,20.3964285714286,334.5,62.3058823529412,4385.0,91.6527272727273,135.0,81.0257575757576,110.0,51.8133333333333,22.65,470.0,283.271186440678,11.1612359550562,143.12874251497,62.5727272727273,8.06964285714286,43.014,32.75,77.7,57.3,63.1,282.642857142857,66.5894736842105,71.2,32.0040983606557,100.5,17.7,9.32,60.6,86.9,90.9585365853658,71.2,500.0,423.25,742.0,378.944444444445,191.65,119.5,211.5,265.875,35.16,144.357142857143,137.125,89.1,126.75,49.45,68.25,118.5,35.55
44.4095238095238,32.9125,76.7833333333333,62.2,109.5,84.5282051282051,12.7488372093023,48.7333333333333,117.053191489362,29.0851851851852,33.55,340.846153846154,132.0,23.2,143.816666666667,432.0,19.688125,44.5,28.0,41.9777777777778,146.0,31.75,17.0375,26.95,23.4,58.8,364.0,435.166666666667,30.6142857142857,44.95,32.8,21.75,28.5625,270.0,252.0,364.0,37.289880952381,17.5076530612245,110.0,,32.4331967213115,80.4685610640871,19.2,,943.078125,215.454411764706,43.3268987341772,19.0,80.7761904761905,45.975,21.05,24.7145953757225,72.1625,24.1,273.5,157.916666666667,26.6102836879433,66.8266666666667,96.7132075471698,111.666666666667,53.3675675675676,78.0111111111111,68.9,200.5,84.0721830985916,12.7974690663667,109.583333333333,138.40625,39.0926666666667,27.9,85.1,302.747881355932,328.0,322.193548387097,56.38,45.7583333333333,13.6516666666667,32.4,9.84,16.65,14.9519230769231,23.4535714285714,297.0,17.6,33.0833333333333,10.5,32.1,9.48029411764706,10.08,16.4,17.576455026455,50.9525547445255,53.2886666666667,11.235,21.0925,13.8923529411765,26.6,14.4548387096774,11.8466666666667,11.1,21.7653094462541,20.4416666666667,334.5,62.2,4395.71428571429,91.4243902439024,136.0,81.0,110.142857142857,51.5225,22.6088888888889,469.189189189189,284.351351351351,11.1794871794872,142.395061728395,62.6076923076923,8.0508064516129,43.0151515151515,32.785,77.7666666666667,57.35,63.0484210526316,284.785714285714,66.6,71.3,31.9240740740741,100.5,17.655,9.32962025316456,60.6,87.0,90.9,71.3,501.8,423.25,742.0,375.75,191.859375,119.264705882353,211.5,267.5,35.1380952380952,142.75,137.5,89.1,126.75,49.3928571428571,68.0,118.5,35.55
44.4058823529412,32.9175,76.8,62.0,109.5,84.5,12.7,48.7,117.5,29.1166666666667,33.55,340.333333333333,132.0,23.1927536231884,143.183168316832,432.0,19.6752100840336,44.50625,27.95,41.9833333333333,146.0,31.72,17.0,26.95,23.44375,58.8,363.140350877193,436.0,30.6142857142857,44.9307692307692,32.8,21.75,28.55,270.0,252.0,364.0,37.2555555555555,17.4583916083916,110.0,,32.3619047619048,80.3043554006969,19.19,,946.326530612245,215.595,43.5024539877301,18.9674757281553,81.1578947368421,45.94,21.05,24.6958128078818,72.1,24.053125,273.5,157.5,26.7007407407407,66.9529411764706,96.4542553191489,111.5,53.3,78.125,68.9,200.5,83.8185185185185,12.7706896551724,109.5,138.269230769231,38.9601715686275,27.8888888888889,85.0222222222222,303.210144927536,327.380952380952,323.029411764706,56.284,45.6,13.6454861111111,32.4,9.84,16.6,14.9526315789474,23.4535714285714,297.0,17.5921052631579,33.09,10.5,32.07,9.47990291262136,10.0545454545455,16.3625,17.55,50.9519801980198,53.2077481840194,11.2463414634146,21.0551652892562,13.8617647058823,26.5686567164179,14.472619047619,11.8303921568627,11.1,21.809068627451,20.4130952380952,334.3,62.2678571428571,4412.5,91.2736263736264,136.0,81.0354166666667,110.5,51.3292307692308,22.6,465.254504504504,285.883333333333,11.1887096774194,143.831775700935,62.5925925925926,8.04882352941176,43.1,32.785,77.9,57.4,63.0869565217391,284.821428571429,66.6,71.3,31.8954545454545,100.5,17.6686046511628,9.32065573770492,60.52,87.15,90.8951219512195,71.3,500.6,421.5,742.0,377.5,191.736111111111,119.423076923077,211.5,267.5,35.15,142.166666666667,137.777777777778,89.1,127.166666666667,49.2705882352941,67.85,118.5,35.54
44.4315789473684,32.9975308641975,76.8,62.2,109.5,84.5076923076923,12.73,48.7,117.5,29.071875,33.55,339.857142857143,132.0,23.12,143.055555555556,433.166666666667,19.6233062330623,44.5147058823529,27.95,41.9682926829268,146.0,31.6642857142857,17.0,26.9454545454545,23.449,58.7066666666667,362.62037037037,436.25,30.7,44.8913043478261,32.8,21.75,28.55,270.0,252.0,361.125,37.2428571428571,17.4895953757225,110.03125,,32.3497524752475,80.3476482617587,19.2,,944.95,215.647368421053,43.572641509434,18.9542704626335,81.1818181818182,45.8742857142857,21.0519230769231,24.6909785932722,72.1,24.05,273.5,157.5,26.7441176470588,67.0368421052631,96.5876288659794,111.5,53.2353535353535,78.2,68.8,200.5,83.5047945205479,12.7864864864865,109.892857142857,138.5,38.5951257861635,27.9,85.0222222222222,303.0,327.2,323.779411764706,56.3,45.6,13.65,32.3166666666667,9.84875,16.6181818181818,14.95,23.45,297.0,17.65,33.05,10.4615384615385,32.0518518518518,9.48139240506329,10.1,16.4,17.55,50.9990521327014,53.2,11.2441176470588,21.0594339622641,13.8522222222222,26.6,14.4545454545455,11.8375,11.1,21.801376146789,20.4125,334.5,62.3,4425.0,91.4095238095238,136.0,81.4,110.5,51.396,22.6,461.420152091255,284.933333333333,11.1809523809524,144.347517730496,62.6714285714286,8.04118421052631,43.1340909090909,32.8,77.9875,57.525,63.0464285714286,283.0,66.52,71.5076923076923,31.85,100.5,17.696875,9.32,60.502380952381,87.12,90.95,71.0272727272727,502.0,421.5,742.0,377.5,191.55,119.423076923077,211.5,267.5,35.15,142.085365853659,137.777777777778,89.1,127.0,49.3142857142857,68.0,118.5,35.5147058823529
44.4055555555555,33.078947368421,76.7380952380952,62.2,109.5,84.5230769230769,12.75,48.6,117.515151515152,29.0833333333333,33.55,338.272727272727,132.0,23.15,143.576923076923,434.818181818182,19.6022471910112,44.55,27.95,41.9158536585366,146.0,31.65,17.0,26.904347826087,23.4192307692308,58.6142857142857,362.223684210526,436.125,30.8333333333333,44.8041666666667,32.8045454545454,21.75,28.55,270.0,252.5,360.5,37.2019230769231,17.544298245614,110.0,,32.3213836477987,80.4889447236181,19.15,,944.4,215.402985074627,43.6106164383562,18.9396306818182,80.8571428571429,45.7363636363636,21.05,24.7541095890411,72.1142857142857,24.0625,273.5,157.5,26.8,67.1086956521739,96.714606741573,111.5,53.2,78.2,68.7307692307692,200.5,83.4488215488215,12.7542682926829,109.6,138.0,38.7020588235294,27.85,85.0,302.670212765957,327.166666666667,323.40625,56.1777777777778,45.5666666666667,13.6077419354839,32.3,9.84384615384616,16.6505154639175,14.95,23.45,297.0,17.6272727272727,33.1,10.5,32.05,9.4744,10.1,16.4,17.5875,50.9769696969697,53.1959016393443,11.2485981308411,21.0552631578947,13.8632653061224,26.6392857142857,14.45,11.85,11.0565217391304,21.8267441860465,20.45,334.833333333333,62.3,4430.0,91.38,136.25,81.22,110.5,51.6230769230769,22.5684210526316,461.752873563218,284.129310344828,11.1501733102253,144.080459770115,62.5315789473684,8.035625,43.1136363636364,32.76,78.0,57.6,63.0259615384615,282.282608695652,66.5352941176471,71.9,31.816,100.5,17.69,9.32,60.4677419354839,87.3,90.9333333333333,71.1,501.0,420.25,742.0,377.5,191.25,120.0,211.5,267.5,35.1147058823529,142.462962962963,137.5,89.1,127.0,49.3,67.9,118.5,35.5
44.4,33.0592105263158,76.8,62.2,110.0,84.608,12.75,48.65,118.0,29.1055555555556,33.6,338.333333333333,132.1,23.15,143.916666666667,432.277777777778,19.6416666666667,44.5,27.95,41.8901785714286,146.0,31.65625,17.0,26.9,23.4462365591398,58.6142857142857,360.413333333333,437.333333333333,30.85,44.85,32.8045454545454,21.75,28.55,270.0,254.0,360.5,37.2,17.5152173913043,110.0,,32.3,80.5606936416185,19.1426315789474,,946.070175438596,215.441666666667,43.5152,18.9442528735632,80.6842105263158,45.7714285714286,21.0407407407407,24.815306122449,72.1894736842106,24.05,273.5,157.472222222222,26.8226666666667,67.0,96.7930693069307,111.5,53.2409090909091,78.2782608695652,68.7307692307692,200.5,83.5235294117647,12.7505208333333,109.5,138.333333333333,38.7857142857143,27.8306547619048,85.0,302.696581196581,327.5,323.257575757576,55.9430769230769,45.55,13.6144,32.3,9.82928571428572,16.65,14.94,23.4642857142857,296.5,17.65,33.05,10.4590909090909,32.0411764705882,9.48,10.05,16.4,17.5625,51.0138211382114,53.1354609929078,11.2037037037037,21.0556451612903,13.8583333333333,26.65,14.4461538461538,11.8190476190476,11.1,21.8416666666667,20.4009615384615,334.75,62.2451612903226,4430.0,91.3438596491228,136.0,81.325,110.5,51.5666666666667,22.5694444444444,462.967948717949,283.421875,11.1390625,145.938356164384,62.5172413793103,8.02741666666667,43.13125,32.8,78.0444444444444,57.7,63.0285714285714,281.875,66.7,71.9,31.7,100.5,17.6958333333333,9.31,60.42,87.4,90.95,71.3,500.0,420.25,742.0,377.5,191.0,119.5,211.5,267.5,35.11,142.615384615385,136.970588235294,89.1,126.5,49.3,67.88,118.5,35.4720883534136
44.3546875,33.0487804878049,76.76,62.2,109.5,84.8,12.73125,48.5333333333333,117.590909090909,29.1125,33.6,338.571428571429,132.1,23.1166666666667,143.78125,433.75,19.6523943661972,44.5,27.9,41.8526315789474,146.0,31.6153846153846,17.0,26.8262711864407,23.45,58.7,357.922794117647,437.7,30.85,44.8416666666667,32.85,21.75,28.5583333333333,270.0,254.0,360.5,37.1717821782178,17.4975609756098,110.1,,32.3046511627907,80.5422360248447,19.125,,945.041666666667,215.455357142857,43.4470588235294,18.955737704918,80.6043478260869,45.871875,21.0407407407407,24.837074829932,72.15,24.0625,273.0,157.0,26.8728758169935,66.9208333333333,96.7108695652174,111.5,53.2727272727273,78.6,68.7307692307692,200.5,83.6413043478261,12.7535714285714,109.5,138.5,38.8112068965517,27.7628205128205,84.7933333333333,302.564285714286,326.692307692308,323.897727272727,55.7984126984127,45.55,13.6049019607843,32.2794117647059,9.82009615384615,16.65,14.95,23.5,296.5,17.6121951219512,33.05,10.4642857142857,32.0470588235294,9.485,10.0566666666667,16.4,17.55,51.0081081081081,53.2181318681319,11.25,21.0518404907975,13.8633333333333,26.6425,14.4357142857143,11.8480158730159,11.1,21.8398305084746,20.4428571428571,335.0,62.1,4442.0,91.3275862068966,135.882352941176,81.3,110.5,51.6,22.55,462.561728395062,282.476744186046,11.15,148.254847645429,62.5166666666667,8.01292096219931,43.1181818181818,32.7482142857143,78.1406779661017,57.8571428571428,63.0466666666667,282.041666666667,66.7,71.9,31.74375,100.5,17.7,9.30397993311037,60.36,87.2857142857143,91.0,71.3,500.0,420.25,742.0,377.5,191.022727272727,119.75,209.0,267.5,35.1447368421053,143.137931034483,136.970588235294,89.1,126.5,49.2666666666667,67.9,118.5,35.3046875
44.3392857142857,33.0,76.8232558139535,62.0,109.666666666667,84.825,12.7,48.496875,117.75,29.1090909090909,33.6,339.392857142857,132.1,23.1166666666667,144.0,433.1875,19.65,44.5125,27.9,41.9,145.9375,31.6340909090909,16.9533333333333,26.75,23.45,58.7,358.779220779221,438.9,30.8,44.8535714285714,32.85,21.75,28.55,270.0,252.5,359.5,37.1,17.5037953795379,110.0,,32.3104895104895,80.5191489361702,19.1035714285714,,946.645161290323,215.364864864865,43.4446666666667,18.9641666666667,80.7133333333333,45.871875,21.0066666666667,24.8085106382979,72.2,24.05,273.0,157.0,26.8976190476191,66.8923076923077,96.7758620689655,111.5,53.3,78.9063829787234,68.7307692307692,200.0,83.7909090909091,12.7727272727273,109.5,138.5,38.8175675675676,27.7,84.7,302.980769230769,326.75,323.936170212766,55.7085714285714,45.50625,13.6486363636364,32.2,9.80113475177305,16.65,14.95,23.5,295.875,17.65,33.05,10.5,32.0157142857143,9.49073529411765,10.1,16.4,17.55,51.0893939393939,53.3405913978495,11.2573170731707,21.1,13.9,26.65,14.4473333333333,11.8131578947368,11.0990118577075,21.8425373134328,20.42,335.333333333333,62.01,4468.33333333333,91.3,135.5,81.26,110.5,51.6083333333333,22.5447169811321,462.236842105263,282.6,11.15,148.43231441048,62.458,8.02230769230769,43.1071428571428,32.7,78.3,57.675,63.0495145631068,281.681818181818,66.7,71.6,31.75,100.5,17.6977011494253,9.26527559055118,60.3,87.15,90.9857142857143,71.1,500.0,418.1875,742.0,377.5,191.413793103448,119.5,209.0,267.5,35.125,143.568965517241,136.970588235294,89.1,126.75,49.3,67.9538461538462,118.5,35.3525
44.3611111111111,32.985,76.9,62.2875,109.967741935484,84.8193548387097,12.6897243107769,48.5166666666667,117.516129032258,29.075,33.6478260869565,339.392857142857,132.1,23.15,143.954545454545,433.0,19.6479096989967,44.55,27.9,41.9,145.5,31.5833333333333,16.9109375,26.8,23.45,58.7,360.0,438.75,30.8,44.840625,32.85,21.8119718309859,28.55,270.0,252.5,359.25,37.1285714285714,17.5,110.285714285714,,32.3087591240876,80.5059360730594,19.1029850746269,,952.661157024793,215.484126984127,43.4452702702703,18.972131147541,80.9655172413793,45.9074074074074,21.0,24.8,72.2071428571429,24.0533333333333,273.3,157.384615384615,26.833125,66.8638888888889,97.0510416666667,111.142857142857,53.3052631578947,78.9125,68.85,200.25,83.883064516129,12.75,109.526315789474,138.5,38.8484375,27.7441176470588,84.7,303.480769230769,327.166666666667,326.391509433962,55.7651162790698,45.525,13.6056179775281,32.15,9.78,16.65,14.95,23.5,293.0,17.6051886792453,33.05,10.5,32.0776595744681,9.48971428571429,10.1,16.45,17.55,51.1793650793651,53.425748502994,11.2890410958904,21.0846153846154,13.8722222222222,26.65,14.4508771929825,11.8234375,11.1380239520958,21.845564516129,20.4458333333333,335.333333333333,62.01,4475.0,91.3153846153846,135.925,81.2428571428572,110.875,51.7705882352941,22.5,465.747474747475,283.116666666667,11.1422535211268,149.383966244726,62.2571428571429,8.03066666666667,43.1527777777778,32.7583333333333,78.2327272727273,57.5,63.037037037037,281.75,66.6666666666667,71.5,31.75,101.0,17.7,9.27169811320755,60.35,87.0857142857143,90.9888888888889,71.1,500.0,416.727272727273,742.0,375.5,191.02,120.0,209.0,267.5,35.15,143.428571428571,136.5,89.1,126.75,49.30625,67.9538461538462,118.5,35.4
44.35,33.0,76.945,62.2875,109.933333333333,84.7125,12.7381742738589,48.5,118.0,29.15,33.5928571428571,340.5,132.1,23.1,144.236842105263,432.833333333333,19.6774038461538,44.55,27.9,41.9,146.0,31.65,16.8534482758621,26.8,23.45,58.7,360.413043478261,438.5,30.8,44.85,32.85,21.85,28.55,270.0,252.5,359.25,37.1473684210526,17.5055555555556,110.0,,32.3188405797101,80.5404255319149,19.15,,954.945945945946,215.5,43.5624031007752,18.9979878048781,81.1674418604651,46.0308510638298,21.0,24.8609090909091,72.3833333333333,24.05625,273.3,157.85,26.8634615384615,67.0068181818182,97.6395061728395,111.5,53.296,78.8,68.92,200.5,83.9514705882353,12.7630081300813,109.5,138.75,38.9651260504202,27.7475,85.0,303.433333333333,328.0,328.620805369128,55.834375,45.5,13.6272321428571,32.2,9.7825,16.65,14.95,23.5,292.5,17.65,33.1,10.5,32.1,9.49,10.1,16.45,17.55,51.204984423676,53.5,11.3033755274262,21.0583333333333,13.88125,26.6363636363636,14.45,11.85,11.1,21.8410256410256,20.4,336.428571428571,61.9966666666667,4463.5,91.5542857142857,136.5,81.4375,110.666666666667,51.7416666666667,22.5494252873563,467.575,284.75,11.1491869918699,150.602990033223,62.3328571428571,8.04,43.2,32.6933333333333,78.2666666666667,57.7,63.0511111111111,282.566666666667,66.7333333333333,71.9714285714286,31.85,101.5546875,17.7,9.27847826086957,60.45625,87.0,91.36875,71.1142857142857,500.0,418.333333333333,742.0,375.5,191.5,120.0,209.0,268.5,35.1428571428571,143.607142857143,136.5,89.1,126.5,49.3,67.8,118.5,35.4
44.3633333333333,33.0083333333333,77.0,62.2,109.953125,84.76,12.75,48.5666666666667,117.9375,29.1,33.6,340.8,132.1,23.1,144.5,433.125,19.7195553021665,44.55,27.9,41.9,146.5,31.6583333333333,16.85,26.8,23.45,58.7,361.287878787879,437.333333333333,30.8,44.85,32.85,21.8,28.55,270.0,252.5,359.25,37.15,17.5490909090909,110.0,,32.3816176470588,80.5745098039216,19.2,,954.942857142857,215.51205510907,43.7171111111111,19.0872233400402,81.2869565217391,46.2,20.9958549222798,24.9134715025907,72.4,24.0514705882353,273.333333333333,157.85,26.9605263157895,67.02,97.7353846153846,112.027777777778,53.4176470588235,78.7625,69.0,200.5,84.0230088495575,12.7885964912281,109.5,139.095238095238,39.1612627986348,27.7333333333333,84.9833333333333,303.486486486487,328.5,329.058441558442,56.0955555555556,45.51,13.6008928571429,32.2,9.78294117647059,16.65,14.95,23.45,292.0,17.65,33.125,10.5,32.14375,9.5,10.1,16.425,17.55,51.3,53.494537815126,11.2910472972973,21.1,13.88,26.65,14.45,11.8454545454545,11.15,21.8576241134752,20.45,336.5,62.0,4451.66666666667,91.9292682926829,136.5,81.5736842105263,110.5,51.9486486486486,22.5522727272727,467.843023255814,283.369565217391,11.15,150.232558139535,62.475,8.03714285714286,43.2,32.7,78.25,57.7,63.0956521739131,283.583333333333,66.8,71.92,31.8333333333333,102.0,17.7,9.29725,60.4,87.0,91.5071428571429,71.22,500.0,418.0,742.0,374.735294117647,191.642857142857,120.0,209.0,268.5,35.1666666666667,143.5,136.5,89.1,127.0,49.2642857142857,67.8,118.5,35.3833333333333
44.4447916666667,33.055303030303,77.006976744186,62.2,109.985714285714,84.7647058823529,12.75,48.5666666666667,118.0,29.15,33.6,341.75,132.115384615385,23.1,144.975,432.0,19.7809954751131,44.55,27.9,41.89375,146.5,31.675,16.85,26.8214285714286,23.45,58.7,359.945945945946,437.333333333333,30.8,44.8055555555556,32.87,21.85,28.55,270.0,252.5,359.25,37.15,17.5174242424242,110.1,,32.5091397849462,80.6,19.2,,954.081081081081,215.743243243243,43.6442771084337,19.0203619909502,81.008,46.13,20.9979166666667,24.9464285714286,72.4305555555556,24.0642857142857,273.5,159.0,27.141061452514,67.1076923076923,97.775,112.5,53.6,78.7,69.1230769230769,200.5,84.0505376344086,12.7734042553192,109.5,139.5,39.3966606498195,27.74375,85.1,301.930473372781,328.8,328.581632653061,56.1833333333333,45.5421052631579,13.64,32.2,9.7886,16.65,14.95,23.45,292.0,17.65,33.125,10.5,32.15,9.4975,10.1,16.425,17.5505952380952,51.3,53.5717948717949,11.2732142857143,21.0583333333333,13.8833333333333,26.6471428571429,14.4532258064516,11.85,11.15,21.8518229166667,20.41125,337.0,62.0428571428571,4443.33333333333,92.0159090909091,136.5,81.5736842105263,110.5,52.11,22.6,466.901408450704,284.068181818182,11.1625,149.94512195122,62.4777777777778,8.0378947368421,43.2090909090909,32.704347826087,78.25,57.8333333333333,63.0505263157895,284.4,66.7666666666667,71.9,31.8333333333333,101.9,17.6798387096774,9.3,60.4,86.9833333333333,91.55,71.4,500.0,419.625,742.0,374.0,191.833333333333,119.833333333333,209.0,268.583333333333,35.2,143.5,136.5,89.1,127.0,49.35,67.8,118.5,35.4
44.5596875,33.05,77.1,62.2,109.712121212121,84.7379310344828,12.75,48.5666666666667,117.922818791946,29.13,33.6,342.0,131.5,23.15,145.0,433.0,19.7423192771084,44.55,27.9,41.934375,147.5,31.7277777777778,16.9,26.84375,23.4875,58.6090909090909,359.147058823529,437.333333333333,30.8,44.85,32.87,21.8,28.55,270.0,252.5,359.25,37.19,17.5,110.2,,32.5838028169014,80.6279116465863,19.2,,954.541666666667,215.963235294118,43.6133928571429,18.967828685259,80.9526315789474,46.16,21.0483333333333,24.9484615384615,72.4073170731707,24.05,273.5,159.0,27.2480629539952,67.2,97.8,112.5,53.5,78.65,69.3866666666667,200.5,84.0216216216216,12.7575581395349,109.5,139.5,39.2709090909091,27.7333333333333,85.15,300.201257861635,329.0,329.239726027397,56.0666666666667,45.5,13.65,32.103125,9.78566666666667,16.65,14.9254545454545,23.45,292.0,17.6333333333333,33.125,10.45,32.15,9.49,10.1,16.4,17.5647058823529,51.3513888888889,53.500325732899,11.2645833333333,21.1,13.88,26.65,14.4854166666667,11.8586206896552,11.15,21.8935483870968,20.4004504504504,336.944444444445,62.05,4440.0,92.0925925925926,136.5,81.7777777777778,110.5,52.1375,22.57,465.216666666667,284.642857142857,11.2,149.852564102564,62.6,8.039,43.25,32.75,78.25,57.9,63.1084745762712,284.75,66.6,71.9083333333333,31.875,101.625,17.714,9.3,60.5,86.9,91.5,71.5,500.0,419.625,740.0,374.0,191.8125,120.0,208.833333333333,268.6,35.1983333333333,143.454545454545,136.5,89.1,127.0,49.375,68.0,118.5,35.3564102564102
44.6263157894737,33.0492647058824,77.1,62.5,110.0,84.8076923076923,12.7083333333333,48.5,118.0,29.1333333333333,33.6,341.333333333333,131.5,23.15,144.5,431.5,19.8064583333333,44.55,27.9,41.93,147.5,31.8,16.85,26.809375,23.4529411764706,58.6090909090909,359.890243902439,437.333333333333,30.8,44.85,32.87,21.8,28.6,270.5,252.5,359.25,37.2,17.5676086956522,110.333333333333,,32.572972972973,80.6967637540453,19.2,,954.25,215.926470588235,43.695,19.0258373205742,80.8595238095238,46.2,21.0185185185185,24.9195121951219,72.2483870967742,24.05,273.5,159.0,27.2594936708861,67.2888888888889,97.6337837837838,112.5,53.475,78.65,69.3866666666667,200.5,83.9442028985507,12.7848837209302,109.5,139.9,39.3002702702703,27.7142857142857,85.275,300.139053254438,329.0,328.890625,56.1,45.5,13.5868821292776,32.1,9.784,16.65,14.9045454545455,23.5,292.0,17.65,33.1,10.4561131386861,32.1041666666667,9.48769230769231,10.1,16.4,17.5981481481481,51.3105263157895,53.4212765957447,11.2645833333333,21.0659090909091,13.8604166666667,26.65,14.4875,11.9,11.15,21.9,20.4003289473684,336.5,62.1,4435.0,92.1096774193548,136.5,81.7,110.5,52.0285714285714,22.5805555555556,468.955,285.0,11.1511173184358,150.512195121951,62.6,8.038,43.2517857142857,32.7833333333333,78.2,57.9,63.2227272727273,285.0,66.6666666666667,71.9833333333333,31.9,102.110687022901,17.7333333333333,9.30444444444445,60.5,86.9833333333333,91.5090909090909,71.7,500.0,419.625,740.0,375.5,192.022727272727,120.0,208.833333333333,268.0,35.1888888888889,143.0,136.5,89.1,127.0,49.375,68.0,118.0,35.3772727272727
44.5333333333333,33.0027777777778,77.135,62.6923076923077,109.946428571429,84.795,12.75,48.5,117.992647058824,29.1,33.6,341.5,131.5,23.15,144.055555555556,432.0,19.9034653465346,44.55,27.9,41.9375,147.5,31.8,16.85,26.8,23.45,58.6,359.62,437.333333333333,30.8,44.85,32.87,21.8,28.6,270.5,252.5,360.5,37.1384615384615,17.5136363636364,110.0,,32.5697674418605,80.736974789916,19.1909722222222,,955.970588235294,215.909090909091,43.6931034482758,19.05,80.7111111111111,46.16875,21.0,24.8941666666667,72.3,24.0583333333333,274.0,159.0,27.1920731707317,67.2655172413793,97.2911764705882,112.5,53.5,78.7,69.2615384615385,200.5,83.9155555555556,12.7583333333333,109.75,139.428571428571,39.3,27.7,85.16,300.465277777778,329.0,328.71,56.0714285714286,45.55,13.5740506329114,32.15,9.78476190476191,16.65,14.95,23.45,292.0,17.65,33.125,10.45,32.0875,9.48461538461538,10.1,16.4,17.5932432432432,51.2882154882155,53.451282051282,11.3,21.075,13.85,26.65,14.4534482758621,11.9,11.1142857142857,21.8693798449612,20.4,337.0,62.1,4438.75,92.2625,136.5,81.75,110.5,52.025,22.58,471.470588235294,284.576923076923,11.1381578947368,149.603448275862,62.6,8.03,43.3,32.7833333333333,78.15,58.1,63.295,285.0,66.6,72.0111111111111,31.85,102.4375,17.7357142857143,9.29978571428572,60.525,87.0,91.3,71.7,500.0,419.0,740.0,375.5,192.5,119.666666666667,208.833333333333,268.0,35.2,143.0,136.5,89.1,127.0,49.375,68.0,118.0,35.4
44.5,33.0421052631579,77.0787234042553,62.9,110.0,84.7956521739131,12.75,48.5,118.0,29.0894444444445,33.6,340.666666666667,131.5,23.15,144.25,432.25,19.9150406504065,44.55,27.85,41.9115384615385,147.5,31.8,16.8583333333333,26.8,23.4375,58.5142857142857,359.62,437.333333333333,30.8,44.8025641025641,32.87,21.8,28.55,270.5,252.5,360.5,37.1046511627907,17.525,110.0,,32.5608695652174,80.6905829596413,19.15,,957.083333333333,215.833333333333,43.7729468599034,19.0352348993289,80.615,46.1568181818182,21.05,24.8880952380952,72.2,24.05,274.0,159.0,27.1137096774194,67.1125,97.1153846153846,112.5,53.4081632653061,78.7,69.2615384615385,200.5,83.9102040816327,12.77,109.75,139.5,39.226582278481,27.7428571428571,85.16,300.986111111111,329.0,328.991071428571,56.00625,45.55,13.5814814814815,32.15,9.786,16.65,14.95,23.4142857142857,291.875,17.6009345794393,33.1,10.45,32.052380952381,9.4825,10.1,16.4,17.5863636363636,51.2188405797101,53.4107843137255,11.2741379310345,21.1,13.8552631578947,26.65,14.5,11.8510162601626,11.15,21.8972,20.408,337.0,62.1,4457.5,92.15,136.5,81.7,110.75,52.04,22.55,470.634920634921,284.735294117647,11.1313513513514,149.5,62.7,8.04,43.2916666666667,32.8,78.15,58.1,63.2916666666667,283.857142857143,66.6,72.0,31.8,102.416666666667,17.7214285714286,9.29,60.525,86.9,91.2,71.6333333333333,500.0,417.5,740.0,375.5,192.5,119.5,209.0,268.0,35.2038461538462,142.3125,136.5,89.1,127.0,49.3833333333333,68.0,118.0,35.35
44.4772727272727,33.0590909090909,76.9241379310345,62.6,110.5,84.8074074074074,12.7222222222222,48.4648648648649,117.986486486486,29.0061224489796,33.6,340.285714285714,131.0,23.15,144.428571428571,432.0,19.884765625,44.55,27.85,41.95,147.5,31.8,16.85,26.8,23.4333333333333,58.5142857142857,360.0,437.333333333333,30.85,44.8,32.87,21.8,28.55,270.5,252.5,360.5,37.1125,17.5,110.0,,32.5371794871795,80.7862385321101,19.1538461538462,,954.818181818182,215.88,43.6693452380952,19.014880952381,80.7064516129032,46.1201492537313,21.0603174603175,24.85,72.3,24.05,274.0,159.0,27.15625,67.1,97.3484848484848,112.5,53.3408163265306,78.8666666666667,69.2615384615385,200.5,83.9015625,12.7592105263158,109.75,139.25,39.1617647058824,27.7642857142857,85.3,300.362745098039,329.0,327.71,56.0,45.6,13.6147058823529,32.15,9.785,16.65,14.9383720930233,23.4142857142857,292.5,17.65,33.1,10.45,32.05,9.48875,10.1,16.4,17.5905405405405,51.2875,53.4294117647059,11.2909090909091,21.1,13.875,26.64,14.5,11.8506172839506,11.1272727272727,21.8905940594059,20.408,336.75,62.15,4467.5,92.0457627118644,136.5,81.8,110.5,52.0,22.5532846715329,471.6,285.166666666667,11.1413361169102,148.863636363636,62.7,8.03385542168675,43.2714285714286,32.8,78.15,58.0,63.3,283.5,66.6,72.0,31.8,102.227272727273,17.7,9.29,60.5,86.9,91.4127659574468,71.6333333333333,500.0,417.5,740.0,375.5,192.717391304348,119.625,209.0,268.0,35.2,142.0,136.5,89.1,127.0,49.4075,68.0,118.0,35.3227272727273
44.4944444444444,33.0666666666667,76.9125,62.7,110.0,84.7227272727273,12.7510504201681,48.35,118.0,28.995652173913,33.6375,340.6,130.5,23.1,144.076923076923,433.25,19.85,44.5604166666667,27.8,41.925,147.5,31.8,16.85,26.7666666666667,23.4388888888889,58.6,359.537037037037,437.333333333333,30.85,44.85,32.87,21.7763157894737,28.55,270.5,252.5,360.5,37.1424528301887,17.53,109.578947368421,,32.5069444444444,80.7875,19.15,,952.78947368421,215.94776119403,43.577397260274,18.9975442043222,80.9666666666667,46.1,21.0306451612903,24.8541666666667,72.3,24.05,274.0,159.0,27.1068181818182,67.0863636363636,97.6125,112.5,53.4022222222222,78.97,69.325,200.5,83.8175438596491,12.7672043010753,109.5,139.3,39.1137096774193,27.8485294117647,85.3,299.25,328.5,326.438775510204,56.1,45.5833333333333,13.64375,32.15,9.78,16.65,15.0,23.4142857142857,292.5,17.65,33.1,10.45,32.05,9.49,10.1,16.4,17.6,51.2101694915254,53.495652173913,11.297619047619,21.0988095238095,13.878125,26.6488888888889,14.5,11.8496124031008,11.1166666666667,21.8829192546584,20.45,337.0,62.1142857142857,4470.0,92.0904761904762,136.5,81.8,110.484771573604,52.0,22.5520491803279,470.271428571429,284.321428571429,11.1462686567164,148.487804878049,62.7,8.04,43.2892857142857,32.8,78.1285714285714,57.95,63.2833333333333,283.0,66.6,72.1666666666667,31.85,102.1875,17.7,9.30054945054945,60.4923076923077,86.9875,91.4,71.6333333333333,500.0,417.0,740.0,375.5,192.5,119.625,209.0,268.0,35.2264705882353,142.0,136.5,89.1,127.0,49.5,68.0,118.0,35.3
44.54,33.0566666666667,76.9,62.7,110.5,84.7258620689655,12.7510504201681,48.4,118.18,28.90625,33.6,341.0,130.516129032258,23.1,144.0,433.25,19.8370253164557,44.6574074074074,27.8,41.9,147.5,31.8,16.85,26.7666666666667,23.4036082474227,58.6,359.916666666667,437.0,30.9,44.8,32.87,21.77,28.55,270.5,252.5,360.5,37.1027272727273,17.4962871287129,110.0,,32.5069444444444,80.7894308943089,19.151724137931,,953.6875,215.75,43.6216666666667,18.9929824561403,80.9846153846154,46.1,21.05,24.8368421052632,72.2666666666667,24.05,274.0,159.0,27.1614130434783,67.147619047619,97.8131578947369,112.5,53.4875,79.25,69.4,200.5,83.8094339622641,12.7785714285714,109.666666666667,139.0,39.059756097561,27.8464285714286,85.3,300.458333333333,329.0,327.666666666667,56.1,45.6,13.6136363636364,32.15,9.7852,16.65,14.95,23.4375,292.5,17.6,33.05,10.45,32.05,9.47979838709678,10.1,16.4,17.6,51.1837004405286,53.4,11.25,21.1003521126761,13.85,26.6357142857143,14.475,11.8318181818182,11.1166666666667,21.8941860465116,20.45,337.625,62.05,4470.0,92.0090909090909,136.5,81.775,110.484771573604,52.1090909090909,22.5657894736842,469.909090909091,283.166666666667,11.15,148.75,62.775,8.04833333333333,43.3017857142857,32.8214285714286,78.1,57.9,63.25,283.0,66.6636363636364,72.1166666666667,31.85,102.4,17.7,9.3,60.5,86.9,91.3,71.6333333333333,500.0,417.0,740.0,376.5,192.5,120.0,209.0,268.0,35.25,142.0,136.5,89.1,127.0,49.5,68.0,118.0,35.3
44.4904761904762,33.0583333333333,76.9,62.5,110.5,84.8718309859155,12.7583333333333,48.36,118.2,28.9,33.6,341.0,130.5,23.1,143.5,433.0,19.8044642857143,44.6574074074074,27.8,41.9,147.0,31.8,16.85,26.7818181818182,23.405,58.6,360.75,437.0,30.85,44.8029411764706,32.87,21.75,28.55,270.5,252.5,360.5,37.15,17.4962962962963,109.615384615385,,32.55,80.7707317073171,19.151724137931,,956.358974358974,215.637931034483,43.64,18.9877777777778,80.9142857142857,46.1,21.05,24.8450704225352,72.3,24.05,274.142857142857,159.0,27.2218411552347,67.1375,97.9320895522388,112.5,53.415625,79.2333333333333,69.4,200.5,83.7870967741935,12.7708333333333,109.588235294118,139.0,39.075,27.7875,85.2,300.6,328.2,328.53125,56.1,45.6,13.6045454545455,32.15,9.785,16.65,14.95,23.45,292.5,17.6384615384615,33.05,10.45,32.05,9.47764705882353,10.1,16.4,17.5646464646465,51.2058823529412,53.3520833333333,11.2743902439024,21.1448275862069,13.86,26.65,14.45,11.8235294117647,11.1,21.8768085106383,20.4055555555556,338.9,62.1,4470.0,92.0629629629629,137.0,81.8,110.0,51.9461538461538,22.575,469.967741935484,283.625,11.1452830188679,148.859375,62.7,8.04,43.3222222222222,32.7772727272727,78.1,58.0,63.3,283.666666666667,66.7,72.3,31.8203125,102.3,17.7,9.3,60.5,86.9,91.3,71.6333333333333,500.0,417.0,735.0,377.0,192.5,120.0,209.0,268.0,35.2,142.54,136.5,89.1,127.0,49.5,68.1,118.0,35.325
44.5,33.0619047619048,76.9666666666667,62.7,110.5,84.7692307692308,12.75,48.3666666666667,118.3125,28.9095238095238,33.6,340.928571428571,130.5,23.1,143.5,433.75,19.8,44.7125,27.8,41.91,147.0,31.8,16.85,26.7517857142857,23.45,58.6,359.946428571429,437.0,30.9,44.8,32.87,21.75,28.55,270.5,252.5,360.5,37.1264705882353,17.5,109.75,,32.58,80.7727272727273,19.15,,960.865384615385,215.866666666667,43.7353448275862,18.9928571428571,80.7272727272727,46.05,21.0485294117647,24.85,72.3,24.0840909090909,274.5,159.0,27.2011235955056,67.1210526315789,97.9454545454546,112.5,53.39375,79.2333333333333,69.4,200.5,83.7,12.7645161290323,110.0,139.0,39.0838709677419,27.75,85.3,300.63698630137,329.083333333333,329.673553719008,56.15,45.6,13.6089743589744,32.25,9.7805,16.65,14.95,23.45,292.5,17.6,33.05,10.4583333333333,32.05,9.48,10.05,16.4,17.6,51.1258620689655,53.3604166666667,11.275,21.15,13.85,26.65,14.45,11.8074074074074,11.15,21.8858333333333,20.4005263157895,339.5625,62.0666666666667,4465.0,92.1454545454545,137.0,81.7833333333333,110.0,51.9,22.5681818181818,469.5,283.5,11.1435064935065,148.7,62.75,8.04125,43.35,32.8,78.1,58.0,63.20625,283.75,66.6131578947368,72.3,31.8428571428571,102.357142857143,17.7,9.3,60.5,86.9166666666667,91.3,71.6,499.0,417.5,735.0,378.0,192.5,119.5,209.0,268.0,35.1590909090909,142.970588235294,137.0,89.1,127.060606060606,49.5,68.1,118.0,35.35
44.45,33.0648148148148,76.9875,62.7,110.5,84.7166666666667,12.75,48.3833333333333,118.333333333333,28.95,33.6,342.0,130.5,23.1,143.040540540541,434.0,19.8025,44.7125,27.8,41.9,147.0,31.8,16.85,26.8,23.4084615384615,58.5,359.666666666667,436.25,30.85625,44.8,32.87,21.75,28.55,270.5,252.5,360.5,37.1295454545455,17.46,109.875,,32.6188679245283,80.7964285714286,19.155,,962.377049180328,215.956140350877,43.9294573643411,19.0,80.875,46.0541666666667,21.0684210526316,24.8777777777778,72.2666666666667,24.05,274.5,159.0,27.2408256880734,67.0833333333333,97.71,112.5,53.4,79.2,69.4,200.5,83.75,12.7635135135135,109.84375,139.0,39.0333333333333,27.79,85.3,300.471014492754,328.875,330.512345679012,56.2,45.6,13.6145348837209,32.25,9.77639269406393,16.65,14.95,23.45,292.5,17.6272727272727,33.05,10.5,32.0333333333333,9.48,10.1,16.35,17.5642857142857,51.2,53.396875,11.2565217391304,21.15,13.85,26.6958333333333,14.452380952381,11.82,11.15,21.8944444444444,20.45,340.041666666667,62.1,4467.5,92.4590909090909,137.5,81.8333333333333,110.0,52.0,22.55,469.789473684211,284.119047619048,11.15,148.742424242424,62.6875,8.04,43.33125,32.8,78.1,58.0,63.23,284.0,66.6,72.3,31.8428571428571,102.5,17.7333333333333,9.29227272727273,60.5,86.9,91.3,71.6,499.0,417.5,735.0,378.0,192.75,120.0,209.0,268.0,35.2074074074074,143.264705882353,137.0,89.1,127.5,49.45,68.1,118.5,35.35
44.475,33.1819672131147,76.975,62.7,110.5,84.8166666666667,12.75,48.4138888888889,118.388888888889,28.95,33.6,342.0,130.5,23.1,142.9375,434.4375,19.8731467473525,44.7125,27.8,41.92,147.0,31.8,16.85,26.8,23.45,58.6,360.452380952381,436.25,30.85,44.8,32.87,21.75,28.55,270.5,252.5,360.5,37.1007246376812,17.5,109.681818181818,,32.7480582524272,80.795652173913,19.15,,963.056603773585,215.938356164384,43.9877551020408,19.0066326530612,80.9217391304348,46.1,21.1,24.8807692307692,72.3,24.0448275862069,274.5,159.055555555556,27.3774390243902,67.1,97.7051724137931,112.0,53.5015384615385,79.1166666666667,69.3666666666667,200.5,83.8153846153846,12.7848214285714,109.75,139.166666666667,39.0648148148148,27.75,85.3,300.754385964912,328.875,330.43,56.1928571428571,45.6,13.6208333333333,32.25,9.76234042553191,16.65,14.95,23.45,293.0,17.6014018691589,33.05,10.5,32.04375,9.48,10.1,16.4,17.6,51.2203571428572,53.404081632653,11.3,21.1375,13.8575,26.6875,14.4875,11.8277777777778,11.1428571428571,21.8867346938775,20.4375,341.0,62.1,4477.5,92.9813559322034,137.5,81.8166666666667,110.0,52.06,22.5514705882353,472.551282051282,284.75,11.1385386819484,150.921225382932,62.8,8.03939393939394,43.3,32.8,78.1,57.6608695652174,63.3,285.111111111111,66.6,72.3,31.85,102.277777777778,17.7222222222222,9.29125,60.5,86.972,91.3967741935484,71.6,499.0,417.5,740.5,378.0,193.0,120.0,209.0,268.0,35.225,143.0,136.5,89.1,127.5,49.45,68.1,118.0,35.35
44.4357142857143,33.3547619047619,77.0,62.6,110.375,85.0122727272727,12.75,48.4666666666667,118.5,28.95,33.6,342.666666666667,130.5,23.1,143.2125,434.4375,20.0368082368082,44.75,27.8,41.946,147.0,31.85,16.8875,26.75,23.45,58.4,361.0,436.0,30.9,44.76,32.87,21.75,28.55,270.5,252.5,360.5,37.15,17.5113861386139,109.857142857143,,32.7,80.795625,19.2,,963.657894736842,215.962025316456,43.9644897959184,19.025,81.16,46.1,21.0833333333333,24.9156756756757,72.3,24.0458333333333,274.5,159.055555555556,27.4269129287599,67.1,97.7615384615384,112.0,53.6,79.2,69.3666666666667,200.5,83.8722222222222,12.7794117647059,109.8,139.5,39.1696078431372,27.75,85.175,300.795454545455,329.5,330.324561403509,56.1526315789474,45.65,13.6413793103448,32.2,9.76272727272727,16.65,14.9479166666667,23.45,293.0,17.6014018691589,33.05,10.45,32.0611940298508,9.47007092198582,10.1,16.4,17.5923076923077,51.28,53.4787878787879,11.2833333333333,21.164,13.8540816326531,26.7,14.5,11.8025423728814,11.1428571428571,21.8870588235294,20.4375,341.636363636364,62.1,4485.0,92.6421052631579,137.5,81.8333333333333,110.166666666667,52.0857142857143,22.575,473.973451327434,284.904761904762,11.1513333333333,150.16265060241,62.775,8.04,43.305,32.85,78.1,57.5,63.2428571428572,287.818181818182,66.5,72.6,31.8447368421053,102.421052631579,17.73125,9.29741935483871,60.5,86.9666666666667,91.4928571428571,71.7,499.0,419.0,740.5,378.5,193.5,119.625,209.333333333333,268.0,35.25,143.0,136.5,89.1,127.5,49.44,68.1,118.0,35.3081395348837
44.4108695652174,33.3905882352941,77.0,62.55,110.25,84.9594594594595,12.75,48.4666666666667,118.5,28.9074074074074,33.575,342.973684210526,130.5,23.1,143.8,435.8,20.1435860058309,44.75,27.8,41.9384615384615,147.0,31.85,16.8875,26.7766666666667,23.45,58.4,361.229166666667,436.666666666667,30.9,44.775,32.87,21.75,28.55,270.5,252.5,360.5,37.1133333333333,17.5,110.0,,32.7392857142857,80.7666666666667,19.15,,963.577777777778,215.819327731092,43.8940816326531,19.0096153846154,81.1583333333333,46.06875,21.1,24.943795620438,72.4,24.0125,274.5,159.055555555556,27.3895454545455,67.2157894736842,97.804347826087,111.95,53.6,79.125,69.4,200.5,83.9149606299213,12.7964285714286,109.75,139.5,39.1833333333333,27.8,85.175,300.513513513513,329.5,330.0,56.2318181818182,45.65,13.6030612244898,32.15,9.76212765957447,16.65,14.95,23.45,293.0,17.6014018691589,33.05,10.45,32.0611940298508,9.47666666666667,10.1,16.4,17.6,51.3,53.4,11.2847826086957,21.19,13.85,26.6596153846154,14.4655172413793,11.8468085106383,11.1054794520548,21.8925925925926,20.4,341.9,62.1,4480.0,92.6769230769231,137.909090909091,81.8333333333333,110.0,52.0666666666667,22.58,473.682926829268,284.714285714286,11.15,149.538461538462,62.8,8.04138888888889,43.3,32.85,78.1564102564102,57.5090909090909,63.2714285714286,288.409090909091,66.6454545454545,72.7,31.8416666666667,102.416666666667,17.7,9.29774193548387,60.5166666666667,86.95,91.38125,71.7666666666667,499.0,419.0,740.5,378.5,193.5,119.625,209.333333333333,268.0,35.25,143.0,136.5,89.1,127.5,49.44,68.1,118.0,35.35
44.446875,33.2089285714286,76.9722222222222,62.55,110.021739130435,84.8142857142857,12.73,48.4,118.261904761905,28.9,33.575,342.973684210526,130.5,23.1,144.0,434.8,20.0977777777778,44.75,27.8,41.9386363636364,147.0,31.85,16.9,26.7722222222222,23.45,58.4,361.125,436.666666666667,30.9,44.7284482758621,32.85,21.75,28.55,270.5,252.5,360.5,37.1474789915966,17.5042857142857,110.0,,32.7583333333333,80.8036697247706,19.15,,963.238095238095,215.971428571429,44.0006024096385,19.0,81.1428571428571,46.1,21.05,24.9604166666667,72.4,24.0068965517241,274.5,159.055555555556,27.35,67.3,97.9294117647059,111.75,53.5052631578947,79.3,69.4,200.5,83.9028846153846,12.7775510204082,109.833333333333,139.75,39.1818181818182,27.8,85.175,299.959090909091,329.333333333333,329.25,56.1086956521739,45.65,13.6428571428571,32.15,9.765,16.65,14.95,23.45,293.5,17.6014018691589,33.05,10.4615384615385,32.0506944444444,9.47666666666667,10.1,16.4,17.6,51.28,53.4133333333333,11.3,21.1396825396825,13.85,26.7,14.5,11.81875,11.125,21.8908450704225,20.4045454545455,342.03125,62.1,4475.0,92.66,138.0,81.8333333333333,110.0,52.2333333333333,22.575,472.75,284.409090909091,11.1456140350877,149.5,62.7857142857143,8.04588235294118,43.2845070422535,32.85,78.1238532110092,57.67,63.2625,288.0,66.5225806451613,72.56,31.8416666666667,102.384615384615,17.75,9.3,60.6,86.9,91.3,71.8538461538462,499.0,419.0,740.5,378.5,193.4,120.0,209.333333333333,269.0,35.2,143.0,137.0,89.1,127.5,49.45,67.9428571428572,118.0,35.35
44.46,33.1555555555556,77.0,62.55,110.181818181818,84.8115384615385,12.74,48.4,118.5,28.875,33.575,342.5,130.5,23.1,144.0,433.5,20.0504424778761,44.75,27.8,41.9,147.0,31.85,16.9,26.75,23.45,58.4,360.883333333333,436.666666666667,30.9416666666667,44.7,32.85,21.75,28.55,270.5,252.5,360.5,37.15,17.55,110.0,,32.6947058823529,80.7986486486487,19.1666666666667,,961.051948051948,215.806451612903,44.0051020408163,19.0083333333333,81.0619047619048,46.05,21.05,24.9633802816901,72.3333333333333,24.0025,274.5,159.0,27.35,67.3806451612903,97.9939759036144,111.75,53.5,79.3,69.4,200.5,83.9138888888889,12.7775,110.0,139.833333333333,39.1875,27.8,85.2,299.5,329.0,328.5,56.1576923076923,45.65,13.6225806451613,32.15,9.76346153846154,16.65,14.95,23.45,293.5,17.6014018691589,33.1,10.46,32.0506944444444,9.474,10.1,16.4,17.558,51.3,53.4461538461538,11.2983333333333,21.15,13.85,26.7,14.5,11.83,11.1,21.8782608695652,20.4045454545455,342.583333333333,62.1,4475.0,92.6166666666667,137.972222222222,81.9,110.0,52.1,22.5932692307692,471.709677419355,283.875,11.1325,149.913223140496,62.8,8.04,43.2845070422535,32.85,78.1,57.67,63.2733333333333,288.0,66.4090909090909,72.7,31.8366666666667,102.0,17.7,9.29,60.6,86.9,91.3,72.0,499.0,418.75,740.5,378.5,192.948275862069,120.0,209.333333333333,269.0,35.175,143.0,137.0,89.1,127.5,49.45,67.8,118.0,35.35
44.4,33.1925,77.0,62.55,110.428571428571,84.8,12.74,48.4,118.458333333333,28.9,33.575,342.0,130.5,23.1,144.0,433.5,20.0570175438596,44.75,27.8,42.0,147.0,31.85,16.9,26.7446428571429,23.4333333333333,58.4,360.5,436.666666666667,30.9416666666667,44.7,32.85,21.75,28.5722222222222,271.0,252.5,360.5,37.165625,17.5326086956522,110.0,,32.780985915493,80.8,19.16,,960.170731707317,215.96,44.0441489361702,19.0032258064516,81.11,46.0227272727273,21.05,24.9704081632653,72.4,24.0375,274.5,159.0,27.3505494505495,67.5,98.1990196078431,111.75,53.575,79.3,69.35,200.5,83.8905660377359,12.7721153846154,109.590909090909,139.5,39.2115384615385,27.8222222222222,85.2,299.405660377359,328.75,329.015625,56.1611111111111,45.65,13.65,32.1875,9.76972972972973,16.65,14.95,23.45,293.0,17.65,33.1,10.5,32.0444444444444,9.479,10.1,16.4,17.6,51.204347826087,53.4121951219512,11.2541666666667,21.1272727272727,13.8673076923077,26.653125,14.5,11.85,11.15,21.8745098039216,20.4045454545455,343.291666666667,62.1714285714286,4475.0,92.5368421052632,138.0,81.9,110.0,52.1166666666667,22.5875,471.533333333333,283.5,11.116091954023,149.5,62.8,8.03949494949495,43.254347826087,32.85,78.1,57.7,63.2217391304348,288.166666666667,66.3714285714286,72.74,31.8392857142857,102.0,17.7,9.29,60.6,86.9,91.36,72.0,499.0,418.75,740.5,378.5,192.5,119.666666666667,209.333333333333,269.0,35.2,143.0,137.0,89.1,127.5,49.475,67.8666666666667,118.0,35.35
44.4566666666667,33.2078947368421,77.0,62.6,110.491434689507,84.7904761904762,12.75,48.45,118.5,28.8981481481481,33.5875,342.0,130.5,23.1,144.0,433.5,20.0740740740741,44.75,27.8,41.95,147.0,31.85,16.9,26.7,23.4442028985507,58.5,361.0,436.666666666667,30.9,44.65,32.8583333333333,21.7,28.5722222222222,271.0,252.5,360.5,37.15,17.52,109.916666666667,,32.8742990654206,80.7945945945946,19.15,,960.52380952381,215.5,44.0474489795918,19.0,81.03125,46.0227272727273,21.05,24.9475961538462,72.2551724137931,24.0,274.5,159.0,27.3727272727273,67.4241379310345,98.106976744186,111.75,53.6,79.2,69.3315789473684,200.5,83.8076555023923,12.7527777777778,109.785714285714,139.5,39.246,27.8166666666667,85.2,299.5,329.0,329.74,56.2,45.6,13.64375,32.2,9.773125,16.65,14.95,23.45,293.0,17.65,33.1166666666667,10.5,32.0,9.47361111111111,10.1,16.4,17.5516129032258,51.1794258373206,53.4065789473684,11.2964285714286,21.15,13.8681818181818,26.6833333333333,14.5,11.85,11.1083333333333,21.8621951219512,20.45,343.808510638298,62.1,4474.0,92.35,137.367647058824,82.0052631578947,110.0,52.0333333333333,22.6,471.75,283.25,11.135,149.0,62.8333333333333,8.03,43.295,32.8,78.1,57.7666666666667,63.1625698324022,286.9375,66.325,72.9,31.85,102.0,17.7,9.29,60.6,86.8333333333333,91.378947368421,72.0,499.0,418.75,740.5,378.5,192.5,119.8125,209.333333333333,269.0,35.2145833333333,142.979166666667,137.0,89.1,127.5,49.45,67.8666666666667,118.0,35.35
44.46,33.2,77.0,62.6,110.5,84.7772727272727,12.75,48.45,118.0,28.9,33.5916666666667,342.0,130.5,23.1,143.96,432.75,20.0931034482759,44.75,27.8,41.95,147.0,31.85,16.9,26.7,23.43,58.5,360.75,436.666666666667,30.9333333333333,44.6454545454545,32.8583333333333,21.7,28.5722222222222,270.916666666667,252.5,362.375,37.1452380952381,17.5391304347826,109.833333333333,,32.893125,80.7752380952381,19.15,,961.0,215.696428571429,43.9981707317073,18.9964285714286,80.95,46.0071428571429,21.05,24.9724137931034,72.2137931034483,24.0,274.5,159.0,27.35,67.4142857142857,97.6452380952381,111.75,53.6,79.15,69.3315789473684,200.5,83.8,12.7958333333333,109.9,139.5,39.1682481751825,27.7968085106383,85.2,299.505208333333,328.5,328.019230769231,56.1666666666667,45.5666666666667,13.65,32.2,9.78,16.65,14.95,23.45,293.0,17.65,33.1166666666667,10.5,32.025,9.475,10.1,16.4,17.55,51.1632911392405,53.389552238806,11.2964285714286,21.15,13.85,26.68,14.5,11.8409090909091,11.1166666666667,21.8924528301887,20.4,341.104166666667,62.0,4445.0,92.2555555555556,137.367647058824,82.1,110.25,52.08,22.575,472.057142857143,282.248062015504,11.1339622641509,149.0,62.85,8.03,43.3,32.8,78.106,57.7666666666667,63.1021276595745,286.416666666667,66.2833333333333,72.6,31.8409090909091,102.25,17.75,9.29076923076923,60.6,86.5818181818182,91.3,72.0,499.333333333333,418.75,740.5,378.5,192.7,120.0,209.333333333333,269.0,35.1888888888889,142.5,137.0,89.1,127.5,49.5,67.8625,118.0,35.395205479452
44.45,33.2,76.8662790697674,62.6,110.5,84.78,12.75,48.5,118.425438596491,28.8854166666667,33.5916666666667,341.5,130.5,23.15,144.133333333333,431.714285714286,20.1069444444444,44.75,27.8,41.9083333333333,147.0,31.85,16.9,26.6685185185185,23.43,58.5,360.5,436.666666666667,30.95,44.6602941176471,32.8583333333333,21.72,28.6,270.916666666667,252.5,362.375,37.15,17.5055555555556,109.8,,32.7954545454545,80.7510204081633,19.15,,959.244680851064,215.399592252803,43.8434426229508,18.9896551724138,80.8875,46.0071428571429,21.05,24.93984375,72.2025,23.9848039215686,274.5,159.0,27.3561797752809,67.3666666666667,97.5857142857143,111.75,53.55,79.12,69.3315789473684,200.5,83.8384615384615,12.7590909090909,109.875,139.105263157895,39.1951612903226,27.75,85.35,299.310344827586,328.5,327.21875,56.1,45.6,13.6227272727273,32.2,9.77018867924528,16.65,14.95,23.45,293.0,17.65,33.1166666666667,10.5,32.0,9.47090909090909,10.1,16.4,17.6,51.1,53.3913043478261,11.287037037037,21.15,13.8690909090909,26.7,14.5,11.8125,11.102380952381,21.8833333333333,20.4,341.333333333333,62.0,4455.0,92.1875,137.367647058824,82.1,110.25,52.2111111111111,22.55,472.961538461538,280.752525252525,11.13,148.5,62.85,8.01994152046784,43.3107142857143,32.85,78.15,57.9,63.0175925925926,286.75,66.2,72.55,31.84375,102.0,17.7,9.28057692307692,60.6,86.5,91.3,72.0,499.333333333333,418.75,740.5,376.75,192.5,120.0,209.333333333333,268.666666666667,35.2,142.5,137.5,89.1,127.5,49.5,67.8625,118.0,35.395205479452
44.3923611111111,33.1681818181818,76.7925,62.6,110.5,84.8269230769231,12.75,48.5,118.227272727273,28.8970588235294,33.6,341.5,130.5,23.15,144.111111111111,431.083333333333,20.1152173913044,44.75,27.8,41.9,147.0,31.85,16.9,26.6538461538462,23.4388888888889,58.5,360.125,436.666666666667,30.95,44.675,32.85,21.7416666666667,28.6,270.916666666667,252.5,362.375,37.125,17.5,109.636363636364,,32.7663461538462,80.7788732394366,19.15,,955.571428571429,215.214285714286,43.9190789473684,18.9936170212766,80.8,46.05,21.05,24.9136363636364,72.2,23.9195652173913,274.5,159.0,27.3277777777778,67.3194444444444,97.69375,111.75,53.55,79.0222222222222,69.3315789473684,200.5,83.7588709677419,12.7531746031746,109.75,139.105263157895,39.087037037037,27.7625,85.35,299.474358974359,329.0,327.0,56.0121621621622,45.6,13.6039473684211,32.2,9.76866666666666,16.65,14.95,23.45,293.0,17.65,33.1166666666667,10.5,32.0428571428571,9.47857142857143,10.05,16.4,17.55,51.1016129032258,53.3117647058823,11.25,21.1375,13.85,26.7,14.4925531914894,11.85,11.142,21.8837837837838,20.4416666666667,342.0,62.0263157894737,4475.0,92.135,137.0,82.0875,110.0,52.175,22.55,472.932692307692,279.067796610169,11.1067307692308,148.386363636364,62.8,8.01733333333333,43.3,32.85,78.1,57.9,63.03,287.0,66.2,72.7,31.8375,102.0,17.7083333333333,9.27857142857143,60.6,86.5,91.3289473684211,72.0,499.333333333333,418.25,740.5,378.5,192.5,119.75,209.0,268.5,35.1785714285714,142.5,137.5,89.1,127.5,49.5,67.8,118.1,35.395205479452
44.35625,33.1766666666667,76.7904761904762,62.6,110.5,84.8352941176471,12.7159090909091,48.45,118.1875,28.9,33.6,341.5,130.5,23.15,144.0,431.0,20.0918367346939,44.75,27.8,42.0,146.5,31.85,16.875,26.65,23.4083333333333,58.5,359.61320754717,436.666666666667,30.95,44.675,32.85,21.7,28.6,270.916666666667,252.5,361.25,37.15,17.534375,109.7,,32.7318181818182,80.817037037037,19.15,,956.780487804878,215.375,44.024025974026,18.9757575757576,80.8,46.0,21.0660714285714,24.9403846153846,72.1285714285714,23.8952941176471,274.5,159.0,27.3,67.1928571428572,97.672,111.75,53.55,79.0,69.3315789473684,200.5,83.7022727272727,12.7538461538462,109.611111111111,139.105263157895,38.8813559322034,27.7555555555556,85.35,299.828571428571,329.0,327.952380952381,55.87,45.553125,13.597375328084,32.2,9.77,16.69,14.95,23.45,293.0,17.65,33.1,10.5,32.05,9.47066666666667,10.05,16.4,17.55,51.0193710691824,53.4,11.2434817170111,21.125,13.8573529411765,26.68,14.4857142857143,11.8071428571429,11.1038461538462,21.8594155844156,20.4004,342.5,62.0,4475.0,92.1,137.0,82.0,110.0,52.2,22.5495412844037,472.826086956522,279.06,11.1422535211268,147.729452054795,62.7615384615385,8.01661016949152,43.3,32.85,78.1,57.9,63.0083333333333,287.7,66.2846153846154,72.7,31.8,102.157894736842,17.75,9.27021505376344,60.5333333333333,86.575,91.3289473684211,71.9,499.333333333333,418.0,740.5,378.5,192.5,119.75,209.0,268.5,35.2125,142.5,137.5,89.1,127.5,49.5,67.8,117.5,35.395205479452
44.281455399061,33.15,76.7083333333333,62.62,110.466666666667,84.84375,12.75,48.425,118.3,28.95,33.65,341.5,130.5,23.15,143.785714285714,431.0,20.0548076923077,44.7009615384615,27.8,41.9833333333333,146.5,31.85,16.875,26.5991071428571,23.4066666666667,58.5,359.5,436.666666666667,30.95,44.7076923076923,32.85,21.7,28.6,270.8,252.5,361.5,37.1111111111111,17.5117021276596,109.875,,32.6679487179487,80.7673469387755,19.15,,958.071428571429,215.125,44.0647058823529,18.9705882352941,80.7411764705882,46.0,21.1,24.9307692307692,72.1,23.8905405405405,274.5,159.0,27.3,67.2,97.6777777777778,111.75,53.5,79.0,69.3315789473684,200.357142857143,83.6918032786885,12.7530487804878,109.75,139.105263157895,38.8607142857143,27.7631578947368,85.3,299.955882352941,328.666666666667,327.928571428571,55.9,45.55,13.6013157894737,32.2,9.77,16.7,14.9884615384615,23.4,293.0,17.6327586206897,33.1,10.5,32.025,9.47888888888889,10.05,16.4,17.6,51.0,53.3244897959184,11.2,21.1181818181818,13.871875,26.6823529411765,14.495,11.8277777777778,11.1,21.8922535211268,20.4021367521367,343.5,62.0,4475.0,92.0818181818182,137.0,82.0,110.0,52.1,22.5618279569893,472.384615384615,278.032608695652,11.1295454545455,147.410447761194,62.7857142857143,8.01849462365591,43.3303571428572,32.85,78.1529411764706,57.84,63.0727272727273,288.0,66.2,72.8,31.8,102.0625,17.7416666666667,9.26136,60.5,86.5,91.3,71.825,499.333333333333,418.0,740.5,378.5,192.5,120.0,209.0,268.5,35.2166666666667,142.5,137.5,89.1,127.5,49.6,67.7,117.7,35.395205479452
44.1803571428572,33.1117021276596,76.7923076923077,62.62,110.5,84.7421052631579,12.75,48.425,118.458333333333,28.9333333333333,33.65,341.833333333333,130.5,23.15,144.0,431.0,20.05,44.7714285714286,27.8,41.95,146.5,31.85,16.85,26.5857142857143,23.4041666666667,58.4,359.9,436.666666666667,30.95,44.75,32.85,21.7,28.6,270.8,252.5,361.5,37.1058823529412,17.5282608695652,109.857142857143,,32.6036363636364,80.755,19.15,,957.333333333333,215.1,44.0140350877193,18.9904,80.7,46.0,21.05,24.9479865771812,72.19,23.8903846153846,274.625,159.0,27.3034482758621,67.125,97.675,111.75,53.5363636363636,78.9,69.3,200.0,83.6117021276596,12.753125,109.714285714286,139.0,38.8738095238095,27.7552631578947,85.3,299.545454545455,328.5,327.65,55.98,45.55,13.602380952381,32.25,9.76860759493671,16.7,14.9884615384615,23.45,293.0,17.6,33.1,10.5,32.025,9.47357142857143,10.05,16.4,17.6,51.0396226415094,53.3214285714286,11.2,21.1002645502645,13.85,26.7,14.4900826446281,11.85,11.1055555555556,21.8879518072289,20.4051020408163,343.5,62.025,4475.0,92.0962962962963,136.52380952381,82.0,110.5,52.0642857142857,22.5546296296296,472.0,277.180327868852,11.1488095238095,147.944444444444,62.8,8.02025316455696,43.3614583333333,32.8605263157895,78.182,57.9857142857143,63.0424242424242,288.0,66.2625,72.85,31.85,102.0,17.75,9.27185185185185,60.5,86.5,91.3,71.85,499.333333333333,417.4,740.5,378.5,192.0,120.0,209.0,268.5,35.2166666666667,142.142857142857,137.5,89.1,127.5,49.65,67.6142857142857,117.7,35.4
44.1907407407407,33.1,76.7133333333333,62.7,110.5,84.7666666666667,12.75,48.425,118.5,28.8890909090909,33.65,342.5,130.5,23.15,144.0,430.5,20.0504716981132,44.8,27.8,41.9916666666667,146.0,31.85,16.85,26.565625,23.4027777777778,58.4,360.0,437.0,30.9,44.75,32.85,21.7,28.6,270.8,252.5,361.0,37.1,17.547037037037,109.875,,32.6096153846154,80.7031914893617,19.15,,955.466666666667,215.056603773585,43.9236842105263,19.0,80.7,46.04,21.05,24.925,72.2,23.9,275.0,159.0,27.3,67.1857142857143,97.7181818181818,111.75,53.5031914893617,78.9,69.3,200.0,83.6082352941177,12.7520833333333,109.888888888889,139.0,38.9822222222222,27.7833333333333,85.35,299.863636363636,328.5,327.666666666667,55.9,45.55,13.6040983606557,32.25,9.76666666666667,16.65,14.95,23.45,293.5,17.6,33.1,10.5,32.04,9.47956521739131,10.05,16.4,17.5833333333333,51.012,53.3,11.2357142857143,21.1416666666667,13.85,26.6928571428571,14.4769230769231,11.8052173913043,11.1,21.9,20.4277777777778,343.625,62.0,4475.0,92.002380952381,137.0,81.9555555555555,110.5,52.0,22.55,470.338235294118,276.233333333333,11.1375,148.0,62.86,8.02,43.4,32.9,78.1967741935484,57.8333333333333,63.0665529010239,287.2,66.2,72.9,31.85,102.05,17.7071428571429,9.27769230769231,60.5,86.5,91.26,71.85,499.333333333333,417.4,740.5,378.5,192.0,119.75,209.0,268.5,35.2,141.964285714286,137.5,89.1,127.5,49.65,67.6,117.576923076923,35.4
44.2,33.1029411764706,76.7714285714286,62.7,110.5,84.7318181818182,12.7012195121951,48.45,118.333333333333,28.899375,33.65,343.5,130.5,23.106,143.666666666667,430.5,20.05,44.8,27.8,41.95,146.0,31.85,16.85,26.5522727272727,23.4,58.4,360.111111111111,437.0,30.9,44.7224137931035,32.85,21.7,28.6,270.8,251.75,361.0,37.0912087912088,17.5449367088608,109.7,,32.65,80.7406976744186,19.175,,956.333333333333,215.152777777778,43.9,18.9543820224719,80.8,46.0166666666667,21.05,24.9274193548387,72.2,23.9033333333333,275.0,159.0,27.2866666666667,67.1176470588235,97.8763157894737,111.5,53.5,79.0,69.3,200.0,83.6126582278481,12.7530303030303,109.75,139.0,38.9627450980392,27.7857142857143,85.35,299.8,328.065217391304,327.5,55.840625,45.5944444444445,13.6013043478261,32.25,9.76407407407407,16.65,14.99,23.45,293.5,17.6,33.1,10.5,32.05,9.47938053097345,10.05,16.35,17.55,51.1,53.3,11.2,21.15,13.8168548387097,26.6941176470588,14.5,11.8171428571429,11.1396666666667,21.9,20.4291666666667,343.9375,62.0,4475.0,91.9538461538461,137.0,81.975,110.333333333333,52.0777777777778,22.55,469.346153846154,275.318181818182,11.1285714285714,148.466666666667,62.86,8.01526315789474,43.35,32.9,78.2964912280702,57.85,63.075,286.5,66.2107142857143,72.8666666666667,31.8357142857143,102.107142857143,17.7435483870968,9.27010869565218,60.5,86.5,91.2,71.85,499.333333333333,417.4,740.5,378.5,192.0,119.666666666667,209.0,268.5,35.2,141.6,137.5,89.1,127.5,49.5833333333333,67.6,117.5,35.45
44.2,33.10625,76.7571428571428,62.7,110.5,84.79,12.7454545454545,48.45,118.428571428571,28.9,33.65,343.0,130.5,23.1055555555556,143.666666666667,430.5,20.05,44.8,27.8,41.95,146.0,31.85,16.85,26.5729166666667,23.4291666666667,58.4,360.0,437.0,30.9,44.75,32.85,21.7,28.6,270.8,251.75,360.666666666667,37.0625,17.55,109.785714285714,,32.6269230769231,80.7116935483871,19.19,,958.384615384615,215.122807017544,43.9065217391304,18.9541935483871,80.8,46.0181818181818,21.05,24.9,72.1388888888889,23.9457746478873,275.0,158.5,27.2909090909091,67.2115384615385,98.0444444444445,111.5,53.5,78.5,69.3,200.0,83.6,12.7573529411765,109.5,139.0,38.9394736842105,27.79,85.3666666666667,299.5,328.909090909091,327.964285714286,55.9714285714286,45.5944444444445,13.5983870967742,32.25,9.76421052631579,16.65,14.99,23.4083333333333,293.5,17.604347826087,33.1,10.4924242424242,32.05,9.47103448275862,10.05,16.35,17.5961538461538,51.1,53.316,11.2227272727273,21.1190476190476,13.8030769230769,26.7,14.4653846153846,11.8325,11.1013513513513,21.8806451612903,20.4005813953488,343.833333333333,62.0,4475.0,91.9,137.375,81.9,110.333333333333,52.1,22.55,470.75,275.652777777778,11.1053571428571,147.865384615385,62.8111111111111,8.01083798882681,43.37,32.9,78.425,57.9,63.0375,285.708333333333,66.2,72.9,31.825,102.041666666667,17.725,9.26571428571428,60.6,86.5,91.2,71.85,499.333333333333,417.5,742.0,378.5,191.528846153846,119.625,209.0,268.5,35.1942857142857,141.75,137.5,89.1,127.5,49.65,67.6,117.5,35.45
44.2095238095238,33.139,76.7888888888889,62.7,110.454545454545,84.7848484848485,12.7,48.45,118.289473684211,28.9,33.65,342.833333333333,130.5,23.1,143.54,431.0,20.0625,44.8,27.83,41.95,146.5,31.85,16.85,26.5692307692308,23.44375,58.4,360.333333333333,437.0,30.9,44.735,32.85,21.7,28.6,270.8,251.75,360.666666666667,37.0467213114754,17.5448453608247,109.909090909091,,32.5952830188679,80.6858024691358,19.1944444444444,,959.785714285714,215.2625,43.9,18.9084210526316,80.9,46.05,21.05,24.8985596707819,72.1,23.8921052631579,275.0,158.5,27.2785714285714,67.2030303030303,98.1423076923077,111.5,53.5,79.0,69.3,199.829787234043,83.6142857142857,12.755,109.545454545455,139.029411764706,38.8294117647059,27.798,85.3666666666667,299.555555555556,328.5625,329.177419354839,56.0,45.6,13.5571428571429,32.3,9.76825396825397,16.65,14.9862068965517,23.45,293.5,17.65,33.1,10.4833333333333,32.04,9.475,10.05,16.4,17.55,51.1,53.303125,11.2,21.0757755474453,13.8051724137931,26.7022222222222,14.4831168831169,11.8318181818182,11.1,21.8887323943662,20.4461538461538,343.5,62.0,4475.0,91.8777777777778,137.5,81.9,110.285714285714,52.0172413793103,22.55,470.75,276.107142857143,11.1305555555556,147.322916666667,62.8,8.00084095063985,43.3985714285714,32.9111111111111,78.5,57.9,63.0692307692308,286.0,66.2,72.9,31.8,102.028735632184,17.75,9.27864406779661,60.6,86.4909090909091,91.2,71.7,499.333333333333,417.0,742.0,378.5,191.4,119.75,209.0,267.75,35.1875,142.0,137.5,89.1,127.5,49.6625,67.5666666666667,117.5,35.45
44.15,33.103125,76.8297297297297,62.7,110.5,84.7411764705882,12.7,48.5,118.5,28.89,33.6375,342.0,130.5,23.1,143.5,431.0,20.0382352941176,44.8714285714286,27.83,41.95,146.5,31.85,16.8083333333333,26.5527777777778,23.4,58.4,360.1875,437.0,30.85,44.735,32.85,21.6833333333333,28.6,270.8,251.75,360.0,37.0257142857143,17.5161764705882,109.714285714286,,32.56,80.6580952380952,19.1827868852459,,960.857142857143,215.15,43.9,18.95,80.9333333333333,46.0454545454545,21.0814814814815,24.86,72.15,23.8973684210526,275.111111111111,158.5,27.25,67.2,98.1533333333333,110.849056603774,53.5,79.0,69.3,199.288461538462,83.6,12.7862745098039,109.777777777778,139.029411764706,38.7979797979798,27.7484615384615,85.5,300.005494505494,328.5,329.108974358974,55.9809523809524,45.65,13.6,32.3,9.77,16.65,14.9862068965517,23.4,293.5,17.65,33.1,10.4583333333333,32.0416666666667,9.47,10.05,16.4,17.6,51.0063636363637,53.2925650557621,11.2,21.0444444444444,13.8,26.7452380952381,14.475,11.802,11.1307692307692,21.89375,20.402868852459,343.5,62.0,4470.0,92.03125,137.5,81.9,110.5,52.0142857142857,22.5708333333333,471.6,276.886363636364,11.1492537313433,147.365853658537,62.775,8.00169491525424,43.3997041420118,32.95,78.5365853658537,57.9,63.06,286.0,66.2818181818182,72.9,31.8666666666667,102.0,17.7416666666667,9.29653333333333,60.6,86.2736842105263,91.2,71.775,499.333333333333,416.0,742.0,378.5,191.5,119.928571428571,209.0,267.5,35.2,141.857142857143,137.5,89.1,127.0,49.6625,67.5,117.5,35.45
44.1058035714286,33.1,76.9625,62.6,110.177419354839,84.7681818181818,12.7,48.5045454545455,118.375,28.905,33.7,342.0,130.5,23.1,143.5,431.0,20.05,44.91875,27.83,41.95,146.5,31.85,16.85,26.55,23.4416666666667,58.404347826087,360.5,437.0,30.85,44.75,32.85,21.6981818181818,28.6,271.5,251.0,360.0,37.0269230769231,17.5333333333333,110.0,,32.5856164383562,80.6078886310905,19.1617647058824,,962.15,215.048780487805,43.9,18.9163461538462,81.0615384615385,46.05,21.0571428571429,24.8954545454545,72.2,23.8841463414634,275.5,158.125,27.2488549618321,67.2166666666667,98.2818181818182,110.5,53.5,79.0666666666667,69.3,199.166666666667,83.6083333333333,12.75,110.0,139.029411764706,38.8411764705882,27.7485714285714,85.5,299.977272727273,328.5,329.472222222222,56.0888888888889,45.65,13.5894736842105,32.3,9.76956521739131,16.65,14.95,23.45,293.5,17.6,33.1,10.4666666666667,32.05,9.47428571428572,10.05,16.4,17.6,51.0,53.2186666666667,11.2090361445783,21.0,13.8,26.75,14.4727272727273,11.8052631578947,11.1,21.8931034482759,20.395,343.5,62.0,4470.0,92.2347826086956,137.5,81.7,110.25,52.1133333333333,22.55,471.178571428571,277.307291666667,11.1407894736842,147.636363636364,62.9,8.00060439560439,43.465,32.95,78.5,57.9,63.1,286.0,66.2777777777778,72.9,31.85,102.027777777778,17.7111111111111,9.27857142857143,60.6,86.2,91.2,71.8714285714286,499.5,415.578947368421,742.0,378.5,191.833333333333,120.0,210.5,265.0,35.184,141.977272727273,137.5,89.1,127.5,49.675,67.6,117.5,35.45
44.0036656891496,33.1,76.95,62.6,110.5,84.7454545454545,12.7,48.5,118.15,28.95,33.66875,342.0,130.5,23.1,143.5,430.833333333333,20.05,44.91875,27.83,41.95,146.5,31.85,16.9,26.5444444444445,23.45,58.404347826087,360.5,437.0,30.85,44.725,32.85,21.6980769230769,28.559375,271.5,251.0,360.0,37.025,17.515625,109.727272727273,,32.612,80.66,19.1857142857143,,964.215909090909,215.025,43.9128205128205,18.95,81.2604166666667,46.025,21.05,24.8926470588235,72.1625,23.9048387096774,275.5,158.125,27.25,67.2230769230769,98.3588235294118,110.5,53.5,79.1,69.29,199.5,83.6731707317073,12.7548611111111,109.916666666667,139.029411764706,38.8944444444445,27.74375,85.5,300.0,328.529411764706,330.671171171171,56.0,45.65,13.5725806451613,32.3,9.77,16.65,14.9625,23.4142857142857,293.5,17.6,33.1,10.4666666666667,32.04375,9.47058823529412,10.05,16.3583333333333,17.5555555555556,51.0724137931035,53.2848101265823,11.2444444444444,21.0,13.7671232876712,26.75,14.5,11.825,11.125,21.9,20.3570921985816,343.75,62.0,4470.0,92.2333333333333,137.5,81.6290322580645,110.045454545455,52.02,22.55,472.260869565217,277.571428571429,11.1008771929825,147.5,62.9,7.99849230769231,43.4581632653061,32.95,78.6,57.9,63.0384615384615,286.714285714286,66.3,72.8666666666667,31.85,102.0,17.75,9.27857142857143,60.6,86.10625,91.25,71.8714285714286,499.5,413.7,742.0,378.5,192.0,119.833333333333,210.5,265.0,35.1666666666667,142.0,137.5,89.1,127.5,49.725,67.6,117.5,35.4083333333333
43.9144927536232,33.103125,76.95,62.6,110.096774193548,84.7933333333333,12.7,48.5,118.357142857143,28.95,33.65,342.5,130.0,23.1,144.0,431.0,20.05,44.925,27.83,41.95,146.5,31.85,16.9,26.5459459459459,23.4357142857143,58.3,360.772727272727,437.0,30.85,44.7,32.85,21.7,28.55,271.5,251.0,360.0,37.025,17.5272727272727,109.875,,32.5987179487179,80.6050561797753,19.1615384615385,,967.481481481482,215.125,43.9715384615385,18.9440594059406,81.2869565217391,46.0038461538461,21.05,24.9,72.1888888888889,23.9,275.5,158.125,27.2536231884058,67.2,98.3897435897436,110.5,53.4,79.0,69.29,199.5,83.8765243902439,12.7525,109.64,139.0,38.9684210526316,27.7375,85.5,300.25,329.630769230769,331.882575757576,56.0,45.65,13.5925925925926,32.3,9.77,16.65,14.95,23.4045454545454,293.5,17.6012476007677,33.1,10.4609375,32.05,9.48,10.0529411764706,16.4,17.6,51.0505494505495,53.2606060606061,11.2433333333333,20.9769230769231,13.7928571428571,26.75,14.4818181818182,11.8413043478261,11.1285714285714,21.8618421052632,20.4001582278481,343.666666666667,62.0,4470.0,92.3272727272727,137.5,81.7,110.5,52.0,22.5676470588235,471.666666666667,277.833333333333,11.1125,147.75,62.9,7.99764705882353,43.456,32.9,78.6,57.9,63.0666666666667,287.0,66.325,72.8666666666667,31.85,101.90625,17.7461538461538,9.28,60.5,86.1,91.2,71.8714285714286,499.5,413.125,742.0,378.5,192.0,120.0,210.5,265.333333333333,35.1681818181818,142.0,137.25,89.1,127.5,49.6833333333333,67.6,117.5,35.4083333333333
43.9958333333333,33.1,76.9296296296296,62.6722222222222,110.5,84.8936363636364,12.7473799126638,48.5,118.333333333333,28.95,33.6,342.375,130.0,23.05,143.5,431.0,20.05,44.9634615384615,27.83,41.95,146.5,31.85,16.9,26.525,23.43,58.3,361.0,436.0,30.85,44.725,32.85,21.75,28.55,272.0,251.0,360.0,37.0007042253521,17.5439759036145,109.875,,32.6,80.6009259259259,19.1875,,965.454545454546,215.207792207792,43.9714285714286,18.9451612903226,81.15,46.0409090909091,21.05,24.9357142857143,72.1727272727273,23.9,275.545454545455,158.5,27.2397959183674,67.2,98.5236363636364,110.5,53.4157894736842,78.9,69.29,199.5,83.9230769230769,12.75,109.75,139.0,38.99625,27.75,85.5,300.507462686567,332.142857142857,331.54,56.0,45.65,13.57,32.3,9.7685393258427,16.65,14.95,23.45,293.5,17.6055555555556,33.1,10.4666666666667,32.0333333333333,9.48,10.1,16.4,17.6,51.06,53.2833333333333,11.2194444444444,21.0021428571429,13.7818181818182,26.75,14.45,11.8477876106195,11.1083333333333,21.8952380952381,20.45,343.5,62.0,4475.625,92.4571428571429,137.5,81.7,110.25,52.0,22.55,471.863636363636,277.961538461538,11.102380952381,147.5,62.8,8.00066666666667,43.4833333333333,32.9,78.5263157894737,57.9,63.0277777777778,288.0,66.225,72.8,31.9,101.583333333333,17.75,9.28,60.5,86.1,91.2,71.9,499.5,414.0,742.0,376.5,192.0,119.75,210.5,265.333333333333,35.1555555555556,142.0,137.0,89.1,127.5,49.6833333333333,67.6,117.5,35.45
44.0052325581395,33.1107142857143,76.9888888888889,62.8555555555555,110.5,84.8579710144927,12.7386363636364,48.5,118.36,28.9461538461538,33.6,343.0,130.0,23.1,143.5,431.5,20.05,44.96,27.83,41.95,146.5,31.85,16.8533333333333,26.525,23.4,58.3,361.666666666667,438.0,30.8166666666667,44.75,32.85,21.75,28.55,272.0,251.0,360.0,37.004347826087,17.55,109.875,,32.606976744186,80.5951219512195,19.1666666666667,,964.5625,215.094936708861,43.9,18.95,81.15,46.0142857142857,21.05,24.90625,72.15,23.9,275.5,158.5,27.25,67.1875,98.8602836879433,110.542372881356,53.4157894736842,79.0,69.2,199.5,83.9,12.7692307692308,109.8,139.0,39.035,27.745,85.5,301.006329113924,332.7,331.0,56.0,45.6,13.5794117647059,32.3,9.76142857142857,16.65,14.95,23.5,293.75,17.6,33.1,10.4625,32.05,9.47989399293286,10.1,16.4,17.59,51.0206349206349,53.2949367088608,11.2115384615385,21.0442307692308,13.7698113207547,26.749756097561,14.456,11.85,11.1166666666667,21.8746913580247,20.4380952380952,343.666666666667,62.0,4480.0,92.3894736842105,137.5,81.7,110.25,52.0,22.5578313253012,471.166666666667,277.727272727273,11.1345588235294,147.583333333333,62.8,8.00027027027027,43.4928571428571,32.9,78.54,58.0,63.1,287.75,66.2,72.8,31.9,101.8125,17.7484848484849,9.28,60.5,86.1380952380952,91.3,71.9,499.5,413.25,742.0,376.416666666667,192.25,120.0,210.5,265.333333333333,35.1666666666667,142.0,137.0,89.1,127.5,49.6833333333333,67.6,117.5,35.45
44.0,33.11875,76.9090909090909,62.8130434782609,110.5,84.8869565217391,12.75,48.5,118.513815090329,28.95,33.6,343.0,130.0,23.1,143.5,431.0,20.05,44.95,27.83,41.95,146.5,31.85,16.8533333333333,26.5004098360656,23.4,58.3,362.0,437.0,30.8166666666667,44.75,32.8,21.75,28.55,272.0,251.0,360.0,37.0,17.5619047619048,109.7,,32.56875,80.537323943662,19.155,,965.0,215.013513513514,43.85,18.9515151515151,81.08,46.0333333333333,21.05,24.9222222222222,72.2,23.9,275.5,158.5,27.25,67.2,98.6057692307692,110.542372881356,53.5,79.0,69.3,199.5,83.8380952380952,12.75,110.0,139.333333333333,39.045652173913,27.7466666666667,85.5,300.888888888889,332.125,330.533333333333,56.0,45.6,13.5818181818182,32.3,9.76333333333333,16.65,14.95,23.5,293.75,17.6,33.1,10.5,32.05,9.48131578947368,10.0611111111111,16.4,17.59,51.0584158415842,53.3,11.2105769230769,21.0612068965517,13.76,26.7657142857143,14.4846153846154,11.8375,11.1189655172414,21.8991379310345,20.45,343.625,62.0,4480.0,92.26,137.5,81.7,110.166666666667,52.0,22.5916666666667,471.0,277.882352941176,11.140243902439,148.0,62.8,8.0,43.45,32.9,78.44,58.0,63.1,287.75,66.3,72.8,31.8833333333333,101.666666666667,17.7185714285714,9.28022988505747,60.5,86.1380952380952,91.2,71.9,499.5,413.25,742.0,379.0,192.5,119.666666666667,210.5,265.333333333333,35.151282051282,142.0,137.0,89.1,127.5,49.5833333333333,67.5571428571428,117.0,35.45
43.9975308641975,33.1053571428571,77.0,62.9,110.5,84.8625,12.75,48.5,118.522988505747,28.925,33.65,342.4,130.0,23.1,143.5,431.833333333333,20.05,44.9625,27.83,41.965,146.5,31.85,16.8533333333333,26.4522727272727,23.45,58.3,361.888888888889,437.0,30.8166666666667,44.75,32.8,21.75,28.55,272.0,251.0,361.0,37.0259259259259,17.5660344827586,109.545454545455,,32.58,80.518125,19.1657894736842,,963.782608695652,215.339393939394,43.86,18.95,81.0,46.05,21.05,24.9,72.2,23.9,275.5,158.5,27.1742857142857,67.1722222222222,98.3866666666667,111.0,53.4888888888889,79.0,69.3,199.5,83.8357142857143,12.75,109.535714285714,139.5,39.0335443037975,27.7476190476191,85.5,300.555555555556,332.125,330.454545454545,56.0,45.65,13.57,32.3,9.76,16.65,14.95,23.5,293.75,17.6,33.1,10.45,32.05,9.48025145067698,10.05,16.4,17.5576923076923,51.14,53.2857142857143,11.22,21.0021028037383,13.75,26.7970588235294,14.475,11.8111111111111,11.1230769230769,21.9,20.45,343.411764705882,62.0,4480.0,92.1222222222222,137.571428571429,81.4625,110.125,52.0,22.6,470.6875,277.75,11.1473684210526,147.5,62.8,8.0,43.45,32.95,78.4,57.9,63.0736842105263,287.666666666667,66.3,72.8,31.8833333333333,101.75,17.75,9.29796460176991,60.575,86.3,91.2,71.9,499.5,413.5,742.0,379.0,192.0,119.8,210.5,264.125,35.15,142.0,137.0,89.1,127.5,49.6,67.49,117.5,35.45
44.0166666666667,33.12,76.9392857142857,62.9,110.5,84.8315789473684,12.745652173913,48.45,118.5,28.95,33.6333333333333,342.0,130.0,23.1,143.5,431.833333333333,20.05,44.95,27.83,41.965,146.5,31.85,16.85,26.4,23.4222222222222,58.3,361.25,437.0,30.85,44.73,32.8,21.75,28.57,273.5,251.0,361.0,37.05,17.5421686746988,109.833333333333,,32.6132743362832,80.6,19.1666666666667,,962.142857142857,215.075,43.8578947368421,18.9558823529412,81.003125,46.0125,21.05,24.9,72.2,23.9,275.5,158.5,27.1526315789474,67.2,98.4142857142857,110.75,53.4714285714286,79.0,69.36,200.0,83.8363636363636,12.7605263157895,109.965517241379,139.5,39.0176470588235,27.7357142857143,85.575,300.361111111111,331.653846153846,330.344827586207,56.0,45.65,13.5502869440459,32.3,9.74921708185053,16.65,14.95,23.5,293.0,17.6,33.11,10.45,32.05,9.47944751381216,10.05,16.4,17.5833333333333,51.0156862745098,53.25,11.235,21.0119047619048,13.7863636363636,26.8,14.45,11.8340909090909,11.1,21.9,20.434375,343.411764705882,62.1,4480.0,92.2333333333333,138.181318681319,81.48,110.2,52.0,22.55,471.0,276.145833333333,11.1103773584906,146.938202247191,62.8,7.99986486486487,43.4521739130435,32.95,78.5,58.0,63.0130434782609,288.538461538462,66.3,72.7,31.8833333333333,101.555555555556,17.7277777777778,9.31,60.5777777777778,86.2285714285714,91.2,71.9,499.5,415.0,749.5,379.0,192.0,120.0,210.5,263.0,35.1636363636364,142.071428571429,137.5,89.1,127.5,49.6,67.49,117.5,35.45
44.0008620689655,33.13,77.0,62.9,110.5,84.8571428571428,12.75,48.45,118.5,28.9214285714286,33.65,342.0,130.0,23.1,143.5,432.666666666667,20.05,44.9625,27.9,42.0,146.5,31.85,16.9,26.3961538461538,23.4,58.3,360.958333333333,437.0,30.85,44.75,32.8,21.7,28.57,273.5,251.0,361.0,37.0383720930232,17.5136363636364,109.75,,32.5350230414747,80.6,19.15,,963.0,215.061403508772,43.86,19.0008578431373,80.9384615384615,46.03,21.05,24.9,72.1866666666667,23.9,275.5,158.5,27.1509259259259,67.2,98.5260869565217,110.75,53.4,79.0,69.36,200.0,83.8333333333333,12.7514354066986,109.714285714286,139.5,39.0,27.7464285714286,85.575,300.8125,331.3125,329.954545454545,56.0,45.7,13.5479591836735,32.3,9.74075471698113,16.65,14.95,23.45,293.0,17.6,33.11,10.4666666666667,32.05,9.47019138755981,10.05,16.4,17.55,51.0,53.258,11.2475,21.025,13.75,26.8,14.475,11.8166666666667,11.13125,21.8914893617021,20.4151515151515,343.083333333333,62.0666666666667,4480.0,92.2333333333333,138.454545454545,81.5,110.5,52.0,22.6,470.777777777778,275.612903225806,11.15,146.5,62.6965517241379,8.0,43.4988888888889,32.95,78.5,58.0,63.0017543859649,289.1875,66.2777777777778,72.7,31.85,101.5,17.75,9.31971014492754,60.6,86.25,91.1592592592592,71.9,499.5,414.5,752.125,378.333333333333,192.0,120.0,210.5,263.0,35.0852417302799,142.2,137.5,89.1,127.5,49.6333333333333,67.5,117.5,35.45
43.9291139240506,33.1111111111111,76.9090909090909,62.9,110.454545454545,84.9128205128205,12.75,48.4,118.433333333333,28.95,33.65,342.0,130.0,23.1,143.5,434.375,20.05,44.9625,27.9,41.9857142857143,146.5,31.85,16.9,26.4,23.45,58.3,360.958333333333,437.0,30.85,44.75,32.8,21.75,28.55,273.5,251.0,361.0,37.046875,17.5297619047619,109.5,,32.4822175732218,80.5962025316455,19.1666666666667,,963.6875,215.026315789474,43.8552631578947,19.0139669421488,80.9793103448276,46.0277777777778,21.05,24.9083333333333,72.15,23.9,275.5,158.5,27.15,67.2333333333333,98.6536585365854,110.5,53.5,79.1,69.36,200.0,83.8,12.7526315789474,110.0,139.555555555556,39.0,27.7047619047619,85.575,300.483870967742,331.0,330.192307692308,56.0,45.7,13.5210526315789,32.3,9.74,16.65,14.9477272727273,23.45,293.0,17.6,33.11,10.475,32.05,9.46385026737968,10.05,16.4,17.5625,51.0,53.2692307692308,11.2388888888889,21.0,13.7520833333333,26.7980769230769,14.4875,11.8598790322581,11.1416058394161,21.8693251533742,20.405,343.25,62.0,4485.0,92.0285714285714,138.454545454545,81.6,110.2,52.0,22.55,470.555555555555,274.819047619048,11.1261904761905,146.375,62.6,8.0,43.49375,32.9166666666667,78.4,57.9125,63.1,289.5,66.2,72.7,31.85,101.6,17.7138888888889,9.32,60.6,86.19,91.1,71.9,499.5,414.5,752.125,378.333333333333,191.821428571429,119.75,210.5,263.0,35.036,142.0,137.5,89.1,127.045454545455,49.7,67.4666666666667,117.5,35.45
43.9265625,33.1392857142857,76.9833333333333,62.9,110.375,84.94,12.741935483871,48.4,118.357142857143,28.9375,33.65,341.5,130.0,23.1,143.5,434.5,20.05,44.95,27.9,41.95,146.5,31.85,16.85,26.3705882352941,23.4125,58.2,360.5,437.0,30.85,44.75,32.8,21.75,28.55,273.5,251.0,361.0,37.046875,17.51,110.0,,32.4117647058824,80.575,19.195,,965.045454545454,215.025862068966,43.8439024390244,18.9439873417722,81.0,46.05,21.05,24.9277777777778,72.2,23.9,275.5,158.5,27.1857142857143,67.2333333333333,98.9381578947368,110.75,53.5,79.1,69.4,200.0,83.7757894736842,12.7516666666667,109.8125,139.5,38.9941176470588,27.7105263157895,85.575,300.027777777778,330.666666666667,330.5,56.0076923076923,45.7,13.5442857142857,32.3,9.7297619047619,16.65,14.95,23.45,293.0,17.6,33.15,10.4590128755365,32.05,9.47,10.1,16.4,17.6,51.0,53.2290322580645,11.225,21.0357142857143,13.7924242424242,26.8,14.4842857142857,11.8767441860465,11.1048387096774,21.8780821917808,20.45,343.0,62.025,4489.28571428571,92.1692307692308,138.478260869565,81.5875,110.3,52.0666666666667,22.55,469.884615384615,275.026315789474,11.1411764705882,146.5,62.6142857142857,8.0,43.5,32.9166666666667,78.4166666666667,57.9125,63.0433333333333,288.75,66.2,72.7,31.85,101.51,17.7071428571429,9.30125,60.51,86.1666666666667,91.1,71.9,499.5,415.0,753.0,378.333333333333,192.0,119.642857142857,210.5,263.0,35.04375,142.0,137.5,89.1,127.5,49.625,67.4666666666667,117.5,35.45
43.9936507936508,33.1674418604651,76.9434782608696,62.8,110.5,84.9461538461538,12.741935483871,48.4,118.25,28.95,33.65,341.5,130.0,23.1,143.4375,432.5,20.05,45.0,27.9,41.9375,146.5,31.85,16.8545454545455,26.3510204081633,23.41,58.2,361.0,437.0,30.85,44.725,32.8,21.75,28.575,273.5,251.0,361.5,37.046875,17.5217391304348,109.666666666667,,32.4065,80.5691588785047,19.15,,967.037037037037,215.114285714286,43.7954545454545,18.9805555555556,80.9375,46.05,21.05,24.9333333333333,72.1,23.9,275.5,158.5,27.215037593985,67.1941176470588,99.1707317073171,110.75,53.5,79.3,69.4,200.0,83.73125,12.7505681818182,109.9,139.5,38.9066666666667,27.75,85.575,300.0,331.0,331.727272727273,55.9285714285714,45.7,13.55,32.3,9.72977272727273,16.65,14.95,23.4583333333333,293.0,17.6,33.15,10.45,32.04,9.47,10.05,16.4,17.55,50.9733333333333,53.3,11.2409090909091,21.05,13.7617647058824,26.7933333333333,14.4833333333333,11.9,11.1181818181818,21.8954545454545,20.4233333333333,343.25,62.025,4490.0,92.24,139.068181818182,81.5875,110.25,52.0,22.55,469.238095238095,275.3,11.15,146.5,62.6142857142857,8.0,43.5,32.95,78.25,57.9125,63.0029126213592,288.0,66.2,72.7,31.85,101.697674418605,17.75,9.3,60.52,86.1,91.0933333333333,71.9,499.0,416.0,753.0,378.333333333333,192.0,120.0,210.5,262.666666666667,35.0272727272727,142.0,137.5,89.1,127.5,49.625,67.4333333333333,117.5,35.4045454545455
43.9469879518072,33.1381818181818,76.8782608695652,62.8,110.142857142857,84.8024038461538,12.7,48.35,118.333333333333,28.8735849056604,33.571875,341.0,130.0,23.1,143.0,432.375,20.1134844868735,45.0,27.9,41.95,146.5,31.85,16.85,26.3,23.41875,58.1,360.142857142857,437.0,30.85,44.665,32.8125,21.75,28.575,272.357142857143,251.5,361.5,37.1,17.4963282937365,109.5,,32.4142857142857,80.4789235980429,19.1400537634409,,966.068965517241,215.014522821577,43.7558252427185,18.9206896551724,80.9,46.0453333333333,21.0522727272727,24.9021739130435,72.1,23.8875,275.5,159.0,27.25,67.2606060606061,99.0740157480315,110.5,53.4333333333333,79.3,69.2574468085107,199.5,83.6826086956522,12.752808988764,109.631578947368,139.5,38.8355072463768,27.7166666666667,85.6,299.967032967033,330.805555555556,332.049618320611,55.975,45.5788888888889,13.5111940298507,32.3,9.71172839506173,16.65,14.95,23.45,293.0,17.5498556998557,33.15,10.45,32.0002673796791,9.47047337278107,10.05,16.4,17.5875,50.9965217391304,53.3,11.2233333333333,21.05,13.75,26.7489304812834,14.45,11.884375,11.1,21.867,20.3996478873239,342.852941176471,61.9791666666667,4481.25,92.0471698113207,138.934782608696,81.7,110.333333333333,52.0,22.55,470.0,273.677419354839,11.1351351351351,146.047368421053,62.6142857142857,8.0,43.4453815261044,32.95,78.2,57.95,62.8967741935484,287.8125,66.159375,72.62,31.85,102.0,17.7473684210526,9.30222222222222,60.5,86.0036764705882,91.1,71.9,499.0,415.0,753.0,378.333333333333,192.0,119.75,210.5,263.5,35.04375,141.875,137.5,89.1,127.5,49.7,67.45,117.5,35.3901639344262
43.9777777777778,33.1573529411765,76.8,62.8,110.5,84.6777777777778,12.7,48.3117647058823,118.346153846154,28.8495327102804,33.571875,341.5,129.901639344262,23.1,142.616071428571,432.375,20.1547619047619,44.9869565217391,27.9,41.9375,146.5,31.85,16.8036082474227,26.3,23.4,58.1,359.315217391304,436.75,30.85,44.6041666666667,32.8,21.75,28.575,272.357142857143,251.5,361.0,37.0730769230769,17.4848484848485,109.503649635037,,32.3957692307692,80.3891719745223,19.1,,962.0,214.900919012062,43.7,18.9028455284553,80.9636363636364,46.0,21.0972222222222,24.898,72.0,23.85625,275.5,159.0,27.2323529411765,67.2157894736842,98.7,110.5,53.4285714285714,79.3,69.2574468085107,199.5,83.624,12.75,109.5,139.5,38.8196428571429,27.7075,85.6,299.246753246753,330.805555555556,330.457446808511,55.9034482758621,45.55,13.5024566473988,32.3,9.70636363636364,16.65,14.95,23.45,293.125,17.55,33.15,10.45,31.965625,9.47,10.1,16.4,17.55,51.0,53.2444444444444,11.2003740648379,21.0117647058824,13.75,26.713829787234,14.45,11.8539473684211,11.1136363636364,21.8736842105263,20.3897058823529,342.0,61.9333333333333,4481.25,91.7892857142857,138.065217391304,81.7,110.25,52.1428571428571,22.5464285714286,468.483606557377,274.8,11.1047569153395,145.347826086957,62.5,8.00153846153846,43.4192307692308,32.946,78.1782608695652,57.9,62.7644444444445,286.5,66.1,72.5090909090909,31.85,101.571428571429,17.7318181818182,9.31,60.5882352941177,85.8,91.0916666666666,71.8,499.0,415.0,753.0,378.333333333333,191.575,119.9,210.5,262.666666666667,35.0323529411765,142.0,137.5,89.1,127.5,49.7,67.5,117.5,35.35
43.9451807228916,33.154347826087,76.8875,62.6909090909091,110.5,84.63,12.7,48.23,118.5,28.8033333333333,33.5,341.5,129.25,23.1,141.856557377049,431.0,20.1510101010101,45.0,27.9,41.9,146.5,31.85,16.7676470588235,26.2450980392157,23.4,58.1,359.0,436.75,30.85,44.6432835820895,32.8,21.75,28.575,272.0,251.5,361.5,37.0510989010989,17.4521108179419,109.5,,32.2890463917526,80.3072052401747,19.1357142857143,,962.0,214.427230046948,43.7,18.904984423676,80.8892857142857,46.0,21.05,24.875,72.04,23.85,275.5,159.0,27.1988095238095,67.1,98.8483870967742,110.5,53.4333333333333,79.0,69.2,199.833333333333,83.6133333333334,12.7024336283186,109.5,139.5,38.7666666666667,27.704347826087,85.725,299.928571428571,329.5,329.078125,55.8175,45.55,13.496056547619,32.3,9.7104347826087,16.65,14.95,23.4,293.125,17.6,33.1,10.45,31.95,9.46117647058824,10.1,16.4,17.5723684210526,51.0333333333333,53.2018867924528,11.2014619883041,21.0,13.75,26.75,14.45,11.8555555555556,11.1,21.8635593220339,20.4,341.5,62.0,4481.25,91.6826086956522,137.988095238095,81.7,110.026315789474,52.1391304347826,22.5375,468.088235294118,274.125,11.1019230769231,145.590909090909,62.5,8.0004081632653,43.4222222222222,32.9625,78.25,57.8,62.5494871794872,286.0,65.9921052631579,72.4285714285714,31.85,101.56,17.7267441860465,9.29869565217391,60.5,85.8333333333333,91.06,71.8,499.5,413.8,753.0,378.333333333333,191.5,119.75,210.5,262.0,35.0,141.5,137.333333333333,89.1,127.5,49.65,67.3703703703704,117.5,35.35
43.915,33.16,76.8691358024692,62.6909090909091,110.5,84.65,12.7,48.1142857142857,118.35,28.82,33.5,341.673913043478,129.5,23.1,141.771653543307,431.0,20.1496153846154,44.9666666666667,27.9,41.9,146.5,31.85,16.7986486486487,26.2388888888889,23.4,58.1,358.916666666667,436.75,30.85,44.6475,32.8,21.735,28.55,272.0,251.5,361.5,37.0,17.4555555555556,109.535714285714,,32.2859903381642,80.336301369863,19.1464285714286,,961.933333333333,214.5,43.7,18.9,80.7818181818182,46.0,21.1,24.85,72.0813953488372,23.85,275.5,159.0,27.152,67.096,98.86,110.583333333333,53.5,79.0363636363636,69.2,199.833333333333,83.5977011494253,12.7111510791367,109.714285714286,139.0,38.7086666666667,27.75,85.8,299.545454545455,329.5,329.595238095238,55.8125,45.55,13.4860655737705,32.3,9.72,16.65,14.95,23.4,293.0,17.6,33.102380952381,10.4785714285714,31.95,9.46074074074074,10.05,16.4,17.552380952381,51.0785714285714,53.2478260869565,11.2079710144928,21.0,13.75,26.75,14.4666666666667,11.8542372881356,11.1193181818182,21.8979166666667,20.4,341.833333333333,62.0,4470.0,91.489010989011,137.5,81.5692307692308,110.25,52.0,22.5,468.7,275.060606060606,11.1,145.571428571429,62.5,8.01,43.45,32.8794117647059,78.2,57.5925925925926,62.2172881355932,285.5,65.6,72.425,31.9,101.8,17.7277777777778,9.27666666666667,60.45,85.8,91.0642857142857,71.75,499.5,413.8,753.0,378.333333333333,191.066666666667,119.75,210.5,262.0,34.9187878787879,140.955357142857,137.166666666667,89.1,127.5,49.6333333333333,67.23,117.5,35.3087719298246
43.9090909090909,33.1538461538461,76.8333333333333,62.8,110.461538461538,84.625,12.7366666666667,48.1,118.5,28.8486842105263,33.5,342.5,129.5,23.05,142.075,431.0,20.1,44.9666666666667,27.9,41.9,146.5,31.85,16.7986486486487,26.2301724137931,23.4055555555555,58.1,358.236842105263,436.75,30.85,44.65,32.8,21.735,28.5611111111111,272.0,251.5,361.5,37.0,17.4619047619048,109.625,,32.3173076923077,80.3374149659864,19.1517808219178,,962.625,214.5,43.6983333333334,18.90625,80.6735294117647,46.0,21.1,24.85,72.0142857142857,23.85,275.5,159.0,27.1578947368421,67.0142857142857,98.903125,110.5,53.4,79.0363636363636,69.2,199.5,83.6216216216216,12.7352112676056,109.625,139.0,38.7178571428571,27.75,85.6,299.52380952381,329.4,329.821428571429,55.83,45.55,13.4169665809769,32.3,9.71222222222222,16.65,14.9222222222222,23.4,293.0,17.5522222222222,33.102380952381,10.4785714285714,31.95,9.46666666666667,10.05,16.4,17.55,51.0941176470588,53.2631578947368,11.209375,21.01,13.75,26.743137254902,14.45,11.859375,11.1067307692308,21.8913043478261,20.4,343.090909090909,61.9,4470.0,91.4174418604651,137.5,81.5777777777778,110.125,52.0315789473684,22.5011764705882,468.0,275.214285714286,11.1005617977528,146.0,62.4333333333333,8.003,43.4,32.8722222222222,78.2571428571429,57.5925925925926,62.2265517241379,285.5,65.7260869565218,72.2,31.9,101.555555555556,17.7333333333333,9.2725,60.4,85.8,91.0,71.7,499.5,413.1,753.0,378.333333333333,191.0,119.666666666667,210.5,262.0,34.8485915492958,140.752688172043,137.166666666667,89.1,127.5,49.6809523809524,67.1833333333333,117.5,35.3
43.9,33.1529411764706,76.8590909090909,62.8,110.392857142857,84.6570135746606,12.7,48.1,118.388888888889,28.8590909090909,33.55,342.0,129.289473684211,23.05,142.0375,430.5,20.0875,44.95,27.9,41.8948087431694,146.5,31.7638888888889,16.7986486486487,26.2083333333333,23.4,58.1,358.083333333333,436.75,30.8,44.65,32.8,21.735,28.5611111111111,272.5,251.5,361.5,37.0133333333333,17.4427906976744,109.666666666667,,32.3943965517241,80.3652542372881,19.15,,963.05,214.5,43.7,18.905412371134,80.6869565217391,46.0133333333333,21.0583333333333,24.8526315789474,72.08,23.89,275.75,159.0,27.1088235294118,67.0285714285714,99.1416666666666,110.5,53.45,79.0363636363636,69.3,199.576923076923,83.5968421052631,12.7,109.785714285714,139.0,38.756,27.7007978723404,85.6,299.866666666667,330.0,330.184210526316,55.9,45.6,13.3503571428571,32.3,9.71047619047619,16.65,14.95,23.4,293.0,17.6,33.102380952381,10.46,31.9545454545454,9.46,10.05,16.4,17.55,51.1,53.2447368421052,11.225,21.0375,13.7681818181818,26.75,14.4576923076923,11.8583333333333,11.1,21.8867346938776,20.4,344.625,62.0,4470.0,91.4595744680851,137.5,81.38,110.12,51.9352941176471,22.5214285714286,467.46,276.606060606061,11.1,146.307692307692,62.45,8.00153846153846,43.4,32.9,78.2,57.6,62.5275,285.5,65.9,72.2,31.9714285714286,101.5,17.7108695652174,9.28,60.4,85.8,91.0,71.7,499.5,413.0,751.5,378.333333333333,190.859649122807,119.7,210.5,262.0,34.9125,141.5,137.166666666667,89.2,127.5,49.7,67.12,117.5,35.29375
43.8928571428571,33.1512195121951,76.8571428571429,62.8,110.35,84.75,12.75,48.125,118.26,28.793253968254,33.525,342.0,129.0,23.0969696969697,142.024390243902,430.166666666667,20.0383720930233,44.95,27.9,41.8123348017621,146.5,31.7638888888889,16.7986486486487,26.2,23.4308823529412,58.1,358.666666666667,436.75,30.8,44.6375,32.85,21.735,28.55,272.5,251.5,361.5,37.0076923076923,17.4282894736842,109.5625,,32.4484848484849,80.3694915254237,19.15,,964.681818181818,214.522058823529,43.6914285714286,18.9157407407407,80.69,46.0444444444445,21.1,24.8581632653061,72.0384615384615,23.85,275.666666666667,159.0,27.15,67.0,99.0805555555555,110.5,53.45,78.9666666666667,69.3,200.0,83.6125,12.7132183908046,109.65,138.75,38.8,27.6846153846154,85.6,299.833333333333,330.5,330.35,55.825,45.59,13.3264591439689,32.3,9.71631578947368,16.65,14.9,23.4,293.0,17.5529850746269,33.102380952381,10.5,31.9508771929825,9.46,10.1,16.4,17.55,51.0452830188679,53.2038961038961,11.2038461538462,21.00625,13.7523255813953,26.7414634146341,14.4842592592593,11.8527220630373,11.1,21.8902777777778,20.3857142857143,344.7,62.0,4470.0,91.38,138.0,81.3,110.214285714286,51.98,22.5,468.444444444445,276.8125,11.0870314842579,146.016129032258,62.43,8.0,43.425,32.9,78.2,57.675,62.5,285.0,65.8166666666667,72.2,32.0,101.642857142857,17.71,9.28,60.48,85.75,91.0137254901961,71.7,499.5,414.4,752.333333333333,378.333333333333,190.452830188679,119.625,210.25,262.0,34.9470588235294,141.5,137.166666666667,89.2,127.5,49.7,67.1,117.5,35.2916666666667
43.8537037037037,33.0855555555556,76.848,62.8,110.277777777778,84.6833333333333,12.746875,48.1333333333333,118.222222222222,28.7583333333333,33.55,342.0,129.0,23.0308219178082,141.611111111111,430.0,20.0015567765568,44.95,27.9,41.7,146.5,31.75,16.8,26.2125,23.4,58.1,359.0,436.75,30.8,44.63,32.8,21.7166666666667,28.5805555555556,272.0,251.5,361.5,37.01,17.4221804511278,109.5,,32.4068965517241,80.3588888888889,19.1467901234568,,963.333333333333,214.183783783784,43.697641509434,18.9,80.8388888888889,46.0,21.05,24.8147540983606,72.05,23.8055555555556,275.5,159.0,27.1342696629214,66.8958333333333,98.8,110.5,53.4347826086957,78.9666666666667,69.25,199.384615384615,83.6053333333333,12.7,109.642857142857,138.75,38.7783018867925,27.65,85.6,299.5,330.357142857143,329.472222222222,55.7444444444444,45.55,13.3505102040816,32.25,9.70945652173913,16.65,14.9,23.35,293.0,17.57,33.102380952381,10.4962962962963,31.9125,9.44851084812623,10.1,16.4,17.55,51.0,53.1771604938272,11.1898296059638,21.0136363636364,13.7507042253521,26.7366666666667,14.45,11.8583333333333,11.1059278350515,21.8648148148148,20.3989247311828,344.9,61.9,4470.0,91.3,137.5,81.3,110.166666666667,51.9666666666667,22.5357142857143,467.972222222222,276.0,11.0565573770492,145.706896551724,62.4333333333333,8.001875,43.4,32.9,78.2,57.7,62.4777777777778,285.0,65.7071428571429,72.2857142857143,32.0,101.5,17.7329545454545,9.28,60.4857142857143,85.7071428571429,91.0,71.6,499.5,415.0,751.0,376.5,190.52380952381,119.5,210.25,262.25,34.9142857142857,141.666666666667,137.5,89.2,127.0625,49.675,67.14,117.5,35.2520833333333
43.8777777777778,33.05,76.9,62.8,110.444444444444,84.6235294117647,12.7042857142857,48.1739130434783,118.333333333333,28.7807692307692,33.5107142857143,342.0,129.0,23.0,141.555555555556,429.5,20.0,44.95,27.9,41.7802083333333,146.5,31.75,16.8,26.2166666666667,23.404347826087,58.1,358.384615384615,436.75,30.8,44.65,32.8,21.7,28.5805555555556,272.0,251.5,361.5,37.0045454545455,17.4352173913043,109.5,,32.44765625,80.3426666666667,19.1,,961.392857142857,214.09375,43.7010869565217,18.9,80.9777777777778,46.0,21.0916666666667,24.800136239782,72.021052631579,23.8,275.5,159.0,27.1029411764706,66.8,98.5842105263158,110.5,53.45,78.975,69.25,199.1,83.58,12.700306122449,109.6875,139.0,38.6150289017341,27.65,85.6,299.046511627907,330.25,329.183333333333,55.7125,45.55,13.35,32.25,9.70076923076923,16.65,14.9,23.35,293.0,17.5833333333333,33.102380952381,10.4833333333333,31.9,9.43969696969697,10.1,16.3590909090909,17.55,51.0,53.169696969697,11.1735294117647,21.05,13.7511976047904,26.75,14.45,11.8875,11.1030612244898,21.875,20.3868421052632,344.555555555556,61.9,4470.0,91.23125,137.5,81.3,110.142857142857,51.9,22.5333333333333,467.5,276.166666666667,11.0652173913043,145.5,62.4,8.0,43.4,32.95,78.15,58.0,62.48,284.375,65.7909090909091,72.2857142857143,32.0,101.5,17.7170212765957,9.26592814371257,60.4857142857143,85.6142857142857,90.9538461538461,71.6,499.0,415.0,751.0,378.5,190.5,119.8,210.25,262.5,34.8530701754386,141.972222222222,137.5,89.2,127.166666666667,49.6666666666667,67.035,117.5,35.25
43.85,33.0441666666667,76.864705882353,62.7,110.208333333333,84.6785714285714,12.7,48.2,118.433333333333,28.7518867924528,33.5333333333333,342.0,129.0,23.0,142.0,429.5,19.96171875,44.95,27.9,41.8,146.5,31.75,16.8,26.1861445783133,23.4071428571429,58.1,358.365384615385,436.75,30.8,44.6,32.8,21.7,28.55,272.0,251.5,361.5,37.0076923076923,17.4069565217391,109.477941176471,,32.3926829268293,80.3688888888889,19.1,,959.194444444444,214.0,43.6820512820513,18.8893081761006,80.84,45.9789256198347,21.05,24.7733333333333,72.0,23.8254545454546,275.166666666667,159.0,27.1,66.8181818181818,98.6563106796116,110.5,53.4571428571429,78.975,69.3,199.0,83.5181102362205,12.746875,109.714285714286,139.181818181818,38.4917553191489,27.6272727272727,85.6,299.0,330.0,329.5,55.7096774193548,45.55,13.3921875,32.25,9.69847380410023,16.65,14.9227272727273,23.3666666666667,293.0,17.5653846153846,33.125,10.5,31.9,9.44872448979592,10.1,16.4,17.55,50.9974093264249,53.1173575129534,11.1666666666667,21.0279069767442,13.752,26.7323529411765,14.4634615384615,11.8508293838863,11.1064516129032,21.865,20.3927083333333,344.785714285714,61.9,4470.0,91.2235294117647,137.5,81.3,110.1,51.9,22.5,467.25,276.5,11.056043956044,145.551282051282,62.3,7.99579439252336,43.4,32.95,78.1333333333333,58.0,62.4357142857143,284.0,65.7153846153846,72.2857142857143,32.0,101.5,17.7326086956522,9.25103194103194,60.4857142857143,85.6285714285714,90.9,71.5222222222222,499.75,414.5,750.222222222222,378.5,190.380952380952,119.625,210.0,262.5,34.8482142857143,141.5,137.5,89.3,127.0,49.6666666666667,67.0,117.5,35.2535714285714
43.875,33.0019230769231,76.8666666666667,62.6,110.013108614232,84.6615384615385,12.6767063492063,48.2,118.181818181818,28.715,33.5333333333333,342.0,129.25,23.0,141.6,429.0,19.9445652173913,44.9625,27.9,41.8,146.5,31.7,16.8,26.0510416666667,23.403125,58.1,359.0,436.75,30.8,44.6083333333333,32.8,21.7,28.54375,272.0,251.5,361.5,37.0055555555556,17.4365517241379,109.045454545455,,32.35,80.3464052287582,19.1,,958.393939393939,214.0,43.6222222222222,18.8568047337278,80.9333333333333,45.8,21.05,24.7516666666667,72.0166666666667,23.8022727272727,275.5,159.0,27.0875,66.8142857142857,98.904347826087,110.5,53.425,78.775,69.28,199.5,83.4668674698795,12.7022935779817,109.636363636364,139.0,38.4134782608696,27.6375,85.6,298.190476190476,330.0,328.705128205128,55.7166666666667,45.5,13.3655172413793,32.2,9.68392156862745,16.65,14.95,23.4,292.5,17.5518181818182,33.1,10.5,31.925,9.44028985507246,10.1,16.4,17.5508064516129,51.0,53.1237288135593,11.1608108108108,21.0043624161074,13.75,26.734375,14.4474184782609,11.8504050405041,11.1,21.8593023255814,20.374,344.666666666667,61.8989473684211,4470.0,91.2347826086956,138.0,81.2285714285714,110.166666666667,51.8238095238095,22.5081081081081,466.132352941177,275.548387096774,11.0578947368421,145.5,62.304255319149,7.9925,43.4,32.95,78.15,58.0,62.4066666666667,284.0,65.6666666666667,72.2857142857143,32.0,101.576923076923,17.7346153846154,9.23662921348315,60.4,85.5230769230769,90.9,71.34,499.75,414.5,750.4,378.5,189.85119047619,119.625,210.0,262.5,34.8424528301887,141.5625,137.5,89.3,127.0,49.6125,67.0,117.5,35.25
43.8520710059172,32.9912087912088,76.8354838709678,62.675,110.136363636364,84.6260869565217,12.65,48.2,118.166666666667,28.7,33.5333333333333,341.5,129.0,23.0,141.413793103448,429.0,19.9505319148936,44.9586956521739,27.9,41.7764150943396,146.5,31.7,16.8,26.0545454545455,23.404854368932,58.1,359.125,436.75,30.8,44.6117647058824,32.8,21.6970588235294,28.54375,272.0,251.5,361.5,37.0,17.412389380531,109.0,,32.3,80.336,19.12,,960.0,213.964947089947,43.555985915493,18.8541176470588,80.9166666666667,45.7973684210526,21.05,24.75,72.0833333333333,23.8,275.166666666667,158.5,27.0616822429907,66.8,98.8952380952381,110.428571428571,53.4111111111111,79.0,69.2,199.5,83.3044117647059,12.7375862068965,109.545454545455,139.0,38.4777777777778,27.65,85.6,297.288590604027,330.0,328.97619047619,55.7,45.5,13.3567164179104,32.2,9.67391304347826,16.6008620689655,14.9,23.3833333333333,292.5,17.5681818181818,33.1017857142857,10.4722222222222,31.8976851851852,9.43094017094017,10.05,16.3666666666667,17.55,51.0,53.1,11.1541666666667,21.0038461538462,13.7498265394623,26.7139534883721,14.4018518518519,11.8279761904762,11.1142857142857,21.8511320754717,20.3844827586207,344.5,61.8,4460.0,91.235,138.0,81.1745762711865,110.0,51.7461538461538,22.5,465.361904761905,275.85,11.05,144.986577181208,62.304255319149,7.99279069767442,43.4,32.95,78.15,58.0,62.364,284.0,65.65,72.4666666666667,32.0,101.625,17.7017441860465,9.21231404958677,60.4,85.4692307692308,90.9,71.25,499.75,413.5,750.4,378.5,189.474576271186,119.7,210.0,262.0,34.8411764705882,142.029411764706,137.5,89.3,127.0,49.65,66.94,117.5,35.204347826087
43.8,32.9378504672897,76.85,62.6,110.325,84.632,12.6047008547009,48.2,118.111111111111,28.6977941176471,33.55,341.5,129.5,23.0192307692308,141.066265060241,428.0,19.9166666666667,44.95,27.9,41.725,146.0,31.7,16.7522727272727,26.0526315789474,23.4185185185185,58.1,358.5,436.75,30.845,44.6,32.8,21.7,28.54375,272.0,251.5,361.0,37.0,17.4111111111111,108.950757575758,,32.2520618556701,80.3401197604791,19.1,,958.736842105263,213.449069003286,43.5721088435374,18.854347826087,80.8,45.75,21.05,24.7568181818182,72.1,23.793125,275.5,159.0,26.8535488958991,66.782,98.7628571428571,110.125,53.4044117647059,78.58,69.2,199.5,83.2246376811594,12.7289473684211,109.547619047619,139.0,38.4649253731343,27.62,85.5,296.094240837696,329.5,328.434782608696,55.6090909090909,45.5475,13.3636363636364,32.3,9.66,16.6,14.9,23.3533333333333,292.5,17.57,33.0381355932203,10.4717391304348,31.8114285714286,9.42474193548387,10.05,16.35,17.55,50.9975609756098,53.1051643192488,11.15,21.0,13.745,26.7154929577465,14.4083333333333,11.8,11.102380952381,21.8073529411765,20.4,344.3125,61.8,4451.25,91.2461538461538,137.5,81.0,110.038461538462,51.6157894736842,22.451282051282,464.594936708861,276.433333333333,11.0639240506329,145.0,62.2971428571429,7.99263157894737,43.4307692307692,32.95,78.1866666666667,58.0,62.2225806451613,283.75,65.6307692307692,72.6,32.0,101.53125,17.7458333333333,9.2172,60.4,85.3666666666667,90.8591836734694,71.1,499.75,413.5,750.4,378.5,188.677595628415,119.666666666667,210.0,262.0,34.85,141.916666666667,137.5,89.3,127.0,49.65,67.0,117.5,35.2
43.8005494505494,32.9,76.804347826087,62.6,110.145833333333,84.6222222222222,12.6,48.15,118.392857142857,28.6045698924731,33.5285714285714,341.5,129.5,23.0,140.348623853211,428.0,19.9108974358974,44.95,27.9,41.7526315789474,145.5,31.7,16.75,25.9965625,23.4,58.1,357.775,436.0,30.8333333333333,44.6428571428572,32.8,21.7,28.5,272.0,251.5,361.0,37.0005,17.425,108.5,,32.2028409090909,80.3691729323308,19.11875,,956.066666666667,213.022196261682,43.55625,18.85,80.7,45.7625,21.05,24.7443661971831,72.0846153846154,23.7409375,275.333333333333,158.5,26.9081871345029,66.5421052631579,98.6973684210526,110.166666666667,53.4166666666667,78.2714285714286,69.2,199.5,83.0029288702929,12.7089285714286,109.9375,138.666666666667,38.4621359223301,27.6111111111111,85.4666666666667,297.515,329.5,327.758620689655,55.6117647058824,45.5192307692308,13.3518072289157,32.3,9.66,16.6,14.898125,23.3583333333333,292.0,17.5833333333333,33.05,10.45,31.763698630137,9.42657534246575,10.05,16.4,17.5541666666667,51.0,53.1,11.1656862745098,21.0092592592593,13.70625,26.7424528301887,14.4352941176471,11.8009433962264,11.1,21.8026315789474,20.3557692307692,344.388888888889,61.8,4442.0,91.1471830985915,137.488372093023,81.0692307692308,110.125,51.6,22.4314393939394,463.610169491525,276.4375,11.0554054054054,144.239130434783,62.3222222222222,7.996,43.4107142857143,32.96,78.3191489361702,57.7,62.3213483146067,284.0,65.6,72.2,31.9714285714286,101.511904761905,17.7022727272727,9.2125,60.4,85.4186046511628,90.7424242424242,71.1,499.5,413.5,750.4,378.5,187.982954545455,119.75,210.0,262.0,34.9,142.0,137.5,89.3,127.0,49.5375,66.925,117.5,35.1654929577465
43.8013888888889,32.904347826087,76.9136842105263,62.6263157894737,110.192307692308,84.6244444444444,12.6014450867052,48.15,118.486842105263,28.6265625,33.55,341.5,129.5,23.0086956521739,140.96875,428.333333333333,19.9259036144578,44.925,27.85,41.75,145.5,31.7,16.75,26.0060975609756,23.4111111111111,58.1,357.576923076923,436.75,30.8333333333333,44.6,32.8,21.692,28.5,272.0,251.5,361.0,37.0272727272727,17.4115384615385,108.527777777778,,32.2021551724138,80.4,19.125,,955.775510204082,213.051912568306,43.5871428571429,18.8296928327645,80.7,45.7558823529412,21.05,24.7330188679245,72.02,23.7029411764706,275.333333333333,158.5,26.9039473684211,66.3024390243902,98.6301587301587,110.0,53.4333333333333,78.25,69.2095238095238,199.5,82.9594936708861,12.7181818181818,109.558823529412,138.75,38.4564516129032,27.6045454545455,85.2166666666667,298.304347826087,329.0,327.509433962264,55.6451612903226,45.5192307692308,13.35,32.3,9.65190789473684,16.6,14.85,23.3583333333333,291.083333333333,17.6,33.05,10.45,31.7867647058824,9.435,10.05,16.4,17.55,51.1,53.1943820224719,11.1515625,21.003947368421,13.705,26.7323529411765,14.4,11.8045454545455,11.1,21.8530339805825,20.3932432432432,344.8125,61.8,4437.5,90.9838235294118,137.0,81.0222222222222,110.083333333333,51.9117647058823,22.4421755725191,463.239130434783,275.833333333333,11.063829787234,144.179245283019,62.1821705426357,7.99925925925926,43.4033333333333,32.9,78.3191489361702,57.7,62.4142857142857,284.0,65.65,72.18,31.85,101.410305343511,17.725,9.21013698630137,60.3016949152542,85.5666666666667,90.6,71.3,499.5,413.0,750.4,378.5,188.4921875,119.517857142857,210.0,262.0,34.8833333333333,142.0,137.5,89.3,127.0,49.5375,66.88,117.5,35.1
43.7722222222222,32.9071428571429,76.9034482758621,62.6933333333333,110.357142857143,84.6153846153846,12.65,48.1,118.3,28.6496732026144,33.5142857142857,341.5,129.5,22.9813664596273,141.0,428.5,19.9192307692308,44.9,27.85,41.7276595744681,145.5,31.7,16.75,26.0366666666667,23.4,58.1,357.558823529412,436.75,30.8333333333333,44.6,32.8,21.6583333333333,28.5333333333333,272.0,251.5,360.75,37.0017857142857,17.425,108.467391304348,,32.1128205128205,80.3698412698413,19.1357142857143,,953.464285714286,213.012847965739,43.5555555555556,18.8468085106383,80.77,45.7673076923077,21.0586206896552,24.7506493506494,72.0014285714286,23.7360215053763,275.54,158.5,26.9459677419355,66.3365384615385,98.6515151515151,110.0,53.46875,78.25,69.3,199.25,83.2,12.7056603773585,109.571428571429,138.5,38.45,27.590206185567,85.0666666666667,297.5,329.0,327.046875,55.6,45.5,13.3361111111111,32.3,9.65272727272727,16.5916666666667,14.85,23.375,291.083333333333,17.5571428571429,33.0,10.45,31.75,9.43824561403509,10.0923076923077,16.4,17.55,51.0529411764706,53.1,11.1627272727273,21.0,13.7026548672566,26.7333333333333,14.45,11.8,11.115,21.8656862745098,20.3928571428571,344.75,61.6808823529412,4425.0,90.8216216216216,137.0,81.1,110.041666666667,51.9611111111111,22.4083333333333,463.809523809524,275.933333333333,11.0539473684211,144.815789473684,62.1,7.99,43.3889312977099,32.9,78.3,57.7,62.3710526315789,283.75,65.6,72.05,31.85,101.035714285714,17.7009615384615,9.20176767676768,60.3,85.5,90.3495145631068,71.2,499.5,412.5,751.0,378.5,188.576923076923,119.714285714286,209.5,262.0,34.85,142.0,137.5,89.3,127.0,49.6,66.8,117.0,35.1
43.7583333333333,32.9038461538461,77.0,62.7,110.409090909091,84.6103896103896,12.6,48.1,118.208333333333,28.6487804878049,33.52,341.291666666667,129.5,22.903,141.46875,428.5,19.9,44.9,27.85,41.77,145.5,31.65,16.75,25.9742424242424,23.4,58.1,357.9375,436.75,30.8,44.592,32.8,21.6583333333333,28.5333333333333,272.0,251.5,360.75,37.0,17.4011560693642,108.2,,32.1044303797468,80.3140206185567,19.1326086956522,,952.755102040816,212.781632653061,43.4848387096774,18.8455882352941,80.8,45.75,21.05,24.7488372093023,72.025,23.7375,275.7,158.5,26.9516129032258,66.4305084745763,98.6764705882353,110.166666666667,53.4,78.1333333333333,69.3,199.166666666667,83.2053571428571,12.7035,109.75,138.5,38.41875,27.5517045454545,85.0,296.964285714286,329.5,326.720930232558,55.6,45.5,13.3474874371859,32.2,9.65015151515152,16.6,14.85,23.35,291.083333333333,17.5694444444444,33.0285714285714,10.45,31.7538461538462,9.44,10.1,16.35,17.5944444444444,51.0,53.1,11.1961538461538,21.0002092050209,13.7,26.7431034482759,14.4357142857143,11.8,11.1074561403509,21.8552325581395,20.3682926829268,344.75,61.6064935064935,4425.0,90.96,137.0,81.0285714285714,110.0,51.8285714285714,22.4266666666667,465.777777777778,276.0,11.0628205128205,144.55,62.1083333333333,7.9916,43.2740740740741,32.8111111111111,78.4,57.6666666666667,62.3375,283.5,65.575,71.9,31.85,101.25,17.7001497005988,9.19690972222222,60.3,85.45,90.3,71.2,499.5,412.6,751.0,377.0,188.46875,119.75,209.5,261.857142857143,34.8642857142857,142.0,137.5,89.3,127.0,49.575,66.8066666666667,117.0,35.1
43.7939655172414,32.9075757575758,76.905,62.6166666666667,110.488095238095,84.6333333333333,12.65,48.1,118.171875,28.640625,33.5111111111111,341.75,129.5,22.9035714285714,141.861111111111,429.5,19.85,44.9107142857143,27.8,41.75,145.5,31.645,16.75,25.9692307692308,23.4176470588235,58.1,358.3125,436.75,30.8,44.5545454545454,32.8,21.65,28.5333333333333,272.0,251.5,360.75,37.0,17.4040229885057,108.009259259259,,32.0202546296296,80.3311594202898,19.1455696202532,,953.204081632653,212.504,43.3572398190045,18.8381868131868,80.7166666666667,45.7,21.05,24.7033333333333,72.1,23.7083333333333,275.5,158.5,26.9568181818182,66.3875,98.6807692307692,110.25,53.4,78.075,69.2958333333333,199.5,83.125,12.7380681818182,109.506849315068,138.5,38.2463662790698,27.5357142857143,85.0,296.628205128205,329.666666666667,326.720930232558,55.5636363636364,45.5,13.3069620253165,32.2,9.61946428571428,16.6,14.85,23.3588235294118,291.083333333333,17.5722222222222,33.0,10.45,31.7382352941176,9.43105263157895,10.1,16.35,17.58125,51.0964705882353,53.1692307692308,11.1547619047619,20.9994318181818,13.7,26.7480769230769,14.45,11.8,11.1,21.8541666666667,20.4,345.0,61.5682926829268,4425.0,90.8642857142857,137.5,81.0923076923077,110.0,51.7888888888889,22.40625,465.84375,275.5,11.0550505050505,144.491935483871,61.9379487179487,7.99,43.2805555555555,32.91,78.35,57.6,62.3026315789474,283.416666666667,65.5166666666667,71.7470588235294,31.85,101.086206896552,17.702479338843,9.17032258064516,60.3,85.5,90.2931034482759,71.2,499.5,412.6,751.0,377.0,188.035714285714,119.666666666667,209.5,261.791666666667,34.8447916666667,141.5,137.5,89.3,127.0,49.55,66.7846153846154,117.0,35.0985294117647
43.80625,32.9,76.9114285714286,62.7,110.3,84.6076923076923,12.6006578947368,48.0442307692308,118.315789473684,28.6269230769231,33.5,342.0,129.5,22.9,141.888888888889,429.0,19.9007692307692,44.95,27.8,41.7375,145.5,31.6,16.75,25.9868421052632,23.4035714285714,58.1,358.9,435.5,30.8,44.56,32.8,21.65,28.5166666666667,272.0,251.5,360.75,37.0,17.4006944444444,108.3,,31.9939759036145,80.3217741935484,19.105,,957.47619047619,212.776041666667,43.4,18.8257575757576,80.7,45.7045454545455,21.05,24.7294117647059,72.0125,23.7,276.0,158.5,26.9678571428571,66.3363636363636,98.792,110.285714285714,53.45,78.075,69.1870967741935,199.5,83.125974025974,12.7,109.65,138.5,38.048946716233,27.515,85.0,297.35,330.0,328.43023255814,55.5102040816326,45.5,13.2284323271665,32.2,9.62137931034483,16.6,14.8433333333333,23.375,290.5,17.575,33.0,10.45,31.6967289719626,9.43269417475728,10.05,16.35,17.55,51.027868852459,53.1653846153846,11.1522727272727,21.0,13.7,26.7287878787879,14.45,11.8,11.0625,21.8602739726027,20.3840909090909,346.22972972973,61.5833333333333,4430.0,90.8925925925926,137.5,81.1,110.142857142857,51.7,22.4090909090909,464.947368421053,275.5,11.0501204819277,145.108108108108,61.9075757575757,7.99,43.25,33.0,78.3,57.5,62.3,283.0,65.5571428571428,71.8333333333333,31.85,101.111111111111,17.7015151515151,9.17171428571429,60.3,85.5,90.2,71.2,499.0,412.333333333333,751.0,376.5,187.841463414634,119.846153846154,209.5,261.791666666667,34.8483333333333,141.5,137.5,89.3,126.75,49.55,66.6909090909091,117.0,35.1
43.8686046511628,32.8987179487179,76.9212121212121,62.7,110.3125,84.69,12.6004347826087,48.0,118.5,28.6041666666667,33.4833333333333,341.5,129.5,22.9,142.25,430.357142857143,19.9131578947368,44.95,27.8,41.743023255814,145.5,31.625,16.75,26.0008333333333,23.4071428571429,58.1,358.666666666667,436.25,30.8,44.55,32.8,21.65,28.5166666666667,272.0,251.5,360.75,37.0,17.4216216216216,108.136363636364,,32.0458064516129,80.3275974025974,19.1,,959.758620689655,212.986111111111,43.4013392857143,18.8375,80.7,45.7,21.05,24.7409090909091,72.0428571428571,23.7125,275.666666666667,158.625,27.0,66.3047619047619,99.0282051282051,110.25,53.4,78.275,69.1111111111111,199.5,83.0197674418605,12.7003846153846,109.857142857143,138.5,38.0100313479624,27.5192307692308,85.32,296.921875,330.0,328.461538461538,55.5136363636364,45.5,13.2570422535211,32.2,9.62833333333333,16.6,14.85,23.375,290.5,17.5916666666667,33.0166666666667,10.4576612903226,31.7083333333333,9.44,10.1,16.35,17.5536764705882,51.0,53.1309090909091,11.1635416666667,21.0,13.7,26.7363636363636,14.4333333333333,11.8135135135135,11.05,21.8787878787879,20.3897727272727,347.56,61.5,4430.0,90.9791666666667,137.0,81.1,110.0,51.6714285714286,22.4066666666667,465.892857142857,275.0,11.05,145.869918699187,61.825,7.98503937007874,43.25,32.9,78.3,57.6,62.3111111111111,283.055555555556,65.61,71.6,31.85,101.216666666667,17.7,9.17807692307692,60.25,85.5,90.2,71.2,499.0,413.0,751.0,375.7,188.092592592593,119.75,209.5,261.791666666667,34.89375,141.875,137.0,89.3,126.5,49.55,66.4833333333333,117.0,35.1
43.9027777777778,32.8759541984733,77.0,62.6,110.5,84.7421052631579,12.5958333333333,48.0,118.478260869565,28.6477272727273,33.44375,342.0,129.5,22.95,141.578947368421,431.333333333333,19.8989035087719,44.963698630137,27.8,41.7541666666667,145.5,31.625,16.75,26.0458333333333,23.4,58.1,358.785714285714,436.25,30.8,44.5583333333333,32.8,21.65,28.5166666666667,272.0,251.5,360.5,37.0029411764706,17.4381818181818,108.0,,32.0785714285714,80.35,19.1,,959.285714285714,213.042666666667,43.4554347826087,18.8077319587629,80.7025641025641,45.7071428571429,21.05,24.751724137931,72.0055555555555,23.7068965517241,275.5,158.625,27.05,66.4,99.1652777777778,110.5,53.45,78.275,69.1,199.5,83.0806451612903,12.7303571428571,109.642857142857,138.5,38.1522935779816,27.5375,85.1,296.572463768116,330.0,328.5,55.55,45.55,13.2997695852535,32.1464285714286,9.62892857142857,16.650495049505,14.8102589641434,23.375,291.5,17.5954545454545,33.0166666666667,10.45,31.7,9.4332967032967,10.1,16.35,17.55,51.0,53.165,11.175,21.0,13.7,26.7333333333333,14.4,11.8,11.0583333333333,21.8566860465116,20.4,348.905660377358,61.4760869565217,4430.0,91.0074074074074,137.5,81.2,110.0,51.6,22.4047619047619,467.513513513513,276.027777777778,11.05,146.0,61.925,7.98,43.2565217391304,32.9,78.3,57.7,62.4,283.5,65.5818181818182,71.7,31.85,101.388888888889,17.6910714285714,9.16622222222222,60.2,85.55,90.1454545454545,71.2,499.0,412.5,750.5,375.7,188.458333333333,119.666666666667,209.5,261.791666666667,34.8857142857143,141.5,137.0,89.3,126.5,49.55,66.3125,117.0,35.1
43.925,32.9035714285714,76.93125,62.7,110.454545454545,84.904,12.5916666666667,48.09,118.35,28.6142857142857,33.46,342.0,129.5,22.95,141.5,432.115384615385,19.8975609756098,44.9666666666667,27.8,41.7,145.5,31.65,16.8,26.0761904761905,23.41875,58.1,359.033333333333,436.25,30.8,44.55,32.8,21.65,28.5166666666667,271.5,251.5,360.5,37.0,17.45,108.3125,,32.0873737373737,80.4,19.1166666666667,,959.666666666667,213.848195329087,43.4973684210526,18.8265625,80.7,45.7083333333333,21.1341736694678,24.7571428571429,72.0,23.74,275.5,158.625,27.085,66.4837209302326,99.4008130081301,110.5,53.4,78.275,69.1,199.2,83.1,12.7152542372881,109.642857142857,138.5,38.205,27.54,85.0,295.873493975904,330.0,328.5,55.6117647058824,45.5,13.2634228187919,32.1,9.65772727272727,16.7,14.8083333333333,23.35,291.5,17.5535714285714,33.0166666666667,10.4,31.7260869565217,9.43930232558139,10.1,16.35,17.6,51.0,53.1870967741935,11.1734375,20.9911764705882,13.7,26.7170212765957,14.4498349834983,11.8004950495049,11.05,21.853781512605,20.3644736842105,349.157142857143,61.5666666666667,4432.5,91.0529411764706,137.5,81.2,110.1,51.65,22.3956338028169,468.458333333333,276.366666666667,11.05,146.181818181818,62.05,7.98,43.3,32.95,78.3,57.7,62.3111111111111,283.5,65.525,71.75,31.85,101.540540540541,17.7,9.16526315789474,60.2,85.525,90.2,71.2333333333333,499.0,412.5,750.5,377.0,188.625,119.642857142857,209.5,262.166666666667,34.8714285714286,141.5,137.0,89.3,126.75,49.55,66.3615384615385,117.0,35.1175
43.9045454545454,32.905,77.0,62.6,110.416666666667,84.8363636363636,12.6077702702703,48.1,118.272727272727,28.6352941176471,33.4,342.0,129.5,22.95,141.96875,431.75,19.8952380952381,44.9666666666667,27.8,41.6882608695652,145.5,31.65,16.8,26.0464285714286,23.4,58.2,359.136363636364,436.5,30.8,44.6402912621359,32.8,21.7,28.5166666666667,271.5,251.5,361.0,37.0291666666667,17.45,108.25,,32.1039682539682,80.4,19.1355555555556,,958.0,213.994047619048,43.4764705882353,18.8236585365854,80.6875,45.7,21.2,24.75,72.0,23.7333333333333,275.5,158.625,27.0888888888889,66.7255813953488,100.028125,110.481481481481,53.4,78.3,69.1,199.0,83.1102941176471,12.7005882352941,109.642857142857,138.5,38.2585714285714,27.55,85.0,295.701923076923,329.7,328.461538461538,55.6,45.5,13.2676470588235,32.1,9.65211538461538,16.65,14.85,23.35,290.5,17.5681818181818,33.0166666666667,10.4,31.7,9.439625,10.05,16.35,17.55,51.0688311688312,53.2,11.1545454545455,20.95,13.7272727272727,26.7166666666667,14.4188271604938,11.8014705882353,11.05,21.86171875,20.4,347.25,61.6,4432.5,91.1285714285714,137.5,81.3,110.3,51.5195652173913,22.3666666666667,468.5,277.275862068965,11.0529069767442,146.0,62.1333333333333,7.98,43.3,32.95,78.34,57.76,62.3333333333333,283.5,65.5333333333333,71.8,31.85,101.785714285714,17.6955882352941,9.17121951219512,60.2,85.5333333333333,90.2,71.3,499.0,412.5,752.0,377.5,188.6,119.625,209.5,262.5,34.8909090909091,142.0,137.0,89.2,126.75,49.6,66.44,117.0,35.0082474226804
43.9230769230769,32.895,76.9333333333333,62.7,110.44,84.8625,12.6029411764706,48.1,118.2,28.6467948717949,33.4,342.0,129.5,22.95,142.0,431.75,19.8990196078431,44.9583333333333,27.8,41.5412903225806,145.5,31.675,16.8,26.0222222222222,23.4,58.1,359.5,436.5,30.8,44.75,32.8,21.65,28.5125,271.5,251.5,361.0,37.004347826087,17.4703389830508,108.166666666667,,32.0990291262136,80.4515418502203,19.1086206896552,,957.833333333333,214.0,43.5,18.8396226415094,80.6,45.6224137931035,21.2,24.76,72.05,23.7384615384615,275.333333333333,158.5,27.05,66.76,99.8684931506849,110.5,53.45,78.3,69.1,199.25,83.1217391304348,12.7407284768212,109.692307692308,138.5,38.2103773584906,27.54,85.0,295.822222222222,329.5,327.166666666667,55.62,45.5,13.3107142857143,32.125,9.65,16.65,14.85,23.3526315789474,290.5,17.6,33.0,10.4,31.7021582733813,9.43984126984127,10.05,16.35,17.6,51.0,53.1555555555556,11.1787878787879,20.9666666666667,13.7238095238095,26.7432432432432,14.45,11.8040816326531,11.0673913043478,21.8380952380952,20.3975,347.25,61.7258064516129,4430.0,91.1733333333334,137.5,81.3,110.083333333333,51.6387096774194,22.36875,469.047619047619,277.409090909091,11.05,146.0,62.2,7.987375,43.25,32.95,78.34,57.76,62.375,283.5,65.5,71.78,31.9,101.75,17.7,9.16327868852459,60.1333333333333,85.5,90.2888888888889,71.3,499.0,412.5,752.0,377.5,188.666666666667,119.5,209.5,263.0,34.9,141.5,137.5,89.2,126.75,49.6,66.3571428571429,117.0,35.05
43.9208333333333,32.8526315789474,76.95,62.7,110.5,84.9,12.6,48.1,118.375,28.6357142857143,33.4,342.0,129.5,22.95,142.25,431.375,19.897641509434,44.9583333333333,27.8,41.5305555555556,145.5,31.7,16.8,26.05,23.41,58.2,359.071428571429,436.5,30.85,44.75,32.8,21.6545454545455,28.5,271.5,251.5,361.0,37.004347826087,17.4617283950617,108.111111111111,,32.15,80.5,19.1,,956.066666666667,214.0,43.4875,18.8006903353057,80.7566666666667,45.55,21.165,24.75,72.0,23.7238095238095,275.5,158.5,27.05,66.7125,99.489705882353,110.5,53.45,78.3,69.0,199.25,83.1,12.7198275862069,109.65,139.0,38.25,27.546,85.0,295.5,329.5,327.0,55.6076923076923,45.5,13.3115789473684,32.103125,9.64893939393939,16.65,14.85,23.35,290.5,17.59,33.0,10.4416666666667,31.7037878787879,9.44,10.05,16.35,17.55,51.1,53.1925925925926,11.1977272727273,21.0,13.7034722222222,26.7423076923077,14.422972972973,11.8041666666667,11.0857142857143,21.825,20.4,347.166666666667,61.7333333333333,4435.0,91.15,137.5,81.3,110.1,51.525,22.3841463414634,469.8,277.96875,11.0381700554529,146.0,62.2,7.99155555555555,43.2928571428571,32.9,78.3833333333333,57.8,62.3777777777778,283.666666666667,65.5,71.725,31.9,101.5,17.6558823529412,9.17054054054054,60.1666666666667,85.5,90.34,71.3,499.0,413.0,750.0,377.5,189.0,119.6,209.5,263.0,34.8982954545454,141.5,137.5,89.2,126.75,49.6,66.4071428571429,117.0,35.0285714285714
43.9055555555555,32.85,76.91,62.6,110.4375,84.9137254901961,12.6,48.15,118.375,28.6055555555556,33.4,342.0,129.5,22.95,142.0,431.0,19.8934782608696,44.95,27.8,41.55,145.5,31.7,16.8,26.0411764705882,23.4,58.2,359.65,436.5,30.8166666666667,44.7083333333333,32.8,21.7,28.5,271.5,251.5,361.0,37.015625,17.4602272727273,108.0,,32.17,80.4965517241379,19.1142857142857,,955.083333333333,214.0,43.5,18.7984,80.78125,45.5529761904762,21.1857142857143,24.75,72.0,23.7125,275.5,158.5,27.0489583333333,66.6,99.3121212121212,110.5,53.4888888888889,78.3,69.0,199.5,83.0648148148148,12.7351239669421,109.833333333333,138.5,38.2551724137931,27.5375,85.0,294.736742424242,329.0,327.5,55.6634146341463,45.5125,13.2964285714286,32.15,9.65,16.65,14.8192307692308,23.35,290.5,17.6,33.0,10.45,31.734375,9.43,10.05,16.35,17.5521739130435,51.0,53.1333333333333,11.1634408602151,21.0,13.7083333333333,26.7,14.4419642857143,11.8033333333333,11.05625,21.835,20.3691176470588,347.0,61.6,4435.0,91.1416666666667,137.5,81.4,110.083333333333,51.55,22.368085106383,469.880952380952,277.4,11.0354166666667,146.011904761905,62.2,7.99111111111111,43.25,32.9,78.3333333333333,57.8,62.3333333333333,284.1,65.52,71.7,31.9,101.521739130435,17.6716981132076,9.16289156626506,60.2,85.5,90.34,71.3,499.0,413.0,750.0,377.5,189.0,119.75,209.5,263.0,34.9166666666667,141.5,137.5,89.2,126.75,49.55,66.4975609756098,117.25,35.06
43.9125,32.875,77.0,62.7,110.48,84.9416666666667,12.6,48.15,118.45,28.65,33.45,342.0,129.5,22.9,142.333333333333,431.0,19.8604938271605,44.95,27.8,41.5978260869565,145.5,31.7,16.8,26.05,23.4,58.2,360.075,436.5,30.8166666666667,44.7,32.8,21.65,28.5,271.5,251.5,361.0,37.0,17.465625,108.3,,32.1888888888889,80.5322314049587,19.105,,956.24,213.868421052632,43.4894736842105,18.7796610169492,80.8204301075269,45.6,21.1625,24.7432432432432,72.04,23.7416666666667,275.5,158.5,27.0470588235294,66.7866666666667,99.0888888888889,110.5,53.4888888888889,78.3,69.0,199.0,83.0363636363636,12.7188679245283,109.940476190476,138.5,38.3531914893617,27.5458333333333,85.2,294.233974358974,329.5,328.0,55.7,45.55,13.28,32.15,9.64736842105263,16.65,14.825,23.3115384615385,290.5,17.5964285714286,33.0,10.4307692307692,31.7,9.43,10.05,16.35,17.552,51.025,53.1894736842105,11.1816666666667,20.9816666666667,13.7483870967742,26.6928571428571,14.4452380952381,11.805,11.0807692307692,21.8488188976378,20.3654411764706,347.333333333333,61.5684210526316,4435.0,91.2,137.5,81.35,110.3,51.6,22.3636363636364,469.5,277.0,11.0218009478673,145.730769230769,62.2,8.0,43.3,32.9,78.3222222222222,57.8,62.396,283.375,65.625,71.575,31.9,101.5,17.7,9.1645,60.2,85.5714285714286,90.5,71.3,499.0,413.5,750.0,377.5,188.555555555556,119.5,209.5,263.0,34.9078947368421,141.5,137.5,89.2,126.5,49.6,66.6230769230769,117.25,35.05
43.9230769230769,32.8518518518518,76.9357142857143,62.7,110.5,84.9072727272727,12.6,48.2,118.277777777778,28.6269230769231,33.45,342.0,129.5,22.9083333333333,142.5,431.666666666667,19.8629032258064,44.95,27.8,41.65,145.5,31.7,16.8,26.0461538461538,23.4352272727273,58.2,360.5,436.5,30.8,44.7166666666667,32.8,21.7,28.5,271.5,251.5,361.0,37.0,17.4695121951219,108.026315789474,,32.2030303030303,80.5406779661017,19.1422680412371,,958.214285714286,213.820512820513,43.4690476190476,18.7525,80.8833333333333,45.55,21.1625,24.7384615384615,72.03,23.7166666666667,275.5,158.5,27.0363636363636,66.7428571428571,99.1486842105263,110.5,53.45,78.6,69.0,199.5,83.0,12.7227272727273,109.962264150943,138.75,38.4390625,27.54375,85.2,294.91,329.375,328.0625,55.6142857142857,45.5,13.2715909090909,32.1819444444445,9.64954545454546,16.65,14.8068965517241,23.35,290.5,17.5958333333333,33.0,10.45,31.7045454545454,9.43989010989011,10.05,16.35,17.585,51.1,53.143137254902,11.1884615384615,21.0,13.7108695652174,26.7,14.4452380952381,11.81,11.05,21.8834269662921,20.3987179487179,347.0,61.5833333333333,4435.0,91.18,137.5,81.35,110.0,51.6,22.3884615384615,469.071428571429,277.5,11.0432835820896,145.520833333333,62.2,8.0,43.3,32.9,78.3,57.9,62.3866666666667,283.0,65.6,71.5125,31.9,101.5,17.6875,9.160625,60.2,85.5666666666667,90.5,71.375,499.0,413.5,750.0,377.5,188.5,119.6875,209.5,263.0,34.8897058823529,141.5,137.5,89.2,126.5,49.6,66.7,117.416666666667,35.04375
43.9277777777778,32.85,76.9888888888889,62.6,110.25,84.9571428571429,12.6,48.2,118.009803921569,28.6486111111111,33.4357142857143,342.0,129.5,22.8977272727273,142.5,431.5,19.8597826086956,44.95,27.75,41.7,145.5,31.65,16.8,26.05,23.4222222222222,58.2,360.4,435.625,30.8,44.7,32.8,21.68125,28.5,271.5,251.5,361.0,37.0,17.4661290322581,108.5,,32.2,80.5521739130435,19.15,,959.0,214.0,43.4854838709677,18.8,80.971875,45.5568181818182,21.15,24.75,72.0142857142857,23.7,275.5,158.5,27.0,66.8,99.35,110.5,53.4,78.6,69.0,199.25,82.9352941176471,12.715625,109.892857142857,138.5,38.3836363636364,27.5416666666667,85.2,294.348837209302,329.375,328.5,55.6,45.5,13.2833333333333,32.1819444444445,9.6463829787234,16.65,14.85,23.35,290.5,17.5611111111111,33.0756756756757,10.45,31.7333333333333,9.44,10.05,16.35,17.5581081081081,51.0625,53.1631578947368,11.171875,21.0,13.7333333333333,26.6977272727273,14.4428571428571,11.8285714285714,11.05,21.8821428571429,20.4,347.083333333333,61.5,4435.0,91.235,137.5,81.35,110.0,51.65,22.3954545454545,467.923076923077,277.909090909091,11.05,145.5,62.2,7.99476190476191,43.25,32.85,78.3,57.7,62.3714285714286,283.0,65.6,71.625,31.9,101.5,17.6733333333333,9.16470588235294,60.2,85.58,90.4136363636364,71.4,499.0,413.5,751.0,377.5,188.375,119.75,209.5,263.0,34.875,141.9,137.954545454545,89.2,126.5,49.6,66.68,117.5,35.04
43.9,32.8211538461538,76.9590909090909,62.625,110.235294117647,84.8970588235294,12.6,48.2,117.991784037559,28.6346153846154,33.45,342.0,129.5,22.85,142.5,431.0,19.875,44.95,27.75,41.7,145.0,31.65,16.8,26.0916666666667,23.41,58.2,360.5,437.1,30.8,44.6625,32.8,21.68125,28.5,271.833333333333,251.5,361.0,37.0007462686567,17.476,108.0,,32.1708333333333,80.5574468085106,19.1333333333333,,959.0,213.595744680851,43.4554054054054,18.8,80.9545454545455,45.5557692307692,21.1,24.7645833333333,72.0333333333333,23.677027027027,275.416666666667,158.5,27.0136363636364,66.85,99.35,110.5,53.4098360655738,78.6,69.0,199.5,82.9476744186047,12.7032258064516,109.75,139.0,38.3722222222222,27.54375,85.2,295.083333333333,329.5,328.555555555556,55.7,45.5,13.2988372093023,32.05,9.64714285714286,16.65,14.8454545454545,23.3,291.0,17.5692307692308,33.0756756756757,10.45,31.7136363636364,9.43997005988024,10.05,16.3333333333333,17.556,51.0535353535354,53.1571428571429,11.2,21.0,13.7,26.7,14.4298850574713,11.806,11.0921052631579,21.8631944444444,20.395,347.5,61.5,4440.0,91.1,137.5,81.35,110.277777777778,51.6,22.3904109589041,466.857142857143,278.428571428571,11.05,145.911764705882,62.2,7.999375,43.25,32.8333333333333,78.32,57.7,62.3875,283.0,65.6,71.66,31.95,101.5625,17.7,9.17,60.2,85.5111111111111,90.4941176470588,71.4,499.0,413.5,751.0,377.5,188.184210526316,119.571428571429,209.5,263.0,34.8988888888889,141.666666666667,138.0,89.2,126.5,49.6,66.6,117.0,35.0617647058824
43.9318181818182,32.8,76.9017094017094,62.6,110.5,84.88125,12.6,48.2,118.460975609756,28.65,33.45,342.0,129.5,22.8313953488372,142.333333333333,431.083333333333,19.8866666666667,44.95,27.75,41.7,145.0,31.65,16.8,26.05,23.4,58.1333333333333,360.5,435.6875,30.85,44.645,32.8,21.7,28.525,271.833333333333,251.5,361.0,37.0071428571429,17.4556603773585,108.0,,32.1513888888889,80.5917525773196,19.15,,959.0,213.573170731707,43.4375,18.805625,80.9909090909091,45.5964285714286,21.1,24.7964285714286,72.0625,23.6705882352941,275.5,158.5,27.0015384615385,66.7875,99.3032258064516,110.5,53.4,78.6,69.0,199.5,82.7775510204082,12.7085365853659,109.513888888889,139.0,38.3524390243902,27.54,85.2,296.114285714286,329.5,328.333333333333,55.7,45.5,13.2620689655172,32.05,9.64409090909091,16.65,14.85,23.3,291.0,17.5833333333333,33.1,10.45,31.75,9.43028409090909,10.05,16.3333333333333,17.5714285714286,51.1222222222222,53.1916666666667,11.175,21.0,13.7028169014084,26.6833333333333,14.45,11.8,11.0617647058824,21.8879032258065,20.3970588235294,347.25,61.5931818181818,4440.0,91.16,137.5,81.35,110.333333333333,51.604347826087,22.35,466.928571428571,278.911111111111,11.0484615384615,145.964285714286,62.2,7.99,43.25,32.8111111111111,78.3,57.8,62.4,283.0,65.64,71.6,31.9954545454545,101.5,17.7,9.18,60.2,85.525,90.5666666666667,71.4,499.0,413.5,751.0,377.5,188.055555555556,119.5,209.5,263.0,34.9,141.5,138.0,89.2,126.5,49.6,66.5423076923077,117.0,35.05
43.9166666666667,32.8,76.85,62.7,110.346153846154,84.8588235294118,12.6448275862069,48.2,118.416666666667,28.6413043478261,33.4333333333333,342.0,129.5,22.825,142.5,431.083333333333,19.8985576923077,44.9636363636364,27.75,41.7,145.5,31.65,16.8,26.05,23.4166666666667,58.1333333333333,360.5,435.6875,30.8,44.65,32.8,21.7,28.525,271.833333333333,251.5,361.0,36.9809734513274,17.4815789473684,108.0,,32.10625,80.5946308724832,19.1541666666667,,957.176470588235,213.553191489362,43.4309523809524,18.8041666666667,81.0428571428571,45.6295454545455,21.1,24.75,72.0,23.65,275.333333333333,158.5,27.0,66.75,99.1448275862069,110.5,53.4,78.5,69.0285714285714,199.5,82.683,12.7325,109.9,139.0,38.2861111111111,27.55,85.2,296.389830508475,329.5,327.833333333333,55.7,45.55,13.2890625,32.05,9.65,16.65,14.8,23.35,291.0,17.6,33.1,10.45,31.75,9.43384615384615,10.05,16.3333333333333,17.55,51.1666666666667,53.1631578947368,11.1884615384615,21.0458333333333,13.7081395348837,26.7,14.4142857142857,11.8014925373134,11.05,21.8573099415205,20.3980392156863,347.458333333333,61.6,4440.0,90.9839285714286,137.166666666667,81.4,110.388888888889,51.58,22.3634615384615,466.863636363636,278.75,11.0401639344262,146.0,62.2,7.99,43.2,32.9,78.3,57.8,62.4714285714286,284.0,65.6166666666667,71.65,31.9333333333333,101.5,17.6954545454545,9.17869565217391,60.2,85.5692307692308,90.5,71.3,499.0,412.833333333333,751.0,375.285714285714,188.25,119.8,209.5,263.0,34.9,141.5,138.0,89.2,126.5,49.6,66.2573770491803,117.0,35.0115384615385
43.9088235294118,32.8090909090909,76.8266666666667,62.7,110.166666666667,84.8102564102564,12.6448275862069,48.2,118.5,28.6416666666667,33.42,342.0,129.5,22.802380952381,142.375,431.083333333333,19.885,45.0118644067797,27.75,41.7285714285714,145.5,31.65,16.8,26.0,23.4,58.1333333333333,360.026315789474,435.6875,30.8,44.6583333333333,32.8,21.7,28.525,271.833333333333,251.5,361.0,36.9368421052632,17.45,107.990196078431,,32.1214285714286,80.5829787234042,19.1978260869565,,956.428571428571,213.710526315789,43.3876404494382,18.8022727272727,81.146875,45.6888888888889,21.1,24.7547619047619,72.025,23.6521505376344,275.333333333333,158.916666666667,27.0,66.795,98.9,110.5,53.4,78.2,69.1,199.5,82.7683673469388,12.7275641025641,109.75,139.0,38.2283333333333,27.55,85.2,296.5,329.5,327.055555555556,55.605,45.5578947368421,13.2642857142857,32.1,9.64714285714286,16.65,14.85,23.35,291.0,17.55625,33.1,10.45,31.75,9.43666666666667,10.05,16.35,17.575,51.1,53.1793103448276,11.2,21.0357142857143,13.7380681818182,26.7,14.4022292993631,11.8012195121951,11.09,21.8544776119403,20.4,347.0625,61.6,4440.0,90.764705882353,137.0,81.3,110.090909090909,51.52,22.3868421052632,468.2,278.0,11.0496551724138,146.0,62.1428571428572,7.99,43.2,32.9,78.31,57.8,62.42,284.166666666667,65.5571428571428,71.8,31.9333333333333,101.5,17.6961538461538,9.17923076923077,60.2,85.5075949367089,90.5,71.3,499.0,412.5,751.0,375.0,188.4375,119.5,209.5,262.125,34.9,141.722222222222,138.0,89.2,126.5,49.575,65.93875,117.0,35.05
43.915,32.8125,76.8836065573771,62.61,110.425,84.8733333333333,12.5944751381215,48.2,118.388888888889,28.65,33.45,342.0,129.5,22.85,142.0,431.5,19.8628205128205,45.05,27.75,41.7285714285714,145.5,31.7,16.8,26.0,23.41,58.1333333333333,359.5,435.6875,30.825,44.7,32.8,21.7,28.5,271.833333333333,251.5,361.0,36.9214285714286,17.4716666666667,107.732142857143,,32.0963963963964,80.549,19.15,,956.428571428571,213.484126984127,43.4,18.7912213740458,81.1666666666667,45.75,21.1,24.75,72.03,23.6625,275.5,158.916666666667,27.0,66.8035714285714,98.815,110.5,53.4,78.2,69.1,199.5,82.7470588235294,12.71875,109.785714285714,139.0,38.2214285714286,27.541935483871,85.3,296.458333333333,329.5,327.464285714286,55.7,45.5666666666667,13.2958333333333,32.1,9.64476190476191,16.65,14.85,23.35,290.6,17.6,33.1,10.45,31.75,9.44,10.05,16.35,17.5833333333333,51.1166666666667,53.1470588235294,11.159375,21.05,13.7028571428571,26.7,14.4192771084337,11.8019230769231,11.0625,21.8548736462094,20.3958333333333,346.954545454545,61.6,4440.0,90.8,137.5,81.3,110.111111111111,51.5,22.375,468.055555555555,278.333333333333,11.05,145.75,62.125,7.99068181818182,43.2,32.8333333333333,78.3,57.7111111111111,62.4,285.166666666667,65.5,71.9,31.9333333333333,101.5,17.6506097560976,9.18,60.2,85.5,90.5,71.4142857142857,499.0,412.5,750.0,375.0,188.5,119.75,209.5,262.0,34.9,141.75,138.0,89.2,126.5,49.575,65.7137931034483,117.0,35.0
43.9137254901961,32.8055555555556,76.8955555555555,62.6666666666667,110.444444444444,84.9058139534884,12.6,48.325,118.461538461538,28.6625,33.45,342.0,129.5,22.8592592592593,142.0,431.5,19.8560606060606,45.1,27.75,41.725,145.5,31.7,16.8,26.0,23.41875,58.1333333333333,359.75,435.6875,30.825,44.7125,32.8,21.7,28.5,271.833333333333,251.5,360.5,36.9047619047619,17.4532467532468,107.9375,,32.05,80.5238095238095,19.1933333333333,,956.8,213.134146341463,43.40625,18.7823529411765,81.1,45.7,21.1,24.7833333333333,72.0,23.65,275.5,159.0,27.0,66.725,98.8041666666667,110.5,53.3919708029197,78.2,69.1,199.166666666667,82.6333333333333,12.7375,109.833333333333,138.875,38.2377777777778,27.5428571428571,85.3,296.4375,329.1,327.6,55.74,45.50875,13.298275862069,32.1,9.64333333333333,16.65,14.85,23.3083333333333,290.6,17.6,33.1,10.45,31.7527777777778,9.44,10.05,16.35,17.5560606060606,51.2,53.135,11.1833333333333,21.0375,13.7,26.7,14.45,11.8025,11.0891304347826,21.8618421052632,20.3975609756098,346.5,61.6,4440.0,90.7411764705882,137.5,81.2,110.111111111111,51.52,22.3959183673469,467.833333333333,278.375,11.0390151515152,146.0,62.15,7.99,43.2,32.8333333333333,78.3142857142857,57.6,62.3666666666667,285.0,65.5666666666667,72.0,31.89,101.5,17.6888888888889,9.17615384615384,60.1666666666667,85.4,90.3909090909091,71.5,499.0,412.25,750.0,377.0,188.5,119.625,209.5,262.5,34.9,141.5,138.0,89.2,127.0,49.5666666666667,65.81875,117.5,35.0416666666667
43.91875,32.8523809523809,76.8927272727273,62.6666666666667,110.277777777778,84.9470588235294,12.5944444444444,48.325,118.4375,28.6928571428571,33.45,342.0,129.5,22.9,141.954545454545,431.25,19.875,45.1,27.75,41.7,145.5,31.65,16.7636363636364,26.0,23.4,58.1333333333333,359.75,435.0,30.8,44.7,32.8,21.7,28.45,271.5,251.5,360.5,36.9086956521739,17.4564935064935,107.666666666667,,31.9479704797048,80.5604938271605,19.15,,956.142857142857,213.044117647059,43.4363636363636,18.7939393939394,80.9785714285714,45.7166666666667,21.1,24.7852941176471,72.08,23.6496031746032,275.3,159.0,27.0,66.7,98.7903225806452,110.5,53.35,78.2,69.1,199.333333333333,82.4898203592814,12.7041666666667,109.785714285714,138.5,38.2452380952381,27.5428571428571,85.3,296.472222222222,329.0,327.923076923077,55.8,45.5,13.2583333333333,32.15,9.64125,16.65,14.85,23.3083333333333,290.6,17.6,33.1,10.45,31.8,9.44071428571428,10.05,16.35,17.55,51.1,53.1181818181818,11.1583333333333,21.0064102564102,13.7405063291139,26.7,14.45,11.8076923076923,11.0931818181818,21.8533132530121,20.3947368421053,346.5625,61.6,4440.0,90.7,137.5,81.2,110.4,51.5583333333333,22.3902777777778,468.2,278.625,11.0164268585132,146.0,62.125,7.99,43.2,32.8,78.4,57.8,62.4,286.714285714286,65.5,72.4,31.89,101.272727272727,17.7,9.18,60.1,85.5,90.3,71.5,499.0,411.0,750.0,375.0,188.5,119.6875,209.5,262.5,34.91,141.681818181818,138.0,89.2,127.5,49.55,65.82,117.0,35.0361111111111
43.9480392156863,32.8766666666667,77.0,62.6444444444445,110.458333333333,84.9739130434783,12.6,48.325,118.384615384615,28.7,33.4333333333333,342.0,129.5,22.8875,141.5,431.25,19.8569444444444,45.0666666666667,27.75,41.7,145.5,31.65,16.7636363636364,26.0,23.4277777777778,58.1333333333333,360.0,435.0,30.8,44.690625,32.8,21.7,28.45,271.5,251.5,360.5,36.9,17.4492307692308,108.0,,31.8582089552239,80.5906666666667,19.15,,957.0,213.138888888889,43.4509259259259,18.8,80.9,45.75,21.1,24.7545454545455,72.0846153846154,23.6309523809524,275.333333333333,158.5,27.0,66.7285714285714,99.04375,110.5,53.3157894736842,78.6,69.1,199.333333333333,82.4716981132076,12.7053571428571,109.6,138.5,38.2795454545455,27.55,85.3,296.090909090909,329.0,328.0,55.8555555555555,45.5,13.3,32.15,9.65263157894737,16.65,14.85,23.35,290.6,17.5785714285714,33.1,10.4,31.8,9.44071428571428,10.05,16.35,17.6,51.1333333333333,53.1384615384615,11.1958333333333,21.0,13.7295454545455,26.7,14.45,11.803125,11.1,21.86875,20.3730769230769,346.5,61.64,4440.0,90.8,137.5,81.2,110.384615384615,51.5333333333333,22.3518867924528,468.0,278.5,11.0445945945946,145.525,62.1166666666667,8.0,43.2,32.9,78.3428571428571,57.7,62.3894736842105,288.25,65.5,72.4,31.8833333333333,101.1,17.6954545454545,9.17,60.1333333333333,85.4866666666667,90.3,71.5,499.0,410.5,750.0,376.0,188.333333333333,119.75,210.0,262.5,34.9,141.681818181818,138.0,89.2,127.5,49.5333333333333,65.8,117.0,35.0
43.93,32.8704545454545,76.95,62.6,110.5,84.9153846153846,12.6,48.325,118.222222222222,28.7,33.4,342.0,129.5,22.95,141.5,430.9,19.856976744186,45.0615384615385,27.74375,41.7333333333333,145.5,31.65,16.75,25.99,23.4125,58.1333333333333,359.666666666667,435.0,30.8,44.7,32.8,21.7,28.45,271.5,251.5,360.5,36.9,17.4484162895928,108.0,,31.8770114942529,80.5556451612903,19.15,,957.714285714286,213.152777777778,43.4433333333333,18.8125,80.9,45.7,21.1,24.7653846153846,72.0125,23.6307692307692,275.5,158.5,27.0435897435897,66.7,99.20625,110.958333333333,53.3,78.6,69.1,199.25,82.5228571428571,12.7148148148148,109.818181818182,138.5,38.2227272727273,27.5466666666667,85.3,295.985294117647,329.0,327.875,55.8,45.5,13.2931034482759,32.1,9.66,16.65,14.85,23.35,290.6,17.6,33.1,10.4466666666667,31.8214285714286,9.44938848920863,10.05,16.35,17.5842105263158,51.1,53.1379310344828,11.2,21.0,13.7324561403509,26.7206666666667,14.4325,11.8014705882353,11.1,21.8648148148148,20.396875,346.833333333333,61.6,4440.0,90.8,137.25,81.2,110.285714285714,51.5,22.3619047619048,468.0,278.5,11.0348387096774,145.125,62.2,7.99909090909091,43.2,32.9,78.4,57.7,62.3666666666667,287.5,65.575,72.4,31.8833333333333,101.166666666667,17.6791666666667,9.17517647058824,60.1,85.45,90.4285714285714,71.5,499.0,409.8,750.0,376.0,188.433333333333,119.75,210.0,262.5,34.8928571428571,141.5,138.0,89.2,127.5,49.4526315789474,65.904,117.0,34.9940366972477
43.935,32.85,77.0,62.6,110.346153846154,84.9024590163935,12.5774774774775,48.1,118.5,28.7,33.45,342.0,129.0,22.95,141.5,430.5,19.8633333333333,45.0615384615385,27.74375,41.7,145.5,31.65,16.830303030303,26.0,23.4041666666667,58.1333333333333,359.0,435.0,30.8,44.7,32.8,21.7,28.45,271.5,251.5,360.5,36.9,17.4388535031847,107.9,,31.8763157894737,80.5941176470588,19.15,,957.277777777778,213.175,43.4192307692308,18.83125,80.9833333333333,45.7236111111111,21.15,24.75,72.0333333333333,23.6107438016529,275.333333333333,158.5,27.05,66.7,99.1537313432836,110.961538461538,53.35,78.6,69.1,199.5,82.692,12.7,109.818181818182,138.5,38.25,27.5416666666667,85.3,295.8,329.5,327.666666666667,55.8,45.5,13.2914634146341,32.1,9.66,16.65,14.8208333333333,23.3152777777778,290.6,17.5545454545455,33.1,10.4071428571429,31.85,9.44179104477612,10.09,16.35,17.5893939393939,51.1,53.1285714285714,11.1730769230769,21.0483333333333,13.7308219178082,26.75,14.4318181818182,11.8,11.095,21.88,20.4,347.4,61.6,4440.0,90.74,137.25,81.2,110.392857142857,51.5,22.3857142857143,468.0,278.1,11.0467741935484,145.5,62.1,8.0,43.2,32.9,78.4,57.8,62.4,286.0,65.6,72.4,31.8833333333333,101.0,17.6954545454545,9.18182795698925,60.1,85.4333333333333,90.4,71.5,499.0,408.15,750.0,377.0,188.125,119.875,210.0,262.25,34.8944444444444,141.875,138.0,89.2,127.5,49.4333333333333,65.9285714285714,117.0,34.9225
43.9526315789474,32.8625,76.9666666666667,62.6666666666667,110.285714285714,84.8916666666667,12.5545454545455,48.1,118.382352941176,28.6692307692308,33.4333333333333,342.0,129.0,22.95,141.5,430.5,19.8782608695652,45.0558823529412,27.74375,41.7,145.5,31.7,16.8,26.0,23.4125,58.1333333333333,359.0,435.0,30.8,44.75,32.8,21.65,28.45,271.5,251.5,360.5,36.8987341772152,17.4360655737705,107.777777777778,,31.85,80.6,19.17,,954.694444444444,213.2,43.4,18.826,80.9,45.8388888888889,21.1638972809668,24.75,72.08,23.6,275.5,158.5625,27.0527777777778,66.7,99.1,110.961538461538,53.3,78.6,69.1,199.5,82.6318181818182,12.7055555555556,109.509259259259,138.5,38.25,27.55,85.2833333333333,295.887096774194,329.5,327.5,55.8,45.5,13.3,32.1,9.66,16.65,14.8,23.3,290.5,17.575,33.05,10.4071428571429,31.85,9.44,10.09,16.35,17.5608695652174,51.1877049180328,53.1066666666667,11.1954545454545,21.05,13.7,26.75,14.45,11.8021739130435,11.0808510638298,21.85,20.4,347.0,61.6,4440.0,90.7470588235294,137.25,81.2,110.166666666667,51.55,22.35,467.85,278.269230769231,11.0414012738854,145.5,62.1625,7.99037735849057,43.205,32.9,78.4,57.8,62.3739130434783,286.0,65.6,72.4,31.9,100.896258503401,17.6676470588235,9.197,60.1142857142857,85.4,90.3,71.4,499.0,409.0,751.0,377.0,188.5,119.666666666667,210.0,262.25,34.86875,141.75,138.0,89.2,127.5,49.5,65.9285714285714,117.0,34.92
43.96875,32.8636363636364,77.0,62.6,110.5,84.9,12.5945454545455,48.1,118.4375,28.675,33.4375,342.5,129.0,22.9260869565217,141.5,430.5,19.8903846153846,45.05,27.7,41.7,145.5,31.7,16.8,25.9833333333333,23.4181818181818,58.1333333333333,359.0,435.0,30.8,44.725,32.8,21.65,28.45,271.5,251.5,360.5,36.85625,17.4261904761905,107.555555555556,,31.8755319148936,80.5707317073171,19.15,,952.322580645161,213.121212121212,43.4,18.8375,80.8585714285714,45.8388888888889,21.1638972809668,24.75,72.0166666666667,23.65,275.388888888889,158.5,27.05,66.6,99.0,111.0,53.3,78.5,69.1,199.25,82.6129032258065,12.7014705882353,109.785714285714,138.5,38.1993506493506,27.55,85.2833333333333,295.571428571429,329.666666666667,327.2,55.8,45.5,13.3069672131148,32.1,9.66,16.65,14.85,23.35,290.0,17.6,33.05,10.42,31.85,9.43414225941423,10.09,16.35,17.5666666666667,51.1428571428571,53.185,11.1625,21.0047619047619,13.7064516129032,26.75,14.4,11.8033333333333,11.1,21.8615384615385,20.3962962962963,348.0,61.6,4440.0,90.7263157894737,137.5,81.1785714285714,110.428571428571,51.5,22.353125,467.5,278.375,11.05,145.6,62.1071428571429,7.99,43.2,32.9,78.4,57.8,62.3833333333333,285.5,65.6,72.4,31.9,100.555555555556,17.69375,9.19,60.14,85.4333333333333,90.2916666666667,71.4,499.0,410.0,751.0,374.0,188.181818181818,119.75,210.0,262.25,34.88,141.5,138.0,89.2,127.5,49.4342105263158,65.8,117.0,34.9527027027027
43.96875,32.8548387096774,76.9529411764706,62.7,110.272727272727,84.9,12.5795918367347,48.1,118.447368421053,28.6676470588235,33.45,342.5,129.5,22.95,141.5,430.5,19.875,45.0,27.7,41.7,145.5,31.7,16.8,25.95,23.4016129032258,58.1333333333333,359.0,435.0,30.8,44.725,32.8,21.65,28.45,271.5,251.5,360.5,36.85,17.4288461538462,107.5,,31.9166666666667,80.5727272727272,19.15,,953.6,213.053571428571,43.4019736842105,18.8006493506493,80.9178571428571,45.8333333333333,21.15,24.8,72.1,23.6545454545454,275.5,158.5,27.05,66.5888888888889,99.0333333333334,111.0,53.2992063492063,78.6,69.1,199.5,82.4875,12.7012820512821,109.5,138.5,38.1666666666667,27.55,85.2833333333333,295.548387096774,329.875,327.0,55.8,45.5,13.3375,32.1,9.65066666666667,16.65,14.85,23.35,290.0,17.5888888888889,33.05,10.42,31.8818181818182,9.4437037037037,10.09,16.35,17.55,51.15,53.1454545454545,11.1829113924051,21.05,13.7117647058824,26.7458333333333,14.4444444444444,11.8071428571429,11.05,21.8614285714286,20.3671428571429,347.0,61.6,4440.0,90.8,137.5,81.09,110.46261682243,51.5,22.3705882352941,467.0,278.0,11.0019877675841,146.0,62.1,7.99833333333333,43.2,32.9,78.3222222222222,57.8,62.3055555555556,285.5,65.6,72.4,31.9,100.583333333333,17.7,9.19,60.15,85.4,90.26,71.4,499.0,410.666666666667,751.0,374.0,188.447368421053,119.6,210.0,262.25,34.8666666666667,141.5,138.0,89.2,128.0,49.45,65.875,117.0,34.9527027027027
43.975,32.85,77.0,62.7,110.25,84.9,12.5704545454545,48.1,118.428571428571,28.6772727272727,33.45,342.0,129.5,22.95,141.5,429.928571428571,19.8943037974684,45.0,27.7,41.7,145.5,31.7,16.8,26.0,23.4151515151515,58.1333333333333,359.5,435.0,30.8,44.75,32.8,21.65,28.475,271.5,251.5,360.5,36.85,17.4314285714286,107.625,,31.8894366197183,80.5392156862745,19.175,,954.0,213.22641509434,43.3970085470085,18.802380952381,80.8076923076923,45.9,21.15,24.75,72.04,23.65,275.4,158.5,27.05,66.55,99.0,111.0,53.2992063492063,78.6,69.1,199.5,82.3603603603603,12.7081395348837,109.535714285714,138.5,38.1533333333333,27.5203703703704,85.2833333333333,295.333333333333,330.0,327.0,55.8,45.5,13.3595238095238,32.15,9.6562962962963,16.65,14.85,23.35,290.0,17.575,33.05,10.45,31.9,9.44,10.09,16.35,17.5928571428571,51.175,53.1138461538462,11.1815789473684,21.05,13.7,26.75,14.45,11.825,11.0944444444444,21.8551948051948,20.396875,347.75,61.6,4440.0,90.7111111111111,137.5,81.0,110.347826086957,51.5,22.3735294117647,466.352941176471,278.5,11.0318181818182,146.0,62.1,7.99,43.25,32.8333333333333,78.3,57.8,62.3,285.0,65.55,72.2,31.9,101.1484375,17.6928571428571,9.18076923076923,60.1125,85.4823529411765,90.2375,71.4,499.0,410.0,751.0,376.0,188.522727272727,119.833333333333,210.0,262.25,34.9,141.875,138.0,89.2,128.0,49.45,65.8333333333333,117.0,35.0020408163265
43.95,32.85,77.0,62.7,110.4375,84.9076923076923,12.5565217391304,48.1,118.5,28.6576923076923,33.45,342.0,129.5,22.95,141.5,430.0,19.8764705882353,45.0,27.7,41.7,145.5,31.7,16.8,26.0,23.4416666666667,58.1333333333333,359.8,435.0,30.85,44.7,32.8,21.7,28.4666666666667,271.5,251.5,360.5,36.8457142857143,17.4241379310345,107.892857142857,,31.86015625,80.5921052631579,19.15,,955.285714285714,213.367647058824,43.3636363636364,18.8,80.7368421052632,45.8944444444445,21.15,24.75,72.0,23.6966666666667,275.5,158.5,27.0807692307692,66.5,99.0333333333334,111.0,53.2117647058824,78.6,69.1423076923077,199.5,82.3,12.7111111111111,109.5,138.5,38.1666666666667,27.55,85.2833333333333,295.261904761905,330.0,327.375,55.7111111111111,45.5,13.4,32.15,9.65,16.65,14.85,23.35,290.0,17.5833333333333,33.05,10.45,31.9176470588235,9.44,10.1,16.35,17.5833333333333,51.1,53.165,11.1914893617021,21.0375,13.7,26.7477272727273,14.45,11.8002403846154,11.06,21.8694444444444,20.4,348.357142857143,61.6,4440.0,90.6194444444444,137.5,81.0,110.291666666667,51.5333333333333,22.3590909090909,465.75,278.0,11.04,145.833333333333,62.1,7.99166666666667,43.25,32.9,78.3,57.8,62.3,285.0,65.5,72.2,31.9,101.0,17.6884615384615,9.18076923076923,60.1769230769231,85.525,90.2333333333333,71.4,499.0,410.0,751.0,376.5,188.5,119.5,210.0,262.25,34.85625,141.5,138.0,89.2,128.0,49.45,65.8333333333333,117.0,35.0
43.9447916666667,32.8680555555556,77.0,62.64,110.478527607362,84.978431372549,12.59375,48.15,118.384615384615,28.6791666666667,33.44,342.0,129.0,22.95,141.5,430.0,19.8543209876543,45.0,27.75,41.7,145.5,31.7,16.8,25.95,23.4425,58.1333333333333,359.8,434.583333333333,30.8,44.7568181818182,32.8,21.7,28.4666666666667,271.5,251.5,360.5,36.8490654205607,17.434375,108.0,,31.8984848484848,80.580487804878,19.1875,,956.666666666667,213.157534246575,43.3656565656566,18.798730964467,80.8927272727273,45.9638888888889,21.1947916666667,24.7666666666667,72.025,23.68,275.535714285714,158.5,27.1,66.5,99.075,111.0,53.2490196078431,78.6,69.224,199.375,82.1767741935484,12.7045454545455,109.5,138.5,38.1916666666667,27.5136363636364,85.3,295.5125,330.0,328.361111111111,55.7,45.45,13.3993421052632,32.15,9.65,16.65,14.8,23.3397959183673,290.0,17.5970588235294,33.05,10.45,31.95,9.43305555555556,10.05,16.35,17.5932098765432,51.1,53.1879194630873,11.167,21.0166666666667,13.7390625,26.7341463414634,14.45,11.8,11.0772727272727,21.8586956521739,20.4,349.5625,61.6,4445.0,90.68,137.5,81.0625,110.333333333333,51.5,22.3916666666667,466.857142857143,278.0,11.0320895522388,145.5,62.0956521739131,7.99916666666667,43.2489417989418,32.8,78.3166666666667,57.8166666666667,62.4,285.0,65.5,72.2,31.9,101.0,17.7,9.18111111111111,60.1833333333333,85.6,90.3818181818182,71.4,499.0,410.0,751.0,376.5,188.75,119.666666666667,210.0,262.25,34.875,141.5,138.0,89.2,127.5,49.45,65.9,117.5,35.05
43.9,32.8564516129032,77.0,62.65,110.5,85.0,12.6,48.2,118.486486486486,28.6625,33.45,342.0,129.5,22.95,141.90625,430.0,19.85625,45.0,27.7,41.725,145.5,31.7,16.8,25.9828125,23.425,58.1333333333333,359.8,434.583333333333,30.8,44.7,32.8,21.7,28.4666666666667,271.5,251.5,360.5,36.856976744186,17.4388888888889,107.977272727273,,31.9144736842105,80.5368421052632,19.1933333333333,,955.545454545454,213.41,43.360625,18.8089285714286,80.9747474747475,46.0,21.15,24.75,72.0166666666667,23.65,276.0,158.5,27.05,66.5,99.0363636363636,111.0,53.2166666666667,78.6,69.3,199.5,82.2476190476191,12.7,109.75,139.0,38.2008620689655,27.5428571428571,85.3,295.964285714286,330.5,328.75,55.7,45.462962962963,13.3972222222222,32.15,9.6514705882353,16.65,14.85,23.35,290.0,17.5916666666667,33.05,10.45,31.9309523809524,9.44,10.0875,16.35,17.6,51.1,53.1993902439024,11.1833333333333,21.05,13.7125,26.7211538461539,14.4444444444444,11.8166666666667,11.0625,21.8533088235294,20.3941176470588,350.45,61.6,4445.0,90.664705882353,137.5,81.0666666666667,110.142857142857,51.4,22.3611111111111,467.9375,278.0,11.0325203252033,145.5,62.1,7.99979166666667,43.3215909090909,32.9,78.3,57.8,62.3714285714286,285.0,65.5,72.2,31.9,101.0,17.6846153846154,9.18,60.1090909090909,85.66,90.4,71.4,499.0,410.0,751.0,376.5,189.0,119.642857142857,210.0,262.25,34.85,141.833333333333,138.0,89.2,127.5,49.425,65.825,117.0,35.05
43.8981203007519,32.8659090909091,77.0050847457627,62.7,111.0,85.0,12.6,48.2,118.483870967742,28.65,33.4333333333333,342.0,130.0,22.95,142.166666666667,430.5,19.8530303030303,45.0,27.7,41.7,145.5,31.7,16.75,26.0,23.4045454545455,58.1333333333333,360.0,434.4,30.8,44.8,32.8,21.7,28.4666666666667,271.5,251.5,360.5,36.9,17.4377777777778,107.892857142857,,31.9070422535211,80.5877551020408,19.1955882352941,,955.384615384615,213.309523809524,43.35,18.8488888888889,80.9238095238095,45.9888888888889,21.15,24.7545454545455,72.0333333333333,23.65,276.0,158.5,27.0675,66.55,99.1260869565218,111.0,53.2333333333333,78.8,69.4,199.5,82.3504950495049,12.7102040816327,109.666666666667,139.0,38.2438775510204,27.5458333333333,85.3,295.980769230769,330.5,329.25,55.7,45.5,13.4,32.15,9.654375,16.65,14.85,23.35,290.0,17.6,33.05,10.45,31.9272727272727,9.4404356060606,10.075,16.35,17.6,51.12,53.2,11.1583333333333,21.0493670886076,13.7,26.7469879518072,14.45,11.8014018691589,11.0625,21.85,20.3833333333333,353.75,61.6,4450.0,90.6375,137.5,81.1,110.076923076923,51.4,22.35625,469.2,277.583333333333,11.0241379310345,145.91935483871,62.1,8.0,43.35,32.9,78.35,57.825,62.3666666666667,286.166666666667,65.5,72.2,31.9,101.03125,17.7,9.19,60.1933333333333,85.6833333333333,90.4,71.4,499.0,410.0,751.0,376.5,188.85,119.75,210.0,262.25,34.9,141.75,138.0,89.2,128.0,49.4366666666667,65.9,117.194444444444,35.0
43.85,32.85,77.1375,62.7,111.0,85.0425,12.6,48.2,118.642857142857,28.6727272727273,33.4357142857143,342.0,130.0,22.95,142.5,431.166666666667,19.8526315789474,45.0,27.7,41.7307692307692,145.5,31.7,16.75,26.0,23.4116279069767,58.1333333333333,360.6,434.0,30.8,44.75,32.8,21.7,28.4666666666667,271.5,251.5,360.5,36.9,17.4433333333333,108.0,,31.905223880597,80.544776119403,19.1941176470588,,958.142857142857,213.094827586207,43.3652777777778,18.8728571428571,80.9133333333333,46.0,21.15,24.7857142857143,72.0,23.65,276.0,158.5,27.0675,66.6030303030303,99.3,111.0,53.2,78.8,69.3,199.636363636364,82.5245614035088,12.7436046511628,109.5,138.5,38.2576923076923,27.558064516129,85.3,296.025,330.555555555556,330.323529411765,55.8,45.5,13.4,32.15,9.65333333333333,16.65,14.85,23.35,290.5,17.6,33.05,10.45,31.95,9.44846153846154,10.05,16.35,17.58,51.1909090909091,53.2982352941177,11.1933333333333,21.05,13.7478723404255,26.7257142857143,14.4269230769231,11.8009259259259,11.095,21.8611111111111,20.4,359.563829787234,61.6,4450.0,90.8,137.5,81.2,110.5,51.4833333333333,22.3794117647059,470.3125,277.7,11.0466666666667,146.011363636364,62.1,7.998984375,43.35,32.9,78.3,57.825,62.3954545454545,286.166666666667,65.6,72.2,31.9,101.0,17.6833333333333,9.19,60.2,85.6,90.4,71.3,499.0,410.0,751.0,374.5,188.833333333333,119.884615384615,210.0,262.25,34.8833333333333,141.5,138.0,89.2,128.0,49.4166666666667,65.9,117.194444444444,35.0
43.8590909090909,32.85,77.1545454545455,62.6,111.0,85.1026315789473,12.6,48.2,118.8,28.7,33.425,342.0,130.5,22.95,142.0,432.035714285714,19.864,45.0,27.7333333333333,41.712037037037,145.5,31.7,16.75,25.95,23.4166666666667,58.1333333333333,360.5,434.0,30.8,44.75,32.8,21.6571428571429,28.45,271.5,252.0,360.5,36.9,17.4364864864865,108.166666666667,,31.8936363636364,80.5769230769231,19.1966666666667,,959.0,213.107142857143,43.3967391304348,18.9,80.9,45.9888888888889,21.15,24.8,72.0034482758621,23.65,276.0,158.5,27.1,66.705,99.2857142857143,111.0,53.3,78.8,69.4,199.636363636364,82.5352941176471,12.712962962963,109.625,138.5,38.25,27.6,85.3,296.0,331.0,330.569444444445,55.8333333333333,45.45,13.3954545454545,32.15,9.65333333333333,16.65,14.85,23.35,290.5,17.5542372881356,33.05,10.45,31.95,9.44,10.05,16.35,17.55,51.1871559633027,53.2977272727273,11.1828571428571,21.0666666666667,13.725,26.75,14.4125,11.8025,11.08,21.8909090909091,20.4,356.757575757576,61.6,4451.42857142857,90.8533333333333,137.5,81.25,110.4375,51.4,22.3896551724138,470.1875,277.666666666667,11.0474358974359,146.583333333333,62.0866666666667,8.0,43.3461538461539,32.9,78.3,57.8,62.3,285.0,65.5,72.2,31.8916666666667,101.05,17.6625,9.19,60.15,85.7,90.4,71.3,499.0,410.0,751.0,374.5,188.5,119.8,210.0,262.25,34.8875,142.0,138.363636363636,89.2,128.0,49.4166666666667,65.9,117.0,34.9705882352941
43.8633333333333,32.853947368421,77.2,62.7,111.0,85.1555555555555,12.6,48.15,118.833333333333,28.65,33.4461538461538,342.0,130.5,22.95,142.0,433.9,19.8546875,45.0,27.7333333333333,41.712037037037,145.5,31.7,16.75,25.95,23.4035714285714,58.15,361.0,434.0,30.8,44.8,32.8,21.7,28.4590909090909,271.5,252.0,360.5,36.8678571428571,17.4396825396825,108.375,,31.9063829787234,80.5673913043478,19.2,,958.0,213.065573770492,43.4016666666667,18.896,80.978947368421,46.0,21.15,24.8066326530612,72.0,23.65,276.0,159.0,27.1,66.7,99.2631578947368,111.0,53.2166666666667,78.8,69.4,199.636363636364,82.4104166666667,12.7102564102564,109.5,138.5,38.275,27.5909090909091,85.3,295.886363636364,331.0,330.038461538462,55.7,45.45,13.4,32.15,9.65464285714286,16.65,14.85,23.35,290.5,17.5833333333333,33.05,10.45,31.95,9.45,10.05,16.3,17.5545454545455,51.1125,53.3111111111111,11.1625,21.1,13.735,26.75,14.4366666666667,11.8216981132075,11.0535087719298,21.8568965517241,20.4,356.1,61.7,4451.42857142857,91.0,138.0,81.2769230769231,110.0,51.45,22.406835443038,470.5,277.5,11.0252577319588,146.7875,62.1,8.0,43.35,32.85,78.3,57.85,62.3769230769231,285.0,65.5,72.6,31.8916666666667,101.055555555556,17.6536231884058,9.18605633802817,60.2,85.6,90.4166666666667,71.3,499.0,410.0,751.0,374.5,188.5,119.916666666667,210.0,262.25,34.85,142.0,138.363636363636,89.2,128.0,49.425,65.9,117.0,35.02
43.8785714285714,32.86,77.2555555555555,62.6,110.875,85.1727272727273,12.6045454545455,48.15,118.791666666667,28.6857142857143,33.45,342.0,130.0,22.95,141.5,435.0,19.8625,45.0,27.75,41.7375,145.5,31.7,16.75,25.95,23.4416666666667,58.15,360.5,434.0,30.8,44.8,32.8,21.7,28.4275,271.5,251.833333333333,360.5,36.9,17.4067796610169,108.375,,31.8660377358491,80.5952380952381,19.2,,958.0,213.0,43.4295454545454,18.88125,81.0,45.985,21.2,24.875,72.0,23.68,276.0,159.0,27.1,66.7,99.2785714285714,111.0,53.3,78.8,69.3,199.636363636364,82.3590909090909,12.736,109.666666666667,138.5,38.25,27.5944444444445,85.2833333333333,295.215596330275,331.0,329.611111111111,55.7142857142857,45.45,13.3984375,32.15,9.66,16.65,14.85,23.35,290.5,17.5586956521739,33.05,10.45,31.95,9.446,10.05,16.3,17.59375,51.1921052631579,53.31,11.1791666666667,21.1,13.7178571428571,26.7327586206897,14.45,11.8045454545455,11.1,21.8539603960396,20.3978260869565,354.964285714286,61.7,4451.42857142857,91.1,138.0,81.4,110.416666666667,51.4,22.4416666666667,470.6,277.75,11.05,147.218446601942,62.1142857142857,8.0,43.3650793650794,32.9,78.2666666666667,57.85,62.4,285.5,65.6,72.6,31.8916666666667,101.026315789474,17.6884615384615,9.18605633802817,60.2,85.6,90.5,71.3,499.0,410.0,751.0,375.5,189.0,119.8,210.0,262.25,34.8785714285714,141.5,138.5,89.2,128.0,49.45,65.8,117.0,35.05
43.8642857142857,32.8701923076923,77.3,62.7,110.675,85.1102564102564,12.6045454545455,48.15,118.777777777778,28.7,33.43,342.130434782609,130.0,22.9470588235294,141.5,435.0,19.8631578947368,45.0,27.75,41.75,145.5,31.75,16.8,25.95,23.4411764705882,58.15,360.5,434.0,30.8,44.805,32.8,21.75,28.4,271.5,251.833333333333,360.5,36.9,17.4109090909091,108.375,,31.8769230769231,80.6134408602151,19.1848484848485,,958.0,213.121212121212,43.4083333333333,18.8791666666667,81.0,45.9916666666667,21.15,24.85,72.004081632653,23.6625,276.029411764706,158.5,27.0666666666667,66.7,99.3,111.0,53.225,78.8,69.3,199.636363636364,82.4434782608696,12.7,109.75,138.5,38.2928571428571,27.6,85.2833333333333,294.681818181818,330.5,329.941176470588,55.7,45.45,13.3727272727273,32.15,9.6512,16.65,14.85,23.35,290.5,17.6,33.05,10.45,31.9444444444444,9.448,10.05,16.3,17.5833333333333,51.12,53.3833333333333,11.1916666666667,21.1,13.7,26.724358974359,14.45,11.8033333333333,11.0777777777778,21.8633333333333,20.365625,355.363636363636,61.7,4460.0,91.1142857142857,137.9,81.4,110.5,51.475,22.405,470.571428571429,277.75,11.025,147.463768115942,62.2,7.99875,43.35,32.9,78.25,57.85,62.3777777777778,285.5,65.6,72.6,31.8916666666667,101.208333333333,17.7,9.19,60.2,85.65,90.4,71.2,499.0,409.5,751.0,375.5,188.611111111111,119.7,210.0,262.25,34.8666666666667,141.5,138.5,89.2,128.0,49.425,65.8,117.0,35.0
43.87,32.9027777777778,77.26,62.6,111.0,85.1285714285714,12.65,48.15,118.909090909091,28.65,33.43,342.0,130.0,22.9045454545454,141.642857142857,435.0,19.8625,45.0,27.75,41.7392857142857,145.5,31.75,16.75,25.925,23.4166666666667,58.2,360.25,435.0,30.8020833333333,44.84375,32.85,21.7,28.4,271.5,251.833333333333,360.5,36.9,17.4333333333333,108.0,,31.8857954545455,80.7,19.15,,959.560975609756,213.033898305085,43.4391304347826,18.85,80.9833333333333,46.0,21.15,24.85,72.0071428571428,23.65,276.5,158.5,27.05,66.7,99.2636363636364,111.0,53.3,78.8,69.4,199.636363636364,82.4903846153846,12.7171875,109.666666666667,138.5,38.3,27.6025,85.2833333333333,294.666666666667,330.5,330.0,55.6,45.45,13.3607142857143,32.15,9.65413793103448,16.65,14.85,23.35,290.5,17.59,33.05,10.45,31.9454545454545,9.44,10.05,16.35,17.5636363636364,51.2,53.3,11.1814606741573,21.1,13.7115384615385,26.7288461538462,14.45,11.8038461538462,11.0875,21.85,20.3865079365079,356.2,61.7,4465.0,91.1733333333333,137.9,81.35,110.4375,51.4,22.4038461538461,469.75,277.75,11.0470588235294,147.051094890511,62.2,7.99102803738318,43.4,32.85,78.2833333333333,57.9,62.3428571428571,285.0,65.6,72.6,31.8916666666667,101.0,17.6888888888889,9.18,60.1,85.6,90.4,71.2,499.0,409.5,752.0,375.5,188.5,120.0,210.0,263.0,34.89,141.5,138.5,89.2,128.5,49.425,65.8,117.0,35.0
43.8995098039216,32.936,77.2411764705882,62.6,110.514492753623,85.1780487804878,12.6,48.15,118.523696682464,28.6705882352941,33.44,342.0,130.0,22.9,141.5,435.0,19.8694444444444,45.0,27.75,41.7392857142857,145.5,31.75,16.75,25.95,23.4071428571429,58.2,360.0,435.0,30.8,44.85,32.85,21.7,28.45,271.5,251.833333333333,360.5,36.8777777777778,17.45,108.0,,31.8776595744681,80.6089005235602,19.1785714285714,,959.769230769231,213.086956521739,43.435,18.875,81.1093457943925,45.99375,21.2,24.8928571428571,72.04,23.68,276.5,158.5,27.05,66.7,99.3,111.0,53.2071428571429,78.8,69.4,199.636363636364,82.5266666666667,12.7,109.538461538462,138.5,38.2630681818182,27.64,85.2,295.0,331.0,330.82,55.6,45.45,13.3602713178295,32.15,9.65413793103448,16.65,14.85,23.34,290.5,17.6,33.075,10.45,31.9142857142857,9.44,10.05,16.35,17.5999068901304,51.1190476190476,53.378231292517,11.1820512820513,21.075,13.74296875,26.7392857142857,14.45,11.8166666666667,11.0555555555556,21.8590909090909,20.3617647058824,356.8,61.65,4470.0,91.16,137.9,81.3,110.1,51.4,22.43,470.09375,278.0,11.0384615384615,147.0,62.2166666666667,7.998,43.3505,32.85,78.2727272727273,57.9,62.4,285.25,65.6857142857143,72.6,31.9,101.0,17.6571428571429,9.19,60.1,85.6,90.4,71.2,499.0,409.5,752.0,375.5,188.5,119.666666666667,211.0,263.0,34.8571428571429,141.5,138.5,89.2,129.107142857143,49.45,65.8,117.0,35.0
43.9404761904762,32.9071428571429,77.234693877551,62.7,110.6875,85.1884615384615,12.6,48.2,118.681818181818,28.6625,33.5125,342.0,130.0,22.95,141.888888888889,434.5,19.865,45.0,27.75,41.74375,145.5,31.75,16.8,25.9,23.415,58.1,360.0,435.0,30.8,44.85,32.85,21.7,28.45,271.5,251.833333333333,360.5,36.8833333333333,17.4475609756098,108.25,,31.890243902439,80.6071942446043,19.2,,959.0,213.089743589744,43.4,18.8939814814815,81.135294117647,46.025,21.25,24.8514285714286,72.025,23.65,276.6,158.5,27.05,66.7,99.3,111.0,53.22,78.8,69.35,200.0,82.5031746031746,12.7026315789474,109.636363636364,138.5,38.2177419354839,27.675,85.2,295.090909090909,331.0,330.47619047619,55.6777777777778,45.45,13.3136363636364,32.15,9.65518518518519,16.65,14.85,23.3333333333333,290.5,17.6,33.075,10.45,31.9,9.44923076923077,10.1,16.35,17.58,51.1,53.395625,11.1571428571429,21.0975,13.7439189189189,26.7347222222222,14.4486111111111,11.8411764705882,11.0980769230769,21.8846153846154,20.4,356.875,61.7,4470.0,91.15,137.9,81.275,110.25,51.4,22.4,470.375,277.8,11.0409090909091,147.0,62.2166666666667,7.99117647058824,43.35,32.9,78.3,57.9,62.32,285.625,65.6,72.6333333333333,31.9,101.0,17.695,9.19,60.1,85.6,90.4,71.2,499.0,409.5,753.0,374.5,188.9,119.75,211.0,263.0,34.875,141.5,138.5,89.2,129.111111111111,49.45,65.9,117.0,35.05
43.9375,32.91,77.3,62.7,111.0,85.1678571428571,12.6155172413793,48.2,119.0,28.6978125,33.45,342.0,130.0,22.95,141.5,435.0,19.8583333333333,44.95,27.75,41.74375,145.5,31.75,16.8,25.9,23.43,58.1,360.0,435.0,30.85,44.85,32.85,21.7,28.45,271.5,251.833333333333,360.5,36.85,17.4413793103448,108.166666666667,,31.880198019802,80.6178571428571,19.2,,959.0,213.113636363636,43.4083333333333,18.8527777777778,81.09375,46.025,21.25,24.815,72.025,23.65,276.5,158.5,27.05,66.7,99.244,110.5,53.25,78.9,69.35,199.5,82.4901960784314,12.7019230769231,109.5,138.5,38.25,27.68,85.2,295.0,330.5,330.107142857143,55.7,45.45,13.3194444444444,32.15,9.65068965517241,16.65,14.85,23.345,290.5,17.5979166666667,33.05,10.45,31.95,9.44923076923077,10.05,16.35,17.6,51.1142857142857,53.3285714285714,11.175,21.0666666666667,13.7379746835443,26.7314285714286,14.45,11.830303030303,11.1,21.8666666666667,20.3961538461538,357.875,61.60625,4475.0,91.3333333333333,137.9,81.25,110.464285714286,51.4166666666667,22.4,469.5,278.0,11.05,147.047619047619,62.3,8.0,43.35,32.9,78.2888888888889,57.9,62.3714285714286,285.625,65.6,72.6,31.9,101.142857142857,17.6916666666667,9.19,60.2,85.65,90.4,71.2,499.0,409.5,752.0,376.75,188.514285714286,119.666666666667,211.0,263.0,34.8969696969697,141.9,138.125,89.2,129.166666666667,49.45,65.85,117.0,35.0
43.9428571428571,32.9111111111111,77.3,62.75,111.0,85.1882352941176,12.64375,48.2,118.772727272727,28.7440476190476,33.45,342.0,130.0,23.0,141.666666666667,434.9,19.8673913043478,44.975,27.7,41.75,145.5,31.75,16.8,25.925,23.4333333333333,58.1,360.0,435.0,30.85,44.84375,32.85,21.7,28.45,271.5,251.833333333333,360.5,36.8666666666667,17.4419117647059,108.05,,31.8620689655172,80.6488372093023,19.2,,959.333333333333,213.055555555556,43.3922727272727,18.8592592592593,81.05,46.03,21.2130434782609,24.846875,72.0,23.65,277.0,158.5,27.0091836734694,66.75,99.2222222222222,110.5,53.25,78.9,69.35,199.5,82.4913043478261,12.7205357142857,109.75,138.5,38.25,27.66,85.3,295.230769230769,330.5,330.0,55.8333333333333,45.45,13.3183673469388,32.15,9.65210526315789,16.65,14.8833333333333,23.35,290.5,17.6,33.05,10.45,31.925,9.44666666666666,10.1,16.3416666666667,17.5501156069364,51.1885714285714,53.3630952380952,11.1955223880597,21.075,13.7083333333333,26.7410256410256,14.45,11.8204545454545,11.0954545454545,21.8694444444444,20.4,356.769230769231,61.7,4480.0,91.0,138.0,81.25,110.5,51.45,22.434375,469.8125,277.5,11.0504553734062,147.5,62.3,8.0,43.3931034482759,32.9,78.3,57.9,62.3741935483871,285.5,65.6,72.6,31.9,101.0,17.6766666666667,9.19029411764706,60.2,85.6,90.4,71.2,499.0,409.083333333333,752.0,376.75,188.5,119.625,211.0,263.0,34.9,141.5625,138.444444444444,89.2,129.0,49.4333333333333,65.8125,117.0,35.0
43.92,32.9125,77.375,62.75,111.0,85.2059322033898,12.6,48.2,118.807692307692,28.75,33.45,341.5,130.0,23.0,141.857142857143,434.5,19.8619047619048,44.975,27.7,41.75,145.5,31.75,16.8,25.95,23.4,58.1,360.0,435.0,30.9,44.84375,32.8,21.75,28.45,270.875,251.833333333333,360.5,36.9,17.428,108.166666666667,,31.8528571428571,80.6742424242424,19.2,,960.333333333333,213.458955223881,43.3923076923077,18.8936170212766,81.0,46.05,21.2130434782609,24.85,72.02,23.6444444444444,276.666666666667,158.5,27.0,66.7117647058824,99.2857142857143,110.5,53.2235294117647,79.0,69.4,199.5,82.505,12.7,109.75,138.5,38.2833333333333,27.6261904761905,85.3,295.166666666667,330.5,330.0,55.9,45.45,13.3291666666667,32.15,9.65166666666667,16.65,14.8833333333333,23.35,292.0,17.6,33.05,10.4,31.95,9.44121621621622,10.1,16.35,17.5536585365854,51.1846153846154,53.3922077922078,11.16,21.1,13.7328125,26.7492063492064,14.44375,11.835,11.0954545454545,21.8683333333333,20.4,355.0625,61.6111111111111,4475.0,91.125,138.0,81.4,110.3125,51.4285714285714,22.42,470.25,277.5,11.0833333333333,147.565789473684,62.3666666666667,7.99976190476191,43.3931034482759,32.9,78.3,58.01,62.35,285.5,65.6,72.6,31.9,101.0,17.6982142857143,9.18166666666667,60.2,85.5733333333333,90.525,71.3,499.5,409.5,752.0,376.75,188.5,119.9,211.0,263.0,34.8958333333333,141.625,138.4,89.2,129.0,49.45,65.7,117.0,35.0
43.9107142857143,32.9392857142857,77.4,62.75,110.944444444444,85.2111111111111,12.6,48.2,118.727272727273,28.7861111111111,33.45,341.5,130.0,22.95,142.0,435.5,19.8893939393939,44.95,27.75,41.75,145.5,31.75,16.8,25.95,23.4083333333333,58.1,359.75,435.0,30.9,44.8583333333333,32.8,21.75,28.45,270.5,251.833333333333,360.5,36.8681818181818,17.4348684210526,108.4,,31.858064516129,80.6744680851064,19.1921052631579,,959.944444444444,213.57247706422,43.4,18.8705882352941,80.9,46.0047619047619,21.25,24.8,72.1,23.6,277.0,158.5,27.0430555555556,66.65,99.4,110.5,53.3,78.9,69.4,199.5,82.5285714285714,12.7263157894737,109.75,138.5,38.3032258064516,27.65,85.3,295.656862745098,331.0,330.45,56.0506172839506,45.5,13.3119047619048,32.15,9.65333333333333,16.65,14.8833333333333,23.3090909090909,291.0,17.5833333333333,33.05,10.4,31.95,9.44997014925373,10.05,16.35,17.55,51.1,53.3375,11.1670731707317,21.0625,13.725,26.7438356164384,14.45,11.85,11.0986111111111,21.8652173913043,20.4,354.3,61.6,4470.0,91.28125,138.0,81.3722222222222,110.208333333333,51.5,22.4458333333333,470.0625,278.0,11.097619047619,147.52380952381,62.3,7.99976190476191,43.3931034482759,32.9,78.3,58.1380952380952,62.35,285.5,65.6333333333333,72.6,31.9,101.0,17.6817073170732,9.18281690140845,60.2,85.59375,90.625,71.3,499.5,409.833333333333,752.0,376.75,188.6,119.75,211.0,263.0,34.9,141.875,138.553571428571,89.2,129.0,49.45,65.5211267605634,117.0,34.9569444444445
43.9272727272727,32.9444444444444,77.3857142857143,62.8,110.972972972973,85.274,12.6,48.2,118.909090909091,28.7823529411765,33.45,341.5,130.0,22.95,142.5,435.833333333333,19.8851851851852,44.95,27.75,41.7909090909091,145.5,31.75,16.8,25.92,23.435,58.1,360.0,435.0,30.9,44.9,32.8,21.7,28.45,270.5,251.833333333333,360.5,36.8555555555555,17.4502941176471,108.4,,31.8987288135593,80.697191011236,19.1921052631579,,959.833333333333,213.8125,43.4381578947369,18.8514705882353,80.9060606060606,45.9923913043478,21.2,24.8111111111111,72.0666666666667,23.6026785714286,277.0,158.5,27.05,66.7238095238095,99.7540740740741,110.5,53.25,78.9,69.4,200.0,82.4484375,12.7361111111111,109.903846153846,138.5,38.3166666666667,27.68,85.275,296.46,331.5,330.3,56.1416666666667,45.45,13.3036764705882,32.15,9.66,16.65,14.8717391304348,23.3090909090909,291.0,17.6,33.05,10.4,31.95,9.45909090909091,10.05,16.35,17.58125,51.1142857142857,53.4,11.1875,21.095,13.7125,26.7438461538462,14.45,11.8425925925926,11.0825,21.890243902439,20.4,352.875,61.6,4470.0,91.4,138.0,81.35,110.333333333333,51.5,22.4428571428571,470.375,278.5,11.0952380952381,147.5,62.3,8.0,43.368,32.9078947368421,78.2846153846154,58.3,62.4,285.5,65.6857142857143,72.6,31.9,101.0,17.7,9.18,60.2,85.6333333333333,90.625,71.3,499.5,410.333333333333,752.0,376.75,188.84375,119.75,211.0,263.0,34.8526315789474,141.75,139.0,89.2,129.0,49.404347826087,65.4,117.0,34.972
43.9083333333333,32.9425742574258,77.3666666666667,62.8,110.863636363636,85.2333333333333,12.6,48.2,118.772727272727,28.75,33.45,341.5,130.0,22.94,142.375,439.125,19.8648148148148,45.0,27.75,41.7921052631579,145.5,31.75,16.8,25.91,23.4,58.05,360.285714285714,435.0,30.9,44.875,32.8,21.7,28.45,270.5,251.833333333333,360.5,36.9,17.4510869565217,108.3,,31.9045454545454,80.6970588235294,19.18,,962.235294117647,213.673076923077,43.4446428571429,18.8596153846154,80.8785714285714,45.95,21.2,24.85,72.0666666666667,23.625,277.0,158.5,27.05,66.80625,99.738679245283,111.020833333333,53.3,79.0142857142857,69.4,200.0,82.5071428571429,12.719,109.971428571429,138.5,38.3464285714286,27.6666666666667,85.2,296.482142857143,331.5,331.022727272727,56.0,45.45,13.3375,32.15,9.65736842105263,16.65,14.85,23.35,291.0,17.6,33.05,10.4,31.95,9.45,10.05,16.3,17.58125,51.1333333333333,53.4625,11.1712962962963,21.0538461538462,13.7133333333333,26.7485507246377,14.4333333333333,11.8378787878788,11.095,21.8917808219178,20.4,353.3,61.6142857142857,4470.0,91.415,138.0,81.3666666666667,110.5,51.5666666666667,22.4333333333333,471.665137614679,279.037037037037,11.05,147.055555555556,62.3,8.0,43.3722222222222,32.9078947368421,78.3,58.3,62.3909090909091,285.5,65.6333333333333,72.6,31.9,101.125,17.7,9.182,60.2,85.6,90.7,71.3,499.5,411.0,752.333333333333,376.5,188.95,119.75,211.0,263.0,34.8657894736842,142.0,139.0,89.2,129.0,49.4,65.4666666666667,117.0,34.954347826087
43.9462264150943,32.9777272727273,77.3888888888889,62.7166666666667,111.0,85.24,12.6,48.2,118.583333333333,28.7642857142857,33.45,342.0,130.0,22.95,142.5,440.0,19.8672413793103,45.0,27.75,41.8,145.5,31.75,16.8,25.92,23.4,58.05,360.5,435.0,30.9,44.8512195121951,32.8,21.7,28.45,270.5,251.833333333333,360.5,36.8833333333333,17.4533980582524,108.0,,31.9083333333333,80.69625,19.1666666666667,,963.090909090909,213.586956521739,43.4625,18.85,80.8875,45.9833333333333,21.2015625,24.8522222222222,72.0,23.6333333333333,277.0,159.0,27.05,66.7,99.745,111.0,53.235,79.0,69.4,200.0,82.5733333333333,12.7208333333333,109.666666666667,138.5,38.3483870967742,27.7,85.3,296.318181818182,331.5,331.108695652174,56.0,45.5,13.3074468085106,32.15,9.66,16.65,14.85,23.3333333333333,291.0,17.5916666666667,33.05,10.4,31.95,9.45,10.0625,16.35,17.5833333333333,51.12,53.4,11.1863636363636,21.0722222222222,13.7484210526316,26.7502202643172,14.45,11.8420454545455,11.1,21.9,20.4,352.4375,61.7,4470.0,91.625,138.0,81.4,110.214285714286,51.58,22.41,473.024390243902,279.233333333333,11.0686567164179,147.416666666667,62.3111111111111,8.0,43.3722222222222,32.95,78.2,58.3,62.3555555555555,285.5,65.62,72.6,31.9,101.0,17.7,9.19,60.2,85.6,90.7,71.3,499.5,411.0,753.0,376.5,189.0,119.75,211.0,263.0,34.8986111111111,141.8,138.6,89.2,129.0,49.45,65.4,117.0,34.9592592592593
43.9391304347826,33.00625,77.4,62.8,110.975,85.2083333333333,12.6,48.2,118.522727272727,28.7708333333333,33.4833333333333,342.0,130.333333333333,22.95,142.5,440.0,19.8666666666667,44.9642857142857,27.75,41.85,145.5,31.75,16.8,25.9333333333333,23.4,58.05,360.961538461538,435.0,30.9,44.85,32.8,21.7,28.45,270.5,251.833333333333,360.5,36.8794117647059,17.4508771929825,108.5,,31.9166666666667,80.7086956521739,19.1991071428571,,961.0,213.515,43.4666666666667,18.8714285714286,80.975,45.95,21.2447368421053,24.8875,72.0315789473684,23.6635135135135,277.0,159.0,27.0982142857143,66.74,99.79,111.0,53.2333333333333,79.15,69.4,200.0,82.71875,12.7349206349206,110.0,138.75,38.2793103448276,27.7,85.3,296.196428571429,331.5,331.1875,56.0,45.5,13.3208333333333,32.15,9.65044776119403,16.65,14.85,23.35,291.0,17.6,33.05,10.4108695652174,31.95,9.45,10.05,16.35,17.55,51.17,53.3666666666667,11.1733333333333,21.1,13.7357142857143,26.7547619047619,14.4497695852535,11.85,11.1,21.8925925925926,20.3970588235294,352.75,61.7,4470.0,91.6,138.0,81.48,110.375,51.5,22.4,473.317073170732,279.612903225806,11.05,147.333333333333,62.4,8.0,43.375,32.95,78.275,58.025,62.3838709677419,285.5,65.6,72.5,31.9,101.0,17.6603448275862,9.18093023255814,60.28,85.6647058823529,90.7,71.4,499.5,411.0,753.0,376.5,189.5,119.5,211.0,263.0,34.908064516129,141.833333333333,138.5,89.2,129.0,49.45,65.5125,117.0,35.0
43.9291666666667,33.0425,77.3954545454546,62.8,111.0,85.2466666666667,12.65,48.2,118.916666666667,28.8,33.45,342.0,130.333333333333,22.95,142.5,437.625,19.8605263157895,44.9625,27.75,41.85,145.5,31.7,16.8,25.9142857142857,23.4,58.05,361.0,435.0,30.9,44.85,32.8,21.7,28.45,270.0,251.833333333333,360.5,36.85,17.4655913978495,108.5,,31.9115384615385,80.7877192982456,19.196,,961.0,213.503816793893,43.45,18.8818181818182,80.975,46.0,21.2447368421053,24.85,72.0333333333333,23.608273381295,277.0,159.0,27.1,66.7777777777778,99.7,111.0,53.23,79.1,69.3666666666667,200.0,82.8,12.7367346938776,109.714285714286,138.75,38.2983333333333,27.7,85.3,296.5,331.5,330.6,56.1,45.5,13.3094594594595,32.15,9.65434782608696,16.65,14.85,23.35,291.0,17.6,33.05,10.425,31.95,9.4475,10.05,16.35,17.5822580645161,51.1166666666667,53.3,11.196,21.0916666666667,13.7453703703704,26.8,14.45,11.8464912280702,11.1,21.85,20.4,352.833333333333,61.7,4470.0,91.475,138.0,81.5,110.5,51.51,22.4434782608696,472.4,279.555555555556,11.0958333333333,147.0,62.4,8.0,43.4,32.8,78.25,58.1,62.352380952381,285.5,65.6,72.45,31.9,101.0,17.7,9.18641791044776,60.2,85.6,90.7,71.4,499.5,410.7,753.0,376.5,189.013157894737,119.833333333333,211.0,263.0,34.9375,141.666666666667,138.5,89.2,129.0,49.45,65.5666666666667,117.0,35.0
43.9321428571429,33.0025,77.385,62.8,110.970588235294,85.26,12.6,48.2,118.666666666667,28.7868421052632,33.5,342.0,130.333333333333,22.95,142.5,437.0,19.8545454545455,45.0141666666667,27.75,41.85,145.5,31.75,16.8,25.9,23.4166666666667,58.05,361.0,435.0,30.9,44.85,32.8,21.7,28.5,270.0,251.833333333333,360.5,36.8879310344828,17.4521739130435,108.5,,31.8995145631068,80.7431034482759,19.2,,961.0,213.522988505747,43.45,18.85,80.94,46.0,21.25,24.85,72.1,23.5103846153846,277.0,158.5,27.1,66.7666666666667,99.68,111.0,53.2928571428571,79.0,69.3666666666667,200.0,82.8258064516129,12.7305785123967,109.941176470588,138.75,38.296875,27.7,85.3,296.434782608696,331.5,330.5,56.04,45.5,13.3205223880597,32.15,9.65,16.65,14.85,23.35,291.0,17.59,33.05,10.425,31.9416666666667,9.44,10.05,16.3008620689655,17.5525,51.184,53.32,11.1955357142857,21.05,13.7495238095238,26.8,14.4217391304348,11.8422535211268,11.0791666666667,21.8827380952381,20.4,353.111111111111,61.7,4460.0,91.41,138.0,81.5,110.333333333333,51.5333333333333,22.425,472.428571428571,279.5,11.0811224489796,146.916666666667,62.45,8.00625,43.4,32.95,78.3,58.1,62.3833333333333,285.5,65.5947368421052,72.5,31.9,101.0,17.7,9.17090909090909,60.2,85.6333333333333,90.7,71.4,499.5,410.7,751.0,376.5,189.0,119.916666666667,211.0,263.0,34.9357142857143,141.5,139.0,89.2,129.5,49.453125,65.6,117.0,34.95
43.93,32.9857142857143,77.4,62.7,111.0,85.2102564102564,12.6,48.2,118.75,28.7791666666667,33.55,342.0,130.0,22.9166666666667,142.5,439.0,19.8695652173913,45.0538461538462,27.75,41.85,145.5,31.75,16.8,25.9,23.4467741935484,58.05,361.0,435.0,30.9083333333333,44.825,32.8,21.7,28.5,270.0,251.833333333333,360.5,36.9016666666667,17.4506756756757,108.5,,31.8582352941177,80.7612903225806,19.195,,961.0,213.912162162162,43.4911764705882,18.8916666666667,80.9,45.95,21.25,24.8714285714286,72.0833333333333,23.5464285714286,277.083333333333,158.5,27.1,66.7,99.7,111.0,53.2277777777778,79.0,69.4619047619047,199.5,82.8733333333333,12.7328947368421,109.863636363636,138.75,38.3,27.7,85.25,296.416666666667,332.0,330.545454545455,56.0,45.5,13.3441798941799,32.15,9.65478260869565,16.65,14.85,23.35,291.0,17.5615384615385,33.05,10.425,31.9357142857143,9.45,10.0669491525424,16.3,17.597619047619,51.1666666666667,53.3730769230769,11.1756,21.0964285714286,13.7833333333333,26.8,14.45,11.8382352941176,11.078125,21.9,20.39375,352.611111111111,61.7,4460.0,91.2166666666666,138.0,81.5375,110.142857142857,51.5,22.4,472.666666666667,279.5,11.0588235294118,146.863636363636,62.4,8.00909090909091,43.4,32.95,78.2666666666667,58.1,62.4,285.5,65.55,72.5,31.9,101.0,17.7,9.18,60.3,85.6,90.7111111111111,71.4,499.5,410.7,751.0,376.5,189.0,119.7,211.0,263.0,34.95,141.833333333333,138.6875,89.2,129.5,49.5,65.5857142857143,117.0,34.9666666666667
43.9272727272727,32.98,77.3086956521739,62.8,110.983333333333,85.2571428571429,12.6,48.2,118.9,28.7722222222222,33.4818181818182,342.0,130.0,22.95,142.0,438.5,19.8636363636364,45.1,27.75,41.85,145.5,31.75,16.8,25.9029411764706,23.4,58.05,361.0,435.0,30.93,44.8,32.8,21.7,28.5,270.0,251.833333333333,360.5,36.9016666666667,17.4520833333333,108.5,,31.85,80.7395348837209,19.1875,,961.5,213.49537037037,43.4957627118644,18.85,80.9,45.95,21.2375,24.85,72.0980769230769,23.5716666666667,277.5,158.5,27.15,66.725,99.6111111111111,111.0,53.3,79.2,69.5,199.75,82.8896551724138,12.7354166666667,109.666666666667,138.75,38.3012820512821,27.7,85.25,296.1875,331.5,330.882352941176,56.0,45.5,13.3565217391304,32.15,9.65375,16.65,14.9,23.35,291.0,17.6,33.05,10.45,31.95,9.43654411764706,10.0916666666667,16.3,17.597619047619,51.1,53.3,11.2,21.075,13.755,26.7871428571429,14.4415492957746,11.8479381443299,11.0555555555556,21.8857142857143,20.3714285714286,351.833333333333,61.7,4470.0,91.4625,138.0,81.7611111111111,110.375,51.5,22.4055555555555,473.388888888889,279.2,11.05,147.5,62.5,8.00636363636364,43.4,32.95,78.3,58.1,62.38,285.75,65.5,72.5,31.9,101.0,17.7,9.19,60.3,85.6,90.83125,71.4,499.5,410.25,751.0,376.5,189.5,119.5,211.0,263.0,34.9020547945205,141.5,138.5,89.2,129.972222222222,49.5,65.55,117.0,35.0
43.9315789473684,32.98,77.2384615384615,62.8,110.964285714286,85.24,12.6460317460317,48.2,118.727272727273,28.7722222222222,33.4818181818182,342.0,130.0,22.95,142.25,438.5,19.878125,45.2224409448819,27.75,41.85,145.5,31.75,16.8,25.9,23.45,58.1,361.5,435.0,30.93,44.8,32.8,21.7,28.5,270.0,252.5,360.5,36.95,17.45,108.5,,31.8540540540541,80.7833333333333,19.15,,961.0,213.336538461538,43.4538461538462,18.8758620689655,81.0257731958763,45.9857142857143,21.2485714285714,24.85,72.0913043478261,23.565625,277.3,158.5,27.1597826086956,66.7,99.4941176470588,111.0,53.248,79.2,69.4933333333333,199.75,82.9,12.7478,110.0,138.75,38.3136363636364,27.69375,85.25,296.0,332.0,330.954545454545,56.0,45.5,13.3777777777778,32.15,9.65,16.65,14.85,23.35,292.5,17.5833333333333,33.05,10.45,31.95,9.43207100591716,10.05,16.3,17.575,51.1916666666667,53.3852941176471,11.2,21.1,13.7592592592593,26.7993055555556,14.45,11.85,11.0555555555556,21.8717391304348,20.4,351.214285714286,61.7,4470.0,91.3166666666667,138.0,81.9,110.083333333333,51.55,22.425,474.166666666667,279.0,11.05,147.5,62.4,8.00857142857143,43.4,32.95,78.225,58.1,62.4083333333333,285.5,65.5666666666667,72.475,31.9,101.0,17.7,9.19,60.2833333333333,85.6,90.7142857142857,71.4,499.5,410.0,751.0,376.0,189.5,119.938888888889,211.0,263.0,34.8923076923077,141.5,138.5,89.2,129.5,49.5,65.6,117.0,35.0
43.93125,32.95,77.25,62.8,110.6875,85.225,12.6,48.2,118.583333333333,28.775,33.5,342.0,130.0,22.95,142.375,439.0,19.8583333333333,45.4577777777778,27.75,41.85,145.5,31.75,16.8,25.9,23.45,58.1,360.454545454545,434.25,30.93,44.85,32.8,21.7,28.5,270.5,253.0,360.5,36.95,17.4520547945205,108.5,,31.9021126760563,80.7960784313725,19.1857142857143,,960.0,213.506134969325,43.4833333333333,18.8576923076923,80.9952380952381,45.9857142857143,21.203125,24.88125,72.1,23.55,277.5,158.5,27.2,66.78,99.3864864864865,111.0,53.3111111111111,79.1,69.6,199.75,82.8911111111111,12.7480225988701,109.5,139.0,38.3,27.7,85.3,296.25,332.0,330.625,56.0,45.5,13.3642857142857,32.15,9.65333333333333,16.65,14.85,23.3333333333333,292.5,17.595,33.05,10.45,31.95,9.44,10.05,16.3,17.55,51.15,53.3871794871795,11.2,21.05,13.75,26.7948717948718,14.45,11.84375,11.1,21.8634615384615,20.4,351.5,61.7,4470.0,91.3833333333333,138.0,81.9,110.05,51.52,22.4307692307692,473.125,279.166666666667,11.0530120481928,147.4,62.44,8.00666666666667,43.45,32.95,78.2888888888889,58.2,62.4166666666667,285.5,65.6,72.7,31.9,101.0,17.6745614035088,9.19,60.2,85.6,90.7142857142857,71.4,499.5,410.0,751.0,376.0,189.5,119.911764705882,211.0,263.0,34.8875,141.6,138.5,89.2,129.5,49.5,65.5166666666667,117.0,35.0
43.925,32.975,77.2428571428572,62.8,110.99,85.2321428571428,12.6490196078431,48.2,118.8,28.7772727272727,33.5,342.0,130.0,22.95,142.0,441.136363636364,19.847489539749,45.5894736842105,27.75,41.85,145.5,31.75,16.8,25.95,23.43125,58.1,360.454545454545,434.25,30.95,44.85,32.8,21.7,28.45,270.25,253.0,360.5,36.95,17.472602739726,108.5,,31.95,80.7464285714286,19.1857142857143,,960.6,213.775,43.5214285714286,18.8571428571429,81.0,45.95,21.25,24.9,72.0857142857143,23.55,277.333333333333,158.5,27.241935483871,66.7333333333333,99.3,111.0,53.3,79.0,69.6,199.75,82.9,12.75,109.666666666667,139.0,38.3,27.7,85.3,296.3,332.038461538462,330.928571428571,56.0,45.5,13.3625,32.15,9.65679012345679,16.65,14.9,23.3,292.5,17.6,33.05,10.4083333333333,31.9666666666667,9.43,10.05,16.35,17.5571428571429,51.2,53.3611111111111,11.1782142857143,21.1,13.75,26.7555555555556,14.45,11.8375,11.0885906040268,21.8696428571429,20.4,352.166666666667,61.7,4470.0,91.3666666666667,138.5,81.9,110.0625,51.5857142857143,22.4227272727273,474.906779661017,279.416666666667,11.0625,147.0,62.4285714285714,8.005,43.415,32.95,78.3,58.2,62.4333333333333,285.5,65.6,72.7,31.9,101.0,17.6888888888889,9.18571428571428,60.3,85.6,90.6941176470588,71.4,499.5,410.833333333333,751.0,376.0,189.0,119.875,211.0,263.0,34.8875,141.5,139.0,89.2,129.5,49.5,65.52,117.0,35.0
43.925,32.95,77.2,62.7,110.97619047619,85.225,12.6422077922078,48.2,118.8,28.76875,33.5,342.0,130.0,22.95,142.3,442.3125,19.8896551724138,45.55,27.75,41.85,145.5,31.7,16.8,25.9071428571429,23.4,58.1,360.833333333333,434.25,30.95,44.85,32.8,21.7,28.45,270.25,253.0,360.5,36.9,17.4640350877193,108.5,,31.9766666666667,80.7692307692308,19.1791666666667,,960.428571428571,213.619047619048,43.5096153846154,18.9035483870968,81.0,46.0,21.25,24.9002427184466,72.0666666666667,23.5678571428571,277.25,158.5,27.2896551724138,66.7,99.3,111.0,53.3,79.0,69.6,199.75,82.9523809523809,12.756432748538,109.625,139.0,38.3,27.7,85.3,295.982142857143,332.25,331.045454545455,56.0,45.525,13.375,32.15,9.65090909090909,16.65,14.9,23.31,292.5,17.5833333333333,33.05,10.45,32.0,9.43,10.05,16.35,17.5988636363636,51.1444444444444,53.4,11.2008928571429,21.1,13.75,26.7642857142857,14.4478873239437,11.841935483871,11.1,21.8725,20.4,352.333333333333,61.7,4470.0,91.6958333333333,138.5,81.975,110.285714285714,51.5,22.4,475.535714285714,279.5,11.0506172839506,147.125,62.4611111111111,8.005,43.45,32.95,78.275,58.2,62.45,285.5,65.6,72.7,32.0,101.0,17.7,9.19,60.2,85.6,90.7,71.4,499.5,411.0,752.6,376.0,189.5,120.0,211.0,263.0,34.898,141.5,139.0,89.2,129.5,49.5,65.5,117.0,35.0
43.9366666666667,32.955,77.29375,62.8,111.0,85.25625,12.65,48.2,118.566666666667,28.7807692307692,33.5,342.0,130.0,22.95,142.3,440.75,19.8705882352941,45.4,27.7,41.825,145.5,31.7,16.8,25.9,23.4115384615385,58.1,361.0,434.25,30.95,44.825,32.8,21.7,28.45,270.25,253.0,360.5,36.95,17.4564516129032,108.5,,31.9964285714286,80.7829268292683,19.1791666666667,,961.0,213.677083333333,43.5,18.9,80.9888888888889,45.98,21.2896551724138,24.9444444444444,72.05,23.55,277.5,158.5,27.28125,66.7185185185185,99.2956521739131,111.0,53.2277777777778,79.0,69.6,200.0,83.0,12.75,109.833333333333,139.0,38.3293103448276,27.7,85.3,295.785714285714,332.5,331.392857142857,56.0,45.525,13.37,32.2,9.65285714285715,16.65,14.8821428571429,23.31,292.5,17.6,33.05,10.45,32.0,9.44,10.05,16.325,17.5888888888889,51.1777777777778,53.4090909090909,11.229347826087,21.09,13.78,26.7842857142857,14.45,11.84375,11.1,21.8633333333333,20.3681818181818,352.333333333333,61.7,4470.0,91.6727272727273,138.5,82.2285714285714,110.5,51.5777777777778,22.4,476.15625,279.5,11.05,147.125,62.5,8.00909090909091,43.4754716981132,32.95,78.3,58.34375,62.4272727272727,285.5,65.6,72.7,32.0,101.0,17.7,9.19,60.2,85.6,90.7,71.4,499.5,411.5,754.958333333333,376.0,189.0,120.0,211.0,263.5,34.9,141.666666666667,139.0,89.2,129.5,49.55,65.5333333333333,117.0,35.05
43.925,32.953125,77.28,62.7,110.96875,85.2636363636363,12.65,48.2,118.884615384615,28.7642857142857,33.5,342.0,130.0,22.95,142.3,440.0,19.8884615384615,45.35,27.7,41.825,145.5,31.7,16.8,25.9125,23.4,58.1,361.5,434.25,30.95,44.8,32.8,21.7,28.45,270.125,253.0,360.5,36.9426229508197,17.4511363636364,108.5,,32.0565693430657,80.7714285714286,19.1791666666667,,962.833333333333,213.602941176471,43.5109375,18.9471428571429,80.9636363636364,46.0,21.3,24.9517006802721,72.1,23.5914634146341,277.5,158.5,27.2708333333333,66.7142857142857,99.4,111.0,53.2363636363636,79.0,69.6,199.666666666667,83.1971428571428,12.7533333333333,109.866666666667,138.666666666667,38.3485714285714,27.7,85.3,295.8,332.5,332.639534883721,56.0,45.5,13.3722222222222,32.2,9.65305555555556,16.65,14.8821428571429,23.35,292.5,17.6,33.05,10.45,32.0,9.43981481481482,10.075,16.3,17.6,51.2,53.45,11.25,21.1,13.75,26.7805555555556,14.4439393939394,11.8395161290323,11.1,21.8733333333333,20.3970588235294,352.444444444445,61.7,4470.0,91.61,138.5,82.2,110.486486486486,51.6333333333333,22.41,474.958333333333,279.5,11.0579365079365,147.1,62.5,8.0,43.5219178082192,32.95,78.3,58.478947368421,62.5,286.25,65.6666666666667,72.6,32.0,101.0,17.7,9.2,60.2,85.65,90.8,71.54,499.5,411.375,756.0,376.0,189.4,119.9,211.0,263.5,34.8941176470588,141.5,139.0,89.3,129.5,49.55,65.5,117.0,35.0333333333333
43.9140625,32.9615384615385,77.3,62.7,111.0,85.3118110236221,12.65,48.2,118.727272727273,28.7772727272727,33.5,342.0,130.0,22.95,142.0,439.75,19.9,45.2675675675676,27.7,41.85,145.5,31.7,16.8,25.9075757575758,23.4,58.1,361.5,434.25,30.95,44.8333333333333,32.8,21.75,28.45,270.125,253.0,360.5,36.95,17.4514705882353,109.0,,32.0669642857143,80.7571428571428,19.1625,,965.311475409836,213.960387323944,43.4411764705882,18.9,80.9142857142857,45.9857142857143,21.4423566878981,24.95,72.04,23.6,277.666666666667,158.5,27.2469512195122,66.6666666666667,99.3,111.0,53.2133333333333,79.0,69.6,199.666666666667,83.2264705882353,12.792,110.0,138.666666666667,38.3833333333333,27.7454545454545,85.3,295.642857142857,332.5,332.943298969072,55.9333333333333,45.5,13.3673913043478,32.2,9.65810810810811,16.65,14.8821428571429,23.35,292.5,17.5954545454545,33.05,10.45,32.0,9.4375,10.05,16.3,17.6,51.1166666666667,53.4181818181818,11.25,21.0625,13.75,26.7863636363636,14.4403773584906,11.8176470588235,11.075,21.8708333333333,20.4,352.0,61.7,4470.0,91.6,138.5,82.1444444444445,110.363636363636,51.7,22.434375,473.884615384615,279.4375,11.0536585365854,147.0,62.5,8.005,43.5485714285714,32.95,78.3,58.2125,62.45,286.4,65.7571428571429,72.6,32.0,101.0,17.65625,9.2,60.2,85.6,90.9,71.54,499.5,411.5,755.2,376.0,189.083333333333,119.875,211.0,263.5,34.8818181818182,141.5,138.5,89.3,129.5,49.55,65.4619047619047,117.0,35.05
43.9392857142857,32.95,77.3285714285714,62.7,110.95,85.325,12.65,48.2,118.666666666667,28.785,33.5,342.0,130.0,22.95,142.0,439.0,19.9,45.25,27.7,41.85,145.5,31.7,16.8,25.9075757575758,23.425,58.1,361.891304347826,434.25,30.95,44.8,32.8,21.75,28.45,270.125,253.0,360.5,36.95,17.46,109.0,,32.0066666666667,80.7156862745098,19.15,,966.564102564102,214.017006802721,43.4459459459459,18.9,80.9925925925926,46.0,21.4159090909091,24.95,72.075,23.6282608695652,278.0,158.5,27.2644736842105,66.6846153846154,99.35,111.0,53.3,79.1,69.6,200.0,83.18,12.7625,109.875,139.0,38.3675675675676,27.7,85.5,296.202702702703,332.5,333.294117647059,55.9,45.5,13.3642857142857,32.2,9.65333333333333,16.65,14.8821428571429,23.35,292.5,17.6,33.1,10.45,31.9947368421053,9.44,10.05,16.3083333333333,17.5696428571429,51.18,53.475,11.25,21.0863636363636,13.7625,26.7944444444444,14.45,11.8359375,11.1,21.8677419354839,20.4,351.566666666667,61.7,4470.0,91.5,138.5,82.1058823529412,110.125,51.7,22.4214285714286,474.678571428571,279.5,11.0519230769231,147.02380952381,62.5,8.01,43.55,32.95,78.3,58.2,62.4333333333333,286.0,65.625,72.6,32.0,100.903614457831,17.6975,9.19937853107345,60.2,85.6,90.9833333333333,71.54,499.5,411.75,755.2,376.0,189.0,120.0,211.0,263.5,34.8916666666667,141.42,138.5,89.3,129.25,49.55,65.3846153846154,117.0,35.05
43.9166666666667,32.9777777777778,77.325,62.6333333333333,110.875,85.3545454545454,12.65,48.1875,118.657894736842,28.7722222222222,33.5375,342.0,130.0,22.95,142.0,438.75,19.9,45.2833333333333,27.7,41.8833333333333,145.5,31.7,16.8,25.9,23.41,58.1,362.076923076923,434.25,30.95,44.80625,32.8,21.75,28.4583333333333,270.0,253.0,360.5,36.95,17.4560747663551,108.415789473684,,32.0241379310345,80.7594594594595,19.1833333333333,,966.0,214.125,43.4866666666667,18.9025,81.0,46.0,21.3922480620155,24.95,72.1,23.6166666666667,278.010869565217,158.5,27.25,66.70625,99.3,111.0,53.22,79.1,69.6,200.0,83.1611111111111,12.7975409836066,109.730769230769,139.0,38.34375,27.75,85.5,296.526315789474,332.5,333.086206896552,56.0,45.515625,13.36,32.2,9.66,16.65,14.8821428571429,23.35,292.5,17.6,33.1,10.45,32.0,9.43821428571428,10.075,16.3083333333333,17.59,51.1,53.43125,11.2333333333333,21.1,13.8,26.7651515151515,14.45,11.8423076923077,11.1,21.8607142857143,20.4,351.0,61.6,4470.0,91.5,138.5,82.0,110.214285714286,51.7,22.42,475.729166666667,279.25,11.05,147.0,62.5,8.01,43.55,32.95,78.3,58.2,62.4625,286.0,65.6,72.6,32.0,101.0,17.6991228070175,9.20838709677419,60.2,85.6,91.0,71.54,499.5,411.5,758.0,376.0,189.0,119.625,211.0,263.5,34.9,141.0,139.0,89.3,129.25,49.5,65.3235294117647,117.0,35.05
43.94,32.95,77.4,62.7,110.933333333333,85.3833333333333,12.65,48.1875,118.678571428571,28.7642857142857,33.55,342.0,130.0,22.945,142.4,439.0,19.8944444444444,45.2833333333333,27.7,41.9,145.5,31.65,16.8,25.9318181818182,23.4,58.1,362.333333333333,434.25,30.95,44.8,32.8,21.75,28.45,270.0,253.0,360.5,36.95,17.4794117647059,108.5,,32.0,80.7333333333333,19.2,,965.2,214.239130434783,43.5,18.9047619047619,80.9454545454546,46.0,21.4,24.95,72.04,23.6514784946236,278.5,158.5,27.244,66.7833333333333,99.34,111.0,53.375,79.1,69.6,200.0,83.19,12.7824074074074,110.0,139.0,38.371875,27.7,85.5,296.9375,332.5,332.522727272727,55.9,45.55,13.3642857142857,32.2,9.66,16.65,14.9,23.35,292.5,17.5964285714286,33.1,10.45,32.0,9.44,10.05,16.35,17.5657894736842,51.1166666666667,53.4875,11.25,21.0909090909091,13.7666666666667,26.7630434782609,14.45,11.8448979591837,11.1,21.8568965517241,20.3868055555556,350.666666666667,61.6,4470.0,91.5666666666667,138.5,82.0,110.5,51.7333333333333,22.4441176470588,477.088235294118,280.296116504854,11.0529411764706,147.0,62.4,8.00258620689655,43.5380952380952,32.95,78.3,58.4,62.4,286.0,65.6,72.7,32.0,101.0,17.7,9.21024390243902,60.3,85.6,91.0,71.54,499.5,412.375,758.0,376.0,189.0,120.0,211.0,263.5,34.8913793103448,141.0,139.0,89.3,129.25,49.5,65.0254385964912,117.0,35.05
43.9495762711865,32.95,77.4,62.7,110.916666666667,85.35625,12.625,48.2,118.8125,28.8,33.54,342.0,130.5,22.95,142.5,441.016666666667,19.89,45.2833333333333,27.7,41.9,145.5,31.65,16.8,25.948275862069,23.4272727272727,58.1,362.25,434.25,30.95,44.8,32.8,21.75,28.45,270.0,253.0,360.5,36.95,17.46,108.5,,32.0022727272727,80.7809523809524,19.2,,964.0,214.125,43.4785714285714,18.9060606060606,80.9818181818182,46.0416666666667,21.4,24.9634146341463,72.1,23.7,278.5,158.5,27.203125,66.7916666666667,99.3375,111.0,53.3034482758621,79.1,69.5,200.0,83.2434782608696,12.7925,109.963414634146,138.8,38.375,27.74,85.5,296.833333333333,332.5,332.125,56.0,45.55,13.3608695652174,32.2,9.66615384615384,16.65,14.9,23.35,292.5,17.6,33.0590909090909,10.45,31.9833333333333,9.44105769230769,10.05,16.35,17.6,51.1142857142857,53.4294117647059,11.25,21.1,13.75,26.7789473684211,14.4205882352941,11.85,11.1,21.887037037037,20.4,350.8,61.6,4470.0,91.7,138.5,82.1,110.333333333333,51.8,22.4307692307692,477.827272727273,281.621951219512,11.0678571428571,147.0,62.4,8.0135294117647,43.5409090909091,32.95,78.3142857142857,58.4,62.4619047619048,286.0,65.6,72.7,32.0,101.0,17.7,9.21,60.3,85.6,91.0,71.54,499.5,413.0,758.0,376.0,189.0,119.625,211.0,263.5,34.9078947368421,141.0,139.0,89.3,129.0,49.525,64.6025,117.0,35.05
43.9479166666667,32.95,77.4,62.7,110.955555555556,85.3272727272727,12.65,48.2,118.857142857143,28.7625,33.54,342.166666666667,130.5,22.95,142.0,442.5,19.8863636363636,45.2833333333333,27.7,41.89,145.5,31.65,16.8,25.9044642857143,23.4,58.1,362.208333333333,434.25,30.95,44.8125,32.8,21.7,28.45,270.0,253.0,360.5,36.95,17.4896226415094,108.25,,32.0130434782609,80.7528301886792,19.2020833333333,,963.5,214.109375,43.4833333333333,18.9,80.8987804878049,46.0166666666667,21.4,24.9634146341463,72.0888888888889,23.7,278.5,158.5,27.25,66.8,99.3666666666667,111.0,53.4,79.1,69.6,200.0,83.2852941176471,12.765625,109.5,138.8,38.3615384615385,27.7,85.5,296.6,332.5,332.428571428571,56.0,45.55,13.365625,32.2,9.67,16.65,14.9,23.35,292.5,17.6,33.05,10.45,32.0,9.43987179487179,10.05,16.35,17.5833333333333,51.1870967741936,53.46,11.2375,21.1,13.7666666666667,26.7639705882353,14.45,11.8418367346939,11.075,21.8730769230769,20.394,351.454545454545,61.6,4470.0,91.61,138.5,82.05,110.428571428571,51.7,22.4506097560976,478.114754098361,281.111111111111,11.0682926829268,147.0,62.5,8.01,43.5083333333333,32.95,78.34,58.4,62.5,286.5,65.6,72.7,31.925,101.0,17.6648148148148,9.21909090909091,60.3,85.6,91.08,71.54,499.5,413.0,754.0,376.0,189.214285714286,119.583333333333,211.0,263.5,34.9142857142857,141.0,139.0,89.3,129.0,49.5166666666667,64.8666666666667,117.0,35.05
43.9571428571428,32.95,77.3333333333333,62.7,110.961538461538,85.35,12.65,48.2,118.766666666667,28.8,33.54,342.0,130.0,22.95,142.0,442.666666666667,19.8891891891892,45.3125,27.7,41.9,145.5,31.65,16.75,25.9,23.4111111111111,58.1,362.5,434.25,30.95,44.8,32.85,21.7,28.45,270.25,253.0,361.5,36.9410256410256,17.4594594594595,108.416666666667,,32.0,80.768,19.1989208633094,,962.0,214.016304347826,43.4764705882353,18.8833333333333,80.9,46.0016666666667,21.4,24.95,72.05,23.7222222222222,278.5,158.5,27.25,66.8428571428571,99.4,111.0,53.2071428571429,79.1,69.6,200.0,83.2282608695652,12.787037037037,109.7,138.8,38.3423076923077,27.7375,85.5,296.642857142857,332.5,332.3,56.0,45.55,13.3563829787234,32.2,9.67,16.65,14.85,23.35,292.5,17.6,33.05,10.45,32.0,9.43987179487179,10.05,16.325,17.5607142857143,51.1375,53.4257142857143,11.225,21.095,13.775,26.7416846652268,14.45,11.8478571428571,11.1,21.878125,20.4,352.944444444445,61.7,4470.0,91.6125,138.714285714286,81.9,110.2,51.74,22.45,475.980769230769,281.0,11.05,147.0,62.5,8.01,43.55,32.95,78.34,58.4333333333333,62.4756756756757,286.0,65.7,72.7,31.9714285714286,101.083333333333,17.7,9.22,60.3,85.6166666666667,91.1882352941177,71.6,499.5,413.333333333333,754.0,376.0,189.0,119.75,211.0,263.5,34.9046296296296,140.916666666667,139.0,89.3,129.0,49.5166666666667,64.94,117.0,35.05
43.9642857142857,32.9754237288136,77.39,62.6,110.875,85.3454545454545,12.6333333333333,48.2,118.9375,28.7772727272727,33.55,342.0,130.5,22.95,142.0,442.25,19.8730769230769,45.3125,27.7,41.9,145.5,31.65,16.75,25.9,23.43,58.1,362.5,434.25,30.95,44.81875,32.85,21.7,28.45,270.25,253.0,361.5,36.95,17.4811688311688,108.5,,31.995,80.7953846153846,19.1866666666667,,961.428571428571,214.107142857143,43.4933333333333,18.8903225806452,80.9076923076923,46.00625,21.4,24.9516129032258,72.1,23.7016666666667,278.5,158.0,27.225,66.8,99.3176470588235,111.0,53.2071428571429,79.1,69.5,200.0,83.2068965517242,12.7806547619048,109.833333333333,139.0,38.35,27.7,85.5,296.538461538462,332.0,331.958333333333,56.0,45.55,13.3722222222222,32.15,9.67,16.65,14.85,23.35,292.5,17.595,33.05,10.4357142857143,32.0,9.43,10.05,16.325,17.6,51.175,53.4074074074074,11.2473684210526,21.1,13.775,26.7366666666667,14.45,11.820625,11.1,21.8741935483871,20.4,353.590909090909,61.7,4470.0,91.5333333333334,138.714285714286,81.9,110.333333333333,51.7,22.4488095238095,475.583333333333,281.0,11.0535714285714,146.538461538462,62.5,8.01,43.55,32.95,78.4,58.4,62.4708333333333,286.5,65.7,72.7,31.9714285714286,101.125,17.7,9.21444444444445,60.3,85.6,91.3,71.6,499.5,413.333333333333,756.0,376.0,189.0,119.833333333333,211.0,264.0,34.8888888888889,140.5,138.5,89.3,129.0,49.55,65.0,117.0,35.05
43.9576923076923,32.955,77.3833333333333,62.6,110.961538461538,85.3285714285714,12.6333333333333,48.2,118.880952380952,28.77,33.5,342.0,130.5,22.95,142.0,442.25,19.875,45.325,27.7,41.9,145.5,31.7,16.7666666666667,25.9,23.4196078431372,58.1,362.5,434.0,30.95,44.841,32.85,21.75,28.45,270.25,253.0,361.5,36.95,17.4666666666667,108.5,,31.9639534883721,80.7975,19.2,,960.0,214.182926829268,43.4894736842105,18.86875,80.9076923076923,46.0,21.35,24.96,72.0,23.65,278.416666666667,158.5,27.2037037037037,66.7545454545455,99.35,111.0,53.2222222222222,79.1,69.5,200.0,83.2947368421053,12.75,109.928571428571,139.0,38.335,27.7,85.5,296.571428571429,332.0,331.857142857143,55.99375,45.5,13.3607142857143,32.15,9.67230769230769,16.65,14.9,23.35,292.5,17.5544117647059,33.05,10.45,32.0,9.43909090909091,10.05,16.325,17.5589285714286,51.1,53.4384615384615,11.2342105263158,21.1,13.75,26.75,14.448275862069,11.8315573770492,11.0555555555556,21.8620689655172,20.3783783783784,352.0,61.7,4465.0,91.475,139.0,82.0,110.315789473684,51.7,22.4490909090909,475.0,281.0,11.05625,146.5,62.5,8.01,43.55,32.95,78.4,58.4,62.4055555555555,286.5,65.65,72.775,31.9714285714286,101.0,17.7,9.21444444444445,60.3,85.62,91.1882352941176,71.6,499.5,413.833333333333,756.0,376.0,189.0,119.5,211.0,264.0,34.87,140.5,138.5,89.3,129.0,49.55,65.0,117.0,35.05
43.9590909090909,32.95,77.3714285714286,62.6666666666667,111.0,85.3588235294118,12.65,48.2,118.769230769231,28.76875,33.5,342.0,130.5,22.95,142.0,442.25,19.8825,45.3,27.7,41.8961538461538,145.5,31.7,16.7666666666667,25.9,23.4,58.1,362.5,435.0,30.95,44.8576923076923,32.85,21.75,28.425,271.0,253.0,361.5,36.9181818181818,17.4946428571429,108.3,,31.95,80.76,19.2,,960.0,214.104166666667,43.4916666666667,18.8785714285714,80.9,46.0,21.3125,24.95,72.0,23.65,278.5,158.5,27.2227272727273,66.7333333333333,99.3153846153846,111.0,53.3,79.1,69.5,200.0,83.2260869565217,12.7673913043478,109.75,139.0,38.4198275862069,27.7,85.5,296.625,332.0,331.078947368421,55.9888888888889,45.5,13.3583333333333,32.15,9.67666666666667,16.65,14.85,23.35,292.5,17.6,33.05,10.45,31.975,9.43056074766355,10.0785714285714,16.325,17.58,51.1125,53.4555555555555,11.2455357142857,21.09,13.75,26.7206422018349,14.45,11.85,11.1,21.8763157894737,20.4,353.0,61.7,4475.0,91.4,139.0,82.15,110.125,51.7,22.4333333333333,474.619047619048,280.933333333333,11.0691176470588,146.5,62.5,8.01,43.5760869565217,32.95,78.3363636363636,58.4,62.45,286.5,65.6,72.9,31.9714285714286,101.145833333333,17.6730769230769,9.21,60.3,85.6,91.1875,71.5666666666667,499.5,413.5,754.666666666667,376.0,188.5,119.625,211.0,264.5,34.89,140.5,139.0,89.3,129.0,49.55,64.9333333333333,117.0,35.0333333333333
43.9505952380952,32.9611111111111,77.4,62.6666666666667,110.605263157895,85.3692307692308,12.65,48.2,118.857142857143,28.79375,33.5166666666667,342.0,130.5,22.95,142.5,442.25,19.875,45.3,27.7,41.9,145.5,31.7,16.75,25.9029411764706,23.4239130434783,58.1,362.5,435.0,30.95,44.85,32.85,21.75,28.4,271.0,253.0,361.5,36.95,17.4928571428571,108.333333333333,,31.9179487179487,80.7981818181818,19.1888888888889,,960.833333333333,214.00625,43.49,18.85,80.9,45.95,21.3125,24.95,72.0777777777778,23.65,278.5,158.5,27.2083333333333,66.7,99.35,111.0,53.2111111111111,79.1,69.5,200.0,83.2153846153846,12.75,109.8125,139.0,38.4,27.7,85.5,296.5,332.0,331.0,56.0,45.5,13.3925,32.2,9.67047619047619,16.65,14.85,23.35,292.5,17.5958333333333,33.05,10.45,32.0,9.43888888888889,10.0833333333333,16.3,17.59,51.1333333333333,53.4428571428571,11.225,21.1,13.75,26.7229166666667,14.45,11.85,11.075,21.8709677419355,20.3986842105263,353.5,61.7,4475.0,91.3,138.5,82.3666666666667,110.5,51.7,22.4333333333333,474.133333333333,281.318181818182,11.0550724637681,146.625,62.5,8.0175,43.6,32.8833333333333,78.4,58.3,62.4333333333333,286.5,65.6,72.9,31.975,101.076923076923,17.6702702702703,9.215,60.3,85.6,91.1875,71.5666666666667,499.5,413.5,754.833333333333,376.0,188.520833333333,119.5,211.0,264.5,34.8875,141.0,139.0,89.3,129.0,49.55,64.98,117.0,35.05
43.9463878326996,32.9607142857143,77.3888888888889,62.6666666666667,110.909090909091,85.3764705882353,12.65,48.2,118.791666666667,28.8142857142857,33.5166666666667,342.25,130.5,22.95,142.4,442.25,19.8766666666667,45.3,27.75,41.9,145.5,31.7,16.8,25.95,23.41875,58.1,362.454545454545,435.0,30.95,44.86,32.85,21.75,28.4,271.0,253.0,361.5,36.9153846153846,17.457476635514,108.5,,31.9196078431372,80.776,19.2,,962.0,214.060606060606,43.4584507042254,18.8515193370166,80.8833333333333,45.95,21.3,24.95,72.1,23.65,278.472222222222,158.5,27.2,66.725,99.325,111.0,53.2333333333333,79.1,69.5,200.0,83.2017241379311,12.780303030303,109.714285714286,139.0,38.3888888888889,27.7,85.5,296.407894736842,332.0,331.0,55.9,45.55,13.3425729442971,32.15,9.67,16.65,14.85,23.35,292.5,17.55,33.05,10.45,32.0,9.44,10.05,16.35,17.559375,51.1933333333333,53.4384615384615,11.24,21.1,13.778125,26.7425,14.4451923076923,11.8547101449275,11.1,21.895652173913,20.4,353.166666666667,61.7,4475.0,91.3285714285714,138.5,82.4,110.490384615385,51.76,22.4,474.166666666667,280.458333333333,11.0696428571429,146.05,62.5,8.0175,43.59,32.8833333333333,78.4,58.3,62.4166666666667,286.5,65.7333333333333,72.9,31.975,101.035714285714,17.7,9.21,60.3,85.6,91.1875,71.6,499.5,413.5,755.0,376.0,188.5,119.75,211.0,264.5,34.9,141.0,139.0,89.3,129.0,49.5,64.9333333333333,117.333333333333,35.05
43.9,32.9611111111111,77.3111111111111,62.6,110.85,85.4,12.6,48.2,118.590909090909,28.8083333333333,33.5357142857143,342.25,130.5,22.95,142.5,441.0,19.8705882352941,45.3,27.75,41.9,145.5,31.7,16.8,25.9,23.425,58.1,362.086956521739,435.0,30.95,44.8409090909091,32.85,21.75,28.4,271.0,253.0,361.5,36.95,17.4550561797753,108.0,,31.9475609756098,80.7409523809524,19.2,,963.0,214.022088353414,43.4438144329897,18.8068862275449,80.8,45.95,21.3,24.95,72.05,23.6495238095238,278.75,158.535714285714,27.2125,66.7,99.3333333333333,111.0,53.2409090909091,79.1,69.6,200.0,83.1448979591837,12.7571428571429,109.966666666667,139.0,38.3171428571429,27.7,85.5,296.2,331.5,331.428571428571,55.9,45.55,13.3407407407407,32.2,9.66333333333333,16.65,14.85,23.35,292.5,17.55,33.05,10.4,32.0,9.43,10.05,16.3,17.6,51.1787234042553,53.4428571428571,11.2491379310345,21.0625,13.75,26.7471428571429,14.44375,11.89,11.1,21.8805555555556,20.4,353.166666666667,61.7,4475.0,91.3,138.666666666667,82.5,110.4,51.7714285714286,22.4142857142857,474.9375,280.0,11.0592592592593,146.0,62.5,8.02,43.6,32.9,78.3,58.3,62.4363636363636,286.5,65.6,72.9,31.975,101.214285714286,17.6916666666667,9.2,60.2,85.6,91.1,71.6,499.5,413.0,755.0,376.0,188.4,119.518518518519,211.0,264.5,34.88125,141.0,139.0,89.3,129.0,49.55,64.9923076923077,117.5,35.053947368421
43.9021739130435,32.959375,77.3241379310345,62.6,110.833333333333,85.4454545454546,12.65,48.2,118.727272727273,28.81875,33.525,342.25,130.5,22.95,142.5,440.25,19.8883333333333,45.2555555555556,27.7,41.9,145.5,31.7,16.8,25.9166666666667,23.43125,58.1,362.0,435.0,30.95,44.8,32.85,21.75,28.4,270.5,253.0,361.5,36.9111111111111,17.4761904761905,108.5,,31.9033333333333,80.781954887218,19.1966666666667,,962.5,214.015942028985,43.4148148148148,18.8005780346821,80.9,46.0,21.3,24.95,72.0071428571428,23.6,278.392857142857,158.535714285714,27.25,66.7,99.35,111.0,53.2818181818182,79.1,69.6,200.0,83.1868852459017,12.7657894736842,109.8,139.0,38.3,27.7125,85.5,296.25,331.5,331.0,55.9,45.55,13.3345679012346,32.2,9.66166666666667,16.65,14.9,23.35,292.5,17.5029411764706,33.05,10.4,32.0,9.43082568807339,10.05,16.3,17.55,51.1375,53.4333333333333,11.2071428571429,21.0973684210526,13.75,26.7423076923077,14.4487804878049,11.8570175438596,11.075,21.8711111111111,20.3805555555556,353.166666666667,61.6,4475.0,91.3375,138.666666666667,82.4555555555555,110.25,51.7,22.4333333333333,474.7,279.642857142857,11.0538461538462,146.0,62.4,8.01916666666667,43.6,32.9,78.35,58.25,62.425,286.0,65.6,72.9,31.975,101.1,17.7,9.21,60.2,85.6428571428571,91.1,71.6,499.5,413.125,754.0,376.0,188.416666666667,119.875,211.0,264.5,34.8875,141.0,139.0,89.3,129.0,49.55,65.005,117.0,35.1
43.9,32.9647058823529,77.3076923076923,62.7,110.944444444444,85.46,12.65,48.2,118.947368421053,28.8222222222222,33.55,342.0,130.0,22.95,142.5,440.0,19.871875,45.2555555555556,27.7,41.8966666666667,145.5,31.7,16.85,25.9185185185185,23.4416666666667,58.1,361.75,435.0,30.95,44.8,32.85,21.7166666666667,28.4,270.5,253.0,361.5,36.9,17.4592783505155,108.375,,31.8974137931034,80.7625,19.175,,961.0,213.916666666667,43.4375,18.8328571428571,80.9,45.95,21.3,24.95,72.0666666666667,23.6,277.7,158.5625,27.25,66.7,99.3,111.457627118644,53.2109090909091,79.1,69.6,200.0,83.290243902439,12.7506666666667,110.0,139.0,38.25,27.7,85.6,296.071428571429,331.5,331.0,55.84,45.55,13.35,32.2,9.665,16.65,14.9,23.35,292.5,17.5,33.05,10.45,32.0,9.43082568807339,10.05,16.35,17.6,51.1,53.4529411764706,11.25,21.0970588235294,13.75,26.75,14.45,11.8934782608696,11.1,21.8854166666667,20.3935897435897,353.166666666667,61.7,4470.0,91.3,138.666666666667,82.3277777777778,110.431034482759,51.7,22.4222222222222,474.25,279.5,11.05,146.0,62.5,8.02,43.6,32.9,78.4,58.2166666666667,62.4791366906475,286.5,65.6,72.98,31.975,101.0,17.6923076923077,9.21,60.2076923076923,85.66,91.1,71.6,499.5,413.125,754.0,375.0,188.666666666667,119.666666666667,211.0,264.5,34.8983870967742,141.0,139.0,89.3,129.0,49.55,65.06,117.25,35.1
43.9083333333333,32.95,77.3941176470588,62.7,110.833333333333,85.5106529209622,12.6,48.2,118.785714285714,28.8142857142857,33.525,342.0,130.0,22.95,142.5,440.0,19.8514851485149,45.2555555555556,27.7,41.9,145.5,31.7,16.85,25.925,23.41,58.1,362.0,434.0,30.95,44.8,32.85,21.75,28.4,270.5,252.5,361.5,36.9055555555556,17.462037037037,108.5,,31.8766666666667,80.7875,19.175,,961.0,213.587719298246,43.4642857142857,18.8241379310345,80.9,45.95,21.35,24.95,72.0777777777778,23.6,277.6,158.5625,27.25,66.7,99.3038461538462,111.457627118644,53.2083333333333,79.1,69.6,200.0,83.2611111111111,12.7560606060606,109.5,139.0,38.2975,27.6814814814815,85.6,296.452380952381,331.0,330.888888888889,55.84,45.55,13.3272727272727,32.2,9.66,16.65,14.85,23.35,292.5,17.500731261426,33.05,10.425,32.0091743119266,9.43,10.05,16.35,17.55,51.14,53.4266666666667,11.21875,21.1,13.7769230769231,26.7261904761905,14.45,11.9,11.1,21.8821428571429,20.4,353.5,61.7,4465.0,91.3,138.5,82.3714285714286,110.05,51.7222222222222,22.4,473.5,279.5,11.05,146.0,62.5,8.01,43.62,32.9,78.4,58.2,62.4666666666667,286.0,65.6,73.0,31.975,101.0,17.6666666666667,9.21,60.2,85.6941176470588,91.1,71.6,499.5,413.0,755.0,375.0,189.0,119.625,211.0,264.5,34.9,141.0,139.0,89.3,129.0,49.47,65.1157894736842,117.25,35.1
43.9,32.9510869565217,77.3571428571429,62.6333333333333,110.75,85.5026845637584,12.6,48.2,118.888888888889,28.8333333333333,33.5333333333333,342.0,130.0,22.95,142.0625,440.0,19.8542857142857,45.2571428571429,27.7,41.9,145.5,31.7,16.85,25.9459183673469,23.4,58.1,361.5,434.0,30.95,44.8071428571429,32.8833333333333,21.7,28.45,270.5,252.5,361.5,36.905,17.4767441860465,108.5,,31.85,80.8,19.2,,961.0,213.719512195122,43.4615384615385,18.8195652173913,80.9,45.95,21.3,24.96,72.0777777777778,23.6409090909091,278.0,158.5625,27.2416666666667,66.7,99.35,111.5,53.2027777777778,79.1,69.6,200.0,83.2085714285714,12.75,109.875,139.0,38.3,27.65,85.6,296.75,331.0,331.035714285714,55.84,45.5142857142857,13.3111111111111,32.15,9.66,16.65,14.85,23.3558823529412,292.5,17.55,33.05,10.45,32.0375,9.44,10.05,16.325,17.55,51.1807692307692,53.4555555555556,11.25,21.1,13.7576923076923,26.7366666666667,14.45,11.8828571428571,11.1,21.8732142857143,20.4,354.464285714286,61.7,4455.0,91.2333333333334,138.666666666667,82.4230769230769,110.038461538462,51.65,22.4,473.6,279.5,11.0529411764706,146.0,62.5,8.02,43.6333333333333,32.9,78.4,58.1,62.425,286.0,65.6,73.0,31.975,101.0,17.7,9.2,60.2,85.6,91.1,71.6,499.5,413.0,755.0,375.75,188.5,119.75,211.0,263.5,34.9388888888889,140.545454545455,139.0,89.3,129.0,49.55,65.0875,117.0,35.09375
43.9192307692308,32.92375,77.3125,62.6333333333333,110.75,85.4935483870968,12.6,48.2,118.65,28.85,33.525,342.0,130.0,22.95,142.0,439.75,19.8633333333333,45.2571428571429,27.7,41.9,145.5,31.7,16.85,25.9071428571429,23.4,58.1,361.5,434.0,30.95,44.8,32.8470588235294,21.7,28.425,270.5,252.5,361.5,36.9153846153846,17.464598540146,108.416666666667,,31.8486486486486,80.7509803921569,19.15,,961.0,213.78813559322,43.4642857142857,18.85,80.8846153846154,45.9434782608696,21.325,24.95,72.0333333333333,23.625,278.0,158.5625,27.25,66.61,99.3,111.5,53.2,79.0,69.5333333333333,200.0,83.2185185185186,12.7703703703704,109.5,139.0,38.3,27.6666666666667,85.45,296.6,331.0,331.0,55.8,45.55,13.3307692307692,32.15,9.662,16.65,14.85,23.3558823529412,292.5,17.5461538461538,33.05,10.45,32.0214285714286,9.43,10.05,16.325,17.55,51.1466666666667,53.42,11.23,21.098,13.75,26.7132075471698,14.45,11.8650943396226,11.075,21.895,20.4,354.571428571429,61.6,4455.0,91.3833333333333,138.666666666667,82.40625,110.142857142857,51.65,22.4044943820225,473.846153846154,279.3,11.0581081081081,146.333333333333,62.5,8.01333333333333,43.65,32.9,78.4,58.3,62.5,286.0,65.6,73.0,31.975,101.0,17.7,9.2,60.2,85.6333333333333,91.1,71.55,499.5,413.0,754.666666666667,376.375,188.5,119.7,211.0,263.5,34.95,140.5,138.5,89.3,129.0,49.55,65.15,117.0,35.09375
43.9233333333333,32.9071428571429,77.325,62.6333333333333,110.916666666667,85.44,12.6,48.2,118.8125,28.8722222222222,33.6,342.0,130.0,22.95,142.0,440.0,19.8574074074074,45.2571428571429,27.7,41.9,145.5,31.7,16.85,25.9454545454545,23.4,58.1,361.5,434.5,30.95,44.8,32.8,21.7,28.45,270.5,252.5,361.5,36.9055555555556,17.4672043010753,108.416666666667,,31.8238805970149,80.7916666666667,19.195,,962.0,213.731707317073,43.45625,18.815,80.8,45.9434782608696,21.3,24.9222222222222,72.1,23.6454545454545,277.833333333333,158.5625,27.2,66.6916666666667,99.3,111.5,53.21875,79.0,69.55,200.0,83.225,12.75,109.5,139.0,38.3,27.7,85.45,296.642857142857,331.0,331.083333333333,55.8,45.55,13.3272727272727,32.15,9.66,16.65,14.9,23.4,292.5,17.55,33.05,10.4,32.0333333333333,9.43,10.05,16.3333333333333,17.55,51.1285714285714,53.4125,11.22,21.1,13.75,26.7386363636364,14.45,11.88125,11.0512195121951,21.8769841269841,20.3647058823529,353.5,61.6,4455.0,91.48,138.666666666667,82.4590909090909,110.4,51.6,22.448275862069,473.944444444445,278.970588235294,11.05,146.5,62.5,8.01,43.65,32.95,78.3,58.3,62.5090909090909,286.0,65.6,73.0,31.975,101.136363636364,17.7,9.2,60.2,85.6,91.1,71.55,499.5,413.0,755.0,376.375,188.5,119.5,211.0,263.5,34.95,140.590909090909,138.5,89.3,129.0,49.55,65.1,117.0,35.09375
43.9,32.9125,77.4,62.7,110.75,85.4333333333333,12.6060606060606,48.2,118.75,28.85,33.57,342.0,130.0,22.95,142.0,440.5,19.8619047619048,45.25,27.7,41.9,145.5,31.7,16.85,25.95,23.4,58.1,361.5,434.5,30.95,44.825,32.8,21.7,28.45,270.5,252.5,362.0,36.9,17.4652046783626,108.125,,31.8423076923077,80.7448275862069,19.1666666666667,,962.0,213.734375,43.4486111111111,18.8111111111111,80.8,45.9,21.3,24.95,72.1,23.625,277.8,158.5625,27.2,66.6,99.3076923076923,111.5,53.3,79.0,69.55,200.0,83.2185185185185,12.7557692307692,109.9,139.0,38.3,27.6928571428571,85.45,296.5,331.0,331.0,55.8,45.55,13.3228571428571,32.15,9.66,16.65,14.9,23.4,292.5,17.55,33.05,10.4,32.05,9.44,10.075,16.35,17.55,51.1925531914894,53.4461538461538,11.2333333333333,21.08,13.75,26.7275,14.45,11.8942307692308,11.1,21.8846153846154,20.4,353.1,61.6,4455.0,91.3,139.0,82.6041666666667,110.5,51.6,22.42,474.166666666667,278.8125,11.0505952380952,147.0,62.5,8.01,43.65,32.95,78.4,58.3,62.5,285.5,65.6666666666667,73.0,31.975,101.0,17.7,9.2,60.2,85.6,91.06,71.6,499.5,412.5,754.666666666667,376.375,188.5,119.666666666667,211.0,263.5,34.9357142857143,140.5,138.5,89.3,129.0,49.6,65.0377777777778,117.0,35.1
43.9,32.9125,77.3833333333333,62.7,110.833333333333,85.4545454545455,12.6,48.2,118.772727272727,28.8395833333333,33.525,341.833333333333,130.0,22.95,142.0,440.5,19.8833333333333,45.2642857142857,27.7,41.85,145.5,31.7,16.85,25.95,23.4,58.1,361.416666666667,434.5,30.9,44.8,32.8,21.7,28.45,270.5,252.5,362.0,36.9,17.5,108.0,,31.86875,80.7909090909091,19.1666666666667,,961.0,213.715517241379,43.4517857142857,18.8020408163265,80.7765432098766,45.9,21.3,24.9333333333333,72.0904761904762,23.6405405405405,278.0,158.5,27.20625,66.6,99.3,111.5,53.2064516129032,79.1,69.55,200.0,83.2466666666667,12.7538461538462,109.625,139.0,38.3035714285714,27.6928571428571,85.5,296.666666666667,331.0,331.0,55.8,45.55,13.3307692307692,32.15,9.66090909090909,16.65,14.9,23.4,292.5,17.54375,33.05,10.4,32.05,9.43,10.075,16.35,17.55,51.1714285714286,53.4068965517241,11.23,21.08,13.7608695652174,26.7488372093023,14.45,11.8875,11.09375,21.8941666666667,20.4,353.333333333333,61.6,4449.0,91.34,139.0,82.4833333333333,110.333333333333,51.6,22.4363636363636,473.7,278.5,11.0642857142857,146.545454545455,62.4,8.01285714285714,43.65,32.8,78.4,58.2333333333333,62.6,285.5,65.6,72.9571428571429,31.975,101.0,17.7,9.2,60.2,85.6,91.025,71.6,499.5,411.833333333333,754.666666666667,376.5,188.09375,119.833333333333,211.0,263.5,34.98,140.5,138.5,89.3,129.0,49.5583333333333,64.862962962963,117.0,35.05
43.928947368421,32.9125,77.35,62.8,111.0,85.4454545454546,12.6,48.2,118.769230769231,28.8644230769231,33.6,342.0,130.0,22.95,142.0,440.8125,19.8733333333333,45.25,27.7,41.85,145.5,31.7,16.8,25.942,23.4071428571429,58.1,361.5,434.5,30.9,44.7875,32.8,21.7,28.45,270.5,252.5,362.0,36.9,17.4787735849057,108.5,,31.9294117647059,80.7487179487179,19.2,,960.0,213.611111111111,43.45,18.8048387096774,80.76,45.9,21.35,24.95,72.02,23.6461538461538,278.0,158.5,27.20625,66.6333333333333,99.1676691729323,111.5,53.2666666666667,79.1,69.6,200.0,83.2318181818182,12.75,109.6875,139.0,38.25,27.695,85.5,296.5,331.0,331.0625,55.8,45.55,13.3241379310345,32.15,9.66,16.65,14.9,23.4,292.5,17.55,33.05,10.4,32.05,9.44,10.075,16.3,17.55,51.1714285714286,53.45,11.2375,21.1,13.7617647058824,26.7453703703704,14.45,11.8944444444444,11.1,21.8979166666667,20.4,353.333333333333,61.6,4445.0,91.4695652173913,139.0,82.475,110.333333333333,51.6,22.4071428571429,473.75,278.25,11.05,146.5,62.5,8.01,43.65,32.8,78.4,58.2,62.5,285.0,65.6,72.9,31.975,101.0,17.7,9.2,60.15,85.6,91.0,71.6,499.5,410.571428571429,755.0,376.5,188.3,120.0,211.0,263.5,35.0,140.5,138.5,89.3,129.0,49.5,64.862962962963,117.0,35.1
43.9076923076923,32.9,77.3,62.8,110.678571428571,85.4333333333333,12.6,48.2,118.54347826087,28.9294117647059,33.55,342.0,130.0,22.925,142.0,442.386363636364,19.8692307692308,45.25,27.7,41.85,145.5,31.7,16.8,25.95,23.4,58.1,361.944444444445,434.333333333333,30.9,44.75,32.8,21.7,28.45,270.5,252.5,362.0,36.9,17.5013569937369,108.0,,31.9879807692308,80.7658536585366,19.1653846153846,,958.6,213.696078431373,43.451724137931,18.8147058823529,80.7033333333333,45.95,21.3,24.95,72.0666666666667,23.64,278.0,158.5,27.2,66.6,99.0,111.5,53.2235294117647,79.1,69.6,200.0,83.2205882352941,12.7507042253521,109.944444444444,139.0,38.2485714285714,27.7,85.5,296.533333333333,331.0,331.0,55.7625,45.55,13.3363636363636,32.15,9.66714285714286,16.65,14.8875,23.4,292.5,17.54375,33.05,10.4,32.05,9.43,10.05,16.325,17.5857142857143,51.1833333333333,53.4454545454546,11.2081081081081,21.0868421052632,13.75,26.74,14.45,11.8841463414634,11.0894736842105,21.8904761904762,20.4,353.833333333333,61.6666666666667,4445.0,91.4695652173913,139.0,82.4666666666667,110.3,51.59375,22.4388888888889,473.5,278.125,11.05,147.0,62.5,8.01,43.63125,32.8,78.3555555555555,58.2,62.5666666666667,285.0,65.6,72.7,31.95,101.0,17.7,9.195,60.175,85.6,91.1,71.6,499.5,410.25,756.0,376.5,188.5,119.75,211.0,263.5,34.98,140.583333333333,138.619047619048,89.3,129.0,49.55,64.8,117.0,35.07
43.9096153846154,32.9266666666667,77.3027027027027,62.8,110.7,85.4214285714286,12.6,48.25,118.714285714286,28.9742718446602,33.5333333333333,341.75,130.0,22.9,142.0,442.0,19.8642857142857,45.25,27.7,41.9,145.5,31.7,16.8,25.95,23.4455882352941,58.1,361.75,434.333333333333,30.9,44.75,32.8,21.7,28.45,270.5,252.5,362.0,36.9,17.5117647058824,108.3,,32.0024390243902,80.746875,19.1522727272727,,959.0,213.645833333333,43.4394736842105,18.8075757575758,80.6733333333333,45.95,21.3,24.95,72.0333333333333,23.6388888888889,278.0,158.5,27.2,66.65,98.9632478632479,111.5,53.2024390243903,79.0142857142857,69.6,200.0,83.3571428571429,12.75,109.714285714286,139.0,38.2661290322581,27.6954545454545,85.5,296.555555555556,331.0,330.9,55.7666666666667,45.55,13.3336956521739,32.15,9.66923076923077,16.65,14.875,23.4,292.5,17.55,33.05,10.45,32.04,9.43783783783784,10.05,16.325,17.55,51.18,53.4157894736842,11.2041666666667,21.0863636363636,13.75,26.7323529411765,14.4416666666667,11.8881578947368,11.1,21.8778571428571,20.365625,353.666666666667,61.7,4448.33333333333,91.3,139.0,82.5,110.375,51.5,22.4142857142857,473.5,278.0,11.05,147.0,62.5,8.01,43.6522727272727,32.8,78.35,58.3,62.5285714285714,285.0,65.6333333333333,72.7,31.95,101.033333333333,17.6705479452055,9.2,60.175,85.6,91.0,71.6,500.0,410.045454545455,756.0,376.5,188.428571428571,119.666666666667,211.0,263.5,34.9666666666667,140.75,138.619047619048,89.3,129.0,49.55,64.9,117.0,35.07
43.9045454545454,32.9055555555556,77.2,62.8,110.6,85.4,12.6,48.2,118.8125,28.9285714285714,33.55,341.5,130.0,22.925,142.0,442.0,19.8735294117647,45.25,27.7,41.89375,145.5,31.7,16.8,25.9363636363636,23.40625,58.1,362.0,434.333333333333,30.9,44.7875,32.8,21.7,28.45,270.5,252.5,362.0,36.9,17.5078947368421,108.125,,32.012962962963,80.8,19.1909090909091,,959.0,213.775862068966,43.4314285714286,18.8016129032258,80.7,45.98,21.3,24.9583333333333,72.1,23.6472222222222,278.0,158.5,27.2,66.6888888888889,98.7807692307692,111.5,53.2086956521739,79.0142857142857,69.6,200.0,83.5250980392157,12.75,109.75,138.5,38.3,27.6928571428571,85.5,296.5,330.9,331.0,55.8,45.55,13.315625,32.15,9.66181818181818,16.65,14.9,23.36875,292.5,17.5318181818182,33.05,10.45,32.0166666666667,9.43888888888889,10.05,16.35,17.57,51.1777777777778,53.4392857142857,11.2444444444444,21.075,13.75,26.7440476190476,14.4416666666667,11.859756097561,11.05,21.8921052631579,20.3724137931034,353.5,61.7,4448.33333333333,91.3142857142857,139.0,82.5,110.071428571429,51.5,22.4132352941176,473.818181818182,278.0,11.0549132947977,147.0,62.5,8.01833333333333,43.7,32.85,78.3,58.25,62.5333333333333,285.0,65.6,72.9,31.95,101.0,17.7,9.19,60.2,85.6,90.9,71.6,500.0,410.0,756.0,376.5,188.5,119.981132075472,211.0,263.5,34.9538461538462,140.5,138.5,89.3,129.0,49.6,64.8166666666667,117.0,35.07
43.9,32.9096774193548,77.1071428571428,62.8,110.7,85.4913793103448,12.615,48.2,118.6875,28.9375,33.55,342.0,130.0,22.9,142.0,441.0,19.8815789473684,45.225,27.7,41.89375,145.5,31.7,16.8,25.9005263157895,23.4384615384615,58.1,362.0,434.333333333333,30.9,44.7625,32.8,21.7,28.45,270.5,252.5,362.0,36.9,17.5045454545455,108.5,,32.04,80.7373493975904,19.15,,958.666666666667,213.764705882353,43.4291666666667,18.8108695652174,80.725,45.9833333333333,21.3071428571429,24.9666666666667,72.05,23.65,278.0,158.5,27.2045454545454,66.6,98.7991935483871,111.5,53.2032258064516,79.1,69.6,200.0,83.6,12.75,109.75,139.0,38.275,27.68125,85.5,296.038461538462,331.0,331.25,55.70625,45.55,13.3142857142857,32.15,9.665,16.65,14.9,23.36875,292.5,17.55,33.05,10.45,32.05,9.43,10.05,16.3,17.6,51.1357142857143,53.4814814814815,11.2166666666667,21.0777777777778,13.75,26.735,14.45,11.8724489795918,11.1,21.8968390804598,20.3969696969697,354.0,61.7,4448.33333333333,91.4285714285714,138.5,82.6,110.4,51.55,22.4361111111111,474.0,278.5,11.0620253164557,146.75,62.5,8.01,43.7,32.85,78.3,58.225,62.5,285.3,65.6,72.9,31.95,101.0,17.6630434782609,9.19,60.2,85.6,90.9,71.6,500.0,410.0,758.0,376.5,188.5,120.0,211.0,263.5,34.9538461538462,140.5,138.5,89.3,129.0,49.6,64.9,117.0,35.075
43.9035714285714,32.9,77.1,62.8,110.916666666667,85.4859649122807,12.6004,48.3,118.931818181818,28.9205882352941,33.55,341.5,130.0,22.9416666666667,142.166666666667,440.333333333333,19.8944444444444,45.225,27.75,41.9,145.5,31.7,16.85,25.9,23.435,58.1,362.0,434.333333333333,30.95,44.7916666666667,32.85,21.75,28.45,270.5,252.5,362.0,36.91,17.5083333333333,108.375,,32.05,80.7651162790698,19.1833333333333,,959.0,213.760869565217,43.4309523809524,18.8150602409638,80.7,45.98,21.35,24.95,72.1,23.64,278.0,158.5,27.1996350364964,66.6,98.769014084507,111.5,53.2,79.1,69.55,200.0,83.6025641025641,12.75,109.978260869565,139.0,38.2892857142857,27.6833333333333,85.5,296.142857142857,331.0,331.916666666667,55.70625,45.55,13.32,32.15,9.665,16.65,14.87,23.4,292.5,17.55,33.05,10.45,32.05,9.43692307692308,10.05,16.3,17.5565217391304,51.1125,53.43,11.2478873239437,21.1,13.747293814433,26.75,14.45,11.869512195122,11.1,21.8883720930233,20.39625,353.625,61.6058823529412,4448.33333333333,91.4,138.5,82.6,110.5,51.5875,22.4106060606061,474.0,278.5,11.0597222222222,146.75,62.5,8.01272727272727,43.7087591240876,32.85,78.3,58.3,62.6,285.928571428571,65.6,72.9,31.95,100.886075949367,17.7,9.19,60.2,85.6,90.9,71.6,500.0,410.25,758.0,376.5,188.5,120.0,211.0,264.0,34.9083333333333,140.625,138.5,89.3,129.0,49.6,64.88,117.0,35.053125
43.91875,32.921875,77.15,62.8,110.875,85.5391304347826,12.65,48.3,118.766666666667,28.925,33.56,341.5,130.25,22.925,142.25,440.0,19.8923076923077,45.2166666666667,27.75,41.85,145.5,31.7,16.85,25.9,23.4272727272727,58.1,362.0,434.333333333333,30.95,44.8,32.85,21.75,28.5,270.5,252.5,362.0,36.9055555555556,17.5083333333333,108.5,,32.0470588235294,80.7909090909091,19.2,,960.0,213.923913043478,43.45625,18.8283333333333,80.7,45.975,21.35,24.9583333333333,72.04,23.6470588235294,278.0,158.020833333333,27.2,66.6333333333333,98.805,111.5,53.2,79.1,69.55,200.0,83.6,12.76375,109.714285714286,139.0,38.3025862068965,27.7,85.5,296.0,331.0,331.857142857143,55.6,45.55,13.3265625,32.15,9.66428571428572,16.6045454545455,14.9,23.4,292.5,17.55,33.05,10.425,32.05,9.43933333333333,10.1,16.35,17.6,51.1973684210526,53.4238095238095,11.2472222222222,21.0931818181818,13.7333333333333,26.75,14.448275862069,11.8893617021277,11.05,21.8680555555556,20.3923076923077,353.666666666667,61.6058823529412,4448.33333333333,91.4,138.5,82.6870967741935,110.285714285714,51.6,22.4,473.875,278.5,11.0798780487805,146.5,62.5,8.01,43.7414285714286,32.85,78.3277777777778,58.3,62.5045454545455,285.928571428571,65.6,72.9,32.0,100.506849315068,17.7,9.2,60.2,85.6,90.9,71.6,500.0,410.75,758.0,376.5,189.0,120.0,211.0,264.0,34.91875,140.075757575758,138.5,89.3,129.0,49.65,64.8904761904762,117.0,35.1
43.9,32.9205882352941,77.2111111111111,62.8,111.0,85.55,12.65,48.3,118.928571428571,28.91875,33.55,341.5,130.0,22.9333333333333,142.368421052632,440.5,19.8995633187773,45.25,27.75,41.9,145.5,31.7,16.85,25.9136363636364,23.4333333333333,58.05,361.75,434.333333333333,30.975,44.7566666666667,32.85,21.7276595744681,28.5,270.535714285714,252.5,362.0,36.9055555555556,17.5222222222222,108.357142857143,,32.065625,80.8,19.15,,960.0,213.955555555556,43.45,18.8386363636364,80.8,46.0,21.35,25.0,72.04,23.6325,278.0,158.0,27.2,66.6,98.9666666666666,111.5,53.2315789473684,79.0857142857143,69.5,200.0,83.6255555555556,12.7507692307692,109.936170212766,139.0,38.35,27.7,85.5,296.136363636364,331.0,332.0,55.62,45.55,13.3222222222222,32.15,9.66,16.65,14.9,23.4,292.5,17.545,33.05,10.45,32.018,9.43977186311787,10.05,16.35,17.5666666666667,51.1631578947369,53.4818181818182,11.2166666666667,21.08,13.7961538461538,26.75,14.45,11.8583333333333,11.1,21.8558823529412,20.3681818181818,353.571428571429,61.7,4448.33333333333,91.3,138.5,82.968085106383,110.461538461538,51.6,22.414,474.954545454545,278.5,11.0589743589744,147.0,62.5,8.02,43.7166666666667,32.85,78.3277777777778,58.24,62.4375,285.5,65.6,72.9,31.95,100.979797979798,17.7009090909091,9.19,60.2,85.6777777777778,90.9931034482759,71.6,500.0,410.5,758.0,376.5,189.0,120.0,211.0,264.0,34.95,140.0,139.0,89.3,129.0,49.65,64.8166666666667,117.0,35.1
43.9238095238095,32.9352941176471,77.3,62.8,110.928571428571,85.55,12.6416666666667,48.3,118.7,28.9083333333333,33.59,341.5,130.0,22.95,142.25,441.5,19.8976595744681,45.25,27.75,41.8875,145.5,31.7,16.85,25.9462264150943,23.425,58.1,362.0,434.333333333333,30.95,44.78125,32.85,21.7276595744681,28.5,271.0,252.5,362.0,36.9,17.5078125,108.5,,32.0884615384615,80.7968253968254,19.175,,959.0,213.961206896552,43.4962121212121,18.8458333333333,80.8,45.98,21.3558823529412,24.9772727272727,72.0263157894737,23.6277777777778,278.0,158.0,27.2,66.6076923076923,99.0,111.5,53.3,79.0857142857143,69.6,200.0,83.7090909090909,12.765625,109.5,139.0,38.3866666666667,27.7,85.5,296.055555555556,331.0,332.1,55.7,45.55,13.32,32.15,9.66333333333333,16.65,14.9,23.4,292.5,17.55,33.05,10.45,32.0166666666667,9.44047058823529,10.1,16.35,17.5964285714286,51.1,53.45,11.2477272727273,21.0887096774194,13.75,26.743137254902,14.45,11.8907692307692,11.1,21.8705882352941,20.4,353.571428571429,61.7,4448.33333333333,91.3608695652174,138.5,83.14,110.45,51.6,22.4,476.0,278.928571428571,11.0716666666667,147.0,62.5,8.01909090909091,43.75,32.9,78.325,58.24,62.5,285.75,65.6666666666667,72.9,31.95,100.641176470588,17.75,9.2,60.2,85.6,90.9909090909091,71.6,500.0,410.5,757.0,376.5,189.0,120.0,211.0,264.0,34.9214285714286,140.125,139.0,89.3,129.0,49.65,64.8285714285714,117.0,35.1
43.9004504504504,32.9095238095238,77.3,62.8076923076923,110.666666666667,85.51,12.6333333333333,48.275,118.735294117647,28.91875,33.6,341.5,130.0,22.9125,142.833333333333,441.5,19.9,45.2541666666667,27.75,41.9,145.5,31.7,16.8045454545455,25.95,23.425,58.1,361.916666666667,434.333333333333,31.0,44.7714285714286,32.85,21.75,28.5,271.0,252.5,362.0,36.95,17.5055555555556,108.25,,32.065625,80.8,19.1909090909091,,959.75,213.807692307692,43.4951612903226,18.85,80.7833333333333,46.0,21.35,24.9575,72.0,23.6125,278.0,157.5,27.2,66.6333333333333,98.9888888888889,111.5,53.235,79.0857142857143,69.6,200.0,83.7432692307692,12.75,109.5,139.0,38.4,27.6722222222222,85.5,296.2,331.0,332.0,55.7,45.55,13.328,32.15,9.66111111111111,16.65,14.9,23.4,292.5,17.55,33.075,10.45,32.0392857142857,9.44333333333333,10.1,16.35,17.6,51.19375,53.47,11.25,21.0962264150943,13.75,26.7404761904762,14.45,11.8714285714286,11.1,21.8622222222222,20.39,353.625,61.6086956521739,4448.33333333333,91.5111111111111,138.5,82.9666666666667,110.2,51.6916666666667,22.4133333333333,476.933333333333,279.9,11.0653846153846,146.928571428571,62.5,8.01,43.75,32.75,78.3,58.225,62.4571428571429,285.75,65.6,72.9,31.95,101.0,17.75,9.19,60.2,85.62,91.0,71.6,500.0,410.5,757.0,376.5,189.0,120.0,211.0,264.0,34.915,140.0,139.0,89.3,129.0,49.65,64.85,117.0,35.1
43.8515151515151,32.9041666666667,77.3,62.9076923076923,110.9,85.5578947368421,12.65,48.275,118.857142857143,28.903125,33.5666666666667,341.5,130.0,22.95,143.0,441.5,19.8984848484849,45.2541666666667,27.75,41.8666666666667,145.5,31.7,16.85,25.95,23.437,58.1,362.676470588235,434.333333333333,31.0,44.76,32.8,21.7,28.45,271.0,252.5,362.0,36.95,17.5125,108.04347826087,,32.0546875,80.8,19.1611111111111,,960.0,213.887755102041,43.525,18.85,80.76,45.9916666666667,21.4,25.0,72.05,23.65,278.0,157.5,27.2,66.68,98.925,111.5,53.25,79.2,69.6,200.0,83.7466666666667,12.7511363636364,109.972222222222,138.5,38.3977272727273,27.6857142857143,85.5,296.0625,331.0,332.0,55.7,45.6,13.3297297297297,32.15,9.66,16.65,14.85,23.4,292.5,17.55,33.1,10.45,32.05,9.44243243243243,10.1,16.3333333333333,17.5711538461538,51.2,53.4838709677419,11.2472222222222,21.0931034482759,13.7952380952381,26.7446808510638,14.45,11.8777777777778,11.1,21.8571428571429,20.3909090909091,353.75,61.6,4448.33333333333,91.65,139.0,82.8333333333333,110.131578947368,51.7,22.4125,477.1,280.277777777778,11.0568702290076,147.0,62.5,8.0125,43.75,32.9,78.3,58.3,62.4714285714286,285.5,65.6,72.9,31.95,101.294117647059,17.75,9.2,60.2,85.6083333333333,91.0,71.6,500.0,410.0,759.0,376.5,188.772727272727,120.0,211.0,264.0,34.9375,140.0,139.0,89.3,129.25,49.65,64.8,117.25,35.1
43.85,32.9233333333333,77.3,62.9,110.666666666667,85.51875,12.65,48.3,118.666666666667,28.9,33.55,341.8,129.5,22.95,143.0,441.75,19.8983050847458,45.25,27.75,41.8666666666667,146.0,31.7,16.85,25.9166666666667,23.444,58.1,363.02380952381,434.333333333333,31.0,44.7666666666667,32.8,21.7,28.4666666666667,271.0,252.5,362.0,36.9,17.5222222222222,108.04347826087,,32.0510869565217,80.75,19.1666666666667,,960.0,213.647058823529,43.5357142857143,18.8422222222222,80.7,46.0,21.35,25.0,72.0888888888889,23.675,278.0,157.5,27.2416666666667,66.7,98.9857142857143,111.5,53.3,79.2,69.55,200.0,83.6727272727273,12.75,109.875,139.0,38.4,27.7,85.5,296.125,331.0,332.0,55.7,45.6,13.303125,32.15,9.66111111111111,16.65,14.85,23.4,292.5,17.55,33.1,10.45,32.05,9.44,10.1,16.35,17.575,51.1545454545455,53.4157894736842,11.2357142857143,21.0681818181818,13.75,26.7267326732673,14.45,11.8775,11.1,21.8566037735849,20.3982456140351,354.0,61.6,4447.5,91.8190476190476,139.0,82.9888888888889,110.035714285714,51.7,22.43,477.125,280.75,11.062676056338,147.115384615385,62.45,8.0125,43.75,32.9,78.3166666666667,58.3,62.5,285.5,65.6,72.9,31.95,101.0,17.75,9.2,60.2,85.6714285714286,91.0,71.6,500.0,410.0,759.857142857143,376.5,189.0,119.875,211.0,264.0,34.925,140.0,139.0,89.4,129.0,49.5875,64.8,117.0,35.1
43.8684210526316,32.909,77.3,62.9125,111.0,85.5454545454545,12.65,48.3,118.95,28.9125,33.55,341.8,129.5,22.95,142.75,441.75,19.9,45.3,27.75,41.85,146.0,31.7,16.85,25.905,23.4416666666667,58.1,363.653846153846,434.333333333333,31.0,44.8,32.85,21.75,28.4666666666667,271.0,252.5,362.0,36.9,17.5383720930233,108.416666666667,,32.0158333333333,80.7826388888889,19.18,,962.333333333333,213.63829787234,43.5176470588235,18.85,80.6852941176471,46.0,21.35,25.0,72.0666666666667,23.65,278.0,157.5,27.225,66.6119047619048,98.9666666666666,111.5,53.2857142857143,79.2,69.6,200.0,83.7621621621622,12.75,109.8,139.0,38.4,27.7,85.5,296.115384615385,331.0,332.0,55.7,45.6,13.318,32.15,9.66130434782609,16.65,14.9,23.4,292.5,17.55,33.05,10.45,32.05,9.44,10.1,16.35,17.6,51.1263157894737,53.4076923076923,11.25,21.0875,13.7666666666667,26.7448275862069,14.45,11.8875,11.1,21.8636363636364,20.3966666666667,354.0,61.7,4447.5,91.8,139.0,83.1822222222222,110.25,51.7,22.4111111111111,476.214285714286,280.75,11.0571428571429,147.25,62.4,8.01,43.75,32.9,78.35,58.225,62.5,285.5,65.54,72.9,31.95,101.033333333333,17.75,9.19888888888889,60.2,85.74,91.0,71.6,500.0,411.0,761.0,376.5,189.0,120.0,211.0,264.166666666667,34.9428571428571,139.625,139.0,89.4,129.0,49.6,64.8666666666667,117.5,35.1
43.8619047619048,32.916,77.275,62.9,110.5,85.5071428571428,12.65,48.25,118.681818181818,28.9142857142857,33.5,341.625,129.5,22.95,142.571428571429,441.5,19.895652173913,45.325,27.75,41.85,146.0,31.7,16.85,25.9,23.4333333333333,58.1,363.357142857143,434.333333333333,31.0,44.7916666666667,32.85,21.75,28.4666666666667,271.0,252.5,362.0,36.9,17.5267857142857,108.375,,32.0583333333333,80.7976744186046,19.15,,961.636363636364,213.614583333333,43.4913580246914,18.8344827586207,80.6571428571429,46.0,21.4,24.95,72.0944444444444,23.6916666666667,278.0,157.5,27.2,66.68,98.9153846153846,111.5,53.2133333333333,79.2,69.55,200.0,83.7020408163265,12.7518518518519,109.722222222222,139.0,38.4,27.7,85.45,296.045454545455,331.0,331.642857142857,55.7714285714286,45.6,13.3173913043478,32.15,9.664,16.6,14.85,23.4,292.5,17.5583333333333,33.05,10.45,32.05,9.43989010989011,10.1,16.35,17.6,51.12,53.421875,11.25,21.0785714285714,13.75,26.7392857142857,14.4477777777778,11.8826530612245,11.05,21.8744186046512,20.399358974359,353.0,61.5384615384615,4445.0,91.7,139.0,83.2034482758621,110.5,51.7,22.4227272727273,475.5,279.75,11.06,147.2,62.4,8.01,43.75,32.9,78.3,58.3,62.3962962962963,285.5,65.5,72.9,31.95,101.0,17.7498226950355,9.2,60.15,85.7333333333333,91.0,71.6,500.0,411.0,758.5,374.5,188.5,119.875,210.75,264.166666666667,34.95,139.75,139.0,89.4,129.0,49.6,64.8666666666667,117.0,35.0666666666667
43.8525,32.9090909090909,77.3,62.8,110.538461538462,85.5,12.65,48.25,118.681818181818,28.9078947368421,33.55,341.5,129.5,22.95,142.833333333333,441.5,19.9,45.325,27.75,41.8777777777778,146.0,31.7,16.85,25.9,23.4431034482759,58.1,363.166666666667,434.333333333333,31.0,44.8159722222222,32.85,21.8,28.4666666666667,271.0,252.5,363.0,36.9428571428571,17.5268292682927,108.5,,32.0909090909091,80.7964285714286,19.16,,962.0,213.723404255319,43.495,18.8425,80.6727272727273,46.0,21.4,24.95,72.1,23.6969072164948,278.0,157.5,27.2294117647059,66.6076923076923,98.9054054054054,111.5,53.2086956521739,79.2,69.5,200.0,83.7272727272727,12.75,109.923076923077,139.0,38.3825,27.6954545454545,85.45,296.090909090909,331.0,331.611111111111,55.75,45.6,13.35,32.15,9.66125,16.65,14.85,23.4045454545455,292.5,17.6,33.1,10.45,32.0277777777778,9.44,10.05,16.35,17.6,51.1285714285714,53.4571428571429,11.215,21.0975,13.7666666666667,26.7230769230769,14.45,11.8875,11.0866666666667,21.8775510204082,20.3904761904762,352.5,61.5,4445.0,91.58,139.0,83.3333333333333,110.083333333333,51.75,22.4235294117647,475.055555555555,279.75,11.0573170731707,147.44,62.5,8.02,43.75,32.9,78.3714285714286,58.3,62.375,285.5,65.5,72.9,31.95,101.0,17.7321428571429,9.2,60.2,85.74,90.9,71.6,500.0,411.0,758.5,375.333333333333,188.5,120.0,210.75,264.5,34.925,139.5,139.0,89.4,129.0,49.6,64.85,117.25,35.05
43.852380952381,32.9111111111111,77.2833333333333,62.9,110.875,85.525,12.6,48.25,118.722222222222,28.9105263157895,33.55,341.0,129.625,22.95,142.944444444444,441.5,19.8980769230769,45.3333333333333,27.75,41.8777777777778,146.0,31.7,16.85,25.9038461538462,23.4045454545454,58.2,363.5,434.333333333333,30.95,44.9011111111111,32.85,21.8,28.4666666666667,271.0,252.5,362.0,36.95,17.5294871794872,108.375,,32.0487804878049,80.7833333333333,19.2,,962.5,213.714285714286,43.526,18.8316666666667,80.6714285714286,46.0,21.4,24.95,72.1,23.68,278.0,157.0,27.1666666666667,66.585,98.94,111.5,53.2222222222222,79.2,69.55,200.5,83.775,12.75,109.785714285714,139.0,38.4,27.69375,85.4,296.153846153846,331.0,331.7,55.75,45.6,13.3068965517241,32.15,9.66625,16.65,14.85,23.45,292.5,17.6,33.1,10.45,32.05,9.43987012987013,10.1,16.35,17.5729166666667,51.1333333333333,53.4272727272727,11.24375,21.0928571428571,13.75,26.7376923076923,14.45,11.895,11.0730769230769,21.8672727272727,20.4,352.0,61.5,4445.0,91.38,139.0,83.4821428571429,110.142857142857,51.7,22.4136904761905,474.75,279.5,11.0567796610169,147.5,62.5,8.01740740740741,43.72,32.9,78.35,58.225,62.5925925925926,285.5,65.5142857142857,72.9,31.95,101.038461538462,17.75,9.2,60.2,85.7333333333333,90.88,71.6,500.0,411.0,758.5,376.25,188.4375,119.9,210.75,264.5,34.9125,139.666666666667,138.5,89.4,129.0,49.6,64.8,117.25,35.1
43.853125,32.9416666666667,77.3,62.9,110.590909090909,85.5263157894737,12.6,48.25,118.769230769231,28.9181818181818,33.55,341.0,129.5,22.95,142.65,441.5,19.8981818181818,45.3333333333333,27.75,41.85,146.0,31.7,16.85,25.9,23.4439393939394,58.2,363.5,434.333333333333,30.95,44.9011111111111,32.85,21.8,28.5,271.0,252.5,362.0,36.95,17.5236111111111,108.416666666667,,32.053125,80.7730769230769,19.2,,961.0,213.594594594595,43.5,18.8489583333333,80.6133333333333,46.0,21.4,24.95,72.0333333333333,23.675,278.0,157.0,27.2,66.54,99.0,111.5,53.3,79.2,69.55,200.5,83.7,12.7522727272727,109.931034482759,139.0,38.4,27.6928571428571,85.4,296.041666666667,331.5,331.5,55.8,45.55,13.3375,32.15,9.66076923076923,16.6,14.85,23.45,292.5,17.6,33.1,10.4,32.05,9.44,10.1,16.3,17.6,51.13,53.4,11.2409090909091,21.065,13.7666666666667,26.7476190476191,14.45,11.9,11.0730769230769,21.8638888888889,20.3957142857143,352.0,61.6,4440.0,91.35,139.0,83.1666666666667,110.25,51.7,22.40625,474.5,279.0,11.053125,147.357142857143,62.5,8.01,43.7481481481481,32.9,78.32,58.2,62.5333333333333,285.5,65.5,72.9,31.95,100.971774193548,17.75,9.20083333333333,60.2,85.7,90.88,71.6,500.0,410.0,758.5,376.25,188.4,119.928571428571,210.75,264.5,34.9045454545455,139.5,138.5,89.4,128.5,49.575,64.821052631579,117.0,35.1
43.8733333333333,32.9022727272727,77.3,62.9,110.857142857143,85.5166666666667,12.6,48.25,118.653846153846,28.8617647058824,33.5333333333333,341.0,129.5,22.95,143.0,440.5,19.9,45.3333333333333,27.75,41.9,146.0,31.7,16.85,25.93125,23.4,58.2,363.25,434.333333333333,30.95,44.9,32.85,21.8,28.5,271.0,252.5,362.0,36.9,17.5338709677419,108.25,,32.05,80.7953488372093,19.2,,960.7,213.609375,43.5,18.845,80.7,46.0,21.4,24.9625,72.05,23.6982142857143,278.0,157.0,27.2,66.5164556962025,98.9470588235294,111.5,53.2058823529412,79.2,69.5,200.5,83.6794117647059,12.75,109.8,139.0,38.38125,27.6857142857143,85.4,296.25,331.166666666667,331.75,55.8,45.55,13.3161290322581,32.15,9.66,16.6,14.9,23.45,292.5,17.6,33.1,10.4,32.05,9.43983606557377,10.0666666666667,16.35,17.5916666666667,51.14375,53.464,11.22,21.0710526315789,13.75,26.7404761904762,14.4492647058824,11.8777777777778,11.0866666666667,21.8510582010582,20.3666666666667,351.833333333333,61.6,4440.0,91.35,139.0,83.1478260869565,110.25,51.775,22.4136363636364,474.5,279.583333333333,11.0579365079365,147.4,62.5,8.01,43.7388888888889,32.9,78.4,58.2,62.5285714285714,285.5,65.56,72.9,31.95,100.516587677725,17.746875,9.20083333333333,60.2,85.6818181818182,90.8,71.6,500.0,411.125,758.5,376.25,188.5,120.0,210.75,264.5,34.9033333333333,139.5,138.5,89.4,128.5,49.6,64.821052631579,117.0,35.0833333333333
43.85,32.9,77.3,62.9,110.521739130435,85.553125,12.6,48.25,118.575,28.8875,33.55,341.0,129.5,22.95,143.25,440.5,19.8909090909091,45.3333333333333,27.7,41.9,146.0,31.7,16.85,25.95,23.41,58.2,363.035714285714,434.333333333333,30.95,44.9,32.85,21.8,28.5,271.0,252.5,362.0,36.95,17.52,108.0625,,32.05,80.8,19.2,,960.142857142857,213.679245283019,43.5,18.8378787878788,80.8,46.078947368421,21.4,24.95,72.0,23.7,278.0,157.4375,27.2,66.525,99.0,111.5,53.2,79.2,69.55,201.0,83.7256756756757,12.780303030303,109.6875,139.0,38.39,27.7,85.425,296.392857142857,331.166666666667,331.666666666667,55.8,45.55,13.35,32.1,9.66,16.6,14.85,23.45,292.5,17.6,33.1,10.4,32.05,9.44246753246753,10.0666666666667,16.35,17.6,51.1049180327869,53.4578947368421,11.25,21.09,13.75,26.7275,14.45,11.8854166666667,11.1,21.85,20.3975609756098,351.833333333333,61.5,4440.0,91.3833333333333,139.0,82.9809523809524,110.029411764706,51.7,22.4227272727273,474.7,280.0,11.0598540145985,147.5,62.5,8.01,43.74,32.9,78.3,58.125,62.52,285.5,65.5,72.9,32.0,100.5,17.75,9.21,60.2333333333333,85.6333333333333,90.8,71.6,500.0,411.25,758.5,376.25,188.5,120.007692307692,210.75,264.5,34.9166666666667,139.75,138.5,89.4,129.0,49.6,64.9,117.0,35.075
43.85,32.9,77.3,62.9,110.85,85.4964912280702,12.6,48.25,118.75,28.8583333333333,33.55,341.25,129.5,22.95,143.25,440.5,19.89,45.3333333333333,27.7,41.85,146.0,31.7,16.85,25.95,23.40625,58.2,362.9375,434.333333333333,30.95,44.9,32.85,21.8,28.5,271.0,252.5,362.0,36.91,17.5285714285714,108.25,,32.0490909090909,80.8,19.2,,960.0,213.518518518518,43.5,18.85,80.68,46.2,21.3728260869565,24.9578947368421,72.0,23.7192307692308,278.090909090909,158.0,27.15,66.5,98.9285714285714,111.5,53.21,79.2,69.55,201.0,83.7068965517241,12.75,109.962962962963,139.0,38.3967741935484,27.6970588235294,85.425,296.1,331.333333333333,331.75,55.8,45.55,13.3125,32.1,9.66166666666667,16.6,14.85,23.45,292.5,17.6,33.1,10.45,32.05,9.45,10.05,16.3166666666667,17.5923076923077,51.1142857142857,53.4416666666667,11.25,21.075,13.775,26.7229166666667,14.45,11.8798507462687,11.1,21.8531746031746,20.3952380952381,352.5,61.5,4440.0,91.4,139.0,83.0076923076923,110.045454545455,51.76,22.4076923076923,475.0625,280.388888888889,11.05,147.975,62.5,8.02,43.7454545454545,32.9,78.3,58.2,62.4911764705882,285.5,65.56,72.9,32.0,100.555555555556,17.7161290322581,9.21,60.2333333333333,85.675,90.6833333333333,71.6,500.0,411.5,758.5,376.25,189.0,120.5,210.75,264.5,34.925,139.75,138.5,89.4,129.0,49.55,64.9,117.0,35.05
43.8608695652174,32.9,77.1907407407408,62.9,110.7,85.45,12.61,48.25,118.807692307692,28.8575,33.55,341.25,129.5,22.95,143.25,439.769230769231,19.89,45.3,27.7,41.85,146.0,31.7,16.85,25.95625,23.4214285714286,58.15,363.0,434.333333333333,30.95,44.925,32.85,21.8,28.5,271.0,252.5,362.0,36.95,17.5113636363636,108.3,,32.0541666666667,80.77375,19.2,,960.0,213.994245524297,43.5394736842105,18.8178571428571,80.6,46.2,21.4,24.95,72.1,23.7,278.5,158.0,27.15,66.5833333333333,98.9055555555556,111.5,53.21,79.2,69.5,201.0,83.6853658536585,12.7509615384615,109.727272727273,139.0,38.4,27.69375,85.425,296.0625,331.5,331.5,55.8,45.55,13.3057142857143,32.1,9.66,16.6,14.875,23.45,292.5,17.5833333333333,33.1,10.45,32.0115384615385,9.45,10.05,16.35,17.55,51.1,53.48125,11.2071428571429,21.1,13.7857142857143,26.734,14.45,11.8883333333333,11.1,21.88125,20.4,352.0,61.5,4445.0,91.4181818181818,139.0,83.0142857142857,110.214285714286,51.7,22.4241379310345,474.5,280.666666666667,11.0513409961686,148.220125786164,62.44,8.01214285714286,43.75,32.9,78.3642857142857,58.2,62.5,285.5,65.575,72.9,32.0,100.5,17.745,9.20047619047619,60.2,85.7,90.6833333333333,71.6,500.0,411.0,758.5,376.25,189.0,120.5,210.75,264.5,34.95,139.75,139.0,89.4,129.0,49.6,64.9,117.5,35.05
43.8631578947369,32.8978723404255,77.1,62.8,110.605263157895,85.5025641025641,12.6,48.25,118.666666666667,28.8642857142857,33.5333333333333,341.25,129.5,22.95,143.1,439.769230769231,19.9,45.3,27.7,41.85,146.0,31.7,16.8,25.9875,23.4,58.2,362.75,434.25,30.975,44.9,32.85,21.8,28.4583333333333,271.0,252.5,362.0,36.9136363636364,17.524,108.3,,32.0642857142857,80.8,19.2,,960.0,214.071120689655,43.5233333333333,18.8075,80.64,46.2,21.3519230769231,24.9953125,72.0,23.7,278.5,158.5,27.15,66.5692307692308,98.9,111.5,53.2,79.1333333333333,69.5,201.0,83.7340909090909,12.75,109.75,139.0,38.3852941176471,27.6928571428571,85.425,295.991666666667,331.5,332.0,55.8,45.55,13.3416666666667,32.1,9.66923076923077,16.6,14.9,23.45,292.5,17.6,33.1,10.45,32.05,9.44142857142857,10.05,16.35,17.565,51.1,53.4592592592593,11.2473214285714,21.0925,13.7934782608696,26.745,14.45,11.8738636363636,11.05,21.8575757575758,20.4,351.75,61.6,4445.0,91.3,139.0,83.075,110.3,51.7,22.4,474.384615384615,280.111111111111,11.0518181818182,148.0,62.44,8.01,43.75,32.9,78.3,58.11,62.4023255813954,285.5,65.525,72.9,32.0,100.5,17.7428571428571,9.20090909090909,60.2,85.7555555555555,90.6,71.6,500.0,411.0,758.5,376.25,188.5,120.5,210.75,264.5,34.9477272727273,139.75,139.0,89.4,129.0,49.6,64.9,117.0,35.0625
43.8629032258065,32.85,77.1,62.9,110.833333333333,85.5,12.6,48.25,118.933333333333,28.8555555555556,33.5333333333333,341.25,129.5,22.95,143.0,439.769230769231,19.8975903614458,45.3038461538462,27.7,41.85,146.0,31.7,16.8,26.0,23.4,58.2,363.0,434.25,30.975,44.95,32.85,21.8,28.5,271.0,252.5,362.0,36.9,17.5122093023256,108.375,,32.0981707317073,80.8,19.2,,961.8,214.34375,43.5431034482759,18.8327586206897,80.6,46.2,21.35,24.9986111111111,72.1,23.6890909090909,278.5,158.5,27.1285714285714,66.5714285714286,98.9285714285714,111.5,53.275,79.2,69.5,201.0,83.7535714285714,12.75,109.785714285714,139.0,38.3722222222222,27.69375,85.425,295.575,331.5,332.25,55.8,45.55,13.3184210526316,32.1,9.66913793103448,16.6,14.9,23.45,292.5,17.5571428571429,33.1,10.4,32.0375,9.45,10.05,16.35,17.6,51.1,53.4953846153846,11.2500670241287,21.0833333333333,13.75,26.728,14.45,11.8955555555556,11.0852941176471,21.8772727272727,20.3811320754717,351.5,61.7,4438.33333333333,91.3,139.0,83.1,110.214285714286,51.75,22.4184210526316,473.5,280.111111111111,11.0656862745098,148.0,62.45,8.01,43.75,32.9,78.3,58.11,62.4,286.5,65.6,72.9,32.0,100.578947368421,17.7416666666667,9.20315789473684,60.2,85.7666666666667,90.6,71.6,500.0,411.0,758.5,376.25,188.5,120.1875,210.75,264.5,34.95,140.0,139.0,89.4,129.0,49.6,64.9,117.0,35.05
43.8611111111111,32.85,77.2,62.9,110.777777777778,85.5380952380952,12.6,48.25,118.681818181818,28.8285714285714,33.55,341.25,129.5,22.95,143.038461538462,439.769230769231,19.8642857142857,45.25,27.7,41.85,146.0,31.7,16.85,25.95,23.4409090909091,58.2,363.0,434.5,30.975,44.95,32.85,21.75625,28.5,271.0,252.5,363.0,36.9,17.5285714285714,108.25,,32.1485185185185,80.8,19.2,,962.222222222222,214.235294117647,43.5285714285714,18.825,80.6428571428571,46.2,21.35,24.9666666666667,72.0944444444444,23.65,278.1,158.5,27.2,66.6757575757576,98.9352941176471,111.5,53.2,79.2,69.5,201.0,83.8061538461538,12.75,109.625,139.0,38.3666666666667,27.7,85.425,295.615384615385,330.5,332.5,55.7888888888889,45.55,13.3314814814815,32.1,9.67,16.6,14.85,23.45,292.5,17.595,33.1,10.45,32.0222222222222,9.445,10.05,16.3,17.6,51.1375,53.4272727272727,11.3,21.0888888888889,13.771875,26.7428571428571,14.45,11.8991666666667,11.1,21.8711538461538,20.4,351.75,61.7,4438.33333333333,91.3,139.0,83.0,110.05,51.7,22.4357142857143,473.4,280.5,11.05,148.0,62.4,8.01,43.75,32.9,78.35,58.0,62.3875,286.428571428571,65.56,72.9,32.0,100.5,17.7136363636364,9.2,60.1,85.7,90.6,71.6,500.0,410.5,760.5,376.25,188.454545454545,120.5,210.75,264.5,34.95,140.0,139.0,89.4,129.0,49.6,65.0,117.0,35.0625
43.8695652173913,32.85,77.2,62.9,110.5,85.5083333333333,12.6333333333333,48.25,118.535211267606,28.8111111111111,33.525,341.5625,129.375,22.95,143.0,439.428571428571,19.8954545454545,45.3157894736842,27.7,41.85,146.0,31.7,16.8,25.9513513513514,23.409375,58.2,363.0,434.5,30.975,44.9333333333333,32.85,21.75625,28.5,271.0,252.5,363.5,36.9055555555556,17.5279411764706,108.5,,32.1,80.8137931034483,19.2,,962.0,214.081081081081,43.5409090909091,18.8395833333333,80.675,46.2,21.35,25.0104557640751,72.09,23.696,277.666666666667,158.5,27.2,66.7714285714286,98.9181818181818,111.5,53.3,79.1666666666667,69.4857142857143,201.0,83.7,12.7525,109.6,139.0,38.3805555555556,27.7,85.425,295.555555555556,330.5,332.458333333333,55.8,45.55,13.3125,32.1,9.66,16.6,14.9,23.45,292.5,17.5666666666667,33.05,10.45,32.05,9.4475,10.05,16.3,17.5875,51.0912442396314,53.4526315789474,11.2833333333333,21.096875,13.7678571428571,26.7125,14.45,11.9,11.05,21.875,20.4,351.75,61.6,4438.33333333333,91.3444444444444,139.0,83.1,110.375,51.7,22.4423076923077,472.961538461538,280.5,11.06,148.411764705882,62.5,8.01,43.75,32.9,78.35,58.0,62.3428571428571,287.6,65.6,72.9,32.0,100.5,17.7095238095238,9.21,60.1,85.7695652173913,90.7,71.6,499.5,410.5,760.5,376.25,189.0,120.5,210.75,264.5,34.945652173913,139.5,139.0,89.4,129.0,49.5571428571429,65.0,117.0,35.0666666666667
43.8483050847458,32.8583333333333,77.1846153846154,62.9,110.633333333333,85.4851851851852,12.6333333333333,48.25,118.9375,28.81875,33.5461538461538,341.516666666667,129.375,22.95,143.0,439.428571428571,19.8928571428571,45.3157894736842,27.7,41.85,146.0,31.7,16.8,25.9928571428571,23.4,58.2,363.0,434.5,30.975,44.9,32.85,21.8,28.5,271.0,252.5,363.5,36.9,17.5222222222222,108.142857142857,,32.145,80.8472222222222,19.2,,961.5,214.181818181818,43.5461538461538,18.8071428571429,80.6028571428571,46.2,21.35,25.0953883495146,72.05,23.6809523809524,278.0,158.5,27.2,66.7857142857143,98.9615384615385,111.5,53.2,79.1666666666667,69.2333333333333,200.458333333333,83.7,12.7693548387097,109.625,139.0,38.3916666666667,27.6928571428571,85.425,295.625,330.5,332.75,55.8,45.55,13.3041666666667,32.1,9.67,16.6,14.85,23.45,292.5,17.5833333333333,33.05,10.4,32.025,9.4475,10.05,16.35,17.5878378378378,51.0727272727273,53.4725,11.3,21.1,13.7916666666667,26.7425,14.45,11.8954545454545,11.0972222222222,21.87,20.4,351.928571428571,61.6,4438.33333333333,91.4,139.0,83.1,110.424242424242,51.7,22.42,472.8125,280.0,11.065,148.4375,62.425,8.01428571428571,43.75,32.9,78.3,58.0,62.3714285714286,287.6,65.6,72.7,32.0,100.625,17.75,9.21,60.1,85.7,90.7,71.6,499.5,410.5,760.0,376.25,188.5,120.5,210.75,264.5,34.9375,139.5,139.0,89.4,129.0,49.5583333333333,65.0,117.0,35.05
43.8,32.8555555555556,77.175,62.9,110.666666666667,85.525,12.65,48.25,118.764705882353,28.8,33.5461538461538,341.5,129.5,22.95,143.0,441.0,19.8954545454545,45.3,27.7,41.85,146.0,31.7,16.8,25.9875,23.4125,58.2,363.0,434.5,30.975,44.9,32.85,21.8,28.5,271.0,252.5,363.5,36.95,17.5166666666667,108.392857142857,,32.1333333333333,80.85,19.1833333333333,,961.5,214.0875,43.55625,18.8088235294118,80.5738095238095,46.2,21.35,25.1451807228916,72.1,23.6954545454545,278.0,158.5,27.2462962962963,66.8,98.9705882352941,111.5,53.2666666666667,79.2,69.2363636363636,200.458333333333,83.6785714285714,12.7538961038961,109.615384615385,139.0,38.3888888888889,27.7,85.425,295.625,330.5,332.4,55.8,45.55,13.3306451612903,32.1,9.66142857142857,16.6,14.85,23.4,292.5,17.6,33.05,10.45,32.05,9.44958333333333,10.1,16.35,17.6,51.0,53.432,11.3,21.0986363636364,13.75,26.7396551724138,14.4484848484848,11.896875,11.09375,21.8517857142857,20.4,352.111111111111,61.5,4438.33333333333,91.4142857142857,139.0,83.0,110.5,51.7666666666667,22.43,473.75,280.0,11.05,148.5,62.4,8.015,43.75,32.9,78.3,58.0,62.3428571428571,286.0625,65.6,72.7,32.0,100.527777777778,17.75,9.21,60.15,85.7769230769231,90.7,71.6,499.5,410.0,760.5,376.25,188.6,120.5,210.75,264.0,34.9375,140.0,139.0,89.4,129.0,49.5583333333333,65.0,117.0,35.0875
43.8076923076923,32.8631578947368,77.1888888888889,62.9,110.875,85.4181818181818,12.6,48.25,118.90625,28.8058823529412,33.5461538461538,341.5,129.5,22.95,143.0,441.0,19.89,45.315625,27.7,41.8785714285714,146.0,31.7,16.85,25.95,23.4071428571429,58.2,363.285714285714,434.5,30.975,44.95,32.85,21.77,28.45,271.0,252.5,363.5,36.9175,17.515,108.083333333333,,32.1369565217391,80.8107594936709,19.2,,962.5,214.195121951219,43.54,18.8372093023256,80.5,46.2194444444445,21.35,25.1672413793103,72.1,23.6951612903226,277.75,158.5,27.2,66.8875,98.9777777777778,111.5,53.2409090909091,79.2,69.3,200.0,83.6217391304348,12.75,109.5,139.0,38.38125,27.7,85.425,295.545454545455,330.5,332.912280701754,55.8,45.55,13.3076923076923,32.1,9.66888888888889,16.6,14.9,23.45,292.5,17.6,33.05,10.45,32.05,9.45,10.0833333333333,16.35,17.6,51.0915254237288,53.4055555555555,11.3,21.0952380952381,13.7678571428571,26.7214285714286,14.45,11.8952380952381,11.1,21.8588983050847,20.4,352.9,61.5,4438.33333333333,91.45,139.0,83.0,110.3,51.7,22.4486111111111,474.666666666667,279.5,11.0568181818182,148.404761904762,62.4,8.02,43.7478260869565,32.9277777777778,78.35,58.0,62.4,286.5,65.5272727272727,72.7,32.0,100.53125,17.75,9.22,60.2,85.7769230769231,90.7,71.6,499.5,410.0,760.0,376.25,188.625,120.5,210.75,264.0,34.9166666666667,139.5,139.0,89.4,128.5,49.6,64.9,117.0,35.075
43.840625,32.86,77.2,62.9,110.75,85.4888888888889,12.6,48.25,118.938775510204,28.808,33.55,341.5,129.25,22.95,143.0,441.0,19.8944444444444,45.315625,27.7,41.85,146.0,31.7,16.85,25.95,23.4,58.1,363.285714285714,434.5,30.975,44.9083333333333,32.85,21.77,28.45,271.0,252.5,363.5,36.95,17.5475409836066,108.25,,32.1181818181818,80.7574468085107,19.2,,962.0,214.071428571429,43.5944444444445,18.821875,80.4787234042553,46.2763157894737,21.4,25.15,72.0857142857143,23.7407407407407,278.0,158.5,27.2,66.88,98.9625,111.5,53.2857142857143,79.2,69.4,200.0,83.6,12.7902173913043,109.583333333333,139.488095238095,38.3769230769231,27.7,85.5833333333333,295.916666666667,330.5,332.9375,55.8,45.6,13.3346153846154,32.1,9.66545454545454,16.6,14.85,23.45,292.25,17.59,33.05,10.45,32.05,9.45,10.05,16.35,17.5875,51.1,53.405,11.2769230769231,21.1,13.75,26.7435483870968,14.45,11.8878787878788,11.1,21.8591954022989,20.4,352.75,61.5,4435.0,91.3,138.5,82.9642857142857,110.357142857143,51.7666666666667,22.4441176470588,474.5,279.0,11.0721153846154,148.055555555556,62.4,8.01,43.75,32.95,78.3,58.0,62.35,286.5,65.5,72.7,31.9357142857143,100.75,17.75,9.2295,60.28,85.7333333333333,90.7,71.6,499.5,410.0,759.333333333333,376.0,188.75,120.5,210.75,264.0,34.92,139.5,139.0,89.4,128.5,49.6,65.0,117.0,35.0636363636364
43.8092105263158,32.8613636363636,77.2,62.8,110.5,85.5461538461538,12.6,48.25,118.882352941176,28.7625,33.5333333333333,341.5,129.0,22.95,143.0,441.0,19.9,45.35,27.75,41.85,146.0,31.7,16.85,25.9833333333333,23.41875,58.1,363.285714285714,435.166666666667,30.975,44.9,32.85,21.75,28.45,271.0,252.5,363.3,36.9090909090909,17.5254237288136,108.0,,32.1,80.8,19.2,,962.0,214.125,43.55,18.8096153846154,80.4974358974359,46.2518987341772,21.4,25.1490566037736,72.1,23.71,278.0,158.583333333333,27.2,66.82,98.94,111.5,53.21875,79.2,69.4,200.0,83.6,12.7538461538462,109.5,139.5,38.3571428571429,27.7,85.5833333333333,295.85,331.25,332.5,55.8,45.5,13.3086956521739,32.1,9.66,16.6,14.85,23.45,292.25,17.575,33.05,10.45,32.05,9.446,10.1,16.3,17.5514563106796,51.1,53.42,11.2822580645161,21.1,13.7717391304348,26.7267857142857,14.45,11.9,11.075,21.85,20.4,353.5,61.5,4435.0,91.3,138.5,82.8625,110.5,51.76,22.4404761904762,473.75,279.666666666667,11.072641509434,147.6875,62.4,8.01941176470588,43.75,32.9,78.35,58.1,62.4,285.625,65.5,72.7,32.0,100.53125,17.7120689655172,9.22,60.28,85.7,90.7,71.6,499.5,409.0,758.0,376.5,188.5,120.5,210.75,264.0,34.93,139.5,139.0,89.4,128.5,49.5571428571429,65.0,117.0,35.1
43.8477941176471,32.8818181818182,77.2,62.8,110.6875,85.54,12.6,48.25,118.882352941176,28.7552631578947,33.6,341.5,129.0,22.95,143.0,440.5,19.8863636363636,45.35,27.75,41.8333333333333,146.0,31.7,16.85,25.95,23.4,58.1,363.5,435.5,30.975,44.9,32.85,21.75,28.5,271.0,252.5,363.3,36.9090909090909,17.5415662650602,108.013513513514,,32.071875,80.8,19.2,,962.0,214.177419354839,43.6,18.8316666666667,80.5,46.25,21.4,25.15,72.1,23.7,278.0,158.583333333333,27.2,66.8357142857143,98.99375,111.5,53.295,79.2,69.4,200.0,83.5963963963964,12.753125,109.5,139.125,38.39,27.7294117647059,85.5833333333333,295.633333333333,331.5,333.36170212766,55.8,45.525,13.315625,32.1,9.66,16.6,14.85,23.45,292.25,17.5916666666667,33.0581632653061,10.45,32.05,9.446,10.1,16.325,17.552380952381,51.15,53.4086956521739,11.2833333333333,21.1,13.7833333333333,26.7434782608696,14.45,11.8545454545455,11.0982142857143,21.8628571428571,20.4,353.0,61.6,4435.0,91.4,139.0,82.8,110.230769230769,51.7923076923077,22.41,473.5,279.666666666667,11.0590909090909,148.038461538462,62.4,8.01,43.71,32.9,78.35,58.1,62.2956790123457,286.0,65.5,72.6285714285714,32.0,100.5,17.7444444444444,9.22,60.2,85.7125,90.8,71.6,499.5,408.0,758.0,376.5,188.194915254237,120.5,210.75,264.0,34.95,139.5,139.0,89.4,128.5,49.6,64.975,117.0,35.1
43.8532608695652,32.8870967741936,77.1846153846154,62.85,110.888888888889,85.5,12.6,48.25,118.96,28.76875,33.6,341.5,129.0,22.95,143.0,440.25,19.8964285714286,45.3578947368421,27.75,41.85,145.75,31.7,16.85,25.95,23.42,58.1,363.464285714286,435.5,30.95,44.9,32.85,21.755,28.5,271.0,252.5,363.3,36.9029411764706,17.5411764705882,108.166666666667,,32.05,80.7976744186047,19.2,,962.666666666667,214.044444444444,43.6090909090909,18.8344444444445,80.5,46.2,21.4,25.11,72.2,23.6928571428571,278.0,158.583333333333,27.2,66.8090909090909,98.95,111.5,53.2277777777778,79.2,69.4,200.5,83.6538461538462,12.75,109.65625,138.75,38.3595238095238,27.7083333333333,85.7,296.2265625,331.5,334.818181818182,55.7,45.55,13.35,32.1,9.66,16.6,14.85,23.45,292.25,17.5833333333333,33.0581632653061,10.4,32.05,9.44395209580838,10.05,16.325,17.5625,51.1,53.4023255813954,11.2944444444444,21.1384615384615,13.75,26.7469827586207,14.45,11.8923076923077,11.0982142857143,21.8906542056075,20.4,352.625,61.6,4435.0,91.35,139.0,82.7,110.166666666667,51.7944444444445,22.4222222222222,473.75,280.0,11.0541666666667,148.346153846154,62.4,8.014,43.6986111111111,32.9,78.3,58.1,62.2764705882353,286.0,65.8151515151515,72.6,32.0,100.85,17.75,9.23,60.22,85.7333333333333,90.8,71.6,499.5,408.0,758.0,376.5,188.0,120.5,210.75,264.0,34.95,139.5,139.0,89.4,128.5,49.6,64.95,117.25,35.1
43.8818181818182,32.8532608695652,77.1461538461538,62.9,110.958333333333,85.5606060606061,12.65,48.275,118.595238095238,28.7880952380952,33.5555555555556,342.0,129.0,22.95,143.25,440.5,19.8995884773663,45.4,27.7166666666667,41.875,146.0,31.70625,16.85,26.0,23.45,58.2,363.5,435.5,31.0,44.9,32.8833333333333,21.8,28.5,271.0,252.5,363.3,36.9,17.5263157894737,108.333333333333,,32.05,80.8071428571428,19.175,,965.384615384615,214.081395348837,43.6,18.85,80.4893939393939,46.2,21.3764150943396,25.1540983606557,72.1941176470588,23.6976190476191,277.875,158.583333333333,27.2041666666667,66.8,98.99,111.5,53.3,79.3,69.4,200.0,83.6142857142857,12.75,109.6875,139.0,38.3125,27.7,85.7,296.833333333333,331.666666666667,335.227272727273,55.7,45.55,13.3115384615385,32.075,9.67169811320755,16.6,14.9,23.45,292.25,17.575,33.05,10.45,32.05,9.45,10.075,16.35,17.6,51.085667752443,53.4,11.3,21.103488372093,13.75,26.7309701492537,14.45,11.8967391304348,11.1,21.8692307692308,20.3722222222222,352.75,61.5416666666667,4435.0,91.35,139.0,82.2206896551724,110.333333333333,51.8,22.4214285714286,473.375,280.0,11.0666666666667,148.0,62.3641025641026,8.01,43.6219512195122,32.8,78.4,58.1,62.3023255813954,285.5,65.8,72.6,31.9833333333333,100.53125,17.75,9.22007407407408,60.2,85.7333333333333,90.7857142857143,71.6,499.5,409.25,758.0,376.5,188.0,120.5,210.75,264.0,34.9409090909091,140.046511627907,139.0,89.4,128.5,49.59,65.0,117.25,35.1
43.8840909090909,32.85,77.2,62.9,110.75,85.5,12.61,48.275,118.666666666667,28.7605263157895,33.5555555555556,342.0,129.0,22.95,143.1,440.5,19.9,45.35,27.7333333333333,41.825,146.0,31.70625,16.85,25.9692307692308,23.45,58.2,363.714285714286,435.5,31.0,44.85,32.8833333333333,21.8,28.5,271.0,252.5,363.3,36.95,17.52,108.461538461538,,32.05,80.8717391304348,19.175,,966.571428571429,214.074468085106,43.5809090909091,18.890243902439,80.5086956521739,46.2,21.3764150943396,25.2135593220339,72.15,23.6730769230769,278.0,158.5,27.2,66.7333333333333,99.0,111.5,53.2071428571429,79.3,69.4,200.0,83.65,12.75,109.5625,139.0,38.298717948718,27.7,85.7,296.52,331.5,335.5,55.7,45.55,13.3166666666667,32.1,9.68,16.6,14.9,23.45,292.25,17.59,33.06,10.45,32.05,9.44941176470588,10.075,16.3,17.59375,51.05,53.4047619047619,11.2521739130435,21.15,13.7857142857143,26.748275862069,14.45,11.887037037037,11.1,21.8684210526316,20.4,352.333333333333,61.5416666666667,4440.0,91.44,139.0,82.34,110.333333333333,51.8083333333333,22.4382352941176,474.961538461538,280.0,11.05125,148.15,62.3,8.015,43.5666666666667,32.8,78.35,58.1,62.37,285.5,65.725,72.6,31.9833333333333,100.5,17.7375,9.22,60.2,85.7,90.7857142857143,71.6,499.5,410.5,758.0,376.5,188.5,120.5,210.75,264.0,34.95,140.5,138.777777777778,89.4,128.5,49.575,64.98,117.25,35.0892857142857
43.8976744186047,32.85,77.2,62.9,110.5,85.5333333333333,12.61,48.275,118.5,28.7558823529412,33.55,342.0,129.0,22.925,143.0,440.5,19.8952830188679,45.35,27.7333333333333,41.825,146.0,31.70625,16.85,25.9,23.44375,58.2,363.6,435.5,30.95,44.9,32.85,21.8,28.4875,271.0,252.5,363.3,36.925,17.5338709677419,108.333333333333,,32.0794117647059,80.8978260869565,19.15,,965.0,214.085365853659,43.5375,18.9,80.5111111111111,46.2,21.4,25.2423469387755,72.2,23.675,278.0,158.5,27.2,66.8142857142857,98.9454545454546,111.5,53.3,79.3,69.4,200.0,83.6111111111111,12.752380952381,109.615384615385,139.0,38.2515151515152,27.7,85.7,296.65,331.5,334.925,55.7,45.55,13.3479166666667,32.1,9.67179487179487,16.6,14.9,23.45,292.25,17.57,33.06,10.45,32.046875,9.45,10.05,16.3,17.59375,51.0,53.4058823529412,11.2516129032258,21.1466666666667,13.7588235294118,26.7458333333333,14.45,11.9,11.05,21.8838461538462,20.4,352.333333333333,61.7,4437.5,91.5,139.0,82.415,110.0,51.8,22.4049382716049,474.5,280.0,11.05,148.0,62.3,8.01875,43.5666666666667,32.8,78.3,58.1,62.375,285.5,65.725,72.5,31.9833333333333,100.5,17.75,9.21047619047619,60.2,85.7,90.7857142857143,71.6,499.5,411.0,758.0,376.5,188.5,120.5,210.75,264.0,34.9333333333333,140.125,138.777777777778,89.4,128.5,49.6,65.0133928571429,117.0,35.0892857142857
43.8928571428572,32.8525,77.125,62.9,111.0,85.5794871794872,12.65,48.275,118.8,28.7555555555556,33.6,342.0,129.5,22.95,143.0,440.5,19.896875,45.35,27.7333333333333,41.9,146.0,31.70625,16.85,25.9277777777778,23.42,58.2,363.5,435.5,30.95,44.9,32.9,21.8,28.5,271.0,252.5,363.3,36.95,17.5222222222222,108.375,,32.0358333333333,80.8796875,19.2,,965.285714285714,214.0625,43.57,18.8954545454545,80.5875,46.25,21.4,25.2,72.15,23.65,278.0,158.5,27.2,66.8666666666667,98.9875,111.5,53.2208333333333,79.3,69.4,200.0,83.6,12.75,109.55,139.0,38.25,27.725,85.675,296.545454545455,331.5,334.807692307692,55.7,45.55,13.3586538461538,32.1,9.67,16.6,14.8666666666667,23.45,292.25,17.5833333333333,33.06,10.45,32.05,9.44259259259259,10.05,16.35,17.571875,51.0,53.4,11.2818181818182,21.1333333333333,13.7772727272727,26.7461538461538,14.45,11.9,11.1,21.8683823529412,20.4,352.5,61.5,4435.0,91.3,138.7,82.4,110.166666666667,51.8142857142857,22.4055555555556,474.25,280.0,11.05,148.0,62.3,8.015,43.6,32.8,78.2966666666667,58.1,62.39,285.5,65.7333333333333,72.5,31.95,100.5,17.7388888888889,9.21583333333333,60.2,85.7,90.8,71.6,499.5,410.5,758.0,376.5,188.125,120.416666666667,210.75,264.0,34.9458333333333,140.0,138.777777777778,89.4,128.5,49.6,65.22,117.0,35.1
43.9020833333333,32.8681818181818,77.1157894736842,62.9,110.916666666667,85.4916666666667,12.65,48.275,118.5125,28.7615384615385,33.5333333333333,342.0,129.5,22.925,143.0,440.5,19.8921875,45.35,27.7,41.8833333333333,146.0,31.70625,16.85,25.996875,23.45,58.2,363.379310344828,433.75,30.95,44.9,32.9,21.8,28.5,271.0,252.5,363.0,36.95,17.5310810810811,108.375,,32.004347826087,80.8421052631579,19.1833333333333,,964.5,214.259259259259,43.55,18.8596774193548,80.6,46.25,21.4,25.2,72.1875,23.6666666666667,278.0,159.0,27.2,66.8833333333333,99.0,111.5,53.3,79.3,69.4,200.5,83.6428571428571,12.7625,109.5625,139.0,38.2485714285714,27.725,85.6,296.136363636364,331.5,335.111111111111,55.7,45.55,13.3507042253521,32.1,9.69,16.6,14.8666666666667,23.45,292.25,17.5875,33.0464285714286,10.4,32.0461538461538,9.44259259259259,10.05,16.35,17.5875,51.04,53.3954545454545,11.2545454545455,21.1084677419355,13.775,26.7454545454545,14.45,11.8882978723404,11.1,21.8611842105263,20.4,352.25,61.6,4435.0,91.2428571428571,138.7,82.4545454545455,110.166666666667,51.8333333333333,22.4,474.5,279.0,11.0631147540984,147.916666666667,62.3,8.01285714285714,43.6166666666667,32.8,78.2,58.1,62.35,285.5,65.7,72.9,31.95,100.541666666667,17.75,9.22,60.14,85.7,90.8,71.6,499.5,410.5,756.0,376.5,188.5,120.5,210.75,264.0,34.95,140.0,138.777777777778,89.4,128.5,49.6,65.3125,117.0,35.1
43.914,32.8510869565217,77.1157894736842,62.9,110.892857142857,85.4631578947368,12.65,48.2,118.565217391304,28.753125,33.55,342.0,129.0,22.925,143.0,440.75,19.8989583333333,45.35,27.7,41.8,146.25,31.70625,16.85,25.95,23.4,58.2,363.409090909091,433.75,31.0,44.85,32.9,21.8,28.5,271.0,252.5,363.0,36.95,17.5461538461538,108.0,,32.0,80.8666666666667,19.2,,963.4,214.075,43.55,18.8576923076923,80.5083333333333,46.25,21.4,25.2,72.15,23.6678571428571,278.0,159.0,27.1996527777778,66.8333333333333,99.068115942029,111.5,53.2026315789474,79.2,69.4,200.5,83.6857142857143,12.7521739130435,109.636363636364,139.0,38.25,27.7,85.6,296.291666666667,332.0,334.724137931035,55.7714285714286,45.5,13.375,32.1,9.68666666666667,16.6,14.85625,23.45,292.25,17.5666666666667,33.0375,10.4,32.05,9.444,10.05,16.35,17.5875,51.0803149606299,53.3083333333333,11.28125,21.1333333333333,13.75,26.7424242424242,14.4388888888889,11.8935380384968,11.1,21.8853333333333,20.395,352.5,61.5,4435.0,91.3,139.0,82.4666666666667,110.166666666667,51.8,22.4285714285714,474.5,279.0,11.0628571428571,148.0,62.3,8.01,43.6166666666667,32.8,78.2,58.2,62.3666666666667,285.5,65.7,72.9,31.95,100.5,17.75,9.22,60.15,85.7125,90.8,71.6,499.5,410.5,756.0,376.5,188.5,120.5,210.75,264.125,34.94375,140.0,138.777777777778,89.4,129.0,49.6,65.2,117.0,35.1
43.9,32.85,77.1777777777778,62.9,110.892857142857,85.46,12.65,48.2,118.557692307692,28.755,33.5428571428571,341.5,129.0,22.95,143.5,440.75,19.9,45.3666666666667,27.75,41.8,146.0,31.7,16.8,25.95,23.4,58.1666666666667,363.25,433.75,31.0,44.85,32.9,21.8,28.5,271.0,252.5,363.0,36.95,17.5329268292683,108.5,,32.0428571428571,80.8878787878788,19.1966666666667,,963.5,214.073529411765,43.5857142857143,18.8815789473684,80.5,46.25,21.4,25.1821428571429,72.1,23.65,278.0,159.0,27.1571428571429,66.8,99.2714285714286,111.5,53.3,79.2,69.4,200.5,83.6272727272727,12.7501851851852,109.939457202505,139.166666666667,38.2473684210526,27.7,85.6,296.1875,331.875,334.0,55.8,45.55,13.3705882352941,32.1,9.68,16.6,14.9,23.45,292.5,17.59,33.0,10.45,32.05,9.44076923076923,10.05,16.35,17.5785714285714,51.0935064935065,53.3176470588235,11.2846153846154,21.15,13.7638888888889,26.7470297029703,14.45,11.8944444444444,11.0916666666667,21.895,20.3934782608696,353.0,61.6,4435.0,91.375,139.0,82.6,110.0,51.8,22.414,474.0,278.625,11.0606382978723,148.0,62.3333333333333,8.01882352941176,43.6285714285714,32.8,78.275,58.2,62.35,285.5,65.7,72.9,31.95,100.5,17.75,9.22,60.1,85.7333333333333,90.8,71.6,499.5,410.5,756.0,376.5,188.214285714286,120.4,210.5,264.125,34.9357142857143,140.166666666667,138.777777777778,89.4,128.5,49.6,65.08,117.5,35.1
43.9055555555555,32.8555555555556,77.1625,62.9,110.785714285714,85.5,12.625,48.2,118.6875,28.7807692307692,33.55,341.5,129.0,22.95,143.5,440.75,19.8958333333333,45.4,27.75,41.8,146.0,31.7,16.85,25.95,23.44,58.2,363.25,433.75,31.0,44.853125,32.9,21.8,28.5,271.0,252.5,363.0,36.95,17.54,108.5,,32.0140625,80.9,19.2,,963.5,214.162162162162,43.6266666666667,18.8590909090909,80.4904109589041,46.25,21.4,25.15,72.1,23.65,278.0,158.590909090909,27.15,66.8071428571428,99.3,111.5,53.2,79.2,69.4,200.5,83.604347826087,12.7829787234043,109.738095238095,139.0,38.25,27.7,85.6,296.642857142857,331.666666666667,334.5,55.8,45.5416666666667,13.3705882352941,32.1,9.67,16.575,14.9,23.45,292.5,17.575,33.0,10.45,32.05,9.44,10.05,16.35,17.6,51.1,53.3,11.2761904761905,21.104794520548,13.75,26.7431034482759,14.45,11.8989361702128,11.05,21.875,20.4,352.625,61.5,4435.0,91.3,139.0,82.65,110.0,51.8,22.4107142857143,473.5,278.625,11.0640625,148.0,62.3666666666667,8.01,43.6,32.8115384615385,78.24,58.2,62.3714285714286,286.0,65.6,72.9,31.95,100.5,17.7108695652174,9.215,60.1,85.7,90.8,71.6,499.5,410.25,756.0,376.5,188.416666666667,120.25,210.5,264.125,34.95,140.0,138.777777777778,89.4,128.5,49.65,64.96,117.0,35.1033333333333
43.905,32.85,77.1538461538462,62.9765957446808,110.5625,85.4384615384615,12.635,48.2,118.6875,28.748,33.5,341.5,129.0,22.95,143.375,440.5,19.8923076923077,45.3795918367347,27.75,41.8,146.0,31.7,16.85,25.951724137931,23.4,58.2,363.5,433.75,30.95,44.85,32.85,21.8,28.5,271.0,252.5,363.0,36.95,17.5269230769231,108.333333333333,,32.05,80.9,19.19,,962.75,214.026315789474,43.63125,18.8666666666667,80.4666666666667,46.25,21.4,25.1076923076923,72.1916666666667,23.65,278.0,158.5,27.2,66.8,99.2875,111.5,53.2,79.3,69.4,200.5,83.6988888888889,12.7642857142857,109.692307692308,139.0,38.3,27.7,85.6,296.879310344828,331.5,335.560975609756,55.8,45.51,13.3702380952381,32.05,9.68,16.575,14.875,23.45,292.5,17.6271370420624,33.05,10.425,32.05,9.44,10.05,16.35,17.59,51.1166666666667,53.3,11.2846153846154,21.1,13.775,26.7414893617021,14.4185185185185,11.8934782608696,11.1,21.8838926174497,20.3969696969697,352.0,61.5,4435.0,91.4090909090909,139.0,82.7,110.166666666667,51.8,22.4004310344828,473.416666666667,278.5,11.05,147.568181818182,62.3166666666667,8.01910714285714,43.635,32.8115384615385,78.2,58.12,62.3,285.625,65.6,72.9,31.95,100.555555555556,17.75,9.22,60.2,85.7,90.9,71.6,499.5,410.25,756.0,376.5,188.5,120.166666666667,210.5,264.125,34.95,140.0,139.0,89.4,128.5,49.65,64.9,117.0,35.1
43.9,32.8568181818182,77.1166666666667,63.0,110.657894736842,85.4294117647059,12.6,48.2,118.75,28.7142857142857,33.55,341.5,129.25,22.95,143.5,440.5,19.896,45.42,27.7,41.8,146.0,31.7,16.85,25.9333333333333,23.45,58.2,363.5,433.5,30.95,44.825,32.85,21.8,28.5,271.0,252.5,363.5,36.95,17.5372340425532,108.5,,32.0593023255814,80.8595744680851,19.1944444444444,,964.625,214.037037037037,43.61875,18.8666666666667,80.525,46.25,21.4,25.1727272727273,72.2,23.675,278.0,158.5,27.2,66.7387096774194,99.2571428571429,112.0,53.2105263157895,79.3,69.5,200.5,83.7,12.7486074270557,109.6,139.0,38.3,27.7,85.6,297.111111111111,331.5,336.0,55.7375,45.51,13.3769230769231,32.1,9.67761904761905,16.575,14.85,23.45,292.5,17.6271370420624,33.05,10.425,32.05,9.45,10.05,16.3403846153846,17.6,51.1033333333333,53.3027027027027,11.298125,21.15,13.7613636363636,26.7488372093023,14.45,11.8779069767442,11.1,21.8909836065574,20.4,352.25,61.5,4435.0,91.5,138.5,82.7,110.166666666667,51.8,22.4,473.5,278.466666666667,11.05,147.5,62.3,8.01928571428571,43.635,32.8115384615385,78.4041152263375,58.12,62.4,285.625,65.6,72.9,31.95,100.5,17.75,9.22,60.2,85.7,90.9,71.6,500.0,410.25,756.0,376.5,188.625,120.0,210.5,264.125,34.9458333333333,140.0,139.0,89.4,128.5,49.601724137931,64.9,117.0,35.1
43.9,32.85,77.1777777777778,62.95,110.928571428571,85.4307692307692,12.6,48.2,118.7,28.7,33.55,341.5,129.0,22.95,143.5,440.5,19.9,45.4029411764706,27.7,41.85,146.0,31.7,16.825,25.9,23.45,58.2,363.277777777778,434.5,30.95,44.8,32.85,21.8,28.5,271.0,252.5,363.5,36.95,17.513829787234,108.166666666667,,32.0541666666667,80.9,19.1625,,964.454545454546,214.383333333333,43.6083333333333,18.8595588235294,80.5,46.25,21.4,25.1888888888889,72.2,23.65,277.875,158.0,27.15,66.7,99.3,112.0,53.225,79.2,69.5,200.5,83.7238095238095,12.735,109.633333333333,139.0,38.3,27.7,85.6,297.428571428571,331.5,335.875,55.8,45.55,13.3479166666667,32.1,9.68,16.575,14.85,23.45,292.5,17.6271370420624,33.05,10.4166666666667,32.05,9.45,10.05,16.3403846153846,17.5944444444444,51.1,53.3,11.2875,21.1375,13.75,26.7424528301887,14.45,11.8962365591398,11.1,21.8885350318471,20.3671052631579,352.5,61.5,4435.0,91.325,139.0,82.7,110.035714285714,51.8,22.4,473.777777777778,278.25,11.0673469387755,147.383333333333,62.2,8.02,43.635,32.8115384615385,78.5,58.2,62.3166666666667,285.0,65.6,72.9,31.95,100.5,17.7477272727273,9.22,60.125,85.7333333333333,91.0,71.5,500.0,410.0,755.0,376.5,188.5,120.333333333333,210.5,264.125,34.9551020408163,140.0,139.0,89.4,128.5,49.65,64.95,117.0,35.1111111111111
43.9205882352941,32.85625,77.1333333333333,63.0,110.928571428571,85.4393939393939,12.6333333333333,48.25,118.7,28.7159090909091,33.55,341.5,129.0,22.95,143.5,441.0,19.8977272727273,45.35,27.7,41.84,146.0,31.7,16.8,25.9166666666667,23.4142857142857,58.2,364.204545454545,434.625,30.95,44.8,32.85,21.8,28.5,271.0,252.5,363.5,36.95,17.5357142857143,108.5,,32.0566666666667,80.9,19.1980769230769,,966.034482758621,214.109756097561,43.64,18.896875,80.471052631579,46.25,21.4,25.2,72.2,23.6916666666667,278.0,158.0,27.15,66.7,99.2948717948718,111.666666666667,53.284,79.2,69.5,200.5,83.7047619047619,12.7012987012987,109.540816326531,139.0,38.27,27.7125,85.6,297.689655172414,331.5,335.5,55.8,45.5,13.3329545454545,32.1,9.68,16.575,14.9,23.45,292.5,17.6271370420624,33.05,10.4125,32.05,9.45666666666667,10.05,16.3,17.6,51.1,53.3,11.2710526315789,21.1466666666667,13.7805555555556,26.738064516129,14.45,11.8620689655172,11.1,21.8636363636364,20.3875,352.5,61.5,4435.0,91.3,139.0,82.775,110.2,51.8,22.4295454545455,474.0,278.25,11.05,147.553571428571,62.3,8.0175,43.6388888888889,32.8607142857143,78.5,58.2,62.325,285.0,65.6,72.9,31.95,100.5,17.75,9.22,60.2,85.725,90.95,71.5,500.0,410.5,755.0,376.5,188.125,120.0,210.5,264.125,35.0,140.0,139.0,89.4,128.5,49.625,64.9857142857143,117.0,35.1
43.9166666666667,32.8583333333333,77.1714285714286,63.0285714285714,110.666666666667,85.4833333333333,12.6,48.2857142857143,118.85,28.7058823529412,33.5333333333333,341.5,129.5,22.95,143.5,441.5,19.8986486486486,45.28,27.7,41.8,146.0,31.7,16.8,25.9507042253521,23.44,58.2,364.545454545455,434.625,30.95,44.85,32.85,21.8,28.5,271.0,252.5,363.5,36.95,17.5233333333333,108.5,,32.09625,80.852,19.2,,968.0,214.209677419355,43.6466666666667,18.900625,80.501724137931,46.2333333333333,21.4,25.1571428571429,72.2,23.65,278.090909090909,158.0,27.15,66.75,99.4,111.666666666667,53.2,79.2,69.5,200.5,83.7086956521739,12.7098958333333,109.611111111111,139.0,38.2947368421053,27.6954545454545,85.6,297.714285714286,331.5,336.3984375,55.7777777777778,45.5,13.3211538461538,32.1,9.68,16.575,14.9,23.45,292.5,17.65,33.05,10.45,32.05,9.46,10.05,16.35,17.6125,51.1071428571428,53.3,11.2576923076923,21.15,13.7605263157895,26.7477272727273,14.45,11.8796875,11.1,21.8584615384615,20.4,352.5,61.5,4435.0,91.2,139.0,82.8,110.0,51.8666666666667,22.4068181818182,474.0,278.5,11.0581081081081,148.0,62.3,8.02,43.6,32.8607142857143,78.5,58.2,62.4,285.0,65.6,72.9,31.95,100.545454545455,17.70625,9.21,60.2,85.7,90.9,71.5,500.0,410.5,755.0,376.5,188.363636363636,120.375,210.5,264.125,34.965,140.0,138.875,89.4,128.5,49.65,65.08,117.0,35.1
43.9,32.8657894736842,77.1375,63.0285714285714,111.0,85.5285714285714,12.6454545454545,48.2857142857143,118.826923076923,28.7105263157895,33.55,342.0,129.5,22.95,143.5,441.5,19.935,45.375,27.7,41.8,146.0,31.7,16.8,25.94,23.4,58.2,364.5,434.625,30.95,44.8,32.85,21.8,28.5,271.0,252.5,363.5,36.9117647058824,17.5085365853658,108.5,,32.0652777777778,80.91,19.1909090909091,,967.941176470588,214.20652173913,43.65,18.9140243902439,80.4909090909091,46.2416666666667,21.4,25.2,72.1666666666667,23.65,278.1,158.0,27.15,66.78,99.5175,112.0,53.225,79.2,69.5,200.5,83.8,12.7133928571429,109.647058823529,139.0,38.2608695652174,27.675,85.6,297.766666666667,332.0,337.623595505618,55.8,45.5,13.3375,32.1,9.69811320754717,16.575,14.9,23.45,292.5,17.65,33.05,10.4333333333333,32.05,9.45051886792453,10.05,16.347619047619,17.65,51.1,53.3,11.2730769230769,21.1478260869565,13.7538461538462,26.75,14.45,11.8628378378378,11.1,21.8586021505376,20.4,352.625,61.6,4435.0,91.275,139.0,82.9,110.0,51.8,22.4205882352941,473.0,278.25,11.0542553191489,147.578947368421,62.4,8.01888888888889,43.5883116883117,32.8825,78.4238095238095,58.3,62.3714285714286,285.0,65.6,72.9,31.95,100.5,17.75,9.21,60.2,85.7333333333333,90.9,71.5,500.0,410.4,755.0,376.5,188.016129032258,120.166666666667,210.5,264.125,34.9833333333333,140.0,138.875,89.4,128.5,49.6,65.1857142857143,117.0,35.1
43.9166666666667,32.88,77.1333333333333,63.1,110.625,85.4272727272727,12.6,48.2857142857143,118.5,28.71,33.55,342.0,129.0,22.95,143.5,441.5,19.948275862069,45.3916666666667,27.7,41.8,146.25,31.7,16.8,25.9375,23.45,58.3,364.5,434.625,30.95,44.8083333333333,32.85,21.8,28.4666666666667,271.0,252.5,363.5,36.95,17.5150793650794,108.333333333333,,32.1074074074074,80.975,19.1909090909091,,967.969696969697,214.079545454545,43.6451388888889,18.9006944444444,80.5,46.25,21.4,25.1916666666667,72.2,23.65,277.833333333333,158.0,27.15,66.8,99.5166666666667,112.0,53.2,79.2,69.45,200.5,83.7677966101695,12.7060240963855,109.575,139.0,38.2961538461538,27.6964285714286,85.55,297.823529411765,331.25,338.503968253968,55.7666666666667,45.5,13.3272727272727,32.05,9.69,16.575,14.9,23.45,292.5,17.6,33.05,10.44375,32.05,9.46,10.05,16.347619047619,17.65,51.125,53.3222222222222,11.2673913043478,21.15,13.775,26.7444444444444,14.44375,11.8972972972973,11.0995,21.86375,20.3972222222222,352.625,61.6,4435.0,91.3428571428571,139.0,82.8,110.0,51.8,22.4030303030303,473.166666666667,278.0,11.05,147.928571428571,62.4,8.01823529411765,43.5883116883117,32.8825,78.4166666666667,58.3,62.3125,285.0,65.6333333333333,72.9,31.95,100.7,17.74,9.21066666666667,60.2111111111111,85.6,90.9,71.5,500.0,411.0,755.0,376.5,187.736263736264,120.25,210.5,264.125,34.97,140.0,138.857142857143,89.4,128.5,49.61,65.3,117.0,35.1
43.9,32.8909090909091,77.15,63.1,111.0,85.4461538461539,12.6,48.2857142857143,118.75,28.7166666666667,33.5166666666667,342.0,129.5,22.925,143.5,441.5,19.9375,45.4,27.7,41.8,146.25,31.7,16.8,25.95,23.45,58.3,364.625,433.5,30.95,44.8,32.95,21.8,28.4666666666667,271.0,252.5,363.5,36.9586956521739,17.5173076923077,108.5,,32.0554054054054,80.9608695652174,19.2,,969.434782608696,214.09756097561,43.6083333333333,18.9095238095238,80.5129032258065,46.25,21.4,25.15,72.1666666666667,23.65,278.0,158.0,27.1083333333333,66.7888888888889,99.5666666666667,111.5,53.225,79.2,69.45,200.5,83.7769230769231,12.7,109.55,139.0,38.2514925373134,27.65,85.5,297.708333333333,331.25,339.994140625,55.7666666666667,45.5,13.3378378378378,32.0875,9.6803125,16.55,14.8875,23.45,292.5,17.6375,33.05,10.45,32.05,9.4575,10.05,16.3166666666667,17.65,51.1166666666667,53.32,11.2545454545455,21.15,13.75,26.75,14.45,11.8947916666667,11.09,21.8590361445783,20.4,352.0,61.6,4440.0,91.3,138.5,82.86,110.25,51.8,22.4166666666667,473.0,278.071428571429,11.0875796178344,147.571428571429,62.4,8.02,43.55,32.8825,78.4,58.3,62.32,286.0,65.6,72.8,31.95,100.590909090909,17.7333333333333,9.22,60.2,85.6,90.9,71.5,500.0,411.0,755.0,376.5,187.75,120.5,210.5,264.125,34.9510416666667,140.0,138.857142857143,89.4,128.5,49.65,65.275,117.333333333333,35.1
43.9166666666667,32.8578947368421,77.1333333333333,63.1,110.5,85.45,12.6,48.3,118.6,28.7055555555556,33.55,341.625,129.5,22.95,143.5,443.4375,19.9488095238095,45.4,27.7,41.8,146.25,31.7,16.8,25.95,23.4444444444444,58.3,364.5,434.5,30.95,44.825,32.95,21.8,28.5,271.0,252.5,363.5,36.95,17.52,108.375,,32.1,80.9903225806452,19.2,,971.363636363636,214.116279069767,43.6395833333333,18.9007692307692,80.58,46.275,21.4,25.1875,72.15,23.65,278.0,158.0,27.1083333333333,66.8,99.53,112.0,53.25,79.2,69.45,200.5,83.8518518518518,12.705,109.970588235294,139.0,38.2179245283019,27.6928571428571,85.6,297.636363636364,331.4,341.22,55.8,45.5,13.3383333333333,32.0833333333333,9.67,16.6,14.8875,23.45,292.5,17.625,33.05,10.45,32.05,9.46,10.05,16.3166666666667,17.6,51.1444444444445,53.30625,11.2818181818182,21.15,13.75,26.7491071428571,14.4222222222222,11.89375,11.1,21.8674418604651,20.4,352.0,61.6,4440.0,91.3041666666667,138.5,82.9,110.5,51.85,22.4483333333333,473.75,278.375,11.0608695652174,147.75,62.3333333333333,8.03,43.55,32.8825,78.3,58.3,62.34,286.0,65.6,72.9,31.95,100.59375,17.73125,9.22,60.2,85.6,90.9,71.5,500.0,411.0,755.0,376.0,187.666666666667,120.428571428571,210.5,264.125,34.9875,140.0,138.5,89.4,128.5,49.65,65.3,117.0,35.1
43.9,32.8566666666667,77.1368421052632,63.1,111.0,85.425,12.6,48.3,118.833333333333,28.71,33.55,341.466666666667,129.5,22.95,143.5,443.0,19.95,45.35,27.7,41.8,146.25,31.75,16.8,25.9375,23.412,58.3,364.75,434.5,30.95,44.8416666666667,32.9,21.8,28.45,271.0,253.0,363.5,36.95,17.5416666666667,108.333333333333,,32.1,80.9969696969697,19.2,,971.173913043478,214.193548387097,43.6631578947368,18.8928571428571,80.5,46.2833333333333,21.4,25.2,72.2,23.65,278.0,158.0,27.145652173913,66.7,99.5833333333333,112.0,53.2238095238095,79.2,69.45,200.5,83.7863636363636,12.7084269662921,109.5,139.0,38.235,27.65,85.6,298.0,332.0,340.35,55.8142857142857,45.5,13.3307692307692,32.1,9.67285714285715,16.6,14.9,23.45,292.5,17.6333333333333,33.05,10.425,32.1,9.46,10.05,16.35,17.6416666666667,51.1,53.3058823529412,11.2944444444444,21.1279220779221,13.7826086956522,26.7295454545455,14.45,11.8948275862069,11.1,21.8582278481013,20.4,352.5,61.7,4440.0,91.24,139.0,82.9444444444444,110.0,51.8,22.4175675675676,473.0,278.5,11.0647058823529,147.134146341463,62.4,8.02,43.5115384615385,32.8825,78.3,58.3,62.3040404040404,286.0,65.6,72.9,31.95,100.5,17.7025641025641,9.22,60.2,85.6,90.9,71.6,500.0,411.0,755.0,376.5,187.875,120.0,210.5,264.125,34.975,140.0,138.5,89.4,128.5,49.65,65.19,117.0,35.1
43.9076923076923,32.8636363636364,77.1714285714286,63.1,110.928571428571,85.4842105263158,12.625,48.34,118.954545454545,28.7115384615385,33.55,341.0,129.0,22.9,144.0,443.0,19.9388888888889,45.35,27.7,41.8,146.25,31.75,16.8,25.9236842105263,23.45,58.35,365.149122807018,434.5,30.95,44.8,32.9,21.8,28.45,271.0,253.0,363.5,36.95,17.5206896551724,108.041666666667,,32.1,80.9938775510204,19.1954545454545,,971.413793103448,214.104166666667,43.65,18.8931818181818,80.55,46.3,21.4,25.1538461538462,72.19,23.6974358974359,278.0,158.0,27.15,66.7933333333333,99.5945945945946,112.0,53.2,79.2,69.45,200.5,83.8946428571429,12.7067567567568,109.722222222222,139.0,38.25,27.65,85.65,298.473684210526,332.0,342.539007092199,55.8,45.5,13.3421875,32.1,9.66533333333334,16.6,14.8923076923077,23.4550847457627,292.5,17.63,33.05,10.45,32.1,9.4575,10.0909090909091,16.35,17.6416666666667,51.14,53.3,11.294,21.1444444444444,13.7925287356322,26.7323529411765,14.45,11.8931034482759,11.0577114427861,21.8526315789474,20.4,352.25,61.7,4445.0,91.35,139.0,83.08,110.0,51.8,22.4357142857143,475.0625,278.5,11.0666666666667,147.235294117647,62.4,8.02125,43.5076923076923,32.8825,78.4,58.3,62.35,286.5,65.6,72.9,31.95,100.5,17.75,9.22,60.2125,85.7,90.9,71.6,500.0,411.0,756.0,376.5,188.0,120.4,210.5,264.125,34.95,140.0,138.5,89.4,128.5,49.65,65.19,117.5,35.1
43.9,32.8733333333333,77.2,63.1,110.75,85.4692307692308,12.6,48.3260869565217,118.53125,28.703125,33.5333333333333,341.0,129.125,22.92,144.0,443.0,19.9456896551724,45.4,27.7,41.8,146.25,31.7,16.8,25.95,23.4428571428571,58.4,365.592592592593,434.5,30.95,44.85,32.9,21.8,28.45,271.0,253.0,363.5,36.95,17.5290322580645,108.4,,32.1166666666667,81.0,19.2,,973.261904761905,214.022222222222,43.65,18.9,80.6,46.3,21.4,25.2215625,72.2,23.6990566037736,278.0,158.0,27.15,66.8333333333333,99.6928571428572,111.5,53.2625,79.2,69.45,200.5,83.7877192982456,12.7060975609756,109.552631578947,139.0,38.25,27.65,85.7,298.919117647059,332.0,343.267175572519,55.8,45.5,13.35,32.1,9.67,16.5833333333333,14.9,23.5,292.5,17.65,33.05,10.4,32.1,9.46,10.0909090909091,16.35,17.63,51.1,53.3,11.2803571428571,21.1466666666667,13.75,26.7452380952381,14.4357142857143,11.8939393939394,11.075,21.8712765957447,20.4,352.5,61.6,4445.0,91.4,139.076923076923,82.8,110.0,51.875,22.4357142857143,475.954545454545,278.5,11.05,147.833333333333,62.4,8.02,43.5083333333333,32.8825,78.3,58.3,62.302,286.0,65.6333333333333,72.9,31.95,100.5,17.7416666666667,9.22,60.2125,85.7142857142857,90.9285714285714,71.6,500.0,411.0,755.0,376.5,188.0,120.0,211.0,264.125,34.93,140.0,138.5,89.4,129.0,49.65,65.0,117.5,35.1
43.905,32.8972602739726,77.1846153846154,63.1,110.916666666667,85.5363636363637,12.6,48.3333333333333,119.0,28.734375,33.55,341.0,129.0,22.95,143.5,443.5,19.925,45.35,27.7,41.8,146.0,31.7,16.8,25.9233333333333,23.4428571428571,58.5333333333333,365.416666666667,434.5,30.95,44.8,32.9,21.8,28.45,271.0,253.0,363.5,36.95,17.5333333333333,108.365384615385,,32.103125,80.9786324786325,19.2,,971.454545454546,214.186274509804,43.6727272727273,18.9027027027027,80.5,46.3,21.35,25.2859154929577,72.2,23.7,278.0,158.0,27.15,66.9794117647059,99.7625,112.0,53.2938775510204,79.2,69.4,200.5,83.6631578947369,12.7123655913978,109.533333333333,139.0,38.3,27.7,85.7,299.0,332.5,344.581280788177,55.8,45.5,13.3383720930233,32.1,9.66893617021276,16.5833333333333,14.9,23.5,292.5,17.6333333333333,33.05,10.4,32.1,9.46,10.0909090909091,16.35,17.65,51.1375,53.3,11.2846153846154,21.1466666666667,13.7727272727273,26.7392857142857,14.4375,11.8947368421053,11.0914285714286,21.8685714285714,20.4,352.625,61.6,4450.0,91.4,139.076923076923,82.85,110.0,51.9,22.4142857142857,475.388888888889,278.65,11.05,147.5,62.4,8.02,43.55,32.8825,78.3,58.3,62.3037037037037,286.25,65.6,72.9,31.95,100.5625,17.7492307692308,9.2125,60.2125,85.7333333333333,90.9833333333333,71.6,500.0,411.055555555555,755.0,376.5,188.333333333333,120.25,211.25,264.125,34.95,140.0,138.5,89.4,129.0,49.6428571428571,65.1,117.0,35.075
43.9025862068966,33.0029702970297,77.2,63.0333333333333,110.520833333333,85.5181818181818,12.6026315789474,48.3142857142857,118.714285714286,28.7395833333333,33.55,341.0,129.0,22.952,143.5,443.5,19.9409090909091,45.353125,27.7,41.8428571428571,146.0,31.7,16.8,25.95,23.425,58.7,365.0,434.5,30.95,44.8125,32.9,21.8,28.5,271.0,253.0,363.5,36.98125,17.5395604395604,108.375,,32.1076923076923,80.9605263157895,19.197619047619,,973.244444444444,214.121212121212,43.65,18.9045454545455,80.575,46.3,21.375,25.3455089820359,72.3,23.7,277.625,158.0,27.1,67.1,99.7666666666667,112.0,53.2625,79.3,69.4,200.5,83.8373493975904,12.7151260504202,109.617647058824,139.0,38.344,27.69375,85.75,298.615384615385,332.5,344.571428571429,55.8,45.5,13.3522727272727,32.1,9.6925,16.5833333333333,14.9,23.5,292.5,17.6333333333333,33.05,10.45,32.1,9.45846153846154,10.0909090909091,16.35,17.6384615384615,51.12,53.3121212121212,11.2666666666667,21.1307692307692,13.75,26.7492063492064,14.45,11.8991525423729,11.1,21.89,20.4,352.833333333333,61.6625,4465.0,91.4285714285714,139.076923076923,83.0,110.0,51.9,22.4423076923077,476.661290322581,279.166666666667,11.05,147.0,62.4,8.02,43.55,32.8666666666667,78.3,58.3,62.4,286.25,65.6,72.9,31.95,100.566666666667,17.7416666666667,9.2125,60.10625,85.7,91.0081081081081,71.6,500.0,411.055555555555,751.0,376.5,188.388888888889,120.333333333333,211.25,264.125,34.9444444444444,140.0,138.5,89.4,129.0,49.65,65.1333333333333,117.0,35.075
43.9,33.0870078740158,77.2,63.0333333333333,110.928571428571,85.5125,12.60625,48.3142857142857,118.611111111111,28.7105263157895,33.55,341.0,129.0,22.95,143.75,443.0,19.949427480916,45.4,27.75,41.8464285714286,146.0,31.7,16.8,25.95,23.41875,58.5333333333333,365.375,433.0,30.95,44.8,32.85,21.8,28.5,271.0,253.0,363.5,36.95,17.5274509803922,108.5,,32.1178571428571,80.9629629629629,19.1977272727273,,974.852941176471,214.15671641791,43.7113636363636,18.95,80.5571428571428,46.3,21.375,25.315625,72.2888888888889,23.7454545454545,278.0,158.0,27.1357142857143,67.0974358974359,99.7846153846154,112.0,53.2944444444445,79.3,69.4,200.5,83.7985507246377,12.744976076555,109.5,139.0,38.35,27.65,85.8,298.8125,332.5,345.642201834862,55.8,45.5,13.3736842105263,32.1,9.69,16.5833333333333,14.8666666666667,23.5,292.5,17.65,33.05,10.45,32.0833333333333,9.46,10.05,16.35,17.6028301886792,51.15,53.3027027027027,11.285,21.1409952606635,13.7625,26.75,14.45,11.8925,11.075,21.854347826087,20.3945205479452,353.25,61.7,4475.0,91.6,139.076923076923,82.9666666666667,110.0,52.0,22.4270833333333,477.333333333333,280.279411764706,11.0656862745098,147.666666666667,62.4,8.02,43.575,32.9,78.325,58.3,62.3333333333333,286.5,65.6,72.9,32.0,100.555555555556,17.7028571428571,9.21333333333333,60.16,85.7,91.0454545454546,71.6,500.0,411.0,751.0,376.5,188.0,120.25,211.25,264.125,34.9416666666667,140.25,138.5,89.4,129.0,49.7,65.1,117.0,35.1
43.9181818181818,33.0166666666667,77.1857142857143,63.1,110.9,85.495,12.62,48.35,118.537037037037,28.7567567567568,33.55,341.0,129.019230769231,22.99,143.96,443.25,19.9493975903614,45.3666666666667,27.7625,41.9,146.0,31.75,16.85,25.95,23.4375,58.58,365.788461538462,435.0,31.0,44.85,32.875,21.8166666666667,28.5,270.9,253.0,363.5,36.95,17.5272727272727,108.3,,32.20796812749,81.0,19.2208333333333,,976.825242718447,214.50184501845,43.8064705882353,18.95,80.6390909090909,46.4067796610169,21.4,25.3627777777778,72.3357142857143,23.7166666666667,278.0,158.0,27.1986111111111,67.1958333333333,99.8108108108108,111.625,53.2990740740741,79.3,69.4,200.5,83.8686956521739,12.7508196721311,109.676470588235,139.035714285714,38.35,27.65,85.7428571428571,298.571428571429,333.418181818182,345.30701754386,55.775,45.55,13.34,32.15,9.7,16.595,14.9,23.5,292.5,17.65,33.05,10.45,32.0576923076923,9.45888888888889,10.05,16.35,17.6,51.1,53.3010204081633,11.2534482758621,21.15,13.7566666666667,26.726,14.4277777777778,11.8923076923077,11.097619047619,21.862893081761,20.3955882352941,353.5,61.7,4475.0,91.7,139.0,83.0,110.166666666667,52.0957446808511,22.4478260869565,477.152173913043,280.727272727273,11.0611111111111,147.45652173913,62.4,8.02,43.575,32.9,78.325,58.3,62.3333333333333,286.833333333333,65.7,72.9,31.9833333333333,100.615384615385,17.75,9.21959183673469,60.1666666666667,85.7,91.0,71.6,500.0,411.2,754.0,376.5,188.125,120.5,211.25,264.125,34.9409090909091,140.125,138.25,89.4,129.0,49.7,65.1,117.0,35.0969696969697
43.943837535014,33.0027777777778,77.15,63.1,110.928571428571,85.55,12.6,48.35,118.92,28.7558823529412,33.55,341.5,129.0,22.9666666666667,144.0,445.15,19.971875,45.35,27.7625,41.875,146.0,31.75,16.85,25.9888888888889,23.4078947368421,58.55,366.380952380952,435.0,30.9583333333333,44.825,32.875,21.8166666666667,28.5,270.9,253.0,363.5,36.95,17.5142857142857,108.25,,32.2523809523809,80.9966101694915,19.25,,976.896551724138,214.7,43.8,18.9235294117647,80.7779874213836,46.4954545454545,21.4,25.3716216216216,72.3357142857143,23.7373134328358,277.75,158.0,27.2166666666667,67.356,99.8857142857143,111.625,53.3666666666667,79.4535714285714,69.4,200.5,84.0076124567474,12.7880952380952,109.5,139.428571428571,38.35,27.6625,85.7428571428571,298.575,334.823529411765,346.038043478261,55.8,45.525,13.3676470588235,32.15,9.69411764705882,16.595,14.8944444444444,23.5,292.5,17.6333333333333,33.05,10.4441176470588,32.1,9.45363636363636,10.05,16.35,17.6,51.1,53.2815476190476,11.2944444444444,21.1477272727273,13.75,26.7428571428571,14.45,11.8961538461538,11.1,21.8822727272727,20.388,352.5,61.7,4475.0,91.7375,139.0,83.1571428571429,110.071428571429,52.3219512195122,22.4346153846154,477.1,281.0,11.05,147.5,62.38,8.0275,43.6,32.9,78.3,58.4,62.3571428571428,287.666666666667,65.78,72.9,31.9833333333333,100.6,17.75,9.21522727272727,60.2,85.725,91.0833333333333,71.6,500.0,411.5,754.0,376.5,188.375,120.25,211.25,264.5,34.95,140.0,138.75,89.4,129.0,49.7,65.175,117.0,35.1
43.9336538461539,33.0,77.16,63.1,110.75,85.5,12.6,48.35,118.538461538462,28.775,33.55,341.5,129.0,22.9666666666667,144.0,445.9375,19.95,45.35,27.7625,41.85,146.0,31.75,16.85,25.96,23.4026315789474,58.6,366.326923076923,435.0,30.9583333333333,44.825,32.875,21.8,28.5,270.9,253.0,363.5,36.965,17.5368852459016,108.25,,32.2611111111111,81.0,19.25,,978.222222222222,214.955555555556,43.8142857142857,18.925,80.9533333333333,46.4722222222222,21.4,25.3570652173913,72.3,23.7416666666667,278.0,158.0,27.1964285714286,67.5308823529412,99.8363636363636,112.0,53.34,79.9413793103448,69.4,200.5,84.3035714285714,12.7789473684211,109.541666666667,139.5,38.4,27.65,85.7428571428571,298.3125,334.5,346.307692307692,55.9,45.5428571428571,13.3545454545455,32.15,9.7,16.595,14.9,23.5,292.5,17.65,33.05,10.45,32.1,9.45966666666667,10.05,16.35,17.6333333333333,51.0985185185185,53.2291666666667,11.2818181818182,21.1485294117647,13.7857142857143,26.7461538461538,14.4488372093023,11.8941666666667,11.1,21.8873015873016,20.3931818181818,353.375,61.7,4470.0,91.7473684210526,139.0,83.2888888888889,110.071428571429,52.5875,22.4416666666667,476.730769230769,280.9375,11.0537313432836,147.5,62.3027027027027,8.029375,43.6,32.9,78.3,58.4,62.2863157894737,287.95,65.8125,72.95,31.9833333333333,100.529411764706,17.7416666666667,9.22025316455696,60.2,85.7,91.0583333333333,71.6,500.0,411.833333333333,754.0,376.5,188.4375,120.25,211.25,264.5,34.9357142857143,140.0,139.0,89.4,128.8,49.65,65.1,117.333333333333,35.1
43.9214285714286,33.0,77.2,63.05,110.857142857143,85.4583333333333,12.6,48.35,118.631578947368,28.75,33.55,341.5,129.0,22.9666666666667,144.0,444.428571428571,19.95,45.35,27.7625,41.9,146.0,31.75,16.85,25.95,23.45,58.6,366.0,434.0,30.9583333333333,44.85,32.875,21.85,28.5,270.9,253.0,363.5,36.95,17.5492337164751,108.4,,32.2357142857143,81.0,19.2,,980.538461538462,214.637254901961,43.8238095238095,18.9272727272727,80.9,46.44296875,21.4333333333333,25.3214285714286,72.3,23.7470588235294,277.75,158.0,27.1916666666667,67.5722222222222,99.7860465116279,112.0,53.3333333333333,79.55,69.4,200.5,84.3604651162791,12.7611111111111,109.666666666667,139.5,38.3941176470588,27.6666666666667,85.7428571428571,298.125,334.5,347.572784810127,55.8,45.55,13.3651515151515,32.15,9.68066666666666,16.595,14.9,23.5,292.5,17.6842857142857,33.05,10.45,32.1,9.46,10.05,16.35,17.625,51.1,53.2047619047619,11.2657894736842,21.15,13.772,26.7277777777778,14.4471014492754,11.8934782608696,11.1,21.8919786096257,20.4,353.5,61.7,4470.0,91.7642857142857,139.0,83.3,110.0,52.6533333333333,22.4291666666667,476.388888888889,280.888888888889,11.0869565217391,147.55,62.3,8.02916666666667,43.5833333333333,32.9,78.3,58.5,62.3,287.666666666667,65.85,72.9,31.9833333333333,100.5,17.75,9.2290625,60.3,85.7222222222222,91.1,71.55,500.0,411.9375,753.0,376.5,188.470588235294,120.0,211.25,264.5,34.9333333333333,140.0,139.0,89.4,128.8,49.7,65.1333333333333,117.333333333333,35.1
43.91,33.01,77.2,63.05,110.625,85.5,12.64375,48.35,118.769230769231,28.7960317460317,33.5333333333333,341.5,128.5,22.9666666666667,144.0,444.428571428571,19.9179487179487,45.3538461538462,27.8,41.9,146.0,31.7,16.8,25.95,23.4375,58.6,366.403846153846,434.5,30.95,44.8083333333333,32.875,21.85,28.5,270.9,253.0,363.5,36.95,17.5327586206897,108.375,,32.2561224489796,81.1,19.2125,,978.325581395349,214.822916666667,43.8196428571428,18.9263157894737,80.8857142857143,46.3,21.45,25.3557692307692,72.3923076923077,23.75,278.0,158.0,27.2,67.5032786885246,99.6866666666667,111.5,53.3,79.825,69.4,200.5,84.4384615384615,12.7666666666667,109.555555555556,139.5,38.4,27.6833333333333,86.0,298.1,334.333333333333,346.904494382022,55.8,45.54,13.3672727272727,32.15,9.68,16.595,14.85,23.5,292.5,17.6518867924528,33.05,10.45,32.1,9.47,10.05,16.35,17.6,51.0965517241379,53.252,11.275,21.1385638297872,13.75,26.75,14.45,11.8794871794872,11.1,21.8994082840237,20.4011235955056,353.0,61.7,4475.0,91.6714285714286,139.0,83.2,110.0,52.475,22.45,476.5,280.833333333333,11.0615740740741,147.9,62.3,8.02727272727273,43.5875,32.9,78.3,58.5379310344827,62.3090909090909,287.666666666667,65.8,72.9,31.9833333333333,100.527777777778,17.748275862069,9.22722222222222,60.2333333333333,85.7333333333333,91.0,71.6,500.0,411.9375,753.0,376.5,188.75,120.2,211.25,264.5,34.95,140.0,139.0,89.4,128.8,49.7,65.18,117.333333333333,35.0954545454545
43.9,33.0111111111111,77.125,63.05,110.666666666667,85.4842105263158,12.6277777777778,48.3,118.888888888889,28.8016949152542,33.55,341.5,128.5,23.0,144.0,443.5,19.9494680851064,45.325,27.8,41.85,146.0,31.7,16.85,25.95,23.4166666666667,58.7,365.617647058823,434.5,30.95,44.8,32.875,21.85,28.5,270.9,253.0,363.5,36.95,17.53,108.166666666667,,32.2137931034483,81.0703703703704,19.2166666666667,,979.0,214.811764705882,43.81875,18.9470588235294,80.8,46.3,21.45,25.35,72.3923076923077,23.7451612903226,278.0,158.0,27.2,67.4,99.6,112.0,53.34,79.875,69.4,200.5,84.4911764705882,12.75,109.5,140.0,38.4211538461538,27.65,85.9,298.04,334.0,345.95652173913,55.85,45.55,13.3578947368421,32.15,9.69,16.595,14.9,23.5,292.5,17.6530303030303,33.05,10.45,32.1,9.47351170568562,10.075,16.35,17.6,51.1,53.2130434782609,11.2925,21.15,13.7575757575758,26.75,14.45,11.8975609756098,11.0944444444444,21.8888535031847,20.4006944444444,352.9,61.6666666666667,4475.0,91.575,139.5,83.225,110.0,52.375,22.444,476.583333333333,280.4,11.05,147.807692307692,62.225,8.02,43.6,32.9,78.3,58.6,62.3823529411765,287.3,65.8,72.9,31.9833333333333,100.615384615385,17.74375,9.23,60.2333333333333,85.7,90.9,71.6,500.0,412.166666666667,753.0,376.5,189.0,120.166666666667,211.25,264.5,34.9333333333333,140.0,139.0,89.4,128.8,49.7,65.25,117.4375,35.1
43.9,33.015,77.1866666666667,63.1,110.916666666667,85.4952380952381,12.6,48.3,119.0,28.81,33.55,341.5,129.0,22.95,144.0,442.5,19.9333333333333,45.325,27.8,41.9,146.0,31.7,16.85,25.9642857142857,23.42,58.7,366.0,434.5,30.95,44.81,32.875,21.85,28.5136363636364,270.9,253.0,363.5,37.0,17.5416666666667,108.5,,32.2147058823529,81.0977777777778,19.2117647058824,,981.90243902439,214.696721311475,43.83828125,18.9112068965517,80.7,46.3,21.45,25.35,72.4,23.7,278.0,158.0,27.2,67.41,99.6466666666667,112.0,53.2980582524272,79.96,69.4,200.5,84.4238095238096,12.75,109.714285714286,139.9,38.4,27.6928571428571,85.9,297.8,334.0,346.763157894737,55.9,45.5333333333333,13.3595238095238,32.15,9.68,16.55,14.9,23.5,292.5,17.65,33.05,10.4,32.0518691588785,9.47875,10.05,16.35,17.6,51.0958333333333,53.2,11.2608695652174,21.15,13.75,26.75,14.4390625,11.8986111111111,11.1,21.8621212121212,20.4357142857143,353.0,61.6666666666667,4475.0,91.5428571428571,139.5,83.1666666666667,110.0,52.2833333333333,22.4493220338983,476.5,280.285714285714,11.0642857142857,147.666666666667,62.3,8.0235,43.58,32.9,78.3,58.7105263157895,62.3625,287.0,65.8,72.9,32.0,100.863636363636,17.7480769230769,9.23,60.2,85.72,90.9,71.6,500.0,412.5,753.5,376.5,188.857142857143,120.4,211.25,264.5,34.9115384615385,140.0,139.0,89.4,128.8,49.65,65.25,117.4375,35.1
43.91,33.034375,77.2,63.1,110.75,85.5235294117647,12.6,48.3357142857143,118.705882352941,28.8052631578947,33.5333333333333,341.5,129.0,22.95,144.0,442.5,19.9478723404255,45.325,27.8,41.89,146.0,31.7,16.85,25.9666666666667,23.4233333333333,58.7,365.875,434.5,30.95,44.8,32.875,21.85,28.55,270.9,253.0,363.75,36.95,17.5150273224044,108.205882352941,,32.2172413793103,81.1294117647059,19.2083333333333,,986.084210526316,214.825301204819,43.8261904761905,18.95,80.725,46.3,21.45,25.3325,72.3,23.71,278.0,158.0,27.2,67.4466666666667,99.6,111.75,53.3,79.8,69.5,200.5,84.5406976744186,12.7544117647059,109.566666666667,139.5,38.4014705882353,27.6916666666667,85.9,297.857142857143,334.0,347.22641509434,55.8,45.6,13.4,32.15,9.69666666666666,16.55,14.8916666666667,23.453125,292.5,17.65,33.05,10.4,32.075,9.48,10.05,16.35,17.6,51.1153846153846,53.2,11.263698630137,21.15,13.7666666666667,26.75,14.4416666666667,11.9,11.1,21.8848837209302,20.425,352.5,61.6666666666667,4475.0,91.6533333333333,139.5,83.1333333333333,110.0,52.2,22.4968421052632,476.0,280.5,11.079,148.0,62.3,8.03,43.5502252252252,32.9,78.25,59.0,62.3904761904762,287.0,65.8,72.9,31.9833333333333,100.642857142857,17.75,9.23842105263158,60.26,85.7,90.9666666666666,71.6,500.0,413.0,753.0,376.5,188.833333333333,120.25,211.25,265.0,34.9142857142857,140.333333333333,139.0,89.4,128.8,49.7,65.2857142857143,117.0,35.1
43.9,33.0,77.2,63.0666666666667,110.8125,85.55,12.6,48.3,118.75,28.7642857142857,33.55,341.5,128.875,23.0,144.0,442.666666666667,19.95,45.355,27.8,41.89,146.0,31.75,16.85,25.984375,23.4408536585366,58.7,365.833333333333,434.5,30.95,44.80625,32.875,21.85,28.6,270.9,253.0,363.75,37.0,17.52,108.125,,32.2785185185185,81.2233962264151,19.2469827586207,,993.75,214.774193548387,43.8469387755102,18.9453947368421,80.84375,46.3,21.45,25.3472222222222,72.35,23.7486842105263,278.0,158.0,27.15625,67.4,99.6,111.75,53.2933333333333,79.8,69.5,200.5,84.6,12.7850993377483,109.5,139.5,38.3955882352941,27.698,85.9,297.636363636364,334.0,348.791666666667,55.9,45.6,13.3581632653061,32.15,9.69952380952381,16.55,14.9,23.5,292.5,17.65,33.05,10.4,32.05625,9.48016949152543,10.05,16.35,17.6,51.1,53.2,11.265,21.15,13.75,26.7392156862745,14.4111111111111,11.884,11.1,21.8948275862069,20.4032,352.285714285714,61.7,4475.0,91.7592592592592,139.510204081633,83.1148148148148,110.0,52.2,22.4944444444444,477.21875,280.964285714286,11.0714285714286,147.75,62.25,8.02076923076923,43.5166666666667,32.9205882352941,78.3,59.32,62.4142857142857,287.0,65.85,73.04,32.0,100.964285714286,17.75,9.23906542056075,60.3,85.7777777777778,90.9,71.6,500.0,413.333333333333,753.0,376.0,189.0,120.375,211.25,265.0,34.9166666666667,140.0,139.0,89.4,128.666666666667,49.7,65.3,117.0,35.1
43.9178571428571,33.0120967741936,77.1833333333333,63.0,110.833333333333,85.505,12.6,48.3,118.571428571429,28.75,33.55,342.409836065574,129.0,23.0,144.0,442.75,19.95,45.4,27.8,41.85,146.0,31.75,16.8,25.9541666666667,23.4153846153846,58.7,365.53125,434.5,30.95,44.8,32.9,21.8,28.55,270.9,253.0,363.75,37.0,17.5065384615385,108.333333333333,,32.2988888888889,81.2904347826087,19.23125,,998.348484848485,214.858585858586,43.8900793650794,18.9282051282051,80.84,46.375,21.45,25.3205882352941,72.4384615384615,23.75,278.0,158.0,27.15,67.4,99.6,111.75,53.2727272727273,79.78,69.5,200.5,84.68125,12.759375,109.684210526316,139.875,38.4,27.6928571428571,85.9833333333333,297.785714285714,334.0,350.26,55.9,45.55,13.3666666666667,32.15,9.68787234042553,16.5928571428571,14.875,23.4526315789474,292.5,17.625,33.0941176470588,10.4125,32.05,9.48,10.05,16.35,17.6,51.1055555555556,53.2803571428571,11.2794117647059,21.15,13.7777777777778,26.75,14.45,11.87625,11.075,21.8632075471698,20.4,351.666666666667,61.7,4480.0,91.9648648648649,139.510204081633,83.1090909090909,110.0,52.2,22.4676470588235,478.181818181818,281.357142857143,11.0877659574468,147.666666666667,62.3020833333333,8.02,43.5,32.95,78.3,59.2,62.4,287.5,65.89,73.1818181818182,31.99,101.063583815029,17.7186046511628,9.24,60.3,85.7125,90.9,71.6,500.0,412.5,753.0,375.5,189.012195121951,120.0,211.0,265.0,34.9357142857143,140.0,139.0,89.4,128.666666666667,49.6833333333333,65.3,117.0,35.1
43.905,33.0,77.1888888888889,63.0,110.875,85.46,12.6,48.325,118.613636363636,28.76875,33.55,344.0,129.0,23.0,144.0,442.5,19.9528871391076,45.4,27.85,41.85,146.0,31.75,16.8,25.9692307692308,23.4176470588235,58.7,365.444444444445,434.5,30.95,44.8125,32.9,21.8,28.55,271.0,253.0,364.875,37.0,17.5223684210526,108.166666666667,,32.2666666666667,81.3208860759494,19.21,,994.611940298507,214.875,43.92421875,18.9073529411765,80.9577777777778,46.375,21.4,25.3474358974359,72.5,23.7633333333333,278.0,158.0,27.15,67.44,99.6086956521739,112.0,53.2882352941176,79.78,69.5333333333333,200.833333333333,84.6952941176471,12.75,109.5,140.0,38.4,27.6977272727273,85.9833333333333,297.5,334.0,351.378531073446,55.9461538461538,45.55,13.3615384615385,32.15,9.70833333333333,16.5928571428571,14.9,23.5,292.5,17.65,33.0941176470588,10.4,32.05,9.4825,10.1,16.35,17.6013157894737,51.16,53.2958525345622,11.265,21.15,13.775,26.7421052631579,14.4487179487179,11.8878787878788,11.0961538461538,21.8795180722892,20.4,350.354838709677,61.6666666666667,4480.0,92.065,139.5,83.1,110.0,52.2,22.4599236641221,479.0,281.5,11.0682926829268,147.5,62.4272727272727,8.03,43.5473684210526,32.95,78.25,59.1333333333333,62.4153846153846,287.5,65.9,73.1818181818182,31.9928571428571,101.25,17.74375,9.24875,60.2,85.7,90.9785714285714,71.6,500.0,411.8,752.0,376.0,189.0,120.25,211.0,265.0,34.9428571428571,140.0,139.0,89.3,128.666666666667,49.6958333333333,65.3,117.0,35.096
43.9357142857143,33.0,77.2,63.1,110.9,85.4727272727273,12.6040540540541,48.325,118.9,28.7558823529412,33.5115384615385,344.0,129.0,23.0,143.5,442.5,19.954347826087,45.4,27.85,41.8965517241379,146.0,31.75,16.8,25.9954545454545,23.4142857142857,58.65,365.022727272727,434.5,30.95,44.8,32.9,21.8,28.55,271.0,253.0,365.5,37.0,17.55,108.375,,32.295652173913,81.3816513761468,19.2139380530973,,997.285714285714,214.637254901961,43.9241071428572,18.9166666666667,80.9857142857143,46.4,21.45,25.3222222222222,72.4944444444445,23.7894230769231,278.0,158.0,27.15,67.5,99.5182692307692,111.5,53.2972222222222,79.7,69.6,200.833333333333,84.65,12.7776785714286,109.5,140.0,38.35,27.7,86.125,297.607142857143,334.0,352.050505050505,56.0,45.55,13.37,32.15,9.69869565217391,16.5928571428571,14.8666666666667,23.5,293.0,17.6076923076923,33.05,10.4,32.06,9.48,10.05,16.35,17.5833333333333,51.15,53.2929203539823,11.2833333333333,21.1553191489362,13.793125,26.7448275862069,14.4464285714286,11.8955357142857,11.075,21.8977722772277,20.3967741935484,348.368421052632,61.7,4480.0,92.0,139.5,83.05,110.0,52.35,22.471875,478.227272727273,281.454545454545,11.0583333333333,148.0,62.41,8.022,43.55,32.95,78.25,58.9,62.4846153846154,287.5,65.9,73.3,31.975,101.1,17.74,9.25016393442623,60.2,85.7333333333333,90.9571428571429,71.6,500.0,411.8,752.0,376.0,189.0,120.0,211.0,265.0,34.9125,140.5,139.0,89.3,128.666666666667,49.7,65.4,117.0,35.1
43.9184210526316,33.03,77.18,63.0,110.75,85.4764705882353,12.647619047619,48.325,118.785714285714,28.75,33.525,342.666666666667,128.944444444444,23.0,143.555555555556,442.5,19.9607142857143,45.4,27.85,41.85,146.0,31.725,16.8,25.9625,23.40625,58.7,365.0,434.5,30.95,44.8166666666667,32.9,21.8,28.5333333333333,271.0,253.0,365.5,37.0,17.5495614035088,108.375,,32.2992537313433,81.3559322033898,19.25,,996.583333333333,214.738095238095,43.9192307692308,18.9483333333333,80.88,46.4,21.4083333333333,25.3127659574468,72.6,23.7486111111111,278.0,158.5,27.1,67.5,99.3821428571429,112.0,53.225,79.8428571428572,69.5,201.0,84.6341463414634,12.78,109.714285714286,140.0,38.3789473684211,27.6961538461539,86.125,297.95,334.0,351.098360655738,55.925,45.5,13.3528846153846,32.15,9.69769230769231,16.5928571428571,14.8569444444444,23.45625,293.0,17.6076923076923,33.05,10.4,32.07,9.48,10.1,16.35,17.5986111111111,51.1333333333333,53.2868421052632,11.2589108910891,21.2,13.7647058823529,26.734375,14.4428571428571,11.8935483870968,11.1,21.8774193548387,20.4294117647059,349.0,61.7,4480.0,91.93,139.5,83.0615384615385,110.066666666667,52.5,22.4633333333333,477.090909090909,282.737804878049,11.0805084745763,147.5625,62.4375,8.02,43.55,32.95,78.25,58.775,62.4375,287.2,66.0052631578948,73.3,31.975,101.142857142857,17.7227272727273,9.26,60.2,85.7,90.8875,71.6,500.0,412.0,752.0,376.0,189.0,120.333333333333,211.0,264.75,34.93,140.0,138.875,89.3,128.625,49.7,65.3666666666667,117.0,35.0957142857143
43.9,33.0078947368421,77.1777777777778,63.0,110.833333333333,85.4666666666667,12.6125,48.325,118.8,28.7583333333333,33.4944444444444,342.666666666667,128.944444444444,23.0166666666667,143.5,442.5,20.0019366197183,45.39,27.85,41.95,146.0,31.7,16.85,25.95,23.4,58.7,365.0,434.5,30.95,44.8363636363636,32.9,21.8,28.56875,270.75,253.0,365.5,36.9977272727273,17.5259259259259,108.166666666667,,32.3,81.3060606060606,19.25,,996.461538461538,214.706349206349,43.897619047619,18.9323529411765,80.875,46.4,21.4083333333333,25.34,72.6,23.7615384615385,277.958333333333,159.0,27.1,67.5647058823529,99.2265625,112.142857142857,53.2142857142857,79.9,69.5,200.5,84.8077586206896,12.775,109.5,140.0,38.4,27.7,86.125,297.990384615385,334.0,351.783333333333,55.9,45.5,13.3576923076923,32.15,9.67732558139535,16.5928571428571,14.875,23.475,293.0,17.6076923076923,33.0980519480519,10.45,32.0451612903226,9.4715037593985,10.05,16.4,17.6,51.0926470588235,53.275,11.26,21.175,13.75,26.7305555555556,14.45,11.9,11.0833333333333,21.8696629213483,20.4088235294118,348.333333333333,61.6,4480.0,91.8411764705882,139.5,83.0272727272727,110.25,52.5714285714286,22.4529411764706,477.0,282.5,11.0722222222222,147.333333333333,62.4,8.02238095238095,43.5403846153846,32.95,78.3,58.625,62.5,287.0,65.9,73.3,31.975,101.166666666667,17.7461538461538,9.26972972972973,60.2,85.7,90.9,71.6,501.833333333333,412.0,752.0,376.0,189.375,120.0,211.0,264.5,34.9388888888889,140.0,139.0,89.3,128.625,49.65,65.4,117.0,35.1
43.9016339869281,33.0,77.15,63.05,110.857142857143,85.4615384615385,12.64,48.25,118.846153846154,28.7611111111111,33.5076923076923,342.166666666667,128.5,23.0166666666667,143.75,444.0,20.0,45.35625,27.85,41.85,146.0,31.7,16.8416666666667,25.95,23.4428571428571,58.6,365.125,434.5,30.95,44.8125,32.9,21.8,28.575,270.5,253.0,365.5,37.0,17.5316666666667,108.25,,32.3015957446809,81.274025974026,19.25,,1000.80833333333,214.594594594595,43.8804347826087,18.9481481481481,80.8272727272727,46.4,21.4,25.3,72.5666666666667,23.75,277.9,158.625,27.1,67.6,99.1146341463415,112.5,53.2769230769231,79.9,69.5,200.5,84.8909090909091,12.7647058823529,109.566666666667,140.0,38.4389830508475,27.65,86.125,297.85,333.833333333333,353.581081081081,55.9,45.55,13.3830708661417,32.15,9.68111111111111,16.6,14.875,23.5,293.0,17.6357142857143,33.0980519480519,10.4487804878049,32.0,9.47,10.05,16.4,17.5767857142857,51.0142857142857,53.25,11.2538461538462,21.2,13.7642857142857,26.7357142857143,14.4466666666667,11.9,11.1,21.8725,20.434375,348.25,61.6,4470.0,91.7571428571429,139.5,83.0272727272727,110.0,52.68,22.4857142857143,477.0,282.136363636364,11.0647727272727,147.5,62.4857142857143,8.028,43.55,32.95,78.2333333333333,58.625,62.5,287.5,65.9,73.3,31.975,101.24,17.705,9.27529411764706,60.25,85.775,90.9,71.6,501.833333333333,412.0,752.0,376.0,189.0,120.25,211.0,264.5,34.9,140.0,139.0,89.3,128.5,49.6666666666667,65.44,117.0,35.1
43.8891666666667,33.0,77.2,63.0,110.7,85.4375,12.6361111111111,48.25,118.666666666667,28.7583333333333,33.5083333333333,342.166666666667,129.0,23.0166666666667,143.5,442.6,20.0,45.4,27.9,41.85,146.0,31.7,16.8,25.9598039215686,23.428947368421,58.6,365.53125,434.5,30.95,44.82,32.9,21.8,28.555,270.5,253.0,365.5,37.0,17.5333333333333,108.5,,32.2948717948718,81.3,19.25,,1007.12264150943,214.801724137931,43.85,18.9115384615385,80.8416666666667,46.4,21.4,25.3083333333333,72.6,23.7470588235294,278.0,159.0,27.1,67.5051282051282,99.0615384615384,112.5,53.2833333333333,79.9666666666667,69.5,200.5,84.9533333333333,12.7609375,109.71875,140.0,38.45,27.65,86.125,297.75,333.833333333333,354.727810650888,55.8,45.55,13.3586206896552,32.15,9.69,16.6,14.9,23.5,293.0,17.6,33.1,10.45,32.0,9.4775,10.05,16.4,17.55,51.0,53.2142857142857,11.26,21.1898148148148,13.7790322580645,26.74,14.45,11.9,11.1,21.8723214285714,20.4227272727273,348.333333333333,61.6,4470.0,91.7230769230769,139.5,83.0,110.0,52.7,22.48125,476.0,282.566666666667,11.05625,146.808823529412,62.5,8.02,43.55,32.95,78.25,58.8,62.475,287.0,65.9,73.2,31.975,101.0,17.7428571428571,9.28098360655737,60.30625,85.7,90.9,71.6,509.0,412.5,752.0,376.0,189.1,120.25,211.0,264.5,34.9108695652174,140.0,139.0,89.3,128.5,49.6833333333333,65.5615384615385,117.0,34.9935919055649
43.85,33.0,77.2,63.1,110.75,85.4272727272727,12.65,48.3,118.888888888889,28.7520833333333,33.5,342.5,129.0,23.0,143.5,442.5,20.0,45.4,27.9,41.85,146.0,31.7,16.8,25.9515151515151,23.4,58.65,366.26,434.5,30.95,44.85,32.9,21.85,28.55,270.5,253.0,366.45,37.0,17.5154545454545,108.25,,32.3176470588235,81.3,19.25,,1003.66071428571,214.731481481482,43.85,18.9037037037037,80.8,46.35,21.3978260869565,25.3413043478261,72.5,23.725,278.0,159.0,27.1,67.5764705882353,99.0,112.5,53.2,80.1666666666667,69.5,200.5,85.0102803738318,12.75,109.583333333333,140.0,38.4616279069767,27.7252631578947,86.125,298.0,333.833333333333,355.311594202899,55.8,45.55,13.351724137931,32.1,9.68971428571428,16.6,14.9,23.5,293.0,17.6,33.1,10.45,32.0,9.48,10.05,16.4,17.55,51.0,53.2923076923077,11.2518181818182,21.175,13.7789473684211,26.7307692307692,14.45,11.8986842105263,11.1,21.8776595744681,20.41,349.0,61.6,4470.0,91.7,139.5,83.0333333333333,110.0,52.625,22.4944444444444,476.0,282.909090909091,11.0533333333333,146.75,62.5090909090909,8.02954545454545,43.55,32.95,78.25,58.8,62.5,287.0,65.9,73.1857142857143,31.975,101.0,17.7125,9.28,60.4,85.7111111111111,90.9,71.6,510.0,412.25,750.0,376.0,189.0,120.375,211.0,264.5,34.9016129032258,140.0,139.0,89.3,128.5,49.6666666666667,65.6,117.0,34.9447368421053
43.865,33.0,77.2,63.1,110.958333333333,85.4538461538462,12.6083333333333,48.3461538461539,118.785714285714,28.7619047619048,33.4514705882353,342.5,129.0,23.05,143.5,442.5,19.9861111111111,45.4,27.85,41.8833333333333,146.0,31.7,16.8,25.9538461538462,23.4285714285714,58.7,366.961538461538,433.25,30.95,44.8166666666667,32.9,21.8010638297872,28.55,270.5,253.0,367.5,36.9793103448276,17.5310810810811,108.35,,32.3166666666667,81.2958333333333,19.2083333333333,,1004.90566037736,214.680327868852,43.8378048780488,18.9471590909091,80.82,46.4,21.375,25.3035714285714,72.5571428571429,23.7020833333333,278.0,158.5,27.1,67.5909090909091,99.0,112.5,53.2909090909091,80.305,69.5,200.5,84.9111111111111,12.7636363636364,109.678571428571,140.0,38.4959349593496,27.7013513513514,86.125,298.321428571429,333.5,355.813559322034,55.825,45.525,13.3353658536585,32.1,9.69,16.6,14.89,23.5,293.0,17.6,33.1,10.425,32.00625,9.47093023255814,10.1,16.4,17.55,51.0,53.2871794871795,11.2901515151515,21.1973684210526,13.75,26.7375,14.4416666666667,11.8756198347107,11.0954545454545,21.8758928571429,20.4055555555556,348.0,61.6,4480.0,91.6555555555556,139.0,83.1,110.0,52.5,22.4933333333333,475.555555555555,283.42,11.0634146341463,147.078947368421,62.5037037037037,8.02,43.55625,32.875,78.2714285714286,58.825,62.5,287.0,65.9,73.38,31.975,101.0,17.75,9.28888888888889,60.3,85.7333333333333,90.9,71.6,513.0,412.5,750.666666666667,376.0,189.0,120.25,211.0,264.5,34.9444444444444,140.0,139.0,89.4,128.5,49.7,65.5333333333333,117.0,35.0
43.8578947368421,33.005,77.16,63.0,110.833333333333,85.4272727272727,12.6136363636364,48.3461538461539,118.75,28.75,33.45,342.25,129.0,23.0125,143.5,443.333333333333,19.99375,45.4,27.85,41.875,146.0,31.7,16.8,25.95,23.4,58.7,367.45,433.25,30.95,44.8166666666667,32.9,21.8048387096774,28.55,270.5,253.0,367.5,37.0,17.5458333333333,108.142857142857,,32.3074074074074,81.29875,19.2,,1005.0,214.68125,43.8222222222222,18.9307692307692,80.7444444444444,46.4,21.3840909090909,25.2934782608696,72.575,23.73,278.0,158.5,27.0995726495727,67.5393939393939,99.0825,112.5,53.2941176470588,80.7730769230769,69.6,200.166666666667,84.9583333333333,12.7489682539683,109.840909090909,140.0,38.5214285714286,27.7,86.0,298.294117647059,333.25,355.755813953488,55.9,45.5,13.3292857142857,32.15,9.69818181818182,16.6,14.89,23.5,293.0,17.6,33.14375,10.45,32.02,9.46459459459459,10.075,16.4,17.55,50.9368421052632,53.2,11.2590909090909,21.19375,13.7625,26.7340909090909,14.45,11.8988372093023,11.1,21.8546296296296,20.4,348.9,61.5666666666667,4485.0,91.8714285714286,138.5,83.05,110.083333333333,52.5,22.4854838709677,475.710526315789,283.5,11.0777108433735,147.15,62.5045454545455,8.02111111111111,43.5875,32.875,78.3,58.9,62.4533333333333,286.833333333333,65.95,73.5416666666667,31.975,101.05,17.75,9.29130434782609,60.3,85.7866666666667,90.9,71.5,513.0,412.5,752.0,376.0,189.0,120.25,211.0,264.5,34.9433333333333,140.0,138.75,89.5,128.5,49.7,65.5,117.25,35.0
43.8730769230769,33.0346153846154,77.1777777777778,63.05,110.722222222222,85.4333333333333,12.6421052631579,48.35,118.6875,28.7225,33.4,342.25,129.0,23.05,144.0,444.333333333333,20.0,45.4,27.85,41.85,146.0,31.7,16.84,25.95,23.4052631578947,58.65,367.0,433.25,30.9875,44.8,32.9,21.8071428571429,28.6,270.5,253.0,367.5,36.9657894736842,17.5367346938776,108.0,,32.3416666666667,81.2529411764706,19.23125,,1003.23529411765,214.844444444444,43.8441860465116,18.95,80.7428571428572,46.4,21.396875,25.26,72.55,23.7,278.0,159.15306122449,27.0995726495727,67.5666666666667,99.0823529411765,113.0,53.3,80.6333333333333,69.6,200.5,84.8968553459119,12.7049479166667,109.607142857143,140.0,38.5411111111111,27.7,85.925,298.15,333.777777777778,355.564102564102,55.9,45.554347826087,13.3333333333333,32.1,9.69,16.6,14.9,23.5,293.0,17.6,33.14375,10.45,32.0,9.46,10.05,16.4,17.5875,50.96875,53.2,11.2438559322034,21.1935483870968,13.75,26.7261904761905,14.45,11.8833333333333,11.1,21.8598958333333,20.3978260869565,349.7,61.5666666666667,4485.0,91.8625,138.5,82.9583333333333,110.0,52.4,22.4538461538462,476.25,282.761904761905,11.0740384615385,147.416666666667,62.5,8.03,43.5512077294686,32.875,78.3,58.9,62.4727272727273,286.833333333333,66.0,73.7375,31.975,101.0,17.7060975609756,9.29851063829787,60.3,85.7857142857143,90.9333333333333,71.5,513.0,412.75,752.0,376.0,189.166666666667,120.125,211.0,264.5,34.95,140.0,139.0,89.8,127.5,49.7,65.5,117.25,35.0
43.875,33.0275,77.175,63.05,110.5625,85.4272727272727,12.62,48.3,118.583333333333,28.7,33.4388888888889,342.25,129.0,23.025,144.083333333333,444.333333333333,20.0,45.4,27.85,41.85,146.0,31.7,16.8,25.95,23.4016055045872,58.6,366.879310344828,433.25,30.9875,44.8166666666667,32.9,21.8,28.6,270.5,253.0,367.0,36.9657894736842,17.5051020408163,108.5,,32.3083333333333,81.3,19.2333333333333,,1001.3829787234,214.676136363636,43.8736842105263,18.95,80.72,46.422,21.396875,25.2785714285714,72.5,23.7,278.0,160.18,27.0642857142857,67.52,99.2629213483146,113.0,53.3333333333333,80.6,69.6,200.428571428571,84.7869565217391,12.7394230769231,109.666666666667,140.5,38.5,27.7,85.925,297.914285714286,333.777777777778,354.204918032787,55.8,45.554347826087,13.31875,32.1,9.69944444444444,16.6,14.85,23.5,293.5,17.6,33.1,10.4428571428571,32.0090909090909,9.46928571428572,10.05,16.35,17.55,50.92,53.2107142857143,11.2088235294118,21.1551724137931,13.7604166666667,26.725,14.4425925925926,11.8909090909091,11.1,21.8676056338028,20.3553333333333,350.0625,61.5666666666667,4485.0,91.8555555555556,138.5,82.9857142857143,110.0,52.5333333333333,22.47,475.095238095238,281.6,11.0813953488372,147.214285714286,62.6,8.02478260869565,43.5316770186335,32.875,78.22,58.7333333333333,62.4090909090909,286.833333333333,65.9916666666667,73.7125,32.0,101.0,17.7103448275862,9.29,60.35,85.7,90.9333333333333,71.5,507.0,412.5,752.0,376.0,189.5,120.494764397906,211.0,264.5,34.95,140.0,139.0,89.8,127.625,49.7,65.4285714285714,117.0,35.0
43.8720588235294,33.0587628865979,77.1666666666667,63.0333333333333,110.75,85.44375,12.6,48.3,118.642857142857,28.6925,33.45,342.25,129.0,23.0214285714286,144.5,443.0,19.9992063492064,45.4064516129032,27.85,41.9,146.0,31.75,16.8,25.95,23.4,58.6,366.5,433.25,30.9875,44.8375,32.9,21.8,28.6,270.5,253.0,366.0,36.95,17.5164556962025,108.4,,32.2922222222222,81.2582278481013,19.2458333333333,,998.544303797468,214.631868131868,43.8636363636364,18.95,80.6962962962963,46.422,21.35,25.3,72.5,23.7166666666667,278.0,161.5,27.05,67.5272727272727,99.4272727272727,113.060975609756,53.24,80.6,69.4,200.25,84.7232558139535,12.7478165938865,109.846153846154,140.5,38.4510204081633,27.7,86.0,297.5,334.0,353.069620253165,55.9,45.554347826087,13.343119266055,32.1,9.7,16.5875,14.8666666666667,23.5,293.5,17.6009433962264,33.1,10.45,32.0,9.46076923076923,10.0688888888889,16.35,17.55,50.9888888888889,53.2366666666667,11.2117647058823,21.1823529411765,13.75,26.7310344827586,14.4483606557377,11.894696969697,11.0666666666667,21.8799019607843,20.4040625,349.8,61.6,4485.0,91.88125,138.9,83.0,110.166666666667,52.5714285714286,22.4535714285714,474.0,281.5,11.0893617021277,147.428571428571,62.5333333333333,8.02285714285714,43.45,32.875,78.25,58.7333333333333,62.4555555555556,287.0,66.0,73.7125,32.0,101.045454545455,17.712962962963,9.29,60.35,85.7,90.9,71.5,506.0,412.875,750.0,376.0,188.992957746479,121.0,211.0,264.5,34.9479591836735,140.1,139.0,89.8,127.625,49.7,65.4,117.0,34.9928571428571
43.85,33.1021582733813,77.1571428571429,63.0,110.722222222222,85.4877551020408,12.602358490566,48.3,118.666666666667,28.6583333333333,33.45,342.25,129.0,23.0125,144.5,443.0,19.9763157894737,45.4827433628319,27.85,41.9,146.0,31.75,16.8,25.95,23.4,58.6,366.0,433.25,30.9875,44.8166666666667,32.9,21.8,28.55,270.5,253.0,366.0,36.95,17.5192307692308,108.166666666667,,32.2785714285714,81.3405405405405,19.2375,,993.661016949153,214.5,43.8666666666667,18.9418181818182,80.6894736842105,46.45,21.35,25.35,72.5086956521739,23.7,278.0,161.555555555556,27.0483870967742,67.57,99.4785714285714,113.0,53.2842105263158,80.5625,69.4,200.25,84.6891891891892,12.7979166666667,109.617647058824,140.125,38.41,27.7,86.0,297.625,334.0,353.040983606557,55.8615384615385,45.55,13.3264705882353,32.1,9.71,16.6,14.8975,23.5,293.0,17.55,33.1,10.45,32.0,9.46666666666667,10.0833333333333,16.35,17.5769230769231,51.0,53.2166666666667,11.2406779661017,21.1891304347826,13.75,26.7185185185185,14.4490740740741,11.8792682926829,11.1,21.872,20.4375,349.25,61.6,4485.0,91.9,138.9,83.0222222222222,110.0,52.5,22.4653846153846,474.076923076923,281.5,11.0707627118644,147.25,62.6,8.02,43.45,32.875,78.2555555555555,58.7,62.4692307692308,287.0,66.0,73.5,31.95,101.0,17.7086206896552,9.292,60.4,85.7,90.9454545454545,71.6,505.0,412.666666666667,750.0,376.0,188.625,121.0,211.0,264.5,34.9466666666667,140.0,139.0,89.8,128.0,49.7,65.4,117.0,34.9666666666667
43.8730769230769,33.05,77.1,63.0,110.5,85.5047619047619,12.6,48.3,118.673913043478,28.65,33.4333333333333,342.5,129.0,23.0125,144.5,443.25,20.0,45.4964285714286,27.85,41.9,146.0,31.75,16.8444444444444,25.98125,23.4076923076923,58.6,366.125,433.25,30.9875,44.8,32.9,21.7833333333333,28.55,270.5,253.0,366.0,36.95,17.5205607476636,108.333333333333,,32.2709677419355,81.3474576271186,19.225,,993.630434782609,214.5,43.85,18.9508333333333,80.7741935483871,46.45,21.35,25.3009803921569,72.5333333333333,23.725,278.0,161.2,27.05,67.5666666666667,99.4931818181818,113.0,53.2941176470588,80.4,69.4,200.5,84.7386138613861,12.7642857142857,109.704545454545,140.0,38.4486111111111,27.7,86.0,297.833333333333,334.0,353.066666666667,55.905,45.55,13.3132530120482,32.1,9.705,16.5625,14.85,23.5,293.0,17.55,33.1,10.4454545454545,32.0,9.46,10.0833333333333,16.35,17.55,50.9925619834711,53.2,11.21,21.1954545454545,13.75,26.7176470588235,14.4418918918919,11.8674418604651,11.097619047619,21.8616883116883,20.43,348.833333333333,61.6,4485.0,91.81,138.9,83.05,110.083333333333,52.6625,22.455,473.791666666667,281.5,11.0586206896552,147.041666666667,62.55,8.02333333333333,43.4666666666667,32.875,78.2666666666667,58.8,62.48,286.5,66.0,73.5,31.9866666666667,101.0,17.7166666666667,9.29,60.4,85.7,91.0,71.6,504.0,413.0,750.0,376.0,188.525641025641,121.0,211.0,264.5,34.95,140.0,139.0,89.8,128.0,49.7,65.5,117.0,35.0
43.8507712082262,33.0777777777778,77.11875,63.1,110.1,85.4111111111111,12.6333333333333,48.3,118.555555555556,28.65,33.4375,342.5,129.0,23.0166666666667,144.0,443.25,19.9966666666667,45.5,27.85,41.9,146.5,31.75,16.8,26.0,23.4,58.65,366.0625,433.25,30.9875,44.8425925925926,32.9,21.7833333333333,28.55,270.5,253.0,366.0,36.95,17.5388888888889,108.083333333333,,32.2555555555556,81.3315789473684,19.2,,996.21052631579,214.245535714286,43.8025,18.9214285714286,80.6916666666667,46.45,21.3666666666667,25.2636842105263,72.5333333333333,23.7,278.0,161.2,27.05,67.5,99.4230769230769,113.0,53.2964285714286,80.4,69.4933333333333,200.5,84.9178571428571,12.7571428571429,109.588235294118,140.5,38.4365853658537,27.6987804878049,86.0,297.727272727273,334.0,353.22,55.8878787878788,45.55,13.3464285714286,32.1,9.7,16.5625,14.85,23.5,293.0,17.55,33.1,10.4454545454545,32.0,9.47,10.05,16.35,17.5621951219512,51.0,53.2025641025641,11.2076923076923,21.1840909090909,13.75,26.7166666666667,14.44,11.8775,11.0982954545455,21.8643835616438,20.45,348.833333333333,61.6,4485.0,91.7733333333333,138.833333333333,82.9666666666667,110.2,52.6,22.454,474.166666666667,281.5,11.0563157894737,147.076923076923,62.4888888888889,8.02833333333333,43.45,32.95,78.2333333333333,58.7857142857143,62.4866666666667,286.538461538462,66.0,73.3,31.985,101.0,17.7025423728814,9.295,60.375,85.775,91.0,71.6,504.0,413.0,752.0,376.0,188.583333333333,121.0,211.0,264.5,34.947619047619,140.0,139.0,89.8,128.0,49.7,65.4,117.5,35.0
43.8027777777778,33.05,77.1266666666667,63.1,110.3,85.4636363636364,12.6055555555556,48.3,118.722222222222,28.685,33.4461538461538,343.0,129.0,23.0166666666667,143.833333333333,443.25,19.9517073170732,45.45,27.9,41.9,146.5,31.75,16.85,25.9993055555556,23.4205882352941,58.7,366.0,433.25,30.9875,44.8166666666667,32.9,21.7989130434783,28.55,270.5,253.0,366.0,36.95,17.5,108.214285714286,,32.2464285714286,81.3730769230769,19.2125,,998.451612903226,214.042857142857,43.8153846153846,18.95,80.6333333333333,46.45,21.3545454545455,25.25,72.56,23.7,278.0,161.2,27.025,67.52,99.502,113.0,53.295,80.4,69.4933333333333,200.5,85.1164383561644,12.7633333333333,109.928571428571,140.0,38.4096153846154,27.7044444444445,85.8857142857143,297.911764705882,334.0,353.147058823529,55.88,45.55,13.3177419354839,32.1,9.69166666666666,16.5583333333333,14.9,23.5,293.0,17.56,33.15,10.45,32.0016129032258,9.46,10.0635416666667,16.35,17.57,50.9977528089888,53.2228070175439,11.20625,21.190625,13.7578947368421,26.7479591836735,14.4214285714286,11.8978723404255,11.08,21.8651315789474,20.45,348.0,61.6,4480.0,91.675,139.0,82.95,110.0,52.7,22.45,474.85,281.5,11.0592592592593,146.8,62.3708333333333,8.02,43.5,32.95,78.2857142857143,58.7857142857143,62.475,286.538461538462,65.9,73.3,31.985,101.0,17.7333333333333,9.2925,60.375,85.7833333333333,91.0,71.6,504.0,412.833333333333,751.333333333333,376.0,188.5,121.0,211.0,264.0,34.95,140.0,139.0,89.8,128.0,49.6625,65.4111111111111,117.375,35.025
43.8208333333333,33.0114864864865,77.1266666666667,63.04,110.0,85.4333333333333,12.6034965034965,48.3,118.769230769231,28.6541666666667,33.4428571428571,343.0,128.5,23.0166666666667,143.833333333333,443.0,19.9638888888889,45.4558823529412,27.8666666666667,41.9,146.625,31.75,16.8,25.9901408450704,23.4045454545454,58.7,366.0,433.25,30.9875,44.8392857142857,32.9,21.7989130434783,28.55,270.5,253.0,366.0,36.9533333333333,17.5061728395062,108.222222222222,,32.2111111111111,81.3918367346939,19.2157894736842,,998.277777777778,214.40873015873,43.8,18.9458333333333,80.7,46.45,21.35,25.25,72.5,23.7,277.416666666667,161.0,27.025,67.5571428571428,99.651282051282,113.0,53.2961538461538,80.25,69.4933333333333,200.5,84.9125,12.7566666666667,109.529411764706,139.5,38.3944444444445,27.6981818181818,86.0,297.97619047619,334.0,353.02,55.8055555555556,45.55,13.3321428571429,32.1,9.7,16.5583333333333,14.85,23.5,292.5,17.55,33.15,10.45,32.0125,9.47,10.05,16.35,17.5589285714286,50.9939393939394,53.2130434782609,11.20625,21.1839285714286,13.75625,26.7343137254902,14.4071428571429,11.8903225806452,11.0894736842105,21.8705882352941,20.4111111111111,348.25,61.6,4480.0,91.7,138.5,82.975,110.4,52.82,22.45,474.916666666667,281.142857142857,11.0626086956522,147.285714285714,62.4,8.02,43.5,32.9,78.25,58.7,62.4833333333333,286.5,65.9,73.3,31.985,101.0,17.7060606060606,9.29027027027027,60.375,85.7666666666667,91.1422222222222,71.6,504.0,413.0,753.0,376.0,188.5,121.0,211.0,264.0,34.9375,140.0,139.0,89.8,128.0,49.7,65.4,117.25,35.05
43.822641509434,33.0316666666667,77.1,63.0,110.125,85.4,12.6,48.3,118.65625,28.6642857142857,33.45,342.5,128.5,23.0166666666667,143.5,443.666666666667,19.9401098901099,45.36,27.9,41.85,146.722222222222,31.7,16.8,25.9916666666667,23.4138888888889,58.7333333333333,366.041666666667,434.5,30.9875,44.8333333333333,32.9,21.8,28.56,270.5,253.0,366.0,36.9928571428571,17.5045918367347,108.25,,32.2136363636364,81.3424242424242,19.2125,,996.666666666667,214.489208633093,43.8,18.9392156862745,80.6285714285714,46.45,21.35,25.20625,72.5333333333333,23.7,277.5,161.0,27.025,67.5583333333333,99.7428571428571,113.0,53.3021739130435,80.3,69.4933333333333,200.5,84.8948717948718,12.7558823529412,109.761904761905,139.5,38.39375,27.7,86.0,298.375,334.0,353.986111111111,55.8,45.6,13.3432432432432,32.15,9.70795918367347,16.5583333333333,14.8655172413793,23.5,292.5,17.55,33.15,10.4,32.0,9.46085714285714,10.05,16.35,17.55,50.9454545454546,53.200826446281,11.208064516129,21.1941176470588,13.7595238095238,26.7260869565217,14.41875,11.8938596491228,11.0808823529412,21.8513636363636,20.4152173913043,347.928571428571,61.6,4480.0,91.6222222222222,138.625,83.0,110.214285714286,52.75,22.45,474.833333333333,281.0,11.0834254143646,147.083333333333,62.3,8.01083333333333,43.4583333333333,32.9,78.26,58.65,62.42,286.5,65.9,73.3,32.05,101.0,17.7028846153846,9.29,60.3222222222222,85.725,91.3,71.5,504.0,412.5,752.0,376.0,188.5,121.0,211.0,264.0,34.9115384615385,140.0,139.0,89.8,128.0,49.7,65.4,117.25,35.0
43.8041666666667,33.06,77.14,63.06,110.176470588235,85.4538461538462,12.6,48.3,118.5,28.6666666666667,33.4166666666667,342.5,129.0,23.00625,143.5,443.0,19.9329545454545,45.3,27.9,41.85,146.625,31.7,16.8,26.0,23.4013513513514,58.8,366.166666666667,434.5,30.95,44.8,32.9,21.8,28.55,270.5,253.0,366.0,36.95,17.5286885245902,108.166666666667,,32.2239130434783,81.3232142857143,19.2142857142857,,998.666666666667,214.632352941176,43.8,18.9416666666667,80.68,46.4,21.35,25.275,72.5,23.7,277.5,161.0,27.0142857142857,67.5117647058824,99.7142857142857,113.0,53.2666666666667,80.4,69.4933333333333,200.5,84.6820895522388,12.7592592592593,109.5,139.5,38.38,27.7,86.0,298.214285714286,334.0,354.107142857143,55.8647058823529,45.6,13.3211538461538,32.15,9.7069696969697,16.6,14.85,23.5,292.5,17.55,33.15,10.4083333333333,32.0041666666667,9.46085714285714,10.1,16.4,17.5931818181818,50.9755102040816,53.2195652173913,11.2027027027027,21.1942857142857,13.7546875,26.7461538461538,14.42,11.8901162790698,11.0692307692308,21.857,20.4264705882353,348.0,61.5375,4480.0,91.6,138.5,83.0,110.2,52.8428571428571,22.45,474.5,281.0,11.076724137931,147.5,62.3266666666667,8.01833333333333,43.4533333333333,32.95,78.2,58.65,62.3913043478261,286.5,65.9,73.3,32.05,101.125,17.7230769230769,9.29,60.3571428571428,85.7,91.3,71.6,504.0,412.5,752.0,376.0,188.5,121.0,211.0,264.0,34.9428571428571,140.0,139.0,89.8,128.0,49.7,65.4,117.0,35.0083333333333
43.8208333333333,33.05,77.1,63.1,110.230769230769,85.4,12.6009803921569,48.2833333333333,118.532258064516,28.7,33.4625,342.5,129.454545454545,23.025,144.0,442.722222222222,19.9272727272727,45.3,27.9,41.9,146.625,31.7,16.8416666666667,26.0346899224806,23.4159090909091,58.8,366.0,434.5,30.95,44.8,32.9,21.8,28.55,270.5,252.5,366.0,36.95,17.5288461538462,108.222222222222,,32.2055555555556,81.3240740740741,19.2083333333333,,998.2,214.613636363636,43.8125,18.94,80.6666666666667,46.3958333333333,21.3981818181818,25.2848484848485,72.5,23.6904761904762,277.25,161.0,27.0079365079365,67.512,99.8366666666667,113.0,53.2916666666667,80.0,69.5,200.0,84.5202898550725,12.753125,109.5,139.5,38.393956043956,27.7,86.0,298.0,334.0,353.268292682927,55.8,45.6,13.33,32.15,9.71,16.6,14.85,23.49,293.0,17.5857142857143,33.15,10.45,32.0136363636364,9.46,10.05,16.375,17.5542857142857,51.0,53.208988764045,11.2090909090909,21.188,13.771875,26.7456140350877,14.4261904761905,11.8922222222222,11.0555555555556,21.8642857142857,20.4323529411765,348.0,61.525,4480.0,91.6,139.0,82.95,110.125,52.8777777777778,22.45,475.425,281.0,11.0612068965517,147.25,62.3347826086956,8.01055555555556,43.4714285714286,32.95,78.275,58.65,62.32,286.166666666667,65.9,73.3,32.05,101.0,17.7243243243243,9.29,60.3571428571428,85.7833333333333,91.2,71.6,504.0,413.0,752.0,376.0,188.75,121.0,211.0,264.0,34.905,140.0,139.943396226415,89.8,128.0,49.7,65.4,117.5,35.05
43.8326086956522,33.05,77.1125,63.1,110.3125,85.45,12.6,48.25,118.541666666667,28.6515873015873,33.4833333333333,343.0,128.8,23.0,143.5,442.8,19.9404761904762,45.3,27.85,41.85,147.0,31.7,16.825,26.1231481481482,23.4,58.8,366.0,434.5,30.95,44.8,32.9,21.8,28.55,271.0,252.5,366.0,36.95,17.5291666666667,108.125,,32.22375,81.3166666666667,19.2318181818182,,995.978723404255,214.5,43.8136363636364,18.908,80.63,46.3958333333333,21.35,25.2477777777778,72.525,23.65,277.5,161.0,27.0445652173913,67.4083333333333,99.85,113.0,53.2909090909091,79.9,69.5,200.25,84.7,12.775641025641,109.607142857143,139.5,38.3833333333333,27.7,86.0,297.764705882353,334.0,351.289473684211,55.8,45.5833333333333,13.3420634920635,32.15,9.71,16.6,14.85,23.5,293.0,17.55,33.15,10.45,32.0007246376812,9.46,10.05,16.4,17.56875,50.952380952381,53.2,11.20625,21.1593333333333,13.7549342105263,26.7072916666667,14.4433333333333,11.8785714285714,11.09375,21.8646341463415,20.4060344827586,349.0,61.6,4480.0,91.57,138.75,82.95,110.25,52.8,22.45,475.25,280.433333333333,11.05,147.0,62.3,8.01,43.4895833333333,32.95,78.24,58.8441176470588,62.3428571428571,286.0,65.9,73.3,32.04,101.0,17.71,9.28615384615385,60.2,85.7,91.2,71.5,504.0,413.0,752.0,376.0,188.857142857143,121.0,211.0,264.0,34.9035714285714,140.0,139.943396226415,89.8,127.75,49.6833333333333,65.35,117.0,35.05
43.8086666666667,33.01,77.12,63.05,110.125,85.45,12.6136363636364,48.25,118.5,28.665,33.5,343.0,128.8,23.025,143.625,442.6,19.94453125,45.3,27.85,41.85,147.0,31.65,16.825,26.1432835820896,23.4,58.8,366.0,434.5,30.95,44.8,32.9,21.8,28.575,271.0,252.5,365.5,36.95,17.5141791044776,108.0,,32.2,81.3259259259259,19.2,,991.3125,214.5,43.8203703703704,18.9,80.6082191780822,46.3958333333333,21.35,25.2504424778761,72.54,23.6492537313433,277.5,161.0,27.0,67.2520833333333,99.8380952380952,113.0,53.25625,79.975,69.5,200.25,84.7035714285714,12.7659090909091,109.824324324324,139.5,38.4,27.7,85.92,297.625,334.0,348.86974789916,55.8,45.55,13.3382978723404,32.15,9.71,16.55,14.85,23.5,292.5,17.5666666666667,33.15,10.4,31.8840707964602,9.46,10.05,16.35,17.5958333333333,50.9869565217391,53.1963235294118,11.245,21.1844827586207,13.7565789473684,26.732,14.4362068965517,11.8929411764706,11.0615384615385,21.854347826087,20.4261904761905,349.5,61.6,4480.0,91.5764705882353,138.5,82.925,110.15,52.8,22.4514285714286,474.961538461538,280.0,11.0611111111111,146.485714285714,62.35,8.01,43.475,32.8,78.2,59.0,62.3733333333333,286.0,65.9666666666667,73.4,32.04,101.0,17.7430769230769,9.28,60.2,85.7,91.144,71.5,504.0,413.5,752.0,375.625,188.642857142857,120.9,211.0,264.0,34.9045454545455,140.0,139.954545454545,89.7,127.75,49.7,65.3,117.333333333333,35.0
43.8045454545454,33.0,77.1,63.1,110.25,85.45,12.6176470588235,48.25,118.490099009901,28.6642857142857,33.5,343.0,129.0,23.025,143.625,442.6,19.9452830188679,45.25,27.85,41.85,147.0,31.65,16.8,26.1596153846154,23.4,58.8,365.5,434.5,30.95,44.8166666666667,32.9,21.8,28.55,270.5,252.5,364.875,36.9478260869565,17.5230769230769,108.266666666667,,32.1964285714286,81.3072916666667,19.2181818181818,,991.071428571429,214.094339622641,43.8209302325581,18.91,80.5941176470588,46.3958333333333,21.35,25.287037037037,72.5333333333333,23.64,277.5,160.5,27.0,67.1060606060606,99.6454545454545,113.0,53.28,80.0,69.5,200.5,84.7235294117647,12.7573170731707,109.960317460317,139.5,38.3777777777778,27.6992957746479,85.92,297.9,334.0,349.075757575758,55.8,45.55,13.3443181818182,32.15,9.70864864864865,16.5555555555556,14.8909090909091,23.5,292.5,17.55,33.1272727272727,10.4,31.8178571428571,9.46333333333333,10.05,16.4,17.5542857142857,50.9333333333333,53.1083333333333,11.2025,21.1935897435897,13.754347826087,26.7361111111111,14.42,11.885,11.05625,21.8643835616438,20.42,349.0,61.525,4480.0,91.67,138.833333333333,82.96,110.068181818182,52.7586206896552,22.45,474.75,280.1,11.052,146.428571428571,62.3571428571428,8.01875,43.45,32.8,78.25,58.7,62.4,286.0,65.9,73.5,32.04,101.0,17.7450819672131,9.28264705882353,60.2,85.7,91.144,71.5,504.0,413.5,752.0,375.625,188.547619047619,120.75,211.0,264.0,34.9333333333333,140.0,140.0,89.6,127.75,49.75,65.3111111111111,117.5,35.0
43.8285714285714,33.0119047619048,77.1,63.1,110.166666666667,85.4083333333333,12.6454545454545,48.25,118.4,28.65,33.45,343.0,129.0,23.01,143.611111111111,442.0,19.9018518518518,45.25,27.85,41.85,147.0,31.65,16.8333333333333,26.1578125,23.425,58.8,365.0,434.5,30.95,44.8,32.9,21.75,28.55,270.5,252.5,364.875,37.0,17.5306451612903,108.166666666667,,32.1969696969697,81.2666666666667,19.2431818181818,,994.375,214.058823529412,43.8211538461538,18.907,80.6,46.3958333333333,21.35,25.3,72.55,23.65,277.5,160.5,26.96,67.2029411764706,99.3,113.021739130435,53.2785714285714,79.95,69.5,200.5,84.7975,12.7538461538462,109.928571428571,139.5,38.38125,27.7,85.8,297.772727272727,333.75,349.951219512195,55.9,45.55,13.334375,32.15,9.70864864864865,16.5545454545455,14.9,23.5,292.5,17.55,33.1272727272727,10.4,31.8,9.46047619047619,10.05,16.35,17.6,50.9875,53.1,11.2428571428571,21.1944444444444,13.7630434782609,26.7443181818182,14.4444444444444,11.8959183673469,11.07,21.8521341463415,20.4184210526316,350.0,61.5,4480.0,91.7,139.0,82.9,110.1,52.7,22.45,473.884615384615,279.625,11.0857142857143,146.409090909091,62.3,8.01,43.48,32.8,78.3,58.7,62.3692307692308,286.0,65.94,73.4,32.04,101.0,17.7333333333333,9.27,60.3,85.6285714285714,91.0111111111111,71.5333333333333,504.0,413.875,752.0,375.625,188.5,121.0,211.0,264.0,34.9472972972973,140.0,140.0,89.6,127.0,49.75,65.5,117.5,35.0
43.8363636363636,33.05,77.1,63.0666666666667,110.388888888889,85.4803921568627,12.6,48.25,118.3,28.7,33.4833333333333,343.5,128.875,23.025,144.0,442.0,19.9053571428571,45.3,27.85,41.9,147.0,31.65,16.8,26.1407407407407,23.4428571428571,58.8,365.02380952381,434.5,30.95,44.8071428571429,32.9,21.75,28.55,270.5,252.5,364.875,37.0,17.5135416666667,108.111111111111,,32.1950980392157,81.2884615384615,19.2285714285714,,994.9,214.130434782609,43.763503649635,18.9004504504504,80.6,46.32,21.39375,25.27,72.6,23.65,277.5,160.5,26.981914893617,67.25,99.2933333333333,112.75,53.2875,80.2,69.48,200.5,84.8,12.77734375,109.738095238095,139.5,38.3515151515152,27.7,85.8,297.75,333.5,350.5,55.875,45.53,13.3525641025641,32.15,9.71,16.5545454545455,14.85,23.45,292.0,17.55,33.1272727272727,10.4333333333333,31.84,9.46666666666667,10.0933333333333,16.4,17.5651515151515,50.92,53.1090909090909,11.2026785714286,21.1810344827586,13.7520408163265,26.7345679012346,14.45,11.8971698113208,11.0866666666667,21.8684615384615,20.4277777777778,349.875,61.45,4480.0,91.6428571428571,138.5,82.84,110.0,52.6,22.4520833333333,474.5,279.7,11.0823943661972,146.461538461538,62.35,8.01,43.45,32.8,78.2,58.7,62.38,285.5,66.0,73.4,32.04,101.0,17.7109756097561,9.26952380952381,60.3,85.7,91.0,71.5,504.0,414.0,752.0,375.625,188.833333333333,120.964285714286,211.0,264.5,34.9275,140.0,140.0,89.6,127.0,49.75,65.3,117.0,35.05
43.8083333333333,33.05,77.1,63.0666666666667,110.4,85.4769230769231,12.6375,48.25,118.5,28.6516129032258,33.4111111111111,343.5,128.875,23.02,143.5,442.0,19.9,45.3333333333333,27.85,41.8916666666667,147.0,31.65,16.8,26.1,23.445,58.8,365.03125,434.5,30.95,44.84,32.9,21.75,28.55,270.5,252.5,364.875,36.9666666666667,17.5126865671642,108.333333333333,,32.1785714285714,81.3,19.225,,996.428571428571,214.483673469388,43.6945945945946,18.8811594202899,80.675,46.3,21.3515873015873,25.2934782608696,72.5833333333333,23.65,277.25,160.5,26.9585365853659,67.325,99.3060606060606,112.75,53.2714285714286,79.9,69.48,200.5,84.83125,12.75,109.5,139.5,38.3221153846154,27.6984615384615,85.8,297.75,333.8,350.571428571429,55.9294117647059,45.55,13.309756097561,32.15,9.7,16.5545454545455,14.8507692307692,23.45,292.0,17.5958333333333,33.1272727272727,10.45,31.8428571428571,9.4675,10.05,16.35,17.5833333333333,50.93125,53.15,11.22,21.1986842105263,13.75,26.75,14.4441176470588,11.8936170212766,11.1,21.8639344262295,20.4115384615385,349.0,61.4117647058824,4480.0,91.6,139.0,82.825,110.25,52.6,22.449,473.777777777778,279.208333333333,11.0680327868852,146.909090909091,62.35,8.01,43.4897058823529,32.9,78.2333333333333,58.725,62.4,285.555555555556,66.0,73.4,32.04,101.0,17.7186274509804,9.26,60.3888888888889,85.7,91.0,71.5,507.0,414.0,753.0,375.625,188.583333333333,121.0,211.0,264.5,34.9033333333333,140.0,140.0,89.6,127.0,49.75,65.4,117.0,35.05
43.8024822695035,33.0131578947368,77.0,63.0,110.4375,85.4857142857143,12.6,48.2,118.214285714286,28.6625,33.45,343.833333333333,128.875,23.0,143.083333333333,442.0,19.9,45.3583333333333,27.85,41.9,147.0,31.65,16.8,26.1217391304348,23.4222222222222,58.8,365.25,434.5,30.95,44.8333333333333,32.9,21.75,28.55,270.5,252.5,364.875,36.9763157894737,17.5203488372093,108.5,,32.1941176470588,81.3,19.2,,996.7,214.725806451613,43.695,18.8692307692308,80.66,46.3181818181818,21.35,25.2972972972973,72.5952380952381,23.675,277.3,160.5,26.9738095238095,67.3076923076923,99.3833333333333,113.0,53.2954545454545,79.9,69.48,200.25,84.8,12.7378048780488,109.6,139.5,38.2131768953069,27.7,85.8,298.0,333.8,350.3125,56.0,45.5375,13.35,32.15,9.7,16.5545454545455,14.85,23.45,292.0,17.6,33.2,10.45,31.85,9.46928571428572,10.1,16.4,17.5964285714286,50.992,53.1363636363636,11.20625,21.2,13.76,26.7445652173913,14.45,11.9,11.1028538812785,21.8642045454545,20.4402777777778,349.0,61.5,4480.0,91.5375,138.5,82.9,110.409090909091,52.6,22.4264705882353,474.25,279.0,11.0607142857143,146.75,62.3,8.01,43.540306122449,32.9166666666667,78.3,58.8,62.3942307692308,285.555555555556,65.9,73.3333333333333,32.05,101.0,17.7380952380952,9.26027777777778,60.4,85.7,91.05,71.5,507.0,414.0,753.0,375.625,188.714285714286,121.0,211.0,264.5,34.9214285714286,140.0,140.0,89.6,127.0,49.75,65.4,117.0,35.05
43.7955555555555,33.0125,77.0,63.0,110.3,85.4977777777778,12.6007575757576,48.225,118.494680851064,28.67,33.45,344.0,128.875,23.025,143.0,442.166666666667,19.91875,45.3166666666667,27.85,41.875,147.0,31.65,16.8,26.11,23.4037037037037,58.75,365.555555555555,434.5,30.95,44.8166666666667,32.9,21.75,28.55,270.5,252.5,364.875,36.9515625,17.5108108108108,108.285714285714,,32.1575757575757,81.2260869565217,19.2,,997.0,214.625,43.6941176470588,18.8866666666667,80.6,46.3181818181818,21.35,25.2631578947368,72.55,23.65,277.0,160.5,26.9772727272727,67.32,99.3882352941176,113.0,53.3,80.1,69.4,200.25,84.8,12.7067901234568,109.590909090909,139.75,38.15,27.7,85.8,297.673913043478,333.75,350.270833333333,56.0,45.5375,13.3411764705882,32.15,9.7,16.5545454545455,14.85625,23.475,292.0,17.55,33.2,10.45,31.85,9.46,10.1,16.4,17.5594594594595,50.9428571428571,53.1833333333333,11.25,21.1821951219512,13.75,26.75,14.4461538461538,11.9,11.1,21.8691577698695,20.4293103448276,349.0,61.5,4481.25,91.5705882352941,138.5,82.9,110.333333333333,52.6,22.406862745098,474.928571428571,279.458333333333,11.0587837837838,147.0,62.274,8.02,43.5505555555556,32.9166666666667,78.2444444444445,58.7333333333333,62.3950819672131,285.555555555556,65.9333333333333,73.3333333333333,32.05,101.0,17.75,9.26,60.4,85.7,91.05,71.5,507.0,414.0,753.0,375.625,188.988095238095,120.8,211.0,264.5,34.9375,140.0,140.0,89.6,127.0,49.7416666666667,65.4,117.0,35.05
43.775,33.0478723404255,77.0,63.0,110.136363636364,85.45,12.6,48.2,118.5,28.66875,33.4214285714286,344.5,128.833333333333,23.0423076923077,143.0,442.5,19.9282608695652,45.3,27.85,41.85,146.0,31.675,16.8,26.112,23.4125,58.8,366.15,434.5,30.95,44.8166666666667,32.9,21.8,28.55,270.388888888889,252.5,364.875,36.9583333333333,17.52,108.142857142857,,32.159375,81.2666666666667,19.215625,,995.0,214.5,43.658,18.8720588235294,80.5428571428571,46.35,21.35,25.2814814814815,72.5142857142857,23.68,277.181818181818,160.75,26.9957142857143,67.37,99.3,113.0,53.2857142857143,80.1,69.4,200.0,84.7378787878788,12.7383928571429,109.558823529412,140.0,38.1511111111111,27.7,85.8,297.916666666667,333.75,350.515625,55.9166666666667,45.5375,13.3375,32.15,9.70125,16.5545454545455,14.9,23.5,292.0,17.55,33.25,10.45,31.85,9.46888888888889,10.1,16.4,17.6,50.9054794520548,53.1495145631068,11.25,21.1921875,13.7873737373737,26.7305555555556,14.4452380952381,11.8562231759657,11.15,21.8904761904762,20.43125,349.2,61.4083333333333,4487.0,91.6733333333334,138.833333333333,82.875,110.5,52.6,22.43,475.0,279.181818181818,11.07890625,146.9,62.25,8.01,43.55,32.85,78.25,58.7,62.4,285.5,65.9166666666667,73.3333333333333,32.1,101.0,17.7454545454545,9.26,60.3666666666667,85.7111111111111,91.0,71.5,507.0,413.625,753.0,375.5,188.928571428571,121.0,211.0,264.5,34.9424242424242,140.0,140.0,89.6,127.0,49.75,65.3,117.0,35.05
43.7529411764706,33.1,77.0428571428571,62.9666666666667,110.5,85.49,12.6083333333333,48.2,118.5,28.654,33.45,344.0,128.975,23.0166666666667,143.1,443.0,19.9034090909091,45.3166666666667,27.85,41.8516129032258,146.5,31.675,16.8,26.1340909090909,23.4009259259259,58.9,366.25,433.0,30.95,44.8,32.9,21.8,28.55,270.5,252.5,365.5,36.96,17.5056603773585,108.071428571429,,32.15,81.25,19.2058951965066,,995.75,214.400763358779,43.6913043478261,18.888679245283,80.535,46.3125,21.35,25.295,72.5142857142857,23.65,277.111111111111,161.0,27.008064516129,67.4,99.3111111111111,112.5,53.3,80.02,69.35,200.0,84.585,12.7138888888889,109.554054054054,139.5,38.1871428571429,27.7,85.8,297.6,333.833333333333,350.086206896552,55.9181818181818,45.55,13.3379310344828,32.15,9.70083333333333,16.55,14.8928571428571,23.475,292.75,17.55,33.25,10.4,31.8019230769231,9.46165467625899,10.05,16.4,17.5520833333333,50.9348148148148,53.1073684210526,11.25,21.1972222222222,13.75,26.7270833333333,14.45,11.8968085106383,11.15,21.9,20.4012345679012,349.5,61.5,4490.0,91.61,139.0,82.88,110.43023255814,52.65,22.4214285714286,475.586956521739,279.0,11.0552486187845,146.5,62.25,8.00922222222222,43.6,32.85,78.2125,58.7,62.3909090909091,285.5,65.9166666666667,73.3,32.1,101.0,17.7007142857143,9.251875,60.3,85.6,91.0,71.5,507.0,413.625,752.0,375.666666666667,188.973684210526,121.0,211.666666666667,264.5,34.95,140.0,140.0,89.6,127.0,49.75,65.3,117.0,35.05
43.7544444444445,33.0791666666667,77.0416666666667,62.9666666666667,110.166666666667,85.4777777777778,12.65,48.25,118.5,28.65,33.45,344.0,129.352941176471,23.025,143.642857142857,441.75,19.9130434782609,45.3166666666667,27.8928571428571,41.8928571428571,146.5,31.65,16.8,26.1016129032258,23.434375,58.9,366.083333333333,433.0,30.95,44.8289473684211,32.9,21.8,28.55,270.5,252.5,365.5,37.0,17.5080838323353,108.333333333333,,32.155,81.2607142857143,19.2,,996.0,214.136363636364,43.6926470588235,18.8768115942029,80.5154761904762,46.35,21.35,25.2857142857143,72.6,23.65,277.0625,161.0,27.05,67.3583333333333,99.3736842105263,112.5,53.25,80.0333333333333,69.35,200.25,84.5,12.709756097561,109.583333333333,139.5,38.2295454545455,27.6875,85.8,297.516949152542,333.75,349.823529411765,55.9,45.55,13.3133333333333,32.15,9.7,16.5666666666667,14.9,23.475,293.0,17.5684210526316,33.25,10.45,31.825,9.46,10.05,16.4,17.6,50.9311111111111,53.1369565217391,11.25,21.2,13.7592592592593,26.7323529411765,14.45,11.8737113402062,11.15,21.9,20.4076388888889,349.75,61.5,4490.0,91.7444444444445,139.0,82.7764705882353,110.5,52.7,22.4369565217391,475.25,278.6,11.0559701492537,147.0,62.35,8.0,43.59,32.85,78.3,58.7,62.365,285.5,65.9,73.3,32.1,101.0,17.73125,9.256,60.34,85.6,90.9964285714286,71.5,507.0,413.625,752.0,375.666666666667,188.916666666667,120.875,211.666666666667,264.5,34.95,140.0,140.0,89.6,127.0,49.75,65.3,117.0,35.0
43.76,33.08,77.045,63.0,110.092783505155,85.4952380952381,12.6352941176471,48.25,118.333333333333,28.65,33.445,344.0,129.5,23.05,143.5,441.0,19.9016129032258,45.4269230769231,27.9,41.9,146.5,31.6954545454545,16.8,26.1130434782609,23.4,58.8,366.0,433.0,30.9625,44.8,32.9,21.8,28.575,270.5,252.5,365.5,37.0,17.5255813953488,108.166666666667,,32.2,81.23,19.2,,994.8,214.1,43.6629496402878,18.8793103448276,80.4850574712644,46.35,21.35,25.2198412698413,72.5967741935484,23.67,277.0,161.655172413793,27.05,67.325,99.275,112.5,53.25,80.0333333333333,69.4,200.5,84.3626506024096,12.740625,109.5,139.5,38.235,27.7,85.9,297.008771929824,334.0,349.745762711864,55.9,45.552380952381,13.3272727272727,32.15,9.7,16.5666666666667,14.9,23.4653846153846,293.0,17.55,33.2333333333333,10.45,31.85,9.46794117647059,10.05,16.4,17.55625,50.904347826087,53.1234042553191,11.25,21.1404045155221,13.75,26.7457446808511,14.45,11.8857142857143,11.1029411764706,21.8958333333333,20.4323529411765,349.5,61.5,4487.85714285714,91.7,139.0,82.71,110.5,52.7,22.4387755102041,475.5625,278.888888888889,11.0753968253968,146.5,62.3862068965517,8.004,43.588,32.926,78.24,58.7,62.396,285.5,65.8666666666667,73.3,32.1,101.0,17.75,9.25,60.4,85.6,90.89,71.5,507.0,413.625,752.333333333333,376.0,188.961538461538,120.8,211.666666666667,264.5,34.95,140.0,140.0,89.6,127.0,49.75,65.25,117.75,35.0
43.78,33.1,77.0076923076923,63.0285714285714,110.25,85.4833333333333,12.6357142857143,48.28125,118.5,28.655,33.45,344.0,129.5,23.0214285714286,143.5,440.25,19.9,45.4269230769231,27.95,41.8916666666667,146.5,31.7,16.8,26.0969696969697,23.4047619047619,58.8,366.0,434.583333333333,30.95,44.8,32.9,21.8,28.55,270.5,252.5,365.5,37.0,17.5,108.25,,32.25,81.2041666666667,19.2,,995.0,214.197916666667,43.6384259259259,18.8533898305085,80.52,46.4,21.35,25.2333333333333,72.56,23.6583333333333,276.8,163.5625,27.05,67.37,99.1051724137931,112.5,53.3,80.0,69.4,200.0,84.3925,12.7184210526316,109.578947368421,140.0,38.2408450704225,27.7,86.0,296.941176470588,334.5,350.033333333333,55.84,45.5966666666667,13.3487179487179,32.15,9.70384615384615,16.5666666666667,14.9,23.4857142857143,292.625,17.5619047619048,33.2,10.45,31.8,9.46066666666667,10.05,16.4,17.5825,50.9537634408602,53.1,11.25,21.1230769230769,13.75,26.7261904761905,14.435,11.8931506849315,11.1185483870968,21.8939698492462,20.4141025641026,349.875,61.5,4482.5,91.7285714285714,139.0,82.7,110.5,52.8,22.4142857142857,475.730769230769,279.0,11.0728260869565,146.25,62.4,8.0025,43.5666666666667,32.95,78.22,58.5857142857143,62.3823529411765,285.5,65.8,73.3,32.0,101.0,17.7305555555556,9.25322580645161,60.4,85.6,90.8727272727273,71.6,507.0,414.0,752.333333333333,376.0,189.0,120.583333333333,211.666666666667,264.5,34.95,140.0,140.0,89.6,128.0,49.75,65.2,117.75,35.0
43.7951327433628,33.09375,77.0210526315789,63.0285714285714,110.25,85.5,12.628431372549,48.3,118.444444444444,28.6615384615385,33.44,344.75,129.5,23.0333333333333,143.55,438.86,19.8544117647059,45.4142857142857,27.9,41.875,147.0,31.7,16.805,26.05,23.4090909090909,58.8,365.5,434.583333333333,30.95,44.8,32.9,21.775,28.55,270.5,252.5,365.5,36.9952380952381,17.5,108.35,,32.2526315789474,81.2384615384615,19.2166666666667,,995.230769230769,214.121951219512,43.6040145985401,18.848236196319,80.5159090909091,46.4,21.35,25.2803846153846,72.5857142857143,23.6863636363636,276.75,163.6875,27.0222222222222,67.275,98.9530120481928,112.5,53.3,79.9,69.4,200.0,84.4821428571429,12.741,109.5,139.875,38.1909090909091,27.7,85.9666666666667,296.840909090909,335.294117647059,351.197368421053,55.9,45.6909090909091,13.3236842105263,32.15,9.70894736842105,16.54375,14.9,23.45,293.0,17.55,33.2,10.45,31.82,9.4675,10.0952380952381,16.4,17.5607142857143,50.9,53.1272727272727,11.25,21.1325581395349,13.7551282051282,26.724,14.4428571428571,11.9,11.1095238095238,21.9,20.4209677419355,350.0,61.4142857142857,4482.5,91.75,138.875,82.7142857142857,110.5,52.8,22.4035714285714,475.428571428571,279.7,11.0861842105263,146.333333333333,62.3714285714286,8.00072289156626,43.5833333333333,32.9583333333333,78.2,58.5857142857143,62.3666666666667,285.5,65.8,73.3,32.0,101.0,17.7104166666667,9.25322580645161,60.4166666666667,85.6,90.8909090909091,71.5,507.0,414.5,752.0,376.0,189.0,120.5,211.666666666667,264.5,34.9214285714286,140.0,140.0,89.6,127.5,49.7541666666667,65.21,117.5,35.0
43.7538461538461,33.0883720930233,77.0583333333333,63.0,110.291666666667,85.4174603174603,12.625,48.25,118.307692307692,28.6833333333333,33.45,345.0,129.5,23.0071428571429,143.5,436.1,19.8551282051282,45.415,27.9,41.85,147.0,31.7,16.8,26.0522727272727,23.4,58.9,365.470588235294,434.583333333333,30.95,44.81,32.9,21.8,28.55,270.5,252.5,365.5,36.9924242424242,17.503488372093,108.125,,32.2529411764706,81.25,19.25,,995.0,214.102272727273,43.6452380952381,18.8483333333333,80.5666666666667,46.4,21.35,25.3361111111111,72.6,23.6833333333333,277.0,163.5,27.0522727272727,67.0727272727273,98.852,112.5,53.2928571428571,79.9,69.5,200.0,84.375,12.7311111111111,109.630434782609,139.5,38.2025210084034,27.698275862069,85.9666666666667,296.666666666667,335.130434782609,352.197368421053,55.9,45.575,13.3125,32.15,9.70869565217391,16.54375,14.9,23.4571428571429,293.0,17.5522727272727,33.23,10.45,31.8315789473684,9.46111111111111,10.05,16.375,17.5571428571429,50.9565,53.1,11.2519927536232,21.126,13.75,26.7129310344828,14.4375,11.8892857142857,11.108064516129,21.9,20.4195652173913,350.0,61.4142857142857,4482.5,91.7933333333333,138.5,82.7,110.5,52.8,22.4190476190476,475.5,280.083333333333,11.05,145.806818181818,62.3,8.00785714285714,43.6,32.9583333333333,78.2454545454545,58.5857142857143,62.3923076923077,285.5,65.8285714285714,73.4,32.0,101.041666666667,17.7181034482759,9.2475641025641,60.4,85.6,90.852,71.55,507.0,414.5,752.0,375.5,188.891891891892,120.642857142857,211.666666666667,264.5,34.9441176470588,140.0,140.0,89.6,127.5,49.8,65.18,117.0,35.0
43.7878787878788,33.0857142857143,77.0,63.0,110.333333333333,85.4882352941176,12.6315789473684,48.25,118.2,28.6833333333333,33.4375,345.666666666667,129.261904761905,23.0142857142857,143.583333333333,439.264705882353,19.8627659574468,45.45,27.9,41.85,147.0,31.7,16.8,26.0525,23.4154320987654,58.9,365.538461538462,434.583333333333,30.95,44.8,32.9,21.8,28.55,270.5,252.5,365.5,36.9642857142857,17.5254385964912,108.055555555556,,32.2473684210526,81.2030303030303,19.2125,,996.846153846154,214.175438596491,43.6915384615385,18.8175675675676,80.5978260869565,46.440243902439,21.3616438356164,25.2984375,72.5833333333333,23.6923728813559,276.75,163.428571428571,27.0,67.0375,98.9,112.75,53.3,80.05,69.5,200.0,84.4044444444445,12.7328571428571,109.72,139.5,38.1817073170732,27.7,85.9,296.653846153846,335.166666666667,352.745614035088,55.9142857142857,45.55,13.3125,32.15,9.70850746268657,16.5525,14.9,23.475,293.0,17.5794117647059,33.25,10.45,31.8481481481482,9.47,10.05,16.4,17.58,50.909375,53.1,11.3,21.1413461538462,13.7605769230769,26.724,14.4125,11.8880952380952,11.1045454545455,21.9,20.3848189415042,349.875,61.5,4482.5,91.875,138.5,82.675,110.5,52.9,22.4073170731707,475.5,280.178571428571,11.0630718954248,145.4375,62.4,8.006,43.5818181818182,32.85,78.21,58.525,62.34375,285.083333333333,65.8666666666667,73.4,32.0,101.0,17.716,9.24,60.4,85.6888888888889,90.7333333333333,71.5444444444444,507.0,414.5,752.5,375.5,188.5,120.944444444444,211.666666666667,263.0,34.95,140.0,140.0,89.6,127.75,49.7571428571429,65.1666666666667,117.0,34.95
43.7708333333333,33.0574074074074,77.004347826087,63.0,110.166666666667,85.4916666666667,12.6166666666667,48.25,118.166666666667,28.7235059760956,33.45,345.9375,129.5,23.025,144.0,440.333333333333,19.8506993006993,45.4,27.9,41.9166666666667,147.0,31.7,16.8,26.0615384615385,23.4,58.82,365.541666666667,434.583333333333,30.95,44.75,32.9,21.75,28.55,270.5,252.5,365.75,36.9703125,17.5309523809524,108.1,,32.2071428571429,81.2038961038961,19.2142857142857,,998.795454545454,214.230263157895,43.69,18.8385964912281,80.6285714285714,46.4357142857143,21.3487804878049,25.2695652173913,72.5444444444444,23.675,276.833333333333,163.428571428571,26.99375,67.075,98.8789473684211,112.5,53.3,79.9875,69.5,200.0,84.5055555555555,12.7057692307692,109.690476190476,139.5,38.2148648648649,27.7,85.9,296.596153846154,335.15,352.989361702128,55.9,45.55,13.33,32.1,9.70850746268657,16.5008333333333,14.9,23.4581081081081,293.0,17.55,33.22,10.4059322033898,31.825,9.46464285714286,10.05,16.4,17.5538461538462,50.900826446281,53.1,11.2996621621622,21.1308510638298,13.75,26.7288461538462,14.4362068965517,11.8830985915493,11.1011363636364,21.886,20.3741379310345,350.5,61.4222222222222,4482.5,91.77,139.0,82.7066666666667,110.416666666667,52.8,22.4194444444444,475.825,280.0,11.075,145.52380952381,62.3105263157895,8.00833333333333,43.595,32.85,78.2333333333333,58.5,62.3714285714286,285.5,65.88,73.4333333333333,32.0,101.0,17.73125,9.24,60.36,85.66,90.6102564102564,71.6,507.0,414.5,752.0,375.5,189.0,120.833333333333,211.666666666667,263.0,34.91875,140.0,139.5,89.5,128.0,49.75,65.1,117.0,34.96
43.775,33.0740740740741,77.0375,63.0,110.333333333333,85.4571428571429,12.60375,48.25,118.166666666667,28.7568965517241,33.45,346.428571428571,129.5,23.0071428571429,143.444444444444,440.0,19.8931888544892,45.45,27.9,41.85,147.0,31.7,16.8,26.0547619047619,23.4060975609756,58.1714285714286,365.75,434.583333333333,30.95,44.75,32.9,21.8058823529412,28.55,270.0,252.5,365.75,36.9605769230769,17.5272222222222,108.214285714286,,32.2192307692308,81.2704081632653,19.2175,,999.0,214.313725490196,43.7564338235294,18.8529585798817,80.651724137931,46.4736111111111,21.35,25.2936507936508,72.5727272727273,23.68,277.0,163.428571428571,26.95,67.0727272727273,98.8866666666666,112.5,53.2636363636364,80.0,69.5,200.0,84.72,12.7264705882353,109.611111111111,139.666666666667,38.25,27.7,85.9,296.5,335.5,352.138888888889,55.9,45.55,13.328125,32.1,9.70375,16.5357142857143,14.8958333333333,23.48,293.0,17.554,33.22,10.4,31.85,9.47,10.065625,16.4,17.575,51.0101289134438,53.1353293413174,11.3,21.1344827586207,13.75,26.7234375,14.4309523809524,11.8997267759563,11.1,21.9,20.3590909090909,349.75,61.3857142857143,4485.0,91.75,138.5,82.7533333333333,110.21875,52.9,22.4025,476.0,280.769230769231,11.0503631961259,145.558823529412,62.4,8.0025641025641,43.6,32.85,78.2444444444444,58.6333333333333,62.2916666666667,285.5,65.8222222222222,73.4333333333333,32.1323529411765,101.0,17.7163793103448,9.25,60.3666666666667,85.6947368421053,90.596,71.6,507.0,414.75,752.0,375.5,189.0,120.833333333333,211.666666666667,263.0,34.9388888888889,140.0,140.0,89.5,128.0,49.75,65.1,117.0,34.9019230769231
43.75,33.075,77.0125,63.1,110.1875,85.4909090909091,12.64,48.25,118.486607142857,28.7544,33.45,347.659090909091,129.5,23.02,143.0,439.25,19.9060240963855,45.45,27.875,41.85,147.0,31.75,16.8083333333333,26.0578947368421,23.4157142857143,58.95,365.6,434.583333333333,31.0,44.7545454545455,32.9083333333333,21.85,28.6,271.0,252.5,365.75,36.9863636363636,17.545,108.192307692308,,32.22,81.2985294117647,19.2125,,997.65,214.30612244898,44.05548098434,18.8596774193548,80.6985507246377,46.5,21.35,25.2851851851852,72.6,23.6519607843137,277.0,163.0,26.95,67.125,98.82,112.5,53.4,80.2,69.5,200.0,84.7616438356164,12.7267605633803,109.565217391304,139.75,38.2957446808511,27.6772727272727,85.9,296.5,335.0,351.369047619048,55.8333333333333,45.6,13.3091836734694,32.15,9.70333333333334,16.55,14.8508620689655,23.4815789473684,295.0,17.55,33.22,10.4,31.8277777777778,9.46,10.075,16.375,17.5681818181818,51.0051282051282,53.1132530120482,11.3,21.1425,13.7639534883721,26.7224137931034,14.45,11.9,11.1225,21.9,20.3878048780488,349.9,61.4,4485.0,91.7964285714286,138.5,82.9970588235294,110.5,52.9166666666667,22.4075,477.210526315789,280.916666666667,11.0801886792453,146.0,62.3,8.00017857142857,43.5928571428571,32.85,78.2,58.56,62.28,286.0,65.9,73.3,32.1323529411765,101.0,17.70625,9.2456,60.4,85.6666666666667,90.6346153846154,71.6,505.0,414.75,752.0,375.5,189.307692307692,120.791666666667,211.666666666667,264.0,34.9477272727273,140.045454545455,140.0,89.5,128.0,49.75,65.0166666666667,117.0,34.884375
43.7678571428572,33.1308943089431,77.0307692307692,63.1,110.277777777778,85.475,12.6277777777778,48.2066666666667,118.4375,28.85,33.4333333333333,348.0,129.5,23.0,143.0,438.5,19.9125,45.4368421052632,27.875,41.9,147.0,31.75,16.8,26.0792682926829,23.4111111111111,59.0,365.625,434.583333333333,31.0,44.7908256880734,32.9,21.85,28.6,271.0,252.5,365.5,36.96875,17.5471698113208,108.166666666667,,32.2482071713147,81.2244897959184,19.2083333333333,,996.222222222222,214.792391304348,44.183282208589,18.8939655172414,80.7,46.4888888888889,21.35,25.3017857142857,72.5666666666667,23.65125,277.0,163.0,26.9517857142857,67.1571428571429,98.8,112.5,53.35,80.2,69.5,200.0,84.9343137254902,12.7323529411765,109.5,140.0,38.4303680981595,27.6785714285714,85.9,296.521739130435,335.375,352.0625,55.8222222222222,45.55,13.334375,32.1,9.7,16.55,14.9,23.4714285714286,293.5,17.55,33.25,10.43,31.8464285714286,9.4684,10.1,16.4,17.5909090909091,51.0088235294118,53.101052631579,11.3,21.145,13.7526785714286,26.7231182795699,14.45,11.8914590747331,11.1266666666667,21.9,20.38,350.0,61.5,4490.0,91.8,139.0,83.1,110.5,52.9666666666667,22.4162162162162,477.795454545455,280.681818181818,11.05,146.0,62.3333333333333,8.0,43.5533333333333,32.85,78.2444444444445,58.6,62.26875,286.5,65.9,73.48,32.1323529411765,101.0,17.7140350877193,9.25,60.5,85.7057142857143,90.675,71.6,505.0,414.75,752.0,375.5,189.0,120.625,211.666666666667,264.0,34.95,140.0,139.5,89.5,128.0,49.75,65.1,117.5,34.8590909090909
43.7864238410596,33.1886363636364,77.025,63.0,110.392857142857,85.4979591836734,12.6007462686567,48.2066666666667,118.454545454545,28.9,33.45,347.5,129.5,23.025,143.166666666667,439.375,19.9277777777778,45.4333333333333,27.875,41.9,146.75,31.7,16.85,26.1185185185185,23.4086206896552,59.0,365.6875,434.583333333333,31.0,44.8,32.9,21.8333333333333,28.5833333333333,271.0,252.5,365.5,36.9972727272727,17.5759929390997,108.4,,32.2602040816327,81.2522727272727,19.2090909090909,,1000.19047619048,215.025806451613,44.1167613636364,18.8673913043478,80.7,46.496875,21.35,25.2891891891892,72.55,23.65,277.0,163.0,26.97,67.1285714285714,98.8882352941176,112.5,53.3666666666667,80.025,69.6,200.25,84.9727272727273,12.7069444444444,109.794117647059,139.75,38.4488372093023,27.7,85.9333333333333,296.547619047619,335.052631578947,353.65306122449,55.9,45.5653846153846,13.3324561403509,32.1,9.7025,16.55,14.9,23.4714285714286,293.5,17.55,33.2333333333333,10.43,31.85,9.465,10.1,16.4,17.6,51.0272727272727,53.1,11.2941860465116,21.1090425531915,13.7671641791045,26.7432432432432,14.4489795918367,11.898097826087,11.147619047619,21.8928571428571,20.4,349.5,61.5,4487.5,91.78,139.0,82.99,110.485294117647,52.9181818181818,22.4307692307692,479.21568627451,280.357142857143,11.0517857142857,146.15,62.325,8.00036764705882,43.5833333333333,32.85,78.23,58.6071428571428,62.2,286.125,65.9,73.6,32.1323529411765,101.0,17.7472222222222,9.25083333333333,60.3666666666667,85.7090909090909,90.7,71.55,505.0,414.75,752.6,375.5,188.645833333333,120.6,211.666666666667,264.0,34.95,140.0,139.5,89.5,128.0,49.75,65.1,117.5,34.9373913043478
43.8102564102564,33.1916666666667,77.0875,63.0,110.433333333333,85.5075471698113,12.6413043478261,48.15,118.375,28.9,33.45,348.333333333333,129.5,23.05,143.5,439.5,19.9561224489796,45.46,27.9,41.9,146.75,31.7,16.8,26.1493506493506,23.4185185185185,59.0,366.0,434.583333333333,31.0,44.8,32.9,21.8111111111111,28.6,271.0,252.5,365.5,36.9602564102564,17.6073107049608,108.142857142857,,32.3232673267327,81.2493670886076,19.2066666666667,,1004.75609756098,214.991869918699,44.269868173258,18.858,80.6621621621622,46.5,21.35,25.3,72.6,23.6517857142857,277.1,162.5,26.9426829268293,67.18,98.9323308270677,112.5,53.3666666666667,80.025,69.5736842105263,200.166666666667,84.9,12.7058333333333,109.583333333333,139.75,38.4235576923077,27.6993333333333,85.825,296.954545454545,335.0,354.404761904762,55.9,45.5653846153846,13.3272727272727,32.1,9.70166666666667,16.55,14.88,23.4571428571429,293.5,17.55,33.2,10.4,31.85,9.46333333333333,10.1,16.375,17.5892857142857,51.0022727272727,53.1,11.3,21.1217391304348,13.75,26.7125,14.45,11.8932849364791,11.1121428571429,21.8879120879121,20.3550847457627,350.1,61.5,4490.0,91.8625,139.0,82.9,110.5,52.95,22.42,479.053571428571,280.375,11.0603703703704,146.0,62.2933333333333,8.00143835616438,43.596875,32.85,78.2416666666667,58.45,62.3,286.5,65.9,73.8352941176471,32.1,101.0,17.7321428571429,9.256875,60.4,85.6857142857143,90.7,71.55,505.0,415.0,752.6,376.0,189.0,120.8125,211.666666666667,264.0,34.95,140.0,139.5,89.5,128.0,49.75,65.1857142857143,117.5,35.0840909090909
43.822,33.2506802721088,77.02,63.0,110.444444444444,85.5428571428571,12.6,48.154347826087,118.388888888889,28.9333333333333,33.45,347.833333333333,129.5,23.05,143.5,440.142857142857,19.9775,45.4368421052632,27.85,41.85,146.75,31.7,16.80625,26.1909090909091,23.421875,59.05,366.0,434.583333333333,31.0,44.8,32.9,21.825,28.575,271.0,252.5,365.5,37.0,17.6049295774648,108.2,,32.3980582524272,81.2078125,19.2038461538462,,1000.92592592593,214.897260273973,44.6166246851385,18.8621621621622,80.5666666666666,46.5,21.35,25.2708333333333,72.59375,23.688,277.222222222222,163.0,26.9111111111111,67.175,99.1017543859649,112.5,53.4,79.9428571428572,69.5736842105263,200.0,84.9079207920792,12.7127516778523,109.85632183908,139.5,38.4492753623188,27.7,85.825,296.7,335.5,355.078125,55.9,45.6,13.3449275362319,32.1,9.708,16.55,14.88125,23.4944444444444,293.0,17.5566666666667,33.2,10.4,31.85,9.465,10.05,16.35,17.5543859649123,51.0308823529412,53.1036144578313,11.2934640522876,21.13359375,13.75,26.7161764705882,14.45,11.9,11.1463414634146,21.9,20.3659574468085,349.9375,61.5,4490.0,91.8857142857143,139.130434782609,82.9,110.473684210526,52.9333333333333,22.4057142857143,479.307692307692,280.5,11.0816666666667,146.5,62.275,8.0096,43.5980198019802,32.95,78.22,58.45,62.2791304347826,286.5,65.9923076923077,73.8,32.1,101.0,17.7012121212121,9.24203389830508,60.3666666666667,85.625,90.71,71.58,505.0,415.0,753.0,376.0,188.727272727273,121.0,211.666666666667,264.0,34.95,140.0,139.5,89.5,128.0,49.75,65.1857142857143,117.0,35.1
43.8793103448276,33.2935897435897,77.0333333333333,63.0,110.181818181818,85.4042553191489,12.6428571428571,48.2,118.5,28.9125,33.4,348.5,129.928571428571,23.0,144.0,440.0,19.978,45.5,27.85,41.9,146.75,31.7,16.8,26.1508620689655,23.4,59.0,366.0875,434.583333333333,31.0,44.8,32.9,21.85,28.575,271.0,252.5,365.5,37.0,17.6428057553957,108.2,,32.3410714285714,81.2772151898734,19.23,,1000.0,214.75,44.6670068027211,18.8583333333333,80.5941176470588,46.5,21.35,25.3,72.68,23.6904761904762,277.5,162.928571428571,26.8865384615385,67.22,99.3121951219512,112.5,53.315,80.0,69.6,200.5,84.8381443298969,12.7483606557377,109.75,139.5,38.4945414847162,27.7,85.825,296.916666666667,335.5,355.190476190476,55.925,45.5,13.3413043478261,32.15,9.71408163265306,16.55,14.88,23.4576923076923,293.0,17.59,33.2,10.4,31.8794871794872,9.46565217391304,10.05,16.3576923076923,17.6,51.0204081632653,53.101282051282,11.3,21.1487179487179,13.7745535714286,26.7323529411765,14.45,11.9,11.1444444444444,21.8854651162791,20.3620481927711,349.9375,61.5,4490.0,91.8969696969697,139.0,82.85,110.508974358974,52.975,22.4,481.25,280.0,11.0754098360656,145.961538461538,62.2714285714286,8.00962962962963,43.6082644628099,32.9,78.24,58.58,62.3029197080292,286.5,65.9967741935484,73.8,32.1,101.0,17.75,9.24,60.3666666666667,85.6,90.725,71.5666666666667,505.0,414.909090909091,754.0,376.0,188.9375,121.0,211.333333333333,264.0,34.9307692307692,140.0,139.5,89.5,128.0,49.75,65.5,117.0,35.1
43.90625,33.3745454545454,77.0,63.0,110.464285714286,85.4448275862069,12.6236607142857,48.225,118.428571428571,28.95,33.44,348.166666666667,129.928571428571,23.0375,143.5,439.166666666667,19.9536290322581,45.41,27.85,41.9,146.75,31.7,16.8,26.18,23.4,59.0,366.217391304348,434.583333333333,30.95,44.84,32.85,21.85,28.6,271.0,252.5,366.0,37.0,17.6262820512821,108.181818181818,,32.3974358974359,81.2492753623188,19.2393939393939,,1003.73417721519,214.923566878981,44.7862264150943,18.9007772020725,80.5947368421053,46.5,21.35,25.2989898989899,72.6928571428572,23.7074074074074,277.5,162.928571428571,26.8863636363636,67.2727272727273,99.4,112.5,53.3230769230769,80.0,69.6,200.045454545455,84.746875,12.7492592592593,109.5625,139.909090909091,38.7211419753086,27.7,85.8,297.208333333333,335.5,356.509259259259,55.98,45.5,13.3457627118644,32.15,9.71,16.55,14.8666666666667,23.4642857142857,293.0,17.55,33.2,10.4,31.9166666666667,9.47,10.05,16.3576923076923,17.5970588235294,51.0822966507177,53.1,11.3,21.1492647058824,13.75,26.706875,14.4162162162162,11.8978260869565,11.1434210526316,21.9,20.3625,349.625,61.490625,4490.0,91.9151515151515,138.75,82.9,110.5,52.9,22.4017080745342,482.607843137255,280.6125,11.069689119171,146.0,62.4,8.01,43.65,32.9,78.2571428571428,58.58,62.3134615384615,286.944444444445,66.0,73.7875,32.0333333333333,101.5,17.71125,9.25323943661972,60.42,85.65,90.7785714285714,71.6,506.0,415.0,754.0,375.333333333333,188.625,121.5,210.4,264.0,34.94375,140.0,139.5,89.5,129.243243243243,49.75,65.6,117.0,35.0972222222222
43.886,33.3455357142857,77.02,63.0,110.35,85.4666666666667,12.6192307692308,48.225,118.45,28.95,33.45,348.0,130.083333333333,23.0,144.0,440.0,19.9514925373134,45.45,27.85,41.9041666666667,146.75,31.7,16.8045454545455,26.175,23.4052083333333,59.3,367.0,434.583333333333,30.95,44.8,32.85,21.85,28.5833333333333,271.0,252.5,366.0,37.0,17.6384615384615,108.166666666667,,32.4480952380952,81.2689655172414,19.2125,,1014.71631205674,215.045918367347,44.7545731707317,18.9310810810811,80.6047619047619,46.525,21.3545454545455,25.3166666666667,72.74,23.725,277.0,162.5,26.8675324675325,67.4295081967213,99.4538461538461,113.0,53.34,79.9714285714286,69.7,200.019230769231,84.7903846153846,12.7356756756757,109.888059701493,140.0,38.7875968992248,27.6666666666667,85.8,297.375,335.7,357.714673913043,55.9,45.55,13.3428571428571,32.15,9.71,16.55,14.8525,23.4576923076923,293.0,17.58,33.225,10.4,31.95,9.4636,10.05,16.4,17.5975,51.0083333333333,53.1,11.3,21.1491525423729,13.75,26.7326086956522,14.45,11.9,11.1413043478261,21.9,20.38125,349.833333333333,61.5166666666667,4490.0,91.9961538461538,139.0,82.7111111111111,110.5,52.9142857142857,22.4071428571429,483.08,281.05,11.0848837209302,146.0,62.4088235294118,8.00988235294118,43.65,32.9,78.2047619047619,58.5166666666667,62.3179487179487,287.642857142857,66.025,73.5,32.0333333333333,101.166666666667,17.75,9.25,60.42,85.6666666666667,90.9461538461538,71.6,506.0,415.0,752.0,375.333333333333,188.818181818182,121.5,210.4,264.0,34.9388888888889,140.071428571429,139.5,89.5,129.8,49.75,65.7,117.0,35.151
43.7843163538874,33.2484848484848,77.0285714285714,63.0,110.084337349398,85.4875,12.6023148148148,48.225,118.4,28.9934782608696,33.4166666666667,348.0,129.444444444444,23.0222222222222,143.590909090909,440.0,19.96,45.45,27.85,41.9,146.75,31.7416666666667,16.8,26.1318181818182,23.4,59.3,367.333333333333,434.583333333333,30.95,44.8,32.85,21.8,28.6,271.0,252.5,366.0,37.0079545454545,17.6093984962406,108.3125,,32.467,81.2347222222222,19.2114035087719,,1018.98734177215,215.0,44.8137323943662,18.9175,80.6941176470588,46.5214285714286,21.4,25.3423076923077,72.725,23.75,277.1,162.5,26.9102040816326,67.4973684210526,99.5756097560976,113.092592592593,53.325,79.95,69.7,199.95652173913,84.9866666666667,12.7375,109.664285714286,140.0,38.8131284916201,27.6538461538461,86.0,297.527777777778,336.0,357.465346534653,55.9,45.5681818181818,13.3357142857143,32.15,9.7013698630137,16.55,14.9,23.5,293.0,17.5703125,33.225,10.4,31.95,9.47,10.05,16.35,17.5654761904762,51.0073170731707,53.1508333333333,11.3214408233276,21.1241379310345,13.75,26.706,14.45,11.9,11.1448717948718,21.8885964912281,20.3803131991051,349.833333333333,61.6,4492.5,91.960606060606,138.5,82.84,110.5,52.9090909090909,22.4344827586207,483.740384615385,282.15625,11.0614583333333,146.461538461538,62.4,8.01389830508474,43.6692307692308,32.925,78.2157894736842,58.525,62.3357142857143,287.863636363636,66.05,73.3,32.0333333333333,101.0,17.712380952381,9.25322580645161,60.35,85.6888888888889,91.0181818181818,71.6,506.0,415.0,752.0,376.0,188.777777777778,121.5,210.4,264.0,34.9375,140.045454545455,139.5,89.6,128.636363636364,49.7375,65.6,117.0,35.175
43.7691176470588,33.2673913043478,77.0470588235294,63.0,110.411764705882,85.4833333333333,12.6122950819672,48.2,118.5,29.0006024096386,33.45,348.5,130.0,23.0166666666667,143.5,440.0,19.9466666666667,45.45,27.85,41.85,146.75,31.7454545454545,16.8,26.15,23.4034482758621,59.2333333333333,367.681818181818,434.583333333333,30.95,44.8,32.85,21.8136363636364,28.6,271.0,252.5,366.5,37.075,17.6144736842105,108.166666666667,,32.4322916666667,81.2718309859155,19.21,,1021.32075471698,214.602272727273,44.8759554140127,18.9045454545455,80.6014925373134,46.5071428571429,21.4,25.3086206896552,72.7,23.75,277.5,162.5,26.9352941176471,67.41875,99.664705882353,113.0,53.3071428571428,79.86,69.78,199.95652173913,84.9,12.7441176470588,109.522222222222,140.0,38.8138157894737,27.7,86.0,297.458333333333,336.142857142857,357.967213114754,55.9111111111111,45.5681818181818,13.3383333333333,32.15,9.70166666666667,16.55,14.8565217391304,23.465,293.166666666667,17.55,33.25,10.4094827586207,31.95,9.46176470588235,10.0536585365854,16.35,17.5590909090909,51.0326530612245,53.1,11.3359116022099,21.133734939759,13.75125,26.7030864197531,14.4493827160494,11.8935779816514,11.15,21.859375,20.3924050632911,350.0,61.6,4495.0,92.0066666666667,139.0,82.875,111.0,52.9875,22.42734375,482.931818181818,282.772727272727,11.060625,146.5,62.4,8.01777777777778,43.6916666666667,32.9,78.22,58.4714285714286,62.3035087719298,287.75,66.05,73.3,32.0,101.0,17.7375,9.25283783783784,60.4,85.7076923076923,91.0076923076923,71.5166666666667,506.0,415.5,752.5,376.0,188.815789473684,121.02380952381,210.4,264.0,34.95,140.0,139.5,89.6,129.0,49.75,65.5,117.0,35.15
43.8,33.2354166666667,77.0,63.0,110.277777777778,85.5233333333333,12.6139130434783,48.2,118.5,29.0,33.45,348.5,129.5,23.035,143.625,440.0,19.9423913043478,45.45,27.85,41.85,146.75,31.7416666666667,16.8,26.15,23.4,59.2333333333333,367.973684210526,434.583333333333,30.95,44.78125,32.85,21.85,28.6,271.0,252.5,366.5,37.05,17.6489399293286,108.192307692308,,32.4161538461539,81.2536585365854,19.204,,1026.12359550562,214.709090909091,44.8792857142857,18.9322580645161,80.6,46.5444444444445,21.4,25.3397435897436,72.7,23.8,277.1,163.0,26.925,67.425,99.7,113.071428571429,53.3066666666667,79.6888888888889,69.7,199.95652173913,84.8950413223141,12.7485416666667,109.877192982456,140.0,38.748353909465,27.7,86.0,297.02380952381,336.0,357.778947368421,55.9028571428571,45.5538461538462,13.3485294117647,32.1,9.71,16.559756097561,14.8961538461538,23.45,293.166666666667,17.55,33.25,10.4323529411765,31.95,9.46508474576271,10.09,16.35,17.6,51.0328125,53.1242424242424,11.3374617737003,21.1392156862745,13.7639534883721,26.7078014184397,14.4,11.9,11.1477011494253,21.8558659217877,20.3907407407407,350.0,61.5,4496.42857142857,92.0125,139.125,82.85,110.75,53.0,22.4211538461538,482.957142857143,282.583333333333,11.0913907284768,146.768292682927,62.4,8.01058823529412,43.7,32.9357142857143,78.2545454545455,58.4666666666667,62.3893617021277,287.5,66.1,73.3,32.0,101.0,17.75,9.2515625,60.38,85.924,90.98,71.6,506.0,415.875,753.0,376.166666666667,189.0,121.333333333333,212.0,264.0,34.9291666666667,140.0,139.5,89.6,127.418181818182,49.75,65.55,117.0,35.1473684210526
43.8035714285714,33.2444444444444,77.0096774193548,63.0,110.291666666667,85.58,12.6224137931034,48.2125,118.5,28.9988636363636,33.41875,348.5,129.16,23.05,143.5,440.0,19.9380434782609,45.4,27.85,41.9,146.5,31.7,16.8,26.1071428571429,23.4069444444444,59.0,368.136363636364,434.583333333333,30.9666666666667,44.72,32.85,21.8125,28.6,271.0,252.5,366.0,37.00775,17.65,108.15,,32.4357142857143,81.2560975609756,19.2045454545455,,1034.0438247012,214.730769230769,44.9125490196079,18.9007092198582,80.6157894736842,46.53125,21.4,25.3284482758621,72.7944444444444,23.8,277.5,163.0,26.9166666666667,67.5769230769231,99.906976744186,112.944444444444,53.3266666666667,79.5666666666667,69.7,200.0,84.8482758620689,12.7534161490683,109.647959183673,140.083333333333,38.6442528735632,27.7,85.9666666666667,297.03125,336.25,358.5,55.9363636363636,45.55,13.3202898550725,32.1,9.70534482758621,16.55,14.85,23.45,293.166666666667,17.5512195121951,33.245,10.4315789473684,31.95,9.46017699115044,10.1,16.35,17.5590425531915,51.0122448979592,53.1,11.3424657534247,21.1168103448276,13.7541666666667,26.7122282608696,14.446,11.8702702702703,11.1459459459459,21.8757452574526,20.3897435897436,350.25,61.45,4500.0,92.1137931034483,138.833333333333,82.8,110.666666666667,53.0,22.411,483.388888888889,282.363636363636,11.0908469945355,146.590909090909,62.4,8.01,43.7077868852459,32.9357142857143,78.26,58.5,62.3066666666667,288.0,66.2235294117647,73.8,31.9739130434783,100.625,17.75,9.25410256410256,60.3666666666667,86.22,90.9176470588235,71.6,506.0,415.875,753.0,376.166666666667,189.361111111111,121.214285714286,212.0,264.0,34.9371428571429,140.0,139.0,89.6,127.375,49.75,65.6,117.0,35.15
43.7638157894737,33.2909090909091,77.0136363636364,62.95,110.004032258065,85.5625,12.6,48.2125,118.5,28.9192307692308,33.4,347.4,129.90625,23.05,143.666666666667,440.0,19.9477911646586,45.4166666666667,27.85,41.9333333333333,146.5,31.7,16.8,26.1176470588235,23.4038461538461,58.85,368.988636363636,435.0,30.9666666666667,44.7020833333333,32.85,21.85,28.575,270.75,252.0,366.0,36.988,17.6453703703704,108.15306122449,,32.5089353612167,81.4132275132275,19.2022388059702,,1032.33333333333,214.618421052632,45.015134529148,18.9,80.5777777777778,46.5416666666667,21.41875,25.3385057471264,72.8,23.7903846153846,277.0,163.5,26.95,67.6421052631579,100.0,112.625,53.304347826087,79.5,69.5,200.0,84.9411392405063,12.7875,109.533333333333,139.958333333333,38.6082417582418,27.7,85.95,296.9,336.416666666667,358.5,55.9913043478261,45.5166666666667,13.3290849673203,32.1,9.70602564102564,16.55,14.8717391304348,23.4983870967742,293.166666666667,17.5134920634921,33.2,10.45,31.9233333333333,9.46,10.0875,16.395,17.5611111111111,51.0728395061728,53.1086956521739,11.35,21.1285046728972,13.7827272727273,26.70875,14.4493421052632,11.8544303797468,11.1397379912664,21.8635,20.3705882352941,349.5,61.45,4500.0,92.5626506024096,139.272727272727,82.7538461538462,110.583333333333,53.0833333333333,22.4492857142857,484.25,282.615384615385,11.1003333333333,146.5,62.395,8.01185185185185,43.75,32.96,78.2166666666666,58.3833333333333,62.2866666666667,288.983870967742,66.32,73.8,32.0375,100.772727272727,17.7452205882353,9.25578947368421,60.4,86.33,90.9,71.6,506.0,416.0,753.0,375.75,189.16,121.285714285714,212.0,263.0,34.9461538461538,140.0,139.5,89.4,128.0,49.72,65.7,117.0,35.1678571428571
43.7506024096385,33.2,76.9275862068965,62.9,110.012944983819,85.5903225806452,12.645,48.2,118.3,28.8,33.4222222222222,347.5625,129.291666666667,23.05,143.833333333333,439.5,19.9566666666667,45.45,27.85,41.95,146.5,31.771875,16.825,26.15,23.4,58.725,369.5,435.0,30.9833333333333,44.7321428571428,32.85,21.85,28.575,271.5,252.0,365.5,36.9936170212766,17.6214285714286,108.085714285714,,32.5066666666667,81.5338797814208,19.1732558139535,,1033.38709677419,214.59375,45.158934169279,18.910472972973,80.5857142857143,46.559375,21.4055555555556,25.3416666666667,72.6571428571429,23.7975,276.5,164.0,26.91625,67.862962962963,100.118243243243,112.0,53.3285714285714,79.56,69.6833333333333,199.875,85.1507575757576,12.7423652694611,109.530120481928,139.666666666667,38.5679012345679,27.708,85.85,296.586956521739,336.2,358.5,56.0043478260869,45.525,13.3108333333333,32.1,9.69439024390244,16.6,14.8583333333333,23.46875,293.5,17.5173913043478,33.2166666666667,10.472131147541,31.9166666666667,9.46041958041958,10.0875,16.375,17.5552631578947,51.0372093023256,53.1099099099099,11.3298611111111,21.1146153846154,13.7695652173913,26.7176,14.4333333333333,11.8942424242424,11.1234265734266,21.85,20.3693548387097,349.416666666667,61.5833333333333,4502.5,92.4689655172414,139.444444444444,82.8,110.506756756757,53.0909090909091,22.4344155844156,484.780487804878,282.361111111111,11.1038626609442,146.833333333333,62.3884615384615,8.010125,43.742,32.9866666666667,78.221875,58.4666666666667,62.2198198198198,289.777777777778,66.1909090909091,73.66,32.0,101.002941176471,17.7218181818182,9.25025641025641,60.4285714285714,86.4333333333333,90.7969696969697,71.6,506.0,415.833333333333,752.333333333333,376.5,189.145833333333,120.941176470588,211.0,263.5,34.9409090909091,140.045454545455,139.375,89.7,127.954545454545,49.7125,65.6,117.5,35.16
43.7506024096385,33.2,76.9275862068965,62.9,110.012944983819,85.5903225806452,12.645,48.2,118.3,28.8,33.4222222222222,347.5625,129.291666666667,23.05,143.833333333333,439.5,19.9566666666667,45.45,27.85,41.95,146.5,31.771875,16.825,26.15,23.4,58.725,369.5,435.0,30.9833333333333,44.7321428571428,32.85,21.85,28.575,271.5,252.0,365.5,36.9936170212766,17.6214285714286,108.085714285714,,32.5066666666667,81.5338797814208,19.1732558139535,,1033.38709677419,214.59375,45.158934169279,18.910472972973,80.5857142857143,46.559375,21.4055555555556,25.3416666666667,72.6571428571429,23.7975,276.5,164.0,26.91625,67.862962962963,100.118243243243,112.0,53.3285714285714,79.56,69.6833333333333,199.875,85.1507575757576,12.7423652694611,109.530120481928,139.666666666667,38.5679012345679,27.708,85.85,296.586956521739,336.2,358.5,56.0043478260869,45.525,13.3108333333333,32.1,9.69439024390244,16.6,14.8583333333333,23.46875,293.5,17.5173913043478,33.2166666666667,10.472131147541,31.9166666666667,9.46041958041958,10.0875,16.375,17.5552631578947,51.0372093023256,53.1099099099099,11.3298611111111,21.1146153846154,13.7695652173913,26.7176,14.4333333333333,11.8942424242424,11.1234265734266,21.85,20.3693548387097,349.416666666667,61.5833333333333,4502.5,92.4689655172414,139.444444444444,82.8,110.506756756757,53.0909090909091,22.4344155844156,484.780487804878,282.361111111111,11.1038626609442,146.833333333333,62.3884615384615,8.010125,43.742,32.9866666666667,78.221875,58.4666666666667,62.2198198198198,289.777777777778,66.1909090909091,73.66,32.0,101.002941176471,17.7218181818182,9.25025641025641,60.4285714285714,86.4333333333333,90.7969696969697,71.6,506.0,415.833333333333,752.333333333333,376.5,189.145833333333,120.941176470588,211.0,263.5,34.9409090909091,140.045454545455,139.375,89.7,127.954545454545,49.7125,65.6,117.5,35.16
43.7506024096385,33.2,76.9275862068965,62.9,110.012944983819,85.5903225806452,12.645,48.2,118.3,28.8,33.4222222222222,347.5625,129.291666666667,23.05,143.833333333333,439.5,19.9566666666667,45.45,27.85,41.95,146.5,31.771875,16.825,26.15,23.4,58.725,369.5,435.0,30.9833333333333,44.7321428571428,32.85,21.85,28.575,271.5,252.0,365.5,36.9936170212766,17.6214285714286,108.085714285714,,32.5066666666667,81.5338797814208,19.1732558139535,,1033.38709677419,214.59375,45.158934169279,18.910472972973,80.5857142857143,46.559375,21.4055555555556,25.3416666666667,72.6571428571429,23.7975,276.5,164.0,26.91625,67.862962962963,100.118243243243,112.0,53.3285714285714,79.56,69.6833333333333,199.875,85.1507575757576,12.7423652694611,109.530120481928,139.666666666667,38.5679012345679,27.708,85.85,296.586956521739,336.2,358.5,56.0043478260869,45.525,13.3108333333333,32.1,9.69439024390244,16.6,14.8583333333333,23.46875,293.5,17.5173913043478,33.2166666666667,10.472131147541,31.9166666666667,9.46041958041958,10.0875,16.375,17.5552631578947,51.0372093023256,53.1099099099099,11.3298611111111,21.1146153846154,13.7695652173913,26.7176,14.4333333333333,11.8942424242424,11.1234265734266,21.85,20.3693548387097,349.416666666667,61.5833333333333,4502.5,92.4689655172414,139.444444444444,82.8,110.506756756757,53.0909090909091,22.4344155844156,484.780487804878,282.361111111111,11.1038626609442,146.833333333333,62.3884615384615,8.010125,43.742,32.9866666666667,78.221875,58.4666666666667,62.2198198198198,289.777777777778,66.1909090909091,73.66,32.0,101.002941176471,17.7218181818182,9.25025641025641,60.4285714285714,86.4333333333333,90.7969696969697,71.6,506.0,415.833333333333,752.333333333333,376.5,189.145833333333,120.941176470588,211.0,263.5,34.9409090909091,140.045454545455,139.375,89.7,127.954545454545,49.7125,65.6,117.5,35.16
43.7506024096385,33.2,76.9275862068965,62.9,110.012944983819,85.5903225806452,12.645,48.2,118.3,28.8,33.4222222222222,347.5625,129.291666666667,23.05,143.833333333333,439.5,19.9566666666667,45.45,27.85,41.95,146.5,31.771875,16.825,26.15,23.4,58.725,369.5,435.0,30.9833333333333,44.7321428571428,32.85,21.85,28.575,271.5,252.0,365.5,36.9936170212766,17.6214285714286,108.085714285714,,32.5066666666667,81.5338797814208,19.1732558139535,,1033.38709677419,214.59375,45.158934169279,18.910472972973,80.5857142857143,46.559375,21.4055555555556,25.3416666666667,72.6571428571429,23.7975,276.5,164.0,26.91625,67.862962962963,100.118243243243,112.0,53.3285714285714,79.56,69.6833333333333,199.875,85.1507575757576,12.7423652694611,109.530120481928,139.666666666667,38.5679012345679,27.708,85.85,296.586956521739,336.2,358.5,56.0043478260869,45.525,13.3108333333333,32.1,9.69439024390244,16.6,14.8583333333333,23.46875,293.5,17.5173913043478,33.2166666666667,10.472131147541,31.9166666666667,9.46041958041958,10.0875,16.375,17.5552631578947,51.0372093023256,53.1099099099099,11.3298611111111,21.1146153846154,13.7695652173913,26.7176,14.4333333333333,11.8942424242424,11.1234265734266,21.85,20.3693548387097,349.416666666667,61.5833333333333,4502.5,92.4689655172414,139.444444444444,82.8,110.506756756757,53.0909090909091,22.4344155844156,484.780487804878,282.361111111111,11.1038626609442,146.833333333333,62.3884615384615,8.010125,43.742,32.9866666666667,78.221875,58.4666666666667,62.2198198198198,289.777777777778,66.1909090909091,73.66,32.0,101.002941176471,17.7218181818182,9.25025641025641,60.4285714285714,86.4333333333333,90.7969696969697,71.6,506.0,415.833333333333,752.333333333333,376.5,189.145833333333,120.941176470588,211.0,263.5,34.9409090909091,140.045454545455,139.375,89.7,127.954545454545,49.7125,65.6,117.5,35.16
43.7506024096385,33.2,76.9275862068965,62.9,110.012944983819,85.5903225806452,12.645,48.2,118.3,28.8,33.4222222222222,347.5625,129.291666666667,23.05,143.833333333333,439.5,19.9566666666667,45.45,27.85,41.95,146.5,31.771875,16.825,26.15,23.4,58.725,369.5,435.0,30.9833333333333,44.7321428571428,32.85,21.85,28.575,271.5,252.0,365.5,36.9936170212766,17.6214285714286,108.085714285714,,32.5066666666667,81.5338797814208,19.1732558139535,,1033.38709677419,214.59375,45.158934169279,18.910472972973,80.5857142857143,46.559375,21.4055555555556,25.3416666666667,72.6571428571429,23.7975,276.5,164.0,26.91625,67.862962962963,100.118243243243,112.0,53.3285714285714,79.56,69.6833333333333,199.875,85.1507575757576,12.7423652694611,109.530120481928,139.666666666667,38.5679012345679,27.708,85.85,296.586956521739,336.2,358.5,56.0043478260869,45.525,13.3108333333333,32.1,9.69439024390244,16.6,14.8583333333333,23.46875,293.5,17.5173913043478,33.2166666666667,10.472131147541,31.9166666666667,9.46041958041958,10.0875,16.375,17.5552631578947,51.0372093023256,53.1099099099099,11.3298611111111,21.1146153846154,13.7695652173913,26.7176,14.4333333333333,11.8942424242424,11.1234265734266,21.85,20.3693548387097,349.416666666667,61.5833333333333,4502.5,92.4689655172414,139.444444444444,82.8,110.506756756757,53.0909090909091,22.4344155844156,484.780487804878,282.361111111111,11.1038626609442,146.833333333333,62.3884615384615,8.010125,43.742,32.9866666666667,78.221875,58.4666666666667,62.2198198198198,289.777777777778,66.1909090909091,73.66,32.0,101.002941176471,17.7218181818182,9.25025641025641,60.4285714285714,86.4333333333333,90.7969696969697,71.6,506.0,415.833333333333,752.333333333333,376.5,189.145833333333,120.941176470588,211.0,263.5,34.9409090909091,140.045454545455,139.375,89.7,127.954545454545,49.7125,65.6,117.5,35.16
43.7506024096385,33.2,76.9275862068965,62.9,110.012944983819,85.5903225806452,12.645,48.2,118.3,28.8,33.4222222222222,347.5625,129.291666666667,23.05,143.833333333333,439.5,19.9566666666667,45.45,27.85,41.95,146.5,31.771875,16.825,26.15,23.4,58.725,369.5,435.0,30.9833333333333,44.7321428571428,32.85,21.85,28.575,271.5,252.0,365.5,36.9936170212766,17.6214285714286,108.085714285714,,32.5066666666667,81.5338797814208,19.1732558139535,,1033.38709677419,214.59375,45.158934169279,18.910472972973,80.5857142857143,46.559375,21.4055555555556,25.3416666666667,72.6571428571429,23.7975,276.5,164.0,26.91625,67.862962962963,100.118243243243,112.0,53.3285714285714,79.56,69.6833333333333,199.875,85.1507575757576,12.7423652694611,109.530120481928,139.666666666667,38.5679012345679,27.708,85.85,296.586956521739,336.2,358.5,56.0043478260869,45.525,13.3108333333333,32.1,9.69439024390244,16.6,14.8583333333333,23.46875,293.5,17.5173913043478,33.2166666666667,10.472131147541,31.9166666666667,9.46041958041958,10.0875,16.375,17.5552631578947,51.0372093023256,53.1099099099099,11.3298611111111,21.1146153846154,13.7695652173913,26.7176,14.4333333333333,11.8942424242424,11.1234265734266,21.85,20.3693548387097,349.416666666667,61.5833333333333,4502.5,92.4689655172414,139.444444444444,82.8,110.506756756757,53.0909090909091,22.4344155844156,484.780487804878,282.361111111111,11.1038626609442,146.833333333333,62.3884615384615,8.010125,43.742,32.9866666666667,78.221875,58.4666666666667,62.2198198198198,289.777777777778,66.1909090909091,73.66,32.0,101.002941176471,17.7218181818182,9.25025641025641,60.4285714285714,86.4333333333333,90.7969696969697,71.6,506.0,415.833333333333,752.333333333333,376.5,189.145833333333,120.941176470588,211.0,263.5,34.9409090909091,140.045454545455,139.375,89.7,127.954545454545,49.7125,65.6,117.5,35.16
43.7,33.2,76.8,62.6,110.0,85.4,12.6,48.4,118.0,28.8,33.35,347.0,129.5,23.0,144.0,436.5,19.9,45.5,27.8,41.8,146.0,31.75,16.85,26.05,23.4,58.8,369.5,435.0,31.0,44.6,32.85,21.85,28.6,270.0,253.0,365.5,37.0,17.6,108.0,,32.55,81.0,19.25,,1035.0,214.5,45.3,18.9,80.5,46.65,21.4,25.25,72.5,23.75,276.0,164.0,26.85,68.0,99.8,112.0,53.2,79.4,69.4,199.5,85.4,12.7,109.5,140.0,38.35,27.7,85.7,296.5,337.5,358.5,56.0,45.5,13.3,32.05,9.67,16.65,14.85,23.4,295.0,17.55,33.3,10.5,31.8,9.46,10.15,16.35,17.55,50.9,53.0,11.35,21.1,13.75,26.65,14.4,11.9,11.1,21.75,20.35,349.0,61.6,4525.0,92.5,139.5,82.3,110.5,53.3,22.4,487.0,283.0,11.1,148.0,62.6,8.0,43.9,32.95,78.2,58.2,62.1,290.0,66.2,73.1,31.95,101.0,17.7,9.22,60.3,86.4,90.9,71.5,504.0,416.0,760.0,376.0,189.0,121.5,212.5,262.5,34.9,140.0,139.0,89.9,127.5,49.65,65.6,117.5,35.05
