stock1,stock2,model_type,w1,w2,pval,snr,mu,stdev,skewness,Emu,Estd,action
1301,2887,model1,-0.3808457146779299,0.6191542853220702,0.990893294119014,0.12007310652104305,-0.0006772934689411957,0.0025001645240918893,-1.0194484101031338,-1.7348720038334875e-07,0.0017622461360633302,24
1314,3019,model3,0.3873137109818829,0.6126862890181171,0.10812668010300826,0.24021788612856426,3.936273205851509,0.00307813368007346,-0.17422869735922372,3.936065883206412,0.002891197723432344,8
1303,2015,model3,-0.3815849778427626,0.6184150221572374,0.5371575371957221,0.4666084928722022,0.8244157135176952,0.001265494393897548,-0.19798951121912164,0.8243416604252882,0.0012640315133373285,11
1303,2330,model3,-0.1952109703294018,0.8047890296705982,0.5231789456235907,0.5825449913785439,2.6013800854144256,0.0008623663816399532,0.3907009135805215,2.601315614607001,0.0008045210767123235,12
1303,2834,model3,-0.33302602572840245,0.6669739742715975,0.35887444399840857,0.6467601716284641,0.250329905650496,0.0013921237912597575,0.12141676274874692,0.25024590735445984,0.0013849096258090436,24
1303,3019,model3,0.4066929525414113,0.5933070474585886,0.4445811612474577,0.4173830363532429,4.280684462205672,0.0022166062379644948,0.3053559663858025,4.2806178133607,0.0021823268713269,8
1326,1802,model3,-0.31723355376703066,0.6827664462329693,0.3022143278046322,0.22026161211691275,1.0013476682833713,0.0018848122219813212,0.6419919139216355,1.0011770370388875,0.0017536354869353591,24
1326,2303,model3,-0.31713464255746004,0.6828653574425401,0.470925257987207,0.508776993175561,0.46586740978745,0.0020305289329168976,-0.3567789602809417,0.4657591349174761,0.001984654332609586,18
1326,2448,model3,-0.1970872496799136,0.8029127503200865,0.7553322814467405,0.9373493190861484,2.824240921440333,0.0021187240672273337,-0.3525852927576877,2.8242797855887223,0.002138567940187527,12
1326,2834,model3,-0.1918768626535424,0.8081231373464576,0.6770026668430099,0.7242528488843011,1.2035599285038352,0.0016428728593971807,-0.016930052122708657,1.2035388732708845,0.0016497094794396766,0
1326,2881,model3,-0.26309708107525337,0.7369029189247467,0.6110814228476896,0.4629217064290619,1.5059649767867498,0.0011889901774525815,-0.2219923590393352,1.5059711445890873,0.0011930517949536915,4
1326,3019,model3,0.2392215594769647,0.7607784405230352,0.8354655292150217,0.4172422733336847,4.284682247506309,0.002728622873405162,0.2271273109433131,4.284524372445509,0.0026292809380618785,24
1216,1504,model3,-0.5102499466402879,0.489750053359712,0.008269103593811321,0.41548561686879215,-0.4715392518429125,0.001139614170192636,-0.7907742926143385,-0.471586051445384,0.0011342165319896957,4
1216,1722,model3,-0.369189472386718,0.6308105276132819,0.028506116162328624,0.34714208487778264,1.604781536516554,0.00255717919188457,-2.151560040862249,1.6050615226275833,0.002111481569559523,4
1216,2352,model3,-0.4868947478516527,0.5131052521483473,0.0211983023050344,0.2423079159658635,-0.2568117230553978,0.001305979838522577,0.04134060492737167,-0.25693027909543553,0.0013171196669781197,8
1216,2448,model3,-0.4146283066745482,0.5853716933254517,0.04175025147830081,0.3126620259849869,1.199168540658857,0.0020743564159766666,-0.08894087386016829,1.1990164940094963,0.002059375889603836,5
1216,2474,model3,-0.5996574016905329,0.4003425983094671,0.050590456829329014,0.34559136587100736,-0.30503587250894915,0.0013967377351418507,-0.3123159380877966,-0.30515596337543016,0.0013789122497799963,14
1216,2606,model3,-0.5755352458391102,0.42446475416088986,0.0753961322532172,0.5319887298579093,-0.3677784443189879,0.0006848426614122822,-0.36759497498917976,-0.3678026342894851,0.0006916094969901035,9
1216,2610,model3,-0.5549244732252766,0.4450755267747234,0.07231199616929113,0.14860387720383722,-0.6853635956747346,0.0013571447387982446,1.4031454457887915,-0.6856793948226505,0.0010154767086629256,8
1216,2812,model3,-0.5434659804795555,0.4565340195204444,0.031093450650384907,0.2795105466032635,-0.8043075890097633,0.0015979002765778086,-0.1248283656310292,-0.8045615386272849,0.0016162295804793194,18
1216,2845,model3,-0.3548869385146998,0.6451130614853002,0.02676249629872764,0.41997715006424396,0.44532825209347854,0.001435535345840426,-0.3824165166818586,0.4452982780232646,0.001447386985854771,10
1216,2883,model3,-0.4969357204351469,0.5030642795648531,0.031260282642655075,0.6819145597769474,-0.5352842261220154,0.0009930469348150694,0.20725155527428885,-0.5352895207494603,0.0009948536892498139,14
1216,2887,model3,-0.6061314574876021,0.3938685425123979,0.031481226878353516,0.2485505960885219,-1.1180477445777894,0.00114795766682874,-0.4422223217575433,-1.1181315314232096,0.0011719769229038418,10
1216,2888,model3,-0.6713046722349996,0.3286953277650003,0.025457325123469945,0.2976218897851214,-1.5938132075630014,0.0011776348719500773,-0.5841201889290554,-1.5940445740697748,0.0011312285674314627,24
1216,2912,model3,-0.6321687900504577,0.3678312099495423,0.02487116479865502,0.18585788524524216,-0.5516359487382599,0.001595754199678315,-0.24033550799627054,-0.5514936336724732,0.0015016153379295214,4
1216,3481,model3,-0.6114366825030573,0.3885633174969427,0.0260356241552982,0.1372671055660292,-0.8738122727999771,0.001243963534286914,0.21211865963575305,-0.8742239150668047,0.0011608032896578966,24
1504,2883,model3,-0.4654986528140762,0.5345013471859239,0.0167219802730521,0.5760595275857471,0.038065464717375166,0.0012699483600218347,0.3204723337134446,0.038086763744055396,0.0012791374385911771,5
1504,2886,model3,-0.5929782796751295,0.4070217203248704,0.015358155818831596,0.3228411563423916,-0.4256203696734517,0.0014612881902689786,0.0971694868360562,-0.42580888726836674,0.0014081400681746027,11
1504,2887,model3,-0.642464383324099,0.35753561667590095,0.039727854594385575,0.648739217875093,-0.8357283183533993,0.0011902680987051224,0.2379212974495835,-0.8357933041865331,0.0012214629611252744,8
1504,2892,model1,-0.5335650116010009,0.4664349883989992,0.9623346348915428,0.3212327661882217,0.00010138048061143785,0.001405928890398972,0.32484493354747435,6.661338147750939e-16,0.0014285231197226768,24
1504,3034,model3,-0.5488149476609719,0.4511850523390282,0.11156240912841224,0.43711663586190497,0.4646206214194065,0.0012171928455932954,0.021466060378012918,0.46447607054694906,0.0012454491575309757,12
1504,3481,model3,-0.5850034862557867,0.4149965137442134,0.05190749223308341,0.6012467206317158,-0.209422747407397,0.00115994854388038,0.12593735978110873,-0.20953071904726084,0.001120601417908219,13
1590,2330,model3,-0.08083423258341703,0.919165767416583,0.04264040216167602,0.16192111110138188,3.555310810295613,0.0014888447025271125,0.19691072487067265,3.5550153758087206,0.0013611904550045338,24
1590,2610,model1,-0.3777959519336805,0.6222040480663195,0.7414544154036509,0.1794016155483231,0.0004947910815110569,0.0023267749729792685,-0.3442345867747641,3.04858360777871e-11,0.0020501313857344892,24
1590,4938,model3,-0.3099586643678678,0.6900413356321322,0.1289259675441059,0.5534865947685282,0.9783429827864072,0.0016251502587143539,0.16971578636163553,0.97823089330127,0.0016346609716813695,0
1722,2303,model3,-0.8304108978325391,0.16958910216746104,0.15141885016891993,0.22596022246313996,-3.422431795961413,0.0038023663974978547,2.769963254563033,-3.423012331268672,0.002893073499203601,24
1722,2330,model1,-0.4782346954859677,0.5217653045140324,0.854830211917762,0.24124842690754406,0.0003504511871775584,0.0022063598571575803,2.9817419310269284,4.440892098500626e-16,0.001627223904570258,24
1722,2542,model3,-0.8730248175968476,-0.1269751824031523,0.10211596748435413,0.2685549736530369,-4.644960858821094,0.003920256753260837,2.484633891936668,-4.645615607290118,0.00240453834138857,24
1722,2603,model3,-0.7805893976114473,0.2194106023885528,0.045457691137750965,0.35176492459630204,-2.922845734988868,0.003090882575104649,2.3710406306696385,-2.9231986625893227,0.0025193664893666066,24
1722,2883,model1,-0.3541812209315205,0.6458187790684795,0.5448880078105172,0.4966025140274564,9.504027457343835e-05,0.0019575184885352987,0.7275426232298046,4.440892098500626e-16,0.001846926307095704,4
1722,2885,model3,-0.8815503194083887,0.11844968059161133,0.6882413036256726,0.2396730503163245,-3.770780252534792,0.003929846354605047,2.7678693067399145,-3.7713711476426766,0.0030398721621684227,24
1722,2912,model3,-0.8866638846116213,0.11333611538837865,0.0010906425314414663,0.3169696339500048,-3.6211196635930287,0.0036298302934604093,2.106771686181429,-3.621549986822479,0.0029791093407831796,24
1722,9904,model3,-0.6009839543184294,0.39901604568157056,0.0024594821293970922,0.35386382508979153,-1.5084128177080294,0.0024411453986188263,1.8968876983714005,-1.5086824618596097,0.0019429092833077614,24
2002,2330,model1,-0.5484891718904561,0.451510828109544,0.7967959883784796,0.35825082340971537,0.00010568096945055673,0.0007719536896924918,-0.18805553451758872,1.3322676295501878e-15,0.0007927495898623421,24
2002,2337,model3,-0.687372676475216,0.312627323524784,0.057275274993397636,0.16822001742672113,-1.4619530599698303,0.001152634412988388,-0.7366021196038313,-1.4617626459534836,0.000994858710084968,4
1802,2330,model3,-0.044675359377581804,0.9553246406224184,0.08340367166587627,0.19524132790120452,3.9560352875056486,0.0014442170255759348,-0.1479416577571465,3.9558045032029034,0.0013437116267741697,5
1802,2448,model3,-0.3144155368933164,0.6855844631066836,0.07213103663284798,0.5911740149093971,2.053826855487256,0.0019473568918233302,-0.1217360323602492,2.0538883922105127,0.001938546764188787,8
1802,2610,model3,-0.10836102916776334,0.8916389708322366,0.0438320407235941,0.15629200510161909,2.333582190483994,0.002370964808485793,0.466078945436499,2.3331876662154842,0.0020222723021365765,3
1802,2912,model3,0.3954141628277753,0.6045858371722247,0.04424687139823274,0.29016152735497164,4.361143483620873,0.002091284617607145,-0.15588818050342165,4.361214264666344,0.0020465929234902884,24
1802,3045,model3,0.31609538225899075,0.6839046177410093,0.0396871564395536,0.3470927734321904,4.043568599603073,0.0010432002095548153,-0.32184369574698324,4.043611726739182,0.0010255269855482853,19
2015,2049,model3,-0.4944624244473957,0.5055375755526044,0.12660960028619078,0.7371604641997063,0.5407750857876761,0.0013186884148236153,-0.037433625506210925,0.5407680368736636,0.001320610236028734,18
2015,2301,model3,-0.534317848788432,0.4656821512115679,0.3073982243531805,0.551470987346115,-0.4765903478741521,0.001078868713788314,-0.05706552334400015,-0.47663848884251414,0.0010691919199069602,12
2015,2303,model3,-0.5958774470528447,0.4041225529471552,0.16644140329026613,1.2345789772032465,-1.279183250844915,0.0010563824405766546,-0.006278068196123308,-1.2792296236718776,0.0010331292145837935,5
2015,2308,model3,-0.5913525465166386,0.4086474534833615,0.3140100207317427,0.6759363834946307,-0.4414118590497989,0.0014463786115334627,0.3312762920091153,-0.44135205611811146,0.0014361555926264084,5
2015,2317,model3,-0.7113167230599676,0.28868327694003243,0.13915742855152272,0.6398691249498559,-1.5146147069162086,0.00136280973450304,0.07999750159405186,-1.514657611796184,0.0013359332408937467,9
2015,2330,model3,-0.23489564061546103,0.7651043593845391,0.054228207704472384,0.3495671355399964,2.340678016897796,0.0009821780897825763,-0.07633348518129605,2.3406071471279533,0.0009367901258314502,8
2015,2352,model3,-0.3394438004696353,0.6605561995303646,0.061650361036118165,0.18606661575836408,0.5973686799096896,0.00177010466382846,-0.3387235002358832,0.5975345602815563,0.0017567048424834233,8
2015,2360,model3,0.4233217648359153,0.5766782351640848,0.4061672951532092,0.553088456894194,4.32201518763573,0.0010964117105323387,-0.505553385421583,4.3219816157522075,0.0010925674546189725,24
2015,2409,model3,-0.4637736628006619,0.5362263371993382,0.14458585712491487,1.1054158284774331,-0.10850164832248267,0.0009420092275149322,0.01914880254816357,-0.10855432975270984,0.0009069278518874966,10
2015,2448,model3,-0.4595528912762657,0.5404471087237342,0.09514152770477652,1.8151258226941007,0.6455775935028341,0.0011599201745052339,-0.20832521630676226,0.645589331630015,0.0011645884973613076,8
2015,2474,model3,-0.475895376891766,0.5241046231082339,0.1220063038132286,0.641818796538733,0.5559308314497509,0.0014199759547408265,0.22352474074773548,0.556006039793099,0.001428206687462392,15
2015,2610,model3,-0.3820740903022145,0.6179259096977856,0.0691783805703614,0.5173021841668776,0.3323537236888649,0.0012244155579944306,0.2457483524035959,0.33226955478424713,0.0011079016796208575,4
2015,2812,model3,-0.4087287785659292,0.5912712214340708,0.09005583157169858,0.2902582768453898,-0.11199474158474634,0.002022444102730211,-0.5868297407615193,-0.11205818996942307,0.0020377096152793665,8
2015,2834,model3,-0.4282733383679497,0.5717266616320503,0.0963787049141704,1.0394280720311806,-0.26206237678227845,0.0011530875436500142,0.149200721948597,-0.2620695927269121,0.0011553413975770534,14
2015,2881,model3,-0.5274153704203206,0.4725846295796794,0.431381666744302,1.1062430701976944,-0.3982942304066001,0.0009010921479608297,0.14760226546977806,-0.39829634721688056,0.0009041183256844204,13
2015,2883,model3,-0.06337972518012006,0.93662027481988,0.07908557160692359,0.27530605286966586,2.157263219563317,0.0024609674032315077,0.3408114654136417,2.157442285828189,0.0024832263745234225,24
2015,2885,model3,-0.6905134875251352,0.3094865124748649,0.8000928671915271,0.8451001480489838,-1.8358813327172776,0.0012445245666625258,-0.1321178916693967,-1.8358905568985544,0.0012499466634412657,24
2015,2886,model3,-0.3743690589620769,0.6256309410379232,0.11004941737910896,0.4433281749941962,0.4443331008651303,0.0011169674642459036,-0.4263364953163866,0.4442945965848304,0.0011067762770056117,11
2015,2891,model3,-0.480185521511233,0.5198144784887669,0.06017353361983462,0.3765704691223939,-0.3112597824945356,0.0016591803827366454,-0.12204320922585865,-0.3114196434983678,0.0015501372311797549,24
2015,3231,model3,-0.43451899548993794,0.5654810045100621,0.17058794326261184,1.1690739769822232,0.4983466762671012,0.0008952774933230847,0.011282113905829451,0.4983364998753952,0.0008948245357556104,24
2015,4904,model3,0.2560893173210633,0.7439106826789367,0.13544553224591072,0.4665087106058849,3.8526821071961366,0.0008922251151758894,-0.722182750080073,3.852767028168838,0.0008783939228609985,24
2049,2301,model3,-0.5217747635620247,0.4782252364379754,0.2846169595377955,2.417738024134314,-0.8911721692210229,0.0010129532698823216,0.054218292706857116,-0.89120037476323,0.0010203353510885446,10
2049,2303,model3,-0.5983570933921359,0.4016429066078641,0.08618710960897735,1.4622199247893906,-1.8829741775323008,0.0012193077164220846,-0.4690602232427454,-1.8830138167514037,0.0012219361802595647,3
2049,2308,model3,-0.5998807657352204,0.40011923426477947,0.14930002272801834,0.4894588786687735,-1.1053951006266034,0.0016870435405724848,-0.10078752925090552,-1.1053149195208518,0.0016497320383769552,0
2049,2317,model3,-0.7289650137445343,0.2710349862554656,0.05486379066841435,0.6779259361728959,-2.3859084829964976,0.0017144981269675435,-0.036636890576888376,-2.3859311590752865,0.0017168393172123776,0
2049,2330,model3,-0.2558508316564679,0.7441491683435321,0.027244227708615013,0.9335539683788372,1.9140841122456518,0.0009213113337079227,-0.5527691705931961,1.914045764575663,0.0009062449443883215,10
2049,2352,model3,-0.384501658289663,0.6154983417103371,0.03605386260426385,0.2305027128346965,-0.09841118621980224,0.0018594824403837997,0.18676829803080144,-0.09823879926201307,0.0018156539178094523,0
2049,2360,model3,0.4173939350012847,0.5826060649987153,0.2628661843804006,0.996145276965106,4.733749810135514,0.001041185215600939,-0.2560990271751624,4.733724313663962,0.0010287384374522387,16
2049,2409,model3,-0.4665898943555259,0.5334101056444741,0.056654408561581326,0.6222113473584435,-0.5867842670865258,0.0012382729846890847,-0.043098654306507764,-0.5868496840410549,0.0012320316645947512,13
2049,2448,model3,-0.4204332959898631,0.5795667040101369,0.021189545775694662,0.9752885502993388,0.57519062421541,0.00157526807810184,-0.4223527051440764,0.5752124918454911,0.001577758966439916,8
2049,2474,model3,-0.4695839608295924,0.5304160391704075,0.044010957246933116,0.4920308439419313,0.1513381444934913,0.0017239836613722815,0.17498733390480384,0.15144013870491735,0.001710586107437707,24
2049,2610,model3,-0.3660165614474617,0.6339834385525382,0.007570522030665196,0.4386498515292041,0.08808270360916733,0.0014199754288541822,0.21436866543103306,0.08797912174752875,0.00132246967461093,3
2049,2801,model3,-0.5003036136764062,0.4996963863235938,0.19383234628023996,0.5654422384233656,-0.9328280495341202,0.0013651146967637153,-0.3891841817678479,-0.9328035167529574,0.0013574483315786196,5
2049,2812,model3,-0.42475344122136294,0.5752465587786371,0.026875095866895755,0.3224838022525407,-0.6358682843935386,0.002031506907120219,-0.3114351009539362,-0.6359162820067072,0.0020536076383026202,4
2049,2834,model3,-0.4302625552314589,0.5697374447685412,0.04741354893040799,2.1883732324737086,-0.6971616877534763,0.0011547305883356847,0.07486214090942613,-0.6971624092211697,0.001158680024277504,17
2049,2883,model2,0.043068982016198416,-0.9569310179838016,0.001,0.2742399411879983,-2.250219298390932,0.0025531301025975253,-0.336186923194493,-2.2504784713474537,0.0025765048780183935,8
2049,2885,model3,-0.6868601193717285,0.3131398806282716,0.7311784828470144,1.0331810865582745,-2.482826053786804,0.0013647461382255825,0.1358139347590098,-2.482829410851771,0.0013712958208448867,10
2049,2886,model3,-0.38501487342845936,0.6149851265715407,0.03855138565732822,0.5333664371789312,-0.010061439512396264,0.0012273169846905773,-0.15379957681909878,-0.010091013847385533,0.0012304185409106447,8
2049,2888,model3,-0.41614015062475607,0.583859849375244,0.029490060162670275,0.1835262330885572,-0.5376862001286568,0.0021160792589633094,-0.28558334295313603,-0.5375464039248099,0.0020841654879596547,3
2049,2912,model3,0.4936385216526975,0.5063614783473025,0.017793410302467075,0.2228105640303895,4.9464575417087335,0.002325969943182255,-0.5952209374873941,4.946628247593025,0.002221814179442883,24
2049,3019,model3,0.5076577609536297,0.4923422390463703,0.07765925573991138,0.39487594477252,4.618918135927751,0.002295693163123481,0.6226430655192888,4.618801840736325,0.00221102019392232,5
2049,3231,model3,-0.4460133382727621,0.5539866617272379,0.07133631760483908,0.5517302721227596,-0.031914915787952615,0.0012384148371462351,0.14005040942202995,-0.03192010466568007,0.001243063814709373,0
2049,4904,model3,0.2601489704886556,0.7398510295113444,0.09957981854121156,1.0466335443193833,4.108952634555794,0.0008332150636192754,-0.4353498862524804,4.109000080140724,0.0008379401016038909,24
2204,2360,model3,-0.33412545363998186,0.6658745463600182,0.2444305148684566,0.2779237776540594,1.8872025056603892,0.0013111127450444046,0.16130526238525353,1.8871078289451215,0.0012758689690432815,24
2303,2308,model3,-0.4987527409116344,0.5012472590883655,0.2559641157204339,0.5492711883834359,0.9962901651871324,0.001792253731115629,0.6464427782409784,0.996477658620951,0.0016784793362758137,4
2303,2317,model3,-0.6262081335573876,0.3737918664426124,0.09887925686728596,0.9089790566505029,0.011563766510507714,0.0015575235892503565,0.16592096957043373,0.01160536926835909,0.001573213069284549,9
2303,2330,model3,-0.15210406061766688,0.8478959393823331,0.07607180453190598,0.4533813547202533,3.2223264120034947,0.0010459076178435172,-0.30334336248442184,3.2222669072512176,0.0010198050665620392,8
2303,2360,model3,0.32875411405250626,0.6712458859474938,0.313540195784875,0.682531429605475,3.9575639695094975,0.0011203917444505807,-0.1917373836115709,3.9574664194942972,0.0010578091975472692,8
2303,2448,model3,-0.35168432839704306,0.6483156716029569,0.08403980278018755,1.52043244700079,2.0210048598830035,0.0015513002689624955,-0.19707360725633424,2.0210510852606807,0.0015442728966956422,4
2303,2474,model3,-0.3559064391650323,0.6440935608349677,0.08047470033035115,0.5136529374071851,2.0546232648400915,0.0018651134737593211,-0.0076497849264011404,2.054813257493901,0.001836484029296062,15
2303,2610,model3,-0.2682730237847069,0.7317269762152929,0.045205312422829484,0.4690929559304984,1.4745744412066808,0.001451494356968455,0.1283855778731926,1.4744916009630202,0.0013635514280128079,0
2303,2801,model3,-0.406207474521748,0.5937925254782521,0.1453416551949674,0.3018410299570886,0.7420662074077976,0.0014795381529508574,-0.6138214498215243,0.7422032788633315,0.0014098649598937281,9
2303,2812,model3,-0.3051147158285337,0.6948852841714663,0.094011561200025,0.2630740911134525,0.9583550583004908,0.002385831685396428,-0.4036555799645413,0.9583314462732964,0.0024011640399510025,0
2303,2834,model3,-0.33570900757820593,0.6642909924217939,0.07730101595309415,1.2471377753868689,0.7687811004464455,0.0012753091291855109,0.1108076020271887,0.7688011854057402,0.001275799967117209,11
2303,2881,model3,-0.4298210367558989,0.5701789632441011,0.4203371648392538,0.9528189881429922,0.8904294902013153,0.00107397146352255,0.34963723531607466,0.8904838021082115,0.0010454065920534183,13
2303,2885,model3,-0.6007852225070824,0.3992147774929176,0.6640535812911026,1.1232860070645772,-0.4466713123071059,0.001503082686408799,0.01649835749423134,-0.446592309703008,0.0014508408887324257,8
2303,2886,model3,-0.2833747806653088,0.7166252193346911,0.08929282149986331,0.4311363454507324,1.4507096555944958,0.001237860274343085,-0.3417696844804097,1.4507126529606285,0.0012421646340232291,8
2303,3019,model3,0.40142665504825065,0.5985733449517493,0.3313733721438646,0.4075712797175265,3.6366836895644776,0.002538713236177414,0.33489256454501604,3.636509477995086,0.0024004756008875116,9
2303,3231,model3,-0.34153780384176424,0.6584621961582358,0.13346092852044522,0.926441203112803,1.6710314836925806,0.0010847631744140558,0.0625991546788111,1.6710704415728455,0.0010835827440215968,16
2303,4904,model3,0.17870479529561056,0.8212952047043895,0.1449313935028041,0.6194928705708108,3.609404824279818,0.0008787266508046278,-0.5163710025653934,3.609468930586719,0.0008761225244192138,24
2308,2409,model3,-0.3735951639017455,0.6264048360982545,0.1830766544151076,0.8887282436469328,0.28144425312159765,0.001097310379412796,0.33767971540799363,0.28134039853789083,0.0009872407847702361,5
2308,2610,model3,-0.3089046021830469,0.6910953978169532,0.06832764824696143,0.5381193435117102,0.6250767582694586,0.001379144535034839,0.8025444522361391,0.6249554775489072,0.0011779752278705884,24
2308,2885,model3,-0.6232916422918479,0.37670835770815214,0.6353198781264902,0.3072349800768457,-1.8119511857006685,0.0018911434056075051,-0.8893507086305716,-1.8120787358509653,0.0018761720130419889,24
2308,2886,model3,-0.28932392939997154,0.7106760706000286,0.13558919622562451,0.5203289118665508,0.8440746292576908,0.0013267079012578634,0.05936879637824805,0.8439725845670252,0.0012765675719650616,0
2308,3034,model3,-0.2704385248268848,0.7295614751731152,0.16254759254749254,0.25609364130176404,2.003519369485593,0.0011487242657908482,0.01701225777378106,2.003582995494807,0.0011446769914730604,3
2308,3231,model3,-0.3410246616135515,0.6589753383864486,0.18708796696980165,0.42255779939178456,1.0015522952713494,0.001249821580140242,-0.08059786464129183,1.0014724443251897,0.0012129132631848079,15
2301,2303,model3,-0.5685467622474809,0.4314532377525192,0.19163797226282656,0.9889879359036332,-0.8497346523476437,0.0010948226347912429,0.03574282939559285,-0.8497517300312258,0.0010948008309603992,10
2301,2317,model3,-0.6891114138737281,0.31088858612627196,0.09557328200020314,0.3262743146883753,-1.0263391568443987,0.0014349815619176332,0.05538507121436037,-1.026296837411729,0.0014582969313815613,9
2301,2330,model3,-0.2222343124801876,0.7777656875198125,0.3053085540529467,0.4928625653246017,2.5407882152767534,0.0008010216985654818,-0.05722591149105651,2.540754716235814,0.0007807708141284369,9
2301,2360,model3,0.3917682800493541,0.6082317199506461,0.5237068366873292,0.43212537702710746,4.169887894545245,0.0009368879928121713,0.37571099644844497,4.169799442547993,0.0008918019360501564,17
2301,2448,model3,-0.42022773542682734,0.5797722645731727,0.25225170069369324,1.1204083807621543,1.1667636611367962,0.0014099378182842234,-0.4004641148420485,1.166803913763567,0.0014100320810890444,13
2301,2449,model3,-0.5082128979892291,0.491787102010771,0.29163292600360186,0.8028371041977351,-0.430934419049057,0.0014882644805002069,-0.34901561467374365,-0.43081511793624205,0.001460179031408549,20
2301,2454,model3,-0.5231470058319134,0.4768529941680866,0.33945222329580993,0.1455657634759554,0.8892594437605116,0.0020655700189478924,-0.4437001159606247,0.8896190425062009,0.0018475734150063439,5
2301,2812,model3,-0.37912015066042143,0.6208798493395785,0.3047388463298491,0.2798999198372849,0.2467484033158095,0.0020135686121431373,-0.3250859235286061,0.2467280980723705,0.002025551074234246,24
2301,2834,model3,-0.4131501520485928,0.5868498479514072,0.26991090289508884,1.5614893081603145,0.013432128924663831,0.0010271487679289328,0.18718909914743745,0.013446704806107324,0.0010296379332576425,5
2301,2881,model3,-0.498477708437175,0.5015222915628251,0.5240336499145191,0.45368791820078297,0.0375883832726789,0.0008997816732582508,-0.06994925690261157,0.03764145857822787,0.0008838169006918495,13
2301,2883,model3,0.033107867333851015,0.966892132666149,0.22037221364112294,0.27534551122765777,2.6146807425699325,0.002562011172270394,0.3711053558501677,2.61482846258049,0.0025818263951997785,9
2301,2886,model3,-0.3407202619008305,0.6592797380991694,0.2793882499702578,0.5000274000004848,0.8314688343686399,0.0011110663991966336,-0.4154860313527925,0.8314604339620437,0.0011132457720492534,8
2301,3231,model3,-0.3955472575895733,0.6044527424104267,0.2328323019295857,0.29556103154347824,0.9807936065267532,0.0010493206968623203,0.8092834596005142,0.9808217847316132,0.0010546402631919764,0
2301,4904,model3,0.23306951196794334,0.7669304880320567,0.20550466076093266,0.7559162711989119,3.7472613238196715,0.0006604138667949005,-0.4731694736042624,3.7473014427958136,0.0006605841134806132,24
2313,2330,model3,-0.11386009195705465,0.8861399080429454,0.025465441390137324,0.4954146171388895,3.4889290801356894,0.0010073577639989162,-0.15601094902221946,3.4888875359095475,0.000998969420736847,8
2317,2330,model3,-0.08917552789042603,0.9108244721095741,0.059864404089038134,0.3685885975846796,3.4985521865326623,0.0011549449207095884,-0.07658156436973784,3.498460398071087,0.0011212900008893772,8
2317,2448,model3,-0.25466045958295075,0.7453395404170492,0.07340992788979149,2.2122527586907794,2.2520883242072283,0.0016009024505063856,-0.19236796954479934,2.252125082703732,0.001587135475335786,8
2317,2881,model3,-0.3123238621399192,0.6876761378600809,0.3168814976853788,0.43543799521983817,1.0504947423071984,0.001226140161036195,-0.447914401156235,1.0505376040491976,0.0011921039822574118,0
2317,2886,model3,-0.1848354511480632,0.8151645488519368,0.06946603791312689,0.4103027097227819,1.6805745016067295,0.0015517817757270398,-0.5347543126061534,1.6805377663997865,0.0015597625324927993,13
2317,3019,model3,0.28334359224667843,0.7166564077533215,0.13560041075652254,0.27984191771308536,4.3459812840958145,0.0031505102027544326,0.3448768943104218,4.34573631031711,0.0029213961364470127,5
2317,3231,model3,-0.2374523359582871,0.7625476640417129,0.11498789676113964,1.4014510563476772,1.9213591674061044,0.0010465529727915453,0.10681588601702513,1.9213734846902262,0.0010443224504898608,13
2317,4904,model3,0.09709606190933158,0.9029039380906684,0.032935433307741416,0.561408049566612,3.874887296435567,0.0008902082540647159,-0.34380005968421123,3.875002666345364,0.0009127389617088663,24
2337,2883,model3,-0.3932092746088751,0.6067907253911249,0.024642257881212062,0.9235298939908848,0.33595417656257537,0.0012211143605703335,0.5823837299317749,0.33593989290200654,0.0012198356251838852,14
2337,2892,model3,-0.5011715791838817,0.4988284208161182,0.06550032597215462,0.3828203332604427,0.07682074829472768,0.0013415961038174026,-0.8970847527245629,0.07666445265737876,0.001354629882315215,18
2337,3034,model3,-0.4095035350408128,0.5904964649591872,0.06413861196544518,0.3642225379759245,1.3964906241207722,0.0011149855082506351,-0.5540612260155048,1.3963559963063277,0.001122495421964568,24
2337,6116,model3,-0.4230496074807508,0.5769503925192491,0.04643054121121749,0.4385264962791853,-0.34065242564428466,0.001331810166870654,0.373781349287628,-0.3407527738913956,0.001312580777324018,4
2330,2352,model1,-0.41030548386645177,0.5896945161335482,0.6949117363222653,0.2503289277667307,-0.0001629744804810359,0.0013898833329829075,0.24874473404327765,-1.3322676295501878e-14,0.001358248335664943,9
2330,2360,model3,-0.7036676239556993,-0.2963323760443007,0.1961557886270891,0.3951298924535362,-4.367546683405425,0.0009008948850363873,0.16430532237863016,-4.3674708000277125,0.0008396344879452834,24
2330,2409,model3,-0.7919753472647179,0.2080246527352822,0.027146779354983813,0.2866911015671638,-2.7227279565119398,0.0010138883875043482,0.10642007424849033,-2.722664324582998,0.00099007632745519,5
2330,2448,model3,-0.6693507938159206,0.33064920618407945,0.00451508549174672,0.6921559908968423,-1.3443433398843991,0.0010876600589818973,0.07302763180343473,-1.3443034280513042,0.0010725907920327397,8
2330,2454,model3,-0.8086874141012036,0.19131258589879646,0.06300004582115289,0.24588957957395685,-2.3624384922968606,0.0012968911171172546,0.0812851780150043,-2.3622751303580936,0.001192467791125723,5
2330,2474,model1,-0.5248950791066435,0.4751049208933567,0.7136553144637856,0.419619848026395,-0.0001522380937384149,0.001490388522789158,-0.016412282497323964,-1.7763568394002505e-15,0.0014794511305563903,5
2330,2610,model3,-0.7126424865457078,0.2873575134542921,0.001,0.33093060482302444,-2.193216708851517,0.0009304028235805519,-0.2069913704770348,-2.193190511209807,0.0009379881028284076,18
2330,2801,model3,-0.7495317065250162,0.2504682934749838,0.1188664278049024,0.40887740094525815,-2.430538902163898,0.0008873349515719243,0.17733889652610585,-2.4304764225048605,0.0008346266828571792,5
2330,2812,model3,-0.7197784633290056,0.2802215366709944,0.0879717522683161,0.5636464848116669,-2.3662616667315706,0.0009852708152661136,0.054820558341660636,-2.3662031931923457,0.0009449364629278094,9
2330,2834,model3,-0.7018155683272057,0.2981844316727944,0.05211781763957828,0.5650233283584049,-2.251529300073352,0.00100099043863493,0.34597607197646424,-2.2514948217722,0.0009917717805216376,5
2330,2881,model3,-0.7952851700503403,0.20471482994965975,0.3097151869541079,0.34351883803094035,-2.6695247536385263,0.0009894651520252207,0.11169193534102444,-2.669445945367827,0.0009369391183217608,12
2330,2882,model3,-0.8467330329099337,0.15326696709006624,0.055929452148454295,0.16489010629998,-3.0405120778486743,0.0013282924755885154,0.29864002336439155,-3.0402276450300496,0.001196684637709055,24
2330,2885,model3,-0.8806830755224079,0.11931692447759205,0.7805942124743325,0.3857358217439333,-3.4190351715921063,0.0010723112240040137,0.3918842365029216,-3.4189583714860374,0.0010151772604946084,12
2330,2886,model3,-0.6701838613033511,0.329816138696649,0.01306707140691048,0.4311402314782926,-1.850276278847276,0.0008954053470019307,-0.04939146893713275,-1.8502413022805584,0.0008838043472381968,9
2330,2887,model2,-0.7447586520589162,0.2552413479410837,0.001,0.19755396599565567,-2.486408446261703,0.0012744567959070926,0.03052273901762297,-2.4862007857015405,0.0011265651530405283,24
2330,2888,model3,-0.726464101212817,0.27353589878718304,0.056601369929605565,0.33638424588753435,-2.397671385510538,0.0010985494109190773,-0.16679688378799926,-2.3974923445309897,0.000997986999156132,8
2330,2891,model3,-0.9723246441892608,0.027675355810739325,0.009202013629693202,0.1726093050533323,-4.103882953022104,0.0015228516539911804,0.19563102105441926,-4.103606594097371,0.0014026211415310256,5
2330,2892,model1,-0.4332019202965637,0.5667980797034364,0.8214949386969,0.14354377791273246,-0.00026468069401013614,0.0015595526833225484,-0.3483263280646916,-3.162542228096754e-09,0.001478175636308475,24
2330,2912,model2,-0.25694918928086224,0.7430508107191378,0.001,0.07230462060144628,2.487781831806599,0.004203395771639983,-1.0833970380137772,2.4889988464325707,0.003453362080306348,4
2330,3019,model3,0.7417809703091092,0.2582190296908909,0.03219630374163207,0.30699897170938034,4.2737661899402735,0.0012749977800497019,1.0256523407847131,4.27366969047218,0.0011814067193467034,24
2330,3045,model3,-0.9074365003864712,0.09256349961352904,0.015328907928319676,0.1379713372437658,-3.519864542852561,0.0015586313314407733,0.2130022575236495,-3.519494761281433,0.0013626288985559983,24
2330,3231,model3,-0.7710185583413536,0.2289814416586465,0.040442237761907036,0.2722506858811201,-2.4046674167121016,0.0010593193747497622,0.2977943561780768,-2.4045621441377767,0.001010153406334571,24
2330,3481,model3,-0.702562937849838,0.29743706215016186,0.04071188535672088,0.5814954526388515,-1.9713443682080347,0.0008620861195549621,0.14729607273836068,-1.9712892366320525,0.0008331234037191177,9
2330,6116,model2,0.6543019015383534,-0.3456980984616465,0.001,0.3101516525890389,2.2324098440757503,0.0010180268215946575,0.3688784280902092,2.2322691360558857,0.0009506651314218446,24
2330,9904,model3,-0.8232940460920858,-0.17670595390791416,0.015378129649431818,0.2078574223290285,-4.132635765710257,0.0013500877506043949,0.25619604612671343,-4.13241813510274,0.0012269458407526486,24
2352,2409,model3,-0.5782446543017961,0.4217553456982039,0.0382625344298068,0.1697884872630455,-0.3326003051187336,0.001570085551471827,0.2241286961406063,-0.3328499540204246,0.001471870967343588,24
2352,2448,model1,-0.6084579558664123,0.3915420441335877,0.8508824290566405,0.3427775729798597,6.030952417437194e-05,0.0017200714486513284,0.40008765198723656,1.468736243737112e-11,0.0016950741399657098,3
2352,2449,model1,-0.4915544139726187,0.5084455860273813,0.9025021946677584,0.32632788523133904,9.189512965515956e-05,0.001941038712991384,-0.061090634533087065,1.176836406102666e-14,0.001945738612469735,24
2352,2606,model3,-0.5237483682253574,0.4762516317746426,0.05098352760158338,0.3826910600898492,0.398124415887858,0.0011532591232997866,-0.5891465254245606,0.39819779423321355,0.001147470324150807,24
2352,2610,model3,-0.44259427335203294,0.5574057266479672,0.009988867615057836,0.2556614089046024,0.377376722394104,0.0015121928165482087,0.6531515661802981,0.3771724727809873,0.0012807620322823853,5
2352,2812,model1,-0.4670621925897476,0.5329378074102523,0.8788370636480409,0.7326910885130932,6.713817537371843e-05,0.0012781594385608435,0.117393507322182,2.220446049250313e-16,0.0012771447912011235,8
2352,2882,model3,-0.5867434695286473,0.4132565304713528,0.058828937765920214,0.2554016214876302,-0.11603403091845962,0.0013413537398403918,0.0813568884101463,-0.11598400802879638,0.0013579134680418506,24
2352,2886,model3,-0.4755888091479542,0.5244111908520457,0.02392301729605085,0.29870901179480897,0.22529009158418076,0.0012884767156561686,0.0035861901597822226,0.22516158108287132,0.001242705481474815,0
2352,2892,model1,-0.5234467484478901,0.47655325155211004,0.9785946873256106,0.2374197201520214,-3.0327864992581628e-06,0.0014381705377507685,0.18674451224073188,-2.4424906541753444e-14,0.001443732002822751,24
2352,2912,model3,0.1549712924434044,0.8450287075565955,0.0065272501602889185,0.07933003036756046,4.553679590587224,0.004642397136115911,-1.1295306163608891,4.554774069035602,0.0038956166378964546,24
2352,3034,model3,-0.4926328489636043,0.5073671510363956,0.04819736964259176,0.28580530280732,0.8221605798373728,0.001262857426532391,-0.2309665272617672,0.8221192714223571,0.0012720267325205246,24
2352,3481,model3,-0.5212404491326327,0.4787595508673673,0.045294791713979085,0.4933544998436106,0.13853714260031755,0.0010485556543911798,0.14217961337817178,0.13846254990550633,0.0010225807033967921,8
2360,2610,model3,0.3489524286761985,0.6510475713238015,0.11788322667288785,0.2032929579870753,3.562251144488755,0.0016863509169285375,0.4103175487403957,3.5620170842825534,0.0014179725690418486,5
2360,2883,model3,-0.2455502060004615,0.7544497939995385,0.21044835676644225,0.2998732443318236,0.8402773735404719,0.001953083288286052,0.5714968429234392,0.840354379526955,0.001959265252636113,9
2360,2885,model3,0.753985777190205,0.24601422280979504,0.9538910536470931,1.230347838734105,4.172840407744664,0.0008939679473392105,-0.15883747117743807,4.172801072392394,0.0008882476354553471,8
2360,3019,model3,-0.5787779668417676,0.4212220331582325,0.3614830092589387,0.4389417422808272,-0.8504324220838604,0.00146982610152985,0.16724644661369448,-0.8504772512205412,0.0014479431679916915,0
2360,3702,model3,-0.6744917234852433,0.32550827651475656,0.8540379431683434,0.4743355881031435,-1.7178236759497818,0.0008743082221296011,-0.2700458239935031,-1.717884718448028,0.0008235134053036881,24
2408,2448,model3,-0.2864448529332969,0.7135551470667032,0.1269225475646804,1.0941632087991913,2.4876637474620154,0.0018351997236653688,-0.23101649925801665,2.487706108760621,0.0018323503715927524,13
2409,2448,model3,-0.4763343707504848,0.5236656292495153,0.04484001274061895,1.2556510416932738,0.8577007019596192,0.0013852030990434074,-0.11670530144958847,0.857753215049806,0.0013712508346403066,8
2409,2449,model3,-0.5758151857507708,0.4241848142492292,0.05464291829286845,0.5158411155344275,-0.6836393277475963,0.0014791101845042945,0.028618029010954987,-0.6834856425669324,0.0014067101726902998,24
2409,2454,model3,-0.6202182720798219,0.379781727920178,0.1149296487919235,0.33248926014737057,0.16943176429225246,0.0012890251860372833,-0.7588462570777861,0.16966008643972863,0.0010467559643953332,12
2409,2474,model3,-0.5106442224152175,0.4893557775847824,0.041424035444083324,0.4612296420438873,0.6333824773591477,0.0013015660124373347,-0.07290212262046977,0.6335257494714175,0.0012469849313100061,18
2409,2610,model3,-0.4188824822305604,0.5811175177694397,0.017956356380919417,0.6987668918129329,0.3852068934989972,0.0009383451419754259,0.12243178153698965,0.38518616714726805,0.0009173115105570868,24
2409,2812,model3,-0.4910612580527578,0.5089387419472423,0.06355304710798115,0.3803749363284653,-0.2942015209919427,0.0015971377668817135,-0.5016800494077146,-0.29415875301769767,0.0015813456437216342,10
2409,2834,model3,-0.4699172501989726,0.5300827498010274,0.046902852161002116,2.1171707121951022,-0.1859871505121099,0.000983831295037509,0.5783628225666625,-0.1859647224209775,0.0009767504904236897,0
2409,2881,model3,-0.5687392984075368,0.4312607015924632,0.3147722098295669,0.6747603302549461,-0.2915837817962447,0.0009495106874430752,0.5266119357177574,-0.2915058613416275,0.0008962462723595206,13
2409,2883,model3,-0.17315846292632744,0.8268415370736725,0.025340998457063973,0.2745065950569452,1.5570307010689717,0.0021227487562233247,0.3398778751307081,1.557248083341335,0.0021295522947247904,24
2409,2885,model3,-0.7312209112107769,0.2687790887892232,0.6147073444617108,0.40426148395636574,-1.5798820175616304,0.001246452352735526,-0.2480977580805,-1.5797560845563323,0.0011486106555257725,11
2409,2886,model3,-0.4184085287322361,0.581591471267764,0.042595473934593,0.6317273952723039,0.4412231168450884,0.0009331035043734739,-0.18955568038712756,0.4412510216230683,0.0009329273726064464,13
2409,2891,model3,-0.5216765823016776,0.4783234176983224,0.02534337579641795,0.4145290207203594,-0.21890077400346844,0.001444676351793174,-0.2957185091963737,-0.21892715122033102,0.0014405919757156395,9
2409,2892,model3,-0.4740347654343546,0.5259652345656455,0.14978455243480324,0.2786733544520851,0.157281621711936,0.0011955943089718534,-1.3156359170980798,0.15747280250223583,0.001032122464488747,24
2409,3019,model3,0.5421807025883327,0.4578192974116672,0.22925868937073435,0.3022099982022126,3.709737830839088,0.002191480946520698,0.3203030449587995,3.7095686467229045,0.002056480595462989,24
2409,3034,model3,-0.38740903573061775,0.6125909642693822,0.17363778032975588,0.31906063926528244,1.4890712943636903,0.0009666956181242726,-0.622589731106146,1.48920935791952,0.0008526399153574682,4
2409,3231,model3,-0.4758864834905575,0.5241135165094424,0.09042070785118506,0.4130924418247553,0.5220861632032665,0.001046341473513089,0.573440808808401,0.5221502420123711,0.0010332851416534712,24
2409,3481,model3,-0.4635078840393,0.5364921159606999,0.035298928055485304,0.2707806846622116,0.36663186614129106,0.0011911037052453847,-0.4957932627855192,0.36674828261366255,0.0011676956836999325,10
2449,2610,model3,-0.3483027612769447,0.6516972387230553,0.012779366208582194,0.4254545368794776,0.9831989980769069,0.0014037800628159082,0.5645848529019263,0.9830728027874946,0.00123250647068284,4
2449,2801,model3,-0.471242487450236,0.5287575125497639,0.16931735653267016,0.4235118318460137,0.3235886168574706,0.001689908388636791,-0.03374129803895905,0.32354010354833695,0.0017000185540242206,18
2449,2834,model3,-0.3816753613957053,0.6183246386042948,0.034292478376486885,0.8944191354305161,0.4979929821582237,0.0014025662057209158,0.20100423376223744,0.49795595085227795,0.0013961775338388967,12
2449,2886,model3,-0.3482253028799409,0.6517746971200592,0.059442953870452224,0.9389332993396636,1.0430467653699285,0.0012938802167570187,-0.008781158812110511,1.0429826684544499,0.0012724754841962943,5
2449,3481,model3,-0.4100306043166592,0.5899693956833408,0.05969388138884616,0.3177051878717009,0.9081675625472332,0.0016491449432406151,-0.7310535277402647,0.9080951002798916,0.0016415057050718927,13
2449,6116,model3,-0.32565384844852024,0.6743461515514798,0.01966026056976853,0.23362847030550302,0.20304015681059015,0.0018854531847225,-0.6361239772621572,0.20312837424368235,0.0018946815706806796,5
2448,2474,model1,-0.5053823755656709,0.494617624434329,0.9019445374575316,1.2235789381445703,-1.8931330990747948e-05,0.0014858346180747564,0.1122004626082983,-1.3322676295501878e-15,0.0014879673633759508,15
2448,2603,model3,-0.7900764514097247,-0.2099235485902753,0.10567545083088584,0.3274757028525013,-4.397981827219364,0.0027060824658050034,0.27610592293094705,-4.397926957191841,0.0027163160976126444,24
2448,2801,model3,-0.6063678064000452,0.3936321935999548,0.2667386632149913,0.6018081833108957,-1.5680481821387455,0.0018269377460927371,0.5092800519458907,-1.5680245908725605,0.0018322662568026403,12
2448,2812,model3,-0.6429131453190006,0.35708685468099943,0.028908802259204964,0.4224469079400532,-2.057911724232966,0.0022304323173558665,-0.1469172809255415,-2.057872503238497,0.0022362949473021232,8
2448,2834,model3,-0.4968164442251508,0.5031835557748493,0.06366389177708519,1.3141119063952371,-1.0096852887455747,0.0014320555620741375,0.2747534775981149,-1.0097188412893796,0.0014413655633484228,18
2448,2881,model3,-0.574494629207808,0.425505370792192,0.3137130784689434,1.6677772533574695,-1.1004285770440954,0.0012967276965784589,0.057715178996721385,-1.100446361260891,0.0013029644107887535,11
2448,2891,model3,-0.6058741213740899,0.3941258786259101,0.011835010184177536,0.6452202517692232,-1.5757260917802225,0.001748302978639341,-0.015367337799458562,-1.5757947038208686,0.001725052747427905,0
2448,2892,model1,-0.4141128048773709,0.585887195122629,0.9061296019719908,0.31056341944044663,-4.8645772814732706e-05,0.0016606719059982134,-0.2634076855221026,-6.661338147750939e-16,0.0016430659861854946,5
2448,3019,model3,0.5823560705684659,0.4176439294315339,0.015003133188591687,0.4563406790191506,4.454732843813634,0.002244964865776139,0.035613654606339314,4.454678472010331,0.002224247507160806,24
2448,3045,model3,-0.5480501110865389,-0.4519498889134612,0.036760060862985895,0.3951983714276032,-4.468095169724303,0.0019135739498177702,0.2606673657650067,-4.468196300461825,0.0018963542815339236,5
2448,3231,model3,-0.4871008094199847,0.5128991905800152,0.06440103483515394,1.5803920304671444,-0.21168983503164968,0.0011750646740628099,0.12215408816651445,-0.2117094992731796,0.0011761576241171054,15
2448,3481,model3,-0.5589331747463111,0.4410668252536888,0.04767791740210677,0.4706550721067081,-1.0372784380010762,0.0017874390423791415,-0.11648091249333628,-1.0372859517128359,0.0017934589980477724,8
2448,4904,model3,0.3250057751657804,0.6749942248342196,0.059971698293096724,0.7045466604119437,4.0633365203620615,0.0010575421979832416,-0.35599693722865433,4.063418422054255,0.001055216217924831,24
2448,4938,model1,-0.4411911952867453,0.5588088047132547,0.8388612073001597,0.3682858798039969,-3.592272991121822e-05,0.0016728733130942693,0.09503486156789774,-1.3322676295501878e-15,0.0016780394272620579,16
2474,2812,model1,-0.3556349290762553,0.6443650709237447,0.8805493840042397,0.4539468706261906,0.00012885730513733314,0.0018214063734144923,-0.14077964294087214,-2.220446049250313e-16,0.0018516481611904688,0
2474,2834,model3,-0.4687080304159358,0.5312919695840642,0.054034697643598084,0.47458238381291395,-0.8532523526205227,0.0015012458527809288,0.0833523888534804,-0.8534145350650704,0.0014975252391809966,16
2474,2886,model3,-0.42093201857386464,0.5790679814261354,0.023936460530120444,0.4438192693279528,-0.1807887682178581,0.0013962798500549072,0.026112567804224662,-0.18090823578852233,0.001377619896340404,8
2474,2891,model3,-0.5885655236374929,0.411434476362507,0.00651478108247051,0.21573044334187305,-1.4999177619342958,0.0020916852078439355,0.02715172751012105,-1.5001855862362574,0.0020003653426346256,8
2474,2892,model1,-0.4088958593129795,0.5911041406870204,0.9758576825043841,0.33862604238505245,-9.050233674929112e-06,0.0013167068314341073,0.2658137742510271,-8.881784197001252e-16,0.0013174117865846376,4
2474,3481,model3,-0.4615249322326578,0.5384750677673422,0.06328470715296719,0.5649254921714723,-0.283815774628443,0.0012840320970524807,0.13064403097604832,-0.283890298813827,0.0012802163950277963,9
2474,6116,model1,-0.2632283945182577,0.7367716054817424,0.9889155394050572,0.2842881931087993,-1.1547929679879644e-05,0.0015905015502299627,-0.6616210042570748,-2.220446049250313e-16,0.001595077874647578,4
2454,2610,model3,-0.3234812864218366,0.6765187135781635,0.10976897095592306,0.39347894335922057,0.16911970509629787,0.0015143608179998694,1.0671249753880876,0.1689357419927906,0.0012180124251153109,5
2454,2812,model3,-0.3984206318949261,0.6015793681050738,0.06834045795024138,0.323370346706617,-0.7588348207106655,0.002022510098926382,-0.5130159570994356,-0.7589423317473725,0.002025060708220283,0
2454,2834,model3,-0.353885911120079,0.6461140888799211,0.1096369286815146,0.43457214812114797,-0.4016902217406609,0.0016301104527623226,1.1408217873973123,-0.40184307868959723,0.0015677151441527968,5
2454,2891,model3,-0.34930196536094843,0.6506980346390515,0.059993658172882235,0.1751088738492179,0.009102559396116398,0.00228304961529577,0.6581956167826275,0.008615363267498122,0.0018124884858001034,24
2454,2892,model3,-0.3579536264687924,0.6420463735312076,0.11913550265079167,0.4585868493201664,0.012638448690297848,0.0013620739394509776,-0.36138428481691065,0.012687512124228029,0.0013683619104414338,24
2454,3034,model3,-0.2848971626457827,0.7151028373542173,0.2281264061179205,0.5176384754196434,1.567868369150042,0.0010329027975466512,0.14630967314015805,1.5678865854627484,0.0010399205572240939,9
2498,4904,model3,-0.12010642585090928,0.8798935741490908,0.34479346762792834,0.3895827576437592,2.4949181617464338,0.0009532130746634426,-0.3354786817088461,2.495044299134353,0.000915051821480602,13
2498,9904,model3,-0.24131334816258115,0.7586866518374189,0.2335642344540804,0.9803790802266188,0.8434448509885359,0.0012658132967290517,-0.3751939199067973,0.8434677197522056,0.0012143736321883426,24
2603,2812,model3,-0.3160151091735937,0.6839848908264062,0.10821456602198218,0.2360053368048357,0.7207605142626164,0.002260127468422884,0.12654881724000716,0.7203872917213456,0.002285311860290734,24
2606,3034,model3,-0.4426661406523896,0.5573338593476104,0.09426739243666372,0.2889011523499368,0.6960407493304807,0.0008739674778422972,-0.048150429781321925,0.6959560953274471,0.0008754750549203095,18
2610,2812,model3,-0.6615235478155443,0.3384764521844556,0.030137040792772962,0.2594031421516866,-1.1335208064325062,0.0016932954142753532,-0.5000750531604827,-1.1332920809274367,0.0014488823942387069,10
2610,2845,model3,-0.4840122637903578,0.5159877362096421,0.009394589801909449,0.2587303330616105,-0.07726146177974162,0.0016630843429791351,-0.7066604620509181,-0.0769830189672911,0.0014103220452361058,0
2610,2881,model3,-0.6567675047424594,0.34323249525754057,0.25568759886241743,0.4408652161495961,-0.7364244525871891,0.0012871570672576894,-0.1843602551535211,-0.7363206412101266,0.0011407853822898543,9
2610,2882,model3,-0.7929817026286263,0.2070182973713736,0.0775238812203732,0.1220917587376444,-1.6018821380738302,0.0023359713585091447,-0.37141160854201416,-1.6013449670729054,0.0018628590008932348,24
2610,2886,model3,-0.4898985263738591,0.5101014736261409,0.007437875900618706,0.8214125818781761,0.10826729678408843,0.0009325113755235751,-0.3437694008604108,0.10829852145637275,0.0009013068062789913,0
2610,2888,model3,-0.6213706695387079,0.3786293304612922,0.07507953892364178,0.2225511499062717,-0.8844288473480231,0.001671703515972435,-0.7043272658924482,-0.884129029222479,0.0013656426990901506,9
2610,2892,model1,-0.5185956930816422,0.4814043069183577,0.8695042051565257,0.2373708921428218,-0.00021018729143245984,0.0013748453846142005,-1.046085516653053,2.886579864025407e-15,0.0011127049811562439,0
2610,3019,model3,0.6134445913434851,0.3865554086565151,0.018194325680596552,0.2215460522831748,3.4870709780792652,0.00214046239204351,0.6113282007797233,3.4868988487428227,0.0019273007213543491,24
2610,3231,model3,-0.5769283161546638,0.42307168384533617,0.04155056287516287,0.3544371612705369,-0.0664147551045026,0.0012178781115474119,0.2402376073867545,-0.06632632051119769,0.0011223849168820687,24
2610,3481,model3,-0.5780039265248761,0.4219960734751239,0.01818056149435046,0.3491106195900923,-0.26773937101602724,0.0013088268457705824,-0.2508175119763477,-0.2676287445097669,0.0011932420440089405,5
2610,4938,model3,-0.7079701315723184,0.29202986842768164,0.0506940822831623,0.15245198054398876,-1.0906749629521515,0.0020014748045614427,-0.3385662337199719,-1.0903072460002838,0.001669957009934788,24
2801,2812,model3,-0.479677407356572,0.5203225926434281,0.3231707568700679,0.6866685626815155,-0.16547744998522995,0.0012650672540431456,-0.13746280363662805,-0.16548277839869474,0.0012725713790903235,8
2801,2886,model3,-0.36922510122357255,0.6307748987764275,0.1413222036609387,0.33232861721478874,0.8065137464450557,0.0012122814620359507,0.09238843944417127,0.8064476651487953,0.0011858847830820611,24
2801,2892,model3,-0.4428131815947595,0.5571868184052404,0.1569201238072576,0.5435050770457334,0.4201782122316212,0.0010177920710218713,-0.27832057492904555,0.4202556566865694,0.0009977556902088978,24
2823,2883,model3,-0.3646383173969056,0.6353616826030944,0.0501882254654886,0.6949238303936981,0.3951072989755611,0.0013333701435324454,0.12108054478658388,0.3952358358709305,0.0013400014492762969,9
2823,9904,model3,-0.29642418401178466,0.7035758159882154,0.017386603144503913,0.2638973416028876,1.3125669541070613,0.0014676435230032768,-0.15167643629763905,1.3129520114247848,0.0013155196678040976,24
2834,2886,model3,-0.4638810585888537,0.5361189414111464,0.0288138423173616,1.2332308334119408,0.4846224958474128,0.0010085730242490607,-0.21697991224385754,0.4846147668359342,0.0010106394536405845,13
2834,3702,model3,-0.6936823758420704,-0.3063176241579296,0.5740399367896256,0.3930973284640028,-3.0414486274130184,0.0019517249164326413,-0.47788027643217,-3.0412375394617785,0.0018231654162367144,4
2834,4904,model3,0.30797562394753475,0.6920243760524651,0.11368619168100065,0.8761307231610502,3.412114751400732,0.0008202692302420433,0.0774655112969584,3.4121653405192403,0.0008151262532796108,5
2812,2881,model3,-0.6321782618792844,0.3678217381207156,0.2979877846504998,0.25252644036438004,-0.2983220904373359,0.002150988133655313,0.4180514543585037,-0.2982450225088433,0.0021687221465128033,24
2812,2883,model3,-0.3308354844321485,0.6691645155678515,0.022738094129800903,0.4317003440414458,0.8562127939047465,0.0016290213408872427,0.6885025082262721,0.8564330897980594,0.0016762667737724684,10
2812,2886,model3,-0.4351338323457049,0.5648661676542951,0.02559135695788093,0.43155686802570975,0.6352961515967926,0.0014360404322678252,0.4632185022954816,0.6352902785034553,0.0014386082252243041,4
2812,2887,model1,-0.5190849223795629,0.480915077620437,0.9800228953588112,0.8570094997098288,-9.327774256086366e-05,0.0013798712182298027,0.02734870028731947,-4.440892098500626e-16,0.0013488326905982957,24
2812,2888,model3,-0.488731009467379,0.511268990532621,0.1547646446818075,1.8824049419076252,0.08725077670694212,0.0011264382480455947,-0.20989553816006293,0.08729583295077536,0.0011297538293879982,5
2812,2892,model1,-0.5562173187144732,0.4437826812855269,0.9861582405353654,0.5273067160333,-0.000110836913850448,0.0015513803551944667,0.09429279191224,-2.220446049250313e-16,0.0015438146426541397,24
2812,3034,model3,-0.3793473287287378,0.6206526712712623,0.12422987132702075,0.5869466856838594,1.815977274773936,0.00109230145441229,-0.19422775333681672,1.8160623148072803,0.0010918043347278796,4
2812,3481,model3,-0.4557199368649754,0.5442800631350245,0.08238295924074493,1.4780706178419456,0.7368360781203531,0.0010844479452808884,0.6335393195544843,0.7368410786298603,0.0010898112134663373,11
2845,2912,model3,-0.8882166652964568,0.11178333470354332,0.004837032570589533,0.33502924174656223,-1.8743256306955656,0.002054134860687427,0.14062372017460445,-1.8742638368328537,0.0020759215745283287,24
2845,3008,model3,-0.8299956563682466,0.17000434363175346,0.16829729265415694,0.6781741874849835,-1.1225065955457687,0.001532222364986687,0.19059917232876705,-1.1224455637286384,0.0015603385030956804,24
2845,3034,model3,-0.5792181084301172,0.4207818915698828,0.10138103389128744,0.4915527027903354,0.33220534609058866,0.0012435370988289345,0.11264567997315306,0.33217592727110734,0.001247615037035551,24
2845,3481,model3,-0.576830413938619,0.42316958606138094,0.040102061254811534,0.9782636353774564,-0.06428041242998292,0.0010684079441254217,0.4751185881712336,-0.06438020790418797,0.0010008602920483492,24
2845,9904,model3,-0.541731770143801,0.45826822985619897,0.011326290079590523,0.478806128394546,0.04031610167529413,0.001275439972224573,-0.117004487282294,0.04050677273435688,0.0012566947426610952,24
2881,2885,model3,-0.6696605772119929,0.3303394227880071,0.6022518922432423,0.4110505944720949,-1.4372492576767963,0.0009791349583581136,0.21521834937081408,-1.437254919424139,0.000983425547651401,24
2881,2886,model3,-0.351291186144284,0.6487088138557161,0.34122533100177704,0.6008051008899875,0.7410131402816764,0.0010416355824238246,-0.6307247622376906,0.7409800944931959,0.0010315523722688716,13
2881,2891,model3,-0.43901259276520826,0.5609874072347918,0.15511635515182126,0.3683326732836561,0.14933509158337793,0.0017300523506023108,-0.3711254171726977,0.14914976081707665,0.0015981522011664158,24
2881,3231,model3,-0.40800840705506336,0.5919915929449368,0.3694717054704891,0.8971275618327015,0.8637166507988525,0.0008170996156677113,0.6908598262951692,0.8637071817366253,0.0008161395080532536,16
2882,2883,model3,-0.3933851522807556,0.6066148477192445,0.08451719919820337,0.5640743675164842,-0.00015602153593441268,0.0012415327808166234,-0.1060951900660305,-0.00012481805463693263,0.0012466788380758097,11
2885,2886,model3,-0.19680031064754866,0.8031996893524513,0.6964134636202897,0.4379088194278629,1.90717216167984,0.0014359395849798345,-0.36000382659295993,1.9071099240751546,0.0014141089275026063,8
2885,3702,model3,0.4290414359985787,0.5709585640014213,0.5575546522266177,0.2584577242626318,3.670607084213688,0.002186429296096518,0.2866552608021853,3.6702989069990863,0.0019476275914498233,15
2883,2886,model3,-0.7405970825221427,0.2594029174778572,0.010512123425435066,0.2778042923815091,-1.093065912542153,0.0018870487365952376,-0.2725447408180352,-1.0932497602508073,0.0018939855485122384,24
2883,2888,model1,-0.5098995811814249,0.4901004188185751,0.7646689299524032,0.5117088975071151,3.486698020310541e-05,0.0013808335792506714,0.004558223152854452,-9.592326932761353e-14,0.001411600085872794,13
2883,2891,model3,-0.7525439498108101,0.24745605018918995,0.012492436779676465,0.3048359347497815,-1.157198905188855,0.002029099578295889,0.15025363997983673,-1.1574345088148847,0.0019913678768843078,24
2883,2892,model1,-0.5608707622113472,0.4391292377886528,0.9781574787154056,0.3446041177435349,7.964290885940232e-05,0.0015119874312943039,-0.6580524801278211,4.440892098500626e-16,0.0015435521130123513,24
2883,3008,model3,-0.8118282797877707,0.18817172021222936,0.18812803133187744,0.6531191714806365,-0.8381567672141987,0.0015839392155610912,-0.11033560461591363,-0.8381890117093198,0.0016000721712331988,13
2883,3034,model1,-0.6373317481948023,0.3626682518051978,0.9733050478521011,0.5594729987042696,6.182470718602821e-05,0.0014295947585297266,-0.5099591177103099,2.220446049250313e-16,0.0014465514955567971,16
2883,3702,model3,-0.8316250350002915,0.16837496499970853,0.7381914279036845,0.3071680020928198,-1.4626234511159464,0.0021489207431221523,-0.4541780549403231,-1.4627250572519959,0.002135056564684075,4
2887,2888,model1,-0.4860783810860405,0.5139216189139595,0.9274577945476009,1.1931788665520997,2.610807686407461e-05,0.001119259761727326,0.209158185446292,-2.220446049250313e-16,0.0011103495174870446,12
2887,2891,model3,-0.2906481989033245,0.7093518010966755,0.046373573776100366,0.10730183495684018,1.4219171499600574,0.003102936112195945,0.320819746687469,1.420987288030616,0.002452083828264405,24
2887,2892,model1,-0.5372812267380718,0.4627187732619282,0.9772700659440527,0.25950272329891244,5.740741216740435e-05,0.0014033463616816616,0.9060960164632108,1.9984014443252818e-15,0.001397830869301196,0
2887,3481,model3,-0.4515874940236622,0.5484125059763378,0.11597736798093936,0.370833797376593,0.6682617655901978,0.0012180192730394516,0.8506794793451722,0.6681305423717083,0.0011380822261361535,12
2892,3034,model2,-0.4070345282937645,0.5929654717062355,0.001,0.5057224348420356,1.3467382403052122,0.0008641196532059734,0.4442738404954366,1.3467312455710863,0.0008668528596792384,24
2892,3481,model1,-0.5189888674531224,0.4810111325468776,0.8723650734193559,0.3434307237301384,0.00013152560647351782,0.001083600231514201,-0.29067412032001977,-2.220446049250313e-16,0.0010250639254269006,8
2892,6116,model1,-0.3405759392634874,0.6594240607365127,0.9779428453034212,0.2518427314181981,-3.170692656725057e-08,0.0013845064525210176,-0.32056837587630016,8.881784197001252e-16,0.001390168457407562,4
2886,2891,model3,-0.6339934578948966,0.3660065421051034,0.01502484469907532,0.5298787716941044,-0.8376705441066857,0.001228761587190359,-0.11930186518574863,-0.8377047285092838,0.0012208808730395488,0
2886,2892,model3,-0.5751329481356994,0.4248670518643006,0.05887304063870289,0.1755703355559811,-0.4117792577619973,0.001400630513980739,-0.594796758443834,-0.41156851614471157,0.0013008509424835008,24
2886,2912,model3,0.5602911193379281,0.4397088806620719,0.006873571469284623,0.15341224385448268,3.892316144059836,0.0022061286464808566,-0.2232313226934934,3.892480268158691,0.0021141251853327744,4
2886,3019,model3,0.6010248836875811,0.3989751163124188,0.08463501888978663,0.335591150259555,3.555604662279892,0.0018158879952625024,0.14316357806865376,3.555507719038293,0.0017484752134332004,0
2886,3034,model1,-0.590037317156857,0.4099626828431429,0.912761038651301,0.2758714898901267,-0.0001923933693974611,0.001234046960749149,-0.8310271470340763,-3.3306690738754696e-14,0.0011601946683257,24
2886,3231,model3,-0.5718888963054004,0.4281111036945995,0.06851376042561723,0.3542531952149716,-0.08288269281129954,0.0011473755257934177,0.7367002071608368,-0.08284809929967252,0.0011471534227104575,0
2886,3481,model3,-0.5568226738431724,0.4431773261568275,0.07371984185424986,0.3854979025676793,-0.17840031601638945,0.0010871916682406203,-0.2224953789604248,-0.17836111757072115,0.0010847321788856209,4
2886,6116,model3,-0.4927102688973032,0.5072897311026969,0.030479687265222506,0.2003577103894555,-0.6887076229118247,0.0014208531773371345,-0.4729264162766525,-0.6885425335592379,0.0013925450166324318,4
2888,3034,model3,-0.3923108564711457,0.6076891435288543,0.14055456270854536,0.5292843417685674,1.7016529122760156,0.0009904324030175988,-0.12155216370933634,1.7016350910556433,0.000998842900771701,24
2888,3481,model3,-0.4681284023425326,0.5318715976574675,0.09235770766779623,0.8844622687096942,0.6344669256353258,0.0010894415165881904,0.5726620378191858,0.6344194633228459,0.0010727735842197394,24
2888,6116,model1,-0.3880305714402085,0.6119694285597914,0.9518345737784809,0.8791200039040925,-9.094020669525212e-06,0.001091728623070438,0.07706003092265583,0.0,0.001096452020380382,8
2891,2912,model3,-0.15528672066676033,0.8447132793332396,0.015253239484020404,0.07127533753947304,3.5955807927731915,0.0048342502453158345,-1.2300330730132392,3.596884280310507,0.0039027145919380635,0
2891,3019,model3,0.5499178620377128,0.4500821379622872,0.0154693282965132,0.20974923305417245,3.6171877908866734,0.0028232572011829076,0.02126471689814081,3.6168570033911096,0.0025352593424366548,24
2891,3034,model3,-0.3668289884210278,0.6331710115789723,0.08246358653391563,0.2474296887405016,1.7081272396878224,0.001450494238961372,-0.6478064824885477,1.7083819563781424,0.0012459782940481986,24
2891,4904,model3,-0.30129926322362804,-0.698700736776372,0.00941684560607514,0.33367941427240977,-3.592232947713866,0.0011670654978583172,0.17178775707653293,-3.5921916596840617,0.0011563356284558309,24
2891,4938,model3,-0.4617595319199045,0.5382404680800955,0.07720582673296388,0.2527569330037664,0.5182422778459785,0.001813280642013028,0.04621212994614425,0.5185472800292228,0.0016744238056300475,24
2891,6116,model3,-0.0718777635714065,0.9281222364285936,0.0035217244993096548,0.1474010626146956,1.351489277841007,0.0024051770220990913,-0.5487498626062038,1.3515792450288477,0.0024043805237862715,4
2912,3008,model3,-0.6325943066483773,0.36740569335162265,0.02804392080367025,0.2920248293673543,-0.6093626146428002,0.0021930214023962017,0.5132670737982294,-0.6095822346706599,0.0020015092405505654,10
2912,3019,model3,-0.4843160155015067,0.5156839844984933,0.006771613659990764,0.19466868816357366,-0.19448923445012486,0.002544009941081712,1.075929779122283,-0.19479205104579833,0.0021226745886920727,24
2912,3045,model3,-0.3891025586471927,0.6108974413528073,0.009380953097236308,0.5486265718965565,0.7039580341801494,0.0010855625841087542,-0.16227242199631986,0.7039595457439989,0.0010898382427066368,12
2912,3702,model3,-0.78527146622345,0.21472853377655,0.3676321027636996,0.08497748703024277,-2.929712278812888,0.004033544662061446,1.7268848183441703,-2.9305124735273296,0.0032843920412768818,24
2912,4904,model3,-0.25203310367353793,0.7479668963264621,0.03499520989086448,0.5631084142745338,1.604512074762103,0.0009394323345015297,0.31076861750160456,1.6045067484287052,0.000940465562506988,24
2912,9904,model3,-0.3496518772174973,0.6503481227825026,0.032222572391639434,0.7010029161093315,0.4558211613393381,0.0013113238160758665,0.6182804106026046,0.4557154239155681,0.0011546035075759734,24
3019,3045,model3,-0.4536301853868076,0.5463698146131925,0.0196712475239172,0.1801328434758935,0.42309724936321336,0.0019898818696297872,0.009343198160514269,0.42330409091474874,0.0017709458245375297,5
3019,3231,model3,0.4498764530283573,0.5501235469716428,0.13698892112579505,0.29178744945790336,4.0827994545120285,0.0019604959885346595,0.02782426087539769,4.082715089323034,0.0019050811797209125,13
3019,4904,model3,-0.24038693885960896,0.7596130611403911,0.0824058307211681,0.5385932049072234,1.8662516209844773,0.001042288884162165,-0.9019812210511614,1.8663595370981447,0.0009463543280729651,9
3045,9904,model3,-0.4611687306718574,0.5388312693281426,0.04918622575307986,0.4033165203312396,-0.17330286889663826,0.0011123773373573574,0.4150197843213452,-0.17343566963418033,0.0009674408122010635,0
3231,4904,model3,0.2738097049186768,0.7261902950813233,0.13323217531612835,0.4429747521547297,3.840813324512992,0.000793155468929187,-0.4157152996680525,3.8409260383658035,0.0007709192965973763,15
3034,3481,model3,-0.5891800505343672,0.4108199494656329,0.10505494527553767,0.2765315770209101,-1.2101450333782546,0.001020820016233665,0.3763521497974007,-1.2102364789092186,0.0009812866045512381,0
3008,6116,model3,-0.18942106813839302,0.8105789318616069,0.0979493560729818,0.2749585502006745,0.1151709652857034,0.0016655073778274086,0.4927206036984794,0.11498996623717295,0.0016621048872819347,4
3702,4904,model3,-0.15780714946946986,0.8421928505305303,0.7426727096650955,0.2679928085128497,2.540404068075832,0.0010618185223996172,-1.8386252702217627,2.540649081896213,0.0008681546285341263,16
3702,6176,model3,0.5906113925852778,0.40938860741472216,0.7104476272241059,0.1922721867256137,4.069764378750438,0.0024235010965386805,0.1717755685826172,4.069476351632537,0.002125110447516799,5
