1101,1102,1216,1227,1301,1303,1314,1319,1326,1402,1434,1476,1477,1504,1536,1590,1605,1704,1717,1722,1723,1789,1802,1909,2002,2015,2049,2059,2103,2105,2106,2201,2204,2207,2227,2231,2301,2303,2308,2311,2313,2317,2324,2325,2327,2330,2337,2344,2345,2347,2352,2353,2354,2356,2357,2360,2371,2376,2377,2379,2382,2383,2385,2395,2408,2409,2412,2439,2448,2449,2451,2454,2474,2492,2498,2542,2603,2606,2610,2615,2618,2633,2723,2801,2809,2812,2823,2834,2845,2867,2880,2881,2882,2883,2884,2885,2886,2887,2888,2890,2891,2892,2912,2915,3008,3019,3034,3044,3045,3189,3231,3406,3443,3481,3532,3673,3682,3702,3706,4904,4915,4938,4943,4958,5264,5522,5871,5880,6116,6176,6239,6269,6285,6409,6414,6415,6452,6456,6505,8454,8464,9904,9910,9914,9917,9921,9933,9938,9941,9945
44.85,39.7,52.8,82.1,77.0,68.3,12.55,42.4,73.0,31.2,32.45,315.0,156.5,34.15,53.6,312.0,10.75,24.85,31.4,59.0,196.0,73.5,25.65,15.45,24.85,42.8,321.0,419.0,41.8,80.4,67.8,48.1,29.0,358.0,370.0,326.5,49.0,14.8,194.0,38.4,20.3,94.0,24.65,48.5,20.0,125.0,7.3,11.95,19.1,50.2,10.45,23.1,70.0,29.75,328.0,88.0,9.8,48.0,44.1,98.0,84.9,29.7,80.8,235.0,7.5,11.6,96.2,167.5,71.6,27.0,109.5,514.0,285.0,12.25,137.0,65.7,16.7,50.3,10.1,15.35,14.8,,236.0,18.25,29.0,10.6,27.75,9.16,10.9,17.0,18.45,43.3,46.85,9.22,19.4,16.25,24.8,15.5,9.21,13.4,19.55,18.7,231.0,76.8,2095.0,31.1,146.0,58.5,98.9,133.0,27.7,97.0,94.1,12.3,37.8,308.0,17.0,41.95,26.25,68.7,42.55,57.2,,97.3,173.0,41.9,75.5,16.85,11.45,128.5,55.5,81.6,72.6,245.0,199.0,271.0,,,74.8,,,36.6,85.3,201.0,76.9,235.5,53.8,42.9,79.7,54.0
44.85,39.7,52.8,82.1,77.0,68.3,12.55,42.5,73.0,31.4,32.45,313.0,156.5,34.15,53.6,312.0,10.8,24.9,31.4,59.0,196.5,73.6,25.65,15.5,24.85,42.85,320.5,419.0,41.8,80.5,67.8,48.1,29.0,358.0,370.0,326.5,49.0,14.8,194.0,37.9,20.3,94.0,24.75,48.5,20.05,124.5,7.3,11.95,19.1,50.1,10.5,23.1,70.1,29.7,328.0,88.0,9.8,48.0,44.1,98.0,84.3,29.7,80.8,236.0,7.5,11.6,96.2,168.0,71.8,27.05,109.5,514.0,285.0,12.3,137.0,66.7,16.7,50.3,10.1,15.35,14.8,,236.0,18.25,29.0,10.6,27.65,9.15,10.9,17.0,18.45,43.3,46.9,9.21,19.4,16.2,24.8,15.5,9.21,13.4,19.6,18.7,231.0,76.8,2095.0,31.1,146.0,58.5,98.9,133.0,27.8,97.0,94.1,12.3,37.8,306.0,17.05,42.0,26.25,68.6,42.5,57.3,,96.8,172.5,41.9,75.6,16.85,11.45,128.5,55.5,81.6,72.6,245.0,199.0,271.0,,,74.8,,,36.65,85.3,201.0,77.0,235.5,53.8,42.9,79.7,54.0
44.85,39.7,52.8,82.1,77.0,68.5,12.55,42.45,72.9,31.4,32.45,313.0,156.5,34.15,53.7,312.0,10.75,24.9,31.45,59.0,196.5,73.6,25.65,15.5,24.85,42.85,320.0,419.0,41.8,80.5,67.7,48.0,29.0,358.0,370.0,328.0,48.9,14.8,194.0,38.2,20.3,93.9,24.75,48.6,20.0,124.5,7.3,11.95,19.1,50.1,10.5,23.05,70.1,29.7,328.0,87.5,9.8,47.95,44.25,98.0,84.5,29.8,80.6,236.0,7.5,11.65,96.1,168.0,71.8,27.15,109.0,514.0,285.0,12.3,137.0,65.8,16.7,50.3,10.1,15.35,14.8,,236.0,18.25,29.0,10.6,27.6,9.16,10.9,17.0,18.45,43.3,46.9,9.23,19.4,16.2,24.8,15.5,9.21,13.4,19.55,18.7,231.0,76.8,2090.0,31.35,145.0,58.5,98.9,132.5,27.8,97.0,94.1,12.35,37.8,306.0,17.1,42.0,26.25,68.6,42.45,57.3,,96.8,172.0,41.9,75.6,16.85,11.45,129.0,55.3,81.6,72.6,245.0,197.5,271.0,,,74.8,,,36.6,86.0,201.0,77.0,235.5,53.8,43.0,79.8,54.0
44.85,39.7,52.8,82.3,77.0,68.5,12.55,42.5,72.9,31.4,32.45,314.0,156.5,34.0,54.0,313.0,10.75,24.9,31.45,59.0,197.0,73.6,25.7,15.5,24.85,42.85,320.0,419.0,41.8,80.5,67.6,48.0,29.0,358.0,370.0,329.5,48.9,14.8,194.0,38.1,20.3,93.9,24.7,48.6,20.1,124.5,7.31,12.0,19.1,50.1,10.45,23.0,70.0,29.75,328.0,87.5,9.78,47.95,44.25,98.0,84.6,29.8,80.6,236.0,7.5,11.6,96.1,168.5,72.0,27.2,109.0,515.0,286.0,12.3,137.5,66.3,16.65,50.3,10.1,15.35,14.8,,236.0,18.25,29.0,10.6,27.6,9.16,10.9,17.0,18.45,43.3,46.85,9.23,19.4,16.25,24.8,15.5,9.21,13.4,19.55,18.7,231.0,76.8,2090.0,31.35,145.5,58.5,98.8,132.5,27.85,96.8,94.1,12.35,37.75,306.5,17.1,42.0,26.35,68.5,42.55,57.4,,96.8,172.0,41.9,75.6,16.85,11.4,128.5,55.3,81.6,72.6,245.0,199.0,271.0,,,74.8,,,36.55,86.0,201.5,77.0,235.5,53.6,43.0,79.8,54.0
44.8,39.7,52.8,82.3,77.0,68.6,12.55,42.45,72.9,31.4,32.6,313.0,156.5,34.0,54.0,313.0,10.75,25.0,31.45,59.0,197.0,73.6,25.65,15.5,24.85,42.85,320.5,419.0,41.8,80.5,67.6,48.0,29.0,358.0,370.0,330.0,48.95,14.8,194.0,38.2,20.3,93.9,24.75,48.6,20.1,124.5,7.32,12.0,19.1,50.0,10.5,22.9,70.1,29.8,328.0,87.0,9.78,48.0,44.25,98.0,84.6,29.8,80.6,236.0,7.5,11.6,96.1,168.5,72.0,27.15,109.0,514.0,285.5,12.3,138.0,66.0,16.65,50.3,10.1,15.35,14.8,,236.0,18.25,29.0,10.6,27.55,9.16,10.85,17.0,18.45,43.25,46.9,9.24,19.35,16.25,24.8,15.55,9.21,13.4,19.55,18.7,231.0,76.8,2090.0,31.5,145.5,58.5,98.8,132.5,27.85,96.8,94.2,12.35,37.6,307.0,17.1,42.0,26.35,68.5,42.8,57.4,,96.6,173.0,41.8,75.5,16.85,11.4,128.5,55.3,81.5,72.6,245.0,199.0,271.0,,,74.8,,,36.55,86.0,201.5,77.0,235.5,53.6,43.0,79.8,54.0
44.75,39.85,52.8,82.3,77.1,68.6,12.55,42.45,72.9,31.4,32.6,313.5,156.5,34.0,53.9,312.5,10.75,25.0,31.45,58.9,196.5,73.6,25.7,15.5,24.8,42.85,320.5,422.0,41.8,80.5,67.6,48.0,29.0,358.0,370.0,331.5,48.85,14.8,194.5,38.15,20.3,93.9,24.75,48.65,20.15,124.5,7.33,12.0,19.1,50.1,10.45,22.9,70.1,29.9,328.0,87.1,9.78,48.0,44.2,98.0,84.7,29.85,80.6,236.0,7.5,11.6,96.2,168.5,72.0,27.15,109.0,514.0,285.5,12.3,138.0,66.1,16.7,50.3,10.1,15.35,14.85,,236.0,18.3,29.0,10.6,27.65,9.16,10.85,17.0,18.4,43.25,46.9,9.23,19.4,16.25,24.8,15.55,9.2,13.45,19.55,18.7,231.0,76.9,2095.0,31.5,145.5,58.5,98.7,132.0,27.85,96.5,94.1,12.35,37.6,307.0,17.1,42.05,26.4,68.3,42.85,57.3,,97.0,173.0,41.85,75.6,16.9,11.4,129.0,55.3,81.5,72.6,245.0,197.0,271.0,,,74.8,,,36.65,86.0,201.5,77.0,235.5,53.8,43.0,80.0,54.0
44.85,39.8,52.8,82.3,77.1,68.7,12.5,42.45,73.0,31.4,32.75,313.0,156.5,33.9,53.8,312.5,10.8,25.0,31.45,58.8,196.5,73.7,25.75,15.5,24.8,42.85,322.0,422.0,41.8,80.5,67.6,47.9,29.0,358.0,370.0,331.5,48.5,14.75,194.5,38.1,20.25,93.8,24.75,48.6,20.15,124.5,7.34,12.0,19.05,50.2,10.45,22.9,70.0,29.95,328.0,87.3,9.78,48.0,44.25,97.8,84.9,29.85,80.4,236.0,7.5,11.65,96.2,168.0,72.5,27.15,109.0,512.0,284.5,12.3,137.5,66.3,16.75,50.5,10.1,15.45,14.9,,236.0,18.3,29.0,10.6,27.6,9.16,10.85,17.0,18.4,43.25,46.9,9.23,19.4,16.25,24.8,15.55,9.2,13.45,19.55,18.7,231.0,76.9,2095.0,31.2,145.0,58.5,98.7,132.5,27.85,96.6,94.2,12.35,37.75,308.5,17.1,42.1,26.4,68.3,42.85,57.3,,97.2,173.0,41.8,75.7,16.9,11.45,129.0,55.3,81.5,72.4,243.0,196.0,271.0,,,74.7,,,36.8,86.0,201.5,77.0,235.5,53.8,43.0,80.0,54.0
44.85,39.75,52.8,82.3,77.0,68.7,12.55,42.45,73.0,31.3,32.75,313.0,156.5,33.9,53.8,313.0,10.8,24.95,31.45,59.1,196.5,73.7,25.7,15.5,24.8,42.85,321.0,422.0,41.8,80.5,67.6,47.9,29.0,358.0,370.0,330.0,49.1,14.8,194.5,38.05,20.2,93.8,24.75,48.6,20.15,124.0,7.35,12.0,19.1,50.2,10.5,22.85,70.1,30.0,326.5,87.4,9.78,48.0,44.15,97.8,85.2,29.85,80.5,236.0,7.5,11.65,96.2,168.0,72.8,27.15,109.0,513.0,284.5,12.35,137.5,66.5,16.7,50.4,10.1,15.45,14.9,,236.0,18.25,29.0,10.6,27.6,9.16,10.85,17.0,18.4,43.25,46.95,9.23,19.4,16.2,24.8,15.5,9.2,13.45,19.55,18.7,231.0,76.8,2095.0,31.2,145.5,58.5,98.7,132.5,27.85,96.8,94.1,12.3,37.75,308.5,17.1,42.05,26.4,68.3,43.0,57.3,,96.6,173.0,41.8,75.7,16.85,11.4,129.0,55.3,81.5,72.3,243.0,196.0,271.0,,,74.7,,,36.8,86.0,201.5,77.0,235.5,53.6,42.95,80.0,54.0
44.85,39.7,52.9,82.3,77.1,68.7,12.5,42.45,73.0,31.35,32.75,313.0,156.5,34.1,53.6,312.0,10.75,24.95,31.45,59.2,196.5,73.8,25.7,15.5,24.85,42.95,321.0,421.0,41.8,80.4,67.6,47.9,29.05,358.0,370.0,329.0,48.6,14.75,194.5,37.95,20.25,93.8,24.75,48.5,20.15,124.0,7.33,12.0,19.1,50.2,10.45,22.8,70.1,30.2,326.5,88.0,9.78,48.0,44.15,97.9,85.1,29.85,80.5,236.5,7.5,11.65,96.2,168.0,73.2,27.15,109.0,513.0,284.5,12.4,138.0,66.6,16.7,50.4,10.1,15.45,14.9,,236.0,18.25,29.0,10.6,27.6,9.16,10.85,16.95,18.4,43.25,46.9,9.23,19.4,16.2,24.8,15.5,9.2,13.45,19.6,18.7,231.0,76.8,2090.0,31.2,145.0,58.5,98.7,132.5,27.9,96.6,94.1,12.35,37.75,307.0,17.1,42.2,26.4,68.3,43.05,57.3,,96.6,173.0,41.8,75.6,16.85,11.4,129.0,55.3,81.5,72.3,243.0,196.5,271.0,,,74.7,,,36.7,86.0,201.0,77.0,235.5,53.7,42.85,80.0,54.0
44.8,39.7,52.8,82.3,77.1,68.7,12.55,42.45,73.0,31.35,32.75,312.0,156.5,34.1,53.5,313.0,10.8,24.9,31.45,59.1,196.5,73.7,25.75,15.5,24.85,42.9,321.0,421.0,41.8,80.5,67.7,47.95,29.05,358.0,370.0,329.0,48.6,14.75,194.5,38.0,20.25,93.7,24.75,48.4,20.15,124.5,7.35,12.1,19.05,50.2,10.45,22.8,70.1,30.25,326.5,88.0,9.78,48.0,44.15,97.8,85.0,30.0,80.5,236.5,7.5,11.65,96.2,167.5,73.8,27.15,109.0,514.0,284.0,12.4,137.5,66.6,16.7,50.4,10.1,15.45,14.85,,236.0,18.25,29.0,10.6,27.6,9.16,10.85,16.95,18.4,43.25,46.9,9.24,19.4,16.25,24.8,15.5,9.21,13.45,19.55,18.7,231.0,76.9,2090.0,31.2,145.5,58.5,98.7,132.5,27.9,96.6,94.0,12.35,37.75,308.0,17.1,42.05,26.4,68.3,43.0,57.3,,96.5,172.0,41.85,75.5,16.9,11.4,128.5,55.3,81.5,72.3,242.0,196.5,271.0,,,74.7,,,36.65,85.4,201.0,77.0,235.5,53.7,42.85,80.0,54.0
44.8,39.8,52.8,82.3,77.0,68.6,12.55,42.45,73.0,31.35,32.75,312.0,157.0,33.9,53.4,313.0,10.75,24.9,31.45,59.1,197.0,73.8,25.7,15.5,24.85,42.9,321.0,421.0,41.8,80.5,67.7,47.95,29.1,358.0,370.0,329.0,48.6,14.75,195.0,38.0,20.25,93.6,24.75,48.4,20.15,124.5,7.36,12.05,19.05,50.1,10.45,22.8,70.1,30.2,326.0,88.5,9.8,48.0,44.2,97.7,85.0,30.0,80.5,236.0,7.5,11.65,96.2,168.0,74.3,27.15,109.0,514.0,284.5,12.4,137.5,66.6,16.7,50.4,10.1,15.45,14.85,,236.0,18.25,29.0,10.6,27.65,9.15,10.9,17.0,18.4,43.25,46.95,9.24,19.4,16.25,24.75,15.5,9.21,13.45,19.55,18.7,231.0,76.9,2085.0,31.2,145.5,58.5,98.8,132.5,27.9,96.6,94.0,12.35,37.75,307.0,17.1,42.2,26.35,68.3,43.0,57.2,,96.3,173.0,41.85,75.5,16.85,11.4,128.5,55.3,81.4,72.5,242.0,196.0,271.0,,,74.7,,,36.65,85.4,201.0,77.0,235.5,53.7,42.85,80.0,54.0
44.8,39.8,52.9,82.1,77.0,68.6,12.55,42.45,73.0,31.35,32.75,312.5,157.0,33.9,53.5,313.0,10.75,25.0,31.5,59.1,197.0,73.7,25.7,15.5,24.8,42.95,321.0,421.0,41.8,80.4,67.7,48.0,29.1,358.0,370.0,328.0,48.9,14.75,194.5,38.0,20.25,93.3,24.75,48.25,20.2,124.0,7.35,12.05,19.05,50.2,10.5,22.8,70.0,30.1,326.5,88.5,9.8,47.95,44.2,97.7,84.8,30.0,80.5,236.0,7.5,11.65,96.2,167.5,74.4,27.2,109.0,514.0,284.5,12.4,137.0,66.6,16.7,50.4,10.1,15.4,14.85,,236.0,18.25,29.0,10.6,27.6,9.15,10.9,17.0,18.35,43.25,46.95,9.24,19.45,16.25,24.8,15.5,9.21,13.4,19.55,18.7,231.0,76.9,2085.0,31.2,145.5,58.5,98.7,132.0,28.0,96.6,94.0,12.3,37.75,306.5,17.1,42.25,26.35,68.3,42.6,57.2,,96.3,173.0,41.85,75.6,16.85,11.4,128.5,55.3,81.4,72.6,242.0,196.0,271.0,,,74.8,,,36.6,85.4,201.0,77.0,235.5,53.7,42.8,80.0,54.0
44.8,39.65,52.8,82.1,77.2,68.7,12.55,42.45,73.0,31.35,32.75,312.0,157.0,33.9,53.3,313.0,10.75,25.0,31.5,59.1,197.0,73.7,25.7,15.5,24.8,42.95,321.0,419.5,41.8,80.5,67.7,47.95,29.0,358.0,370.0,328.0,48.85,14.75,195.0,38.0,20.25,93.3,24.8,48.25,20.15,124.0,7.35,12.1,19.05,50.2,10.5,22.85,70.0,30.1,326.5,88.5,9.8,48.0,44.25,97.7,85.0,30.0,80.6,236.0,7.5,11.65,96.2,167.5,74.4,27.2,109.0,514.0,284.5,12.35,137.0,66.6,16.7,50.4,10.1,15.45,14.85,,236.0,18.3,29.0,10.6,27.6,9.15,10.85,17.0,18.35,43.3,46.95,9.24,19.45,16.25,24.75,15.5,9.21,13.4,19.6,18.65,231.0,77.0,2085.0,31.2,145.5,58.5,98.7,132.5,28.0,96.5,94.0,12.3,37.65,306.5,17.15,42.2,26.35,68.3,42.65,57.2,,96.3,172.5,41.6,75.6,16.8,11.4,128.5,55.2,81.4,72.6,242.0,196.0,271.0,,,74.9,,,36.6,85.4,201.0,77.0,236.0,53.7,42.85,80.0,54.0
44.8,39.7,52.8,82.1,77.2,68.7,12.55,42.45,73.1,31.35,32.75,312.0,157.0,33.9,53.2,313.0,10.75,25.0,31.5,59.1,197.0,73.7,25.7,15.5,24.8,42.95,321.0,419.5,41.8,80.4,67.7,48.0,29.0,358.0,370.0,328.0,49.0,14.8,195.0,38.1,20.25,93.4,24.8,48.25,20.2,124.0,7.35,12.05,19.05,50.2,10.45,22.9,69.9,30.05,326.0,88.5,9.8,48.0,44.25,97.7,84.9,30.0,80.6,236.0,7.5,11.65,96.2,167.0,74.4,27.2,109.0,514.0,284.5,12.45,136.0,66.7,16.7,50.4,10.1,15.45,14.9,,236.0,18.3,28.95,10.6,27.6,9.14,10.9,17.0,18.35,43.3,46.95,9.23,19.4,16.25,24.8,15.55,9.21,13.4,19.55,18.65,231.0,77.0,2085.0,31.2,146.0,58.5,98.8,132.5,28.2,96.5,94.0,12.3,37.6,306.5,17.15,42.2,26.35,68.3,42.65,57.3,,96.3,172.0,41.6,75.6,16.8,11.4,128.5,55.3,81.3,72.6,242.0,196.0,271.0,,,74.9,,,36.6,85.4,201.0,77.0,236.0,53.8,42.85,80.0,54.0
44.8,39.7,52.8,82.1,77.2,68.7,12.65,42.45,73.1,31.35,32.75,312.0,156.5,33.9,53.2,313.5,10.8,25.0,31.5,59.1,196.5,73.7,25.65,15.5,24.85,42.95,321.5,421.5,41.75,80.4,67.7,48.0,29.0,358.0,370.0,328.0,48.95,14.75,194.5,38.05,20.3,93.5,24.8,48.25,20.15,124.5,7.35,12.05,19.1,50.2,10.45,22.95,69.9,30.05,326.0,88.5,9.8,48.0,44.3,97.7,84.9,30.0,80.6,236.5,7.5,11.6,96.2,167.5,74.4,27.2,109.5,513.0,284.5,12.4,135.5,66.6,16.75,50.4,10.1,15.45,14.85,,236.0,18.25,28.9,10.6,27.6,9.14,10.9,17.0,18.4,43.25,46.95,9.23,19.45,16.25,24.8,15.5,9.2,13.4,19.55,18.65,231.0,77.0,2080.0,31.2,146.0,58.5,98.8,132.5,28.15,96.5,94.0,12.3,37.6,306.5,17.15,42.2,26.35,68.3,42.7,57.3,,96.3,172.5,41.6,75.6,16.8,11.35,128.5,55.3,81.2,72.6,242.0,197.0,271.0,,,74.9,,,36.55,85.4,201.0,77.0,236.5,53.6,42.85,80.0,54.0
44.75,39.7,52.8,82.1,77.2,68.7,12.75,42.5,73.0,31.35,32.75,312.0,157.0,34.05,53.3,313.5,10.8,25.0,31.5,59.1,197.5,73.7,25.6,15.5,24.8,42.95,321.5,421.5,41.75,80.4,67.7,48.0,29.0,358.0,370.0,328.5,48.95,14.75,194.5,38.15,20.3,93.6,24.8,48.3,20.2,124.0,7.33,12.05,19.25,50.3,10.45,22.9,69.8,30.0,326.0,88.1,9.78,48.0,44.2,97.7,85.1,30.0,80.6,236.5,7.5,11.6,96.2,168.0,74.4,27.2,109.5,513.0,285.0,12.4,135.5,66.6,16.75,50.4,10.1,15.45,14.8,,236.0,18.25,28.9,10.6,27.6,9.16,10.9,17.0,18.4,43.25,46.95,9.23,19.45,16.25,24.75,15.5,9.21,13.4,19.55,18.65,231.0,77.0,2085.0,31.2,146.0,58.5,98.7,132.0,28.05,96.5,94.0,12.3,37.6,306.0,17.05,42.2,26.35,68.3,42.75,57.2,,96.3,172.0,41.6,75.5,16.8,11.35,128.5,55.2,81.2,72.6,242.0,197.0,271.0,,,74.9,,,36.55,85.4,201.5,77.0,236.5,53.7,42.8,80.0,54.0
44.75,39.7,52.9,82.1,77.1,68.7,12.75,42.5,73.0,31.35,32.75,311.5,157.0,34.05,53.3,314.0,10.75,25.0,31.5,58.9,198.0,73.7,25.6,15.5,24.85,42.95,321.5,421.5,41.75,80.4,67.7,48.0,29.0,358.0,370.0,328.0,48.95,14.75,194.5,38.15,20.25,93.7,24.8,48.25,20.15,124.5,7.33,12.05,19.25,50.3,10.45,22.9,69.8,30.0,326.5,88.0,9.78,48.05,44.2,97.8,85.2,30.0,80.6,236.5,7.5,11.6,96.2,168.0,74.4,27.2,109.5,513.0,284.5,12.35,135.5,66.6,16.8,50.4,10.15,15.4,14.8,,236.0,18.3,28.9,10.6,27.6,9.15,10.9,17.0,18.4,43.25,46.95,9.23,19.45,16.25,24.8,15.5,9.21,13.4,19.55,18.7,231.0,77.0,2080.0,31.45,146.0,58.5,98.8,132.0,28.05,96.5,94.5,12.25,37.6,305.0,17.1,42.2,26.35,68.3,42.75,57.2,,96.3,171.5,41.85,75.5,16.85,11.4,128.5,55.2,81.2,72.6,242.0,197.0,271.0,,,74.9,,,36.55,85.4,201.5,77.0,236.5,53.8,42.75,80.0,54.0
44.75,39.7,52.9,82.3,77.2,68.9,12.75,42.5,73.0,31.4,32.75,311.5,157.0,34.05,53.3,314.5,10.75,25.05,31.5,59.0,199.5,73.7,25.65,15.5,24.85,42.95,321.5,419.5,41.75,80.4,67.7,48.0,29.0,358.0,370.0,328.0,48.95,14.75,194.5,38.2,20.25,93.6,24.85,48.3,20.2,124.5,7.33,12.1,19.25,50.1,10.5,22.95,70.0,30.0,326.5,88.0,9.79,48.05,44.2,97.8,85.3,30.0,80.6,236.0,7.5,11.65,96.2,168.0,74.4,27.2,109.5,513.0,285.0,12.35,135.0,66.6,16.75,50.3,10.15,15.4,14.85,,236.0,18.3,28.9,10.6,27.6,9.15,10.9,17.0,18.4,43.25,46.95,9.24,19.45,16.3,24.8,15.5,9.2,13.4,19.6,18.7,231.0,76.9,2080.0,31.45,146.0,58.5,98.8,132.0,28.0,96.5,94.5,12.25,37.6,304.0,17.1,42.25,26.3,68.4,42.8,57.2,,96.3,171.5,41.85,75.5,16.85,11.35,129.0,55.2,81.1,72.6,242.0,199.0,271.0,,,74.9,,,36.55,85.4,201.0,77.0,236.5,53.8,42.7,80.0,54.0
44.75,39.7,52.9,82.2,77.1,68.9,12.75,42.5,73.0,31.45,32.75,311.5,157.0,34.05,53.5,316.0,10.8,25.0,31.5,59.0,200.0,73.6,25.6,15.5,24.85,42.95,321.5,419.5,41.75,80.4,67.7,48.0,29.0,358.0,370.0,327.0,48.95,14.75,195.0,38.2,20.35,93.7,24.8,48.3,20.15,124.5,7.32,12.1,19.25,50.2,10.45,22.9,70.0,29.9,326.5,88.1,9.78,48.05,44.15,97.9,85.3,29.9,80.5,236.0,7.5,11.6,96.2,168.0,74.4,27.2,109.5,513.0,284.5,12.35,135.5,66.6,16.75,50.4,10.15,15.45,14.85,,236.0,18.3,28.9,10.6,27.6,9.15,10.9,17.0,18.4,43.25,46.95,9.24,19.45,16.25,24.75,15.5,9.2,13.4,19.55,18.7,231.0,76.9,2080.0,31.45,146.0,58.5,98.8,132.0,28.0,96.5,94.3,12.25,37.6,303.0,17.1,42.25,26.35,68.4,42.8,57.3,,96.3,171.5,41.85,75.5,16.85,11.4,129.0,55.2,81.0,72.6,242.0,199.5,271.0,,,74.9,,,36.5,85.4,201.0,77.0,236.5,53.8,42.75,80.0,54.0
44.8,39.7,52.9,82.2,77.0,68.9,12.8,42.45,73.0,31.45,32.75,312.0,157.0,34.05,53.6,316.5,10.8,25.0,31.5,59.0,201.0,73.6,25.6,15.5,24.85,43.0,321.0,422.0,41.8,80.4,67.7,48.0,29.0,358.0,370.0,328.0,48.95,14.75,194.5,38.25,20.3,93.7,24.8,48.3,20.15,124.5,7.32,12.1,19.2,50.2,10.45,22.85,69.9,29.85,326.5,88.1,9.77,48.0,44.15,97.9,85.4,29.9,80.6,236.0,7.5,11.6,96.2,168.0,74.4,27.15,109.5,513.0,285.0,12.35,136.0,66.5,16.75,50.4,10.15,15.45,14.85,,236.0,18.25,28.9,10.6,27.6,9.15,10.9,17.0,18.35,43.3,46.9,9.24,19.45,16.25,24.8,15.5,9.2,13.4,19.55,18.7,231.0,76.9,2080.0,31.45,146.0,58.5,98.7,132.5,28.05,96.5,94.3,12.25,37.6,304.0,17.05,42.25,26.35,68.5,42.9,57.2,,96.3,171.5,41.85,75.6,16.8,11.4,129.0,55.2,80.8,72.6,242.0,200.0,271.0,,,74.9,,,36.55,85.4,201.0,77.0,236.5,53.7,42.75,80.0,54.0
44.75,39.65,52.9,82.1,77.0,68.9,12.8,42.45,73.0,31.4,32.75,312.5,156.5,33.9,53.6,318.0,10.8,25.0,31.5,59.0,200.5,73.6,25.6,15.5,24.8,43.0,321.5,422.0,41.8,80.5,67.7,48.0,29.0,358.0,370.0,328.0,48.95,14.75,194.5,38.3,20.3,93.8,24.8,48.3,20.15,124.5,7.33,12.15,19.2,50.2,10.45,22.8,70.0,29.95,326.0,88.0,9.79,48.1,44.0,98.0,85.5,29.85,80.6,236.0,7.5,11.6,96.3,168.0,74.4,27.1,109.5,513.0,284.5,12.35,136.0,66.9,16.75,50.4,10.15,15.45,14.85,,236.0,18.3,28.9,10.65,27.65,9.16,10.9,16.95,18.35,43.25,46.95,9.25,19.4,16.25,24.8,15.55,9.22,13.4,19.6,18.65,231.0,76.9,2080.0,31.45,146.0,58.5,98.7,132.0,28.05,96.3,94.3,12.25,37.6,304.5,17.05,42.2,26.3,68.5,43.05,57.3,,96.7,172.0,41.8,75.6,16.85,11.4,129.0,55.2,80.8,72.5,242.0,200.0,271.0,,,74.9,,,36.5,85.4,201.0,76.8,236.5,53.7,42.7,80.0,54.0
44.8,39.7,52.9,82.1,77.0,68.9,12.9,42.45,73.0,31.4,32.75,312.5,156.5,33.9,53.5,318.0,10.8,25.0,31.5,59.0,200.5,73.6,25.6,15.45,24.85,43.0,321.5,422.0,41.8,80.5,67.7,48.0,29.0,360.0,370.0,327.5,48.95,14.75,195.0,38.25,20.3,93.8,24.8,48.35,20.15,124.0,7.33,12.15,19.2,50.1,10.5,22.75,70.0,30.0,326.5,88.0,9.79,48.05,43.95,97.9,85.5,29.85,80.6,236.0,7.5,11.65,96.3,168.0,74.4,27.0,109.5,513.0,284.5,12.35,136.0,66.8,16.75,50.4,10.15,15.45,14.85,,236.0,18.3,28.9,10.65,27.6,9.16,10.9,16.95,18.4,43.25,46.95,9.25,19.45,16.25,24.75,15.55,9.22,13.4,19.55,18.65,231.0,76.9,2080.0,31.45,146.0,58.5,98.7,132.0,28.05,96.6,94.3,12.25,37.6,305.0,17.1,42.3,26.35,68.5,43.3,57.0,,96.7,172.5,41.8,75.6,16.85,11.4,129.0,55.3,81.0,72.5,242.0,200.0,271.0,,,74.9,,,36.5,85.4,201.0,76.8,236.5,53.7,42.7,80.0,54.0
44.75,39.7,52.8,82.1,77.0,68.9,12.95,42.45,73.0,31.4,32.75,312.5,156.5,33.9,53.6,315.5,10.8,25.0,31.5,59.1,200.0,73.6,25.65,15.45,24.85,43.0,322.5,422.0,41.85,80.5,67.7,48.0,29.0,360.0,370.0,327.5,48.95,14.8,194.5,38.3,20.3,93.7,24.8,48.45,20.15,124.5,7.32,12.2,19.15,50.1,10.45,22.75,70.0,30.0,326.5,88.1,9.79,48.1,43.9,97.9,85.5,29.85,80.6,236.5,7.5,11.6,96.2,168.0,74.4,26.95,109.5,513.0,285.0,12.3,136.0,66.9,16.8,50.4,10.15,15.45,14.85,,236.0,18.3,29.0,10.6,27.65,9.16,10.9,16.95,18.4,43.3,46.95,9.25,19.45,16.3,24.8,15.55,9.22,13.4,19.6,18.7,231.0,77.0,2080.0,31.45,146.5,58.5,98.7,132.5,28.05,96.6,94.3,12.2,37.6,305.5,17.05,42.3,26.3,68.6,43.45,57.0,,96.7,172.0,41.8,75.5,16.85,11.45,129.0,55.3,81.0,72.5,242.5,200.0,271.0,,,74.9,,,36.5,85.4,201.5,76.8,236.5,53.7,42.7,80.0,54.0
44.75,39.7,52.8,82.1,77.0,69.0,12.9,42.45,73.0,31.35,32.75,312.5,156.5,34.1,53.8,315.5,10.8,25.0,31.5,59.1,200.5,73.6,25.65,15.45,24.85,43.0,322.0,422.5,41.85,80.4,67.6,48.0,29.0,360.5,370.0,327.5,49.0,14.75,195.5,38.3,20.3,93.7,24.8,48.45,20.15,124.5,7.32,12.3,19.2,50.1,10.45,22.75,70.0,30.0,326.5,88.1,9.8,48.1,43.8,98.0,85.4,29.85,80.7,236.5,7.5,11.6,96.2,168.0,74.4,26.85,109.5,513.0,284.5,12.35,136.0,66.9,16.8,50.4,10.1,15.45,14.85,,236.0,18.3,29.0,10.6,27.65,9.16,10.9,16.95,18.45,43.3,46.95,9.26,19.45,16.25,24.75,15.55,9.21,13.45,19.55,18.7,231.0,77.0,2075.0,31.45,146.0,58.5,98.7,132.5,28.05,96.3,94.3,12.2,37.6,306.0,17.05,42.25,26.4,68.6,43.6,57.0,,96.7,172.0,41.8,75.6,16.85,11.45,129.0,55.3,81.0,72.5,242.5,200.5,271.0,,,74.9,,,36.5,85.4,201.5,76.8,236.5,53.7,42.7,80.0,54.0
44.75,39.7,52.8,82.1,77.1,69.0,12.85,42.4,73.0,31.35,32.75,313.0,156.5,34.1,53.6,315.5,10.8,25.0,31.5,59.0,200.0,73.6,25.65,15.45,24.85,43.0,322.5,422.5,41.85,80.5,67.7,48.0,29.0,360.5,370.0,327.5,49.0,14.75,196.0,38.35,20.3,93.7,24.8,48.45,20.1,124.5,7.32,12.3,19.2,50.2,10.45,22.75,70.0,30.05,326.5,88.0,9.8,48.15,43.8,98.0,85.4,29.9,80.7,236.5,7.5,11.6,96.2,168.5,74.4,26.85,110.0,512.0,284.5,12.35,136.0,66.6,16.75,50.4,10.1,15.45,14.9,,236.0,18.25,29.0,10.6,27.6,9.16,10.9,16.95,18.45,43.25,46.95,9.26,19.45,16.3,24.8,15.55,9.2,13.4,19.55,18.7,231.0,77.1,2075.0,31.45,146.0,58.5,98.7,132.5,28.0,96.3,94.3,12.25,37.6,306.0,17.05,42.2,26.4,68.6,43.45,56.9,,96.7,172.5,41.8,75.6,16.85,11.45,128.5,55.3,81.1,72.6,242.5,200.0,271.0,,,74.9,,,36.55,85.4,201.5,76.8,236.5,53.7,42.65,80.0,54.0
44.75,39.75,52.9,82.1,77.1,68.9,12.9,42.4,73.0,31.35,32.75,313.0,156.5,34.05,53.6,315.5,10.75,25.0,31.5,59.0,199.0,73.5,25.65,15.45,24.85,43.05,322.5,421.0,41.85,80.5,67.8,48.0,29.05,360.5,370.0,327.0,49.0,14.8,196.0,38.4,20.3,93.7,24.8,48.45,20.15,124.5,7.33,12.35,19.2,50.1,10.45,22.8,70.1,30.05,326.5,88.0,9.81,48.15,43.8,97.9,85.4,29.9,80.7,236.5,7.5,11.65,96.2,168.5,74.4,26.85,110.5,513.0,284.0,12.35,136.0,66.9,16.8,50.4,10.1,15.45,14.85,,236.0,18.25,29.0,10.6,27.6,9.16,10.9,16.95,18.45,43.25,46.9,9.28,19.45,16.25,24.8,15.5,9.2,13.4,19.55,18.65,231.0,77.0,2080.0,31.45,146.5,58.5,98.8,132.5,28.0,96.3,94.4,12.25,37.6,306.0,17.1,42.2,26.35,68.6,43.3,56.9,,96.7,172.5,41.7,75.6,16.85,11.4,128.5,55.3,81.0,72.6,242.5,200.0,271.0,,,74.9,,,36.5,85.4,201.5,76.8,236.5,53.7,42.65,80.0,54.0
44.75,39.75,52.8,82.1,77.0,68.9,12.9,42.4,73.1,31.35,32.75,313.5,156.5,34.0,53.6,316.0,10.75,24.95,31.5,59.0,199.0,73.6,25.65,15.45,24.85,43.05,322.5,420.0,41.85,80.4,67.8,48.0,29.05,360.5,370.0,327.0,49.0,14.75,196.0,38.45,20.3,93.7,24.8,48.4,20.1,124.5,7.33,12.35,19.15,50.1,10.45,22.8,70.1,30.05,326.0,88.0,9.8,48.1,43.9,97.9,85.3,29.9,80.8,236.5,7.5,11.6,96.2,168.5,74.4,26.95,110.5,513.0,284.5,12.3,136.0,66.9,16.8,50.4,10.1,15.45,14.85,,236.0,18.25,29.0,10.6,27.6,9.17,10.9,16.95,18.45,43.25,46.95,9.29,19.4,16.25,24.8,15.5,9.21,13.4,19.6,18.7,231.5,77.1,2075.0,31.45,146.0,58.2,98.7,132.0,28.0,96.3,94.3,12.25,37.6,306.0,17.1,42.2,26.35,68.6,43.2,56.9,,96.4,173.0,41.7,75.6,16.85,11.4,128.5,55.3,81.0,72.7,242.0,200.0,271.0,,,74.9,,,36.5,85.4,201.5,76.8,236.5,53.7,42.6,79.9,53.9
44.75,39.75,52.8,82.1,77.0,68.9,12.95,42.4,73.0,31.35,32.8,314.0,156.5,34.0,53.7,316.0,10.8,24.95,31.5,59.0,199.5,73.6,25.65,15.45,24.85,43.05,322.5,421.0,41.85,80.4,67.8,48.0,29.0,360.5,370.0,327.0,49.0,14.8,196.0,38.4,20.25,93.7,24.8,48.45,20.1,124.5,7.33,12.3,19.15,50.0,10.45,22.75,70.1,30.0,326.0,88.0,9.81,48.05,43.9,97.8,85.2,29.9,80.8,236.5,7.5,11.65,96.2,168.5,74.4,26.95,110.0,513.0,284.5,12.35,136.0,66.6,16.75,50.4,10.1,15.45,14.9,,236.0,18.3,29.0,10.6,27.6,9.17,10.9,16.95,18.45,43.25,46.9,9.3,19.4,16.25,24.8,15.55,9.21,13.45,19.55,18.65,231.5,77.0,2075.0,31.45,146.0,58.2,98.8,132.0,28.0,96.3,94.3,12.25,37.6,305.5,17.1,42.2,26.35,68.6,43.3,57.0,,96.4,173.0,41.75,75.6,16.8,11.4,129.0,55.3,81.1,72.7,242.0,198.0,271.0,,,74.9,,,36.5,85.4,201.5,76.8,236.5,53.7,42.6,79.9,53.9
44.8,39.75,52.9,82.1,77.1,69.0,12.95,42.4,73.1,31.3,32.8,314.5,156.5,34.05,53.6,316.0,10.8,24.95,31.5,59.0,199.5,73.5,25.65,15.5,24.85,43.05,322.5,421.0,41.85,80.4,67.8,48.0,29.0,360.5,370.0,327.0,49.0,14.75,195.5,38.4,20.25,93.8,24.8,48.45,20.15,124.5,7.34,12.35,19.2,50.1,10.45,22.75,70.0,30.05,326.0,88.0,9.81,48.0,43.9,97.8,85.2,29.95,80.8,236.5,7.5,11.6,96.3,168.0,74.4,26.95,110.0,513.0,284.5,12.35,136.0,66.6,16.75,50.4,10.1,15.45,14.9,,236.0,18.25,29.0,10.6,27.6,9.17,10.85,16.95,18.4,43.25,46.9,9.3,19.4,16.25,24.8,15.55,9.21,13.4,19.55,18.65,231.0,77.1,2075.0,31.45,146.0,58.2,98.9,132.0,28.0,96.2,94.3,12.25,37.6,306.0,17.1,42.2,26.35,68.7,43.4,57.0,,96.4,172.5,41.75,75.7,16.85,11.4,128.5,55.3,81.1,72.7,242.0,198.0,272.0,,,74.9,,,36.55,85.4,202.0,76.8,236.5,53.8,42.55,80.0,54.0
44.8,39.75,52.9,82.1,77.0,68.9,12.95,42.4,73.0,31.35,32.85,314.5,156.5,34.05,53.6,315.5,10.75,25.0,31.55,59.0,199.0,73.6,25.6,15.5,24.85,43.05,322.5,421.0,41.85,80.4,67.8,48.0,29.0,361.5,370.0,327.0,48.95,14.75,195.5,38.35,20.25,93.7,24.85,48.45,20.15,124.5,7.35,12.3,19.15,50.0,10.45,22.75,70.0,30.1,326.5,87.8,9.81,48.0,43.9,97.8,85.2,29.9,80.6,236.5,7.5,11.6,96.2,168.5,74.4,26.9,110.5,513.0,284.5,12.35,136.0,66.7,16.75,50.4,10.15,15.45,14.85,,236.0,18.3,29.0,10.6,27.55,9.17,10.85,16.95,18.4,43.25,46.9,9.3,19.4,16.3,24.8,15.5,9.21,13.4,19.55,18.65,231.0,77.2,2075.0,31.4,146.0,58.2,98.8,132.5,28.0,96.1,94.3,12.25,37.6,306.0,17.1,42.2,26.35,68.7,43.4,57.0,,96.4,173.0,41.75,75.7,16.85,11.4,128.5,55.3,81.2,72.6,242.0,198.0,272.0,,,74.9,,,36.55,85.4,202.0,76.8,236.5,53.7,42.55,80.0,54.1
44.75,39.7,52.9,82.0,77.0,69.0,12.95,42.4,73.0,31.35,32.85,315.0,156.5,33.95,53.6,315.0,10.8,24.95,31.55,59.0,199.0,73.6,25.6,15.5,24.85,43.05,322.0,422.0,41.85,80.3,67.9,48.0,29.0,361.5,370.0,329.0,49.0,14.75,195.5,38.4,20.25,93.7,24.85,48.45,20.15,124.5,7.34,12.25,19.2,50.0,10.5,22.75,70.0,30.1,326.5,87.7,9.81,48.0,43.9,97.7,85.1,29.95,80.6,236.0,7.5,11.6,96.3,168.5,74.1,26.95,110.5,513.0,284.5,12.35,136.0,66.9,16.75,50.4,10.1,15.45,14.85,,236.0,18.3,28.95,10.6,27.55,9.16,10.9,16.95,18.4,43.25,46.9,9.29,19.4,16.25,24.75,15.55,9.21,13.4,19.55,18.65,231.0,77.1,2075.0,31.4,146.0,58.2,98.8,132.5,28.0,96.2,94.3,12.25,37.6,305.5,17.05,42.2,26.35,68.8,43.45,57.1,,96.4,173.0,41.7,75.7,16.85,11.45,128.5,55.3,81.3,72.7,242.0,200.0,272.0,,,74.9,,,36.5,85.4,202.0,76.8,237.0,53.8,42.5,80.0,53.9
44.75,39.7,52.9,82.0,77.1,69.0,12.95,42.4,73.0,31.4,32.85,316.0,156.5,34.0,53.5,315.0,10.8,25.0,31.55,59.0,198.5,73.7,25.6,15.5,24.8,43.05,322.0,422.0,41.85,80.3,67.9,48.0,29.05,361.5,370.0,329.0,49.0,14.75,195.5,38.35,20.25,93.8,24.8,48.45,20.1,125.0,7.35,12.25,19.15,50.0,10.45,22.75,70.0,30.1,327.0,87.7,9.82,48.0,43.9,97.7,85.1,29.9,80.5,236.0,7.5,11.6,96.3,168.5,74.0,26.95,110.5,513.0,285.0,12.35,136.0,66.9,16.8,50.4,10.15,15.5,14.9,,237.0,18.3,28.95,10.6,27.6,9.16,10.9,16.95,18.4,43.25,46.9,9.29,19.4,16.25,24.75,15.5,9.2,13.4,19.55,18.65,231.5,77.0,2075.0,31.4,146.0,58.1,98.8,132.5,28.0,96.2,94.4,12.2,37.6,305.5,17.1,42.2,26.35,68.8,43.45,57.1,,96.5,172.5,41.7,75.5,16.85,11.4,129.0,55.3,81.3,72.8,242.0,200.0,272.0,,,74.9,,,36.55,85.4,202.0,77.0,236.5,53.8,42.55,80.0,54.1
44.7,39.7,52.8,82.0,77.1,69.0,12.9,42.4,73.0,31.4,32.8,317.5,156.5,34.0,53.5,315.5,10.8,25.0,31.55,59.0,199.0,73.7,25.6,15.5,24.8,43.05,322.0,422.0,41.85,80.3,67.9,47.95,29.05,361.5,370.0,329.0,49.05,14.75,196.0,38.4,20.25,93.7,24.8,48.45,20.15,124.5,7.35,12.3,19.2,50.1,10.45,22.75,70.0,30.1,327.0,87.7,9.82,48.0,43.95,97.6,85.2,29.9,80.5,236.0,7.5,11.6,96.2,168.5,74.0,26.95,110.0,513.0,284.5,12.4,135.5,66.9,16.8,50.4,10.1,15.45,14.85,,237.0,18.3,28.95,10.6,27.65,9.16,10.9,16.95,18.4,43.25,46.9,9.29,19.4,16.25,24.8,15.55,9.22,13.4,19.6,18.65,231.5,77.0,2075.0,31.3,146.0,58.1,98.8,132.0,28.0,96.3,94.4,12.25,37.6,305.0,17.1,42.2,26.35,68.7,43.5,57.2,,96.5,172.5,41.7,75.7,16.85,11.45,129.0,55.2,81.3,72.8,242.0,200.0,272.0,,,74.9,,,36.55,85.4,202.0,77.0,236.5,53.8,42.55,80.0,54.1
44.65,39.7,52.8,82.0,77.0,68.9,12.95,42.4,73.0,31.4,32.8,319.0,156.5,34.05,53.5,315.5,10.8,25.0,31.55,59.0,199.0,73.7,25.65,15.5,24.85,43.05,322.0,421.0,41.85,80.2,67.9,48.0,29.0,362.0,370.0,328.0,49.0,14.75,195.5,38.35,20.25,93.7,24.8,48.4,20.2,124.5,7.35,12.25,19.2,50.1,10.45,22.7,70.0,30.05,327.0,87.6,9.82,48.0,43.95,97.6,85.2,29.9,80.6,236.0,7.5,11.6,96.3,168.5,73.9,27.0,110.0,510.0,284.5,12.4,135.5,66.9,16.75,50.4,10.1,15.45,14.85,,237.0,18.25,28.95,10.6,27.6,9.16,10.9,16.95,18.4,43.3,46.9,9.29,19.4,16.25,24.8,15.5,9.21,13.4,19.55,18.65,231.0,77.0,2075.0,31.3,145.5,58.2,98.8,132.0,28.0,96.1,94.4,12.25,37.6,305.0,17.1,42.2,26.35,68.7,43.5,57.1,,96.5,172.5,41.7,75.7,16.85,11.45,129.0,55.2,81.3,72.9,242.0,200.0,272.0,,,74.9,,,36.5,85.4,202.0,77.0,236.5,53.8,42.5,80.0,54.0
44.65,39.7,52.8,82.0,77.0,68.9,12.95,42.4,73.0,31.35,32.8,320.0,156.0,34.05,53.5,315.5,10.75,24.95,31.5,59.1,199.0,73.7,25.6,15.5,24.85,43.05,322.0,421.0,41.85,80.2,67.9,48.0,29.0,362.5,370.0,328.0,49.0,14.75,195.5,38.3,20.2,93.7,24.75,48.35,20.2,125.0,7.34,12.25,19.2,50.2,10.45,22.7,70.0,30.05,327.0,87.5,9.83,48.0,43.95,97.6,85.2,29.9,80.6,236.0,7.5,11.6,96.3,168.5,73.6,27.0,109.5,509.0,284.5,12.4,135.0,66.9,16.75,50.4,10.1,15.45,14.85,,237.0,18.25,28.95,10.6,27.6,9.16,10.9,16.95,18.4,43.3,46.9,9.29,19.4,16.25,24.8,15.55,9.22,13.4,19.6,18.7,231.0,77.1,2075.0,31.3,146.0,58.2,98.9,132.0,28.0,96.1,94.5,12.25,37.6,304.5,17.1,42.15,26.35,68.7,43.5,57.2,,96.6,172.5,41.7,75.5,16.85,11.4,129.0,55.2,81.3,72.9,242.0,200.0,272.0,,,74.9,,,36.55,85.4,202.0,77.0,236.5,53.7,42.5,80.0,54.0
44.65,39.7,52.8,82.0,77.1,68.9,12.95,42.4,73.0,31.35,32.8,320.0,156.5,34.05,53.5,315.5,10.75,24.95,31.5,59.0,199.0,73.7,25.6,15.45,24.85,43.05,322.0,420.0,41.85,80.1,67.9,48.0,29.0,362.5,370.0,328.0,49.0,14.75,196.0,38.2,20.25,93.7,24.8,48.3,20.2,125.0,7.35,12.25,19.2,50.0,10.45,22.7,70.0,30.0,327.0,87.5,9.84,48.05,43.95,97.5,85.3,29.9,80.6,236.0,7.5,11.6,96.2,168.5,73.8,26.95,109.5,509.0,284.0,12.4,134.0,66.9,16.75,50.3,10.1,15.45,14.85,,237.0,18.25,28.95,10.6,27.6,9.17,10.9,16.95,18.4,43.3,46.9,9.29,19.45,16.25,24.8,15.5,9.21,13.4,19.55,18.7,231.0,77.1,2075.0,31.3,146.0,58.1,98.9,132.0,28.0,96.0,94.6,12.2,37.4,304.5,17.1,42.2,26.4,68.8,43.45,57.0,,96.6,172.5,41.7,75.6,16.85,11.4,129.0,55.2,81.3,72.9,242.0,200.0,272.0,,,74.9,,,36.55,85.4,202.0,77.0,237.0,53.7,42.5,80.0,54.0
44.65,39.75,52.8,82.0,77.1,68.9,12.9,42.4,73.0,31.35,32.8,319.0,156.5,34.05,53.5,315.5,10.8,24.95,31.5,59.0,199.0,73.6,25.6,15.5,24.85,43.05,321.5,420.0,41.85,80.2,67.9,48.0,29.0,362.5,370.0,327.5,49.0,14.75,195.5,38.25,20.25,93.7,24.8,48.3,20.2,124.5,7.35,12.25,19.15,50.0,10.5,22.65,70.1,30.0,327.0,87.4,9.84,48.05,43.95,97.4,85.3,29.85,80.5,236.0,7.5,11.6,96.3,169.0,73.8,26.95,109.5,509.0,284.0,12.4,133.0,66.8,16.75,50.3,10.1,15.45,14.85,,237.0,18.3,28.95,10.65,27.6,9.17,10.9,16.95,18.4,43.25,46.9,9.29,19.45,16.25,24.8,15.5,9.21,13.4,19.55,18.7,231.0,77.1,2075.0,31.3,146.0,58.1,98.8,132.5,28.0,96.0,94.5,12.25,37.4,304.0,17.05,42.2,26.35,68.8,43.4,57.2,,96.6,173.0,41.7,75.5,16.85,11.45,128.5,55.2,81.3,72.8,242.0,200.0,272.0,,,74.9,,,36.55,85.4,202.0,77.0,237.0,53.8,42.5,80.0,54.1
44.65,39.7,52.8,82.0,77.1,68.9,12.9,42.35,73.0,31.35,32.8,317.5,156.0,34.05,53.4,315.0,10.8,24.95,31.5,59.0,199.0,73.6,25.6,15.5,24.9,43.05,321.5,421.0,41.9,80.2,67.9,48.0,29.0,362.5,370.0,327.5,49.0,14.75,195.5,38.25,20.25,93.7,24.8,48.3,20.2,125.0,7.35,12.2,19.2,50.0,10.45,22.6,70.0,30.0,326.5,87.3,9.84,48.05,43.95,97.3,85.5,29.85,80.5,236.5,7.5,11.6,96.3,169.0,73.8,26.95,110.0,509.0,284.0,12.45,133.5,66.8,16.75,50.3,10.1,15.45,14.85,,236.0,18.25,29.0,10.65,27.6,9.17,10.9,16.95,18.4,43.3,46.9,9.28,19.45,16.25,24.75,15.55,9.21,13.4,19.55,18.7,231.5,77.0,2075.0,31.3,146.0,58.1,98.8,132.5,28.0,96.1,94.6,12.25,37.4,304.0,17.05,42.15,26.35,68.7,43.3,57.1,,96.6,173.0,41.7,75.6,16.85,11.45,128.5,55.2,81.3,72.8,242.0,200.0,272.0,,,74.9,,,36.55,85.4,202.0,77.0,237.0,53.8,42.55,80.0,54.0
44.65,39.7,52.9,82.0,77.1,68.8,12.85,42.35,73.0,31.35,32.8,317.5,155.0,34.05,53.4,315.0,10.8,24.95,31.5,59.0,198.5,73.6,25.6,15.45,24.9,43.05,321.5,421.0,41.95,80.3,67.9,48.0,29.0,362.5,370.0,327.5,49.0,14.75,195.5,38.3,20.25,93.8,24.8,48.3,20.2,125.0,7.35,12.2,19.25,50.1,10.45,22.6,70.0,29.95,326.5,87.3,9.83,48.05,44.0,97.3,85.7,29.85,80.5,236.5,7.5,11.55,96.3,169.0,73.7,26.95,110.0,510.0,284.0,12.4,134.0,66.9,16.8,50.3,10.1,15.45,14.85,,236.0,18.25,29.0,10.6,27.6,9.17,10.9,16.95,18.4,43.3,46.85,9.29,19.45,16.25,24.75,15.55,9.21,13.4,19.55,18.7,231.5,77.2,2075.0,31.3,146.0,58.1,98.9,132.0,28.05,96.1,94.6,12.25,37.4,304.0,17.05,42.15,26.3,68.7,43.2,57.0,,96.6,173.0,41.7,75.6,16.85,11.4,128.5,55.3,81.2,72.8,242.0,200.0,272.0,,,74.9,,,36.5,85.4,201.0,77.0,237.0,53.8,42.5,80.0,53.9
44.65,39.65,52.8,82.0,77.1,68.8,12.85,42.35,73.0,31.35,32.8,318.0,155.0,33.95,53.4,315.0,10.8,24.95,31.5,59.0,198.5,73.6,25.65,15.45,24.9,43.05,321.5,421.0,41.85,80.2,67.9,48.0,29.0,362.5,370.0,327.5,49.0,14.75,195.5,38.25,20.25,93.8,24.8,48.35,20.2,124.5,7.35,12.25,19.25,50.0,10.45,22.65,70.0,29.9,326.5,87.5,9.84,48.0,44.0,97.2,85.9,29.85,80.4,236.5,7.5,11.6,96.2,169.0,73.7,26.95,110.0,510.0,284.0,12.45,134.0,67.0,16.8,50.3,10.1,15.45,14.85,,235.5,18.25,29.0,10.6,27.65,9.17,10.9,16.95,18.4,43.3,46.9,9.28,19.45,16.25,24.8,15.5,9.21,13.4,19.55,18.65,231.5,77.2,2075.0,31.3,146.0,58.1,98.8,132.5,28.05,96.1,94.6,12.25,37.4,303.5,17.05,42.15,26.3,68.7,43.25,57.2,,96.6,174.0,41.7,75.5,16.85,11.4,128.5,55.2,81.0,72.8,242.0,200.0,272.0,,,74.9,,,36.55,85.4,201.0,77.0,237.0,53.7,42.55,80.0,53.9
44.65,39.7,52.8,82.0,77.1,68.8,12.85,42.35,73.0,31.35,32.8,320.0,155.5,34.05,53.4,315.0,10.75,24.95,31.5,59.0,198.5,73.6,25.65,15.45,24.9,43.05,321.5,421.0,41.85,80.2,67.9,48.0,29.0,362.5,370.0,327.5,49.0,14.75,196.0,38.25,20.25,93.7,24.75,48.3,20.25,124.5,7.35,12.2,19.25,50.0,10.45,22.7,70.1,29.95,326.5,87.6,9.85,48.0,44.0,97.3,86.0,29.9,80.3,236.5,7.5,11.6,96.3,169.0,73.7,26.95,110.0,509.0,284.0,12.45,134.5,67.0,16.8,50.4,10.1,15.45,14.85,,235.0,18.25,29.0,10.6,27.6,9.17,10.9,16.95,18.4,43.25,46.9,9.29,19.4,16.25,24.75,15.55,9.2,13.4,19.6,18.7,231.5,77.1,2075.0,31.3,146.0,58.1,98.8,132.5,28.0,96.1,94.5,12.25,37.4,303.0,17.1,42.15,26.3,68.8,43.25,57.0,,96.6,174.5,41.7,75.5,16.85,11.45,128.5,55.2,81.0,73.0,242.0,200.0,272.0,,,74.9,,,36.5,85.4,202.0,77.0,237.0,53.7,42.55,80.0,54.0
44.65,39.65,52.9,82.0,77.1,68.8,12.85,42.35,73.0,31.35,32.8,321.0,155.5,33.95,53.4,314.0,10.75,24.95,31.5,59.0,198.5,73.5,25.65,15.4,24.9,43.05,321.5,421.0,41.9,80.3,67.9,48.0,29.0,362.5,370.0,327.5,49.0,14.75,196.0,38.25,20.3,93.8,24.75,48.3,20.3,125.0,7.35,12.25,19.25,50.1,10.4,22.65,70.0,29.9,326.5,87.7,9.85,48.0,44.0,97.3,85.8,29.9,80.3,236.5,7.5,11.6,96.2,168.5,73.7,26.95,110.0,509.0,284.5,12.45,134.5,67.0,16.8,50.4,10.1,15.45,14.85,,235.0,18.3,29.0,10.6,27.6,9.17,10.9,16.95,18.4,43.3,46.9,9.29,19.4,16.2,24.75,15.5,9.2,13.4,19.6,18.7,231.5,77.2,2075.0,31.3,146.0,58.1,98.8,132.5,28.0,96.1,94.5,12.25,37.4,302.5,17.1,42.1,26.3,68.8,43.15,57.1,,96.6,175.0,41.7,75.5,16.85,11.4,128.5,55.2,80.9,73.1,241.5,200.0,272.5,,,74.9,,,36.5,85.5,202.0,77.0,237.0,53.7,42.6,80.0,54.1
44.65,39.7,52.9,82.0,77.1,68.8,12.9,42.35,73.0,31.35,32.8,321.0,156.5,33.95,53.4,314.0,10.8,24.95,31.5,59.0,198.5,73.5,25.6,15.4,24.85,43.1,321.5,421.0,41.85,80.3,67.9,48.0,29.0,362.5,370.0,327.5,49.0,14.75,196.0,38.25,20.25,93.7,24.75,48.35,20.3,124.5,7.34,12.25,19.2,50.3,10.4,22.7,70.0,29.85,326.5,87.6,9.85,48.0,44.2,97.3,86.0,29.9,80.2,236.5,7.5,11.55,96.3,168.5,73.6,26.95,110.0,510.0,284.5,12.5,134.0,67.0,16.8,50.4,10.1,15.45,14.85,,235.0,18.3,29.0,10.6,27.6,9.17,10.9,16.95,18.4,43.25,46.9,9.29,19.4,16.2,24.75,15.5,9.2,13.4,19.55,18.65,231.5,77.2,2075.0,31.3,146.0,58.1,98.8,132.5,27.95,96.1,94.5,12.25,37.4,303.0,17.1,42.1,26.3,68.7,43.1,57.1,,96.6,175.0,41.7,75.6,16.85,11.45,128.5,55.2,80.8,73.2,241.5,200.0,272.5,,,74.8,,,36.5,85.5,202.0,77.0,237.0,53.7,42.6,80.0,54.2
44.65,39.7,52.8,82.0,77.1,68.8,12.9,42.3,73.0,31.35,32.8,321.0,156.5,33.9,53.4,314.0,10.8,24.95,31.5,59.1,198.5,73.5,25.6,15.4,24.9,43.1,321.5,421.0,41.85,80.3,67.9,48.0,29.0,362.5,370.0,327.5,49.0,14.7,196.0,38.25,20.25,93.7,24.75,48.35,20.3,124.5,7.34,12.25,19.25,50.4,10.45,22.65,70.0,29.9,326.5,87.7,9.84,48.0,44.2,97.4,85.9,29.9,80.2,236.5,7.5,11.55,96.3,168.5,73.7,27.0,110.0,509.0,285.0,12.5,133.5,67.0,16.8,50.4,10.1,15.45,14.85,,235.0,18.25,29.0,10.6,27.6,9.17,10.9,16.95,18.4,43.25,46.9,9.28,19.4,16.2,24.75,15.55,9.2,13.4,19.55,18.65,231.5,77.2,2075.0,31.3,146.0,58.2,98.8,132.0,28.0,96.0,94.5,12.25,37.4,303.5,17.1,42.1,26.3,68.7,43.1,57.0,,96.6,174.5,41.7,75.5,16.85,11.4,128.5,55.2,80.8,73.2,241.5,199.0,273.0,,,74.8,,,36.45,85.5,202.0,77.0,237.0,53.7,42.65,80.0,54.2
44.7,39.7,52.9,82.0,77.1,68.9,12.9,42.3,73.0,31.35,32.8,321.0,156.5,33.95,53.5,314.0,10.8,24.9,31.5,59.2,199.0,73.5,25.6,15.4,24.9,43.1,321.0,421.0,41.85,80.2,67.9,48.0,29.0,362.5,370.0,327.0,48.95,14.7,196.5,38.25,20.2,93.8,24.8,48.4,20.25,124.5,7.34,12.2,19.2,50.7,10.45,22.65,70.0,29.9,326.5,87.8,9.83,48.0,44.15,97.5,86.2,29.9,80.2,236.5,7.5,11.55,96.3,169.0,73.6,27.0,110.0,510.0,285.0,12.5,133.5,67.0,16.85,50.4,10.15,15.4,14.9,,235.0,18.3,29.0,10.6,27.6,9.17,10.85,16.95,18.45,43.3,46.85,9.29,19.45,16.25,24.8,15.55,9.2,13.4,19.6,18.7,231.0,77.2,2075.0,31.3,146.0,58.2,98.9,132.0,28.0,96.0,94.3,12.25,37.4,304.0,17.05,42.1,26.3,68.7,43.1,57.0,,96.6,174.0,41.7,75.5,16.85,11.4,128.5,55.2,80.9,73.2,241.5,199.0,273.0,,,74.9,,,36.4,85.5,202.0,77.0,237.0,53.7,42.65,80.0,54.2
44.7,39.7,52.9,82.0,77.1,68.9,12.85,42.3,73.0,31.4,32.85,321.0,156.5,33.95,53.4,314.0,10.8,24.95,31.5,59.2,199.0,73.5,25.65,15.4,24.9,43.05,321.0,421.0,41.95,80.2,67.9,48.0,29.0,362.5,370.0,327.0,49.0,14.75,196.5,38.25,20.2,93.7,24.8,48.45,20.2,124.5,7.33,12.2,19.2,50.6,10.5,22.65,70.0,29.95,327.0,87.7,9.82,48.0,44.15,97.3,86.1,29.9,80.3,236.5,7.5,11.55,96.2,169.0,73.4,27.0,109.5,510.0,285.0,12.5,134.0,66.9,16.8,50.4,10.15,15.4,14.9,,235.0,18.3,29.0,10.6,27.6,9.16,10.85,16.95,18.4,43.3,46.9,9.29,19.45,16.25,24.8,15.55,9.2,13.45,19.6,18.7,231.0,77.2,2075.0,31.3,146.0,58.2,98.9,132.0,27.95,95.6,94.3,12.25,37.45,304.5,17.1,42.15,26.3,68.7,43.15,57.1,,96.6,174.5,41.7,75.6,16.85,11.4,128.5,55.2,80.8,73.1,241.0,199.0,273.0,,,74.9,,,36.4,85.5,202.0,77.0,237.5,53.7,42.7,80.0,54.2
44.65,39.7,52.9,82.0,77.2,68.9,12.9,42.3,73.0,31.4,32.85,321.0,156.5,33.95,53.4,314.0,10.8,24.95,31.5,59.1,199.0,73.5,25.65,15.4,24.85,43.05,321.5,421.0,41.95,80.3,67.9,48.0,29.0,362.5,370.0,327.0,49.0,14.7,196.5,38.25,20.2,93.7,24.8,48.4,20.2,124.5,7.33,12.2,19.2,50.5,10.45,22.7,70.0,29.9,327.0,87.8,9.82,48.0,44.2,97.4,85.8,29.9,80.2,236.5,7.5,11.6,96.3,169.0,73.2,26.95,109.5,510.0,285.0,12.45,134.0,66.9,16.85,50.4,10.15,15.4,14.9,,235.0,18.3,28.95,10.6,27.6,9.17,10.9,16.95,18.4,43.25,46.9,9.29,19.4,16.2,24.75,15.55,9.2,13.4,19.6,18.7,230.5,77.1,2075.0,31.3,146.0,58.2,98.8,132.5,27.95,95.9,94.3,12.25,37.45,304.5,17.1,42.1,26.3,68.7,43.15,57.1,,96.6,174.5,41.65,75.6,16.85,11.4,128.5,55.2,80.8,73.1,241.0,199.0,273.0,,,74.9,,,36.35,85.5,202.0,77.0,237.5,53.7,42.75,80.0,54.2
44.7,39.7,52.9,82.1,77.2,68.9,12.9,42.3,73.0,31.4,32.85,321.0,156.5,34.0,53.5,314.0,10.8,24.95,31.5,59.1,199.0,73.5,25.6,15.4,24.9,43.05,321.5,422.0,41.95,80.2,67.9,48.0,29.0,362.5,370.0,327.0,49.0,14.75,196.5,38.25,20.25,93.7,24.8,48.4,20.2,124.5,7.34,12.15,19.2,50.5,10.45,22.65,70.0,29.95,326.5,87.8,9.82,48.0,44.2,97.5,85.9,29.85,80.2,236.5,7.5,11.6,96.3,169.0,73.2,26.95,109.5,510.0,285.0,12.5,134.0,66.9,16.8,50.4,10.1,15.4,14.9,,235.0,18.3,28.95,10.6,27.65,9.17,10.85,16.95,18.4,43.25,46.9,9.29,19.4,16.2,24.75,15.55,9.21,13.4,19.55,18.65,230.5,77.1,2075.0,31.3,146.0,58.1,98.8,132.5,27.95,95.9,94.3,12.25,37.45,304.0,17.1,42.15,26.3,68.8,43.15,57.2,,96.5,174.5,41.65,75.6,16.85,11.4,128.0,55.2,80.7,73.1,241.0,199.0,273.0,,,74.9,,,36.3,85.5,201.5,77.0,237.0,53.7,42.75,80.0,54.2
44.65,39.7,52.9,82.1,77.2,68.9,12.95,42.2,73.0,31.4,32.85,321.0,156.5,34.0,53.4,313.0,10.75,24.95,31.5,59.1,199.5,73.5,25.6,15.4,24.9,43.1,320.5,422.0,41.95,80.2,67.9,48.0,29.0,362.5,370.0,327.0,49.0,14.75,196.5,38.25,20.2,93.8,24.8,48.45,20.2,124.5,7.32,12.15,19.2,50.5,10.45,22.7,70.0,29.9,326.0,87.7,9.82,48.05,44.2,97.6,85.9,29.85,80.2,236.5,7.5,11.55,96.2,169.0,73.1,27.0,109.5,510.0,284.5,12.45,134.0,66.9,16.8,50.4,10.15,15.4,14.9,,235.0,18.3,28.95,10.6,27.6,9.17,10.85,16.95,18.45,43.25,46.85,9.29,19.45,16.25,24.8,15.5,9.21,13.4,19.55,18.7,230.5,77.1,2075.0,31.3,146.0,58.2,98.9,132.5,27.95,95.9,94.3,12.25,37.45,304.0,17.1,42.15,26.3,68.8,43.2,57.2,,96.5,175.0,41.65,75.6,16.85,11.4,128.0,55.2,80.7,73.0,241.0,199.0,272.0,,,74.9,,,36.3,85.5,202.0,77.0,237.0,53.7,42.8,80.0,54.2
44.7,39.65,52.9,82.1,77.3,68.9,12.95,42.2,73.0,31.4,32.8,320.5,156.5,33.95,53.4,313.0,10.8,24.95,31.5,59.1,199.5,73.5,25.65,15.4,24.9,43.1,320.5,422.0,41.95,80.2,67.9,48.0,29.0,362.5,370.0,327.0,49.0,14.75,196.5,38.25,20.2,93.8,24.75,48.45,20.2,124.5,7.32,12.2,19.2,50.4,10.45,22.7,70.0,30.0,327.0,87.5,9.81,48.0,44.2,97.6,85.7,29.85,80.2,237.0,7.5,11.55,96.2,168.5,73.4,27.0,109.5,510.0,285.0,12.45,134.0,66.9,16.8,50.4,10.1,15.4,14.9,,235.0,18.3,28.95,10.6,27.6,9.17,10.9,16.95,18.45,43.25,46.9,9.29,19.45,16.25,24.8,15.5,9.21,13.4,19.6,18.7,231.0,77.1,2075.0,31.3,146.0,58.2,98.8,132.0,27.95,95.7,94.3,12.3,37.45,304.0,17.1,42.1,26.3,68.7,43.2,57.2,,96.5,174.5,41.65,75.5,16.85,11.4,128.0,55.2,80.7,73.0,241.0,200.0,272.0,,,74.8,,,36.3,85.5,201.5,77.0,237.0,53.7,42.75,80.0,54.1
44.65,39.65,53.0,82.1,77.3,68.9,12.95,42.2,73.0,31.35,32.8,319.5,156.5,33.95,53.4,313.0,10.8,24.95,31.5,59.1,200.0,73.4,25.65,15.4,24.85,43.1,320.5,421.0,41.95,80.2,67.9,48.0,29.0,362.5,370.0,327.5,49.0,14.75,196.0,38.25,20.2,93.8,24.75,48.45,20.2,124.5,7.34,12.15,19.2,50.5,10.45,22.7,70.0,30.0,326.0,87.5,9.81,48.0,44.2,97.4,85.8,29.9,80.2,237.0,7.5,11.55,96.2,168.5,73.3,27.0,109.5,511.0,285.0,12.45,134.0,66.9,16.8,50.4,10.1,15.4,14.9,,235.0,18.25,28.95,10.6,27.6,9.17,10.9,16.95,18.45,43.3,46.9,9.29,19.45,16.2,24.75,15.5,9.21,13.4,19.6,18.65,231.0,77.1,2080.0,31.3,146.0,58.2,98.8,132.0,27.95,95.6,94.3,12.25,37.45,303.5,17.05,42.1,26.35,68.7,43.25,57.1,,96.5,174.5,41.65,75.5,16.85,11.4,128.0,55.2,80.7,73.0,241.0,200.0,272.0,,,74.8,,,36.2,85.5,201.5,77.0,237.0,53.8,42.7,79.9,54.1
44.65,39.6,52.9,82.1,77.2,68.9,12.95,42.2,73.0,31.4,32.85,318.0,156.5,33.95,53.4,313.0,10.8,24.95,31.5,59.1,200.0,73.5,25.7,15.4,24.9,43.1,320.5,421.0,41.95,80.3,67.9,48.05,29.0,361.5,370.0,327.5,49.0,14.7,196.5,38.2,20.25,93.8,24.8,48.5,20.2,124.5,7.33,12.2,19.2,50.5,10.45,22.7,70.0,29.95,327.0,87.4,9.81,48.0,44.2,97.4,86.0,29.9,80.2,237.0,7.5,11.6,96.2,169.0,73.3,27.0,109.5,511.0,285.0,12.45,134.0,66.9,16.75,50.4,10.15,15.4,14.9,,235.0,18.25,29.0,10.6,27.65,9.17,10.9,16.95,18.45,43.3,46.95,9.29,19.45,16.2,24.75,15.5,9.21,13.4,19.6,18.7,231.0,77.0,2075.0,31.3,145.5,58.2,98.8,132.0,27.95,95.4,94.3,12.3,37.45,304.0,17.1,42.1,26.35,68.7,43.25,57.2,,96.5,174.0,41.65,75.5,16.85,11.4,128.0,55.3,80.7,73.0,241.0,200.0,272.0,,,74.8,,,36.2,85.5,201.5,77.0,237.0,53.8,42.7,79.9,54.2
44.65,39.6,52.9,82.1,77.3,68.9,12.95,42.2,73.0,31.35,32.85,319.0,156.5,33.95,53.5,313.0,10.8,24.9,31.5,59.1,200.0,73.5,25.7,15.4,24.85,43.1,320.0,421.0,41.95,80.3,67.9,48.05,29.0,361.5,370.0,328.0,49.0,14.75,196.0,38.25,20.25,93.9,24.75,48.5,20.2,124.5,7.33,12.2,19.2,50.4,10.4,22.7,70.0,29.95,327.0,87.4,9.82,48.0,44.2,97.3,86.0,29.9,80.1,237.0,7.5,11.55,96.2,168.5,73.3,27.0,109.5,511.0,285.0,12.45,133.5,66.9,16.75,50.4,10.15,15.4,14.9,,235.0,18.25,28.95,10.6,27.6,9.17,10.9,16.95,18.45,43.25,46.9,9.3,19.45,16.2,24.75,15.5,9.2,13.4,19.6,18.7,231.0,77.0,2075.0,31.3,145.5,58.2,98.7,132.0,27.95,95.3,94.3,12.25,37.45,304.0,17.1,42.1,26.35,68.7,43.3,57.1,,96.5,174.5,41.65,75.5,16.85,11.4,128.0,55.2,80.7,73.0,241.0,200.0,272.0,,,74.8,,,36.15,85.5,201.5,77.0,237.0,53.8,42.7,79.9,54.1
44.7,39.6,52.9,82.1,77.3,69.0,13.0,42.2,73.1,31.4,32.85,319.0,156.5,33.95,53.5,313.0,10.75,24.9,31.5,59.1,200.0,73.5,25.65,15.4,24.9,43.1,320.0,421.0,41.95,80.3,67.9,48.05,28.95,361.5,370.0,328.0,49.0,14.7,196.0,38.25,20.25,93.9,24.75,48.55,20.2,124.5,7.33,12.2,19.2,50.3,10.45,22.7,70.0,29.95,326.0,87.4,9.82,48.05,44.2,97.3,86.1,29.9,80.0,236.5,7.5,11.6,96.2,169.0,73.3,27.1,109.5,510.0,285.0,12.45,133.5,66.9,16.8,50.4,10.15,15.4,14.9,,235.0,18.25,28.95,10.6,27.6,9.17,10.9,16.95,18.45,43.25,46.85,9.29,19.4,16.25,24.75,15.5,9.2,13.4,19.6,18.7,231.0,77.0,2075.0,31.3,145.5,58.2,98.7,132.5,27.95,95.2,94.2,12.25,37.4,304.0,17.1,42.1,26.3,68.6,43.3,57.1,,96.5,174.0,41.65,75.5,16.85,11.4,128.0,55.3,80.7,73.0,241.0,200.0,272.0,,,74.8,,,36.15,85.5,201.5,77.0,236.5,53.8,42.7,80.0,54.2
44.7,39.6,53.0,82.1,77.2,69.0,12.95,42.2,73.1,31.4,32.85,319.0,156.5,33.95,53.4,313.0,10.8,24.9,31.45,59.1,200.0,73.4,25.7,15.4,24.85,43.1,320.0,421.0,42.0,80.3,67.9,48.05,28.95,361.5,370.0,328.0,49.0,14.7,196.0,38.25,20.3,93.9,24.75,48.5,20.2,125.0,7.33,12.15,19.2,50.4,10.45,22.7,69.9,30.0,326.0,87.4,9.82,48.0,44.2,97.2,86.0,29.9,80.1,236.5,7.5,11.55,96.2,169.0,73.5,27.0,109.5,510.0,284.5,12.45,133.0,66.9,16.75,50.4,10.1,15.4,14.9,,235.0,18.3,28.95,10.6,27.6,9.16,10.9,16.95,18.45,43.25,46.9,9.29,19.4,16.25,24.75,15.5,9.2,13.4,19.6,18.7,230.5,77.0,2080.0,31.3,146.0,58.2,98.7,132.5,28.0,95.2,94.3,12.25,37.4,304.0,17.05,42.1,26.3,68.6,43.3,57.1,,96.5,174.0,41.65,75.4,16.85,11.4,128.0,55.3,80.7,73.0,241.0,200.0,272.0,,,74.8,,,36.15,85.5,201.0,77.0,236.5,53.8,42.7,80.0,54.2
44.65,39.65,53.0,82.1,77.2,68.9,12.9,42.2,73.1,31.4,32.85,319.0,156.5,34.0,53.4,313.0,10.75,24.9,31.3,59.0,200.0,73.4,25.7,15.4,24.85,43.05,320.0,421.0,41.95,80.4,67.9,48.05,28.95,361.5,370.0,328.0,49.0,14.7,196.0,38.25,20.3,93.9,24.75,48.5,20.2,124.5,7.32,12.15,19.2,50.4,10.45,22.7,70.0,29.9,326.0,87.1,9.82,48.0,44.2,97.4,85.8,29.9,80.1,236.5,7.5,11.6,96.2,169.0,73.5,27.0,110.0,510.0,284.5,12.4,133.0,67.0,16.8,50.3,10.1,15.35,14.9,,235.0,18.3,28.95,10.6,27.6,9.17,10.9,16.95,18.45,43.3,46.85,9.28,19.4,16.2,24.75,15.5,9.2,13.4,19.6,18.7,230.5,77.0,2080.0,31.25,145.5,58.2,98.7,132.5,27.95,95.2,94.3,12.25,37.4,303.5,17.05,42.1,26.3,68.6,43.25,57.2,,96.5,174.0,41.65,75.4,16.85,11.4,128.0,55.3,80.8,72.9,240.5,200.5,272.0,,,74.8,,,36.15,85.5,201.0,77.0,236.5,53.7,42.65,80.0,54.2
44.7,39.65,53.0,82.1,77.2,68.9,12.9,42.2,73.1,31.4,32.85,318.5,156.5,34.0,53.4,313.0,10.75,24.9,31.3,59.0,200.5,73.4,25.7,15.4,24.9,43.1,320.0,421.0,41.95,80.4,67.9,48.0,29.0,361.5,370.0,328.0,48.95,14.75,196.0,38.25,20.3,93.9,24.75,48.45,20.2,124.5,7.32,12.15,19.2,50.4,10.45,22.7,70.0,29.95,326.0,87.1,9.83,48.0,44.2,97.4,85.9,29.9,80.1,236.5,7.5,11.6,96.2,168.5,73.6,26.95,110.0,511.0,285.0,12.4,134.0,66.9,16.8,50.3,10.1,15.35,14.85,,235.0,18.3,28.95,10.6,27.6,9.17,10.9,16.95,18.45,43.25,46.9,9.28,19.4,16.2,24.75,15.5,9.21,13.4,19.6,18.7,230.5,77.0,2080.0,31.25,146.0,58.2,98.7,132.5,28.0,95.3,94.2,12.25,37.4,304.0,17.05,42.1,26.3,68.6,43.2,57.0,,96.4,174.5,41.65,75.4,16.85,11.4,128.0,55.3,80.8,73.0,240.5,200.5,272.0,,,74.8,,,36.2,85.5,201.0,77.0,236.5,53.7,42.7,80.0,54.1
44.65,39.65,53.0,82.1,77.2,68.9,12.95,42.25,73.1,31.4,32.8,319.0,156.5,34.0,53.4,313.5,10.75,24.9,31.3,59.0,201.0,73.3,25.7,15.35,24.85,43.1,320.5,421.0,41.95,80.4,68.0,48.0,29.0,361.5,370.0,327.0,49.0,14.75,196.0,38.25,20.3,93.9,24.75,48.45,20.2,124.5,7.32,12.15,19.2,50.4,10.45,22.7,70.0,29.9,327.0,87.2,9.83,48.05,44.15,97.3,85.9,29.9,80.1,237.0,7.5,11.6,96.3,169.0,73.6,26.95,110.0,510.0,285.0,12.45,134.0,66.9,16.8,50.3,10.1,15.35,14.85,,235.0,18.3,28.95,10.55,27.6,9.17,10.9,16.95,18.45,43.25,46.9,9.28,19.45,16.25,24.7,15.5,9.21,13.4,19.55,18.65,230.5,77.0,2080.0,31.2,146.0,58.2,98.7,132.0,27.95,95.3,94.3,12.25,37.4,304.0,17.05,42.1,26.3,68.6,43.2,57.1,,96.4,174.5,41.7,75.4,16.85,11.4,128.0,55.3,80.8,73.0,240.5,200.5,272.0,,,74.8,,,36.3,85.5,201.0,77.0,236.5,53.7,42.65,80.0,54.1
44.7,39.65,53.0,82.1,77.2,68.9,12.9,42.25,73.1,31.4,32.8,319.0,156.5,34.0,53.4,313.5,10.75,24.9,31.3,59.0,202.0,73.3,25.65,15.35,24.9,43.1,320.5,421.0,41.95,80.4,67.9,48.0,29.0,361.5,370.0,327.0,48.95,14.75,196.0,38.25,20.25,93.9,24.8,48.5,20.25,124.5,7.32,12.2,19.2,50.4,10.45,22.7,70.0,29.9,325.5,87.3,9.82,48.0,44.15,97.3,85.9,29.85,80.1,237.0,7.5,11.6,96.2,169.0,73.6,26.95,110.0,510.0,284.5,12.4,133.5,66.9,16.75,50.2,10.1,15.35,14.85,,235.0,18.3,29.0,10.55,27.6,9.17,10.9,16.95,18.4,43.3,46.95,9.28,19.45,16.25,24.75,15.55,9.21,13.4,19.6,18.65,231.0,77.0,2080.0,31.2,145.5,58.2,98.7,132.0,27.95,95.4,94.3,12.2,37.4,304.0,17.05,42.1,26.3,68.6,43.15,57.1,,96.4,174.5,41.65,75.4,16.85,11.4,128.0,55.3,80.8,73.0,240.5,200.5,272.0,,,74.8,,,36.3,85.5,201.0,77.0,236.5,53.7,42.65,80.0,54.2
44.7,39.65,53.0,82.1,77.2,68.9,12.85,42.25,73.1,31.4,32.8,319.0,156.5,34.0,53.4,313.5,10.75,24.9,31.3,59.0,202.0,73.3,25.7,15.35,24.9,43.1,320.5,421.0,41.95,80.4,67.9,48.0,29.0,361.5,370.0,327.0,49.0,14.75,196.0,38.2,20.3,93.9,24.75,48.5,20.25,124.5,7.33,12.15,19.2,50.3,10.45,22.7,69.9,29.9,325.5,87.2,9.82,48.0,44.15,97.3,85.8,29.85,80.1,237.0,7.5,11.55,96.2,169.0,73.5,26.95,110.0,509.0,285.0,12.4,134.0,66.9,16.75,50.1,10.1,15.35,14.85,,235.0,18.3,29.0,10.55,27.6,9.17,10.85,16.95,18.4,43.3,46.9,9.29,19.4,16.2,24.75,15.5,9.21,13.4,19.6,18.65,231.0,77.0,2080.0,31.2,145.5,58.2,98.7,132.0,27.95,95.5,94.3,12.25,37.4,304.0,17.05,42.1,26.3,68.6,43.1,57.1,,96.4,174.0,41.65,75.4,16.85,11.4,128.0,55.3,80.8,73.0,240.5,200.5,272.0,,,74.8,,,36.25,85.5,201.0,76.9,236.5,53.7,42.65,80.0,54.1
44.7,39.6,53.0,82.1,77.2,68.9,12.85,42.2,73.1,31.4,32.8,319.0,156.5,33.95,53.4,313.5,10.7,24.9,31.3,59.0,203.0,73.3,25.7,15.35,24.85,43.05,320.5,420.5,41.95,80.1,67.8,48.0,29.0,362.0,370.0,327.0,49.0,14.75,196.0,38.2,20.25,93.8,24.8,48.45,20.2,125.0,7.32,12.2,19.25,50.3,10.45,22.7,69.9,29.9,326.5,87.1,9.83,48.0,44.15,97.3,85.9,29.85,80.1,236.5,7.5,11.55,96.3,169.0,73.5,26.95,110.0,509.0,285.0,12.4,134.0,67.0,16.75,50.1,10.1,15.35,14.9,,235.0,18.3,29.0,10.55,27.6,9.17,10.85,16.95,18.4,43.25,46.9,9.29,19.4,16.2,24.7,15.5,9.21,13.4,19.6,18.65,231.0,77.0,2080.0,31.2,146.0,58.2,98.7,132.0,27.95,95.5,94.2,12.2,37.4,303.5,17.05,42.1,26.3,68.6,43.0,57.0,,96.4,174.0,41.6,75.4,16.85,11.4,128.0,55.4,80.8,73.0,241.0,200.0,272.0,,,74.8,,,36.25,85.5,201.0,76.9,236.5,53.7,42.6,80.0,54.1
44.7,39.6,53.0,82.1,77.2,68.9,12.9,42.2,73.0,31.45,32.85,319.0,156.5,34.0,53.4,313.5,10.75,24.9,31.3,59.0,203.0,73.2,25.7,15.35,24.9,43.05,321.0,420.5,41.95,80.3,67.8,48.05,29.0,362.0,370.0,327.0,48.95,14.75,196.0,38.2,20.3,93.9,24.8,48.5,20.2,125.0,7.32,12.15,19.2,50.3,10.45,22.7,69.9,29.9,327.0,87.4,9.81,47.95,44.0,97.3,85.9,29.85,80.1,236.5,7.5,11.55,96.2,169.0,73.5,27.0,110.0,509.0,285.0,12.4,134.0,66.9,16.75,50.1,10.1,15.35,14.9,,235.0,18.3,29.0,10.55,27.6,9.17,10.85,16.95,18.4,43.25,46.9,9.29,19.4,16.25,24.75,15.5,9.2,13.4,19.6,18.65,230.5,77.0,2080.0,31.2,146.0,58.2,98.7,132.0,27.95,95.5,94.2,12.25,37.35,303.5,17.05,42.15,26.3,68.6,43.0,57.0,,96.4,174.0,41.6,75.5,16.85,11.4,128.0,55.2,80.8,73.0,241.5,200.5,272.0,,,74.8,,,36.2,85.5,201.0,76.9,236.5,53.6,42.6,80.0,54.1
44.65,39.6,53.1,82.0,77.3,68.9,12.9,42.2,73.0,31.45,32.85,319.0,156.5,33.95,53.5,314.0,10.75,24.9,31.3,59.0,203.0,73.2,25.7,15.35,24.85,43.05,321.0,421.0,41.95,80.3,67.8,48.05,29.0,362.0,370.0,327.0,48.95,14.75,196.0,38.2,20.25,93.9,24.75,48.5,20.2,124.5,7.32,12.15,19.2,50.3,10.45,22.7,70.0,29.95,327.0,87.3,9.81,47.95,44.0,97.3,86.0,29.85,80.1,236.5,7.5,11.55,96.2,169.0,73.5,27.0,110.0,507.0,284.5,12.5,134.5,66.9,16.75,50.1,10.1,15.35,14.85,,235.0,18.25,29.0,10.55,27.55,9.17,10.9,16.95,18.4,43.25,46.9,9.28,19.4,16.2,24.75,15.5,9.2,13.4,19.6,18.65,231.0,77.0,2080.0,31.2,146.0,58.2,98.7,132.0,27.95,95.5,94.3,12.2,37.35,304.0,17.05,42.1,26.3,68.6,42.95,57.1,,96.4,174.0,41.6,75.4,16.85,11.4,127.5,55.3,80.8,72.9,241.5,200.5,272.0,,,74.8,,,36.25,85.5,201.0,76.9,237.0,53.6,42.55,80.0,54.1
44.65,39.65,53.1,82.0,77.3,68.8,12.9,42.2,73.0,31.45,32.85,319.0,156.5,33.95,53.3,314.0,10.7,24.9,31.3,59.0,203.0,73.2,25.7,15.35,24.9,43.05,321.0,421.0,41.95,80.1,67.8,48.05,29.0,362.0,370.0,327.0,48.95,14.75,196.5,38.25,20.25,93.9,24.75,48.55,20.2,125.0,7.32,12.1,19.2,50.3,10.45,22.7,70.0,29.85,326.5,87.3,9.8,48.0,44.0,97.3,85.9,29.85,80.2,236.5,7.5,11.55,96.2,169.0,73.4,27.0,110.0,507.0,284.5,12.45,134.5,66.9,16.75,50.1,10.1,15.35,14.85,,235.0,18.25,29.0,10.55,27.55,9.17,10.9,16.95,18.4,43.25,46.95,9.28,19.4,16.25,24.7,15.5,9.2,13.4,19.6,18.65,231.0,77.0,2075.0,31.2,146.0,58.2,98.7,132.0,27.95,95.7,94.3,12.2,37.35,304.0,17.05,42.15,26.25,68.6,42.8,57.0,,96.4,174.0,41.6,75.4,16.85,11.4,127.5,55.3,80.8,73.0,241.0,200.5,271.0,,,74.8,,,36.25,85.5,201.0,76.9,236.5,53.6,42.55,80.0,54.1
44.7,39.65,53.1,82.0,77.3,68.8,12.9,42.2,73.0,31.45,32.85,319.5,156.5,33.95,53.3,314.0,10.7,24.85,31.3,59.0,203.0,73.2,25.65,15.4,24.9,43.05,321.0,419.0,41.95,80.1,67.8,48.05,29.05,362.0,370.0,327.5,48.95,14.7,196.0,38.3,20.25,93.9,24.75,48.5,20.2,125.0,7.32,12.1,19.2,50.3,10.45,22.7,70.0,29.85,326.5,87.2,9.8,48.0,44.0,97.3,86.0,29.85,80.2,236.5,7.5,11.5,96.3,169.0,73.3,27.0,110.0,508.0,285.0,12.45,134.5,66.9,16.75,50.1,10.1,15.35,14.85,,235.0,18.3,29.0,10.55,27.6,9.17,10.9,16.95,18.35,43.25,46.95,9.28,19.4,16.25,24.7,15.5,9.2,13.4,19.55,18.65,230.5,77.0,2075.0,31.2,145.5,58.2,98.8,132.0,27.95,95.7,94.3,12.2,37.35,304.0,17.05,42.1,26.25,68.6,42.8,57.0,,96.4,174.0,41.55,75.4,16.85,11.4,127.5,55.3,80.8,72.9,242.5,200.5,271.0,,,74.8,,,36.25,85.5,201.0,76.9,236.5,53.6,42.55,80.0,54.1
44.65,39.65,53.1,82.0,77.2,68.8,12.9,42.2,72.9,31.45,32.85,319.0,156.5,34.0,53.4,314.0,10.7,24.85,31.3,59.0,202.5,73.2,25.65,15.4,24.85,43.05,321.0,419.0,41.95,80.3,67.8,48.05,29.05,362.0,370.0,327.5,48.95,14.75,196.0,38.25,20.25,93.9,24.7,48.45,20.2,125.0,7.32,12.15,19.2,50.2,10.45,22.7,70.0,29.85,326.5,87.2,9.8,47.95,44.0,97.3,85.9,29.85,80.1,236.5,7.5,11.55,96.3,168.5,73.3,26.95,110.0,508.0,285.0,12.45,135.0,66.9,16.75,50.1,10.1,15.4,14.9,,235.0,18.3,29.0,10.55,27.55,9.17,10.9,16.95,18.4,43.25,46.9,9.28,19.4,16.25,24.7,15.5,9.2,13.4,19.6,18.7,230.5,77.0,2075.0,31.3,146.0,58.2,98.8,132.0,28.05,95.7,94.3,12.2,37.3,303.5,17.0,42.15,26.25,68.6,42.75,57.0,,96.3,174.0,41.6,75.4,16.85,11.4,127.5,55.2,80.7,72.9,243.0,200.5,271.0,,,74.8,,,36.2,85.5,201.0,76.9,236.5,53.6,42.55,80.0,54.1
44.7,39.65,53.1,82.0,77.2,68.9,12.85,42.2,72.9,31.45,32.85,319.5,156.5,33.95,53.3,314.0,10.7,24.85,31.3,59.0,203.0,73.1,25.65,15.4,24.85,43.05,321.0,419.0,41.95,80.1,67.8,48.05,29.05,362.0,370.0,327.5,48.95,14.75,196.0,38.25,20.25,93.9,24.7,48.5,20.2,125.0,7.31,12.15,19.2,50.2,10.45,22.75,70.0,29.9,326.5,87.1,9.8,48.0,44.0,97.3,85.8,29.85,80.1,236.5,7.5,11.5,96.3,168.5,73.3,26.95,110.0,508.0,285.0,12.45,134.5,66.9,16.75,50.1,10.1,15.35,14.85,,235.0,18.3,29.0,10.55,27.6,9.17,10.9,16.95,18.35,43.25,46.95,9.28,19.4,16.25,24.7,15.5,9.2,13.4,19.55,18.65,230.5,76.9,2075.0,31.3,146.0,58.2,98.7,132.0,28.05,95.8,94.2,12.2,37.3,304.0,17.0,42.15,26.25,68.6,42.8,56.9,,96.3,174.0,41.6,75.4,16.9,11.4,128.0,55.3,80.7,72.9,243.0,200.5,271.0,,,74.8,,,36.25,85.5,200.5,76.9,237.0,53.8,42.55,80.0,54.1
44.65,39.6,53.1,82.0,77.3,68.8,12.9,42.2,72.9,31.45,32.85,320.0,156.5,33.95,53.2,314.0,10.65,24.8,31.3,59.0,202.5,73.1,25.65,15.35,24.9,43.05,320.5,420.0,42.0,80.3,67.8,48.05,29.05,362.0,370.5,327.5,48.95,14.7,196.0,38.3,20.25,93.8,24.7,48.45,20.2,124.5,7.31,12.15,19.2,50.3,10.4,22.7,70.0,29.95,326.0,87.1,9.8,47.95,44.0,97.3,85.8,29.85,80.1,236.5,7.5,11.5,96.3,168.5,73.3,26.95,110.0,508.0,284.5,12.45,134.0,66.9,16.75,50.3,10.1,15.35,14.85,,235.0,18.3,28.95,10.55,27.55,9.17,10.9,16.95,18.35,43.25,46.9,9.27,19.4,16.25,24.7,15.5,9.2,13.4,19.6,18.65,230.5,76.9,2075.0,31.3,146.0,58.2,98.7,132.5,28.05,95.8,94.2,12.2,37.3,304.5,17.0,42.15,26.25,68.6,42.85,56.9,,96.3,174.0,41.65,75.4,16.9,11.4,128.0,55.3,80.6,72.9,243.0,200.5,271.0,,,74.8,,,36.2,85.5,200.5,76.9,237.0,53.6,42.55,80.0,54.1
44.65,39.65,53.0,82.0,77.3,68.9,12.9,42.2,73.0,31.45,32.85,319.5,156.5,33.95,53.1,314.0,10.65,24.8,31.3,59.0,202.0,73.1,25.65,15.35,24.9,43.05,320.5,420.0,42.0,80.3,67.8,48.05,29.05,362.0,370.5,327.5,48.95,14.75,196.0,38.25,20.25,93.9,24.7,48.45,20.2,124.5,7.31,12.15,19.2,50.3,10.45,22.75,70.0,29.95,326.0,87.1,9.8,47.95,44.0,97.4,85.8,29.85,80.1,237.0,7.5,11.55,96.2,168.5,73.4,27.0,110.0,508.0,285.0,12.4,134.5,67.0,16.75,50.3,10.15,15.3,14.85,,235.0,18.3,28.95,10.55,27.55,9.16,10.9,16.95,18.35,43.3,46.9,9.28,19.4,16.25,24.75,15.5,9.2,13.45,19.6,18.7,230.5,76.9,2075.0,31.3,146.0,58.2,98.8,132.0,28.0,95.8,94.1,12.25,37.3,304.0,17.05,42.1,26.25,68.6,42.9,56.9,,96.3,173.5,41.6,75.4,16.85,11.4,127.5,55.3,80.6,72.9,243.5,200.5,271.0,,,74.8,,,36.2,85.6,200.5,76.9,237.0,53.6,42.55,80.0,54.1
44.65,39.65,53.0,82.0,77.3,68.9,12.9,42.25,72.9,31.45,32.85,319.5,156.5,33.95,53.1,313.5,10.65,24.85,31.3,59.0,202.0,73.1,25.65,15.4,24.9,43.1,320.5,420.0,42.0,80.3,67.8,48.05,29.05,362.0,370.5,327.5,48.95,14.75,196.0,38.3,20.25,93.9,24.75,48.45,20.15,125.0,7.31,12.1,19.2,50.3,10.4,22.7,69.9,29.95,326.0,87.2,9.8,47.95,44.0,97.3,85.8,29.85,80.1,237.0,7.5,11.55,96.3,168.5,73.6,26.9,110.0,508.0,284.5,12.4,134.0,67.0,16.75,50.3,10.1,15.3,14.85,,235.0,18.3,28.95,10.55,27.55,9.16,10.85,16.95,18.4,43.25,46.95,9.28,19.4,16.25,24.7,15.55,9.2,13.4,19.6,18.7,230.5,77.0,2075.0,31.3,146.0,58.2,98.7,132.0,28.0,96.0,94.1,12.2,37.15,304.0,17.05,42.1,26.25,68.6,42.9,56.9,,96.3,173.5,41.6,75.4,16.8,11.4,128.0,55.2,80.6,72.9,243.5,200.5,271.0,,,74.8,,,36.25,85.6,200.5,76.9,236.5,53.6,42.55,80.0,54.1
44.65,39.65,53.0,82.0,77.3,68.9,12.85,42.25,73.0,31.45,32.8,319.5,156.5,34.0,53.1,313.5,10.65,24.8,31.45,59.0,202.0,73.1,25.65,15.4,24.9,43.1,320.5,420.0,42.0,80.3,67.8,48.0,29.05,362.0,370.0,327.5,48.95,14.75,196.0,38.25,20.3,93.8,24.75,48.45,20.1,125.0,7.32,12.1,19.2,50.2,10.4,22.7,69.9,29.95,326.5,87.1,9.8,47.95,44.0,97.4,85.9,29.9,80.1,237.0,7.5,11.5,96.3,168.0,73.6,26.95,110.0,508.0,284.5,12.4,134.0,67.0,16.75,50.3,10.15,15.3,14.85,,235.0,18.25,28.95,10.55,27.6,9.16,10.85,16.95,18.4,43.25,46.95,9.27,19.35,16.25,24.7,15.5,9.19,13.4,19.55,18.65,230.5,77.0,2070.0,31.25,146.0,58.2,98.7,132.0,28.0,96.0,94.1,12.2,37.1,304.0,17.0,42.1,26.25,68.6,42.9,57.0,,96.3,173.5,41.6,75.3,16.85,11.4,128.0,55.2,80.4,72.9,243.5,200.5,271.0,,,74.8,,,36.25,85.6,200.5,76.9,236.5,53.6,42.55,80.0,54.1
44.65,39.65,53.0,82.0,77.4,68.9,12.9,42.2,73.0,31.45,32.8,319.0,156.5,33.95,53.0,313.5,10.7,24.8,31.45,59.0,202.0,73.1,25.65,15.4,24.9,43.1,320.5,420.0,42.0,80.3,67.8,48.0,29.05,362.0,370.0,327.5,48.95,14.8,196.0,38.25,20.25,93.6,24.75,48.35,20.1,124.5,7.31,12.05,19.2,50.2,10.4,22.7,69.9,29.9,326.5,87.1,9.8,48.0,44.0,97.3,85.9,29.9,80.1,237.0,7.5,11.55,96.3,168.0,73.4,26.9,110.0,508.0,284.5,12.4,133.5,67.0,16.75,50.3,10.1,15.3,14.85,,235.0,18.25,28.95,10.55,27.5,9.16,10.85,16.95,18.4,43.25,46.9,9.28,19.4,16.25,24.7,15.5,9.2,13.45,19.55,18.65,230.5,77.0,2070.0,31.2,146.0,58.2,98.7,132.5,28.05,95.8,94.1,12.25,37.0,303.5,17.0,42.15,26.25,68.6,42.9,57.0,,96.3,173.5,41.6,75.3,16.85,11.4,128.0,55.2,80.4,72.9,243.5,200.5,271.0,,,74.8,,,36.25,85.6,200.5,76.9,236.5,53.6,42.55,80.0,54.0
44.7,39.65,53.0,82.0,77.3,68.9,12.85,42.2,72.9,31.45,32.9,319.0,156.5,33.95,53.0,313.5,10.7,24.75,31.45,59.0,202.5,73.1,25.65,15.4,24.85,43.1,320.5,420.0,42.0,80.3,67.8,48.0,29.0,362.0,370.0,327.5,48.95,14.8,196.0,38.25,20.25,93.6,24.75,48.4,20.1,125.0,7.3,12.05,19.2,50.2,10.45,22.75,69.9,29.9,326.0,87.1,9.8,48.0,44.0,97.2,85.9,29.9,80.1,237.0,7.5,11.55,96.3,168.0,73.6,26.9,110.0,508.0,285.0,12.4,134.0,66.9,16.75,50.3,10.15,15.3,14.85,,235.0,18.3,28.95,10.55,27.5,9.16,10.85,16.95,18.4,43.25,46.9,9.27,19.4,16.2,24.7,15.5,9.19,13.4,19.55,18.65,230.5,77.0,2070.0,31.2,146.0,58.2,98.7,132.0,28.0,95.8,94.0,12.25,37.0,304.0,17.0,42.1,26.25,68.6,42.9,57.1,,96.3,174.0,41.6,75.3,16.85,11.4,128.0,55.2,80.4,72.9,243.5,200.5,271.0,,,74.8,,,36.2,85.6,200.5,76.9,236.5,53.8,42.55,80.0,54.0
44.65,39.65,53.0,82.0,77.3,68.9,12.9,42.2,72.9,31.45,32.75,319.0,156.5,33.95,53.3,313.5,10.65,24.75,31.45,59.0,201.0,73.1,25.65,15.4,24.9,43.15,320.5,420.0,42.0,80.3,67.8,48.0,29.0,362.0,370.0,327.5,48.95,14.75,196.0,38.25,20.2,93.6,24.7,48.35,20.05,125.0,7.31,12.1,19.2,50.2,10.45,22.75,69.9,29.9,326.0,87.2,9.8,47.95,44.0,97.3,85.9,29.9,80.0,237.0,7.5,11.55,96.2,168.0,73.4,26.9,110.0,508.0,285.0,12.45,134.0,67.1,16.75,50.3,10.15,15.3,14.85,,235.0,18.25,28.95,10.55,27.5,9.16,10.9,16.95,18.35,43.3,46.9,9.27,19.4,16.25,24.7,15.5,9.2,13.45,19.6,18.65,230.5,76.9,2070.0,31.2,146.0,58.2,98.7,132.0,28.0,95.8,94.0,12.25,36.9,303.5,17.0,42.1,26.25,68.6,42.9,57.1,,96.3,174.0,41.6,75.3,16.85,11.4,128.0,55.3,80.3,72.9,243.5,200.5,271.0,,,74.8,,,36.2,85.6,201.0,76.9,236.5,53.8,42.55,80.0,54.0
44.65,39.7,53.0,82.0,77.4,68.9,12.9,42.2,72.9,31.45,32.75,319.0,157.0,33.95,53.3,313.5,10.65,24.75,31.45,59.0,201.0,73.2,25.65,15.4,24.9,43.15,320.0,420.0,42.0,80.4,67.8,48.0,29.0,362.0,370.0,327.0,49.0,14.8,195.5,38.25,20.2,93.6,24.75,48.35,20.05,125.0,7.31,12.05,19.2,50.2,10.45,22.75,69.9,29.85,326.0,87.2,9.8,48.0,43.95,97.2,85.9,29.9,80.0,236.5,7.5,11.5,96.3,168.5,73.4,26.9,110.0,509.0,285.0,12.45,134.0,67.0,16.75,50.3,10.15,15.35,14.85,,235.0,18.25,28.95,10.55,27.5,9.16,10.9,16.95,18.35,43.25,46.9,9.28,19.4,16.25,24.7,15.5,9.19,13.4,19.6,18.65,230.5,77.0,2070.0,31.2,145.5,58.3,98.7,132.5,27.95,95.8,94.1,12.2,36.9,303.0,17.0,42.1,26.25,68.5,42.85,57.0,,96.3,174.0,41.6,75.4,16.8,11.4,128.0,55.2,80.5,72.9,244.0,200.5,271.0,,,74.8,,,36.15,85.6,201.0,76.9,236.5,53.8,42.55,80.0,54.0
44.65,39.65,53.0,82.0,77.4,68.9,12.9,42.2,72.9,31.45,32.75,319.0,157.0,34.0,53.3,313.5,10.65,24.8,31.45,59.0,201.0,73.2,25.65,15.4,24.85,43.15,320.0,420.0,41.9,80.4,67.8,48.0,29.0,362.0,370.0,327.0,49.0,14.75,195.5,38.25,20.2,93.6,24.75,48.35,20.05,125.0,7.31,12.1,19.2,50.2,10.45,22.75,69.9,29.9,325.5,87.1,9.8,48.0,43.95,97.2,85.9,29.9,80.0,236.5,7.5,11.5,96.2,168.5,73.4,26.9,110.0,509.0,284.5,12.4,134.0,67.0,16.75,50.3,10.15,15.35,14.85,,235.0,18.25,28.95,10.55,27.5,9.16,10.9,16.95,18.35,43.25,46.85,9.27,19.4,16.2,24.65,15.5,9.2,13.4,19.55,18.65,231.0,77.0,2070.0,31.2,146.0,58.3,98.7,132.5,27.95,95.8,94.1,12.2,36.9,303.0,17.0,42.1,26.3,68.5,42.95,57.0,,96.4,174.0,41.6,75.3,16.8,11.4,127.5,55.2,80.5,72.9,244.0,200.5,271.0,,,74.8,,,36.15,85.6,201.0,76.9,236.5,53.8,42.5,79.9,54.0
44.65,39.65,53.0,82.0,77.3,68.9,12.9,42.2,72.9,31.4,32.75,319.0,157.0,33.95,53.3,313.5,10.65,24.75,31.45,59.0,201.5,73.1,25.65,15.4,24.85,43.15,320.0,420.0,41.9,80.3,67.8,48.0,29.0,362.0,370.0,327.0,48.95,14.8,196.0,38.25,20.25,93.6,24.7,48.35,20.05,124.5,7.3,12.05,19.2,50.2,10.4,22.75,70.0,29.9,325.5,87.1,9.8,48.0,43.95,97.2,85.8,29.9,80.0,236.5,7.5,11.55,96.2,168.5,73.4,26.95,110.0,509.0,285.0,12.4,134.0,67.0,16.75,50.3,10.15,15.35,14.85,,235.0,18.25,28.95,10.55,27.55,9.16,10.9,16.95,18.35,43.25,46.9,9.27,19.4,16.2,24.65,15.45,9.19,13.4,19.55,18.7,231.0,77.0,2070.0,31.2,146.0,58.3,98.7,132.0,27.95,95.8,94.1,12.2,37.0,302.5,17.0,42.1,26.25,68.5,42.9,57.0,,96.2,174.0,41.6,75.4,16.8,11.4,127.5,55.3,80.5,72.9,244.0,200.5,271.0,,,74.8,,,36.15,85.6,200.5,76.9,236.5,53.8,42.45,79.9,54.0
44.65,39.65,53.0,82.0,77.4,68.9,12.9,42.2,72.9,31.4,32.75,318.5,156.5,33.95,53.3,313.5,10.65,24.75,31.45,58.9,201.5,73.1,25.65,15.4,24.9,43.1,320.0,420.0,41.9,80.4,67.8,48.0,29.0,362.0,370.0,327.0,48.95,14.75,196.0,38.25,20.2,93.6,24.75,48.3,20.1,124.5,7.3,12.05,19.15,50.2,10.4,22.75,70.0,29.85,325.5,87.1,9.81,48.0,43.95,97.3,85.9,29.85,80.0,236.5,7.5,11.55,96.3,168.0,73.4,26.9,110.0,508.0,284.5,12.4,134.0,67.0,16.75,50.2,10.15,15.35,14.85,,235.0,18.25,28.95,10.55,27.5,9.16,10.9,16.95,18.35,43.25,46.85,9.27,19.35,16.25,24.7,15.45,9.2,13.4,19.55,18.65,231.0,77.0,2070.0,31.2,146.0,58.3,98.7,132.5,27.9,95.8,94.1,12.2,36.95,303.0,17.0,42.1,26.25,68.4,42.85,57.0,,96.2,174.0,41.6,75.4,16.8,11.4,128.0,55.3,80.8,72.9,244.5,200.5,271.0,,,74.8,,,36.2,85.6,200.5,76.9,236.5,53.6,42.35,79.9,54.0
44.65,39.65,53.0,82.0,77.3,68.9,12.9,42.2,73.0,31.4,32.75,318.5,156.5,33.95,53.3,313.5,10.65,24.75,31.45,58.9,201.5,73.2,25.65,15.4,24.9,43.15,320.0,420.0,41.9,80.4,67.8,48.0,29.0,362.0,370.0,327.5,48.95,14.8,196.0,38.25,20.2,93.6,24.7,48.3,20.1,125.0,7.3,12.05,19.15,50.2,10.4,22.7,70.0,29.75,325.5,87.0,9.81,48.0,43.95,97.2,85.8,29.8,80.0,236.5,7.5,11.55,96.3,168.0,73.3,26.9,110.0,509.0,284.5,12.4,134.0,67.1,16.75,50.2,10.15,15.35,14.85,,235.0,18.25,28.95,10.55,27.55,9.16,10.9,16.95,18.35,43.25,46.9,9.27,19.35,16.2,24.7,15.5,9.21,13.4,19.55,18.65,231.0,77.0,2070.0,31.2,146.0,58.3,98.7,132.0,27.9,95.5,94.1,12.2,36.75,302.5,17.0,42.1,26.25,68.5,42.85,57.0,,96.2,174.0,41.6,75.3,16.8,11.4,128.0,55.2,80.8,72.8,244.5,200.5,271.0,,,74.8,,,36.15,85.6,201.0,76.9,236.5,53.6,42.3,79.9,54.0
44.65,39.65,53.0,82.0,77.4,68.9,12.85,42.2,73.0,31.4,32.75,318.5,156.5,33.95,53.1,313.5,10.65,24.75,31.45,58.9,201.5,73.2,25.65,15.4,24.85,43.15,320.0,420.0,41.9,80.4,67.8,48.0,29.0,362.0,370.0,327.5,48.95,14.75,196.0,38.2,20.2,93.6,24.75,48.3,20.1,125.0,7.31,12.05,19.15,50.2,10.4,22.7,70.0,29.75,325.5,87.0,9.8,48.05,43.95,97.3,85.8,29.8,80.0,236.5,7.5,11.55,96.3,168.0,73.5,26.9,110.0,510.0,285.0,12.4,134.0,67.1,16.8,50.3,10.15,15.35,14.85,,235.0,18.25,28.95,10.55,27.5,9.16,10.9,16.95,18.35,43.25,46.85,9.27,19.35,16.25,24.7,15.45,9.21,13.45,19.55,18.65,231.0,76.9,2070.0,31.2,146.0,58.3,98.7,132.0,27.9,95.5,94.1,12.25,36.8,302.5,17.0,42.1,26.25,68.4,42.9,57.0,,96.2,174.0,41.6,75.4,16.8,11.35,128.0,55.2,80.7,72.8,243.0,200.5,271.0,,,74.7,,,36.15,85.6,201.0,76.9,236.5,53.6,42.25,79.9,54.0
44.65,39.7,53.0,82.0,77.3,68.9,12.9,42.2,73.0,31.4,32.75,318.5,156.5,33.9,53.1,313.5,10.6,24.75,31.45,58.9,201.5,73.1,25.65,15.4,24.85,43.15,320.0,419.0,41.9,80.4,67.8,48.0,29.0,362.0,370.0,327.0,48.95,14.75,196.0,38.25,20.2,93.6,24.7,48.4,20.1,124.5,7.31,12.1,19.15,50.1,10.4,22.7,70.0,29.75,325.5,86.9,9.8,48.0,44.0,97.3,85.8,29.8,80.0,236.5,7.5,11.5,96.3,168.5,73.6,26.85,110.0,509.0,285.0,12.4,134.0,67.0,16.8,50.3,10.1,15.35,14.85,,235.0,18.3,28.95,10.55,27.5,9.16,10.9,16.9,18.35,43.25,46.85,9.26,19.35,16.25,24.65,15.45,9.2,13.4,19.55,18.65,231.0,76.9,2070.0,31.2,145.5,58.3,98.7,132.0,27.9,95.5,94.0,12.25,36.8,302.5,17.0,42.1,26.2,68.4,42.9,57.0,,96.2,174.0,41.55,75.4,16.8,11.4,128.0,55.2,80.8,72.8,243.0,200.5,271.0,,,74.7,,,36.15,85.6,201.0,76.9,236.5,53.8,42.2,79.9,54.0
44.65,39.65,53.1,82.0,77.3,68.9,12.9,42.2,73.0,31.4,32.85,318.5,156.5,33.9,53.1,313.5,10.65,24.75,31.45,58.9,201.0,73.1,25.65,15.4,24.9,43.15,320.0,419.0,41.9,80.5,67.8,48.0,29.0,362.0,370.0,327.0,48.95,14.8,196.0,38.25,20.2,93.6,24.7,48.4,20.1,124.5,7.3,12.1,19.2,50.2,10.45,22.7,70.0,29.7,325.5,86.8,9.8,48.0,44.0,97.3,85.8,29.8,79.9,236.5,7.5,11.55,96.3,168.5,73.6,26.75,110.0,509.0,285.0,12.35,134.0,67.0,16.8,50.3,10.1,15.3,14.85,,235.0,18.3,28.95,10.55,27.5,9.16,10.9,16.9,18.35,43.25,46.85,9.27,19.35,16.25,24.65,15.45,9.2,13.4,19.6,18.65,231.0,76.9,2070.0,31.2,145.5,58.3,98.7,132.5,27.9,95.5,94.0,12.25,36.8,302.5,17.0,42.1,26.2,68.4,42.9,57.0,,96.2,174.0,41.6,75.4,16.75,11.35,128.0,55.2,80.8,72.8,243.0,200.5,271.0,,,74.7,,,36.15,85.6,201.0,76.9,236.5,53.8,42.15,79.9,53.9
44.65,39.7,53.0,82.0,77.4,68.9,12.9,42.2,73.0,31.4,32.85,318.0,156.5,33.9,53.1,313.5,10.7,24.75,31.45,58.9,201.0,73.1,25.65,15.4,24.9,43.15,321.0,419.0,41.9,80.5,67.8,48.0,29.0,362.0,370.0,327.0,48.95,14.8,196.0,38.25,20.2,93.6,24.75,48.35,20.05,125.0,7.3,12.1,19.15,50.2,10.4,22.65,70.0,29.7,326.0,86.8,9.81,48.0,44.0,97.3,85.8,29.8,79.9,236.5,7.5,11.5,96.2,168.5,73.5,26.65,109.5,509.0,285.0,12.4,134.0,67.0,16.75,50.3,10.1,15.3,14.85,,235.0,18.25,28.95,10.55,27.5,9.16,10.9,16.95,18.35,43.25,46.85,9.26,19.35,16.2,24.65,15.5,9.2,13.4,19.6,18.65,231.0,76.9,2070.0,31.15,145.5,58.3,98.7,132.0,27.9,95.5,93.8,12.2,36.8,303.0,17.0,42.1,26.2,68.4,42.95,57.0,,96.2,174.0,41.55,75.4,16.75,11.4,128.0,55.3,80.8,72.8,243.0,200.5,271.0,,,74.7,,,36.1,85.6,201.0,76.9,236.5,53.6,42.1,79.9,53.9
44.65,39.65,53.0,82.0,77.3,69.0,12.95,42.2,73.0,31.45,32.85,318.0,156.5,33.95,53.1,313.5,10.65,24.75,31.45,58.9,201.0,73.1,25.65,15.45,24.9,43.15,321.0,419.0,41.9,80.5,67.8,48.0,29.0,362.0,370.0,327.0,48.95,14.8,196.0,38.2,20.2,93.7,24.7,48.4,20.1,124.5,7.29,12.05,19.15,50.2,10.4,22.65,70.0,29.65,326.0,86.8,9.8,48.0,44.0,97.3,85.8,29.8,79.9,236.5,7.5,11.5,96.3,168.5,73.4,26.6,109.5,508.0,285.0,12.4,134.0,67.0,16.75,50.3,10.15,15.35,14.85,,235.0,18.25,28.95,10.55,27.5,9.16,10.9,16.95,18.35,43.25,46.85,9.26,19.35,16.25,24.7,15.5,9.2,13.4,19.55,18.7,231.0,76.9,2070.0,31.15,145.5,58.3,98.7,132.0,27.9,95.5,93.8,12.25,36.8,303.5,17.0,42.1,26.2,68.5,42.95,57.0,,96.2,174.0,41.55,75.4,16.75,11.4,128.0,55.3,80.9,72.8,243.0,200.5,271.0,,,74.7,,,36.05,85.6,200.5,76.9,236.5,53.6,42.1,79.9,53.9
44.65,39.7,53.0,82.0,77.4,68.9,12.9,42.25,73.0,31.45,32.85,318.0,157.0,33.95,53.0,313.5,10.65,24.75,31.45,58.9,201.5,73.1,25.65,15.5,24.85,43.15,321.0,419.0,41.9,80.5,67.8,48.0,29.0,362.0,370.0,327.0,48.95,14.75,196.0,38.2,20.15,93.7,24.7,48.4,20.05,125.0,7.29,12.1,19.1,50.2,10.45,22.65,70.0,29.7,326.0,87.2,9.8,48.0,44.0,97.2,85.7,29.8,79.9,236.5,7.5,11.5,96.3,168.0,73.5,26.6,110.0,508.0,285.0,12.4,134.0,67.0,16.75,50.3,10.1,15.35,14.85,,235.0,18.3,28.95,10.55,27.5,9.17,10.9,16.9,18.35,43.25,46.85,9.26,19.35,16.25,24.7,15.45,9.2,13.4,19.55,18.65,231.0,76.9,2065.0,31.2,145.5,58.3,98.7,132.5,27.9,95.4,93.7,12.25,36.8,303.5,17.0,42.1,26.2,68.5,42.9,57.0,,96.2,174.0,41.55,75.4,16.75,11.4,128.0,55.2,80.9,72.8,243.0,200.5,271.0,,,74.7,,,36.1,85.6,200.5,76.9,236.5,53.6,42.1,79.8,53.9
44.65,39.65,53.0,82.0,77.4,68.9,12.9,42.2,73.0,31.45,32.85,318.0,156.5,33.9,53.1,313.5,10.65,24.7,31.45,58.9,201.0,73.1,25.6,15.5,24.85,43.15,321.0,419.0,41.9,80.5,67.8,48.0,29.0,362.0,370.0,327.0,48.9,14.75,196.5,38.2,20.15,93.7,24.7,48.45,20.1,125.0,7.29,12.05,19.1,50.2,10.4,22.65,70.0,29.7,326.0,87.2,9.8,48.0,44.0,97.3,85.7,29.8,79.9,236.0,7.5,11.5,96.2,168.0,73.5,26.7,110.0,508.0,285.0,12.35,134.5,67.0,16.75,50.3,10.1,15.35,14.85,,235.0,18.3,28.95,10.55,27.55,9.16,10.9,17.0,18.35,43.25,46.85,9.27,19.35,16.2,24.65,15.45,9.2,13.4,19.55,18.65,231.0,77.0,2070.0,31.2,145.5,58.4,98.7,132.5,27.9,95.4,93.6,12.2,36.75,303.5,17.0,42.1,26.2,68.5,42.95,57.0,,96.2,174.0,41.55,75.4,16.75,11.35,128.0,55.2,80.9,72.6,243.0,200.5,271.0,,,74.7,,,36.1,85.6,200.5,76.9,236.5,53.6,42.15,79.8,53.9
44.65,39.65,53.0,82.0,77.4,68.9,12.9,42.2,73.0,31.45,32.75,318.0,156.5,33.9,53.2,313.5,10.7,24.75,31.45,58.9,201.0,73.1,25.6,15.5,24.85,43.05,321.0,419.0,41.9,80.5,67.7,47.95,29.0,362.0,370.0,327.0,48.95,14.8,196.0,38.2,20.15,93.8,24.75,48.45,20.1,125.0,7.3,12.1,19.1,50.3,10.4,22.65,70.0,29.7,326.0,87.4,9.8,48.0,43.95,97.3,85.7,29.8,80.0,236.5,7.5,11.5,96.2,168.5,73.5,26.7,110.0,509.0,284.5,12.35,134.0,67.0,16.75,50.3,10.15,15.35,14.85,,235.0,18.3,28.95,10.55,27.5,9.16,10.9,17.0,18.35,43.25,46.9,9.26,19.35,16.25,24.65,15.45,9.2,13.4,19.6,18.65,231.0,77.0,2070.0,31.2,146.0,58.4,98.6,132.0,27.95,95.5,93.4,12.2,36.9,303.5,17.0,42.1,26.2,68.6,42.9,56.9,,96.2,174.0,41.6,75.4,16.75,11.35,128.0,55.2,80.9,72.6,243.0,200.5,271.0,,,74.7,,,36.1,85.6,200.5,76.9,236.5,53.8,42.1,79.8,53.9
44.65,39.65,53.0,82.0,77.3,68.9,12.9,42.2,72.9,31.4,32.75,318.0,156.5,33.9,53.1,313.5,10.7,24.7,31.45,58.9,201.0,73.1,25.6,15.5,24.9,43.05,321.0,419.0,41.95,80.5,67.7,47.95,28.95,362.0,370.0,326.5,48.95,14.75,196.0,38.25,20.15,93.8,24.7,48.45,20.1,125.0,7.3,12.05,19.1,50.2,10.4,22.65,70.0,29.75,326.0,87.3,9.8,48.0,43.95,97.3,85.7,29.8,80.0,236.5,7.5,11.55,96.2,168.5,73.5,26.7,110.0,509.0,285.0,12.35,133.5,67.0,16.75,50.3,10.15,15.35,14.85,,235.0,18.25,28.95,10.55,27.5,9.16,10.85,17.0,18.35,43.25,46.85,9.27,19.35,16.2,24.7,15.45,9.19,13.45,19.6,18.65,231.0,77.0,2070.0,31.2,145.5,58.5,98.6,132.0,27.9,95.7,93.4,12.25,36.8,303.5,17.0,42.1,26.25,68.5,42.9,57.0,,96.1,174.0,41.6,75.4,16.8,11.35,128.0,55.2,80.9,72.7,244.0,200.5,271.0,,,74.7,,,36.1,85.6,200.5,76.9,236.5,53.6,42.15,79.8,53.9
44.65,39.65,53.0,82.0,77.4,69.0,12.9,42.2,72.9,31.4,32.75,317.5,156.5,33.95,53.0,313.5,10.7,24.75,31.45,58.9,201.0,73.1,25.6,15.55,24.9,43.2,321.0,419.0,41.95,80.5,67.6,47.95,28.95,362.0,370.0,326.5,48.95,14.8,196.0,38.25,20.15,93.8,24.7,48.45,20.1,125.0,7.29,12.05,19.1,50.3,10.4,22.65,70.0,29.75,326.0,87.0,9.8,48.0,43.95,97.2,85.7,29.8,80.0,236.5,7.5,11.55,96.2,168.0,73.4,26.7,110.0,508.0,285.0,12.35,133.5,67.0,16.75,50.3,10.15,15.35,14.85,,235.0,18.25,28.95,10.55,27.5,9.16,10.85,17.0,18.35,43.25,46.85,9.27,19.35,16.25,24.7,15.45,9.19,13.4,19.55,18.65,231.0,77.0,2070.0,31.3,146.0,58.4,98.7,132.5,27.95,95.5,93.4,12.25,36.7,303.5,17.0,42.1,26.25,68.5,42.9,57.0,,96.1,174.0,41.6,75.4,16.8,11.4,128.0,55.2,81.0,72.7,245.0,200.0,271.0,,,74.7,,,36.1,85.6,200.5,76.9,236.5,53.6,42.1,79.8,54.0
44.7,39.7,53.0,81.9,77.4,68.9,12.9,42.2,72.9,31.4,32.75,317.5,156.5,33.95,53.2,313.5,10.7,24.75,31.45,58.9,200.5,73.1,25.6,15.5,24.9,43.2,321.0,419.0,41.95,80.5,67.6,47.95,28.95,362.0,370.0,327.0,48.95,14.8,196.0,38.25,20.15,93.7,24.7,48.4,20.1,124.5,7.29,12.1,19.1,50.3,10.4,22.65,69.9,29.75,326.0,87.3,9.79,48.0,43.95,97.1,85.7,29.75,80.0,236.5,7.5,11.55,96.3,168.0,73.5,26.7,110.0,507.0,285.0,12.35,133.5,67.0,16.75,50.3,10.15,15.4,14.85,,235.0,18.25,28.95,10.55,27.5,9.16,10.85,17.0,18.35,43.25,46.85,9.27,19.35,16.25,24.7,15.5,9.19,13.4,19.6,18.7,231.0,77.0,2070.0,31.3,146.0,58.5,98.6,132.0,27.95,95.5,93.4,12.25,36.7,303.5,17.0,42.1,26.25,68.5,42.9,57.0,,96.1,174.0,41.6,75.5,16.8,11.35,128.0,55.2,81.0,72.7,245.0,200.0,271.0,,,74.7,,,36.1,85.6,200.5,76.9,236.5,53.8,42.15,79.8,54.0
44.65,39.65,53.0,81.9,77.4,69.0,12.9,42.3,73.0,31.4,32.75,317.0,156.5,33.95,53.2,313.0,10.65,24.75,31.45,58.9,200.5,73.1,25.6,15.5,24.9,43.25,321.5,419.0,41.95,80.5,67.7,47.95,29.0,362.0,370.0,327.0,48.95,14.75,196.0,38.3,20.15,93.8,24.7,48.45,20.1,125.0,7.29,12.05,19.1,50.2,10.4,22.65,70.0,29.75,326.0,87.5,9.8,48.0,43.95,97.1,85.7,29.8,79.9,236.5,7.5,11.55,96.3,168.0,73.6,26.7,110.0,508.0,285.0,12.3,133.5,67.0,16.75,50.3,10.15,15.35,14.85,,235.0,18.25,28.95,10.55,27.55,9.16,10.9,17.0,18.35,43.25,46.9,9.26,19.35,16.25,24.7,15.45,9.19,13.4,19.55,18.65,231.0,77.0,2070.0,31.3,146.0,58.4,98.6,132.5,27.9,95.5,94.0,12.25,36.7,303.5,17.05,42.1,26.25,68.5,42.95,57.0,,96.1,173.5,41.6,75.5,16.8,11.3,127.5,55.1,80.9,72.7,245.0,200.0,271.0,,,74.7,,,36.1,85.6,200.5,76.9,236.5,53.6,42.2,79.9,54.0
44.65,39.65,53.0,82.0,77.4,69.0,12.9,42.3,73.0,31.4,32.75,316.5,156.5,33.95,53.1,313.0,10.65,24.75,31.4,58.9,200.5,73.2,25.6,15.5,24.9,43.2,321.0,419.0,41.95,80.5,67.7,47.95,29.0,362.0,370.0,327.0,48.95,14.75,196.5,38.25,20.15,93.7,24.7,48.45,20.05,125.0,7.29,12.05,19.1,50.3,10.45,22.65,70.0,29.75,326.0,87.7,9.8,48.0,43.95,97.0,85.8,29.8,80.0,236.5,7.5,11.55,96.2,168.0,73.5,26.7,110.0,508.0,285.0,12.35,133.5,67.0,16.75,50.3,10.1,15.35,14.85,,235.0,18.25,28.95,10.6,27.5,9.16,10.9,16.95,18.35,43.25,46.9,9.26,19.35,16.25,24.7,15.45,9.2,13.4,19.55,18.65,230.5,77.0,2070.0,31.3,145.5,58.4,98.7,132.5,27.95,95.5,94.0,12.25,36.6,304.0,17.05,42.15,26.25,68.5,42.95,57.0,,96.1,174.0,41.6,75.5,16.8,11.35,128.0,55.1,80.9,72.8,245.0,200.0,271.0,,,74.7,,,36.05,85.6,201.0,76.9,236.5,53.6,42.2,79.9,54.0
44.65,39.65,53.0,82.0,77.4,69.0,12.9,42.25,72.9,31.4,32.75,316.0,156.5,33.9,53.1,313.0,10.65,24.75,31.4,58.9,200.5,73.1,25.6,15.45,24.9,43.25,321.5,419.0,41.95,80.6,67.7,48.0,29.0,362.0,370.0,327.0,48.95,14.8,196.0,38.25,20.15,93.7,24.7,48.45,20.05,124.5,7.29,12.05,19.1,50.2,10.5,22.6,69.9,29.8,326.0,87.8,9.8,48.0,43.95,97.0,85.8,29.8,80.0,237.0,7.5,11.5,96.2,168.0,73.4,26.7,110.0,509.0,285.5,12.35,133.0,67.1,16.8,50.3,10.1,15.35,14.85,,235.0,18.25,28.95,10.6,27.55,9.16,10.9,16.95,18.35,43.25,46.9,9.27,19.35,16.25,24.65,15.45,9.19,13.4,19.55,18.65,231.0,77.0,2065.0,31.3,146.0,58.4,98.7,132.0,27.9,95.6,94.0,12.25,36.6,304.0,17.0,42.2,26.25,68.5,42.95,56.9,,96.1,174.0,41.6,75.5,16.8,11.35,128.5,55.1,80.9,72.8,245.0,199.5,271.0,,,74.7,,,36.05,85.6,201.0,76.9,236.5,53.8,42.35,79.9,54.0
44.65,39.65,53.0,82.0,77.4,69.0,12.9,42.25,72.9,31.4,32.7,317.0,156.5,33.9,53.1,313.5,10.65,24.75,31.4,58.9,200.0,73.1,25.6,15.45,24.9,43.2,321.5,419.0,41.95,80.5,67.7,48.0,29.0,362.0,370.0,327.0,48.95,14.8,196.0,38.3,20.15,93.7,24.7,48.4,20.05,125.0,7.29,12.1,19.1,50.2,10.45,22.6,69.9,29.75,326.0,88.0,9.8,48.0,43.9,97.0,85.8,29.8,80.0,237.0,7.5,11.55,96.2,168.5,73.4,26.7,110.0,508.0,285.0,12.35,133.0,67.1,16.75,50.3,10.15,15.35,14.85,,235.0,18.25,28.95,10.6,27.5,9.16,10.9,16.95,18.35,43.2,46.9,9.27,19.35,16.25,24.7,15.45,9.19,13.4,19.55,18.65,231.0,77.0,2065.0,31.3,146.0,58.4,98.6,132.5,27.95,95.8,94.0,12.25,36.6,304.0,17.0,42.2,26.25,68.5,43.0,56.9,,96.1,174.0,41.6,75.4,16.8,11.3,128.0,55.1,80.8,72.8,245.0,199.5,271.0,,,74.7,,,36.05,85.6,201.0,76.9,236.5,53.8,42.4,79.9,54.0
44.65,39.7,53.0,82.0,77.3,68.9,12.9,42.25,73.0,31.4,32.7,317.0,156.5,33.9,53.1,313.0,10.65,24.75,31.4,58.9,201.0,73.1,25.6,15.45,24.9,43.2,321.5,419.0,41.95,80.6,67.7,47.95,29.0,362.0,370.0,326.5,49.0,14.8,196.0,38.25,20.1,93.8,24.7,48.45,20.05,124.5,7.3,12.1,19.1,50.2,10.5,22.6,69.9,29.8,326.0,88.0,9.8,48.0,43.9,97.0,85.7,29.8,80.0,237.0,7.5,11.55,96.2,168.5,73.2,26.7,110.0,508.0,285.5,12.35,132.5,67.1,16.75,50.3,10.15,15.35,14.85,,235.0,18.3,28.95,10.6,27.5,9.17,10.9,16.95,18.35,43.2,46.85,9.27,19.35,16.25,24.65,15.45,9.19,13.4,19.6,18.65,230.5,77.0,2065.0,31.3,146.0,58.4,98.6,132.5,27.9,95.8,94.0,12.25,36.6,304.0,17.0,42.2,26.25,68.5,43.05,56.9,,96.1,174.0,41.6,75.5,16.8,11.35,128.5,55.2,80.8,72.8,245.0,199.0,271.0,,,74.7,,,36.1,85.6,201.0,76.9,236.5,53.8,42.35,79.9,54.0
44.65,39.65,53.0,82.0,77.3,68.9,12.9,42.3,72.9,31.4,32.7,317.0,156.5,33.9,53.1,313.0,10.65,24.75,31.4,58.9,201.0,73.1,25.6,15.45,24.9,43.2,321.5,419.0,41.95,80.6,67.7,47.95,29.0,362.0,371.0,326.5,49.0,14.8,196.0,38.25,20.1,93.8,24.65,48.4,20.05,125.0,7.3,12.05,19.1,50.2,10.45,22.55,70.0,29.8,326.0,88.0,9.8,48.0,43.75,96.9,85.8,29.8,80.0,237.0,7.5,11.55,96.3,168.0,73.3,26.75,110.0,509.0,285.5,12.35,132.5,67.1,16.75,50.3,10.15,15.3,14.85,,235.0,18.3,28.95,10.6,27.55,9.17,10.9,16.95,18.35,43.2,46.9,9.27,19.35,16.25,24.7,15.45,9.2,13.4,19.6,18.65,230.5,77.0,2065.0,31.3,146.0,58.4,98.6,132.5,27.95,95.8,94.0,12.25,36.6,304.0,17.0,42.25,26.25,68.5,43.1,56.9,,96.2,174.0,41.6,75.4,16.8,11.35,128.5,55.2,80.8,72.8,245.0,199.0,271.0,,,74.7,,,36.1,85.6,201.0,76.9,237.0,53.8,42.35,79.9,54.0
44.65,39.65,53.0,82.0,77.3,68.9,12.9,42.3,73.0,31.45,32.75,316.5,156.5,33.9,53.0,313.0,10.65,24.8,31.45,58.9,200.5,73.1,25.6,15.45,24.85,43.2,321.5,419.0,41.95,80.6,67.7,47.95,29.0,362.0,371.0,326.5,49.0,14.8,196.0,38.3,20.1,93.8,24.7,48.45,20.05,124.5,7.29,12.1,19.1,50.2,10.45,22.5,70.0,29.85,325.5,87.8,9.8,48.0,43.7,96.8,85.7,29.8,80.0,237.0,7.5,11.55,96.3,168.0,73.4,26.75,110.0,508.0,285.5,12.35,132.5,67.0,16.75,50.3,10.15,15.3,14.85,,235.0,18.3,28.95,10.6,27.5,9.16,10.9,16.95,18.4,43.2,46.85,9.26,19.35,16.25,24.7,15.4,9.19,13.4,19.55,18.65,230.5,76.9,2065.0,31.3,146.0,58.4,98.6,132.0,27.9,95.8,94.0,12.2,36.6,303.5,17.0,42.2,26.25,68.6,43.1,56.8,,96.2,174.0,41.6,75.5,16.8,11.4,128.5,55.2,80.9,72.6,245.5,199.0,271.0,,,74.7,,,36.1,85.6,201.0,76.9,237.0,53.6,42.4,79.8,54.0
44.7,39.65,53.0,82.0,77.4,69.0,12.85,42.3,73.0,31.4,32.75,316.0,156.5,33.95,53.1,313.0,10.65,24.8,31.45,58.9,200.5,73.1,25.6,15.45,24.9,43.2,321.5,419.0,41.95,80.6,67.7,47.95,29.0,362.0,371.0,326.5,49.0,14.8,196.0,38.3,20.05,93.8,24.7,48.4,20.05,124.5,7.29,12.1,19.1,50.2,10.45,22.5,69.9,29.8,325.5,87.7,9.8,47.95,43.75,96.8,85.7,29.8,80.0,237.0,7.5,11.55,96.2,168.0,73.3,26.8,110.0,508.0,285.5,12.35,132.5,67.0,16.75,50.3,10.15,15.3,14.85,,235.0,18.3,28.95,10.6,27.5,9.16,10.9,16.95,18.35,43.25,46.9,9.27,19.35,16.25,24.7,15.4,9.2,13.4,19.6,18.65,230.5,77.0,2065.0,31.3,146.0,58.4,98.5,132.0,27.95,95.8,94.0,12.25,36.6,303.5,17.0,42.2,26.3,68.5,43.1,56.8,,96.2,174.0,41.6,75.4,16.8,11.35,128.5,55.2,80.9,72.8,246.0,199.5,271.0,,,74.7,,,36.1,85.6,201.0,76.9,237.0,53.6,42.4,80.0,54.0
44.65,39.6,53.1,82.0,77.4,68.9,12.85,42.3,72.9,31.45,32.75,316.0,156.5,33.9,53.1,313.0,10.65,24.8,31.45,59.0,200.5,73.1,25.6,15.45,24.9,43.2,322.0,419.0,41.95,80.5,67.6,47.95,29.0,362.0,371.0,326.5,49.0,14.8,196.0,38.3,20.05,93.8,24.65,48.4,20.05,124.5,7.29,12.1,19.1,50.2,10.5,22.5,69.9,29.8,326.0,87.7,9.8,47.95,43.7,96.8,85.7,29.75,80.0,237.0,7.5,11.55,96.2,168.0,73.3,26.8,110.0,509.0,285.5,12.3,132.5,67.1,16.7,50.3,10.1,15.3,14.85,,235.0,18.3,28.95,10.6,27.5,9.16,10.9,16.95,18.35,43.25,46.85,9.26,19.35,16.25,24.65,15.4,9.2,13.4,19.55,18.7,230.5,76.9,2065.0,31.25,145.5,58.4,98.5,132.5,27.95,95.8,93.9,12.25,36.65,303.5,17.0,42.15,26.3,68.5,43.1,56.7,,96.2,174.0,41.6,75.5,16.8,11.35,128.5,55.1,81.0,72.8,246.0,199.5,271.0,,,74.8,,,36.15,85.6,201.0,76.9,237.0,53.6,42.45,79.9,54.0
44.65,39.55,53.0,82.0,77.4,69.0,12.85,42.3,73.0,31.4,32.75,316.0,156.5,33.95,53.0,313.0,10.65,24.8,31.45,58.9,200.5,73.1,25.55,15.45,24.9,43.2,322.0,419.0,41.95,80.5,67.6,47.95,29.0,362.0,371.0,326.5,48.95,14.8,196.0,38.3,20.05,93.7,24.65,48.4,20.1,125.0,7.29,12.1,19.1,50.1,10.45,22.5,69.9,29.8,325.5,87.7,9.8,47.95,43.75,97.0,85.6,29.75,80.0,237.5,7.5,11.55,96.2,168.0,73.4,26.8,110.0,508.0,285.5,12.3,132.5,67.1,16.7,50.2,10.1,15.3,14.85,,235.0,18.3,28.95,10.6,27.5,9.16,10.9,16.95,18.35,43.2,46.85,9.27,19.35,16.25,24.7,15.4,9.2,13.4,19.55,18.65,231.0,76.9,2065.0,31.25,146.0,58.4,98.6,132.5,27.9,95.8,93.9,12.25,36.65,303.5,17.0,42.15,26.25,68.5,43.1,56.6,,96.2,173.5,41.55,75.5,16.75,11.35,128.5,55.1,81.0,72.8,246.0,199.5,271.0,,,74.7,,,36.1,85.6,201.0,76.9,237.0,53.6,42.3,79.9,54.1
44.7,39.55,53.0,82.0,77.4,68.9,12.85,42.3,73.0,31.4,32.75,316.0,156.5,33.9,53.0,313.0,10.65,24.8,31.45,58.9,201.0,73.1,25.55,15.45,24.9,43.2,322.0,419.0,41.95,80.5,67.7,47.95,29.0,362.0,371.5,326.5,48.95,14.8,196.0,38.3,20.0,93.8,24.65,48.45,20.05,125.0,7.29,12.1,19.1,50.2,10.45,22.55,69.9,29.8,325.5,87.8,9.8,48.0,43.75,97.0,85.6,29.75,80.0,237.5,7.5,11.55,96.2,168.0,73.4,26.85,110.0,508.0,285.5,12.35,132.5,67.1,16.75,50.3,10.15,15.3,14.85,,235.0,18.25,28.95,10.6,27.45,9.16,10.9,16.95,18.4,43.25,46.85,9.26,19.4,16.25,24.7,15.45,9.2,13.4,19.55,18.65,231.0,76.9,2065.0,31.2,146.0,58.4,98.6,132.5,27.9,95.8,93.9,12.2,36.65,303.5,17.0,42.2,26.25,68.5,43.1,56.6,,96.2,174.0,41.55,75.5,16.8,11.35,128.5,55.2,81.0,72.6,245.5,199.5,271.0,,,74.8,,,36.15,85.6,201.0,76.9,237.0,53.8,42.3,79.9,54.0
44.65,39.6,53.0,82.1,77.4,68.9,12.9,42.3,73.0,31.4,32.75,316.0,156.5,33.9,53.0,312.5,10.65,24.8,31.45,58.9,200.5,73.0,25.6,15.45,24.9,43.2,322.0,419.0,41.95,80.5,67.7,47.95,29.0,362.0,371.5,326.5,48.95,14.75,196.0,38.3,20.0,93.7,24.65,48.45,20.05,125.0,7.29,12.1,19.1,50.2,10.45,22.55,69.9,29.8,325.5,87.8,9.8,47.95,43.8,97.1,85.6,29.8,80.0,237.5,7.5,11.55,96.2,168.0,73.4,26.85,110.0,508.0,285.5,12.3,133.0,67.0,16.7,50.3,10.15,15.35,14.85,,235.0,18.25,28.95,10.6,27.45,9.16,10.85,16.95,18.4,43.2,46.9,9.26,19.4,16.25,24.65,15.4,9.2,13.4,19.6,18.65,230.5,77.0,2065.0,31.1,145.5,58.4,98.6,132.5,27.9,95.8,93.9,12.25,36.7,303.0,17.05,42.2,26.25,68.6,43.05,56.6,,96.2,174.0,41.6,75.5,16.8,11.35,128.0,55.2,81.0,72.6,245.5,199.5,271.0,,,74.8,,,36.15,85.6,201.0,77.0,237.0,53.6,42.45,79.9,54.0
44.65,39.6,53.1,82.1,77.4,69.0,12.85,42.3,72.9,31.4,32.7,316.0,156.5,33.95,53.0,314.0,10.65,24.8,31.45,58.9,201.0,73.0,25.6,15.45,24.9,43.15,322.5,419.0,41.95,80.5,67.7,47.95,29.05,362.0,371.5,326.5,48.95,14.8,196.0,38.3,20.0,93.8,24.7,48.4,20.05,124.5,7.29,12.05,19.1,50.2,10.45,22.55,69.9,29.75,326.0,87.7,9.8,47.95,43.8,97.2,85.7,29.8,80.0,237.0,7.5,11.55,96.2,167.5,73.4,26.9,110.0,509.0,285.5,12.3,133.0,67.0,16.7,50.3,10.15,15.35,14.85,,235.0,18.3,28.95,10.6,27.4,9.16,10.85,16.95,18.4,43.25,46.85,9.27,19.4,16.25,24.7,15.45,9.2,13.4,19.55,18.7,230.5,77.0,2065.0,31.15,146.0,58.4,98.6,132.5,27.9,95.6,93.9,12.25,36.7,303.0,17.05,42.2,26.2,68.6,43.05,56.6,,96.2,173.5,41.55,75.5,16.85,11.4,128.0,55.2,80.9,72.6,245.5,199.5,271.0,,,74.9,,,36.2,85.6,201.0,77.0,237.0,53.6,42.45,79.9,54.0
44.65,39.55,53.1,82.1,77.4,69.0,12.9,42.25,73.0,31.4,32.7,316.0,156.5,33.9,53.0,314.0,10.65,24.75,31.45,59.0,200.5,73.0,25.6,15.45,24.9,43.15,322.0,419.0,41.95,80.5,67.7,47.95,29.0,362.5,371.5,327.5,48.95,14.8,196.5,38.35,20.0,93.7,24.7,48.35,20.05,125.0,7.29,12.1,19.15,50.1,10.45,22.6,69.9,29.8,326.0,87.7,9.8,47.95,43.75,97.2,85.6,29.8,80.0,237.0,7.5,11.55,96.2,167.5,73.3,26.9,110.0,509.0,285.5,12.3,133.0,67.0,16.7,50.3,10.15,15.35,14.9,,235.0,18.3,29.0,10.6,27.45,9.17,10.85,16.95,18.45,43.25,46.9,9.27,19.4,16.25,24.7,15.45,9.2,13.4,19.6,18.65,231.0,77.0,2065.0,31.15,146.0,58.4,98.6,132.5,27.9,95.6,94.0,12.2,36.7,303.0,17.0,42.2,26.2,68.6,43.05,56.6,,96.2,173.5,41.55,75.5,16.8,11.4,128.0,55.2,80.9,72.6,245.5,199.5,271.0,,,74.9,,,36.2,85.6,201.0,77.0,237.0,53.7,42.45,80.0,54.1
44.7,39.5,53.0,82.1,77.4,69.0,12.9,42.25,73.0,31.4,32.7,316.0,156.5,33.9,53.0,314.0,10.7,24.8,31.45,59.0,200.5,73.0,25.6,15.5,24.9,43.15,322.5,419.0,41.95,80.6,67.7,47.95,29.0,362.5,371.5,326.5,49.0,14.75,196.5,38.35,20.0,93.7,24.7,48.35,20.05,124.5,7.29,12.1,19.1,50.1,10.45,22.6,69.9,29.75,326.0,87.7,9.8,47.95,43.8,97.2,85.6,29.8,80.0,237.0,7.5,11.55,96.3,167.5,73.2,26.85,110.0,509.0,285.5,12.3,133.0,67.0,16.75,50.3,10.15,15.35,14.9,,235.0,18.3,28.95,10.6,27.45,9.17,10.9,16.95,18.35,43.25,46.9,9.27,19.35,16.25,24.65,15.4,9.2,13.45,19.6,18.7,231.0,77.0,2065.0,31.15,145.5,58.4,98.6,132.0,27.9,95.5,93.9,12.25,36.7,303.0,17.05,42.15,26.25,68.5,43.05,56.6,,96.3,173.5,41.55,75.5,16.85,11.4,128.5,55.2,81.0,72.8,245.5,199.5,271.0,,,74.9,,,36.2,85.7,201.0,77.0,236.5,53.8,42.45,80.0,53.9
44.65,39.55,53.0,82.1,77.4,68.9,12.85,42.25,73.0,31.4,32.75,316.0,156.5,33.9,53.0,314.5,10.7,24.75,31.45,59.0,200.5,73.1,25.6,15.5,24.9,43.2,322.5,419.0,41.95,80.6,67.7,47.95,29.0,362.5,371.5,326.5,48.95,14.75,196.5,38.35,20.0,93.7,24.7,48.35,20.1,125.0,7.29,12.1,19.1,50.1,10.5,22.6,69.9,29.75,326.0,87.6,9.8,47.95,43.8,97.2,85.7,29.75,80.0,237.0,7.5,11.5,96.2,167.5,73.2,26.85,109.5,509.0,285.5,12.3,133.5,67.0,16.75,50.3,10.15,15.35,14.9,,235.0,18.3,28.95,10.6,27.45,9.17,10.9,16.9,18.4,43.25,46.85,9.27,19.4,16.25,24.7,15.45,9.21,13.4,19.6,18.7,231.0,77.0,2065.0,31.15,146.0,58.4,98.6,132.5,27.9,95.5,94.1,12.2,36.7,303.0,17.05,42.15,26.25,68.6,43.05,56.6,,96.3,174.0,41.6,75.5,16.85,11.4,128.0,55.2,81.0,72.8,245.5,199.5,271.0,,,74.9,,,36.2,85.7,201.0,77.0,236.5,53.8,42.45,80.0,53.9
44.7,39.5,53.0,82.1,77.4,68.9,12.9,42.25,73.0,31.4,32.75,316.0,156.5,33.95,53.1,314.5,10.7,24.75,31.45,59.0,200.5,73.1,25.6,15.5,24.9,43.2,322.5,419.0,41.95,80.6,67.7,47.95,29.0,362.5,371.5,326.5,48.95,14.75,197.0,38.35,20.0,93.8,24.7,48.35,20.05,124.5,7.29,12.1,19.1,50.0,10.5,22.65,69.9,29.75,325.5,87.6,9.79,47.95,43.85,97.2,85.7,29.75,80.0,237.0,7.5,11.5,96.3,167.5,73.3,26.9,109.5,509.0,285.5,12.3,133.5,67.0,16.75,50.3,10.1,15.35,14.85,,235.0,18.3,28.95,10.6,27.45,9.17,10.9,16.9,18.4,43.25,46.85,9.26,19.35,16.25,24.7,15.4,9.2,13.4,19.6,18.7,230.5,77.0,2065.0,31.15,146.0,58.4,98.6,132.5,27.95,95.5,94.1,12.2,36.7,303.0,17.0,42.15,26.25,68.5,43.0,56.7,,96.3,173.5,41.55,75.5,16.85,11.35,128.0,55.1,80.9,72.8,245.5,199.5,271.0,,,74.9,,,36.25,85.7,201.0,77.0,236.5,53.8,42.45,80.0,53.9
44.65,39.5,53.0,82.1,77.4,69.0,12.85,42.25,73.0,31.4,32.7,316.5,156.5,33.95,53.0,314.5,10.65,24.75,31.45,59.0,200.5,73.1,25.6,15.45,24.9,43.2,322.5,419.0,41.95,80.5,67.8,47.95,29.0,362.5,371.0,326.5,48.95,14.8,197.0,38.5,20.0,93.8,24.7,48.35,20.0,125.0,7.29,12.1,19.1,50.0,10.5,22.65,69.9,29.75,326.0,87.6,9.79,47.95,43.8,97.2,85.6,29.75,80.0,237.0,7.5,11.55,96.2,167.5,73.2,26.85,109.5,509.0,286.0,12.3,133.5,67.0,16.75,50.3,10.1,15.35,14.85,,234.5,18.3,28.95,10.55,27.45,9.17,10.9,16.9,18.4,43.25,46.85,9.26,19.35,16.2,24.7,15.4,9.2,13.45,19.6,18.7,230.5,76.9,2070.0,31.15,145.5,58.3,98.6,132.5,27.9,95.5,94.1,12.2,36.75,303.0,17.0,42.15,26.25,68.5,42.85,56.7,,96.3,173.5,41.55,75.5,16.85,11.4,128.0,55.2,81.0,72.8,245.5,199.5,271.0,,,74.9,,,36.25,85.7,201.0,77.0,236.5,53.8,42.5,80.0,54.0
44.7,39.5,53.0,82.1,77.4,69.0,12.85,42.25,73.0,31.4,32.75,316.5,157.0,33.9,53.1,315.0,10.65,24.8,31.45,58.9,200.5,73.1,25.65,15.45,24.9,43.2,322.5,419.0,41.95,80.5,67.8,47.95,29.0,362.5,371.0,326.5,48.95,14.75,197.0,38.5,20.05,93.8,24.75,48.35,20.0,124.5,7.29,12.1,19.1,50.1,10.5,22.6,69.9,29.75,326.0,87.8,9.79,47.95,43.8,97.2,85.6,29.75,80.0,237.0,7.5,11.55,96.2,167.5,73.3,26.85,109.5,508.0,285.5,12.3,133.5,67.0,16.75,50.2,10.1,15.35,14.85,,235.5,18.3,28.95,10.6,27.45,9.16,10.9,16.9,18.35,43.25,46.9,9.26,19.35,16.25,24.7,15.4,9.2,13.4,19.55,18.65,230.5,77.0,2070.0,31.2,146.0,58.3,98.6,132.5,27.9,95.4,94.1,12.2,36.75,303.5,17.0,42.15,26.25,68.6,43.0,56.6,,96.3,173.5,41.6,75.5,16.8,11.4,128.0,55.2,80.8,72.8,245.5,199.5,271.0,,,74.9,,,36.25,85.7,201.0,77.0,236.5,53.8,42.5,80.0,54.0
44.65,39.5,53.0,82.1,77.4,69.0,12.9,42.25,73.0,31.45,32.7,316.5,157.0,33.95,53.1,315.0,10.65,24.75,31.45,58.9,200.5,73.1,25.65,15.5,24.95,43.2,322.5,419.0,41.95,80.4,67.8,47.95,29.0,362.5,372.0,326.5,49.0,14.75,197.0,38.55,20.05,93.8,24.75,48.35,20.05,125.0,7.29,12.1,19.1,50.1,10.45,22.65,69.9,29.75,326.0,87.7,9.79,48.0,43.85,97.3,85.5,29.8,80.0,237.0,7.5,11.55,96.2,168.0,73.2,26.9,110.0,509.0,286.0,12.3,133.5,67.0,16.75,50.3,10.1,15.35,14.85,,235.5,18.3,28.95,10.6,27.45,9.16,10.9,16.95,18.35,43.25,46.9,9.26,19.35,16.25,24.7,15.4,9.2,13.4,19.6,18.65,230.5,77.0,2070.0,31.2,146.0,58.3,98.6,132.5,27.9,95.5,94.1,12.2,36.7,303.0,17.0,42.15,26.25,68.5,42.95,56.7,,96.3,173.5,41.55,75.5,16.8,11.35,127.5,55.2,80.7,72.8,245.5,199.0,271.0,,,74.8,,,36.25,85.7,201.0,77.0,236.5,53.8,42.55,80.0,54.0
44.7,39.55,53.0,82.1,77.4,69.0,12.9,42.25,73.0,31.45,32.7,317.5,157.0,33.95,53.1,315.0,10.65,24.75,31.45,58.9,200.5,73.1,25.6,15.5,24.95,43.2,322.5,419.0,41.95,80.5,67.8,47.95,29.0,362.5,372.0,329.5,48.95,14.75,197.0,38.55,20.1,93.9,24.75,48.35,20.0,124.5,7.29,12.05,19.1,50.1,10.45,22.65,69.9,29.8,326.0,87.7,9.79,47.95,43.85,97.3,85.5,29.8,80.0,237.0,7.5,11.55,96.2,168.0,73.3,26.9,110.0,509.0,285.5,12.3,133.0,67.0,16.75,50.3,10.1,15.35,14.8,,236.0,18.3,28.95,10.6,27.45,9.16,10.9,16.95,18.35,43.2,46.85,9.27,19.4,16.25,24.75,15.45,9.2,13.4,19.55,18.65,230.5,77.0,2070.0,31.2,146.0,58.4,98.6,132.5,27.9,95.5,93.9,12.25,36.75,303.5,17.0,42.2,26.25,68.5,42.95,56.6,,96.2,173.5,41.6,75.5,16.8,11.35,128.0,55.2,80.7,72.8,245.5,199.0,271.0,,,74.9,,,36.25,85.7,201.0,77.0,237.0,53.7,42.55,80.0,54.0
44.65,39.55,53.0,82.1,77.4,69.0,12.85,42.25,73.0,31.4,32.7,318.5,157.0,33.95,53.1,315.0,10.65,24.8,31.45,58.9,200.5,73.1,25.65,15.45,24.9,43.2,322.5,420.0,41.95,80.5,67.8,47.95,29.0,362.5,371.0,330.0,48.95,14.75,197.5,38.55,20.05,93.9,24.75,48.35,20.0,124.5,7.29,12.05,19.1,50.1,10.45,22.6,69.9,29.8,326.0,87.8,9.79,47.95,43.85,97.3,85.4,29.8,80.0,237.0,7.5,11.55,96.2,168.0,73.3,26.9,110.0,509.0,285.5,12.3,133.0,67.0,16.75,50.3,10.1,15.35,14.85,,236.0,18.25,28.95,10.6,27.45,9.16,10.9,16.95,18.35,43.25,46.85,9.26,19.35,16.2,24.7,15.45,9.2,13.4,19.6,18.65,230.5,77.0,2070.0,31.2,146.0,58.4,98.6,132.5,27.9,95.5,93.9,12.25,36.75,303.0,17.0,42.25,26.3,68.6,42.95,56.7,,96.3,173.5,41.6,75.5,16.8,11.35,128.0,55.2,80.8,72.8,245.5,199.0,271.0,,,74.9,,,36.2,85.7,201.0,77.0,236.5,53.7,42.55,80.0,54.0
44.65,39.5,53.0,82.1,77.4,69.0,12.9,42.25,73.0,31.4,32.7,318.0,157.0,33.95,53.1,315.0,10.7,24.8,31.45,58.9,200.5,73.1,25.65,15.45,24.95,43.2,322.5,420.0,41.95,80.5,67.8,47.95,29.0,362.5,371.0,331.0,48.95,14.75,198.0,38.55,20.1,93.8,24.75,48.3,20.0,124.5,7.29,12.05,19.1,50.1,10.45,22.6,69.9,29.75,326.0,87.8,9.78,48.0,43.85,97.3,85.4,29.8,80.0,237.5,7.5,11.55,96.2,168.0,73.2,26.9,110.0,508.0,286.0,12.3,133.5,67.0,16.75,50.3,10.1,15.35,14.8,,236.0,18.3,28.95,10.6,27.45,9.16,10.9,16.95,18.35,43.2,46.9,9.26,19.35,16.25,24.7,15.45,9.2,13.35,19.6,18.65,230.5,77.0,2070.0,31.2,146.0,58.4,98.6,132.5,27.95,95.5,93.9,12.25,36.75,303.0,17.0,42.25,26.25,68.5,42.95,56.7,,96.3,173.5,41.6,75.5,16.8,11.35,128.0,55.2,80.7,72.8,245.5,199.0,271.0,,,74.8,,,36.2,85.7,201.0,77.0,236.5,53.7,42.5,80.0,54.0
44.65,39.5,53.0,82.0,77.5,69.0,12.85,42.25,73.0,31.4,32.7,317.5,157.0,33.95,53.2,315.0,10.65,24.8,31.45,59.0,200.5,73.1,25.6,15.45,24.9,43.2,322.5,420.0,41.95,80.5,67.8,47.95,29.0,362.5,371.0,333.0,48.95,14.75,198.0,38.55,20.1,93.9,24.75,48.35,20.0,124.5,7.29,12.05,19.15,50.1,10.45,22.6,69.9,29.75,326.0,87.8,9.78,48.0,43.85,97.2,85.5,29.8,80.0,237.5,7.5,11.5,96.2,168.0,73.2,26.9,110.0,509.0,286.0,12.25,133.5,67.0,16.75,50.2,10.1,15.4,14.8,,236.0,18.25,28.95,10.6,27.5,9.16,10.85,16.95,18.35,43.25,46.9,9.26,19.35,16.25,24.7,15.4,9.2,13.35,19.6,18.65,230.5,77.0,2070.0,31.15,146.0,58.4,98.6,132.5,27.9,95.5,93.9,12.25,36.8,303.5,17.0,42.2,26.25,68.5,43.0,56.7,,96.3,173.0,41.6,75.5,16.8,11.35,127.5,55.2,80.7,72.7,245.5,199.0,271.0,,,74.8,,,36.25,85.7,201.0,77.0,236.5,53.7,42.5,80.0,54.0
44.7,39.5,53.0,82.0,77.4,69.0,12.9,42.25,73.0,31.4,32.7,318.0,156.5,33.9,53.2,315.0,10.65,24.8,31.45,58.9,200.5,73.1,25.6,15.45,24.9,43.2,322.5,420.0,41.95,80.4,67.8,47.95,29.0,362.0,371.0,334.0,48.95,14.75,198.5,38.5,20.1,93.9,24.75,48.3,20.0,124.5,7.29,12.1,19.15,50.1,10.45,22.6,69.9,29.75,326.0,87.8,9.78,48.0,43.85,97.2,85.4,29.8,80.0,237.5,7.5,11.5,96.3,168.0,73.3,26.9,110.0,509.0,286.0,12.3,133.5,67.0,16.75,50.2,10.1,15.4,14.8,,236.0,18.25,28.95,10.6,27.45,9.16,10.9,16.95,18.35,43.25,46.9,9.25,19.35,16.2,24.75,15.45,9.2,13.4,19.55,18.6,230.5,77.0,2065.0,31.15,145.5,58.3,98.6,132.5,27.9,95.5,93.9,12.25,36.8,303.5,17.0,42.2,26.25,68.5,43.0,56.7,,96.3,173.0,41.6,75.5,16.8,11.35,127.5,55.1,80.7,72.7,245.5,199.0,271.0,,,74.8,,,36.2,85.7,201.0,77.0,236.5,53.8,42.5,80.0,54.0
44.65,39.5,53.1,82.0,77.4,69.0,12.85,42.25,73.0,31.4,32.75,318.0,156.5,33.9,53.2,315.0,10.65,24.75,31.45,58.9,200.5,73.1,25.6,15.45,24.95,43.2,322.5,420.0,41.95,80.5,67.8,47.95,29.0,362.0,371.0,333.5,48.95,14.75,198.5,38.5,20.1,93.9,24.8,48.4,20.0,125.0,7.29,12.1,19.15,50.2,10.45,22.6,69.9,29.8,326.0,87.9,9.78,47.95,43.85,97.2,85.5,29.8,80.0,237.5,7.5,11.5,96.2,168.0,73.4,26.9,110.0,509.0,286.0,12.25,133.5,67.1,16.75,50.2,10.1,15.3,14.8,,236.0,18.25,28.95,10.6,27.45,9.16,10.9,16.95,18.35,43.2,46.9,9.25,19.35,16.2,24.75,15.45,9.2,13.4,19.6,18.6,230.5,77.0,2065.0,31.15,146.0,58.4,98.6,132.5,27.95,95.5,93.9,12.2,36.8,303.5,17.0,42.25,26.25,68.5,43.0,56.7,,96.3,173.5,41.6,75.4,16.8,11.4,127.5,55.1,80.8,72.7,245.5,199.0,271.0,,,74.8,,,36.25,85.7,201.0,77.0,236.5,53.8,42.5,80.0,54.0
44.65,39.5,53.0,82.0,77.4,68.9,12.85,42.25,73.0,31.4,32.75,318.0,156.5,33.95,53.3,315.0,10.65,24.75,31.45,58.9,200.5,73.1,25.65,15.45,24.95,43.2,322.0,420.0,41.95,80.5,67.8,47.95,29.0,362.5,371.0,334.0,48.95,14.75,198.0,38.5,20.05,93.9,24.75,48.4,20.05,124.5,7.29,12.1,19.1,50.2,10.45,22.65,69.9,29.8,326.0,87.9,9.79,47.95,43.85,97.2,85.4,29.8,80.0,237.5,7.5,11.5,96.2,168.0,73.4,26.9,110.0,509.0,286.0,12.3,133.5,67.0,16.75,50.2,10.1,15.4,14.8,,236.0,18.3,28.95,10.6,27.45,9.16,10.9,16.95,18.35,43.25,46.9,9.25,19.4,16.25,24.7,15.4,9.2,13.35,19.55,18.6,230.5,77.0,2065.0,31.15,145.5,58.4,98.6,132.5,27.95,95.5,93.9,12.25,36.8,303.5,17.0,42.25,26.25,68.5,43.05,56.6,,96.3,173.5,41.55,75.4,16.8,11.4,127.5,55.1,80.8,72.7,245.5,199.0,271.0,,,74.8,,,36.25,85.7,201.0,77.0,236.5,53.8,42.5,80.0,54.0
44.7,39.55,53.0,82.1,77.4,68.9,12.8,42.25,73.0,31.4,32.75,318.0,156.5,33.95,53.3,315.0,10.65,24.75,31.45,58.9,200.5,73.1,25.65,15.45,24.95,43.2,322.0,420.0,41.95,80.6,67.8,47.95,29.0,362.5,371.0,334.0,48.95,14.75,198.0,38.4,20.1,93.9,24.8,48.35,20.05,125.0,7.3,12.1,19.1,50.1,10.45,22.65,69.9,29.75,326.0,87.9,9.79,47.95,43.85,97.2,85.4,29.8,80.0,237.5,7.5,11.5,96.2,168.0,73.3,26.9,110.0,509.0,286.0,12.25,134.0,67.0,16.75,50.2,10.1,15.4,14.8,,236.0,18.3,28.95,10.6,27.5,9.16,10.9,16.95,18.35,43.2,46.85,9.25,19.4,16.25,24.7,15.4,9.19,13.35,19.6,18.65,230.5,77.0,2065.0,31.15,145.5,58.4,98.6,132.5,27.95,95.5,93.9,12.25,36.8,303.5,17.05,42.2,26.25,68.5,43.05,56.6,,96.3,173.5,41.55,75.4,16.85,11.35,127.5,55.1,80.7,72.7,245.5,199.0,271.0,,,74.8,,,36.25,85.7,201.0,77.0,236.5,53.8,42.5,80.0,54.0
44.65,39.5,53.0,82.1,77.4,68.9,12.8,42.25,73.0,31.4,32.7,318.0,156.5,33.95,53.3,315.0,10.7,24.8,31.45,59.0,200.5,73.1,25.65,15.45,24.95,43.2,321.5,420.0,41.95,80.6,67.8,47.95,29.0,362.5,371.0,334.0,48.95,14.75,198.0,38.4,20.05,93.9,24.75,48.4,20.1,124.5,7.3,12.1,19.1,50.2,10.45,22.65,69.9,29.75,326.0,88.0,9.78,48.0,43.9,97.2,85.4,29.85,80.0,237.5,7.5,11.55,96.2,168.0,73.4,26.9,110.0,509.0,286.0,12.3,133.5,67.0,16.75,50.2,10.1,15.4,14.8,,236.0,18.3,28.95,10.6,27.45,9.16,10.9,16.95,18.35,43.2,46.85,9.26,19.4,16.25,24.75,15.45,9.19,13.35,19.6,18.6,230.5,77.0,2065.0,31.15,146.0,58.3,98.6,132.5,27.9,95.5,93.8,12.25,36.8,303.5,17.0,42.25,26.25,68.5,43.0,56.7,,96.2,173.0,41.55,75.4,16.85,11.35,127.5,55.2,80.7,72.7,245.5,199.0,271.0,,,74.8,,,36.2,85.7,201.0,77.0,236.5,53.7,42.55,80.0,54.0
44.65,39.5,53.0,82.0,77.4,68.9,12.8,42.25,73.0,31.4,32.7,318.0,156.0,33.9,53.3,315.0,10.65,24.8,31.45,59.0,200.0,73.1,25.65,15.45,24.9,43.2,321.5,420.0,41.95,80.6,67.9,47.95,29.0,362.5,371.0,333.0,48.95,14.75,198.0,38.4,20.05,93.9,24.75,48.4,20.15,124.5,7.3,12.05,19.1,50.2,10.45,22.65,69.9,29.75,326.0,88.0,9.78,48.0,43.85,97.2,85.4,29.8,80.0,237.0,7.5,11.55,96.2,167.5,73.4,26.85,110.0,509.0,285.5,12.25,134.0,67.0,16.7,50.2,10.1,15.4,14.8,,236.0,18.25,28.95,10.6,27.45,9.16,10.9,16.95,18.35,43.25,46.85,9.25,19.4,16.25,24.7,15.4,9.2,13.35,19.6,18.6,230.5,77.0,2065.0,31.15,146.0,58.3,98.6,132.0,27.9,95.4,93.8,12.25,36.8,303.5,17.0,42.25,26.3,68.5,43.05,56.6,,96.2,173.0,41.55,75.4,16.85,11.4,127.5,55.2,80.7,72.8,245.5,199.0,271.0,,,74.9,,,36.2,85.7,201.0,77.0,237.0,53.7,42.55,80.0,54.0
44.7,39.55,53.0,82.0,77.4,68.9,12.85,42.25,73.0,31.4,32.7,318.0,156.0,33.95,53.3,315.0,10.7,24.8,31.45,58.9,200.5,73.1,25.65,15.5,24.9,43.2,321.5,420.0,41.95,80.6,67.9,47.95,29.0,362.5,371.0,332.5,48.95,14.8,197.5,38.35,20.05,93.9,24.75,48.35,20.25,125.0,7.3,12.05,19.1,50.2,10.45,22.65,69.9,29.75,326.0,88.0,9.78,48.0,43.85,97.1,85.5,29.8,79.9,237.0,7.4,11.5,96.2,168.0,73.4,26.85,110.0,509.0,286.0,12.25,133.5,66.9,16.7,50.1,10.1,15.4,14.8,,235.5,18.3,28.95,10.6,27.5,9.15,10.9,16.95,18.4,43.25,46.9,9.25,19.4,16.25,24.75,15.4,9.2,13.35,19.6,18.6,230.5,76.9,2065.0,31.15,146.0,58.3,98.7,131.5,27.9,95.3,93.8,12.2,36.8,303.5,17.0,42.25,26.3,68.5,43.0,56.6,,96.2,173.5,41.55,75.4,16.8,11.4,127.5,55.2,80.7,72.9,245.5,199.0,271.0,,,74.9,,,36.2,85.7,201.0,77.0,237.0,53.7,42.55,79.9,54.0
44.7,39.55,53.0,82.0,77.4,69.0,12.8,42.25,73.0,31.4,32.7,317.5,157.0,33.9,53.4,315.0,10.7,24.8,31.45,58.9,201.0,73.1,25.6,15.5,24.95,43.2,321.5,420.0,41.95,80.6,67.9,47.95,29.0,362.5,371.0,331.5,48.95,14.75,197.5,38.35,20.1,93.9,24.8,48.35,20.3,125.0,7.28,12.1,19.1,50.2,10.5,22.65,69.9,29.8,326.0,87.9,9.78,48.0,43.85,97.1,85.5,29.8,79.9,237.0,7.4,11.55,96.2,168.0,73.2,26.85,110.0,510.0,286.0,12.3,133.5,67.0,16.7,50.1,10.1,15.4,14.8,,235.5,18.25,28.95,10.6,27.45,9.15,10.9,16.95,18.35,43.25,46.85,9.26,19.4,16.25,24.75,15.4,9.2,13.35,19.6,18.6,231.0,77.0,2065.0,31.15,145.5,58.3,98.6,132.0,27.95,95.2,93.8,12.2,36.8,303.5,17.0,42.25,26.25,68.5,43.05,56.6,,96.2,173.0,41.55,75.4,16.8,11.4,127.0,55.1,80.7,72.8,244.0,199.0,271.0,,,74.9,,,36.2,85.7,201.0,77.0,237.0,53.7,42.55,79.9,54.0
44.65,39.55,53.0,82.0,77.5,69.0,12.85,42.25,73.0,31.45,32.75,317.5,157.0,33.95,53.4,315.0,10.7,24.8,31.45,58.9,200.5,73.2,25.65,15.5,24.9,43.2,321.5,420.0,41.95,80.6,67.9,48.0,29.0,362.5,371.0,332.0,48.95,14.7,197.0,38.35,20.05,93.9,24.75,48.4,20.3,125.0,7.3,12.1,19.1,50.2,10.5,22.65,69.9,29.75,326.0,87.9,9.79,48.0,43.9,97.1,85.5,29.8,79.9,237.0,7.4,11.55,96.2,168.0,73.4,26.9,110.0,510.0,286.0,12.25,133.5,67.0,16.7,50.3,10.1,15.4,14.8,,235.5,18.25,28.95,10.6,27.45,9.16,10.9,16.95,18.4,43.2,46.85,9.26,19.4,16.2,24.75,15.4,9.2,13.4,19.55,18.65,231.0,77.0,2065.0,31.2,146.0,58.3,98.6,132.0,27.95,95.2,93.8,12.25,36.8,303.5,17.0,42.25,26.25,68.6,43.0,56.6,,96.1,173.0,41.55,75.5,16.85,11.4,127.5,55.1,80.7,72.8,244.0,199.0,271.0,,,74.9,,,36.2,85.7,201.0,77.0,237.0,53.8,42.55,79.9,54.0
44.65,39.55,53.0,82.0,77.5,69.0,12.85,42.25,73.0,31.45,32.75,317.5,157.0,33.9,53.4,315.0,10.7,24.75,31.45,59.0,200.5,73.2,25.65,15.5,24.95,43.25,322.0,420.0,41.95,80.6,67.9,48.0,29.0,362.5,371.0,333.0,48.95,14.7,197.5,38.25,20.1,93.9,24.75,48.35,20.4,125.0,7.29,12.1,19.15,50.2,10.45,22.65,69.9,29.85,326.0,87.9,9.78,47.95,43.9,97.1,85.6,29.8,79.9,237.0,7.4,11.55,96.2,167.5,73.3,26.9,110.0,510.0,286.0,12.25,133.5,66.9,16.7,50.1,10.1,15.4,14.8,,235.5,18.25,28.95,10.6,27.45,9.16,10.9,16.95,18.4,43.25,46.85,9.26,19.35,16.25,24.75,15.4,9.2,13.35,19.55,18.65,231.0,77.0,2065.0,31.2,145.5,58.4,98.6,132.0,27.95,95.2,93.8,12.25,36.8,303.5,17.0,42.25,26.2,68.6,43.05,56.6,,96.1,173.0,41.6,75.5,16.8,11.4,127.5,55.1,80.7,72.8,244.0,199.0,271.0,,,74.9,,,36.2,85.7,201.0,77.0,237.0,53.8,42.5,79.9,54.0
44.65,39.55,53.0,82.0,77.5,69.0,12.85,42.25,73.0,31.45,32.75,318.0,157.0,33.9,53.4,315.0,10.65,24.8,31.5,58.9,201.0,73.1,25.6,15.5,24.95,43.3,322.0,420.0,41.95,80.6,67.9,48.0,29.0,362.5,371.0,334.0,49.0,14.75,197.5,38.3,20.1,93.9,24.8,48.35,20.4,125.0,7.29,12.1,19.15,50.1,10.45,22.65,69.9,29.8,326.0,87.8,9.79,48.0,43.9,97.3,85.6,29.8,79.9,237.0,7.4,11.55,96.3,167.5,73.4,26.85,110.0,510.0,286.0,12.3,133.5,66.9,16.7,50.3,10.1,15.4,14.8,,235.5,18.3,29.0,10.6,27.45,9.16,10.9,16.95,18.4,43.25,46.85,9.26,19.35,16.2,24.75,15.4,9.2,13.4,19.6,18.6,231.0,77.0,2065.0,31.2,145.5,58.4,98.7,131.5,28.0,95.2,93.8,12.25,36.8,304.0,17.05,42.25,26.25,68.5,43.0,56.5,,96.1,173.0,41.6,75.5,16.8,11.4,127.5,55.1,80.7,72.9,245.0,199.0,271.0,,,74.9,,,36.15,85.7,201.5,77.0,237.0,53.7,42.55,79.9,54.0
44.65,39.55,53.0,82.0,77.4,69.0,12.85,42.3,73.0,31.4,32.75,317.5,157.0,33.9,53.4,315.0,10.7,24.75,31.45,58.9,201.0,73.1,25.65,15.5,24.95,43.3,321.5,420.0,41.95,80.6,67.8,48.0,29.0,362.5,371.0,334.0,49.0,14.75,197.5,38.3,20.05,94.0,24.8,48.35,20.45,125.0,7.3,12.05,19.1,50.2,10.5,22.7,69.9,29.8,326.0,87.8,9.79,47.95,43.9,97.1,85.7,29.8,79.9,237.0,7.4,11.55,96.2,167.5,73.3,26.9,110.0,510.0,286.0,12.3,133.5,66.9,16.7,50.2,10.15,15.4,14.8,,235.5,18.3,29.0,10.6,27.45,9.16,10.9,16.95,18.4,43.25,46.9,9.26,19.4,16.25,24.75,15.45,9.2,13.4,19.6,18.65,231.0,77.0,2060.0,31.2,146.0,58.4,98.6,131.5,28.0,95.2,93.8,12.25,36.8,303.5,17.0,42.25,26.25,68.6,43.05,56.6,,96.2,173.0,41.55,75.5,16.85,11.35,127.5,55.2,80.7,72.9,245.0,199.0,271.0,,,74.8,,,36.2,85.7,201.0,77.0,237.0,53.7,42.55,79.9,54.0
44.7,39.6,53.0,82.0,77.5,69.0,12.85,42.25,73.0,31.45,32.7,317.5,157.0,33.95,53.3,315.0,10.7,24.8,31.5,59.0,201.5,73.1,25.6,15.45,24.95,43.3,321.5,420.0,41.95,80.6,67.6,48.0,29.0,362.5,371.0,332.5,49.0,14.7,197.0,38.35,20.1,93.9,24.8,48.35,20.45,125.0,7.3,12.0,19.1,50.2,10.5,22.65,69.9,29.8,326.0,87.8,9.79,47.9,43.9,97.0,85.6,29.8,79.9,237.0,7.4,11.55,96.2,167.5,73.3,26.9,110.0,510.0,285.5,12.3,133.5,66.9,16.75,50.2,10.15,15.4,14.8,,235.5,18.3,29.0,10.6,27.4,9.16,10.9,16.95,18.45,43.2,46.85,9.26,19.4,16.2,24.75,15.45,9.2,13.35,19.55,18.6,231.0,76.9,2060.0,31.2,146.0,58.4,98.7,131.0,28.0,95.0,93.9,12.25,36.8,303.5,17.0,42.25,26.2,68.5,43.05,56.6,,96.1,173.0,41.6,75.5,16.85,11.35,127.0,55.2,80.7,72.9,245.0,199.0,271.0,,,74.9,,,36.2,85.7,201.0,77.0,237.0,53.7,42.55,79.9,54.1
44.7,39.6,53.0,82.0,77.5,69.0,12.85,42.3,73.0,31.45,32.75,317.5,157.0,33.95,53.4,315.5,10.7,24.8,31.5,59.0,201.5,73.2,25.65,15.45,24.95,43.3,321.5,420.0,42.0,80.6,67.5,48.0,29.0,362.5,372.5,333.0,49.0,14.75,197.5,38.4,20.1,94.0,24.8,48.35,20.45,125.0,7.3,12.05,19.15,50.3,10.5,22.7,69.9,29.8,326.0,87.9,9.79,47.9,43.9,97.3,85.7,29.75,79.8,237.0,7.4,11.5,96.3,167.0,73.3,26.9,110.0,511.0,285.5,12.35,133.5,67.0,16.75,50.3,10.15,15.4,14.85,,235.5,18.3,29.0,10.6,27.4,9.16,10.9,16.95,18.45,43.25,46.9,9.26,19.4,16.25,24.75,15.45,9.21,13.4,19.6,18.65,231.0,77.1,2060.0,31.2,145.5,58.4,98.7,131.0,28.0,95.0,93.9,12.25,36.85,303.5,17.0,42.3,26.2,68.6,43.0,56.6,,96.2,173.5,41.6,75.5,16.85,11.4,127.0,55.2,80.7,72.9,245.0,199.0,271.0,,,74.9,,,36.2,85.7,201.5,77.0,236.5,53.8,42.55,79.9,54.1
44.7,39.6,53.0,82.0,77.5,69.0,12.85,42.25,73.1,31.45,32.75,317.5,156.5,33.95,53.4,315.5,10.7,24.8,31.5,59.0,201.0,73.4,25.65,15.45,24.95,43.3,322.0,419.0,42.0,80.6,67.6,48.0,29.0,363.0,372.5,332.5,49.0,14.7,197.0,38.4,20.15,93.7,24.75,48.35,20.45,125.0,7.3,12.05,19.1,50.2,10.5,22.7,69.9,29.85,325.5,87.9,9.79,47.9,43.9,97.3,85.7,29.75,79.9,237.0,7.4,11.55,96.3,166.5,73.3,26.9,110.0,511.0,286.0,12.35,133.5,67.0,16.75,50.2,10.15,15.4,14.85,,235.5,18.3,29.0,10.6,27.45,9.16,10.9,16.95,18.45,43.25,46.9,9.27,19.35,16.25,24.75,15.45,9.21,13.4,19.55,18.65,231.0,77.0,2060.0,31.2,146.0,58.4,98.6,130.5,28.0,95.0,93.9,12.25,36.85,303.5,17.0,42.3,26.2,68.5,43.05,56.6,,96.1,173.0,41.55,75.5,16.85,11.4,127.5,55.3,80.7,72.9,245.0,199.0,271.0,,,75.1,,,36.2,85.7,201.5,77.0,236.5,53.8,42.55,79.9,54.1
44.7,39.6,53.1,82.1,77.5,69.0,12.85,42.3,73.1,31.4,32.75,317.5,157.0,33.95,53.4,315.5,10.65,24.8,31.5,59.0,201.0,73.4,25.65,15.45,24.95,43.3,322.0,418.5,42.0,80.6,67.5,48.0,29.0,362.5,372.5,332.5,49.1,14.75,197.5,38.45,20.15,93.6,24.8,48.25,20.45,125.0,7.29,12.05,19.15,50.3,10.45,22.7,69.9,29.85,326.0,87.7,9.79,47.9,43.9,97.3,85.7,29.8,79.9,237.0,7.4,11.55,96.3,166.0,73.4,26.9,109.5,511.0,286.0,12.35,133.5,67.0,16.75,50.4,10.15,15.4,14.85,,235.5,18.3,29.0,10.6,27.5,9.16,10.9,16.95,18.45,43.25,46.85,9.26,19.4,16.25,24.75,15.45,9.21,13.4,19.6,18.65,231.0,77.0,2060.0,31.2,146.0,58.4,98.7,130.5,27.95,95.0,94.0,12.25,36.85,303.5,17.0,42.3,26.2,68.6,43.05,56.6,,96.2,173.5,41.55,75.6,16.85,11.4,127.0,55.2,80.7,72.9,245.0,199.0,271.0,,,75.3,,,36.2,85.7,201.5,77.0,237.0,53.8,42.55,79.8,54.1
44.7,39.6,53.1,82.1,77.4,68.9,12.9,42.3,73.1,31.45,32.75,317.5,157.0,33.95,53.4,315.5,10.7,24.75,31.5,58.9,201.5,73.5,25.65,15.45,24.95,43.3,322.0,418.5,42.0,80.7,67.6,48.0,29.0,363.0,371.0,332.5,49.1,14.75,197.5,38.45,20.15,93.6,24.8,48.25,20.5,125.0,7.29,12.05,19.1,50.4,10.5,22.75,69.9,29.85,326.0,87.9,9.79,47.9,43.85,97.3,85.7,29.8,79.9,237.0,7.4,11.55,96.3,165.5,73.4,26.85,110.0,511.0,286.0,12.35,133.5,67.0,16.75,50.4,10.15,15.4,14.85,,235.5,18.3,29.0,10.6,27.5,9.17,10.9,16.95,18.45,43.25,46.9,9.27,19.4,16.25,24.75,15.45,9.2,13.4,19.6,18.65,231.0,77.1,2065.0,31.2,145.5,58.4,98.6,131.0,28.0,95.0,94.0,12.25,36.9,303.5,17.0,42.3,26.15,68.5,43.1,56.6,,96.0,173.0,41.6,75.5,16.85,11.4,127.0,55.2,80.8,72.9,245.0,199.0,271.0,,,75.2,,,36.2,85.7,201.5,77.0,236.5,53.8,42.55,79.8,54.1
44.75,39.6,53.0,82.1,77.4,68.9,12.9,42.3,73.1,31.45,32.75,317.0,157.0,33.9,53.4,315.0,10.7,24.75,31.45,59.0,201.5,73.5,25.65,15.45,24.95,43.3,322.0,418.5,42.0,80.6,67.6,48.0,29.0,363.5,372.5,331.5,49.05,14.7,197.5,38.45,20.1,93.7,24.75,48.25,20.45,125.0,7.29,12.05,19.15,50.3,10.45,22.7,69.9,29.85,326.0,87.9,9.8,47.95,43.8,97.3,85.8,29.8,79.9,237.0,7.4,11.55,96.2,165.0,73.4,26.9,110.0,512.0,286.0,12.3,133.5,67.0,16.75,50.3,10.1,15.4,14.85,,235.5,18.25,29.0,10.6,27.5,9.17,10.9,16.95,18.45,43.25,46.9,9.27,19.4,16.25,24.75,15.45,9.2,13.4,19.6,18.65,231.0,76.9,2065.0,31.2,146.0,58.4,98.6,130.5,27.95,95.0,94.0,12.25,36.9,304.0,17.05,42.3,26.15,68.6,43.1,56.6,,96.1,173.5,41.6,75.5,16.85,11.4,127.5,55.2,80.8,72.9,245.0,199.0,271.0,,,75.2,,,36.2,85.7,201.5,77.0,236.5,53.8,42.55,79.8,54.1
44.75,39.55,53.0,82.1,77.4,68.9,12.9,42.3,73.1,31.45,32.7,317.0,157.0,33.9,53.4,314.0,10.65,24.7,31.45,59.0,201.0,73.5,25.6,15.45,24.95,43.3,321.5,418.5,42.0,80.6,67.6,48.0,29.0,363.5,372.5,331.5,49.05,14.75,197.5,38.5,20.15,93.7,24.75,48.25,20.45,125.0,7.3,12.05,19.15,50.3,10.5,22.7,69.9,29.8,326.0,87.9,9.8,47.9,43.8,97.4,85.8,29.8,79.8,237.0,7.4,11.5,96.2,165.0,73.4,26.85,110.0,511.0,286.0,12.3,133.5,66.9,16.75,50.3,10.1,15.4,14.8,,235.5,18.3,29.0,10.6,27.45,9.16,10.85,16.95,18.4,43.25,46.85,9.26,19.4,16.25,24.7,15.45,9.2,13.35,19.6,18.65,231.0,76.9,2065.0,31.15,146.0,58.4,98.6,130.5,28.0,95.0,94.0,12.25,36.9,303.5,17.0,42.35,26.2,68.6,43.05,56.5,,96.0,173.5,41.55,75.5,16.85,11.35,127.5,55.1,80.8,72.9,245.0,199.0,271.0,,,75.1,,,36.2,85.7,201.5,77.0,236.5,53.8,42.55,79.8,54.1
44.7,39.55,53.0,82.1,77.4,68.9,12.85,42.3,73.1,31.45,32.7,318.0,157.0,33.9,53.4,314.0,10.65,24.75,31.5,59.0,200.0,73.5,25.6,15.45,24.95,43.35,321.5,418.5,42.0,80.7,67.6,48.0,29.05,363.5,372.5,331.5,49.05,14.7,197.5,38.5,20.1,93.7,24.8,48.25,20.4,124.5,7.29,12.05,19.1,50.3,10.5,22.7,69.9,29.8,325.5,87.9,9.8,47.9,43.8,97.4,85.7,29.8,79.8,237.0,7.4,11.55,96.2,165.0,73.4,26.85,110.0,512.0,286.0,12.3,133.5,66.9,16.75,50.4,10.1,15.4,14.8,,235.5,18.3,29.0,10.6,27.45,9.16,10.9,16.95,18.4,43.2,46.85,9.25,19.35,16.2,24.75,15.45,9.2,13.35,19.55,18.65,231.0,76.9,2060.0,31.15,146.0,58.4,98.6,130.5,27.95,95.0,94.1,12.25,36.9,303.5,17.0,42.35,26.2,68.6,43.1,56.5,,96.0,173.5,41.55,75.5,16.85,11.35,127.5,55.1,80.8,72.9,245.0,199.0,271.0,,,74.9,,,36.2,85.7,201.5,77.0,236.5,53.8,42.55,79.8,54.1
44.7,39.6,53.0,82.1,77.4,69.0,12.9,42.3,73.1,31.45,32.7,318.0,157.0,33.95,53.3,314.5,10.7,24.75,31.5,59.0,201.0,73.5,25.65,15.45,24.95,43.35,321.5,418.5,41.9,80.7,67.7,48.0,29.0,363.5,372.5,331.5,49.05,14.75,197.5,38.5,20.15,93.6,24.8,48.3,20.4,125.0,7.29,12.1,19.1,50.3,10.5,22.7,69.9,29.85,325.5,87.9,9.79,47.95,43.75,97.3,85.8,29.8,79.8,237.0,7.4,11.5,96.2,165.0,73.3,26.85,110.0,511.0,286.0,12.3,133.5,66.9,16.75,50.4,10.1,15.4,14.8,,235.5,18.3,29.0,10.6,27.45,9.16,10.85,16.95,18.4,43.2,46.85,9.25,19.35,16.2,24.7,15.45,9.2,13.35,19.6,18.65,231.0,76.9,2060.0,31.15,146.0,58.3,98.6,131.0,27.95,94.9,94.1,12.25,36.9,303.5,17.0,42.35,26.2,68.5,43.05,56.5,,96.2,173.0,41.6,75.5,16.85,11.4,128.0,55.1,80.8,72.9,245.0,199.0,271.0,,,74.9,,,36.25,85.7,201.5,77.0,236.5,53.7,42.55,79.8,54.1
44.65,39.6,53.0,82.1,77.4,68.9,12.9,42.3,73.1,31.45,32.7,318.0,157.0,33.9,53.5,314.5,10.7,24.75,31.5,59.0,200.5,73.3,25.65,15.45,24.95,43.4,321.0,418.5,41.9,80.7,67.6,48.0,29.0,363.5,372.5,331.5,49.0,14.75,197.5,38.5,20.1,93.7,24.75,48.25,20.35,125.0,7.3,12.05,19.15,50.3,10.5,22.7,69.9,29.85,325.5,87.9,9.79,47.9,43.75,97.3,85.7,29.8,79.8,237.0,7.4,11.5,96.2,165.0,73.3,26.85,110.0,511.0,285.5,12.35,133.5,67.0,16.75,50.4,10.1,15.4,14.8,,235.5,18.25,29.0,10.6,27.45,9.16,10.85,16.95,18.4,43.25,46.85,9.25,19.35,16.25,24.7,15.45,9.2,13.4,19.6,18.6,231.0,76.9,2065.0,31.15,146.0,58.3,98.6,131.0,28.0,95.0,94.1,12.2,36.9,303.5,17.0,42.35,26.2,68.5,43.15,56.5,,96.2,173.0,41.6,75.5,16.8,11.35,127.5,55.1,81.0,72.9,245.0,199.0,271.0,,,74.9,,,36.25,85.7,201.5,77.0,236.5,53.7,42.5,79.8,54.0
44.7,39.6,53.0,82.1,77.5,68.9,12.85,42.3,73.1,31.45,32.7,318.0,156.5,33.9,53.5,313.0,10.7,24.75,31.5,58.9,200.5,73.3,25.65,15.45,24.95,43.35,321.0,418.5,41.9,80.7,67.6,48.0,29.0,363.5,372.5,331.5,49.0,14.75,197.5,38.5,20.15,93.7,24.8,48.25,20.35,124.5,7.3,12.05,19.1,50.3,10.5,22.7,69.9,29.85,325.5,88.0,9.78,47.9,43.75,97.3,85.7,29.8,79.8,237.0,7.4,11.55,96.2,165.5,73.3,26.85,110.0,511.0,286.0,12.35,133.5,67.0,16.75,50.2,10.1,15.4,14.8,,235.5,18.25,29.0,10.6,27.45,9.16,10.9,16.95,18.4,43.25,46.85,9.25,19.35,16.2,24.7,15.45,9.19,13.35,19.6,18.6,231.0,77.0,2065.0,31.2,146.0,58.3,98.6,131.5,28.0,95.0,94.1,12.25,36.9,304.0,17.0,42.35,26.2,68.5,43.15,56.4,,96.2,173.5,41.55,75.5,16.8,11.35,128.0,55.1,80.9,72.9,245.0,199.0,270.5,,,74.9,,,36.2,85.7,201.5,77.0,236.5,53.8,42.55,79.8,54.1
44.65,39.65,53.0,82.1,77.5,69.0,12.85,42.3,73.0,31.45,32.75,317.5,157.0,33.9,53.4,313.0,10.65,24.75,31.5,58.9,200.5,73.3,25.6,15.45,25.0,43.35,321.0,418.5,41.9,80.7,67.6,48.0,29.0,363.0,372.5,331.5,49.0,14.75,197.5,38.5,20.1,93.8,24.8,48.25,20.4,125.0,7.29,12.05,19.1,50.2,10.5,22.7,69.9,29.85,325.5,88.0,9.78,47.9,43.75,97.4,85.7,29.8,79.8,237.0,7.4,11.55,96.3,165.5,73.3,26.85,110.0,511.0,286.0,12.35,133.5,67.0,16.7,50.4,10.1,15.4,14.8,,236.0,18.25,29.0,10.6,27.45,9.17,10.85,16.95,18.4,43.25,46.85,9.25,19.4,16.25,24.7,15.45,9.19,13.35,19.55,18.6,231.0,77.0,2065.0,31.2,146.0,58.3,98.6,131.0,27.95,95.0,94.1,12.2,36.9,304.0,17.0,42.35,26.2,68.5,43.15,56.4,,96.3,173.0,41.55,75.5,16.8,11.35,128.0,55.1,80.8,72.9,245.0,199.0,270.5,,,74.8,,,36.25,85.7,201.0,77.0,236.5,53.8,42.5,79.8,54.0
44.7,39.65,53.0,82.1,77.5,69.0,12.85,42.3,73.1,31.45,32.7,317.5,157.0,33.9,53.4,313.0,10.65,24.75,31.45,58.9,201.0,73.3,25.6,15.45,24.95,43.35,321.0,418.5,41.9,80.6,67.6,47.95,29.0,363.0,372.5,331.0,49.0,14.7,197.5,38.5,20.1,93.8,24.75,48.25,20.4,124.5,7.29,12.05,19.1,50.2,10.5,22.65,69.9,29.85,325.5,88.1,9.79,47.95,43.8,97.2,85.7,29.8,79.8,237.0,7.4,11.55,96.2,165.0,73.4,26.85,110.0,511.0,286.0,12.3,133.5,66.9,16.7,50.3,10.1,15.4,14.8,,236.0,18.25,29.0,10.6,27.45,9.16,10.85,16.95,18.4,43.25,46.85,9.25,19.35,16.25,24.75,15.45,9.19,13.35,19.6,18.65,231.0,77.0,2065.0,31.2,146.0,58.4,98.6,131.0,27.95,95.0,94.1,12.25,37.0,304.0,17.0,42.35,26.2,68.5,43.15,56.4,,96.1,173.0,41.55,75.5,16.85,11.35,127.5,55.1,80.8,72.9,245.0,199.0,270.5,,,74.8,,,36.25,85.7,201.0,77.0,236.5,53.7,42.5,79.8,54.0
44.65,39.65,53.0,82.1,77.4,69.0,12.9,42.3,73.1,31.45,32.7,318.0,157.0,33.9,53.4,313.0,10.65,24.8,31.5,58.9,200.5,73.3,25.65,15.5,24.95,43.35,321.5,418.5,42.0,80.7,67.6,48.0,29.0,363.0,372.5,331.0,49.05,14.75,197.5,38.5,20.15,93.7,24.75,48.2,20.4,124.5,7.29,12.05,19.15,50.2,10.5,22.65,69.9,29.9,325.5,88.0,9.79,47.9,43.8,97.2,85.7,29.75,79.8,237.0,7.4,11.55,96.3,165.0,73.5,26.85,110.0,511.0,286.0,12.3,134.0,66.9,16.75,50.3,10.1,15.4,14.8,,236.0,18.25,29.0,10.6,27.45,9.16,10.85,16.95,18.4,43.2,46.9,9.25,19.4,16.2,24.7,15.45,9.2,13.35,19.6,18.6,231.0,77.0,2065.0,31.15,145.5,58.4,98.6,131.0,28.0,95.0,94.1,12.2,37.0,303.5,17.0,42.35,26.2,68.5,43.15,56.5,,96.2,173.0,41.55,75.5,16.85,11.35,127.5,55.1,80.9,72.8,245.0,199.0,270.5,,,74.8,,,36.25,85.7,201.0,77.0,236.5,53.7,42.5,79.8,54.0
44.65,39.7,53.0,82.1,77.5,68.9,12.85,42.3,73.0,31.45,32.7,318.0,157.0,33.9,53.4,313.0,10.65,24.8,31.5,59.0,200.0,73.5,25.6,15.5,25.0,43.35,321.5,418.5,41.95,80.6,67.7,47.95,29.0,363.0,371.5,331.5,49.05,14.75,197.5,38.55,20.1,93.7,24.75,48.1,20.4,125.0,7.29,12.0,19.1,50.3,10.5,22.65,69.9,29.9,325.5,88.0,9.79,47.9,43.8,97.2,85.8,29.75,79.7,237.5,7.4,11.6,96.3,165.5,73.5,26.85,110.0,510.0,286.0,12.35,133.5,66.9,16.7,50.3,10.1,15.4,14.8,,236.0,18.25,28.95,10.6,27.45,9.16,10.85,16.95,18.35,43.2,46.85,9.25,19.4,16.2,24.7,15.4,9.2,13.35,19.6,18.6,231.0,77.1,2065.0,31.15,145.5,58.4,98.6,131.5,28.0,95.1,94.1,12.25,37.0,303.5,17.0,42.35,26.2,68.5,43.2,56.6,,96.2,173.0,41.55,75.5,16.85,11.35,127.5,55.1,81.0,72.8,245.0,199.0,270.5,,,75.0,,,36.25,85.7,201.0,77.0,236.5,53.7,42.45,79.8,54.1
44.65,39.7,53.0,82.1,77.4,68.9,12.9,42.3,73.0,31.45,32.7,318.0,157.0,33.9,53.4,313.0,10.65,24.8,31.5,58.9,200.5,73.5,25.6,15.5,25.0,43.35,321.5,418.5,41.95,80.6,67.7,47.95,29.0,362.0,371.5,331.0,49.05,14.75,197.5,38.55,20.1,93.7,24.75,48.1,20.35,125.0,7.29,12.0,19.1,50.2,10.45,22.6,70.0,29.85,325.5,88.1,9.79,47.9,43.8,97.2,85.8,29.75,79.8,237.5,7.4,11.6,96.2,165.5,73.5,26.85,110.0,511.0,286.0,12.35,133.0,66.9,16.7,50.3,10.1,15.4,14.8,,236.0,18.25,28.95,10.55,27.45,9.16,10.9,16.9,18.35,43.2,46.8,9.25,19.35,16.25,24.7,15.45,9.2,13.35,19.55,18.6,231.0,76.9,2060.0,31.15,145.0,58.4,98.6,131.0,28.0,95.1,94.1,12.25,37.0,303.5,17.0,42.35,26.2,68.5,43.3,56.6,,96.1,173.5,41.6,75.5,16.85,11.35,127.0,55.1,80.9,72.8,245.0,199.0,270.5,,,74.9,,,36.25,85.7,201.0,77.0,236.5,53.7,42.5,79.8,54.1
44.65,39.75,53.0,82.1,77.5,69.0,12.85,42.3,73.1,31.45,32.75,318.0,157.0,33.85,53.3,313.0,10.65,24.8,31.5,58.9,201.0,73.5,25.6,15.5,25.0,43.35,321.0,418.5,41.95,80.6,67.7,47.95,29.0,362.0,371.5,331.0,49.05,14.75,197.5,38.55,20.15,93.7,24.75,48.05,20.4,124.5,7.29,12.05,19.1,50.2,10.45,22.65,70.0,29.9,325.5,88.1,9.79,47.95,43.8,97.3,85.8,29.75,79.8,237.5,7.4,11.6,96.2,165.5,73.4,26.85,109.5,511.0,286.0,12.3,133.0,66.9,16.7,50.3,10.1,15.4,14.8,,236.0,18.2,28.95,10.55,27.5,9.16,10.9,16.9,18.35,43.2,46.8,9.25,19.4,16.2,24.75,15.45,9.2,13.4,19.6,18.6,231.0,76.9,2065.0,31.15,145.5,58.4,98.6,131.0,27.95,95.1,94.1,12.25,37.0,303.5,16.95,42.4,26.2,68.5,43.15,56.6,,96.1,173.5,41.6,75.5,16.85,11.35,127.0,55.1,80.9,72.8,245.0,199.0,270.5,,,75.0,,,36.2,85.7,201.0,77.0,236.5,53.7,42.4,79.8,54.1
44.65,39.75,53.0,82.1,77.4,68.9,12.85,42.3,73.1,31.45,32.75,318.0,156.5,33.85,53.4,313.0,10.65,24.75,31.45,58.9,200.5,73.3,25.6,15.5,24.95,43.35,321.5,418.5,41.95,80.7,67.7,47.95,29.0,362.0,371.5,331.0,49.05,14.7,197.5,38.55,20.1,93.7,24.8,48.2,20.4,125.0,7.29,12.0,19.1,50.3,10.45,22.65,70.0,29.9,325.5,88.1,9.78,47.95,43.85,97.3,85.7,29.85,79.8,237.5,7.4,11.6,96.2,166.0,73.5,26.85,109.5,511.0,286.5,12.35,133.5,67.0,16.7,50.2,10.1,15.4,14.8,,236.0,18.2,28.95,10.55,27.45,9.16,10.9,16.9,18.35,43.25,46.8,9.25,19.35,16.25,24.75,15.45,9.2,13.35,19.6,18.6,231.0,76.9,2065.0,31.15,146.0,58.4,98.6,131.5,27.9,95.1,94.0,12.25,37.0,303.5,17.0,42.35,26.2,68.5,43.1,56.6,,96.1,173.5,41.6,75.4,16.8,11.35,127.5,55.1,80.8,72.7,244.5,199.0,271.0,,,75.0,,,36.2,85.7,201.0,77.0,236.5,53.7,42.4,79.9,54.1
44.65,39.75,53.0,82.1,77.4,68.9,12.9,42.3,73.1,31.45,32.7,317.5,156.5,33.9,53.2,312.5,10.65,24.75,31.5,59.0,200.5,73.3,25.6,15.5,24.95,43.35,321.5,418.5,41.95,80.6,67.7,47.95,29.0,362.0,371.5,331.0,49.05,14.7,197.5,38.55,20.1,93.7,24.75,48.15,20.4,125.0,7.29,12.05,19.1,50.3,10.45,22.6,69.9,29.85,325.5,88.0,9.78,47.95,43.85,97.3,85.7,29.8,79.8,237.5,7.4,11.6,96.2,165.5,73.5,26.85,109.5,510.0,286.5,12.3,133.5,66.9,16.7,50.4,10.1,15.4,14.8,,236.0,18.2,28.95,10.55,27.45,9.16,10.9,16.9,18.35,43.25,46.85,9.25,19.4,16.2,24.75,15.45,9.2,13.35,19.55,18.65,231.0,76.9,2065.0,31.15,145.5,58.3,98.6,131.5,27.95,95.1,94.0,12.25,37.0,304.0,17.0,42.3,26.2,68.6,43.05,56.6,,96.2,173.5,41.55,75.4,16.8,11.35,127.5,55.1,80.8,72.7,244.5,199.0,271.0,,,75.0,,,36.25,85.7,201.0,77.0,236.5,53.7,42.35,79.9,54.1
44.65,39.75,53.0,82.1,77.5,69.0,12.85,42.3,73.0,31.45,32.7,317.5,157.0,33.9,53.2,312.5,10.65,24.75,31.55,58.9,200.0,73.3,25.65,15.5,25.0,43.35,321.5,418.5,41.95,80.6,67.7,47.95,29.0,362.0,371.5,331.0,49.0,14.75,197.0,38.6,20.1,93.8,24.8,48.15,20.4,125.0,7.28,12.0,19.15,50.3,10.45,22.65,69.9,29.85,326.0,88.0,9.79,47.95,43.85,97.2,85.7,29.85,79.8,237.5,7.4,11.55,96.2,165.5,73.6,26.8,109.5,510.0,286.5,12.3,133.0,66.9,16.7,50.4,10.1,15.35,14.8,,236.0,18.2,28.95,10.6,27.45,9.16,10.9,16.95,18.35,43.2,46.85,9.25,19.4,16.2,24.7,15.4,9.2,13.4,19.55,18.65,231.0,77.0,2065.0,31.2,145.5,58.3,98.6,131.0,27.95,95.1,94.0,12.2,37.0,304.0,17.0,42.4,26.2,68.6,43.0,56.6,,96.1,173.5,41.55,75.4,16.8,11.4,127.0,55.1,80.8,72.7,244.5,199.0,271.0,,,75.0,,,36.25,85.7,201.0,77.0,236.5,53.7,42.35,79.8,54.1
44.65,39.75,53.0,81.9,77.4,69.0,12.9,42.25,73.0,31.5,32.7,318.0,157.0,33.9,53.2,312.0,10.65,24.75,31.5,58.9,199.5,73.3,25.65,15.45,24.95,43.35,321.5,418.5,41.95,80.6,67.7,47.95,29.0,362.0,371.5,331.5,49.0,14.75,197.0,38.55,20.1,93.8,24.75,48.2,20.4,124.5,7.28,12.0,19.15,50.2,10.5,22.6,70.0,29.85,326.0,88.0,9.78,47.9,43.9,97.3,85.7,29.85,79.8,237.5,7.4,11.6,96.2,165.5,73.7,26.8,109.5,511.0,286.5,12.3,133.5,66.9,16.7,50.4,10.15,15.35,14.75,,236.0,18.25,28.95,10.6,27.45,9.16,10.9,16.95,18.35,43.25,46.85,9.25,19.4,16.2,24.7,15.45,9.2,13.4,19.55,18.65,231.0,76.9,2065.0,31.2,145.5,58.3,98.6,131.0,27.95,95.2,94.0,12.2,37.0,303.5,16.95,42.4,26.15,68.5,43.0,56.5,,96.1,173.5,41.55,75.4,16.8,11.35,127.5,55.1,80.8,72.7,244.5,199.0,271.0,,,75.0,,,36.25,85.7,201.0,77.0,236.5,53.8,42.4,79.8,54.1
44.65,39.75,53.0,82.1,77.5,69.0,12.85,42.2,73.0,31.5,32.7,317.5,157.0,33.9,53.2,311.0,10.65,24.75,31.5,59.0,199.5,73.3,25.65,15.5,25.0,43.35,321.0,418.5,41.95,80.6,67.7,47.95,29.0,362.0,371.5,332.0,49.0,14.8,197.0,38.55,20.1,93.7,24.8,48.2,20.45,124.5,7.3,12.05,19.15,50.3,10.5,22.65,70.0,29.85,326.0,88.0,9.78,47.95,43.9,97.3,85.7,29.85,79.8,237.5,7.4,11.6,96.2,165.5,73.7,26.85,109.5,511.0,286.5,12.35,133.5,66.9,16.7,50.4,10.15,15.35,14.75,,236.0,18.2,28.95,10.6,27.45,9.16,10.9,16.95,18.4,43.2,46.85,9.25,19.4,16.25,24.7,15.45,9.2,13.35,19.55,18.65,231.0,77.0,2060.0,31.2,145.5,58.3,98.6,131.5,27.9,95.1,94.0,12.2,37.0,303.5,17.0,42.3,26.15,68.5,43.0,56.5,,96.1,173.5,41.55,75.4,16.8,11.35,127.5,55.1,81.0,72.7,244.5,199.0,271.0,,,75.0,,,36.2,85.7,201.0,77.0,236.5,53.8,42.3,79.8,54.1
44.65,39.75,53.0,82.1,77.4,68.9,12.85,42.2,73.1,31.5,32.7,317.0,157.0,33.85,53.2,311.0,10.65,24.75,31.5,59.0,200.0,73.3,25.65,15.45,25.0,43.3,321.5,420.0,41.95,80.6,67.7,47.95,29.0,362.0,371.5,332.0,49.0,14.75,197.0,38.55,20.1,93.7,24.75,48.25,20.45,125.0,7.3,12.05,19.15,50.3,10.5,22.6,70.0,29.8,326.0,87.9,9.78,47.95,43.85,97.3,85.8,29.8,79.8,237.0,7.4,11.6,96.2,165.5,73.7,26.85,110.0,511.0,287.0,12.3,133.5,66.9,16.75,50.4,10.1,15.4,14.8,,236.0,18.25,28.95,10.6,27.5,9.16,10.9,16.95,18.4,43.25,46.85,9.25,19.4,16.25,24.75,15.45,9.2,13.4,19.55,18.65,231.0,77.0,2060.0,31.2,145.0,58.3,98.6,131.0,27.9,95.2,94.0,12.25,37.0,303.5,17.0,42.4,26.2,68.6,43.0,56.5,,96.1,173.5,41.6,75.5,16.85,11.35,127.0,55.1,80.8,72.7,244.5,199.0,271.0,,,75.0,,,36.25,85.7,201.0,77.0,236.5,53.8,42.35,79.8,54.0
44.65,39.75,53.0,82.1,77.4,68.9,12.9,42.2,73.1,31.5,32.7,317.0,157.0,33.9,53.2,310.5,10.65,24.75,31.55,59.0,200.0,73.3,25.6,15.45,24.95,43.3,321.5,419.5,41.95,80.6,67.7,47.95,29.05,362.5,371.5,332.0,49.0,14.8,197.0,38.55,20.1,93.8,24.75,48.25,20.45,124.5,7.3,12.05,19.15,50.3,10.5,22.6,69.9,29.8,326.0,87.9,9.78,47.9,43.85,97.3,85.8,29.85,79.8,237.0,7.4,11.55,96.2,165.5,73.8,26.9,110.0,511.0,287.0,12.3,133.5,67.0,16.7,50.3,10.15,15.4,14.8,,236.0,18.25,28.95,10.55,27.45,9.16,10.9,16.95,18.4,43.2,46.85,9.25,19.4,16.25,24.75,15.4,9.19,13.4,19.55,18.6,231.0,77.0,2060.0,31.2,145.5,58.4,98.7,131.0,27.9,95.0,94.0,12.25,37.0,304.0,17.0,42.4,26.2,68.6,43.0,56.5,,96.2,173.5,41.6,75.5,16.8,11.35,127.5,55.0,80.8,72.8,244.0,199.0,271.0,,,75.0,,,36.25,85.8,201.0,77.0,236.5,53.8,42.35,79.9,54.1
44.65,39.75,53.0,82.1,77.5,69.0,12.9,42.2,73.1,31.45,32.7,317.0,157.0,33.9,53.2,310.5,10.7,24.75,31.55,58.9,200.0,73.2,25.6,15.45,24.95,43.3,321.5,419.5,41.95,80.6,67.7,47.9,29.05,362.5,372.0,332.5,49.05,14.8,197.0,38.55,20.15,93.8,24.75,48.25,20.45,124.5,7.3,12.05,19.1,50.3,10.5,22.6,69.9,29.8,325.5,87.8,9.78,47.9,43.9,97.3,85.8,29.85,79.8,237.0,7.4,11.6,96.3,165.5,74.0,26.9,109.5,511.0,287.0,12.3,133.5,67.0,16.7,50.4,10.1,15.4,14.75,,236.0,18.25,28.95,10.55,27.45,9.16,10.9,16.95,18.4,43.25,46.85,9.25,19.4,16.2,24.7,15.4,9.19,13.4,19.55,18.6,231.0,77.0,2060.0,31.2,145.5,58.4,98.6,131.0,27.95,95.0,94.0,12.25,37.0,303.5,17.0,42.35,26.2,68.5,43.0,56.5,,96.2,173.5,41.6,75.5,16.85,11.35,127.5,55.0,80.8,72.8,244.0,199.0,271.0,,,74.9,,,36.25,85.8,201.0,77.0,236.5,53.6,42.4,79.9,54.1
44.65,39.7,53.1,82.0,77.4,68.9,12.9,42.2,73.1,31.5,32.7,317.0,156.5,33.9,53.2,310.5,10.7,24.8,31.55,58.9,200.0,73.2,25.6,15.45,24.95,43.3,321.0,419.5,41.95,80.6,67.7,47.95,29.05,362.5,372.0,332.0,49.05,14.75,197.0,38.55,20.1,93.7,24.75,48.25,20.45,125.0,7.3,12.05,19.15,50.2,10.45,22.65,69.9,29.8,325.5,87.8,9.78,47.9,43.9,97.3,85.7,29.85,79.8,237.0,7.4,11.6,96.2,165.5,74.0,26.85,109.5,511.0,287.5,12.3,133.5,67.0,16.7,50.3,10.1,15.45,14.75,,236.0,18.2,28.95,10.6,27.45,9.16,10.85,16.95,18.4,43.2,46.85,9.25,19.4,16.2,24.7,15.45,9.2,13.4,19.55,18.6,231.0,77.0,2060.0,31.2,145.5,58.4,98.6,131.0,27.9,95.0,94.0,12.2,37.0,303.5,17.0,42.35,26.2,68.5,43.05,56.6,,96.1,173.5,41.55,75.5,16.8,11.35,127.0,55.0,80.8,72.8,244.0,199.0,270.5,,,74.9,,,36.3,86.0,201.0,77.0,236.5,53.6,42.4,79.9,54.1
44.7,39.75,53.0,82.0,77.4,68.9,12.9,42.2,73.1,31.5,32.7,316.5,156.5,33.9,53.3,310.5,10.65,24.8,31.5,59.0,200.0,73.2,25.6,15.5,24.95,43.25,321.0,418.0,41.95,80.6,67.7,47.95,29.05,362.5,372.0,332.5,49.0,14.8,196.5,38.55,20.15,93.7,24.75,48.3,20.45,125.0,7.3,12.05,19.15,50.3,10.5,22.6,69.9,29.8,325.5,87.8,9.78,47.9,43.8,97.2,85.7,29.85,79.8,237.0,7.4,11.6,96.2,165.5,73.9,26.85,110.0,510.0,288.0,12.3,133.5,67.0,16.7,50.3,10.1,15.45,14.75,,236.0,18.25,28.95,10.55,27.45,9.16,10.9,16.95,18.4,43.25,46.8,9.25,19.4,16.2,24.7,15.45,9.19,13.35,19.55,18.6,231.0,77.0,2055.0,31.2,145.5,58.4,98.7,131.0,27.95,95.0,94.0,12.25,37.0,304.0,17.0,42.4,26.2,68.5,43.05,56.5,,96.1,173.5,41.6,75.5,16.8,11.35,127.0,55.0,80.8,72.8,244.0,199.0,270.5,,,75.0,,,36.3,86.0,201.0,77.0,236.5,53.6,42.45,79.9,54.1
44.7,39.7,53.0,82.0,77.5,68.9,12.9,42.2,73.0,31.45,32.7,317.0,156.5,33.9,53.2,310.5,10.65,24.8,31.5,59.0,200.0,73.3,25.6,15.5,24.95,43.25,321.0,417.0,41.95,80.6,67.7,47.95,29.05,362.5,372.0,332.5,49.0,14.75,196.5,38.55,20.1,93.7,24.7,48.25,20.45,125.0,7.29,12.05,19.15,50.4,10.45,22.6,70.0,29.8,326.0,87.8,9.78,47.9,43.9,97.2,85.6,29.85,79.8,237.5,7.4,11.6,96.2,165.5,73.9,26.85,110.0,511.0,289.0,12.3,134.0,67.0,16.7,50.3,10.15,15.45,14.75,,235.5,18.2,28.95,10.55,27.45,9.16,10.9,17.0,18.4,43.25,46.8,9.25,19.4,16.2,24.7,15.45,9.19,13.35,19.55,18.6,231.0,77.0,2055.0,31.2,145.5,58.4,98.6,131.0,27.9,95.0,94.0,12.2,37.0,303.5,17.0,42.35,26.2,68.6,43.05,56.6,,96.1,173.5,41.6,75.5,16.85,11.35,127.5,55.0,80.8,72.8,244.0,199.0,270.5,,,74.9,,,36.3,86.0,201.0,77.0,237.0,53.6,42.5,79.8,54.1
44.65,39.7,53.0,82.1,77.5,68.9,12.9,42.2,73.0,31.45,32.6,317.0,156.5,33.9,53.2,310.5,10.65,24.8,31.55,59.0,200.5,73.3,25.6,15.5,24.95,43.25,321.0,416.0,41.95,80.5,67.7,47.9,29.05,362.5,372.0,332.5,49.05,14.8,196.5,38.55,20.1,93.8,24.75,48.3,20.45,125.0,7.29,12.05,19.15,50.4,10.45,22.6,70.0,29.8,325.5,87.8,9.78,47.9,43.9,97.3,85.6,29.85,79.8,237.5,7.4,11.6,96.2,165.5,73.8,26.85,110.0,511.0,289.0,12.3,133.5,66.9,16.7,50.2,10.1,15.45,14.8,,235.5,18.2,28.95,10.55,27.5,9.17,10.9,16.95,18.4,43.2,46.8,9.25,19.4,16.25,24.75,15.45,9.19,13.35,19.55,18.6,231.0,77.0,2055.0,31.2,145.0,58.4,98.7,131.5,27.95,94.9,93.9,12.2,37.0,303.5,17.05,42.35,26.2,68.6,43.05,56.6,,96.1,173.5,41.6,75.5,16.8,11.35,127.5,55.0,80.8,72.8,244.0,199.0,270.5,,,74.9,,,36.3,86.0,201.0,77.0,237.0,53.6,42.5,79.8,54.0
44.65,39.75,53.1,82.1,77.5,68.9,12.9,42.2,73.1,31.45,32.6,317.5,156.5,33.9,53.2,311.0,10.65,24.8,31.55,58.9,200.0,73.3,25.6,15.5,24.95,43.3,321.0,416.0,41.95,80.6,67.7,47.95,29.05,363.0,372.0,332.5,49.05,14.75,196.5,38.55,20.15,93.7,24.7,48.25,20.45,125.0,7.3,12.05,19.15,50.4,10.45,22.6,70.0,29.85,326.0,87.7,9.78,47.95,43.9,97.3,85.6,29.8,79.8,237.5,7.4,11.6,96.2,165.5,73.6,26.85,110.0,511.0,288.5,12.3,133.5,67.0,16.7,50.2,10.1,15.4,14.75,,235.5,18.2,28.95,10.6,27.45,9.16,10.9,16.95,18.4,43.25,46.8,9.25,19.4,16.2,24.7,15.45,9.2,13.4,19.55,18.6,231.0,77.0,2050.0,31.2,145.5,58.3,98.7,131.0,27.9,95.0,93.9,12.2,37.0,303.5,17.05,42.35,26.2,68.6,43.1,56.6,,96.2,173.5,41.55,75.5,16.85,11.4,127.5,55.1,80.8,72.7,244.0,199.0,270.5,,,74.9,,,36.3,86.0,201.0,76.9,237.0,53.6,42.5,79.8,54.0
44.65,39.8,53.0,82.1,77.4,68.9,12.9,42.2,73.1,31.45,32.65,317.5,156.5,33.9,53.1,311.0,10.65,24.8,31.55,58.9,200.5,73.3,25.6,15.5,24.95,43.3,321.0,416.0,41.95,80.5,67.7,47.95,29.05,363.0,372.0,332.5,49.05,14.8,197.0,38.55,20.1,93.8,24.7,48.25,20.45,125.0,7.29,12.05,19.15,50.4,10.5,22.6,70.0,29.8,326.0,87.7,9.78,47.9,43.9,97.2,85.6,29.8,79.8,237.5,7.4,11.6,96.2,165.5,73.5,26.85,110.0,511.0,288.5,12.3,133.5,67.0,16.7,50.2,10.1,15.45,14.75,,235.5,18.25,28.95,10.6,27.45,9.16,10.85,16.95,18.4,43.25,46.8,9.25,19.4,16.2,24.75,15.4,9.2,13.4,19.55,18.65,231.0,77.0,2055.0,31.2,145.5,58.3,98.8,131.0,27.95,94.8,93.9,12.2,37.0,303.5,17.0,42.35,26.2,68.5,43.1,56.6,,96.2,173.5,41.6,75.5,16.8,11.35,127.5,55.1,80.8,72.7,244.0,199.0,270.5,,,74.9,,,36.25,86.0,201.0,77.0,237.0,53.6,42.4,79.8,54.0
44.65,39.7,53.0,82.1,77.5,68.9,12.85,42.2,73.1,31.5,32.65,317.5,156.5,33.9,53.1,311.0,10.65,24.8,31.55,58.9,200.0,73.3,25.6,15.5,25.0,43.3,321.0,416.0,41.95,80.5,67.7,47.95,29.05,363.0,372.0,332.5,49.05,14.75,197.0,38.5,20.1,93.8,24.75,48.25,20.45,125.0,7.29,12.05,19.15,50.4,10.45,22.6,70.0,29.85,325.5,87.7,9.78,47.95,43.85,97.2,85.6,29.8,79.8,237.0,7.4,11.6,96.2,165.5,73.4,26.85,110.0,512.0,288.0,12.3,133.5,67.0,16.7,50.4,10.15,15.4,14.75,,235.5,18.25,28.95,10.6,27.5,9.16,10.85,16.95,18.35,43.25,46.8,9.25,19.35,16.25,24.75,15.45,9.2,13.35,19.55,18.65,231.0,77.0,2055.0,31.2,145.5,58.4,98.7,131.5,27.95,94.8,93.9,12.2,37.0,303.5,17.05,42.35,26.2,68.6,43.1,56.5,,96.3,173.5,41.6,75.5,16.85,11.4,128.0,55.1,80.8,72.7,244.0,199.0,270.5,,,74.9,,,36.25,86.0,201.0,77.0,237.0,53.6,42.5,79.8,54.0
44.65,39.7,53.1,82.1,77.5,68.9,12.85,42.2,73.1,31.5,32.65,317.5,157.0,33.9,53.2,311.0,10.65,24.8,31.55,58.9,200.0,73.3,25.6,15.5,25.0,43.3,321.0,416.0,41.95,80.5,67.7,47.9,29.0,363.0,372.0,332.5,49.05,14.8,197.0,38.5,20.15,93.7,24.75,48.25,20.5,125.0,7.29,12.1,19.15,50.3,10.45,22.65,70.0,29.85,325.5,87.8,9.78,47.95,43.8,97.3,85.5,29.8,79.8,237.0,7.4,11.6,96.2,165.5,73.5,26.85,110.0,512.0,288.0,12.3,133.5,66.9,16.65,50.4,10.1,15.4,14.75,,235.5,18.25,28.95,10.6,27.5,9.16,10.85,16.95,18.35,43.25,46.8,9.25,19.4,16.2,24.7,15.4,9.19,13.35,19.5,18.65,231.0,77.0,2055.0,31.2,145.5,58.4,98.8,131.5,27.95,94.8,93.9,12.2,37.0,303.5,17.0,42.35,26.15,68.5,43.1,56.5,,96.2,173.5,41.6,75.5,16.8,11.35,128.0,55.0,80.8,72.7,244.0,199.0,270.5,,,74.9,,,36.3,86.0,201.0,77.0,237.0,53.6,42.45,79.8,54.0
44.65,39.7,53.0,82.1,77.4,69.0,12.85,42.2,73.1,31.5,32.65,317.5,157.0,33.9,53.4,311.0,10.65,24.8,31.55,58.9,200.0,73.2,25.55,15.5,25.0,43.35,321.5,416.0,41.95,80.5,67.7,48.0,29.0,363.0,372.0,332.5,49.0,14.75,197.0,38.55,20.1,93.8,24.75,48.3,20.5,125.0,7.29,12.1,19.15,50.4,10.45,22.6,70.0,29.9,325.5,87.8,9.78,47.9,43.8,97.1,85.6,29.8,79.7,237.0,7.4,11.65,96.2,166.0,73.8,26.85,110.0,512.0,288.0,12.3,133.5,66.9,16.65,50.4,10.1,15.45,14.75,,235.5,18.2,28.95,10.6,27.5,9.16,10.85,16.95,18.4,43.2,46.8,9.26,19.35,16.25,24.75,15.45,9.2,13.35,19.5,18.6,230.5,77.0,2055.0,31.2,145.5,58.4,98.7,131.5,27.95,94.8,93.9,12.2,37.0,303.0,17.0,42.35,26.15,68.5,43.15,56.5,,96.1,173.5,41.6,75.5,16.85,11.35,128.0,55.0,80.8,72.7,244.0,199.0,270.5,,,74.9,,,36.25,85.9,201.0,77.0,237.0,53.6,42.5,79.8,54.1
44.65,39.7,53.0,82.1,77.5,69.0,12.85,42.2,73.1,31.5,32.55,317.0,157.0,33.9,53.4,311.0,10.65,24.8,31.5,59.0,200.5,73.2,25.55,15.55,25.0,43.35,321.5,416.0,42.0,80.5,67.5,48.0,29.0,363.0,372.0,332.5,49.0,14.75,196.5,38.5,20.15,93.7,24.7,48.3,20.5,124.5,7.29,12.1,19.15,50.4,10.45,22.6,69.9,29.85,326.0,87.8,9.78,47.9,43.8,97.1,85.6,29.8,79.7,237.0,7.4,11.65,96.2,165.5,73.7,26.85,110.0,512.0,288.0,12.3,133.5,66.9,16.65,50.3,10.1,15.4,14.75,,235.5,18.2,28.95,10.6,27.5,9.16,10.9,16.95,18.35,43.25,46.8,9.25,19.4,16.25,24.7,15.45,9.2,13.35,19.5,18.65,230.5,77.0,2055.0,31.2,145.5,58.4,98.7,131.0,27.95,94.7,93.9,12.25,37.0,303.5,17.0,42.3,26.2,68.6,43.1,56.5,,96.1,173.5,41.6,75.5,16.75,11.35,127.5,55.1,80.8,72.7,244.0,199.0,270.5,,,74.9,,,36.2,85.9,201.0,77.0,237.0,53.6,42.4,79.8,54.0
44.65,39.7,53.0,82.1,77.5,68.9,12.85,42.25,73.1,31.45,32.55,317.0,157.0,33.9,53.4,311.0,10.65,24.75,31.5,59.0,200.0,73.2,25.55,15.55,25.0,43.35,321.5,416.0,42.0,80.5,67.4,47.95,29.0,362.0,372.0,332.5,49.0,14.8,196.5,38.5,20.15,93.7,24.7,48.3,20.5,125.0,7.29,12.1,19.15,50.3,10.45,22.6,69.9,29.85,326.0,87.8,9.78,47.9,43.85,97.1,85.6,29.8,79.7,237.0,7.4,11.65,96.2,166.0,73.5,26.85,110.0,512.0,287.5,12.3,133.0,66.9,16.65,50.2,10.15,15.4,14.75,,235.5,18.2,28.95,10.6,27.5,9.16,10.85,16.95,18.35,43.2,46.85,9.25,19.4,16.25,24.7,15.45,9.2,13.35,19.5,18.65,231.0,77.0,2055.0,31.2,145.0,58.3,98.7,131.0,27.95,94.7,94.0,12.25,36.95,303.5,16.95,42.3,26.25,68.5,43.1,56.5,,96.0,173.5,41.6,75.5,16.75,11.35,127.5,55.1,80.7,72.6,243.5,199.0,270.5,,,74.9,,,36.2,85.9,201.0,77.0,237.0,53.6,42.4,79.8,54.0
44.65,39.7,53.1,82.1,77.4,69.0,12.85,42.25,73.1,31.45,32.5,317.0,157.0,33.9,53.4,311.0,10.65,24.8,31.55,58.9,200.0,73.2,25.55,15.5,24.95,43.35,321.0,416.0,42.0,80.5,67.4,47.95,29.0,362.5,372.5,332.5,49.0,14.8,197.0,38.5,20.1,93.8,24.7,48.3,20.5,124.5,7.29,12.1,19.15,50.3,10.45,22.6,69.9,29.85,326.0,87.8,9.77,47.9,43.85,97.2,85.7,29.8,79.7,237.0,7.4,11.65,96.2,165.5,73.5,26.85,110.0,512.0,288.0,12.3,133.5,66.9,16.65,50.2,10.15,15.45,14.75,,235.5,18.2,28.95,10.6,27.5,9.16,10.85,16.95,18.35,43.25,46.8,9.26,19.4,16.2,24.75,15.4,9.19,13.35,19.5,18.65,230.5,77.0,2050.0,31.15,145.0,58.4,98.7,131.0,27.95,94.7,94.0,12.2,36.95,303.5,17.0,42.3,26.25,68.5,43.1,56.5,,95.9,173.5,41.6,75.5,16.8,11.4,127.5,55.1,80.7,72.6,243.5,199.0,270.5,,,74.9,,,36.2,85.9,201.0,77.0,236.5,53.6,42.4,79.8,54.0
44.65,39.7,53.0,82.1,77.5,69.0,12.85,42.25,73.0,31.45,32.55,317.0,157.0,33.9,53.4,311.0,10.7,24.8,31.55,58.9,199.5,73.1,25.6,15.5,25.0,43.35,321.0,416.0,42.0,80.5,67.4,47.95,29.0,362.5,372.5,333.0,49.0,14.75,197.0,38.5,20.1,93.8,24.7,48.3,20.6,124.5,7.29,12.1,19.15,50.4,10.5,22.6,69.9,29.9,326.0,87.8,9.78,47.95,43.8,97.2,85.6,29.8,79.8,237.0,7.4,11.65,96.2,165.5,73.5,26.85,110.0,511.0,288.0,12.3,133.5,66.9,16.65,50.2,10.1,15.35,14.75,,235.0,18.2,28.95,10.6,27.55,9.17,10.85,16.95,18.4,43.25,46.8,9.26,19.4,16.25,24.7,15.4,9.19,13.4,19.55,18.65,231.0,77.0,2050.0,31.15,145.0,58.4,98.7,131.0,28.0,94.7,94.0,12.2,36.95,303.5,17.0,42.35,26.3,68.6,43.1,56.6,,96.0,173.5,41.6,75.5,16.75,11.35,127.5,55.1,80.7,72.6,243.5,199.0,270.5,,,74.9,,,36.2,85.9,201.0,77.0,236.5,53.5,42.4,79.8,54.1
44.65,39.7,53.0,82.1,77.5,68.9,12.85,42.2,73.0,31.5,32.7,317.5,157.0,33.9,53.4,311.0,10.7,24.8,31.5,58.9,200.0,73.1,25.55,15.5,25.0,43.3,321.0,416.0,42.0,80.5,67.3,47.95,29.0,362.5,372.5,333.0,49.0,14.75,196.5,38.55,20.1,93.8,24.7,48.3,20.6,124.5,7.29,12.1,19.15,50.3,10.45,22.6,69.9,29.85,326.0,87.8,9.78,47.95,43.8,97.1,85.7,29.8,79.8,237.0,7.4,11.65,96.2,165.5,73.4,26.8,110.0,512.0,287.5,12.3,133.5,66.9,16.65,50.2,10.1,15.4,14.75,,235.0,18.25,28.95,10.6,27.5,9.16,10.85,16.95,18.4,43.2,46.8,9.25,19.4,16.2,24.75,15.4,9.2,13.35,19.5,18.65,231.0,77.0,2045.0,31.15,145.0,58.3,98.7,130.5,27.95,94.7,94.0,12.25,36.95,303.5,17.0,42.3,26.3,68.5,43.1,56.6,,95.9,173.5,41.6,75.5,16.8,11.35,127.0,55.1,80.8,72.6,243.5,199.0,270.5,,,74.9,,,36.2,85.9,201.0,77.0,236.5,53.5,42.45,79.8,54.1
44.65,39.65,53.0,82.1,77.4,68.9,12.85,42.2,73.0,31.45,32.7,317.0,156.5,33.85,53.4,311.0,10.7,24.8,31.5,59.0,200.0,73.1,25.6,15.5,25.0,43.35,321.0,416.0,42.0,80.5,67.4,48.0,29.0,362.5,372.5,333.0,49.05,14.75,196.5,38.55,20.05,93.8,24.7,48.3,20.65,125.0,7.29,12.1,19.15,50.4,10.45,22.6,70.0,29.85,325.5,87.8,9.77,47.9,43.85,97.2,85.6,29.8,79.7,237.0,7.4,11.65,96.3,166.0,73.4,26.8,110.0,511.0,287.5,12.3,133.5,66.9,16.65,50.4,10.1,15.4,14.75,,235.0,18.25,28.95,10.6,27.5,9.17,10.85,16.95,18.4,43.2,46.8,9.25,19.4,16.2,24.7,15.45,9.19,13.35,19.55,18.6,230.5,76.9,2050.0,31.15,145.5,58.3,98.7,131.0,27.95,94.7,94.0,12.25,36.95,304.0,16.95,42.35,26.3,68.5,43.1,56.6,,95.9,173.5,41.55,75.5,16.75,11.35,127.0,55.1,80.7,72.6,243.5,199.0,270.5,,,74.9,,,36.2,85.9,201.0,77.0,236.5,53.5,42.45,79.8,54.1
44.7,39.65,53.0,82.1,77.4,68.9,12.85,42.2,73.1,31.45,32.7,317.5,157.0,33.85,53.4,311.0,10.7,24.8,31.5,58.9,200.5,73.1,25.6,15.5,25.0,43.3,321.0,416.0,42.0,80.6,67.4,48.0,29.0,362.5,373.5,333.0,49.0,14.75,196.5,38.5,20.1,93.8,24.7,48.3,20.6,125.0,7.29,12.1,19.15,50.4,10.45,22.6,70.0,29.85,325.5,87.8,9.78,47.9,43.85,97.1,85.7,29.8,79.8,237.0,7.4,11.65,96.3,165.5,73.4,26.8,110.0,511.0,288.0,12.3,133.5,66.9,16.65,50.2,10.15,15.4,14.8,,235.0,18.2,28.95,10.6,27.5,9.17,10.85,16.95,18.4,43.25,46.8,9.25,19.4,16.2,24.7,15.4,9.19,13.35,19.5,18.65,230.5,77.0,2050.0,31.15,145.5,58.3,98.7,131.0,27.9,94.7,94.0,12.25,36.95,303.5,17.0,42.35,26.3,68.5,43.1,56.5,,95.9,173.5,41.55,75.5,16.8,11.35,128.0,55.1,80.7,72.6,243.5,199.0,270.5,,,74.8,,,36.15,85.9,201.0,77.0,236.5,53.5,42.45,79.8,54.1
44.7,39.7,53.0,82.1,77.5,69.0,12.85,42.15,73.0,31.5,32.55,317.5,157.0,33.85,53.4,311.0,10.7,24.8,31.5,59.0,200.5,73.1,25.55,15.5,25.0,43.35,321.0,416.0,42.0,80.5,67.4,48.0,29.0,363.0,373.5,333.0,49.05,14.8,196.5,38.5,20.1,93.8,24.7,48.3,20.6,124.5,7.29,12.1,19.1,50.4,10.5,22.65,70.0,29.85,326.0,87.8,9.78,47.9,43.85,97.1,85.6,29.85,79.8,237.0,7.4,11.65,96.3,165.5,73.5,26.85,110.0,512.0,288.0,12.35,133.0,66.9,16.65,50.4,10.15,15.35,14.75,,235.0,18.2,29.0,10.6,27.5,9.17,10.9,17.0,18.35,43.2,46.85,9.25,19.4,16.25,24.75,15.45,9.19,13.35,19.5,18.65,230.5,77.0,2040.0,31.15,145.5,58.3,98.7,131.0,27.95,94.6,94.0,12.25,36.95,303.5,17.0,42.35,26.3,68.5,43.1,56.6,,95.9,173.5,41.55,75.5,16.8,11.35,128.0,55.1,80.7,72.6,243.5,199.0,270.5,,,74.9,,,36.2,85.9,201.0,77.0,236.5,53.5,42.45,79.8,54.1
44.65,39.7,53.0,82.1,77.5,68.9,12.85,42.25,73.1,31.5,32.6,317.5,157.0,33.9,53.4,311.0,10.7,24.8,31.5,58.9,200.5,73.1,25.55,15.5,24.95,43.35,321.0,416.0,42.0,80.5,67.3,48.0,28.95,363.0,373.5,333.0,49.05,14.8,196.5,38.5,20.05,93.8,24.7,48.25,20.6,124.5,7.29,12.1,19.1,50.4,10.45,22.6,70.0,29.85,326.0,87.8,9.78,47.9,43.8,97.1,85.6,29.85,79.7,237.0,7.4,11.65,96.3,165.5,73.5,26.8,110.0,511.0,288.0,12.35,133.5,66.8,16.65,50.4,10.1,15.35,14.75,,235.0,18.2,29.0,10.6,27.5,9.15,10.9,17.0,18.35,43.2,46.8,9.25,19.4,16.2,24.75,15.45,9.19,13.35,19.5,18.65,230.5,77.0,2035.0,31.15,145.0,58.3,98.7,131.0,27.9,94.6,93.9,12.25,36.95,303.0,17.0,42.3,26.25,68.5,43.1,56.6,,96.0,173.5,41.55,75.5,16.75,11.4,128.0,55.1,80.7,72.6,243.5,199.0,270.5,,,74.9,,,36.15,85.9,201.0,77.0,236.5,53.5,42.4,79.8,54.1
44.65,39.7,53.0,82.1,77.5,68.9,12.85,42.25,73.1,31.45,32.6,317.5,156.5,33.85,53.3,311.0,10.7,24.75,31.5,59.0,200.0,73.3,25.55,15.5,25.0,43.35,321.0,416.0,42.0,80.6,67.4,48.0,28.95,363.0,373.5,332.5,49.05,14.75,196.5,38.5,20.1,93.9,24.75,48.3,20.6,125.0,7.29,12.05,19.15,50.5,10.5,22.6,70.0,29.9,326.0,87.9,9.78,47.95,43.8,97.2,85.6,29.85,79.8,237.0,7.4,11.65,96.3,165.5,73.7,26.85,110.0,511.0,287.5,12.35,133.5,66.8,16.65,50.3,10.1,15.4,14.75,,235.0,18.2,29.0,10.6,27.5,9.16,10.85,17.0,18.35,43.2,46.8,9.25,19.4,16.25,24.75,15.45,9.19,13.35,19.5,18.65,231.0,77.0,2030.0,31.15,145.5,58.2,98.7,130.5,27.9,94.6,93.9,12.25,36.95,303.0,17.0,42.3,26.25,68.5,43.1,56.6,,95.9,173.5,41.55,75.5,16.75,11.35,128.0,55.1,80.7,72.6,243.5,199.0,270.5,,,74.8,,,36.2,85.9,201.0,77.0,236.5,53.5,42.45,79.8,54.1
44.65,39.7,53.0,82.1,77.5,68.9,12.85,42.25,73.0,31.5,32.6,317.5,157.0,33.85,53.3,311.0,10.7,24.75,31.45,59.0,200.5,73.3,25.55,15.5,25.0,43.35,321.0,416.0,42.0,80.5,67.4,48.0,28.95,363.0,372.5,332.5,49.05,14.75,196.5,38.5,20.1,93.8,24.7,48.3,20.65,124.5,7.29,12.1,19.15,50.4,10.45,22.65,70.0,29.9,326.0,87.9,9.78,47.95,43.8,97.2,85.6,29.8,79.7,237.0,7.4,11.65,96.2,165.5,73.7,26.85,110.0,511.0,287.5,12.3,133.5,66.8,16.65,50.4,10.1,15.4,14.75,,235.0,18.25,29.0,10.6,27.5,9.16,10.85,17.0,18.4,43.2,46.85,9.25,19.4,16.2,24.75,15.45,9.19,13.35,19.55,18.6,230.5,77.0,2025.0,31.15,145.5,58.3,98.7,131.0,27.95,94.5,94.0,12.25,36.95,303.0,17.0,42.3,26.25,68.6,43.1,56.5,,95.9,173.5,41.6,75.5,16.8,11.35,128.0,55.1,80.7,72.5,243.5,199.0,270.5,,,74.8,,,36.25,85.9,201.0,77.0,237.0,53.6,42.45,79.9,54.1
44.65,39.7,53.0,82.1,77.4,68.9,12.85,42.2,73.0,31.55,32.6,317.5,157.0,33.85,53.3,311.0,10.7,24.75,31.55,59.0,200.0,73.2,25.6,15.5,25.0,43.35,321.5,417.0,42.0,80.6,67.4,48.0,28.95,363.0,372.0,332.5,49.05,14.8,197.0,38.55,20.1,93.9,24.75,48.3,20.7,125.0,7.29,12.05,19.15,50.4,10.45,22.65,69.9,29.9,325.5,87.9,9.78,47.95,43.8,97.2,85.6,29.85,79.6,237.0,7.4,11.65,96.2,166.0,73.7,26.85,110.0,511.0,287.5,12.35,133.5,66.8,16.7,50.3,10.1,15.4,14.75,,235.0,18.2,28.95,10.6,27.5,9.16,10.9,17.0,18.4,43.2,46.8,9.26,19.4,16.2,24.7,15.4,9.19,13.35,19.55,18.6,231.0,77.0,2025.0,31.15,145.0,58.4,98.7,130.5,27.95,94.5,94.0,12.25,36.95,303.0,16.95,42.25,26.25,68.6,43.1,56.5,,95.9,173.5,41.6,75.5,16.85,11.35,128.0,55.1,80.7,72.5,243.5,199.0,270.5,,,74.8,,,36.2,85.9,201.0,76.9,237.0,53.6,42.5,79.9,54.1
44.65,39.7,53.1,82.1,77.5,68.9,12.85,42.25,73.1,31.55,32.6,317.5,157.0,33.85,53.3,311.0,10.7,24.75,31.5,59.0,200.0,73.2,25.55,15.5,25.0,43.35,321.5,417.5,42.0,80.6,67.4,48.0,29.0,363.0,372.0,332.5,49.0,14.75,196.5,38.5,20.1,93.9,24.7,48.3,20.8,125.0,7.29,12.05,19.15,50.3,10.45,22.65,70.0,29.85,325.5,87.9,9.79,47.95,43.8,97.3,85.7,29.85,79.6,237.0,7.4,11.65,96.3,166.0,73.6,26.85,110.0,511.0,287.5,12.35,133.5,66.8,16.7,50.3,10.1,15.4,14.75,,235.0,18.2,28.95,10.6,27.55,9.17,10.85,17.0,18.4,43.2,46.85,9.26,19.4,16.2,24.75,15.4,9.2,13.35,19.55,18.6,230.5,77.0,2025.0,31.15,145.0,58.3,98.7,131.0,27.95,94.5,94.0,12.25,36.95,303.5,16.95,42.25,26.25,68.5,43.1,56.5,,95.8,174.0,41.6,75.5,16.85,11.35,127.5,55.1,80.7,72.5,243.5,199.0,270.5,,,74.8,,,36.2,85.9,201.0,77.0,237.0,53.7,42.5,79.9,54.0
44.65,39.7,53.1,82.0,77.4,69.0,12.85,42.25,73.1,31.55,32.55,317.0,156.5,33.85,53.1,311.0,10.65,24.7,31.55,59.0,200.0,73.2,25.55,15.5,25.0,43.35,321.5,417.0,42.0,80.5,67.4,48.0,29.0,363.0,372.0,332.0,49.05,14.8,196.5,38.5,20.1,93.8,24.7,48.3,20.9,124.5,7.29,12.05,19.15,50.3,10.45,22.6,69.8,29.85,325.5,87.9,9.78,47.9,43.8,97.3,85.7,29.85,79.6,237.0,7.4,11.65,96.2,166.0,73.5,26.9,110.0,511.0,287.5,12.3,133.5,66.8,16.65,50.3,10.1,15.4,14.75,,235.0,18.2,28.95,10.6,27.5,9.17,10.85,17.0,18.4,43.2,46.8,9.26,19.4,16.25,24.7,15.4,9.19,13.35,19.55,18.65,231.0,77.0,2030.0,31.15,144.5,58.4,98.7,130.5,27.95,94.2,94.0,12.2,36.95,303.0,16.95,42.3,26.25,68.6,43.1,56.4,,95.8,173.5,41.6,75.5,16.8,11.35,128.0,55.1,80.8,72.5,243.5,198.5,270.5,,,74.8,,,36.2,85.9,201.0,77.0,237.0,53.7,42.5,79.9,54.0
44.65,39.75,53.0,82.0,77.5,69.0,12.85,42.25,73.1,31.55,32.55,317.5,157.0,33.9,53.1,312.0,10.65,24.7,31.55,59.0,200.0,73.2,25.6,15.5,25.0,43.35,321.5,417.0,42.0,80.5,67.4,48.0,29.0,363.0,372.0,331.5,49.0,14.75,196.5,38.5,20.05,93.9,24.7,48.3,20.95,124.5,7.29,12.1,19.15,50.4,10.5,22.65,69.8,29.9,326.0,87.9,9.79,47.9,43.8,97.3,85.5,29.85,79.6,237.0,7.4,11.65,96.3,165.5,73.5,26.85,110.0,510.0,287.5,12.35,134.0,66.9,16.65,50.2,10.1,15.4,14.75,,235.0,18.25,29.0,10.6,27.5,9.17,10.9,17.0,18.4,43.25,46.85,9.26,19.35,16.2,24.75,15.45,9.19,13.35,19.55,18.6,230.5,77.0,2035.0,31.15,145.0,58.4,98.8,131.0,28.0,94.2,94.0,12.2,37.0,303.0,16.95,42.3,26.3,68.6,43.05,56.5,,96.0,174.0,41.55,75.4,16.8,11.4,128.0,55.1,80.8,72.5,243.5,198.5,270.5,,,74.9,,,36.2,85.9,201.5,77.0,237.0,53.6,42.5,79.9,54.0
44.65,39.75,53.0,82.0,77.5,69.0,12.85,42.25,73.1,31.5,32.6,317.5,156.5,33.85,53.3,312.0,10.65,24.75,31.55,59.0,199.5,73.2,25.55,15.5,24.95,43.35,321.5,417.0,42.0,80.5,67.5,48.0,29.0,363.0,372.0,331.5,48.95,14.75,196.5,38.5,20.1,93.8,24.75,48.3,20.85,124.5,7.29,12.05,19.2,50.4,10.5,22.65,69.8,29.85,326.0,87.9,9.79,47.9,43.8,97.3,85.5,29.85,79.6,236.5,7.4,11.65,96.2,165.5,73.5,26.85,110.0,511.0,288.0,12.35,133.5,66.9,16.65,50.2,10.1,15.4,14.75,,235.0,18.2,29.0,10.6,27.5,9.17,10.9,17.0,18.35,43.2,46.8,9.27,19.35,16.2,24.75,15.45,9.19,13.35,19.5,18.6,230.5,77.0,2035.0,31.15,145.0,58.4,98.7,131.0,27.95,94.3,94.0,12.2,37.0,303.0,17.0,42.3,26.25,68.5,43.05,56.5,,95.9,173.5,41.6,75.5,16.8,11.35,128.0,55.0,80.9,72.5,243.5,198.5,270.5,,,74.9,,,36.2,85.9,201.5,77.0,237.0,53.6,42.5,79.9,54.0
44.7,39.75,53.0,82.0,77.5,69.0,12.85,42.25,73.0,31.55,32.6,317.5,156.5,33.85,53.3,312.0,10.7,24.75,31.55,59.0,199.5,73.3,25.6,15.55,25.0,43.35,321.5,417.0,42.0,80.6,67.5,48.0,29.0,363.0,372.0,331.5,49.0,14.8,196.5,38.5,20.1,93.9,24.7,48.25,20.9,125.0,7.29,12.1,19.2,50.4,10.5,22.7,69.8,29.85,325.5,88.0,9.78,47.9,43.85,97.3,85.6,29.85,79.6,237.0,7.4,11.65,96.3,166.0,73.5,26.85,109.5,511.0,287.5,12.35,133.5,66.9,16.7,50.4,10.1,15.4,14.75,,235.0,18.2,29.0,10.6,27.5,9.17,10.85,17.0,18.4,43.2,46.85,9.26,19.35,16.2,24.75,15.45,9.19,13.35,19.55,18.65,231.0,77.0,2035.0,31.15,145.0,58.4,98.7,131.0,27.95,94.2,94.0,12.25,37.0,303.0,16.95,42.3,26.25,68.6,43.05,56.5,,95.9,173.5,41.6,75.5,16.8,11.35,128.0,55.1,80.9,72.5,243.5,198.5,270.5,,,74.8,,,36.2,85.9,201.5,77.0,237.0,53.6,42.5,79.8,54.0
44.65,39.75,53.0,82.0,77.5,68.9,12.85,42.25,73.0,31.5,32.6,317.5,156.5,33.85,53.3,312.0,10.7,24.8,31.55,59.0,199.5,73.3,25.6,15.5,25.0,43.35,321.5,417.0,42.0,80.6,67.4,48.0,29.0,363.0,372.0,331.5,49.0,14.75,197.0,38.5,20.1,93.9,24.7,48.2,20.95,125.0,7.29,12.05,19.2,50.4,10.5,22.7,69.9,29.85,325.5,87.9,9.78,47.9,43.85,97.3,85.5,29.85,79.6,237.0,7.4,11.65,96.3,165.5,73.5,26.9,109.5,511.0,287.5,12.35,133.5,66.9,16.65,50.3,10.1,15.4,14.75,,235.0,18.2,28.95,10.6,27.5,9.17,10.85,17.0,18.35,43.2,46.85,9.26,19.4,16.2,24.75,15.45,9.19,13.35,19.55,18.65,231.0,77.0,2035.0,31.15,145.0,58.3,98.7,130.5,27.95,94.3,93.9,12.25,37.0,303.0,17.0,42.3,26.25,68.6,43.0,56.5,,96.0,173.5,41.6,75.5,16.8,11.35,127.5,55.0,80.9,72.5,243.5,198.5,270.5,,,74.9,,,36.25,85.9,201.5,77.0,237.0,53.6,42.5,79.9,54.1
44.65,39.75,53.0,82.0,77.5,68.9,12.85,42.25,73.1,31.55,32.6,317.5,156.5,33.85,53.3,312.0,10.7,24.75,31.55,58.9,200.0,73.3,25.55,15.5,25.0,43.35,321.5,417.0,41.95,80.5,67.5,48.0,29.0,363.0,372.0,331.5,49.0,14.75,196.5,38.45,20.05,93.8,24.7,48.2,20.9,124.5,7.29,12.1,19.2,50.4,10.45,22.7,69.9,29.85,326.0,87.9,9.78,47.95,43.8,97.3,85.5,29.85,79.6,236.5,7.4,11.65,96.3,165.5,73.6,26.9,109.5,511.0,287.5,12.4,134.0,66.9,16.65,50.4,10.15,15.35,14.75,,235.0,18.25,28.95,10.6,27.55,9.17,10.85,17.0,18.35,43.25,46.85,9.26,19.4,16.2,24.7,15.45,9.19,13.35,19.55,18.6,231.0,77.0,2035.0,31.15,145.0,58.3,98.7,130.5,27.85,94.2,93.9,12.2,37.0,302.5,17.0,42.3,26.25,68.6,43.05,56.5,,96.0,173.5,41.6,75.4,16.85,11.35,128.0,55.1,80.9,72.5,243.5,198.5,270.5,,,74.9,,,36.25,86.0,201.0,77.0,236.5,53.5,42.5,79.9,54.1
44.65,39.75,53.0,82.0,77.4,69.0,12.85,42.25,73.0,31.5,32.6,318.0,156.5,33.85,53.2,312.0,10.7,24.75,31.55,58.9,199.5,73.3,25.6,15.5,25.0,43.3,321.5,417.0,41.95,80.5,67.5,48.0,29.0,363.0,372.0,330.5,49.0,14.75,196.5,38.45,20.1,93.9,24.7,48.25,21.0,124.5,7.28,12.05,19.2,50.4,10.5,22.7,69.9,29.85,326.0,87.8,9.78,47.9,43.85,97.2,85.5,29.85,79.5,236.5,7.4,11.6,96.3,165.5,73.5,26.9,109.5,511.0,287.5,12.4,133.5,66.9,16.65,50.3,10.15,15.35,14.75,,235.0,18.2,28.95,10.6,27.55,9.17,10.9,17.0,18.35,43.25,46.85,9.26,19.35,16.2,24.75,15.45,9.19,13.4,19.5,18.6,230.5,76.9,2035.0,31.15,145.0,58.3,98.7,130.5,27.9,94.3,93.9,12.2,37.0,303.0,16.95,42.25,26.25,68.6,43.0,56.5,,95.9,173.5,41.6,75.4,16.8,11.35,128.0,55.1,80.9,72.5,243.5,198.5,270.5,,,74.9,,,36.25,86.1,201.0,77.0,236.5,53.5,42.5,79.9,54.1
44.65,39.7,53.0,82.0,77.5,69.0,12.85,42.3,73.0,31.5,32.6,318.5,156.5,33.85,53.3,312.0,10.65,24.75,31.5,59.0,200.0,73.3,25.55,15.5,25.0,43.3,321.0,417.0,41.95,80.5,67.5,48.0,29.0,362.5,371.5,330.0,49.0,14.75,196.5,38.45,20.1,93.8,24.7,48.25,21.15,125.0,7.28,12.0,19.2,50.4,10.45,22.7,69.9,29.85,325.5,87.7,9.79,47.9,43.85,97.1,85.5,29.85,79.6,236.5,7.21,11.65,96.3,165.5,73.5,26.85,109.5,510.0,287.5,12.35,134.0,66.9,16.65,50.3,10.15,15.35,14.75,,235.0,18.25,28.95,10.55,27.5,9.17,10.9,16.95,18.35,43.25,46.85,9.26,19.4,16.2,24.7,15.4,9.19,13.35,19.5,18.65,231.0,77.0,2035.0,31.15,145.0,58.4,98.6,130.5,27.9,94.3,94.0,12.2,37.0,303.0,17.0,42.25,26.25,68.5,43.0,56.5,,95.9,173.5,41.6,75.4,16.8,11.35,127.5,55.1,80.9,72.5,243.5,198.5,270.5,,,74.9,,,36.25,86.1,201.0,77.0,236.5,53.5,42.5,79.9,54.1
44.65,39.75,53.0,82.0,77.5,69.0,12.8,42.3,73.0,31.55,32.6,318.5,156.5,33.85,53.1,312.0,10.7,24.75,31.55,59.0,199.5,73.3,25.6,15.5,25.0,43.3,321.0,417.0,42.0,80.5,67.5,47.95,29.0,362.5,371.5,330.0,49.0,14.75,196.5,38.4,20.1,93.9,24.7,48.3,21.4,125.0,7.29,12.1,19.2,50.4,10.45,22.65,69.9,29.85,325.5,87.7,9.79,47.9,43.85,97.1,85.5,29.85,79.6,236.5,7.21,11.6,96.2,165.5,73.5,26.85,109.5,511.0,287.5,12.4,134.0,67.0,16.7,50.3,10.1,15.4,14.75,,235.0,18.25,28.95,10.55,27.5,9.17,10.9,16.95,18.35,43.25,46.8,9.26,19.35,16.2,24.7,15.45,9.19,13.35,19.5,18.6,231.0,77.0,2035.0,31.15,145.0,58.4,98.6,130.5,27.9,94.3,94.0,12.2,37.0,302.5,17.0,42.3,26.25,68.5,43.0,56.5,,95.9,173.5,41.55,75.4,16.8,11.35,127.5,55.1,81.0,72.5,243.5,198.5,270.5,,,74.9,,,36.25,86.1,201.0,77.0,237.0,53.5,42.5,79.9,54.0
44.65,39.75,53.0,82.0,77.4,69.0,12.85,42.3,73.0,31.55,32.6,318.5,156.5,33.85,53.1,312.0,10.7,24.75,31.55,58.9,200.0,73.3,25.6,15.5,25.05,43.4,321.0,417.0,42.0,80.6,67.5,48.0,29.0,362.5,371.5,330.0,49.0,14.75,196.5,38.4,20.1,93.9,24.7,48.25,21.4,125.0,7.29,12.05,19.2,50.3,10.45,22.65,70.0,29.9,325.5,87.7,9.77,47.9,43.8,97.1,85.5,29.8,79.6,236.5,7.21,11.65,96.2,166.0,73.5,26.85,109.5,511.0,287.5,12.4,133.5,67.0,16.7,50.3,10.15,15.35,14.75,,235.0,18.2,28.95,10.55,27.5,9.16,10.9,16.95,18.35,43.2,46.85,9.25,19.35,16.2,24.75,15.45,9.19,13.35,19.5,18.6,231.0,77.0,2035.0,31.15,145.0,58.4,98.6,131.0,27.9,94.3,94.0,12.2,37.0,302.0,17.0,42.25,26.2,68.6,43.05,56.5,,95.9,173.5,41.55,75.3,16.8,11.35,127.5,55.1,80.9,72.4,243.5,198.0,270.5,,,74.9,,,36.2,86.1,200.5,77.0,237.0,53.5,42.5,79.9,54.0
44.7,39.75,53.1,82.0,77.5,68.9,12.8,42.3,73.1,31.55,32.6,318.5,156.5,33.85,53.3,312.0,10.7,24.75,31.55,59.0,200.0,73.3,25.6,15.5,25.05,43.4,321.0,417.0,41.95,80.5,67.4,48.0,29.0,362.5,371.5,330.0,49.05,14.8,196.5,38.4,20.1,93.9,24.7,48.3,21.4,125.0,7.29,12.05,19.2,50.3,10.45,22.65,70.0,29.85,325.5,87.8,9.77,47.9,43.85,97.2,85.5,29.8,79.6,236.5,7.21,11.65,96.2,165.5,73.7,26.85,109.5,511.0,287.0,12.4,133.5,67.0,16.7,50.4,10.1,15.45,14.75,,236.0,18.25,28.95,10.55,27.5,9.17,10.9,16.95,18.35,43.2,46.85,9.26,19.35,16.25,24.75,15.45,9.19,13.4,19.55,18.6,231.0,77.0,2035.0,31.15,145.0,58.4,98.6,131.0,27.9,94.4,94.0,12.25,37.0,302.0,17.0,42.3,26.2,68.5,43.05,56.5,,95.9,173.5,41.6,75.4,16.8,11.35,128.0,55.1,80.8,72.4,243.5,198.5,270.5,,,75.0,,,36.2,86.1,200.5,77.0,237.0,53.5,42.5,79.9,54.0
44.65,39.75,53.1,82.0,77.4,68.9,12.85,42.3,73.0,31.55,32.6,319.0,157.0,33.85,53.1,312.0,10.65,24.7,31.55,59.0,199.5,73.3,25.55,15.5,25.1,43.4,321.5,417.0,41.95,80.5,67.5,48.0,29.0,362.5,371.5,330.0,49.05,14.75,196.5,38.35,20.1,93.8,24.7,48.3,21.4,125.0,7.29,12.1,19.2,50.3,10.5,22.65,70.0,29.85,325.5,87.8,9.78,47.85,43.8,97.2,85.5,29.8,79.6,236.5,7.21,11.65,96.2,165.5,73.5,26.9,109.5,511.0,287.0,12.4,134.0,67.0,16.7,50.4,10.1,15.45,14.7,,236.0,18.2,28.95,10.6,27.5,9.17,10.85,16.95,18.35,43.2,46.85,9.26,19.4,16.2,24.7,15.45,9.19,13.4,19.55,18.65,231.0,77.0,2035.0,31.15,144.5,58.4,98.6,130.5,27.9,94.4,94.0,12.25,37.0,302.0,17.0,42.3,26.2,68.5,43.05,56.5,,95.8,173.5,41.6,75.4,16.8,11.35,127.5,55.1,80.8,72.4,243.5,198.0,270.5,,,74.9,,,36.2,86.1,200.5,77.0,237.0,53.5,42.5,79.9,54.0
44.7,39.7,53.1,82.1,77.4,69.0,12.8,42.3,73.1,31.55,32.6,319.0,157.0,33.85,53.1,312.0,10.7,24.75,31.5,59.0,200.5,73.3,25.6,15.5,25.1,43.35,321.5,417.0,41.95,80.6,67.5,48.0,29.0,362.5,371.5,330.0,49.05,14.8,196.5,38.35,20.1,93.9,24.7,48.25,21.4,125.0,7.28,12.05,19.15,50.4,10.5,22.65,69.9,29.9,325.5,87.8,9.78,47.9,43.8,97.1,85.5,29.8,79.6,236.5,7.21,11.65,96.3,165.5,73.5,26.9,109.5,511.0,287.5,12.4,133.5,67.0,16.65,50.4,10.1,15.45,14.75,,236.0,18.2,28.95,10.6,27.5,9.17,10.85,16.95,18.35,43.2,46.85,9.26,19.4,16.25,24.75,15.4,9.19,13.4,19.55,18.65,231.0,77.0,2035.0,31.2,144.5,58.4,98.6,130.5,27.85,94.3,94.0,12.25,37.0,302.0,17.0,42.3,26.2,68.6,43.05,56.5,,95.8,173.5,41.6,75.4,16.8,11.35,127.0,55.1,80.8,72.4,243.5,198.0,270.5,,,74.9,,,36.25,86.1,200.5,77.0,236.5,53.4,42.5,79.9,54.1
44.7,39.75,53.0,82.1,77.4,69.0,12.85,42.3,73.1,31.55,32.6,319.0,157.0,33.9,53.3,312.0,10.7,24.75,31.55,59.0,199.5,73.3,25.55,15.5,25.1,43.35,321.5,417.0,41.95,80.5,67.5,48.0,29.0,362.5,371.5,330.0,49.05,14.7,196.5,38.35,20.1,93.8,24.7,48.3,21.3,124.5,7.28,12.05,19.15,50.3,10.45,22.65,69.9,29.9,325.5,87.8,9.79,47.9,43.8,97.1,85.5,29.8,79.5,236.5,7.21,11.65,96.2,165.5,73.6,26.85,109.5,511.0,287.5,12.4,134.0,66.9,16.65,50.4,10.1,15.4,14.7,,236.0,18.25,28.95,10.55,27.5,9.17,10.85,16.95,18.35,43.25,46.8,9.26,19.4,16.2,24.7,15.45,9.18,13.35,19.5,18.65,231.0,77.0,2035.0,31.2,145.0,58.4,98.7,130.5,27.9,94.3,94.0,12.25,37.0,302.0,17.0,42.3,26.2,68.5,43.05,56.6,,95.8,173.5,41.6,75.3,16.8,11.4,127.0,55.1,80.8,72.5,243.5,198.0,270.5,,,74.9,,,36.25,86.1,200.5,77.0,236.5,53.4,42.5,79.9,54.1
44.65,39.75,53.0,82.1,77.5,69.0,12.85,42.3,73.1,31.55,32.6,319.5,156.5,33.9,53.3,312.0,10.7,24.8,31.55,58.9,199.5,73.3,25.6,15.5,25.1,43.4,321.5,418.0,41.95,80.5,67.5,48.0,29.0,362.5,371.5,330.0,49.05,14.7,196.5,38.35,20.1,93.9,24.75,48.3,21.35,125.0,7.29,12.05,19.2,50.3,10.45,22.65,69.9,29.85,325.5,87.8,9.79,47.9,43.8,97.1,85.5,29.8,79.7,236.5,7.21,11.65,96.2,166.0,73.5,26.85,109.5,511.0,287.0,12.35,133.5,66.9,16.65,50.4,10.1,15.4,14.7,,236.0,18.2,28.95,10.6,27.55,9.17,10.9,16.95,18.4,43.2,46.8,9.26,19.4,16.2,24.75,15.4,9.18,13.35,19.5,18.65,231.0,77.0,2035.0,31.2,145.0,58.4,98.6,130.5,27.85,94.3,94.0,12.25,37.0,302.0,17.0,42.25,26.2,68.5,43.05,56.6,,95.8,173.5,41.6,75.3,16.85,11.4,127.0,55.1,80.8,72.5,243.5,198.0,270.5,,,74.9,,,36.25,86.1,200.5,77.0,236.5,53.4,42.45,79.9,54.1
44.7,39.75,53.1,82.1,77.4,68.9,12.8,42.25,73.0,31.55,32.6,319.5,156.5,33.9,53.2,312.0,10.65,24.8,31.5,59.0,200.0,73.3,25.6,15.5,25.1,43.4,321.0,418.0,41.95,80.5,67.5,47.95,29.0,362.5,371.5,330.0,49.05,14.75,196.5,38.4,20.15,93.9,24.7,48.25,21.3,124.5,7.3,12.05,19.2,50.4,10.5,22.65,69.9,29.9,325.5,87.8,9.79,47.9,43.8,97.0,85.5,29.8,79.7,237.0,7.21,11.65,96.2,166.0,73.8,26.8,109.5,511.0,287.5,12.35,134.0,66.9,16.7,50.4,10.15,15.4,14.75,,236.0,18.25,28.95,10.6,27.5,9.17,10.9,16.95,18.4,43.25,46.8,9.26,19.4,16.25,24.75,15.4,9.18,13.4,19.55,18.65,231.0,77.0,2035.0,31.2,144.5,58.4,98.7,130.5,27.9,94.4,94.0,12.25,37.0,301.5,17.0,42.3,26.2,68.5,43.1,56.6,,95.8,173.5,41.6,75.2,16.85,11.35,127.0,55.1,81.0,72.5,243.5,198.0,270.5,,,74.8,,,36.25,86.1,200.5,77.0,236.5,53.4,42.5,79.9,54.0
44.7,39.75,53.0,82.1,77.4,68.9,12.85,42.25,73.0,31.55,32.6,319.5,156.5,33.85,53.3,312.0,10.65,24.8,31.5,59.0,200.0,73.3,25.55,15.5,25.05,43.4,321.0,418.0,41.95,80.5,67.4,47.95,29.0,362.5,371.5,330.0,49.05,14.75,196.5,38.35,20.1,93.9,24.7,48.2,21.35,124.5,7.3,12.05,19.2,50.4,10.5,22.65,69.8,29.9,325.5,87.8,9.79,47.9,43.8,97.0,85.5,29.8,79.5,237.0,7.21,11.6,96.2,165.5,73.7,26.8,109.5,511.0,287.0,12.35,134.0,66.9,16.65,50.4,10.15,15.45,14.7,,236.0,18.25,28.95,10.6,27.5,9.17,10.9,16.95,18.35,43.2,46.8,9.25,19.4,16.2,24.7,15.4,9.17,13.4,19.5,18.65,231.0,76.9,2035.0,31.2,145.0,58.4,98.7,130.0,27.85,94.5,94.0,12.25,37.0,301.0,16.95,42.25,26.2,68.6,43.05,56.6,,95.9,173.5,41.6,75.2,16.85,11.35,127.0,55.1,80.8,72.5,243.5,198.0,270.5,,,74.9,,,36.2,86.1,200.5,77.0,236.5,53.4,42.4,79.8,54.0
44.65,39.7,53.0,82.1,77.4,68.9,12.85,42.25,73.0,31.6,32.6,319.0,156.5,33.85,53.2,312.0,10.65,24.8,31.5,58.9,200.5,73.3,25.55,15.5,25.1,43.4,321.0,418.0,41.95,80.5,67.5,47.95,29.0,362.5,371.5,330.0,49.05,14.75,196.5,38.35,20.1,93.9,24.7,48.25,21.3,125.0,7.3,12.05,19.2,50.4,10.5,22.65,69.9,29.9,325.5,87.8,9.79,47.9,43.8,97.1,85.4,29.8,79.5,236.5,7.21,11.6,96.3,165.0,73.8,26.8,109.5,510.0,287.0,12.35,134.0,66.9,16.65,50.4,10.1,15.45,14.75,,236.0,18.25,28.95,10.55,27.55,9.17,10.9,16.95,18.35,43.25,46.8,9.25,19.35,16.25,24.75,15.45,9.17,13.35,19.5,18.65,231.0,77.0,2035.0,31.2,144.5,58.4,98.8,129.5,27.9,94.5,94.0,12.2,37.0,301.0,16.95,42.25,26.2,68.5,43.1,56.6,,95.9,173.5,41.6,75.2,16.8,11.35,127.5,55.1,80.8,72.5,243.5,198.0,270.5,,,74.8,,,36.2,86.1,200.5,77.0,236.5,53.4,42.4,79.8,54.0
44.65,39.7,53.0,82.1,77.5,68.9,12.85,42.25,73.0,31.55,32.6,319.0,156.5,33.85,53.3,311.5,10.65,24.8,31.5,58.9,200.5,73.3,25.55,15.5,25.1,43.35,321.0,418.0,41.95,80.6,67.5,47.95,29.0,362.5,371.5,330.0,49.05,14.7,197.0,38.35,20.1,93.8,24.7,48.2,21.3,124.5,7.3,12.05,19.2,50.4,10.5,22.65,69.9,29.85,325.5,87.8,9.77,47.9,43.8,97.1,85.5,29.8,79.5,237.0,7.21,11.65,96.3,165.0,73.7,26.85,109.5,510.0,287.0,12.4,133.5,67.0,16.65,50.4,10.1,15.4,14.75,,236.0,18.2,28.95,10.55,27.5,9.17,10.9,16.95,18.35,43.2,46.75,9.25,19.4,16.2,24.7,15.45,9.17,13.35,19.55,18.6,231.0,77.0,2035.0,31.2,144.5,58.4,98.7,129.0,27.85,94.5,94.0,12.2,37.0,301.0,16.95,42.25,26.2,68.5,43.1,56.6,,95.9,173.5,41.55,75.3,16.8,11.35,127.0,55.1,80.8,72.5,243.5,198.0,270.5,,,74.8,,,36.25,86.1,200.5,77.0,236.5,53.4,42.4,79.8,54.0
44.7,39.65,53.0,82.1,77.5,68.9,12.8,42.25,73.1,31.55,32.6,318.5,156.5,33.85,53.3,311.0,10.65,24.75,31.55,59.0,200.0,73.3,25.6,15.5,25.15,43.4,321.0,418.0,42.0,80.5,67.4,47.95,29.0,362.5,371.5,330.0,49.05,14.75,197.0,38.35,20.15,93.9,24.75,48.2,21.35,125.0,7.29,12.05,19.2,50.3,10.5,22.65,69.9,29.9,325.5,87.8,9.77,47.9,43.8,97.0,85.4,29.85,79.5,237.0,7.21,11.65,96.2,165.5,73.7,26.85,109.5,510.0,287.5,12.4,134.0,67.0,16.7,50.4,10.1,15.4,14.75,,236.0,18.2,28.95,10.55,27.55,9.17,10.9,16.95,18.35,43.2,46.75,9.25,19.4,16.2,24.7,15.4,9.17,13.35,19.55,18.65,231.0,77.0,2035.0,31.1,145.0,58.4,98.7,129.0,27.9,94.5,94.0,12.2,37.0,301.5,16.95,42.25,26.2,68.5,43.2,56.6,,95.9,173.5,41.55,75.3,16.8,11.35,127.0,55.1,80.8,72.6,243.5,198.0,270.5,,,74.8,,,36.15,86.1,200.5,77.0,236.5,53.4,42.4,79.8,54.0
44.65,39.6,53.0,82.1,77.5,68.9,12.85,42.25,73.0,31.6,32.6,318.5,156.5,33.85,53.3,310.5,10.65,24.75,31.5,58.9,199.5,73.3,25.6,15.5,25.15,43.35,321.0,418.0,42.0,80.5,67.4,48.0,29.0,362.5,371.5,329.5,49.05,14.75,197.0,38.4,20.15,93.9,24.7,48.2,21.3,125.0,7.29,12.05,19.15,50.3,10.5,22.6,69.9,29.85,325.5,87.7,9.78,47.9,43.8,97.0,85.4,29.85,79.5,237.0,7.21,11.65,96.2,165.0,73.7,26.85,109.5,510.0,287.5,12.45,133.5,66.9,16.7,50.5,10.1,15.4,14.75,,236.0,18.2,28.95,10.55,27.55,9.17,10.9,16.95,18.35,43.2,46.75,9.25,19.4,16.2,24.75,15.45,9.16,13.35,19.5,18.65,231.0,76.9,2035.0,31.1,145.0,58.4,98.7,129.5,27.85,94.5,94.0,12.25,37.0,301.5,16.95,42.25,26.2,68.6,43.1,56.6,,95.8,173.5,41.6,75.3,16.8,11.35,127.0,55.1,80.8,72.6,243.5,198.0,271.0,,,74.8,,,36.15,86.1,200.5,77.0,236.5,53.4,42.45,79.8,54.0
44.65,39.7,53.0,82.1,77.5,68.9,12.85,42.25,73.1,31.55,32.65,318.5,156.5,33.85,53.3,310.5,10.65,24.75,31.5,59.0,199.5,73.3,25.55,15.5,25.2,43.35,321.0,418.0,41.95,80.6,67.4,48.0,29.0,362.5,371.5,329.5,49.1,14.75,197.0,38.4,20.1,93.9,24.65,48.25,21.3,125.0,7.28,12.05,19.15,50.3,10.5,22.65,69.9,29.9,325.5,87.6,9.78,47.9,43.85,97.0,85.4,29.8,79.5,237.0,7.21,11.65,96.2,165.0,73.7,26.85,109.5,509.0,287.0,12.4,133.5,67.0,16.7,50.4,10.15,15.4,14.7,,236.0,18.2,28.95,10.6,27.55,9.17,10.9,16.95,18.35,43.2,46.8,9.26,19.4,16.2,24.7,15.4,9.17,13.35,19.5,18.65,231.0,77.0,2035.0,31.1,145.0,58.4,98.7,128.5,27.9,94.6,94.0,12.2,37.0,301.5,17.0,42.25,26.2,68.5,43.1,56.6,,95.8,173.5,41.55,75.2,16.8,11.35,127.0,55.1,80.8,72.5,243.5,198.0,271.0,,,74.9,,,36.2,86.1,200.5,77.0,236.5,53.5,42.45,79.8,54.0
44.65,39.6,53.0,82.1,77.4,69.0,12.8,42.25,73.1,31.55,32.65,318.5,157.0,33.9,53.2,310.5,10.7,24.75,31.5,59.0,199.5,73.2,25.55,15.5,25.2,43.4,321.5,417.0,41.95,80.5,67.3,48.0,29.0,362.5,371.5,329.5,49.0,14.75,197.0,38.35,20.1,93.8,24.65,48.2,21.3,124.5,7.28,12.0,19.2,50.4,10.5,22.65,69.9,29.9,325.5,87.7,9.78,47.9,43.85,97.0,85.4,29.8,79.5,237.0,7.21,11.6,96.2,165.0,73.8,26.8,109.5,510.0,287.5,12.4,133.5,67.0,16.65,50.4,10.1,15.4,14.75,,236.0,18.2,28.95,10.55,27.55,9.17,10.9,16.95,18.35,43.2,46.8,9.25,19.35,16.2,24.7,15.45,9.17,13.35,19.5,18.65,231.0,77.0,2035.0,31.1,145.0,58.4,98.7,128.0,27.85,94.6,94.0,12.2,37.0,302.0,17.0,42.25,26.2,68.5,43.1,56.6,,95.9,173.5,41.55,75.2,16.8,11.35,127.5,55.1,80.8,72.5,243.5,198.0,271.0,,,74.9,,,36.15,86.1,200.5,77.0,236.5,53.4,42.5,79.8,53.9
44.65,39.6,53.0,82.1,77.5,68.9,12.85,42.25,73.1,31.6,32.65,318.5,157.0,33.85,53.2,310.5,10.7,24.75,31.55,59.0,199.5,73.2,25.55,15.5,25.25,43.4,321.5,417.0,41.95,80.5,67.3,48.0,29.0,362.5,371.5,329.5,49.0,14.7,196.5,38.45,20.15,93.8,24.7,48.2,21.3,125.0,7.28,12.0,19.2,50.4,10.5,22.65,69.9,29.9,325.5,87.7,9.79,47.9,43.85,97.0,85.5,29.8,79.5,237.0,7.21,11.6,96.2,165.0,73.9,26.8,109.5,510.0,287.5,12.4,133.5,66.9,16.65,50.3,10.1,15.4,14.75,,236.0,18.2,28.95,10.55,27.55,9.17,10.9,16.95,18.35,43.2,46.8,9.25,19.4,16.2,24.75,15.45,9.17,13.35,19.5,18.65,230.5,77.0,2035.0,31.15,145.0,58.4,98.7,128.0,27.9,94.6,94.0,12.2,37.0,302.5,16.95,42.3,26.2,68.5,43.1,56.6,,95.9,173.5,41.55,75.2,16.8,11.35,127.5,55.1,80.9,72.5,244.5,198.0,271.0,,,74.9,,,36.15,86.1,200.5,77.0,236.5,53.4,42.5,79.8,53.9
44.65,39.7,53.0,82.0,77.5,68.9,12.85,42.25,73.0,31.6,32.65,318.5,157.0,33.85,53.2,310.5,10.7,24.75,31.55,58.9,199.5,73.2,25.55,15.5,25.25,43.4,321.5,417.0,41.95,80.6,67.3,48.0,29.0,362.5,371.5,329.5,49.0,14.7,197.0,38.4,20.15,93.8,24.65,48.2,21.25,124.5,7.28,12.0,19.2,50.3,10.5,22.65,70.0,29.9,325.5,87.7,9.79,47.9,43.85,97.0,85.4,29.8,79.5,237.5,7.21,11.65,96.2,165.0,73.9,26.8,109.5,510.0,287.0,12.45,133.5,66.9,16.65,50.3,10.15,15.4,14.75,,236.0,18.2,28.95,10.55,27.55,9.17,10.85,16.95,18.35,43.2,46.75,9.25,19.35,16.2,24.75,15.4,9.18,13.35,19.55,18.65,230.5,77.0,2035.0,31.15,145.0,58.3,98.7,128.0,27.9,94.6,94.0,12.2,37.0,302.0,16.95,42.25,26.2,68.5,43.1,56.6,,95.9,173.5,41.6,75.1,16.8,11.35,127.5,55.0,80.9,72.5,244.5,198.0,271.0,,,74.8,,,36.2,86.2,200.5,77.0,236.5,53.4,42.5,79.8,53.9
44.7,39.7,53.0,82.0,77.5,68.9,12.85,42.25,73.1,31.55,32.65,318.5,157.0,33.85,53.3,310.5,10.7,24.75,31.55,59.0,199.5,73.2,25.55,15.5,25.2,43.35,321.5,417.0,41.95,80.5,67.3,48.0,29.0,362.5,371.5,329.5,49.0,14.75,196.5,38.4,20.1,93.9,24.65,48.25,21.3,124.5,7.28,12.05,19.2,50.3,10.5,22.65,69.9,29.85,325.5,87.7,9.79,47.9,43.85,97.1,85.5,29.8,79.5,237.5,7.21,11.6,96.2,165.0,73.9,26.8,109.5,510.0,287.0,12.4,134.0,66.9,16.65,50.3,10.1,15.4,14.75,,236.0,18.25,28.95,10.55,27.55,9.17,10.9,16.95,18.35,43.2,46.8,9.25,19.35,16.2,24.7,15.45,9.18,13.35,19.5,18.65,230.5,77.0,2040.0,31.15,145.0,58.3,98.8,128.5,27.9,94.6,94.0,12.2,37.0,302.5,17.0,42.3,26.2,68.6,43.1,56.6,,95.8,174.0,41.6,75.1,16.8,11.35,127.0,55.0,80.9,72.5,244.5,198.0,271.0,,,74.8,,,36.2,86.2,200.5,77.0,236.0,53.4,42.5,79.8,53.9
44.65,39.7,53.1,82.0,77.5,69.0,12.85,42.25,73.0,31.55,32.65,318.0,157.0,33.85,53.3,310.5,10.7,24.75,31.55,58.9,199.5,73.2,25.55,15.5,25.2,43.4,321.5,417.0,41.95,80.5,67.3,47.95,29.0,362.5,371.5,329.5,49.0,14.7,196.5,38.4,20.15,93.9,24.65,48.25,21.35,124.5,7.28,12.05,19.2,50.4,10.45,22.65,69.9,29.85,325.0,87.7,9.79,47.9,43.85,97.1,85.5,29.8,79.6,237.0,7.21,11.65,96.2,165.0,74.0,26.85,109.0,511.0,287.0,12.4,133.5,66.8,16.65,50.3,10.1,15.4,14.7,,236.0,18.2,28.95,10.6,27.55,9.17,10.9,16.95,18.35,43.2,46.75,9.25,19.4,16.2,24.75,15.4,9.18,13.4,19.55,18.65,230.5,77.0,2040.0,31.15,145.0,58.4,98.7,128.5,27.9,94.6,94.0,12.2,37.0,302.5,16.95,42.3,26.2,68.5,43.1,56.5,,95.8,173.5,41.6,75.1,16.8,11.35,127.0,55.0,80.8,72.4,244.5,198.0,271.0,,,74.8,,,36.2,86.2,200.5,77.0,236.0,53.5,42.5,79.8,53.9
44.65,39.7,53.1,82.0,77.5,69.0,12.9,42.25,73.0,31.55,32.65,318.0,157.0,33.85,53.3,310.5,10.7,24.75,31.5,59.0,199.5,73.2,25.55,15.5,25.2,43.4,321.5,417.0,41.95,80.5,67.3,47.95,29.0,362.5,371.0,329.5,49.0,14.7,196.5,38.4,20.1,93.9,24.65,48.25,21.3,125.0,7.28,12.05,19.15,50.4,10.45,22.65,69.9,29.9,325.0,87.7,9.79,47.95,43.85,97.0,85.5,29.8,79.6,237.0,7.21,11.6,96.2,165.0,73.8,26.8,109.0,511.0,287.0,12.45,133.5,66.8,16.65,50.4,10.1,15.4,14.75,,236.0,18.2,28.95,10.6,27.55,9.17,10.9,16.95,18.35,43.2,46.75,9.26,19.4,16.2,24.7,15.45,9.17,13.35,19.5,18.65,230.5,76.9,2035.0,31.15,145.0,58.3,98.8,128.5,27.9,94.6,94.0,12.2,37.0,302.5,16.95,42.25,26.2,68.6,43.1,56.5,,95.7,174.0,41.6,75.1,16.8,11.35,127.0,55.0,80.9,72.4,245.0,198.0,271.0,,,74.8,,,36.2,86.2,200.5,77.0,236.0,53.4,42.45,79.8,53.9
44.65,39.7,53.1,82.0,77.5,68.9,12.85,42.25,73.0,31.6,32.65,318.0,156.5,33.85,53.3,310.5,10.7,24.75,31.5,59.0,199.5,73.2,25.55,15.5,25.25,43.4,321.5,417.0,41.95,80.5,67.3,48.0,29.0,362.5,371.0,329.5,49.0,14.75,196.5,38.45,20.1,93.9,24.65,48.25,21.3,124.5,7.29,12.05,19.15,50.3,10.45,22.65,69.9,29.9,325.0,87.7,9.79,47.95,43.85,97.0,85.5,29.8,79.5,237.0,7.21,11.65,96.3,165.0,74.0,26.8,109.0,511.0,287.0,12.4,133.5,66.8,16.65,50.4,10.15,15.4,14.7,,236.0,18.25,28.95,10.6,27.55,9.17,10.9,16.95,18.35,43.2,46.75,9.25,19.4,16.2,24.7,15.45,9.17,13.4,19.5,18.6,230.5,77.0,2035.0,31.15,145.0,58.4,98.7,128.5,27.9,94.6,94.0,12.2,37.0,302.5,17.0,42.3,26.2,68.5,43.1,56.5,,95.7,173.5,41.55,75.1,16.85,11.35,127.0,55.1,80.9,72.4,245.0,198.0,271.0,,,74.9,,,36.2,86.2,201.0,77.0,236.0,53.4,42.45,79.8,54.0
44.65,39.65,53.0,82.0,77.5,68.9,12.85,42.25,73.0,31.6,32.65,318.0,157.0,33.85,53.2,310.5,10.7,24.8,31.45,59.1,199.0,73.2,25.55,15.5,25.25,43.4,321.5,417.0,41.95,80.6,67.4,48.0,28.95,362.5,371.0,329.5,49.0,14.7,196.5,38.45,20.15,93.9,24.65,48.25,21.3,124.5,7.28,12.0,19.2,50.4,10.45,22.65,69.8,29.9,325.5,87.7,9.79,47.85,43.85,97.0,85.5,29.8,79.5,237.0,7.21,11.65,96.2,165.0,74.0,26.8,109.0,510.0,287.0,12.45,133.5,67.0,16.65,50.3,10.15,15.35,14.7,,236.0,18.25,28.95,10.6,27.55,9.17,10.9,16.95,18.35,43.2,46.75,9.25,19.4,16.2,24.7,15.4,9.17,13.35,19.5,18.6,230.5,77.0,2035.0,31.15,144.5,58.3,98.7,128.5,27.95,94.6,94.0,12.2,37.0,302.5,17.0,42.3,26.2,68.6,43.1,56.5,,95.7,173.5,41.6,75.2,16.8,11.35,127.5,55.0,81.0,72.4,245.0,198.0,271.0,,,74.8,,,36.15,86.2,201.0,77.0,236.0,53.4,42.55,79.8,53.9
44.7,39.6,53.0,82.0,77.5,69.0,12.85,42.25,73.1,31.55,32.65,318.0,157.0,33.85,53.2,310.5,10.65,24.75,31.45,59.1,199.0,73.2,25.55,15.5,25.25,43.4,321.5,416.0,42.0,80.5,67.4,47.95,29.0,362.5,371.0,329.5,49.0,14.75,196.5,38.45,20.1,93.8,24.7,48.25,21.3,125.0,7.28,12.0,19.2,50.4,10.5,22.65,69.9,29.85,325.5,87.7,9.78,47.9,43.85,97.0,85.5,29.85,79.5,237.0,7.21,11.6,96.3,165.0,74.2,26.8,109.0,511.0,287.5,12.45,133.5,67.0,16.65,50.4,10.15,15.35,14.7,,235.0,18.25,28.95,10.6,27.55,9.17,10.9,16.95,18.35,43.25,46.7,9.25,19.4,16.2,24.7,15.45,9.17,13.4,19.5,18.6,231.0,77.0,2035.0,31.15,145.0,58.4,98.8,129.0,27.95,94.6,94.0,12.2,37.0,302.0,17.0,42.3,26.2,68.6,43.1,56.5,,95.6,173.5,41.55,75.2,16.8,11.35,127.0,55.0,80.8,72.3,245.5,198.0,271.0,,,74.8,,,36.2,86.2,200.5,77.0,236.0,53.3,42.55,79.8,53.9
44.65,39.6,53.0,82.0,77.5,68.9,12.85,42.25,73.1,31.6,32.65,317.5,157.0,33.85,53.2,310.5,10.7,24.75,31.5,59.0,199.0,73.2,25.55,15.5,25.25,43.35,321.5,416.0,42.0,80.5,67.4,48.0,29.0,362.5,371.0,329.5,49.0,14.75,197.0,38.45,20.2,93.8,24.7,48.2,21.3,125.0,7.28,12.0,19.2,50.3,10.5,22.65,69.9,29.85,325.5,87.7,9.78,47.9,43.85,97.0,85.5,29.8,79.6,237.0,7.21,11.65,96.2,165.0,73.8,26.8,109.0,511.0,287.0,12.4,133.5,67.0,16.65,50.4,10.1,15.35,14.7,,236.0,18.25,28.95,10.6,27.6,9.17,10.85,16.95,18.4,43.2,46.7,9.26,19.4,16.2,24.7,15.45,9.17,13.4,19.5,18.6,230.5,77.0,2035.0,31.15,145.0,58.4,98.8,129.0,27.9,94.6,94.0,12.2,37.0,302.0,17.0,42.3,26.2,68.5,43.1,56.5,,95.7,173.5,41.55,75.1,16.8,11.35,127.5,55.0,80.9,72.3,245.5,198.0,271.0,,,74.8,,,36.2,86.2,201.0,77.0,236.0,53.3,42.55,79.8,53.9
44.65,39.7,53.0,82.0,77.4,68.9,12.85,42.25,73.1,31.55,32.65,318.0,157.0,33.8,53.2,310.5,10.65,24.75,31.5,59.0,199.5,73.2,25.55,15.5,25.3,43.35,321.0,416.0,42.0,80.5,67.3,47.95,29.0,362.5,371.0,329.5,49.0,14.75,196.5,38.45,20.2,93.9,24.65,48.25,21.3,124.5,7.27,12.0,19.2,50.4,10.5,22.65,69.9,29.9,325.5,87.6,9.78,47.85,43.85,97.1,85.6,29.8,79.5,237.0,7.21,11.65,96.2,165.0,74.0,26.85,109.0,511.0,287.0,12.4,133.5,67.0,16.65,50.4,10.1,15.4,14.7,,236.0,18.25,28.95,10.6,27.55,9.17,10.85,16.95,18.4,43.2,46.7,9.25,19.35,16.15,24.7,15.4,9.18,13.4,19.55,18.65,230.5,77.0,2035.0,31.15,145.0,58.4,98.7,128.5,27.9,94.6,94.0,12.2,37.0,302.0,17.0,42.3,26.2,68.5,43.05,56.4,,95.6,173.5,41.55,75.1,16.8,11.35,127.5,55.0,80.9,72.3,245.5,197.5,271.0,,,74.8,,,36.2,86.2,201.0,77.0,236.0,53.3,42.5,79.8,53.9
44.65,39.7,53.0,82.1,77.4,68.9,12.85,42.2,73.1,31.5,32.65,318.0,157.0,33.8,53.2,310.5,10.65,24.75,31.5,59.0,199.5,73.2,25.55,15.5,25.25,43.35,321.0,416.0,42.0,80.5,67.3,47.95,29.0,362.5,371.0,329.5,48.95,14.75,196.5,38.45,20.2,93.9,24.7,48.2,21.35,125.0,7.27,11.95,19.2,50.3,10.5,22.65,69.9,29.9,325.5,87.6,9.78,47.9,43.85,97.0,85.6,29.8,79.5,237.0,7.21,11.6,96.2,165.0,74.0,26.85,109.0,511.0,287.0,12.4,133.5,67.0,16.7,50.4,10.1,15.4,14.7,,236.0,18.25,28.95,10.6,27.55,9.17,10.9,16.95,18.4,43.2,46.7,9.25,19.35,16.2,24.7,15.4,9.17,13.4,19.5,18.6,231.0,77.0,2035.0,31.15,145.0,58.4,98.7,129.0,27.9,94.5,93.9,12.2,37.0,302.0,17.0,42.25,26.2,68.5,43.1,56.4,,95.6,173.5,41.55,75.1,16.8,11.35,127.5,55.1,81.0,72.3,245.5,197.5,271.0,,,74.8,,,36.2,86.2,201.0,77.0,236.0,53.2,42.5,79.8,53.9
44.65,39.7,53.1,82.1,77.5,69.0,12.8,42.2,73.1,31.5,32.65,318.0,157.0,33.8,53.2,311.0,10.65,24.75,31.5,59.1,199.0,73.2,25.55,15.5,25.25,43.4,321.5,416.0,42.0,80.6,67.3,47.95,29.0,362.5,371.0,329.5,49.0,14.7,196.5,38.4,20.15,93.9,24.65,48.1,21.35,125.0,7.27,11.95,19.2,50.4,10.5,22.65,69.9,29.85,325.5,87.6,9.78,47.85,43.85,97.0,85.5,29.8,79.5,237.0,7.21,11.65,96.2,165.0,73.9,26.8,109.0,510.0,287.0,12.4,133.5,67.0,16.65,50.4,10.1,15.4,14.75,,236.0,18.2,28.95,10.6,27.55,9.17,10.9,16.95,18.4,43.2,46.7,9.25,19.35,16.15,24.7,15.4,9.17,13.4,19.5,18.6,230.5,77.0,2035.0,31.1,145.0,58.4,98.7,129.0,27.95,94.5,93.9,12.2,37.0,302.0,17.0,42.25,26.25,68.5,43.1,56.4,,95.6,173.5,41.55,75.0,16.8,11.35,127.5,55.0,81.0,72.3,245.5,197.5,271.0,,,74.8,,,36.2,86.2,201.0,77.0,236.0,53.2,42.5,79.8,53.9
44.65,39.75,53.1,82.0,77.5,68.9,12.85,42.2,73.0,31.55,32.65,317.0,157.0,33.8,53.2,311.0,10.7,24.75,31.5,59.0,199.0,73.2,25.55,15.5,25.25,43.4,321.0,416.0,42.0,80.5,67.3,48.0,28.95,362.5,371.0,329.5,49.0,14.7,196.5,38.4,20.2,93.9,24.65,48.15,21.35,124.5,7.28,11.9,19.2,50.3,10.45,22.65,69.8,29.85,325.5,87.6,9.78,47.9,43.85,97.1,85.5,29.8,79.5,237.0,7.21,11.6,96.2,165.0,73.9,26.85,109.0,510.0,287.5,12.4,133.5,67.0,16.7,50.5,10.1,15.4,14.75,,236.0,18.2,28.95,10.6,27.55,9.17,10.85,16.95,18.4,43.15,46.7,9.26,19.4,16.2,24.75,15.45,9.17,13.35,19.55,18.6,231.0,77.0,2030.0,31.05,144.5,58.4,98.8,129.0,27.9,94.4,93.9,12.2,37.0,302.5,17.0,42.25,26.25,68.5,43.1,56.5,,95.6,173.5,41.55,75.0,16.8,11.35,127.5,55.0,80.9,72.2,245.0,197.5,271.0,,,74.8,,,36.2,86.2,201.0,77.0,236.0,53.2,42.5,79.8,54.0
44.65,39.7,53.0,82.0,77.4,68.9,12.85,42.2,73.0,31.6,32.65,317.0,156.5,33.8,53.1,311.0,10.7,24.75,31.5,59.1,199.0,73.4,25.55,15.5,25.3,43.35,321.0,416.0,41.95,80.5,67.3,48.0,29.0,362.5,371.0,329.5,49.0,14.75,196.5,38.4,20.2,93.7,24.7,48.15,21.3,125.0,7.28,11.9,19.2,50.3,10.45,22.7,69.8,29.85,325.5,87.7,9.78,47.85,43.85,97.1,85.5,29.8,79.5,237.0,7.21,11.65,96.2,165.0,74.0,26.8,109.0,510.0,287.0,12.4,133.5,67.0,16.7,50.3,10.1,15.4,14.75,,236.0,18.2,28.95,10.6,27.55,9.17,10.9,16.95,18.35,43.2,46.7,9.25,19.35,16.2,24.7,15.45,9.17,13.35,19.5,18.6,230.5,77.1,2030.0,31.05,145.0,58.4,98.7,129.0,27.95,94.5,93.9,12.2,37.0,302.5,17.0,42.3,26.2,68.5,43.05,56.4,,95.7,173.5,41.55,75.1,16.8,11.35,127.5,55.1,80.9,72.3,245.0,197.5,271.0,,,74.8,,,36.2,86.2,201.0,77.0,236.5,53.2,42.5,79.8,54.0
44.7,39.75,53.0,82.0,77.5,68.9,12.85,42.2,73.1,31.5,32.65,317.0,156.5,33.8,53.1,311.0,10.7,24.8,31.45,59.0,198.5,73.4,25.5,15.5,25.25,43.35,320.5,416.0,41.95,80.5,67.3,48.0,29.0,362.5,371.0,329.5,49.0,14.75,196.5,38.4,20.2,93.7,24.7,48.15,21.35,124.5,7.27,11.9,19.2,50.3,10.45,22.65,69.8,29.85,325.5,87.7,9.78,47.85,43.8,97.1,85.6,29.8,79.5,237.0,7.21,11.65,96.2,165.0,74.0,26.85,109.5,511.0,286.5,12.4,133.5,67.0,16.75,50.4,10.1,15.4,14.7,,236.0,18.25,28.95,10.6,27.55,9.17,10.9,16.95,18.35,43.15,46.65,9.25,19.35,16.25,24.7,15.45,9.17,13.35,19.5,18.6,230.5,76.9,2025.0,31.05,145.0,58.4,98.7,129.0,27.9,94.5,93.9,12.2,36.95,302.5,17.05,42.25,26.2,68.6,43.05,56.5,,95.5,173.5,41.55,75.1,16.8,11.35,127.0,55.1,80.9,72.3,244.5,197.5,271.0,,,74.8,,,36.2,86.2,201.0,77.0,236.5,53.2,42.45,79.8,54.0
44.7,39.75,53.0,82.0,77.5,69.0,12.85,42.2,73.1,31.55,32.65,318.0,156.5,33.85,53.1,310.5,10.7,24.75,31.5,59.1,199.0,73.4,25.55,15.5,25.25,43.4,320.5,416.0,41.95,80.5,67.3,48.0,29.0,362.5,371.0,329.0,49.0,14.8,196.5,38.4,20.25,93.8,24.7,48.15,21.35,125.0,7.27,11.9,19.2,50.4,10.45,22.6,69.9,29.85,325.5,87.8,9.78,47.85,43.8,97.1,85.5,29.8,79.6,237.0,7.21,11.65,96.3,165.0,73.9,26.8,109.5,511.0,286.5,12.4,133.5,66.9,16.7,50.4,10.1,15.4,14.7,,236.0,18.2,28.95,10.6,27.5,9.16,10.9,16.95,18.35,43.15,46.7,9.25,19.4,16.25,24.7,15.45,9.17,13.4,19.55,18.6,230.5,77.0,2025.0,31.05,145.0,58.4,98.7,129.0,27.9,94.5,93.9,12.2,36.95,302.5,17.0,42.3,26.2,68.5,43.05,56.5,,95.5,173.5,41.55,75.1,16.8,11.35,127.5,55.0,80.9,72.3,244.5,197.5,270.5,,,74.8,,,36.2,86.2,201.0,77.0,236.5,53.2,42.45,79.8,53.9
44.65,39.75,53.1,82.1,77.5,68.9,12.85,42.2,73.1,31.55,32.7,318.5,156.5,33.8,53.0,310.5,10.65,24.75,31.5,59.1,198.5,73.4,25.55,15.5,25.25,43.4,320.5,416.0,41.95,80.5,67.3,48.0,29.0,362.5,371.0,329.0,49.1,14.75,197.0,38.4,20.2,93.8,24.7,48.15,21.35,125.0,7.28,11.9,19.2,50.4,10.45,22.65,69.9,29.8,325.5,87.8,9.78,47.9,43.8,97.2,85.5,29.75,79.5,237.0,7.21,11.65,96.2,165.0,74.0,26.85,109.5,511.0,286.5,12.4,133.5,67.0,16.7,50.3,10.1,15.4,14.75,,236.5,18.2,28.95,10.6,27.5,9.17,10.9,16.95,18.4,43.15,46.7,9.24,19.4,16.2,24.7,15.4,9.18,13.4,19.5,18.65,231.0,77.0,2030.0,31.05,145.0,58.4,98.8,129.0,27.9,94.5,93.9,12.2,37.0,302.0,17.0,42.3,26.2,68.5,43.1,56.5,,95.6,173.5,41.6,75.1,16.8,11.35,127.5,55.0,80.9,72.3,244.5,197.5,270.5,,,74.8,,,36.2,86.2,201.0,77.0,236.5,53.2,42.45,79.8,53.9
44.7,39.7,53.1,82.0,77.4,68.9,12.85,42.2,73.1,31.55,32.65,318.5,156.5,33.8,53.1,310.5,10.7,24.75,31.55,59.1,198.5,73.4,25.55,15.5,25.25,43.4,320.5,416.0,41.95,80.5,67.3,47.95,28.95,362.5,371.0,328.5,49.1,14.75,197.0,38.4,20.2,93.8,24.7,48.2,21.35,125.0,7.28,11.9,19.15,50.3,10.45,22.65,70.0,29.8,325.5,87.8,9.78,47.9,43.85,97.2,85.5,29.8,79.6,237.0,7.21,11.65,96.3,165.0,74.0,26.9,109.5,511.0,286.5,12.4,133.0,66.9,16.7,50.3,10.1,15.35,14.7,,236.5,18.2,28.95,10.6,27.5,9.17,10.9,16.95,18.4,43.15,46.7,9.25,19.4,16.2,24.7,15.45,9.17,13.35,19.5,18.6,231.0,77.0,2030.0,31.05,145.0,58.4,98.7,129.0,27.85,94.5,93.9,12.2,37.0,302.5,17.0,42.3,26.2,68.5,43.1,56.5,,95.6,173.5,41.55,75.0,16.8,11.35,127.5,55.1,81.0,72.4,244.5,197.5,270.5,,,74.9,,,36.2,86.2,201.0,77.0,236.5,53.2,42.4,79.8,54.0
44.7,39.6,53.0,82.0,77.5,68.9,12.85,42.2,73.0,31.55,32.65,318.5,157.0,33.8,53.1,310.5,10.65,24.75,31.5,59.0,198.0,73.4,25.55,15.5,25.2,43.35,321.0,416.0,41.95,80.5,67.3,48.0,28.95,362.5,370.5,328.5,49.1,14.75,197.0,38.4,20.2,93.9,24.65,48.2,21.35,124.5,7.27,11.95,19.15,50.3,10.5,22.65,70.0,29.8,325.5,87.8,9.78,47.9,43.8,97.1,85.5,29.8,79.6,237.0,7.21,11.6,96.3,165.0,74.0,26.85,109.5,511.0,286.5,12.35,133.0,66.9,16.7,50.3,10.1,15.35,14.75,,236.5,18.25,28.95,10.55,27.5,9.17,10.9,16.95,18.4,43.2,46.7,9.25,19.35,16.2,24.7,15.4,9.17,13.35,19.5,18.6,230.5,77.0,2030.0,31.1,145.0,58.4,98.7,129.0,27.9,94.5,93.9,12.2,37.0,302.0,17.0,42.3,26.2,68.5,43.1,56.5,,95.6,173.5,41.6,75.0,16.8,11.35,127.0,55.0,81.0,72.4,244.5,197.5,270.5,,,74.9,,,36.2,86.2,200.5,77.0,236.5,53.1,42.5,79.8,54.0
44.65,39.7,53.0,82.1,77.5,68.9,12.8,42.2,73.1,31.6,32.65,318.5,156.5,33.75,53.1,311.0,10.7,24.75,31.55,59.0,198.5,73.3,25.55,15.5,25.2,43.35,321.5,416.0,41.95,80.5,67.3,48.0,28.95,362.5,370.5,328.5,49.1,14.8,197.0,38.35,20.2,93.8,24.7,48.2,21.35,124.5,7.27,11.95,19.2,50.3,10.5,22.65,70.0,29.8,325.5,87.8,9.78,47.95,43.8,97.1,85.5,29.8,79.5,237.0,7.21,11.65,96.2,165.5,73.9,26.85,109.5,511.0,286.0,12.35,133.5,66.9,16.7,50.3,10.1,15.35,14.7,,236.5,18.2,28.95,10.55,27.5,9.17,10.9,16.95,18.4,43.2,46.75,9.25,19.35,16.2,24.75,15.45,9.17,13.35,19.5,18.6,230.5,77.0,2025.0,31.05,145.0,58.4,98.8,129.0,27.85,94.5,93.9,12.2,37.0,301.0,17.0,42.3,26.2,68.5,43.1,56.5,,95.6,173.5,41.6,75.0,16.8,11.35,127.5,55.1,80.9,72.4,244.5,197.5,270.5,,,74.9,,,36.2,86.3,200.5,77.0,236.5,53.1,42.45,79.8,54.0
44.65,39.75,53.0,82.1,77.4,68.9,12.85,42.2,73.1,31.6,32.7,318.5,156.5,33.75,53.2,311.0,10.7,24.75,31.55,59.0,198.0,73.4,25.55,15.5,25.2,43.35,321.0,416.0,41.95,80.5,67.3,48.0,29.0,362.5,370.5,328.5,49.1,14.75,197.0,38.35,20.15,93.8,24.65,48.2,21.35,125.0,7.27,12.0,19.2,50.3,10.5,22.6,70.0,29.8,325.5,87.8,9.78,47.9,43.8,97.1,85.5,29.8,79.6,237.0,7.21,11.6,96.2,165.0,73.9,26.9,109.5,511.0,286.0,12.35,133.0,66.9,16.7,50.4,10.1,15.4,14.75,,236.5,18.25,28.95,10.55,27.5,9.17,10.9,16.95,18.4,43.2,46.7,9.25,19.35,16.2,24.7,15.45,9.17,13.35,19.5,18.6,230.5,77.0,2030.0,31.05,145.0,58.4,98.8,129.0,27.9,94.5,93.9,12.2,37.0,301.0,17.0,42.3,26.2,68.5,43.1,56.5,,95.6,173.5,41.6,75.1,16.8,11.35,127.0,55.1,80.9,72.4,244.5,197.5,270.5,,,74.8,,,36.2,86.4,200.5,77.0,236.5,53.0,42.5,79.8,53.9
44.65,39.75,53.1,82.1,77.5,68.9,12.85,42.2,73.1,31.6,32.7,318.5,156.5,33.8,53.0,311.0,10.7,24.75,31.55,59.1,198.0,73.4,25.55,15.5,25.2,43.4,321.0,415.0,41.95,80.5,67.3,47.95,29.0,362.5,370.5,327.0,49.1,14.8,197.0,38.35,20.2,93.8,24.65,48.2,21.4,125.0,7.27,12.0,19.15,50.3,10.45,22.65,69.9,29.8,325.5,87.7,9.78,47.95,43.8,97.0,85.5,29.8,79.6,237.0,7.21,11.6,96.3,165.0,73.9,26.9,109.5,511.0,286.5,12.35,133.0,66.9,16.7,50.3,10.1,15.4,14.7,,236.5,18.2,28.95,10.6,27.5,9.17,10.9,16.95,18.4,43.15,46.65,9.24,19.35,16.2,24.7,15.45,9.17,13.35,19.5,18.6,230.5,77.0,2025.0,31.05,145.0,58.4,98.7,129.0,27.85,94.5,93.9,12.2,37.0,301.0,17.0,42.25,26.2,68.6,43.1,56.5,,95.6,173.5,41.6,75.0,16.8,11.35,126.5,55.1,80.9,72.4,244.5,197.5,270.5,,,74.9,,,36.2,86.3,200.5,77.0,236.5,53.0,42.5,79.8,54.0
44.65,39.7,53.0,82.1,77.5,69.0,12.85,42.25,73.1,31.6,32.7,318.5,156.5,33.75,52.8,311.0,10.7,24.8,31.5,59.0,198.0,73.4,25.55,15.5,25.2,43.4,321.0,416.0,41.95,80.5,67.3,48.0,29.0,362.5,370.5,327.0,49.15,14.75,197.5,38.35,20.2,93.7,24.65,48.2,21.4,125.0,7.27,12.0,19.15,50.4,10.5,22.65,69.9,29.8,325.5,87.7,9.78,47.9,43.75,97.0,85.6,29.8,79.5,237.0,7.21,11.65,96.2,165.0,73.9,26.85,109.5,511.0,286.5,12.35,133.0,66.9,16.7,50.4,10.1,15.4,14.75,,236.5,18.2,28.85,10.6,27.5,9.17,10.9,16.95,18.45,43.2,46.65,9.24,19.35,16.2,24.7,15.45,9.17,13.35,19.55,18.65,230.5,77.0,2025.0,31.05,145.0,58.4,98.7,129.0,27.9,94.5,93.9,12.2,37.0,301.0,17.0,42.3,26.2,68.5,43.1,56.5,,95.7,173.5,41.6,75.0,16.8,11.4,126.5,55.1,80.9,72.4,244.5,197.5,270.5,,,74.8,,,36.2,86.2,200.5,77.0,236.5,53.2,42.5,79.8,54.0
44.65,39.7,53.0,82.1,77.5,69.0,12.85,42.25,73.0,31.6,32.65,318.0,157.0,33.8,52.8,311.0,10.7,24.75,31.5,59.1,198.0,73.4,25.6,15.5,25.2,43.4,321.0,417.0,42.0,80.5,67.3,48.0,29.0,362.5,370.5,327.5,49.15,14.75,197.0,38.35,20.15,93.7,24.65,48.2,21.35,124.5,7.27,12.0,19.2,50.4,10.45,22.6,69.9,29.75,325.5,87.7,9.78,47.9,43.75,97.0,85.5,29.8,79.6,237.0,7.21,11.6,96.2,165.0,73.6,26.85,109.5,511.0,286.5,12.35,133.0,67.0,16.7,50.4,10.1,15.4,14.7,,236.5,18.2,28.85,10.6,27.5,9.17,10.9,16.95,18.45,43.15,46.65,9.24,19.35,16.2,24.7,15.45,9.18,13.35,19.5,18.65,230.5,77.0,2030.0,31.0,145.0,58.4,98.7,129.0,27.9,94.4,93.9,12.2,37.0,301.0,17.0,42.3,26.2,68.5,43.1,56.5,,95.7,173.5,41.6,75.0,16.8,11.4,126.5,55.0,80.9,72.3,244.5,197.5,270.5,,,74.8,,,36.2,86.3,200.5,76.9,236.0,53.1,42.5,79.8,53.9
44.65,39.7,53.0,82.1,77.5,68.9,12.85,42.2,73.1,31.6,32.65,318.0,157.0,33.75,52.8,311.0,10.7,24.75,31.55,59.0,198.0,73.4,25.6,15.5,25.15,43.4,321.0,417.5,42.0,80.6,67.3,48.0,29.0,362.5,370.5,327.0,49.15,14.8,197.0,38.35,20.2,93.6,24.65,48.2,21.4,124.5,7.27,11.95,19.2,50.3,10.45,22.65,70.0,29.75,325.5,87.8,9.78,47.95,43.8,97.0,85.5,29.8,79.6,237.0,7.21,11.6,96.2,165.5,73.6,26.85,109.5,511.0,287.0,12.4,133.0,67.0,16.7,50.4,10.1,15.4,14.7,,236.5,18.2,28.85,10.6,27.5,9.16,10.9,16.95,18.45,43.15,46.65,9.24,19.35,16.2,24.7,15.45,9.18,13.35,19.5,18.65,231.0,77.0,2030.0,31.0,145.0,58.4,98.7,129.0,27.9,94.4,93.9,12.15,36.95,301.0,16.95,42.3,26.2,68.5,43.1,56.5,,95.6,173.5,41.6,75.0,16.8,11.35,127.0,55.0,80.9,72.3,244.5,197.0,270.5,,,74.8,,,36.2,86.4,200.5,76.9,236.0,52.9,42.5,79.8,54.0
44.65,39.7,53.0,82.1,77.5,69.0,12.85,42.2,73.1,31.6,32.7,318.0,157.0,33.75,52.9,311.0,10.7,24.75,31.55,59.0,198.0,73.4,25.55,15.5,25.15,43.4,320.5,418.0,42.0,80.5,67.3,47.95,29.0,362.5,370.5,327.0,49.15,14.75,197.0,38.35,20.15,93.7,24.65,48.15,21.4,125.0,7.28,12.0,19.2,50.3,10.45,22.6,70.0,29.75,325.5,87.8,9.78,47.95,43.8,97.0,85.6,29.8,79.5,237.0,7.21,11.6,96.2,165.5,73.6,26.85,109.5,511.0,286.0,12.4,133.0,67.0,16.7,50.4,10.1,15.4,14.7,,236.5,18.2,28.85,10.6,27.5,9.17,10.85,16.95,18.45,43.15,46.7,9.25,19.4,16.2,24.7,15.45,9.17,13.35,19.5,18.65,230.5,76.9,2030.0,31.0,145.0,58.3,98.7,129.0,27.9,94.4,93.9,12.2,36.95,301.0,16.95,42.25,26.2,68.5,43.1,56.5,,95.6,173.5,41.6,75.0,16.8,11.4,126.5,55.1,80.9,72.3,244.5,197.0,270.5,,,74.8,,,36.2,86.5,200.5,76.9,236.0,52.9,42.55,79.8,54.0
44.65,39.7,53.1,82.1,77.5,68.9,12.85,42.2,73.1,31.6,32.7,317.5,157.0,33.75,52.9,311.0,10.7,24.75,31.55,58.9,198.5,73.4,25.55,15.5,25.2,43.35,320.5,418.0,42.0,80.6,67.4,48.0,29.0,362.5,370.5,327.0,49.1,14.75,197.0,38.35,20.2,93.6,24.7,48.2,21.4,124.5,7.27,12.0,19.2,50.3,10.45,22.65,70.0,29.7,325.5,87.8,9.78,47.95,43.75,97.0,85.5,29.8,79.5,237.0,7.21,11.6,96.2,165.5,73.7,26.9,109.5,511.0,286.0,12.35,133.0,66.9,16.65,50.4,10.1,15.4,14.7,,236.5,18.2,28.8,10.6,27.5,9.17,10.9,16.95,18.4,43.15,46.7,9.24,19.35,16.2,24.75,15.4,9.17,13.4,19.55,18.65,231.0,76.9,2030.0,31.0,145.0,58.3,98.7,129.0,27.9,94.4,93.9,12.2,36.95,301.5,16.95,42.3,26.2,68.6,43.15,56.5,,95.6,173.5,41.6,75.0,16.8,11.4,126.5,55.0,80.9,72.3,244.0,197.0,270.5,,,74.8,,,36.2,86.8,200.5,76.9,236.0,52.9,42.55,79.8,53.9
44.65,39.7,53.1,82.1,77.5,69.0,12.85,42.2,73.1,31.6,32.7,317.5,156.5,33.75,52.8,311.0,10.7,24.75,31.5,58.9,198.5,73.4,25.55,15.5,25.15,43.35,321.0,418.0,42.0,80.5,67.4,48.0,29.0,362.5,370.5,327.0,49.15,14.75,197.5,38.35,20.15,93.6,24.7,48.25,21.35,125.0,7.26,12.0,19.2,50.3,10.45,22.6,69.9,29.7,325.5,87.8,9.78,47.9,43.8,96.9,85.5,29.8,79.5,237.0,7.21,11.6,96.2,165.5,73.7,26.85,109.5,510.0,286.0,12.35,133.0,66.9,16.65,50.3,10.1,15.4,14.7,,236.5,18.2,28.8,10.6,27.5,9.17,10.9,16.95,18.4,43.15,46.7,9.24,19.4,16.25,24.75,15.45,9.17,13.35,19.55,18.65,231.0,77.0,2030.0,31.0,145.0,58.4,98.7,129.0,27.9,94.5,93.9,12.2,36.95,301.5,16.95,42.3,26.2,68.5,43.2,56.5,,95.6,173.0,41.6,75.0,16.8,11.4,126.5,55.0,80.9,72.3,244.0,197.0,270.5,,,74.8,,,36.15,86.5,200.5,77.0,236.0,52.9,42.55,79.8,53.9
44.65,39.7,53.0,82.1,77.4,69.0,12.8,42.2,73.1,31.55,32.7,318.0,156.5,33.75,53.0,311.0,10.7,24.75,31.55,58.9,198.0,73.4,25.55,15.5,25.15,43.35,321.0,418.0,41.95,80.5,67.2,48.0,28.95,362.5,370.5,327.0,49.15,14.75,197.0,38.4,20.15,93.7,24.65,48.25,21.4,125.0,7.26,12.0,19.2,50.3,10.45,22.6,70.0,29.7,325.5,87.8,9.78,47.9,43.8,96.9,85.5,29.85,79.5,237.0,7.21,11.6,96.2,165.0,73.7,26.85,109.5,511.0,286.5,12.35,133.0,66.9,16.65,50.4,10.1,15.45,14.7,,236.5,18.2,28.8,10.6,27.55,9.17,10.9,16.95,18.4,43.2,46.7,9.25,19.35,16.2,24.7,15.45,9.17,13.35,19.5,18.6,230.5,77.0,2030.0,30.95,145.0,58.4,98.6,129.5,27.9,94.5,93.8,12.2,36.95,302.0,16.95,42.3,26.2,68.5,43.25,56.5,,95.6,173.0,41.6,75.0,16.8,11.4,126.5,55.0,81.0,72.3,244.0,197.0,270.5,,,74.8,,,36.2,87.0,200.5,77.0,236.0,53.0,42.5,79.8,53.9
44.65,39.7,53.0,82.0,77.5,69.0,12.85,42.2,73.0,31.55,32.7,317.5,156.5,33.75,53.0,311.0,10.7,24.75,31.55,59.0,198.0,73.4,25.55,15.5,25.15,43.3,321.0,418.0,41.95,80.5,67.3,48.0,28.95,362.5,370.5,327.0,49.15,14.75,197.0,38.35,20.15,93.7,24.65,48.25,21.4,125.0,7.27,12.0,19.2,50.3,10.45,22.65,69.9,29.7,325.5,87.8,9.78,47.9,43.8,96.8,85.5,29.85,79.5,236.5,7.21,11.65,96.2,165.5,73.7,26.8,109.5,510.0,286.5,12.35,133.0,66.9,16.65,50.3,10.1,15.45,14.7,,236.5,18.2,28.8,10.6,27.5,9.17,10.9,16.95,18.4,43.2,46.7,9.24,19.4,16.2,24.7,15.45,9.17,13.35,19.55,18.6,230.5,77.0,2030.0,30.95,145.0,58.4,98.6,129.0,27.9,94.5,93.8,12.2,36.95,301.5,16.95,42.25,26.2,68.6,43.3,56.5,,95.5,173.0,41.6,75.0,16.8,11.4,126.5,55.1,80.9,72.3,244.0,197.5,270.5,,,74.8,,,36.2,87.0,200.5,77.0,236.0,52.9,42.5,79.8,54.0
44.7,39.75,53.0,82.1,77.5,69.0,12.8,42.2,73.1,31.6,32.7,317.5,156.5,33.75,53.0,311.0,10.7,24.75,31.55,59.0,198.0,73.3,25.55,15.5,25.15,43.35,321.5,418.0,41.95,80.5,67.3,47.95,28.95,362.5,370.5,327.0,49.1,14.7,197.5,38.35,20.2,93.6,24.65,48.25,21.4,125.0,7.27,12.0,19.2,50.3,10.45,22.65,69.9,29.75,325.5,87.8,9.78,47.95,43.8,96.8,85.5,29.85,79.5,236.5,7.21,11.65,96.2,165.5,73.9,26.8,109.5,511.0,286.5,12.35,133.0,66.9,16.65,50.4,10.1,15.4,14.7,,236.5,18.25,28.8,10.55,27.5,9.16,10.9,16.95,18.4,43.15,46.7,9.24,19.4,16.2,24.7,15.45,9.17,13.35,19.5,18.6,230.5,77.0,2030.0,30.95,145.0,58.4,98.6,129.0,27.85,94.3,93.8,12.2,36.95,301.5,17.0,42.25,26.2,68.5,43.3,56.5,,95.6,173.0,41.6,74.9,16.8,11.4,126.5,55.1,80.9,72.3,244.0,197.5,270.5,,,74.9,,,36.15,87.0,200.5,76.9,236.0,52.9,42.5,79.8,53.9
44.65,39.75,53.0,82.1,77.4,69.0,12.8,42.2,73.0,31.6,32.65,317.5,156.5,33.75,53.0,310.5,10.65,24.7,31.55,58.9,198.0,73.3,25.55,15.5,25.2,43.35,321.5,418.5,42.0,80.6,67.3,47.95,29.0,362.5,370.5,327.0,49.15,14.7,197.0,38.35,20.15,93.7,24.65,48.3,21.4,125.0,7.27,12.0,19.2,50.3,10.45,22.65,70.0,29.75,325.0,87.8,9.78,47.95,43.8,96.9,85.5,29.85,79.5,237.0,7.21,11.65,96.2,165.5,73.8,26.8,109.5,511.0,286.5,12.35,133.0,66.9,16.65,50.4,10.1,15.4,14.75,,236.5,18.2,28.8,10.6,27.5,9.17,10.85,16.95,18.4,43.15,46.7,9.24,19.35,16.2,24.75,15.4,9.17,13.35,19.5,18.6,230.5,77.0,2030.0,30.95,145.5,58.4,98.6,129.0,27.9,94.3,93.8,12.2,36.95,301.5,16.95,42.25,26.2,68.6,43.3,56.5,,95.6,173.0,41.6,74.9,16.8,11.4,127.0,55.1,80.8,72.3,244.0,197.5,271.0,,,74.9,,,36.15,87.0,200.5,76.9,236.0,52.9,42.5,79.8,53.9
44.65,39.75,53.0,82.1,77.5,69.0,12.85,42.2,73.1,31.6,32.65,317.5,156.5,33.75,53.0,310.5,10.7,24.7,31.5,58.9,198.0,73.3,25.6,15.5,25.2,43.35,321.5,418.5,42.0,80.5,67.2,48.0,28.95,362.5,370.5,327.0,49.15,14.7,197.5,38.4,20.1,93.6,24.65,48.3,21.4,125.0,7.27,12.0,19.2,50.4,10.45,22.65,69.9,29.7,325.0,87.8,9.78,47.9,43.8,96.8,85.5,29.8,79.5,236.5,7.21,11.65,96.2,165.5,73.7,26.8,109.5,510.0,287.0,12.35,133.0,66.9,16.65,50.4,10.1,15.4,14.7,,236.5,18.2,28.8,10.6,27.5,9.16,10.9,16.95,18.4,43.2,46.75,9.25,19.4,16.2,24.75,15.45,9.17,13.35,19.5,18.65,230.5,76.9,2030.0,30.95,145.5,58.4,98.6,129.0,27.85,94.3,93.8,12.15,36.95,301.0,16.95,42.3,26.2,68.5,43.35,56.5,,95.6,173.0,41.6,74.9,16.8,11.4,126.5,55.0,80.9,72.3,244.0,197.5,271.0,,,74.8,,,36.2,86.6,200.5,76.9,236.0,53.0,42.45,79.8,53.9
44.65,39.75,53.1,82.1,77.5,68.9,12.8,42.2,73.1,31.6,32.65,318.0,156.5,33.75,53.0,310.5,10.7,24.7,31.5,59.0,198.0,73.3,25.6,15.5,25.2,43.35,321.0,418.5,42.0,80.5,67.2,48.0,28.95,361.5,370.5,327.0,49.1,14.7,197.0,38.4,20.15,93.6,24.65,48.3,21.35,125.0,7.27,12.0,19.15,50.3,10.45,22.65,70.0,29.75,325.0,87.8,9.78,47.95,43.8,96.7,85.5,29.8,79.5,236.5,7.21,11.65,96.2,165.0,73.7,26.8,109.5,511.0,286.5,12.35,133.0,66.8,16.65,50.4,10.1,15.45,14.7,,236.0,18.2,28.8,10.6,27.5,9.17,10.9,16.95,18.4,43.15,46.7,9.24,19.4,16.2,24.7,15.4,9.17,13.35,19.55,18.6,230.5,76.9,2030.0,30.95,145.5,58.4,98.6,128.5,27.9,94.3,93.8,12.2,36.95,301.0,17.0,42.25,26.2,68.5,43.45,56.5,,95.6,173.0,41.6,75.0,16.8,11.4,127.0,55.1,80.8,72.3,244.0,197.5,271.0,,,74.8,,,36.15,86.5,200.5,76.9,236.0,53.0,42.45,79.8,53.9
44.65,39.75,53.0,82.1,77.4,69.0,12.85,42.15,73.1,31.6,32.55,318.0,156.5,33.7,53.0,310.5,10.7,24.7,31.5,59.0,198.0,73.4,25.6,15.55,25.2,43.35,321.0,418.5,42.0,80.5,67.1,48.0,28.95,361.5,370.5,327.0,49.15,14.7,197.5,38.35,20.1,93.6,24.7,48.3,21.35,125.0,7.27,12.0,19.15,50.3,10.45,22.6,70.0,29.7,325.0,87.8,9.78,47.95,43.8,96.5,85.5,29.8,79.5,236.5,7.21,11.65,96.2,165.0,73.9,26.8,109.5,511.0,286.5,12.35,133.0,66.8,16.65,50.4,10.15,15.4,14.7,,236.0,18.25,28.8,10.6,27.5,9.17,10.9,16.95,18.4,43.2,46.7,9.25,19.4,16.25,24.75,15.45,9.17,13.35,19.55,18.6,230.5,76.8,2030.0,30.95,145.5,58.4,98.6,129.0,27.9,94.3,93.8,12.15,36.95,301.0,16.95,42.3,26.25,68.5,43.45,56.5,,95.6,173.0,41.55,75.0,16.85,11.45,127.0,55.0,80.8,72.2,244.0,197.5,271.0,,,74.9,,,36.2,86.5,200.5,77.0,236.0,52.9,42.45,79.8,53.9
44.65,39.7,53.1,82.2,77.5,69.0,12.8,42.2,73.0,31.6,32.65,318.0,156.5,33.7,52.9,310.5,10.7,24.8,31.5,58.9,198.0,73.4,25.6,15.5,25.15,43.35,321.0,418.5,42.0,80.5,67.3,47.95,29.0,361.5,371.0,327.0,49.15,14.7,197.5,38.4,20.1,93.7,24.65,48.25,21.35,124.5,7.27,11.95,19.2,50.3,10.45,22.65,70.0,29.75,325.0,87.8,9.79,47.9,43.75,96.5,85.5,29.8,79.5,236.5,7.21,11.65,96.3,165.5,73.7,26.85,109.5,512.0,287.0,12.35,132.5,66.8,16.65,50.5,10.1,15.35,14.75,,236.0,18.2,28.8,10.6,27.55,9.17,10.9,16.95,18.45,43.2,46.75,9.25,19.4,16.25,24.7,15.4,9.17,13.35,19.5,18.65,230.5,76.8,2030.0,30.95,145.0,58.4,98.6,129.0,27.9,94.3,93.6,12.2,37.0,301.0,17.0,42.3,26.2,68.5,43.45,56.5,,95.6,173.0,41.55,75.0,16.85,11.4,126.5,55.0,80.8,72.3,244.0,197.5,271.0,,,74.9,,,36.15,86.5,200.5,77.0,236.0,52.9,42.5,79.8,54.0
44.7,39.7,53.0,82.2,77.5,69.0,12.8,42.2,73.1,31.6,32.6,318.0,157.0,33.75,53.0,310.5,10.7,24.8,31.5,59.0,198.0,73.4,25.6,15.5,25.2,43.35,321.5,418.5,41.95,80.5,67.2,48.0,28.95,362.5,370.5,327.0,49.15,14.75,198.0,38.35,20.15,93.7,24.7,48.3,21.35,125.0,7.27,12.0,19.2,50.3,10.45,22.6,70.0,29.75,326.0,87.9,9.79,47.9,43.75,96.4,85.6,29.8,79.5,237.0,7.21,11.65,96.3,165.5,73.8,26.8,109.5,511.0,286.5,12.35,132.5,66.9,16.7,50.5,10.1,15.45,14.7,,236.0,18.25,28.8,10.6,27.55,9.17,10.9,16.95,18.45,43.2,46.75,9.25,19.4,16.2,24.75,15.45,9.17,13.4,19.55,18.65,231.0,77.0,2035.0,30.95,145.0,58.3,98.7,129.0,27.9,94.2,93.8,12.15,36.85,301.5,16.95,42.3,26.2,68.6,43.4,56.4,,95.6,173.5,41.55,75.0,16.85,11.45,126.5,55.0,80.8,72.3,244.0,197.5,272.0,,,74.8,,,36.15,86.5,200.5,77.0,236.5,53.0,42.5,79.8,54.0
44.65,39.7,53.1,82.2,77.5,69.0,12.8,42.2,73.0,31.55,32.6,318.0,157.0,33.75,52.9,310.5,10.7,24.8,31.5,59.0,197.5,73.4,25.6,15.5,25.15,43.35,321.5,418.0,42.0,80.5,67.2,47.95,29.0,362.5,370.5,327.0,49.15,14.7,198.0,38.35,20.15,93.6,24.65,48.25,21.35,124.5,7.27,12.0,19.15,50.4,10.45,22.65,70.0,29.75,325.0,87.9,9.79,47.95,43.75,96.4,85.5,29.8,79.5,236.5,7.21,11.65,96.3,165.5,73.7,26.8,109.5,511.0,286.5,12.35,133.0,66.9,16.7,50.4,10.1,15.45,14.7,,236.0,18.2,28.8,10.6,27.5,9.17,10.9,16.95,18.4,43.15,46.7,9.25,19.35,16.2,24.7,15.45,9.17,13.35,19.5,18.6,231.0,77.0,2035.0,31.0,145.0,58.3,98.6,129.0,27.9,94.2,93.8,12.15,37.0,302.0,17.0,42.3,26.15,68.5,43.3,56.5,,95.7,173.0,41.6,75.0,16.8,11.45,126.5,55.0,80.8,72.3,244.0,197.5,272.0,,,75.0,,,36.1,86.2,200.5,77.0,236.5,53.0,42.5,79.8,53.9
44.65,39.7,53.1,82.2,77.5,69.0,12.8,42.2,73.1,31.6,32.65,318.0,157.0,33.75,52.8,310.5,10.7,24.8,31.5,59.0,198.0,73.4,25.6,15.5,25.1,43.35,321.5,418.0,42.0,80.5,67.3,48.0,29.0,362.5,372.0,327.0,49.15,14.75,198.0,38.4,20.1,93.7,24.65,48.25,21.35,125.0,7.27,12.0,19.15,50.3,10.4,22.6,70.0,29.75,326.0,87.8,9.79,47.9,43.7,96.1,85.6,29.8,79.5,237.0,7.21,11.65,96.3,165.0,73.7,26.85,109.5,511.0,286.5,12.35,132.5,67.0,16.65,50.5,10.15,15.4,14.7,,236.0,18.25,28.8,10.6,27.55,9.17,10.9,16.95,18.45,43.2,46.75,9.25,19.4,16.25,24.75,15.45,9.18,13.4,19.55,18.65,231.0,77.0,2035.0,31.0,145.0,58.4,98.7,128.5,27.9,94.1,93.8,12.2,37.05,302.0,16.95,42.3,26.15,68.6,43.3,56.6,,95.7,173.5,41.6,75.0,16.85,11.4,126.5,55.1,80.8,72.3,244.0,197.5,272.0,,,75.0,,,36.15,86.5,200.5,77.0,236.5,53.0,42.5,79.8,54.0
44.7,39.75,53.1,82.2,77.5,69.0,12.8,42.2,73.0,31.55,32.6,318.0,157.0,33.75,52.7,310.5,10.7,24.7,31.5,59.0,197.5,73.4,25.55,15.5,25.15,43.35,321.5,418.0,41.95,80.5,67.3,48.0,29.0,361.5,372.0,327.0,49.15,14.75,198.0,38.35,20.1,93.6,24.7,48.25,21.35,125.0,7.27,12.0,19.2,50.4,10.4,22.65,70.0,29.75,326.0,87.8,9.79,47.95,43.75,95.9,85.6,29.8,79.5,237.0,7.21,11.65,96.2,165.0,73.8,26.85,109.5,512.0,286.5,12.35,132.5,67.0,16.7,50.5,10.1,15.4,14.75,,236.0,18.2,28.8,10.6,27.5,9.18,10.9,16.95,18.4,43.2,46.75,9.25,19.4,16.25,24.7,15.45,9.17,13.4,19.6,18.65,230.5,77.0,2035.0,31.0,145.0,58.4,98.6,129.0,27.9,94.1,93.6,12.15,37.05,302.0,16.95,42.3,26.15,68.6,43.25,56.6,,95.7,173.0,41.55,74.9,16.85,11.45,126.5,55.0,80.8,72.3,244.5,197.5,272.0,,,75.1,,,36.15,86.5,200.5,77.0,236.5,53.0,42.5,79.8,54.0
44.7,39.8,53.1,82.2,77.5,69.0,12.8,42.2,73.0,31.55,32.65,318.0,157.0,33.7,52.7,310.5,10.7,24.75,31.5,59.0,197.5,73.4,25.6,15.5,25.1,43.35,321.5,418.0,41.95,80.5,67.2,48.0,28.95,362.0,372.0,327.0,49.2,14.75,197.5,38.35,20.1,93.7,24.7,48.25,21.35,125.0,7.27,12.0,19.2,50.4,10.4,22.6,70.0,29.85,324.5,87.8,9.79,47.95,43.75,96.0,85.6,29.8,79.5,237.0,7.21,11.65,96.2,165.5,73.8,26.8,110.0,511.0,286.5,12.35,133.0,66.9,16.65,50.4,10.15,15.45,14.75,,236.0,18.2,28.8,10.6,27.55,9.18,10.9,16.95,18.4,43.2,46.75,9.24,19.4,16.25,24.75,15.45,9.17,13.35,19.6,18.65,230.5,77.0,2035.0,31.0,145.0,58.4,98.6,129.0,27.9,94.1,93.6,12.2,37.05,302.0,17.0,42.3,26.2,68.5,43.25,56.6,,95.6,173.0,41.55,75.0,16.8,11.45,126.5,55.0,80.8,72.3,244.5,197.5,272.0,,,75.2,,,36.15,86.5,200.5,77.0,236.5,53.0,42.5,79.8,54.0
44.7,39.8,53.1,82.2,77.5,69.0,12.85,42.25,73.1,31.6,32.65,318.0,156.5,33.75,52.8,310.5,10.65,24.75,31.5,59.0,197.5,73.5,25.6,15.5,25.15,43.35,321.0,418.0,42.0,80.5,67.3,48.0,29.0,362.5,372.0,327.5,49.2,14.75,198.0,38.4,20.15,93.7,24.7,48.25,21.4,125.0,7.27,12.0,19.15,50.4,10.4,22.65,70.0,29.9,324.5,87.8,9.79,47.9,43.7,96.0,85.7,29.8,79.5,237.0,7.21,11.6,96.3,165.5,73.7,26.85,110.0,511.0,287.0,12.35,132.5,67.0,16.7,50.4,10.15,15.45,14.7,,236.0,18.2,28.8,10.6,27.55,9.18,10.9,16.95,18.45,43.2,46.8,9.25,19.4,16.25,24.75,15.45,9.17,13.4,19.6,18.65,230.5,77.1,2035.0,31.0,145.5,58.4,98.6,128.5,27.9,94.1,93.7,12.2,37.1,302.0,16.95,42.3,26.2,68.6,43.15,56.5,,95.7,173.0,41.6,75.0,16.8,11.45,126.5,55.0,80.8,72.3,244.5,197.5,272.0,,,75.1,,,36.15,86.6,200.5,77.0,237.0,53.0,42.5,79.8,54.0
44.65,39.8,53.1,82.2,77.5,69.0,12.85,42.25,73.0,31.6,32.65,318.0,156.5,33.75,52.9,310.5,10.7,24.75,31.45,59.1,198.5,73.5,25.65,15.5,25.15,43.35,321.5,418.0,42.0,80.5,67.3,48.0,29.0,362.5,372.0,327.5,49.2,14.75,198.0,38.4,20.15,93.7,24.7,48.25,21.4,125.0,7.26,12.0,19.15,50.4,10.4,22.65,70.0,29.85,325.5,87.9,9.79,47.95,43.75,96.0,85.7,29.8,79.4,237.0,7.21,11.65,96.3,165.5,73.6,26.85,110.0,511.0,286.5,12.35,132.5,67.0,16.7,50.4,10.15,15.45,14.75,,236.0,18.25,28.75,10.6,27.55,9.18,10.9,16.95,18.45,43.2,46.75,9.25,19.4,16.2,24.75,15.4,9.18,13.4,19.6,18.65,231.0,77.1,2035.0,31.0,145.5,58.4,98.6,128.5,27.9,94.1,93.7,12.2,37.1,302.0,16.95,42.3,26.2,68.5,43.2,56.5,,95.6,173.0,41.6,75.0,16.8,11.45,126.5,55.0,80.8,72.2,244.5,197.5,272.0,,,75.2,,,36.2,86.6,200.5,77.0,237.0,53.0,42.5,79.8,54.0
44.65,39.8,53.1,82.1,77.6,69.0,12.8,42.25,73.0,31.55,32.65,317.5,156.5,33.75,52.7,310.5,10.7,24.75,31.5,59.1,199.0,73.3,25.65,15.5,25.1,43.35,321.5,418.5,42.0,80.5,67.3,47.95,29.0,362.5,372.0,327.5,49.2,14.75,197.5,38.35,20.1,93.7,24.65,48.2,21.35,125.0,7.27,12.0,19.2,50.4,10.4,22.6,69.9,29.85,324.5,87.9,9.79,47.95,43.75,96.0,85.6,29.8,79.4,237.0,7.21,11.6,96.2,165.5,73.6,26.85,110.0,512.0,286.5,12.35,132.5,67.0,16.65,50.5,10.1,15.45,14.75,,236.0,18.2,28.8,10.6,27.55,9.18,10.9,16.95,18.45,43.2,46.75,9.24,19.4,16.2,24.75,15.45,9.18,13.35,19.6,18.65,230.5,77.0,2035.0,31.0,145.5,58.4,98.6,128.5,27.9,94.1,93.7,12.2,37.1,302.0,17.0,42.3,26.2,68.6,43.2,56.5,,95.6,173.0,41.6,75.0,16.8,11.4,126.5,55.0,80.8,72.3,244.5,197.5,272.0,,,75.2,,,36.15,86.6,200.5,77.0,237.0,53.0,42.5,79.8,54.0
44.65,39.75,53.1,82.1,77.6,69.0,12.85,42.25,73.1,31.55,32.65,318.0,156.5,33.7,53.0,310.5,10.7,24.75,31.5,59.0,198.5,73.2,25.6,15.5,25.15,43.35,321.5,418.5,42.0,80.4,67.3,48.0,28.95,362.5,371.0,327.5,49.2,14.75,197.5,38.35,20.15,93.7,24.65,48.2,21.35,125.0,7.26,12.0,19.2,50.4,10.4,22.65,70.0,29.8,325.5,87.9,9.78,47.95,43.75,96.2,85.6,29.8,79.4,237.5,7.1,11.65,96.2,165.5,73.8,26.85,110.0,512.0,286.0,12.35,132.5,67.0,16.7,50.3,10.1,15.45,14.7,,236.0,18.2,28.8,10.6,27.5,9.18,10.9,16.95,18.45,43.15,46.8,9.25,19.4,16.25,24.75,15.45,9.18,13.35,19.55,18.65,230.5,77.0,2035.0,31.0,145.5,58.4,98.6,129.0,27.9,94.1,93.7,12.15,37.1,302.5,17.0,42.25,26.2,68.6,43.2,56.5,,95.6,173.0,41.6,75.0,16.8,11.4,126.5,55.0,80.8,72.3,244.5,197.5,272.0,,,75.2,,,36.2,86.6,200.5,77.0,237.0,53.0,42.5,79.8,53.9
44.65,39.7,53.1,82.1,77.6,69.0,12.8,42.25,73.1,31.6,32.65,318.0,156.5,33.75,52.7,310.5,10.65,24.75,31.5,59.1,198.5,73.2,25.6,15.5,25.1,43.35,321.5,418.5,42.0,80.4,67.3,47.95,29.0,361.5,371.0,327.5,49.2,14.7,197.5,38.35,20.15,93.7,24.7,48.25,21.35,125.0,7.27,12.0,19.2,50.4,10.4,22.65,70.0,29.8,325.0,87.9,9.78,47.95,43.75,96.3,85.7,29.8,79.4,237.0,7.1,11.6,96.2,165.0,73.6,26.85,110.0,511.0,286.0,12.35,132.5,67.0,16.65,50.3,10.1,15.35,14.7,,236.0,18.2,28.8,10.6,27.55,9.18,10.9,16.95,18.45,43.15,46.8,9.24,19.4,16.25,24.75,15.45,9.17,13.35,19.6,18.6,230.5,77.0,2035.0,30.9,145.0,58.5,98.6,128.5,27.9,94.0,93.7,12.2,37.1,302.0,16.95,42.25,26.2,68.5,43.15,56.5,,95.6,173.0,41.6,75.0,16.8,11.4,126.5,55.0,80.9,72.3,244.5,198.0,272.0,,,75.2,,,36.2,86.6,200.5,77.0,237.0,53.0,42.5,79.8,54.0
44.65,39.7,53.1,82.1,77.6,69.0,12.85,42.25,73.1,31.6,32.65,318.0,156.5,33.75,52.7,310.5,10.7,24.75,31.5,59.1,198.5,73.2,25.6,15.55,25.15,43.3,321.5,418.5,42.0,80.5,67.3,48.0,28.95,361.5,371.0,327.5,49.2,14.75,197.5,38.35,20.15,93.7,24.7,48.2,21.3,125.0,7.26,12.0,19.2,50.3,10.4,22.65,70.0,29.85,325.0,87.9,9.78,47.9,43.75,96.2,85.6,29.8,79.4,238.0,7.1,11.65,96.2,165.5,73.6,26.8,110.0,512.0,286.0,12.35,132.5,67.0,16.7,50.3,10.1,15.4,14.7,,236.0,18.2,28.8,10.6,27.55,9.16,10.85,16.95,18.45,43.2,46.75,9.24,19.4,16.2,24.75,15.45,9.17,13.4,19.55,18.6,231.0,77.0,2030.0,30.9,145.0,58.5,98.6,129.0,27.9,94.0,93.7,12.2,37.1,302.0,16.95,42.3,26.2,68.5,43.2,56.6,,95.6,173.0,41.6,75.0,16.8,11.45,126.0,55.0,80.9,72.3,244.5,198.0,272.0,,,75.2,,,36.2,86.6,200.5,77.0,237.0,52.9,42.5,79.7,54.0
44.65,39.7,53.1,82.1,77.6,69.0,12.85,42.2,73.1,31.6,32.6,318.0,156.5,33.75,53.0,310.5,10.65,24.75,31.5,59.1,198.5,73.2,25.6,15.55,25.1,43.35,321.5,418.5,42.0,80.6,67.3,48.0,28.95,361.5,371.0,327.5,49.2,14.7,197.5,38.35,20.15,93.8,24.75,48.2,21.35,124.5,7.27,12.0,19.2,50.3,10.4,22.65,70.0,29.85,325.0,87.9,9.78,47.9,43.75,96.2,85.7,29.8,79.4,238.0,7.1,11.65,96.2,165.5,73.6,26.85,110.0,512.0,286.0,12.35,132.5,67.0,16.65,50.3,10.15,15.4,14.7,,236.0,18.2,28.8,10.6,27.5,9.17,10.85,16.95,18.4,43.2,46.75,9.25,19.4,16.2,24.75,15.45,9.18,13.35,19.55,18.6,231.0,77.0,2030.0,30.9,145.0,58.4,98.6,129.0,27.9,93.9,93.6,12.2,37.1,302.0,16.95,42.25,26.2,68.6,43.2,56.6,,95.6,173.0,41.6,75.0,16.8,11.4,126.0,55.0,80.8,72.3,244.5,198.0,272.0,,,75.0,,,36.2,86.6,200.5,77.0,237.0,52.9,42.5,79.7,53.9
44.65,39.7,53.0,82.1,77.6,69.0,12.85,42.2,73.1,31.6,32.6,318.0,157.0,33.75,53.0,310.5,10.7,24.75,31.55,59.0,198.0,73.2,25.65,15.5,25.15,43.35,321.0,418.5,42.0,80.5,67.3,48.0,28.9,361.5,371.0,327.5,49.2,14.7,197.5,38.35,20.15,93.7,24.7,48.15,21.35,124.5,7.27,11.95,19.15,50.4,10.45,22.65,70.0,29.85,325.0,87.9,9.78,47.9,43.75,96.2,85.6,29.8,79.4,238.0,7.1,11.6,96.2,165.5,73.6,26.8,110.0,512.0,286.0,12.35,132.5,67.0,16.65,50.5,10.1,15.4,14.7,,236.0,18.25,28.8,10.55,27.5,9.17,10.85,16.95,18.4,43.2,46.8,9.25,19.35,16.2,24.7,15.45,9.17,13.4,19.55,18.6,230.5,77.0,2030.0,30.9,145.5,58.5,98.6,128.5,27.9,93.8,93.6,12.15,37.1,302.0,16.95,42.3,26.2,68.5,43.2,56.6,,95.6,173.0,41.6,74.9,16.8,11.4,126.5,55.0,80.8,72.3,244.5,198.0,272.0,,,75.0,,,36.2,86.7,200.5,77.0,236.5,52.8,42.55,79.7,54.0
44.65,39.7,53.0,82.1,77.6,69.0,12.85,42.2,73.1,31.6,32.6,318.0,157.0,33.75,53.0,310.5,10.65,24.75,31.55,58.9,199.0,73.2,25.65,15.5,25.15,43.35,321.0,418.0,42.0,80.5,67.3,48.0,29.0,361.5,371.0,327.0,49.2,14.75,197.5,38.35,20.1,93.7,24.75,48.2,21.35,125.0,7.26,12.0,19.15,50.5,10.45,22.65,70.0,29.9,325.0,87.9,9.78,47.95,43.8,96.2,85.6,29.8,79.4,237.5,7.1,11.6,96.3,165.5,73.6,26.8,110.0,511.0,285.5,12.35,132.5,67.0,16.65,50.3,10.1,15.4,14.7,,236.0,18.25,28.8,10.55,27.5,9.17,10.85,16.9,18.4,43.15,46.8,9.26,19.4,16.2,24.75,15.45,9.17,13.35,19.55,18.65,230.5,76.9,2030.0,30.9,145.5,58.5,98.6,129.0,27.85,93.8,93.6,12.2,37.1,302.0,16.95,42.3,26.15,68.5,43.2,56.6,,95.6,173.0,41.6,75.0,16.8,11.4,126.5,55.1,80.8,72.3,244.5,198.0,272.0,,,74.9,,,36.2,86.7,200.5,77.0,236.5,52.9,42.5,79.7,54.0
44.65,39.7,53.0,82.1,77.6,69.0,12.8,42.2,73.1,31.6,32.55,318.0,157.0,33.75,52.9,310.5,10.7,24.7,31.55,58.9,198.0,73.2,25.6,15.5,25.15,43.35,321.0,418.0,42.0,80.5,67.4,48.0,29.0,361.5,371.0,327.0,49.2,14.7,197.5,38.35,20.1,93.8,24.7,48.15,21.35,124.5,7.26,12.0,19.15,50.4,10.4,22.65,70.0,29.85,325.0,87.9,9.78,47.95,43.8,96.2,85.6,29.8,79.4,237.5,7.1,11.65,96.3,165.5,73.6,26.8,109.0,511.0,286.0,12.35,132.5,66.9,16.65,50.3,10.1,15.4,14.7,,236.0,18.2,28.8,10.6,27.5,9.17,10.85,16.9,18.4,43.15,46.8,9.25,19.4,16.2,24.75,15.45,9.17,13.35,19.6,18.6,230.5,77.0,2030.0,30.9,145.5,58.4,98.6,128.5,27.85,93.8,93.6,12.15,37.1,302.0,16.95,42.3,26.15,68.5,43.2,56.6,,95.6,173.5,41.55,75.0,16.8,11.4,126.5,55.1,80.8,72.3,244.5,198.0,272.0,,,75.0,,,36.2,86.7,200.5,77.0,236.5,52.8,42.5,79.7,53.9
44.65,39.7,53.0,82.1,77.7,69.0,12.85,42.2,73.1,31.55,32.5,318.0,157.0,33.75,52.9,310.5,10.65,24.75,31.55,58.9,198.0,73.5,25.6,15.5,25.15,43.35,321.0,418.0,42.0,80.5,67.4,47.95,29.0,361.5,371.0,327.0,49.2,14.75,197.5,38.4,20.1,93.7,24.7,48.1,21.3,125.0,7.27,11.95,19.2,50.4,10.45,22.65,70.0,29.85,325.0,87.9,9.77,47.9,43.8,96.1,85.6,29.8,79.4,237.5,7.1,11.65,96.2,165.0,73.6,26.8,109.0,512.0,286.0,12.35,132.5,67.0,16.65,50.3,10.1,15.4,14.7,,236.0,18.2,28.75,10.55,27.5,9.16,10.9,16.9,18.4,43.2,46.8,9.25,19.4,16.2,24.7,15.4,9.17,13.35,19.55,18.6,230.5,77.0,2030.0,30.9,145.5,58.5,98.6,128.5,27.9,93.7,93.6,12.2,37.1,302.0,16.95,42.3,26.15,68.5,43.2,56.5,,95.6,173.0,41.6,75.1,16.8,11.4,126.0,55.1,80.8,72.3,244.5,198.0,272.0,,,75.0,,,36.15,86.7,200.5,77.0,236.5,52.9,42.4,79.7,53.9
44.65,39.6,53.0,82.2,77.6,69.0,12.8,42.2,73.0,31.55,32.55,318.5,156.5,33.75,53.0,310.5,10.7,24.75,31.5,59.0,198.0,73.2,25.6,15.5,25.15,43.35,321.0,418.0,42.0,80.5,67.3,48.0,28.95,361.5,371.0,327.0,49.15,14.75,197.5,38.35,20.15,93.7,24.7,48.1,21.35,125.0,7.26,11.95,19.2,50.4,10.45,22.65,69.9,29.85,325.0,87.9,9.78,47.95,43.8,96.1,85.6,29.8,79.4,237.5,7.1,11.65,96.2,165.0,73.6,26.8,109.5,512.0,285.5,12.4,132.5,67.0,16.65,50.3,10.1,15.4,14.7,,236.0,18.2,28.75,10.55,27.55,9.17,10.9,16.9,18.4,43.2,46.8,9.25,19.4,16.25,24.7,15.45,9.17,13.35,19.55,18.6,231.0,77.0,2035.0,30.9,145.0,58.5,98.7,129.0,27.9,93.7,93.6,12.2,37.1,302.0,16.95,42.25,26.15,68.5,43.25,56.6,,95.6,173.0,41.55,75.1,16.8,11.4,126.5,55.1,80.8,72.3,244.5,198.0,272.0,,,75.0,,,36.2,86.7,200.5,77.0,236.5,52.9,42.4,79.7,53.9
44.65,39.6,53.1,82.2,77.6,69.0,12.8,42.2,73.0,31.6,32.55,319.0,156.5,33.75,53.0,310.5,10.7,24.75,31.55,58.9,198.0,73.2,25.6,15.5,25.15,43.35,321.0,418.0,42.0,80.4,67.3,48.0,29.0,361.5,371.0,327.0,49.2,14.7,197.5,38.35,20.15,93.7,24.75,48.15,21.35,125.0,7.27,11.95,19.2,50.4,10.45,22.65,69.9,29.9,325.0,87.9,9.77,47.95,43.8,96.1,85.6,29.8,79.4,237.5,7.1,11.6,96.3,165.5,73.6,26.8,109.5,512.0,286.0,12.4,132.5,67.0,16.65,50.5,10.1,15.4,14.7,,236.0,18.2,28.75,10.55,27.5,9.17,10.85,16.9,18.4,43.15,46.8,9.25,19.4,16.2,24.75,15.45,9.17,13.35,19.55,18.65,230.5,76.9,2035.0,30.9,145.0,58.5,98.6,128.5,27.9,93.7,93.6,12.2,37.1,301.5,17.0,42.25,26.2,68.5,43.25,56.5,,95.6,173.0,41.55,75.1,16.8,11.4,126.0,55.0,80.8,72.3,244.5,198.0,272.0,,,75.0,,,36.2,86.7,200.5,77.0,236.5,53.0,42.5,79.7,53.9
44.65,39.6,53.0,82.2,77.7,68.9,12.8,42.2,73.0,31.55,32.5,319.5,156.5,33.75,53.0,310.5,10.65,24.75,31.5,58.9,198.0,73.2,25.6,15.5,25.15,43.35,321.5,418.0,42.0,80.5,67.3,48.0,28.9,361.5,371.0,328.0,49.2,14.75,197.5,38.35,20.1,93.8,24.7,48.1,21.3,125.0,7.27,12.0,19.2,50.4,10.45,22.6,70.0,29.9,324.5,87.9,9.77,47.95,43.85,96.2,85.5,29.8,79.4,237.5,7.1,11.6,96.2,165.5,73.5,26.8,109.5,511.0,285.5,12.35,132.5,66.9,16.65,50.5,10.15,15.4,14.7,,236.0,18.25,28.7,10.55,27.5,9.16,10.85,16.9,18.4,43.2,46.8,9.25,19.4,16.2,24.75,15.45,9.17,13.35,19.55,18.6,230.5,77.0,2035.0,30.9,145.0,58.4,98.6,128.5,27.85,93.6,93.6,12.2,37.1,301.5,17.0,42.25,26.2,68.5,43.25,56.6,,95.6,173.0,41.55,75.1,16.8,11.4,126.0,55.0,80.8,72.3,244.5,198.0,272.0,,,75.0,,,36.2,86.7,200.5,77.0,236.5,53.0,42.55,79.7,53.9
44.65,39.6,53.1,82.0,77.7,68.9,12.85,42.2,73.1,31.6,32.5,319.5,156.5,33.75,53.0,310.5,10.65,24.7,31.55,59.0,197.5,73.2,25.55,15.5,25.15,43.4,321.5,418.0,41.95,80.5,67.4,48.0,28.9,361.5,371.0,328.0,49.25,14.7,197.5,38.35,20.1,93.8,24.7,48.15,21.35,124.5,7.28,12.0,19.15,50.4,10.45,22.65,70.0,29.85,324.5,87.7,9.77,47.95,43.8,96.1,85.6,29.75,79.3,237.0,7.1,11.6,96.2,165.5,73.8,26.85,109.5,511.0,286.0,12.35,132.5,66.9,16.65,50.5,10.1,15.4,14.7,,236.0,18.2,28.7,10.6,27.5,9.17,10.85,16.9,18.4,43.15,46.8,9.25,19.4,16.25,24.7,15.45,9.17,13.35,19.55,18.6,230.5,77.0,2030.0,30.9,145.5,58.4,98.6,129.0,27.9,93.8,93.6,12.2,37.1,302.0,16.95,42.3,26.2,68.5,43.3,56.6,,95.7,173.0,41.6,75.1,16.8,11.4,126.0,55.1,80.8,72.4,244.5,198.0,272.0,,,74.9,,,36.2,86.7,200.5,77.0,236.5,53.0,42.5,79.7,53.9
44.65,39.7,53.2,82.0,77.7,69.0,12.85,42.2,73.0,31.6,32.5,320.0,156.5,33.8,53.0,310.5,10.7,24.75,31.55,58.9,197.5,73.2,25.55,15.5,25.15,43.4,321.0,418.5,41.95,80.5,67.4,48.0,28.9,361.5,371.0,328.0,49.2,14.7,197.0,38.4,20.15,93.8,24.75,48.1,21.35,124.5,7.28,12.0,19.15,50.4,10.45,22.65,70.0,29.85,324.5,87.7,9.77,47.95,43.8,96.2,85.6,29.75,79.4,237.0,7.1,11.65,96.2,165.5,73.6,26.85,109.5,511.0,285.5,12.35,132.0,66.9,16.65,50.5,10.1,15.4,14.75,,236.0,18.2,28.7,10.55,27.5,9.17,10.9,16.9,18.4,43.15,46.8,9.25,19.4,16.2,24.7,15.4,9.17,13.35,19.55,18.6,231.0,77.0,2035.0,30.9,145.5,58.5,98.7,129.0,27.9,93.9,93.6,12.2,37.1,301.5,16.95,42.25,26.2,68.5,43.3,56.6,,95.6,173.0,41.6,75.0,16.8,11.4,126.5,55.2,80.8,72.4,244.5,198.0,272.0,,,74.9,,,36.15,86.7,200.5,77.0,236.5,53.0,42.55,79.7,53.9
44.65,39.7,53.2,82.0,77.7,69.0,12.8,42.2,73.1,31.6,32.5,320.5,156.5,33.75,53.0,310.5,10.7,24.75,31.55,59.0,197.5,73.2,25.6,15.5,25.15,43.35,321.0,417.5,41.95,80.5,67.4,48.0,28.9,361.5,371.0,328.0,49.2,14.7,197.0,38.35,20.1,93.7,24.65,48.15,21.35,124.5,7.28,11.95,19.15,50.5,10.45,22.65,70.0,29.85,324.5,87.9,9.77,47.95,43.8,96.2,85.5,29.75,79.4,237.5,7.1,11.65,96.2,165.5,73.5,26.8,109.5,511.0,285.5,12.4,132.5,66.9,16.65,50.4,10.1,15.4,14.75,,236.0,18.25,28.7,10.55,27.5,9.17,10.9,16.9,18.4,43.2,46.75,9.25,19.4,16.2,24.7,15.4,9.17,13.35,19.55,18.6,230.5,77.0,2035.0,30.9,145.0,58.5,98.6,129.0,27.9,93.9,93.6,12.2,37.1,301.5,16.95,42.25,26.2,68.5,43.3,56.5,,95.5,173.0,41.55,75.0,16.8,11.4,126.5,55.1,80.8,72.4,244.5,198.0,272.0,,,75.0,,,36.15,86.7,200.5,77.0,236.5,53.0,42.55,79.7,53.9
44.65,39.7,53.2,82.0,77.6,69.0,12.8,42.15,73.1,31.6,32.5,320.5,156.5,33.8,53.0,310.0,10.65,24.75,31.55,59.0,197.5,73.2,25.55,15.5,25.15,43.4,321.5,417.5,41.95,80.5,67.4,47.95,28.95,361.5,371.0,328.0,49.2,14.75,197.5,38.4,20.15,93.7,24.65,48.1,21.35,125.0,7.27,11.95,19.15,50.4,10.45,22.65,70.0,29.85,324.5,87.9,9.78,47.95,43.8,96.3,85.5,29.75,79.3,237.5,7.1,11.65,96.2,165.5,73.4,26.8,109.5,511.0,285.5,12.4,132.0,66.9,16.65,50.4,10.1,15.4,14.75,,236.0,18.2,28.7,10.55,27.5,9.17,10.85,16.9,18.4,43.2,46.75,9.25,19.35,16.2,24.7,15.45,9.17,13.35,19.55,18.6,230.5,76.8,2035.0,30.9,145.0,58.5,98.6,128.5,27.9,93.9,93.5,12.15,37.1,301.5,16.95,42.25,26.2,68.5,43.3,56.5,,95.2,173.0,41.55,75.0,16.8,11.4,126.5,55.1,80.8,72.4,244.5,198.0,272.0,,,75.0,,,36.2,86.7,200.5,77.0,236.5,52.9,42.55,79.7,53.8
44.65,39.7,53.2,82.0,77.7,69.0,12.8,42.2,73.1,31.55,32.5,320.0,156.5,33.75,52.8,310.0,10.7,24.75,31.55,59.0,197.5,73.2,25.6,15.5,25.15,43.35,321.5,417.5,41.95,80.4,67.4,47.95,28.95,361.5,371.0,328.0,49.2,14.75,197.5,38.35,20.1,93.8,24.65,48.15,21.35,125.0,7.27,12.0,19.2,50.4,10.45,22.65,70.0,29.85,325.0,87.9,9.78,47.95,43.75,96.2,85.5,29.8,79.3,237.5,7.1,11.6,96.2,165.5,73.4,26.8,109.5,511.0,284.5,12.4,132.0,66.9,16.7,50.4,10.1,15.4,14.7,,236.0,18.25,28.75,10.55,27.5,9.17,10.9,16.9,18.45,43.15,46.75,9.25,19.35,16.2,24.75,15.45,9.17,13.35,19.55,18.6,230.5,76.8,2040.0,30.9,145.5,58.5,98.7,128.5,27.9,93.9,93.5,12.15,37.1,301.5,17.0,42.3,26.2,68.5,43.3,56.5,,95.0,173.0,41.55,75.1,16.8,11.35,126.5,55.2,80.8,72.4,244.5,198.0,272.0,,,75.0,,,36.2,86.7,200.5,77.0,236.5,52.9,42.55,79.7,53.9
44.7,39.65,53.2,82.0,77.7,68.9,12.8,42.2,73.1,31.6,32.5,320.0,157.0,33.75,52.8,310.0,10.65,24.7,31.55,59.0,197.5,73.2,25.55,15.5,25.15,43.35,321.0,417.5,41.95,80.5,67.4,48.0,28.9,361.5,371.0,328.0,49.2,14.75,197.0,38.35,20.1,93.8,24.65,48.15,21.35,125.0,7.26,12.0,19.15,50.4,10.45,22.65,69.9,29.85,325.0,87.7,9.77,47.95,43.75,96.2,85.6,29.75,79.3,237.5,7.1,11.6,96.2,165.0,73.5,26.8,110.0,511.0,285.0,12.35,132.5,66.9,16.7,50.4,10.1,15.35,14.7,,236.0,18.25,28.75,10.6,27.5,9.16,10.9,16.9,18.45,43.2,46.8,9.25,19.4,16.2,24.7,15.4,9.17,13.35,19.55,18.65,230.5,76.8,2040.0,30.9,145.5,58.4,98.7,128.0,27.9,94.0,93.5,12.2,37.1,301.5,17.0,42.25,26.2,68.5,43.35,56.5,,94.8,173.0,41.55,75.1,16.8,11.35,126.5,55.1,80.9,72.4,244.5,198.0,272.0,,,75.0,,,36.2,86.5,201.0,77.0,236.5,53.1,42.6,79.7,53.8
44.65,39.7,53.2,82.2,77.7,68.9,12.75,42.15,73.0,31.6,32.5,320.0,157.0,33.7,52.8,310.0,10.7,24.7,31.55,59.0,197.5,73.2,25.55,15.5,25.15,43.35,321.5,417.5,41.95,80.5,67.4,47.95,28.9,361.5,371.0,328.0,49.2,14.7,197.0,38.35,20.1,93.7,24.65,48.15,21.35,124.5,7.26,12.0,19.15,50.4,10.45,22.65,69.9,29.9,325.0,87.7,9.77,47.95,43.8,96.3,85.6,29.7,79.4,237.5,7.1,11.65,96.2,165.5,73.5,26.85,110.0,511.0,285.0,12.35,132.0,66.9,16.7,50.4,10.1,15.4,14.7,,236.0,18.25,28.75,10.6,27.5,9.17,10.9,16.9,18.4,43.2,46.8,9.25,19.4,16.2,24.7,15.45,9.17,13.35,19.55,18.65,231.0,76.8,2040.0,30.9,145.0,58.4,98.6,128.0,27.85,94.1,93.5,12.2,37.1,301.5,17.0,42.3,26.2,68.5,43.35,56.4,,94.8,173.0,41.55,75.0,16.8,11.35,127.0,55.2,80.8,72.4,244.5,198.0,272.0,,,75.0,,,36.15,86.5,201.0,76.9,236.5,53.1,42.6,79.7,53.8
44.65,39.65,53.1,82.2,77.7,69.0,12.75,42.15,73.1,31.6,32.5,319.5,157.0,33.7,52.9,310.0,10.7,24.75,31.5,59.0,197.0,73.2,25.55,15.5,25.15,43.35,321.5,417.5,42.0,80.6,67.4,48.0,28.9,361.5,371.0,328.0,49.2,14.75,197.5,38.35,20.15,93.8,24.65,48.15,21.35,125.0,7.26,12.0,19.2,50.3,10.45,22.65,69.9,29.85,325.0,87.7,9.78,47.95,43.75,96.3,85.6,29.7,79.3,237.5,7.1,11.6,96.1,165.5,73.5,26.8,110.0,511.0,285.0,12.35,132.5,66.9,16.65,50.4,10.1,15.4,14.75,,236.0,18.25,28.75,10.6,27.5,9.17,10.9,16.9,18.4,43.2,46.8,9.26,19.4,16.2,24.75,15.45,9.17,13.4,19.55,18.65,231.0,76.8,2035.0,30.9,145.0,58.5,98.6,128.0,27.85,94.1,93.5,12.2,37.0,301.5,16.95,42.3,26.2,68.5,43.3,56.4,,94.8,173.0,41.55,75.0,16.75,11.35,126.5,55.2,80.9,72.4,245.0,198.0,272.0,,,75.0,,,36.15,86.3,201.0,76.9,236.5,53.1,42.6,79.7,53.8
44.55,39.65,53.1,82.2,77.7,69.0,12.8,42.15,73.1,31.6,32.55,319.5,156.5,33.7,52.9,310.0,10.7,24.75,31.55,59.0,197.0,73.2,25.55,15.5,25.15,43.35,321.5,417.5,42.0,80.5,67.3,48.0,28.95,361.5,371.0,328.0,49.2,14.7,197.5,38.35,20.15,93.8,24.65,48.15,21.3,125.0,7.26,12.0,19.2,50.3,10.4,22.6,70.0,29.85,325.0,87.7,9.77,48.0,43.75,96.3,85.5,29.7,79.3,237.5,7.1,11.65,96.1,165.5,73.5,26.8,110.0,511.0,285.0,12.4,132.0,66.9,16.65,50.4,10.1,15.4,14.7,,236.0,18.2,28.75,10.6,27.5,9.17,10.9,16.9,18.4,43.2,46.75,9.25,19.35,16.2,24.7,15.45,9.17,13.35,19.5,18.65,230.5,76.8,2040.0,30.9,145.0,58.5,98.6,128.0,27.9,94.1,93.5,12.2,37.0,301.0,16.95,42.3,26.2,68.5,43.3,56.4,,94.8,173.0,41.55,75.0,16.75,11.35,127.0,55.2,80.8,72.4,245.0,198.0,272.0,,,75.0,,,36.2,86.3,201.0,76.9,236.5,53.1,42.65,79.7,53.8
44.55,39.65,53.1,82.2,77.7,69.0,12.8,42.15,73.1,31.55,32.5,320.0,156.5,33.65,52.8,310.0,10.7,24.75,31.55,59.0,197.0,73.2,25.55,15.5,25.15,43.35,322.0,418.0,42.0,80.5,67.3,47.95,28.95,361.5,371.0,328.0,49.2,14.75,197.5,38.35,20.1,93.7,24.7,48.15,21.35,125.0,7.26,12.0,19.2,50.3,10.45,22.65,70.0,29.85,325.0,87.7,9.77,47.95,43.75,96.4,85.5,29.7,79.3,237.5,7.1,11.65,96.2,165.5,73.5,26.8,110.0,511.0,284.5,12.4,132.5,66.9,16.65,50.3,10.1,15.4,14.7,,236.0,18.2,28.75,10.55,27.5,9.17,10.85,16.9,18.4,43.15,46.8,9.25,19.4,16.2,24.7,15.45,9.17,13.35,19.5,18.65,230.5,77.0,2040.0,30.9,145.0,58.5,98.7,128.0,27.9,94.0,93.5,12.15,37.0,300.5,16.95,42.3,26.2,68.5,43.3,56.5,,94.8,173.0,41.55,75.0,16.75,11.35,127.0,55.1,80.8,72.4,245.0,198.0,272.0,,,75.0,,,36.2,86.3,201.0,76.9,236.5,53.1,42.65,79.7,53.9
44.55,39.7,53.1,82.2,77.7,69.0,12.8,42.2,73.1,31.6,32.55,320.0,156.5,33.7,52.8,310.5,10.7,24.75,31.55,59.0,197.0,73.2,25.55,15.5,25.15,43.4,322.0,418.0,42.0,80.5,67.4,48.0,28.95,361.5,371.0,328.0,49.2,14.75,197.5,38.4,20.1,93.8,24.65,48.2,21.4,124.5,7.27,11.95,19.2,50.4,10.45,22.65,70.0,29.85,325.0,87.7,9.77,47.95,43.8,96.4,85.5,29.7,79.4,237.5,7.1,11.6,96.2,165.5,73.5,26.8,110.0,510.0,284.5,12.4,132.5,66.8,16.65,50.4,10.1,15.35,14.7,,236.0,18.2,28.75,10.6,27.5,9.17,10.85,16.9,18.4,43.2,46.8,9.26,19.35,16.2,24.7,15.45,9.17,13.35,19.5,18.65,230.5,77.0,2040.0,30.9,145.0,58.5,98.6,128.0,27.9,94.0,93.5,12.15,37.0,301.0,16.95,42.35,26.2,68.5,43.35,56.4,,94.8,173.0,41.55,75.0,16.8,11.35,126.5,55.1,80.8,72.4,245.0,198.0,272.0,,,75.0,,,36.2,86.3,201.0,76.9,236.5,53.1,42.7,79.7,53.8
44.55,39.75,53.1,82.2,77.6,68.9,12.8,42.2,73.2,31.6,32.5,320.0,156.5,33.7,52.8,310.5,10.65,24.75,31.5,59.0,197.0,73.2,25.55,15.5,25.15,43.4,322.0,418.0,42.0,80.6,67.3,47.95,28.95,362.0,371.0,328.0,49.2,14.75,197.5,38.35,20.1,93.9,24.65,48.2,21.35,125.0,7.27,11.95,19.2,50.4,10.45,22.65,70.0,29.9,325.0,87.8,9.78,47.95,43.8,96.4,85.6,29.75,79.4,237.5,7.1,11.65,96.2,166.0,73.5,26.85,110.0,511.0,284.5,12.4,132.5,66.9,16.7,50.4,10.1,15.4,14.7,,236.0,18.25,28.75,10.6,27.5,9.16,10.85,16.95,18.4,43.15,46.8,9.25,19.4,16.2,24.7,15.4,9.17,13.4,19.55,18.65,231.0,76.9,2040.0,30.9,145.5,58.5,98.6,128.0,27.9,94.0,93.5,12.15,37.0,301.0,16.95,42.35,26.2,68.5,43.3,56.2,,94.9,173.0,41.55,75.0,16.8,11.35,126.5,55.1,80.8,72.4,245.0,198.0,272.0,,,74.9,,,36.2,86.3,201.0,76.9,236.5,53.1,42.7,79.7,53.9
44.55,39.75,53.1,82.2,77.7,69.0,12.8,42.2,73.1,31.55,32.5,319.5,156.5,33.7,52.8,310.5,10.7,24.75,31.5,59.0,196.5,73.2,25.55,15.5,25.15,43.4,322.0,418.0,42.0,80.5,67.3,48.0,29.0,362.0,371.0,328.0,49.2,14.75,197.5,38.35,20.1,93.8,24.65,48.2,21.35,124.5,7.27,12.0,19.2,50.4,10.45,22.65,70.0,29.85,325.0,87.8,9.78,47.95,43.75,96.4,85.7,29.75,79.4,237.5,7.1,11.65,96.3,166.0,73.5,26.8,110.0,511.0,284.0,12.35,132.0,66.8,16.65,50.4,10.1,15.4,14.7,,236.0,18.2,28.75,10.6,27.45,9.17,10.9,16.95,18.4,43.15,46.85,9.25,19.4,16.2,24.7,15.45,9.17,13.35,19.55,18.65,231.0,76.9,2040.0,30.9,145.5,58.4,98.7,128.0,27.9,94.0,93.5,12.2,37.0,301.0,17.0,42.35,26.2,68.6,43.3,56.2,,95.0,173.0,41.6,75.0,16.75,11.4,126.5,55.1,80.8,72.4,245.0,198.0,272.0,,,75.0,,,36.2,86.5,201.0,76.9,236.5,53.1,42.7,79.7,53.9
44.5,39.75,53.1,82.2,77.7,69.0,12.8,42.2,73.1,31.6,32.5,319.5,156.5,33.7,52.9,310.5,10.7,24.75,31.55,59.0,196.5,73.2,25.55,15.5,25.2,43.4,322.0,418.0,42.0,80.5,67.3,48.0,28.95,361.5,371.0,328.0,49.2,14.7,197.5,38.35,20.1,93.8,24.65,48.2,21.3,124.5,7.27,12.0,19.2,50.4,10.45,22.6,69.9,29.85,325.5,87.8,9.78,47.95,43.75,96.4,85.6,29.75,79.5,237.5,7.1,11.65,96.3,166.0,73.5,26.85,109.5,510.0,284.0,12.4,132.5,67.0,16.65,50.3,10.1,15.4,14.7,,236.0,18.25,28.75,10.6,27.5,9.17,10.9,16.95,18.4,43.2,46.8,9.25,19.35,16.2,24.75,15.45,9.17,13.4,19.55,18.65,231.0,76.8,2040.0,30.9,145.5,58.5,98.6,127.5,27.9,94.2,93.5,12.15,37.0,300.5,16.95,42.35,26.2,68.5,43.3,56.3,,95.0,173.0,41.6,75.0,16.75,11.4,126.5,55.2,80.8,72.4,245.0,198.0,272.0,,,75.1,,,36.15,86.5,201.0,76.9,236.5,53.2,42.6,79.7,53.9
44.5,39.7,53.2,82.2,77.7,69.0,12.8,42.2,73.2,31.6,32.5,319.5,156.5,33.7,52.9,310.0,10.7,24.75,31.5,59.1,196.0,73.5,25.55,15.5,25.2,43.35,321.5,418.0,42.0,80.5,67.3,48.0,29.0,361.0,371.0,328.0,49.2,14.75,197.5,38.35,20.1,93.9,24.7,48.2,21.35,125.0,7.27,12.0,19.2,50.4,10.45,22.65,69.9,29.85,325.0,87.8,9.77,47.95,43.8,96.4,85.7,29.75,79.4,237.5,7.1,11.65,96.2,166.0,73.5,26.8,109.5,511.0,284.0,12.35,132.5,67.0,16.65,50.4,10.1,15.4,14.7,,236.0,18.2,28.75,10.6,27.5,9.17,10.9,16.95,18.45,43.2,46.85,9.25,19.35,16.25,24.75,15.45,9.17,13.4,19.55,18.65,231.0,77.0,2040.0,30.9,145.0,58.4,98.7,126.5,27.9,94.0,93.6,12.2,37.0,301.0,17.0,42.35,26.2,68.5,43.25,56.3,,94.9,173.0,41.6,75.0,16.75,11.4,126.5,55.2,80.8,72.4,245.0,198.0,272.0,,,75.2,,,36.2,86.5,201.0,77.0,236.5,53.2,42.7,79.7,54.0
44.5,39.65,53.1,82.1,77.7,69.0,12.85,42.2,73.2,31.6,32.5,319.0,156.5,33.7,52.9,310.0,10.7,24.75,31.55,59.0,196.5,73.5,25.55,15.5,25.2,43.4,321.5,417.5,42.0,80.5,67.4,47.95,28.95,361.0,371.0,328.0,49.2,14.75,197.5,38.3,20.1,93.8,24.65,48.2,21.35,125.0,7.27,12.0,19.15,50.3,10.45,22.65,69.9,29.85,325.0,87.8,9.78,47.95,43.8,96.4,85.7,29.75,79.4,237.5,7.1,11.65,96.2,165.5,73.5,26.8,109.5,511.0,284.0,12.4,132.5,67.0,16.65,50.3,10.1,15.4,14.7,,236.0,18.2,28.75,10.6,27.45,9.17,10.85,16.95,18.45,43.2,46.85,9.25,19.4,16.2,24.75,15.4,9.17,13.4,19.55,18.65,230.5,77.0,2040.0,30.9,145.0,58.4,98.7,126.0,27.9,94.0,93.6,12.15,36.85,301.0,16.95,42.4,26.2,68.6,43.2,56.3,,95.0,173.0,41.55,75.0,16.75,11.4,126.5,55.1,80.9,72.4,245.0,198.0,272.0,,,75.2,,,36.15,86.5,201.0,77.0,236.5,53.2,42.7,79.7,54.0
44.5,39.7,53.2,82.2,77.6,68.9,12.8,42.2,73.1,31.6,32.55,319.0,156.5,33.7,52.8,310.0,10.7,24.75,31.55,59.1,196.5,73.3,25.55,15.5,25.15,43.4,321.5,418.0,42.0,80.5,67.4,47.95,29.0,362.0,371.0,327.5,49.2,14.75,197.5,38.3,20.1,93.9,24.7,48.2,21.35,125.0,7.26,12.0,19.15,50.3,10.45,22.65,70.0,29.85,325.0,87.8,9.78,47.95,43.75,96.5,85.6,29.75,79.4,237.5,7.1,11.65,96.2,165.5,73.5,26.85,110.0,511.0,283.5,12.4,132.5,67.0,16.65,50.3,10.1,15.45,14.7,,236.0,18.2,28.75,10.6,27.45,9.17,10.85,16.95,18.45,43.2,46.85,9.25,19.35,16.2,24.7,15.45,9.17,13.35,19.55,18.65,230.5,76.8,2040.0,30.9,145.0,58.5,98.6,126.0,27.85,94.0,93.6,12.15,36.85,301.5,16.95,42.4,26.2,68.5,43.2,56.3,,95.0,173.0,41.55,75.0,16.75,11.4,126.5,55.2,80.8,72.4,245.0,198.0,272.0,,,75.2,,,36.2,86.6,201.0,77.0,236.5,53.3,42.7,79.7,54.0
44.5,39.75,53.2,82.2,77.6,68.9,12.8,42.2,73.2,31.6,32.5,319.0,156.5,33.7,52.7,310.0,10.7,24.75,31.5,59.1,196.5,73.3,25.55,15.5,25.2,43.4,322.0,418.5,42.0,80.5,67.4,48.0,28.95,362.0,371.0,327.5,49.2,14.7,197.5,38.25,20.1,93.9,24.65,48.2,21.35,124.5,7.27,11.95,19.15,50.3,10.45,22.65,70.0,29.85,324.5,87.8,9.77,47.95,43.8,96.6,85.6,29.75,79.4,237.5,7.1,11.65,96.2,166.0,73.4,26.8,110.0,510.0,284.0,12.4,132.5,67.0,16.65,50.4,10.1,15.45,14.7,,236.0,18.2,28.75,10.6,27.45,9.17,10.9,16.95,18.45,43.2,46.8,9.25,19.35,16.2,24.75,15.45,9.17,13.4,19.5,18.6,230.5,77.0,2040.0,30.9,145.0,58.5,98.6,126.5,27.85,94.0,93.5,12.15,36.85,301.0,16.95,42.4,26.2,68.5,43.15,56.4,,95.0,173.0,41.6,74.9,16.75,11.4,126.5,55.1,80.7,72.4,245.0,198.0,272.0,,,75.1,,,36.2,86.6,201.0,77.0,236.5,53.2,42.7,79.7,54.0
44.5,39.75,53.1,82.2,77.7,68.9,12.75,42.2,73.2,31.6,32.5,319.0,157.0,33.7,52.7,310.0,10.7,24.75,31.55,59.0,196.0,73.3,25.55,15.5,25.15,43.4,322.0,418.5,41.95,80.5,67.3,47.95,28.95,362.0,371.0,327.5,49.2,14.7,197.5,38.25,20.05,93.9,24.7,48.2,21.35,124.5,7.27,11.95,19.15,50.4,10.45,22.65,70.0,29.85,324.5,87.8,9.77,47.9,43.8,96.6,85.5,29.75,79.4,237.5,7.1,11.65,96.2,166.0,73.4,26.85,109.5,510.0,283.5,12.35,132.5,66.9,16.65,50.4,10.1,15.45,14.7,,236.0,18.2,28.75,10.6,27.45,9.17,10.9,16.95,18.45,43.15,46.85,9.25,19.35,16.2,24.7,15.45,9.17,13.4,19.5,18.6,231.0,76.9,2040.0,30.9,145.5,58.5,98.6,126.5,27.9,94.0,93.5,12.2,36.85,301.0,16.95,42.35,26.2,68.6,43.15,56.4,,95.0,173.0,41.55,74.9,16.8,11.4,127.0,55.1,80.7,72.4,245.0,198.0,272.0,,,75.1,,,36.2,86.5,201.0,77.0,236.0,53.2,42.7,79.7,54.0
44.5,39.7,53.2,82.2,77.7,68.9,12.8,42.2,73.1,31.6,32.5,319.0,157.0,33.65,52.8,310.0,10.7,24.75,31.55,59.0,196.0,73.3,25.5,15.5,25.15,43.4,322.0,418.5,42.0,80.5,67.3,47.95,28.9,362.0,371.0,327.5,49.2,14.75,197.5,38.25,20.1,93.8,24.65,48.2,21.35,124.5,7.27,12.0,19.15,50.4,10.4,22.65,70.0,29.85,324.5,87.7,9.77,47.9,43.8,96.6,85.6,29.75,79.4,237.5,7.1,11.65,96.2,165.5,73.5,26.8,109.5,511.0,283.5,12.35,132.5,67.0,16.7,50.4,10.1,15.45,14.7,,236.0,18.2,28.75,10.55,27.45,9.17,10.9,16.95,18.4,43.2,46.85,9.25,19.4,16.2,24.7,15.4,9.17,13.4,19.55,18.65,231.0,77.0,2040.0,30.9,145.5,58.5,98.6,127.0,27.9,94.0,93.7,12.15,36.85,301.0,16.95,42.35,26.2,68.5,43.15,56.4,,94.9,173.0,41.55,74.9,16.8,11.4,126.5,55.1,80.7,72.3,245.0,198.0,272.0,,,75.1,,,36.15,86.5,201.0,77.0,236.0,53.2,42.7,79.7,54.0
44.5,39.7,53.2,82.2,77.7,69.0,12.75,42.2,73.1,31.6,32.55,319.0,157.0,33.75,52.8,310.0,10.7,24.75,31.55,59.0,196.0,73.3,25.5,15.5,25.15,43.4,321.5,419.0,42.0,80.5,67.3,47.95,28.9,362.0,371.0,328.0,49.15,14.7,197.5,38.25,20.05,93.9,24.65,48.2,21.4,125.0,7.27,11.95,19.2,50.4,10.4,22.65,69.9,29.8,324.5,87.7,9.77,47.9,43.8,96.5,85.6,29.75,79.3,237.5,7.1,11.65,96.2,165.5,73.5,26.8,109.5,511.0,284.0,12.35,133.0,66.9,16.65,50.3,10.1,15.45,14.7,,236.0,18.15,28.75,10.55,27.5,9.17,10.9,16.95,18.4,43.15,46.85,9.26,19.4,16.2,24.7,15.4,9.17,13.4,19.5,18.65,230.5,77.0,2040.0,30.9,145.0,58.5,98.6,127.0,27.9,94.0,93.5,12.15,36.85,301.0,16.95,42.4,26.2,68.6,43.15,56.4,,94.9,173.0,41.6,75.0,16.8,11.4,126.5,55.1,80.7,72.3,245.0,198.0,272.0,,,75.0,,,36.2,86.5,201.0,77.0,236.0,53.2,42.75,79.7,53.9
44.5,39.65,53.2,82.1,77.7,68.9,12.8,42.2,73.2,31.55,32.5,319.0,156.5,33.75,52.8,310.0,10.7,24.75,31.55,59.0,196.0,73.3,25.55,15.55,25.15,43.4,321.5,419.0,42.0,80.5,67.3,47.95,28.9,361.0,371.0,328.0,49.15,14.7,197.5,38.25,20.05,93.9,24.65,48.2,21.35,124.5,7.27,11.95,19.2,50.4,10.4,22.65,69.9,29.85,324.5,87.7,9.77,47.9,43.8,96.4,85.6,29.75,79.3,237.5,7.1,11.65,96.2,165.5,73.5,26.8,110.0,511.0,284.5,12.35,133.0,66.9,16.65,50.4,10.1,15.4,14.75,,236.0,18.15,28.75,10.6,27.45,9.17,10.9,16.95,18.4,43.2,46.85,9.25,19.4,16.2,24.7,15.45,9.17,13.4,19.5,18.65,230.5,77.1,2040.0,30.9,145.0,58.5,98.6,127.0,27.9,94.0,93.5,12.2,36.85,300.5,16.95,42.35,26.15,68.6,43.2,56.4,,95.0,173.0,41.6,75.0,16.8,11.4,126.5,55.1,80.7,72.3,245.0,198.0,272.0,,,75.0,,,36.2,86.3,201.0,77.0,236.0,53.2,42.75,79.7,53.9
44.5,39.75,53.2,82.1,77.6,68.9,12.8,42.2,73.1,31.6,32.5,319.0,156.5,33.7,52.7,310.0,10.65,24.75,31.6,58.9,196.5,73.3,25.5,15.5,25.15,43.4,321.5,419.0,42.0,80.5,67.3,48.0,28.9,361.0,371.0,328.0,49.15,14.7,197.0,38.25,20.05,93.9,24.65,48.2,21.35,125.0,7.27,11.95,19.2,50.4,10.4,22.6,70.0,29.85,324.5,87.7,9.77,47.9,43.8,96.4,85.5,29.75,79.3,238.0,7.1,11.6,96.2,165.5,73.5,26.8,110.0,511.0,284.5,12.35,133.0,66.9,16.65,50.3,10.1,15.4,14.7,,236.0,18.15,28.75,10.6,27.45,9.17,10.85,16.95,18.4,43.15,46.8,9.25,19.4,16.2,24.7,15.45,9.18,13.4,19.5,18.65,230.5,77.0,2040.0,30.9,145.0,58.5,98.6,127.0,27.9,94.0,93.5,12.15,36.85,301.0,16.95,42.35,26.15,68.5,43.2,56.4,,95.0,173.0,41.6,75.0,16.8,11.4,126.5,55.2,80.7,72.3,245.0,198.0,272.0,,,75.0,,,36.2,86.2,201.0,77.0,236.0,53.2,42.75,79.7,53.9
44.5,39.75,53.1,82.1,77.7,68.9,12.8,42.2,73.1,31.6,32.5,319.0,156.5,33.75,52.7,309.0,10.7,24.75,31.65,59.0,196.5,73.2,25.55,15.5,25.2,43.45,321.5,419.0,42.0,80.5,67.3,48.0,28.9,361.0,371.0,328.0,49.2,14.75,197.0,38.25,20.05,93.8,24.65,48.2,21.4,124.5,7.27,11.95,19.2,50.3,10.45,22.65,70.0,29.85,324.5,87.7,9.77,47.9,43.8,96.4,85.5,29.75,79.3,237.5,7.1,11.65,96.3,165.5,73.5,26.85,110.0,511.0,284.5,12.35,133.5,66.9,16.7,50.4,10.1,15.4,14.7,,236.0,18.2,28.75,10.6,27.45,9.17,10.9,16.95,18.4,43.2,46.85,9.25,19.4,16.2,24.7,15.4,9.17,13.4,19.55,18.65,230.5,77.0,2040.0,30.9,145.0,58.5,98.6,127.0,27.85,94.2,93.5,12.2,36.85,301.0,16.95,42.35,26.15,68.5,43.15,56.4,,95.0,173.0,41.55,74.9,16.8,11.35,126.5,55.2,80.8,72.3,245.0,198.0,272.0,,,75.2,,,36.2,86.2,201.0,77.0,236.0,53.2,42.75,79.7,53.9
44.5,39.7,53.1,82.1,77.7,68.9,12.8,42.2,73.1,31.6,32.5,319.5,156.5,33.75,52.8,309.0,10.7,24.75,31.65,59.0,196.5,73.3,25.55,15.55,25.15,43.4,321.5,418.0,42.0,80.5,67.3,47.95,28.9,361.0,371.0,328.0,49.15,14.75,197.0,38.2,20.05,93.8,24.65,48.15,21.35,125.0,7.26,11.95,19.2,50.4,10.45,22.65,69.9,29.85,324.5,87.7,9.78,47.9,43.8,96.4,85.5,29.75,79.3,237.5,7.1,11.65,96.2,166.0,73.5,26.85,110.0,511.0,285.0,12.35,133.0,66.9,16.65,50.4,10.1,15.45,14.7,,236.0,18.15,28.7,10.6,27.45,9.17,10.9,16.95,18.4,43.15,46.85,9.25,19.4,16.2,24.7,15.45,9.17,13.4,19.5,18.65,230.5,77.0,2040.0,30.9,145.0,58.5,98.6,127.0,27.9,94.2,93.5,12.15,36.85,301.0,16.95,42.35,26.15,68.5,43.2,56.4,,95.0,173.0,41.55,74.9,16.75,11.4,126.5,55.2,80.7,72.3,245.0,198.0,272.0,,,75.2,,,36.15,86.2,201.0,77.0,236.0,53.2,42.75,79.7,53.9
44.5,39.7,53.1,82.1,77.7,68.9,12.8,42.2,73.1,31.6,32.5,319.5,156.5,33.7,52.8,309.0,10.7,24.75,31.6,59.1,196.5,73.3,25.5,15.5,25.15,43.4,321.5,418.0,42.0,80.5,67.2,48.0,28.9,361.5,371.0,328.0,49.1,14.75,197.0,38.2,20.05,93.9,24.65,48.2,21.35,125.0,7.26,11.95,19.2,50.3,10.45,22.6,70.0,29.85,324.5,87.7,9.77,47.95,43.8,96.4,85.4,29.75,79.4,237.5,7.1,11.65,96.2,165.5,73.5,26.85,110.0,511.0,285.0,12.35,133.0,66.9,16.65,50.3,10.1,15.45,14.7,,236.0,18.15,28.7,10.6,27.45,9.17,10.9,16.95,18.45,43.2,46.85,9.25,19.4,16.2,24.75,15.45,9.17,13.4,19.5,18.65,230.5,76.9,2040.0,30.9,145.0,58.5,98.6,127.5,27.9,94.1,93.5,12.15,36.85,301.0,16.95,42.35,26.15,68.5,43.2,56.4,,95.0,173.0,41.55,74.9,16.8,11.4,126.5,55.2,80.7,72.3,245.0,198.0,271.0,,,75.2,,,36.15,86.3,201.5,77.0,236.0,53.2,42.7,79.7,53.9
44.5,39.7,53.1,82.1,77.7,68.9,12.8,42.2,73.1,31.6,32.5,319.5,156.5,33.7,52.7,308.5,10.7,24.7,31.65,59.1,197.0,73.3,25.5,15.5,25.15,43.4,321.5,418.0,42.0,80.4,67.3,48.0,28.9,361.5,371.0,328.0,49.1,14.7,197.0,38.15,20.05,93.9,24.65,48.15,21.3,124.5,7.27,11.95,19.2,50.3,10.4,22.7,70.0,29.85,324.5,87.6,9.77,47.9,43.75,96.4,85.4,29.75,79.3,237.5,7.1,11.65,96.2,165.5,73.6,26.85,110.0,511.0,285.0,12.35,133.0,66.9,16.7,50.4,10.1,15.4,14.7,,236.0,18.15,28.7,10.6,27.45,9.17,10.9,16.95,18.4,43.15,46.85,9.25,19.35,16.2,24.75,15.4,9.17,13.4,19.5,18.65,230.5,76.9,2040.0,30.9,145.0,58.5,98.6,128.0,27.85,94.1,93.5,12.2,36.85,300.5,16.95,42.35,26.15,68.5,43.15,56.4,,95.0,173.0,41.55,75.0,16.75,11.4,126.5,55.2,80.6,72.3,245.0,198.0,271.0,,,75.2,,,36.2,86.3,201.5,77.0,236.0,53.1,42.75,79.6,53.9
44.55,39.65,53.0,82.2,77.7,69.0,12.8,42.2,73.1,31.6,32.5,319.5,156.5,33.7,52.8,308.5,10.7,24.7,31.65,59.0,197.0,73.3,25.55,15.5,25.15,43.4,321.0,418.0,42.0,80.4,67.3,48.0,28.9,361.0,371.0,328.0,49.1,14.7,197.0,38.15,20.05,93.9,24.65,48.2,21.3,124.5,7.26,11.95,19.15,50.3,10.4,22.7,70.0,29.85,324.5,87.6,9.77,47.9,43.8,96.4,85.5,29.75,79.3,237.5,7.1,11.65,96.2,165.5,73.5,26.8,110.0,510.0,285.0,12.35,133.0,66.9,16.65,50.4,10.1,15.45,14.75,,235.0,18.15,28.75,10.55,27.55,9.17,10.9,16.95,18.4,43.15,46.85,9.25,19.35,16.2,24.7,15.45,9.17,13.4,19.55,18.65,230.5,76.9,2040.0,30.9,145.0,58.4,98.7,127.5,27.85,94.1,93.5,12.2,36.85,301.0,16.95,42.35,26.15,68.5,43.2,56.4,,95.0,173.0,41.55,74.9,16.75,11.4,126.5,55.2,80.7,72.4,245.0,198.0,271.0,,,75.2,,,36.2,86.3,201.5,77.0,236.0,53.4,42.75,79.6,53.8
44.5,39.7,53.0,82.2,77.7,69.0,12.8,42.2,73.1,31.6,32.55,319.5,156.5,33.7,52.7,308.5,10.7,24.7,31.65,59.0,197.0,73.3,25.55,15.5,25.15,43.4,321.5,418.0,42.0,80.5,67.3,48.0,28.9,361.0,371.0,328.0,49.05,14.65,197.0,38.1,20.05,93.9,24.65,48.15,21.35,125.0,7.27,11.95,19.15,50.3,10.4,22.65,70.0,29.85,325.0,87.6,9.77,47.9,43.85,96.4,85.6,29.75,79.3,237.5,7.1,11.6,96.3,165.5,73.6,26.8,110.0,511.0,285.0,12.35,133.0,66.9,16.65,50.3,10.1,15.45,14.7,,235.0,18.15,28.7,10.55,27.5,9.17,10.9,16.95,18.4,43.2,46.85,9.24,19.4,16.2,24.75,15.45,9.17,13.4,19.55,18.65,230.5,77.0,2040.0,30.9,145.5,58.5,98.7,128.0,27.85,94.0,93.4,12.2,36.85,300.5,16.95,42.35,26.15,68.5,43.2,56.4,,95.0,173.0,41.6,74.9,16.75,11.4,126.5,55.2,80.7,72.3,245.0,198.0,271.0,,,75.0,,,36.15,86.3,201.5,77.0,236.0,53.2,42.8,79.6,53.9
44.55,39.7,53.1,82.2,77.7,68.9,12.75,42.2,73.2,31.6,32.5,319.5,156.5,33.7,52.7,308.5,10.7,24.7,31.65,59.0,197.0,73.3,25.5,15.5,25.15,43.4,321.5,418.0,42.0,80.4,67.3,48.0,28.9,361.0,370.5,328.0,49.05,14.65,197.0,38.1,20.05,93.9,24.7,48.15,21.35,125.0,7.26,11.95,19.15,50.3,10.4,22.65,70.0,29.85,325.0,87.6,9.77,47.9,43.85,96.4,85.5,29.75,79.3,237.5,7.1,11.6,96.2,166.0,74.0,26.8,110.0,511.0,285.0,12.35,133.0,66.9,16.7,50.4,10.1,15.35,14.7,,235.0,18.2,28.75,10.55,27.5,9.17,10.9,16.95,18.4,43.2,46.85,9.24,19.35,16.2,24.7,15.45,9.17,13.45,19.55,18.65,230.5,77.0,2040.0,30.9,145.5,58.4,98.6,128.0,27.85,94.0,93.5,12.15,36.85,300.5,17.0,42.3,26.15,68.5,43.2,56.4,,94.9,173.0,41.6,74.9,16.75,11.35,126.5,55.1,80.8,72.3,245.0,198.0,271.0,,,75.0,,,36.2,86.3,201.0,77.0,235.5,53.2,42.75,79.7,53.9
44.5,39.7,53.0,82.2,77.6,68.9,12.75,42.2,73.2,31.6,32.5,319.5,157.0,33.7,52.7,308.0,10.65,24.7,31.65,59.0,197.0,73.3,25.55,15.5,25.1,43.4,321.5,418.0,42.0,80.5,67.3,47.95,28.95,361.0,370.5,327.0,49.1,14.65,197.0,38.1,20.05,93.9,24.65,48.15,21.35,125.0,7.26,11.95,19.15,50.3,10.4,22.7,70.0,29.9,325.0,87.6,9.77,47.9,43.85,96.4,85.5,29.75,79.3,237.5,7.1,11.65,96.3,165.5,73.6,26.8,110.0,510.0,284.5,12.35,133.0,66.9,16.7,50.3,10.1,15.4,14.7,,236.0,18.15,28.75,10.6,27.5,9.17,10.9,16.95,18.4,43.15,46.85,9.25,19.35,16.2,24.75,15.4,9.17,13.4,19.55,18.65,230.5,77.0,2040.0,30.9,145.5,58.4,98.6,127.5,27.85,94.0,93.5,12.15,36.85,300.5,17.0,42.35,26.1,68.5,43.2,56.4,,95.0,173.0,41.55,74.9,16.75,11.4,126.5,55.1,80.7,72.3,244.5,198.0,271.0,,,75.0,,,36.15,86.2,201.0,77.0,235.5,53.2,42.7,79.7,53.9
44.5,39.7,53.0,82.2,77.7,69.0,12.75,42.2,73.2,31.6,32.5,319.0,157.0,33.75,52.7,310.0,10.65,24.7,31.65,59.1,196.5,73.3,25.6,15.5,25.15,43.4,321.0,418.5,42.0,80.4,67.3,47.95,28.9,361.0,370.5,327.0,49.1,14.7,197.0,38.1,20.05,93.9,24.65,48.2,21.35,125.0,7.26,12.0,19.15,50.3,10.45,22.65,69.9,29.85,325.0,87.7,9.78,47.9,43.85,96.4,85.6,29.75,79.4,237.5,7.1,11.6,96.2,166.0,73.6,26.8,109.5,511.0,285.0,12.35,133.0,66.9,16.7,50.4,10.1,15.4,14.7,,236.0,18.15,28.75,10.6,27.5,9.17,10.9,16.95,18.4,43.15,46.85,9.24,19.35,16.25,24.7,15.4,9.18,13.4,19.55,18.65,230.5,76.9,2040.0,30.9,145.5,58.4,98.6,127.5,27.9,94.1,93.5,12.15,36.85,300.0,16.95,42.3,26.1,68.5,43.2,56.4,,95.0,173.0,41.6,75.0,16.75,11.4,126.5,55.2,80.6,72.3,244.5,198.0,271.0,,,75.0,,,36.2,86.2,200.5,77.0,235.5,53.1,42.75,79.6,53.9
44.55,39.65,53.0,82.2,77.7,68.9,12.8,42.2,73.2,31.6,32.5,319.0,156.5,33.75,52.6,309.0,10.65,24.75,31.6,59.0,197.0,73.2,25.6,15.5,25.1,43.4,321.0,418.5,42.0,80.4,67.3,48.0,28.9,361.0,370.5,327.0,49.05,14.75,197.0,38.15,20.05,93.8,24.7,48.1,21.35,125.0,7.27,12.0,19.2,50.3,10.45,22.7,70.0,29.85,325.0,87.7,9.78,47.9,43.85,96.3,85.5,29.75,79.4,237.5,7.1,11.65,96.2,166.0,73.6,26.8,109.5,511.0,285.0,12.35,133.0,67.0,16.7,50.3,10.1,15.45,14.7,,236.0,18.15,28.75,10.6,27.45,9.17,10.9,16.9,18.4,43.15,46.85,9.25,19.4,16.2,24.7,15.45,9.17,13.35,19.55,18.65,230.5,76.9,2040.0,30.9,145.5,58.4,98.6,127.5,27.9,94.1,93.5,12.15,36.85,298.5,17.0,42.35,26.15,68.5,43.2,56.4,,95.0,173.0,41.6,75.0,16.75,11.4,126.5,55.1,80.6,72.3,244.5,198.0,271.0,,,75.0,,,36.15,86.2,200.5,77.0,235.5,53.1,42.75,79.6,53.9
44.55,39.7,53.0,82.2,77.6,68.9,12.75,42.2,73.1,31.6,32.55,319.5,156.5,33.7,52.7,309.0,10.7,24.75,31.65,59.0,196.5,73.2,25.55,15.5,25.15,43.4,321.0,418.5,42.0,80.3,67.3,47.95,28.9,360.5,370.5,327.0,49.05,14.7,197.5,38.15,20.05,93.9,24.65,48.1,21.35,125.0,7.26,12.0,19.15,50.3,10.4,22.7,70.0,29.85,324.5,87.7,9.78,47.9,43.85,96.3,85.5,29.75,79.3,237.5,7.1,11.6,96.2,166.0,73.6,26.8,109.5,511.0,284.5,12.35,133.0,67.0,16.7,50.4,10.1,15.45,14.7,,236.0,18.2,28.7,10.6,27.45,9.17,10.85,16.9,18.4,43.2,46.85,9.24,19.4,16.2,24.7,15.45,9.18,13.35,19.5,18.65,230.5,77.0,2040.0,30.9,145.5,58.5,98.6,127.5,27.9,94.1,93.6,12.15,36.85,298.0,16.95,42.3,26.15,68.5,43.2,56.4,,95.0,173.0,41.6,75.0,16.75,11.4,126.5,55.1,80.6,72.3,244.5,198.0,271.0,,,75.0,,,36.2,86.2,200.5,77.0,235.5,53.1,42.75,79.6,53.9
44.5,39.7,53.0,82.2,77.7,69.0,12.75,42.2,73.2,31.6,32.55,319.0,156.5,33.7,52.7,308.0,10.65,24.75,31.6,59.0,196.5,73.2,25.55,15.5,25.1,43.4,321.0,418.5,42.0,80.2,67.3,47.95,28.95,360.5,370.5,327.0,49.1,14.7,197.5,38.2,20.05,93.9,24.65,48.1,21.3,124.5,7.26,12.0,19.15,50.3,10.4,22.7,70.0,29.85,325.0,87.7,9.77,47.9,43.85,96.4,85.6,29.75,79.4,237.5,7.1,11.6,96.2,166.0,73.8,26.8,109.5,510.0,285.0,12.35,133.0,67.0,16.7,50.3,10.1,15.45,14.7,,236.0,18.15,28.75,10.6,27.45,9.17,10.85,16.9,18.35,43.2,46.85,9.24,19.4,16.25,24.75,15.4,9.17,13.35,19.5,18.65,230.5,77.0,2040.0,30.9,145.5,58.4,98.6,127.5,27.85,94.2,93.6,12.15,36.85,298.5,16.95,42.3,26.15,68.5,43.2,56.4,,95.0,173.0,41.6,75.0,16.75,11.4,126.5,55.2,80.6,72.3,244.5,198.0,271.0,,,75.0,,,36.15,86.2,200.5,77.0,235.5,53.1,42.75,79.6,53.8
44.55,39.75,53.0,82.2,77.7,68.9,12.75,42.2,73.1,31.65,32.5,319.5,156.5,33.7,52.8,309.5,10.65,24.75,31.65,59.0,196.5,73.2,25.55,15.5,25.15,43.4,321.0,418.5,42.0,80.3,67.3,47.95,28.9,360.5,370.5,326.5,49.05,14.7,197.5,38.25,20.0,93.9,24.65,48.1,21.3,125.0,7.26,12.0,19.15,50.3,10.4,22.7,70.0,29.85,324.5,87.7,9.77,47.95,43.8,96.4,85.5,29.7,79.4,237.5,7.1,11.6,96.2,166.0,73.6,26.8,109.5,510.0,285.0,12.4,133.0,66.9,16.7,50.4,10.1,15.45,14.7,,236.0,18.2,28.75,10.6,27.45,9.17,10.9,16.9,18.35,43.15,46.85,9.24,19.35,16.2,24.7,15.45,9.17,13.35,19.5,18.65,230.5,77.0,2040.0,30.9,145.5,58.4,98.7,127.5,27.9,94.1,93.7,12.15,36.85,299.0,17.0,42.35,26.2,68.5,43.2,56.5,,95.1,173.0,41.55,75.0,16.75,11.4,126.5,55.1,80.6,72.2,244.5,198.0,271.0,,,75.1,,,36.15,86.2,200.5,77.0,235.5,53.1,42.75,79.6,53.9
44.5,39.75,52.9,82.2,77.7,68.9,12.75,42.2,73.1,31.55,32.5,319.5,156.5,33.7,52.8,309.5,10.7,24.75,31.65,59.0,196.5,73.2,25.55,15.5,25.1,43.4,321.5,418.0,42.0,80.2,67.3,47.95,28.9,360.5,370.5,326.5,49.05,14.7,198.0,38.25,20.05,93.9,24.65,48.15,21.35,125.0,7.26,12.0,19.15,50.3,10.45,22.7,70.0,29.85,324.5,87.7,9.77,47.9,43.85,96.4,85.5,29.7,79.3,237.5,7.1,11.6,96.2,166.0,73.6,26.8,109.5,510.0,284.5,12.35,133.0,66.9,16.7,50.4,10.1,15.45,14.7,,236.0,18.15,28.7,10.6,27.5,9.17,10.9,16.9,18.35,43.15,46.85,9.24,19.4,16.2,24.7,15.45,9.17,13.35,19.55,18.65,230.5,77.0,2040.0,30.85,145.5,58.4,98.7,127.0,27.85,93.9,93.7,12.15,36.85,299.0,16.95,42.3,26.2,68.5,43.2,56.5,,95.0,173.0,41.55,75.0,16.8,11.4,127.0,55.1,80.6,72.2,244.5,198.0,271.0,,,75.1,,,36.2,86.2,200.5,77.0,235.5,53.1,42.75,79.6,53.9
44.5,39.7,52.9,82.2,77.7,68.9,12.7,42.2,73.2,31.6,32.55,319.5,156.5,33.7,52.7,309.5,10.65,24.75,31.65,58.9,196.5,73.2,25.5,15.5,25.1,43.4,321.0,418.0,42.0,80.2,67.3,48.0,28.9,360.5,370.5,326.5,49.1,14.7,197.5,38.25,20.05,93.9,24.65,48.15,21.35,125.0,7.26,12.0,19.2,50.3,10.45,22.65,70.0,29.85,324.5,87.7,9.76,47.9,43.85,96.3,85.5,29.7,79.3,237.5,7.1,11.6,96.3,166.0,73.6,26.8,110.0,511.0,285.0,12.35,133.0,66.9,16.7,50.3,10.1,15.45,14.7,,236.0,18.15,28.7,10.6,27.45,9.17,10.9,16.9,18.35,43.15,46.85,9.25,19.35,16.25,24.7,15.4,9.17,13.35,19.55,18.65,230.5,77.0,2040.0,30.85,145.0,58.5,98.7,127.0,27.9,93.9,93.7,12.15,36.9,299.0,17.0,42.3,26.2,68.5,43.2,56.5,,95.0,173.0,41.55,75.0,16.75,11.4,127.0,55.2,80.6,72.2,244.5,198.0,271.0,,,75.0,,,36.15,86.2,201.0,77.0,236.0,53.1,42.75,79.7,53.9
44.5,39.7,52.9,82.2,77.7,68.9,12.7,42.2,73.1,31.6,32.5,319.5,156.5,33.7,52.7,308.5,10.7,24.75,31.65,58.9,196.5,73.2,25.5,15.5,25.15,43.35,321.0,418.0,42.0,80.1,67.3,48.0,28.9,360.5,370.5,326.5,49.1,14.7,197.5,38.25,20.05,93.9,24.65,48.1,21.35,125.0,7.25,11.95,19.2,50.3,10.45,22.65,69.9,29.85,324.5,87.7,9.77,47.9,43.85,96.3,85.6,29.7,79.4,237.5,7.1,11.6,96.3,166.0,73.6,26.8,110.0,510.0,285.0,12.3,133.0,66.9,16.7,50.5,10.1,15.4,14.7,,236.0,18.15,28.75,10.6,27.5,9.17,10.9,16.9,18.4,43.15,46.85,9.24,19.35,16.2,24.75,15.4,9.17,13.4,19.55,18.65,231.0,77.0,2040.0,30.85,145.5,58.4,98.7,127.0,27.85,93.9,93.7,12.15,36.9,299.5,17.0,42.3,26.2,68.6,43.2,56.4,,95.0,173.0,41.55,75.0,16.75,11.35,126.5,55.2,80.6,72.2,244.5,198.0,271.0,,,75.0,,,36.2,86.2,201.0,77.0,235.5,53.1,42.75,79.7,53.9
44.55,39.7,53.0,82.2,77.6,69.0,12.7,42.2,73.1,31.6,32.5,319.0,156.5,33.7,52.6,308.0,10.7,24.75,31.65,58.9,196.5,73.2,25.55,15.5,25.15,43.35,321.0,418.0,42.0,80.0,67.3,47.95,28.9,360.5,370.5,326.5,49.1,14.65,198.0,38.25,20.05,93.9,24.7,48.05,21.35,125.0,7.26,11.95,19.2,50.2,10.4,22.65,69.9,29.8,324.5,87.7,9.77,47.9,43.8,96.3,85.5,29.7,79.3,237.5,7.1,11.6,96.2,166.0,73.7,26.8,110.0,510.0,284.0,12.3,133.0,66.9,16.75,50.5,10.15,15.4,14.65,,236.0,18.2,28.75,10.6,27.5,9.17,10.9,16.9,18.35,43.15,46.85,9.24,19.35,16.2,24.75,15.4,9.16,13.35,19.55,18.6,230.5,77.0,2040.0,30.85,145.5,58.4,98.8,127.0,27.85,93.8,93.7,12.15,36.9,299.5,17.0,42.35,26.2,68.6,43.2,56.3,,95.0,173.0,41.55,75.0,16.75,11.35,127.0,55.1,80.6,72.2,244.5,198.0,271.0,,,75.0,,,36.2,86.2,201.0,77.0,235.5,53.2,42.75,79.7,53.9
44.5,39.7,53.0,82.1,77.7,69.0,12.7,42.2,73.2,31.6,32.5,319.0,156.5,33.7,52.6,308.0,10.65,24.75,31.65,59.0,196.5,73.2,25.5,15.5,25.15,43.4,321.0,418.0,42.0,80.0,67.3,48.0,28.9,360.5,370.5,326.5,49.1,14.7,197.5,38.3,20.05,93.8,24.65,48.0,21.35,125.0,7.26,11.95,19.15,50.3,10.4,22.65,69.9,29.8,324.5,87.7,9.77,47.9,43.8,96.3,85.5,29.7,79.4,237.5,7.1,11.65,96.2,166.0,73.7,26.8,110.0,511.0,284.0,12.35,133.0,66.9,16.7,50.3,10.1,15.45,14.65,,236.0,18.15,28.75,10.6,27.5,9.17,10.85,16.9,18.4,43.2,46.9,9.24,19.4,16.25,24.75,15.4,9.16,13.35,19.5,18.65,230.5,76.9,2040.0,30.85,146.0,58.4,98.7,127.0,27.85,93.8,93.7,12.15,36.9,299.5,16.95,42.3,26.2,68.5,43.2,56.4,,95.0,173.0,41.55,75.0,16.75,11.35,126.0,55.1,80.7,72.2,244.5,198.0,271.0,,,75.0,,,36.15,86.2,201.0,77.0,235.5,53.2,42.75,79.7,53.9
44.5,39.7,52.9,82.1,77.6,69.0,12.7,42.2,73.1,31.6,32.5,319.0,156.5,33.7,52.6,308.0,10.7,24.7,31.65,59.0,196.5,73.2,25.5,15.5,25.15,43.4,321.0,418.0,42.0,80.1,67.3,48.0,28.9,360.5,370.5,326.5,49.1,14.65,198.0,38.3,20.1,93.9,24.65,48.05,21.35,124.5,7.26,11.95,19.15,50.3,10.4,22.65,70.0,29.8,324.5,87.8,9.76,47.95,43.85,96.3,85.4,29.7,79.4,237.5,7.1,11.65,96.2,166.0,73.7,26.85,109.5,511.0,284.0,12.3,133.0,66.9,16.7,50.5,10.1,15.45,14.65,,236.0,18.15,28.75,10.6,27.5,9.17,10.85,16.9,18.4,43.15,46.85,9.23,19.35,16.25,24.75,15.4,9.16,13.35,19.5,18.65,230.5,77.0,2040.0,30.85,146.0,58.4,98.7,126.5,27.85,93.8,93.7,12.15,36.9,299.0,16.95,42.3,26.2,68.6,43.2,56.3,,95.0,173.0,41.55,75.0,16.8,11.35,126.0,55.1,80.7,72.2,244.5,198.0,271.0,,,75.0,,,36.2,86.2,201.0,77.0,236.0,53.2,42.75,79.7,53.8
44.55,39.7,52.9,82.0,77.7,69.0,12.7,42.2,73.1,31.6,32.5,319.0,156.5,33.7,52.6,308.0,10.7,24.7,31.65,59.0,196.5,73.2,25.5,15.45,25.1,43.4,321.0,418.0,42.0,80.0,67.2,47.95,28.9,360.5,370.5,326.5,49.05,14.7,198.0,38.25,20.05,93.8,24.65,48.0,21.35,125.0,7.26,11.95,19.15,50.4,10.4,22.7,69.9,29.85,324.5,87.7,9.77,47.95,43.85,96.2,85.4,29.7,79.4,237.0,7.1,11.65,96.2,165.5,73.7,26.8,109.5,511.0,284.5,12.3,133.0,67.0,16.7,50.5,10.1,15.4,14.65,,236.0,18.15,28.75,10.6,27.5,9.17,10.9,16.9,18.4,43.2,46.85,9.24,19.35,16.2,24.7,15.4,9.16,13.35,19.5,18.65,230.5,77.0,2040.0,30.85,146.0,58.4,98.7,127.0,27.85,93.8,93.4,12.2,36.9,298.5,16.95,42.3,26.2,68.5,43.2,56.4,,95.0,173.0,41.55,75.0,16.8,11.35,126.0,55.2,80.6,72.2,244.5,198.0,271.0,,,75.0,,,36.2,86.2,201.0,77.0,236.0,53.2,42.7,79.6,53.8
44.5,39.7,52.9,82.0,77.6,68.9,12.7,42.2,73.2,31.55,32.5,319.0,156.5,33.7,52.6,307.5,10.7,24.7,31.6,59.0,196.0,73.2,25.5,15.45,25.1,43.35,321.5,418.0,42.0,80.1,67.1,48.0,28.9,360.5,370.5,326.5,49.05,14.7,197.5,38.25,20.05,93.8,24.65,48.05,21.3,124.5,7.25,11.95,19.15,50.3,10.4,22.65,69.9,29.8,324.5,87.7,9.77,47.95,43.75,96.3,85.4,29.75,79.4,237.5,7.1,11.65,96.2,166.0,73.7,26.85,109.5,511.0,284.5,12.3,133.0,67.0,16.65,50.4,10.1,15.45,14.65,,236.0,18.15,28.75,10.6,27.5,9.17,10.9,16.9,18.4,43.2,46.85,9.23,19.35,16.25,24.7,15.4,9.17,13.35,19.55,18.65,230.5,77.0,2040.0,30.85,145.5,58.4,98.7,127.0,27.85,93.8,93.4,12.15,36.9,298.5,16.95,42.3,26.2,68.5,43.25,56.4,,95.0,173.0,41.6,75.0,16.8,11.35,126.0,55.1,80.6,72.2,244.5,198.0,271.0,,,75.0,,,36.15,86.2,201.0,77.0,236.0,53.1,42.7,79.5,53.8
44.55,39.65,52.9,82.0,77.7,69.0,12.7,42.2,73.1,31.6,32.5,319.0,157.0,33.7,52.6,307.0,10.7,24.7,31.65,59.1,196.0,73.2,25.55,15.45,25.1,43.4,321.0,419.0,42.0,80.0,67.1,47.95,28.9,360.5,371.0,326.5,49.05,14.7,198.0,38.25,20.05,93.8,24.65,48.05,21.35,125.0,7.25,11.95,19.2,50.3,10.4,22.65,69.9,29.8,325.0,87.7,9.77,47.95,43.85,96.2,85.4,29.75,79.4,237.5,7.1,11.6,96.2,165.5,73.7,26.8,109.5,511.0,284.5,12.3,133.0,67.0,16.7,50.4,10.1,15.45,14.7,,235.0,18.15,28.7,10.6,27.5,9.17,10.9,16.9,18.4,43.15,46.85,9.23,19.4,16.2,24.7,15.4,9.17,13.4,19.5,18.6,231.0,76.9,2040.0,30.8,146.0,58.3,98.8,126.0,27.9,93.8,93.4,12.15,36.9,298.5,16.95,42.3,26.15,68.6,43.25,56.4,,95.0,173.0,41.6,75.0,16.8,11.35,126.0,55.2,80.6,72.1,244.5,198.0,271.0,,,75.0,,,36.1,86.2,201.0,77.0,236.0,53.1,42.7,79.5,53.8
44.55,39.65,52.9,82.0,77.6,68.9,12.65,42.2,73.1,31.6,32.55,319.0,156.5,33.7,52.5,306.0,10.65,24.7,31.6,59.1,196.5,73.2,25.55,15.45,25.15,43.4,321.0,418.0,42.0,80.0,67.1,48.0,28.9,360.0,371.0,326.5,49.1,14.65,198.0,38.25,20.05,93.9,24.65,48.05,21.3,124.5,7.25,11.95,19.15,50.3,10.4,22.65,69.9,29.8,325.0,87.7,9.77,47.95,43.85,96.2,85.4,29.8,79.3,237.0,7.1,11.65,96.2,165.5,73.7,26.8,109.5,511.0,284.0,12.3,133.0,67.0,16.65,50.3,10.1,15.4,14.7,,235.0,18.15,28.7,10.6,27.5,9.16,10.85,16.9,18.4,43.2,46.85,9.24,19.35,16.25,24.7,15.45,9.16,13.35,19.5,18.6,230.5,76.9,2040.0,30.75,146.0,58.4,98.7,126.0,27.9,93.8,93.4,12.15,36.9,298.5,16.95,42.3,26.15,68.5,43.2,56.3,,95.0,173.0,41.55,75.0,16.8,11.35,126.0,55.1,80.6,72.1,244.5,198.0,271.0,,,75.0,,,36.15,86.2,201.0,76.9,235.5,53.1,42.65,79.5,53.8
44.55,39.7,52.9,82.0,77.7,68.8,12.65,42.2,73.1,31.6,32.55,319.0,156.5,33.7,52.4,304.0,10.65,24.65,31.65,59.1,196.0,73.2,25.5,15.45,25.1,43.4,321.0,418.0,41.95,80.0,67.2,48.0,28.9,360.0,371.0,326.5,49.1,14.65,197.5,38.25,20.0,93.9,24.65,48.05,21.3,125.0,7.26,11.9,19.15,50.2,10.4,22.6,69.9,29.85,325.0,87.7,9.77,48.0,43.8,96.1,85.4,29.8,79.3,237.5,7.1,11.6,96.3,166.0,73.6,26.8,109.5,511.0,284.0,12.3,133.0,67.0,16.65,50.5,10.1,15.4,14.65,,235.0,18.15,28.7,10.6,27.5,9.17,10.9,16.9,18.4,43.15,46.9,9.23,19.4,16.25,24.7,15.45,9.17,13.35,19.5,18.65,230.5,76.9,2040.0,30.75,146.0,58.4,98.8,125.5,27.85,93.6,93.4,12.15,36.9,298.5,16.95,42.3,26.1,68.5,43.2,56.3,,95.0,173.0,41.6,75.0,16.8,11.35,126.0,55.2,80.5,72.1,244.5,198.0,271.0,,,75.0,,,36.15,86.1,201.0,76.9,235.5,53.1,42.6,79.5,53.8
44.55,39.65,52.9,82.1,77.7,68.9,12.65,42.2,73.1,31.6,32.5,319.0,156.5,33.7,52.4,303.0,10.7,24.65,31.65,58.9,196.0,73.2,25.55,15.45,25.15,43.4,320.5,417.0,41.95,80.0,67.2,48.0,28.9,360.0,371.0,326.5,49.1,14.65,197.5,38.3,20.0,93.8,24.6,48.0,21.25,125.0,7.26,11.9,19.15,50.2,10.4,22.65,70.0,29.8,325.0,87.7,9.76,48.0,43.8,96.2,85.4,29.8,79.3,237.5,7.1,11.6,96.2,165.5,73.6,26.8,109.5,511.0,284.0,12.3,133.0,67.0,16.7,50.5,10.1,15.4,14.65,,235.0,18.2,28.75,10.55,27.5,9.17,10.9,16.95,18.4,43.15,46.9,9.23,19.4,16.25,24.7,15.45,9.17,13.35,19.55,18.6,230.5,77.0,2040.0,30.75,146.0,58.4,98.8,125.5,27.85,93.5,93.4,12.15,36.9,298.5,16.95,42.25,26.1,68.5,43.2,56.4,,95.0,173.0,41.6,75.0,16.8,11.35,126.0,55.2,80.6,72.1,244.0,198.0,271.0,,,75.0,,,36.1,86.1,201.0,76.9,235.5,53.1,42.7,79.4,53.8
44.6,39.7,52.9,82.1,77.7,68.9,12.7,42.2,73.1,31.55,32.55,319.0,156.5,33.7,52.5,303.5,10.65,24.65,31.65,58.9,196.0,73.2,25.55,15.45,25.15,43.4,320.5,417.0,42.0,80.0,67.2,47.95,28.95,360.0,371.0,326.5,49.1,14.65,197.5,38.3,20.05,93.9,24.6,48.05,21.25,125.0,7.26,11.9,19.2,50.2,10.4,22.6,70.0,29.8,325.0,87.8,9.77,47.95,43.8,96.1,85.4,29.75,79.3,238.0,7.1,11.6,96.2,165.5,73.6,26.85,109.5,511.0,284.5,12.3,133.0,67.0,16.65,50.3,10.1,15.4,14.65,,235.0,18.15,28.75,10.6,27.5,9.17,10.9,16.95,18.4,43.15,46.85,9.23,19.35,16.2,24.7,15.45,9.17,13.35,19.5,18.6,230.5,76.9,2040.0,30.75,146.0,58.4,98.7,125.5,27.85,93.4,93.4,12.15,36.9,298.5,16.95,42.25,26.15,68.5,43.2,56.4,,94.9,173.0,41.55,75.0,16.75,11.35,126.0,55.1,80.5,72.1,244.0,198.0,271.0,,,75.1,,,36.1,86.1,201.0,76.9,235.5,53.1,42.7,79.4,53.8
44.5,39.7,52.9,82.1,77.7,68.9,12.65,42.2,73.1,31.55,32.5,319.0,156.5,33.7,52.5,303.0,10.65,24.65,31.65,59.1,195.5,73.2,25.5,15.45,25.1,43.4,320.5,417.0,42.0,80.0,67.1,48.0,28.9,360.0,370.5,326.5,49.1,14.65,197.5,38.3,20.05,93.8,24.65,48.05,21.2,124.5,7.26,11.9,19.2,50.2,10.4,22.6,69.9,29.8,324.5,87.8,9.77,47.95,43.8,96.1,85.3,29.75,79.3,237.5,7.1,11.6,96.2,165.5,73.6,26.85,109.5,510.0,284.5,12.3,133.0,67.0,16.65,50.4,10.1,15.4,14.65,,235.0,18.15,28.75,10.6,27.5,9.17,10.85,16.95,18.4,43.2,46.9,9.23,19.35,16.2,24.7,15.45,9.17,13.35,19.5,18.6,230.5,76.9,2035.0,30.75,145.5,58.3,98.7,125.5,27.9,93.4,93.4,12.15,36.9,298.5,16.95,42.25,26.1,68.5,43.15,56.4,,94.8,172.5,41.6,75.0,16.75,11.35,126.5,55.0,80.6,72.1,244.0,198.0,271.0,,,75.0,,,36.1,86.1,201.0,77.0,235.5,53.0,42.7,79.3,53.8
44.55,39.65,53.0,82.1,77.6,68.9,12.65,42.2,73.1,31.6,32.5,319.0,157.0,33.7,52.4,303.5,10.65,24.65,31.65,58.9,196.0,73.2,25.5,15.45,25.1,43.4,320.5,417.0,42.0,80.0,67.1,48.0,28.9,360.0,371.0,326.5,49.1,14.65,197.5,38.25,20.0,93.9,24.6,48.05,21.2,125.0,7.25,11.9,19.2,50.2,10.4,22.65,69.9,29.8,324.5,87.7,9.77,47.9,43.8,96.1,85.3,29.75,79.3,237.5,7.1,11.6,96.2,165.5,73.6,26.85,109.5,510.0,284.5,12.3,133.0,67.0,16.65,50.3,10.1,15.4,14.65,,235.0,18.15,28.75,10.6,27.5,9.17,10.9,16.95,18.4,43.15,46.9,9.23,19.35,16.25,24.7,15.45,9.17,13.35,19.5,18.6,230.5,77.0,2035.0,30.75,146.0,58.3,98.7,125.0,27.9,93.4,93.3,12.15,36.9,299.0,16.95,42.3,26.15,68.6,43.1,56.3,,94.8,172.5,41.6,74.9,16.75,11.35,126.0,55.1,80.5,72.1,244.0,198.0,271.0,,,75.0,,,36.15,86.1,201.0,77.0,235.5,53.0,42.65,79.3,53.8
44.55,39.65,52.9,82.0,77.6,68.9,12.65,42.2,73.1,31.6,32.5,319.0,156.5,33.7,52.5,303.5,10.65,24.65,31.65,59.1,195.5,73.2,25.45,15.45,25.15,43.4,320.0,417.0,41.95,80.0,67.3,48.0,28.9,360.0,370.5,326.5,49.1,14.7,197.5,38.25,20.0,93.8,24.65,48.0,21.15,124.5,7.26,11.9,19.2,50.2,10.4,22.6,69.9,29.8,325.0,87.8,9.76,47.9,43.85,96.1,85.2,29.7,79.3,237.5,7.1,11.6,96.2,166.0,73.5,26.8,109.5,511.0,284.5,12.3,133.0,67.0,16.65,50.5,10.1,15.4,14.65,,235.0,18.2,28.75,10.6,27.5,9.17,10.9,16.95,18.4,43.15,46.9,9.23,19.35,16.2,24.7,15.4,9.17,13.35,19.55,18.6,230.5,76.9,2035.0,30.7,146.0,58.3,98.7,125.0,27.85,93.4,93.3,12.15,36.9,299.0,16.95,42.3,26.15,68.5,43.05,56.3,,94.7,173.0,41.6,74.9,16.75,11.35,126.5,55.0,80.5,72.1,244.0,198.0,271.0,,,75.0,,,36.05,86.1,201.0,77.0,236.0,53.2,42.65,79.3,53.8
44.5,39.65,52.9,82.0,77.6,68.9,12.65,42.2,73.1,31.55,32.55,319.5,156.5,33.65,52.4,303.5,10.65,24.65,31.65,59.1,195.5,73.2,25.45,15.45,25.15,43.4,320.0,417.5,41.95,80.0,67.3,48.0,28.95,360.0,370.5,326.0,49.1,14.65,197.5,38.3,20.0,93.8,24.6,48.05,21.1,125.0,7.26,11.9,19.15,50.2,10.4,22.6,69.9,29.8,325.0,87.8,9.77,47.9,43.85,96.1,85.0,29.7,79.3,237.5,7.1,11.65,96.2,166.0,73.5,26.8,109.5,511.0,284.5,12.25,133.0,67.0,16.65,50.5,10.1,15.4,14.65,,235.0,18.2,28.75,10.6,27.5,9.17,10.9,16.95,18.4,43.15,46.9,9.24,19.4,16.2,24.7,15.45,9.17,13.4,19.5,18.6,231.0,76.9,2035.0,30.7,146.0,58.3,98.8,125.5,27.85,93.4,93.2,12.15,36.9,299.0,16.9,42.25,26.15,68.5,43.0,56.4,,94.7,173.0,41.6,74.9,16.75,11.35,126.0,55.0,80.5,72.1,244.0,198.0,271.0,,,74.9,,,36.05,86.1,201.0,77.0,236.0,53.1,42.65,79.3,53.9
44.5,39.6,52.9,82.0,77.6,68.9,12.65,42.2,73.0,31.6,32.55,319.0,156.5,33.7,52.4,304.0,10.7,24.6,31.6,59.0,196.0,73.2,25.45,15.45,25.1,43.35,320.0,417.0,41.95,80.1,67.3,48.0,28.9,360.0,370.5,325.5,49.1,14.65,197.5,38.3,20.0,93.9,24.6,48.0,21.1,125.0,7.25,11.9,19.2,50.2,10.4,22.6,70.0,29.8,325.0,87.8,9.77,47.9,43.75,96.1,85.0,29.8,79.2,237.5,7.1,11.6,96.2,165.5,73.5,26.8,109.0,511.0,284.5,12.25,132.5,66.9,16.65,50.4,10.1,15.4,14.65,,235.0,18.15,28.75,10.6,27.45,9.17,10.9,16.95,18.35,43.15,46.9,9.22,19.4,16.2,24.75,15.4,9.17,13.4,19.55,18.6,230.5,76.9,2035.0,30.7,145.5,58.2,98.7,125.5,27.85,93.3,93.1,12.15,36.9,299.0,16.9,42.25,26.15,68.5,43.0,56.4,,94.6,173.0,41.6,75.0,16.75,11.35,126.0,54.9,80.6,72.0,243.5,198.0,271.0,,,74.9,,,36.1,86.1,200.5,77.0,236.0,53.1,42.65,79.3,53.9
44.5,39.7,52.9,82.1,77.6,68.9,12.7,42.2,73.0,31.6,32.55,319.0,157.0,33.65,52.4,305.0,10.7,24.65,31.65,59.0,195.5,73.2,25.45,15.45,25.1,43.4,320.0,417.0,41.95,80.1,67.3,47.95,28.9,360.0,370.5,325.0,49.05,14.65,197.0,38.3,20.0,93.8,24.65,48.05,21.1,124.5,7.25,11.9,19.15,50.2,10.45,22.6,70.0,29.85,324.5,87.8,9.77,47.9,43.85,96.1,85.0,29.8,79.2,237.5,7.1,11.6,96.2,165.5,73.6,26.8,109.0,510.0,284.0,12.25,133.0,66.9,16.65,50.4,10.1,15.45,14.65,,235.0,18.15,28.75,10.55,27.45,9.17,10.9,16.95,18.35,43.2,46.9,9.22,19.35,16.25,24.75,15.4,9.16,13.35,19.5,18.6,230.5,76.9,2035.0,30.6,145.5,58.2,98.7,125.5,27.85,93.4,93.1,12.15,36.8,299.0,16.9,42.3,26.1,68.6,42.95,56.4,,94.6,172.5,41.55,75.0,16.75,11.35,126.0,54.9,80.6,72.0,243.5,198.0,271.0,,,74.8,,,36.05,86.1,200.5,77.0,236.0,53.1,42.65,79.2,53.8
44.55,39.7,52.9,82.1,77.6,68.8,12.7,42.2,73.1,31.6,32.55,319.0,156.5,33.65,52.3,305.0,10.65,24.65,31.6,59.0,195.5,73.2,25.5,15.5,25.1,43.4,320.0,417.0,41.95,80.1,67.2,47.95,28.85,360.0,370.5,325.0,49.1,14.65,197.0,38.3,20.05,93.9,24.6,48.0,21.1,124.5,7.25,11.9,19.15,50.2,10.4,22.6,70.0,29.8,325.0,87.8,9.77,47.9,43.85,96.0,85.0,29.8,79.2,237.5,7.1,11.6,96.1,165.5,73.5,26.8,109.5,511.0,284.0,12.25,132.5,67.0,16.65,50.4,10.1,15.4,14.65,,235.0,18.2,28.75,10.55,27.45,9.17,10.9,16.95,18.35,43.15,46.85,9.21,19.4,16.2,24.7,15.45,9.17,13.35,19.5,18.65,230.5,76.8,2035.0,30.6,146.0,58.2,98.7,125.0,27.8,93.4,93.0,12.15,36.8,299.0,16.9,42.25,26.1,68.5,42.8,56.4,,94.5,172.5,41.55,75.0,16.75,11.35,126.0,54.9,80.6,72.0,243.5,198.0,271.0,,,74.8,,,36.1,86.1,200.5,77.0,236.0,53.0,42.65,79.2,53.8
44.55,39.7,52.9,82.1,77.7,69.0,12.7,42.2,73.1,31.55,32.5,319.0,156.5,33.7,52.3,306.5,10.65,24.65,31.65,59.0,196.0,73.2,25.5,15.5,25.1,43.4,320.0,417.0,41.95,80.1,67.3,48.0,28.95,361.0,370.5,325.0,49.05,14.65,197.5,38.25,20.0,93.9,24.5,48.1,21.1,125.0,7.25,11.9,19.1,50.2,10.4,22.6,69.9,29.8,325.0,87.8,9.77,47.9,43.8,96.0,85.1,29.7,79.2,237.5,7.1,11.55,96.1,166.0,73.5,26.85,109.5,510.0,284.5,12.3,133.0,66.9,16.7,50.4,10.1,15.4,14.7,,235.0,18.15,28.8,10.6,27.5,9.17,10.85,16.95,18.4,43.15,46.9,9.22,19.4,16.2,24.7,15.45,9.17,13.4,19.55,18.65,230.5,76.8,2040.0,30.6,145.5,58.3,98.7,126.0,27.8,93.3,93.0,12.1,36.9,299.0,16.95,42.25,26.1,68.5,42.75,56.4,,94.4,172.5,41.6,74.9,16.75,11.4,126.5,54.9,80.6,71.9,242.5,197.5,272.0,,,74.8,,,36.05,86.1,200.5,77.0,236.0,53.0,42.65,79.2,53.8
44.55,39.7,52.9,82.1,77.6,69.0,12.65,42.25,73.1,31.6,32.55,319.0,157.0,33.7,52.3,306.0,10.65,24.65,31.6,59.0,196.0,73.2,25.5,15.5,25.1,43.4,320.0,417.0,42.0,80.1,67.3,48.0,28.9,361.0,370.5,325.0,49.1,14.65,197.5,38.15,20.0,93.8,24.55,48.05,21.15,125.0,7.25,11.95,19.15,50.1,10.4,22.6,70.0,29.8,325.5,87.8,9.77,47.9,43.8,96.1,85.1,29.8,79.2,237.5,7.1,11.6,96.2,166.0,73.4,26.85,109.5,510.0,284.5,12.3,132.5,66.9,16.7,50.5,10.1,15.4,14.7,,236.0,18.2,28.8,10.6,27.5,9.17,10.9,16.95,18.35,43.15,46.9,9.22,19.35,16.2,24.75,15.4,9.17,13.4,19.55,18.65,230.5,76.8,2040.0,30.6,146.0,58.3,98.7,125.5,27.8,93.3,93.0,12.15,36.9,299.0,16.95,42.25,26.1,68.5,42.65,56.4,,94.4,172.5,41.6,75.0,16.75,11.4,126.5,55.0,80.6,71.8,242.5,198.0,272.0,,,74.9,,,36.05,86.0,201.0,77.0,236.0,53.1,42.6,79.3,53.8
44.5,39.6,52.9,82.1,77.6,69.0,12.7,42.25,73.2,31.6,32.45,319.0,156.5,33.7,52.2,306.0,10.7,24.65,31.7,59.0,195.5,73.2,25.5,15.5,25.1,43.4,320.0,417.0,42.0,80.2,67.3,48.0,28.9,361.0,370.5,325.0,49.1,14.6,197.5,38.15,20.05,93.9,24.5,48.1,21.15,124.5,7.24,11.9,19.15,50.1,10.45,22.55,70.0,29.8,325.5,87.8,9.76,47.9,43.8,96.0,85.1,29.8,79.2,237.5,7.1,11.55,96.2,165.5,73.4,26.85,109.5,510.0,284.5,12.25,132.5,67.0,16.7,50.4,10.1,15.45,14.65,,236.0,18.15,28.75,10.6,27.45,9.17,10.9,16.95,18.4,43.15,46.9,9.21,19.35,16.25,24.75,15.4,9.16,13.35,19.55,18.6,230.5,76.8,2035.0,30.6,146.0,58.3,98.7,126.0,27.8,93.2,92.9,12.1,36.9,299.5,16.95,42.25,26.15,68.5,42.65,56.5,,94.6,172.5,41.6,75.0,16.75,11.4,126.0,55.0,80.6,71.8,242.5,198.0,272.0,,,74.9,,,36.1,86.0,201.0,77.0,236.0,53.1,42.6,79.5,53.8
44.55,39.7,52.9,82.1,77.6,68.8,12.7,42.25,73.2,31.55,32.5,319.0,156.5,33.7,52.3,306.5,10.7,24.65,31.7,59.0,195.5,73.2,25.5,15.5,25.1,43.4,320.0,417.0,41.95,80.3,67.3,48.0,28.9,361.0,370.5,325.0,49.1,14.6,197.5,38.15,20.0,93.8,24.5,48.1,21.2,124.5,7.25,11.95,19.15,50.2,10.45,22.55,69.9,29.8,325.5,87.7,9.76,47.9,43.8,96.1,85.1,29.8,79.2,237.5,7.1,11.55,96.2,165.5,73.5,26.8,109.5,510.0,284.5,12.3,132.5,67.0,16.75,50.5,10.15,15.45,14.7,,236.0,18.2,28.75,10.6,27.45,9.17,10.9,16.95,18.35,43.15,46.85,9.21,19.4,16.2,24.7,15.45,9.17,13.35,19.55,18.6,230.5,76.8,2035.0,30.7,145.5,58.3,98.7,125.5,27.8,93.2,92.9,12.15,36.9,299.5,16.95,42.25,26.1,68.5,42.7,56.5,,94.5,172.0,41.6,75.0,16.75,11.4,126.5,54.9,80.5,72.0,243.0,197.5,272.0,,,74.9,,,36.1,85.9,201.0,77.0,236.0,53.1,42.55,79.5,53.8
44.5,39.6,52.8,82.0,77.7,68.9,12.65,42.2,73.2,31.55,32.5,318.5,156.5,33.65,52.3,306.5,10.7,24.65,31.6,59.0,195.5,73.2,25.5,15.45,25.05,43.35,319.5,417.5,41.95,80.2,67.2,48.0,28.9,361.0,370.5,325.0,49.05,14.6,197.5,38.2,20.05,93.8,24.5,48.05,21.2,125.0,7.25,11.95,19.15,50.1,10.4,22.55,70.0,29.85,325.5,87.7,9.76,47.9,43.8,96.1,85.1,29.8,79.2,237.5,7.1,11.6,96.2,165.5,73.4,26.8,109.5,510.0,284.5,12.3,132.5,67.0,16.7,50.4,10.1,15.45,14.7,,236.0,18.2,28.75,10.6,27.5,9.17,10.85,16.9,18.4,43.2,46.9,9.23,19.4,16.2,24.75,15.45,9.16,13.4,19.55,18.65,230.5,76.8,2035.0,30.7,145.5,58.3,98.7,126.0,27.85,93.2,92.9,12.1,36.9,299.5,16.95,42.3,26.1,68.6,42.7,56.4,,94.5,172.5,41.55,74.9,16.75,11.35,126.0,54.9,80.5,71.9,243.0,197.0,272.0,,,75.0,,,36.1,85.9,200.5,77.0,236.0,53.1,42.55,79.5,53.9
44.55,39.6,52.8,82.0,77.7,68.9,12.65,42.2,73.2,31.55,32.45,318.5,156.5,33.7,52.3,306.0,10.65,24.6,31.6,59.0,195.5,73.2,25.5,15.45,25.1,43.35,320.0,417.5,41.95,80.1,67.2,48.0,28.9,361.0,370.5,324.5,49.05,14.6,197.5,38.2,20.0,93.8,24.5,48.1,21.2,125.0,7.25,11.9,19.15,50.1,10.4,22.55,69.9,29.8,325.5,87.7,9.76,47.9,43.8,96.1,85.1,29.7,79.2,238.0,7.1,11.55,96.2,165.5,73.4,26.85,109.5,510.0,284.5,12.25,133.0,67.0,16.7,50.4,10.1,15.4,14.7,,236.0,18.15,28.75,10.6,27.45,9.16,10.85,16.9,18.35,43.15,46.9,9.22,19.35,16.2,24.75,15.4,9.17,13.35,19.55,18.65,230.5,76.8,2035.0,30.7,145.5,58.3,98.7,126.0,27.75,93.2,92.9,12.15,36.9,299.5,16.95,42.25,26.1,68.5,42.8,56.5,,94.4,172.5,41.6,74.8,16.75,11.4,126.0,54.9,80.5,71.9,243.0,197.0,272.0,,,74.9,,,36.1,85.9,200.5,77.0,236.0,53.1,42.55,79.5,53.8
44.55,39.6,52.8,82.0,77.7,68.8,12.65,42.2,73.1,31.6,32.45,318.5,156.5,33.7,52.3,306.0,10.65,24.65,31.5,59.0,195.5,73.2,25.5,15.45,25.1,43.4,320.0,417.5,41.95,80.2,67.2,47.95,28.9,361.0,370.5,324.5,49.1,14.65,197.5,38.2,20.0,93.8,24.55,48.1,21.15,124.5,7.25,11.95,19.15,50.2,10.45,22.55,69.9,29.8,325.0,87.6,9.76,47.9,43.85,96.1,85.0,29.7,79.2,238.0,7.1,11.55,96.2,166.0,73.5,26.8,109.5,510.0,284.5,12.25,133.0,67.0,16.7,50.4,10.1,15.45,14.65,,236.0,18.15,28.75,10.6,27.45,9.17,10.85,16.9,18.35,43.15,46.9,9.22,19.4,16.2,24.7,15.45,9.17,13.35,19.6,18.65,230.5,76.8,2035.0,30.7,145.5,58.3,98.7,126.0,27.75,93.2,92.9,12.1,36.9,299.5,16.95,42.25,26.1,68.5,42.8,56.3,,94.5,172.5,41.6,74.8,16.75,11.35,126.0,54.9,80.5,71.9,242.5,197.0,272.0,,,74.9,,,36.1,86.0,200.5,77.0,236.0,53.1,42.55,79.5,53.8
44.55,39.6,52.9,82.0,77.7,68.8,12.7,42.2,73.1,31.6,32.45,318.5,156.5,33.7,52.3,306.0,10.65,24.65,31.35,59.0,195.5,73.1,25.5,15.45,25.1,43.35,320.0,417.5,41.95,80.3,67.1,47.95,28.85,361.0,370.5,324.5,49.15,14.6,197.5,38.15,20.05,93.9,24.5,48.1,21.15,124.5,7.25,11.9,19.15,50.1,10.45,22.55,70.0,29.8,324.5,87.6,9.76,47.9,43.8,96.1,85.1,29.7,79.1,237.5,7.1,11.55,96.1,166.0,73.4,26.8,109.5,510.0,284.5,12.25,132.5,66.9,16.7,50.4,10.1,15.45,14.65,,236.0,18.2,28.75,10.55,27.45,9.17,10.9,16.9,18.35,43.15,46.9,9.22,19.4,16.2,24.7,15.4,9.17,13.35,19.6,18.65,230.5,76.8,2035.0,30.7,145.5,58.3,98.8,126.0,27.8,93.2,92.9,12.1,36.9,300.0,16.95,42.25,26.1,68.5,42.85,56.2,,94.5,172.5,41.6,74.9,16.75,11.35,126.0,54.9,80.5,71.9,242.5,196.5,272.0,,,74.9,,,36.1,86.0,200.5,77.0,236.0,53.1,42.55,79.3,53.8
44.55,39.6,52.9,82.0,77.7,69.0,12.65,42.2,73.1,31.55,32.5,319.0,156.0,33.7,52.3,305.5,10.65,24.65,31.35,59.0,195.5,73.2,25.5,15.45,25.1,43.4,320.5,417.0,41.95,80.3,67.2,47.95,28.85,360.5,370.5,323.0,49.1,14.65,197.5,38.25,20.0,93.9,24.5,48.1,21.15,125.0,7.25,11.95,19.15,50.2,10.45,22.55,69.9,29.85,324.5,87.6,9.77,47.95,43.8,96.1,85.1,29.7,79.1,238.0,7.1,11.6,96.2,166.5,73.4,26.8,109.5,509.0,284.5,12.25,133.0,66.9,16.7,50.4,10.1,15.45,14.65,,236.0,18.15,28.8,10.55,27.5,9.16,10.85,16.95,18.35,43.2,46.85,9.23,19.35,16.2,24.7,15.4,9.16,13.35,19.55,18.65,230.5,76.8,2035.0,30.7,145.5,58.3,98.8,126.0,27.8,93.1,92.8,12.15,36.8,299.5,16.9,42.25,26.1,68.5,42.9,55.9,,94.5,172.5,41.6,74.9,16.75,11.35,126.5,54.9,80.5,72.0,242.5,196.5,272.0,,,74.9,,,36.1,86.0,200.5,77.0,236.0,53.0,42.5,79.3,53.8
44.6,39.6,52.9,82.0,77.7,69.0,12.65,42.2,73.1,31.55,32.45,318.5,156.0,33.7,52.3,305.5,10.65,24.65,31.45,59.1,195.0,73.2,25.5,15.45,25.1,43.4,320.0,417.0,41.95,80.3,67.2,47.95,28.9,360.5,370.5,323.0,49.1,14.6,197.5,38.2,20.05,94.0,24.5,48.15,21.1,124.5,7.25,11.9,19.15,50.2,10.45,22.55,69.9,29.8,325.0,87.5,9.77,47.9,43.8,96.1,85.1,29.7,79.2,238.0,7.1,11.55,96.2,166.0,73.4,26.85,109.0,510.0,284.5,12.25,133.0,67.0,16.7,50.4,10.1,15.4,14.65,,236.0,18.15,28.75,10.6,27.55,9.17,10.85,16.95,18.35,43.15,46.85,9.23,19.4,16.2,24.75,15.45,9.17,13.4,19.55,18.65,230.5,76.9,2035.0,30.75,145.5,58.3,98.8,126.0,27.75,93.3,92.9,12.15,36.85,299.5,16.95,42.35,26.15,68.5,42.95,55.9,,94.6,172.5,41.6,74.9,16.75,11.4,126.0,54.9,80.5,71.9,242.5,196.5,272.0,,,74.9,,,36.1,85.9,200.5,77.0,236.0,53.0,42.5,79.3,53.8
44.55,39.6,52.9,82.2,77.6,69.0,12.65,42.2,73.1,31.6,32.45,318.5,156.0,33.7,52.3,305.5,10.65,24.65,31.5,59.0,195.5,73.1,25.5,15.45,25.1,43.35,320.0,417.0,41.95,80.2,67.2,47.95,28.95,360.5,370.5,323.0,49.1,14.6,197.5,38.3,20.0,94.0,24.5,48.15,21.05,125.0,7.24,11.9,19.15,50.2,10.4,22.5,70.0,29.8,325.0,87.4,9.77,47.9,43.75,96.1,85.2,29.7,79.2,238.5,7.1,11.55,96.2,166.0,73.4,26.8,109.0,510.0,284.5,12.25,132.5,67.0,16.7,50.4,10.1,15.4,14.65,,236.0,18.15,28.75,10.6,27.5,9.17,10.85,16.95,18.4,43.15,46.85,9.22,19.4,16.2,24.7,15.45,9.16,13.35,19.55,18.65,230.5,76.8,2035.0,30.65,145.5,58.3,98.8,126.0,27.8,93.3,92.9,12.1,36.85,299.5,16.9,42.25,26.15,68.5,42.9,56.0,,94.5,172.5,41.6,74.9,16.75,11.4,126.5,54.8,80.5,71.9,242.5,196.5,272.0,,,74.9,,,36.1,85.9,201.0,77.0,236.0,53.1,42.5,79.3,53.8
44.55,39.55,52.9,82.2,77.7,68.9,12.65,42.25,73.1,31.55,32.45,318.5,156.5,33.65,52.3,306.0,10.65,24.7,31.45,59.1,195.5,73.1,25.5,15.45,25.1,43.35,320.0,417.0,41.95,80.3,67.1,48.0,28.9,360.5,370.0,323.0,49.15,14.6,197.5,38.25,20.0,94.0,24.5,48.1,21.0,125.0,7.24,11.9,19.2,50.2,10.4,22.45,69.9,29.8,325.0,87.3,9.78,47.9,43.8,96.1,85.4,29.8,79.2,238.5,7.1,11.6,96.2,166.0,73.4,26.85,109.5,509.0,284.5,12.25,133.0,67.0,16.7,50.3,10.1,15.45,14.65,,236.0,18.2,28.75,10.6,27.5,9.17,10.9,16.95,18.4,43.15,46.85,9.22,19.35,16.2,24.7,15.45,9.17,13.4,19.6,18.65,230.5,76.9,2035.0,30.65,145.5,58.2,98.8,126.0,27.75,93.2,92.9,12.15,36.95,299.0,16.9,42.25,26.15,68.6,42.95,56.0,,94.5,172.5,41.6,74.9,16.75,11.4,126.0,54.8,80.6,71.9,242.5,196.5,272.0,,,74.9,,,36.1,85.9,201.0,77.0,236.0,53.1,42.5,79.3,53.7
44.6,39.55,52.9,82.2,77.6,68.9,12.65,42.15,73.1,31.55,32.45,318.0,156.5,33.65,52.3,305.0,10.65,24.7,31.5,59.1,196.0,73.1,25.5,15.45,25.05,43.35,320.0,417.0,41.95,80.3,67.1,48.0,28.95,360.5,370.0,322.5,49.15,14.6,197.5,38.3,20.0,93.9,24.5,48.1,21.05,125.0,7.24,11.9,19.2,50.2,10.45,22.45,69.9,29.8,325.0,87.2,9.77,47.9,43.8,96.0,85.4,29.8,79.2,238.5,7.1,11.55,96.3,166.0,73.4,26.8,109.0,509.0,284.0,12.25,133.0,67.0,16.7,50.3,10.1,15.4,14.65,,236.0,18.15,28.75,10.6,27.5,9.17,10.9,16.95,18.4,43.15,46.9,9.22,19.4,16.2,24.7,15.4,9.16,13.4,19.6,18.65,230.5,76.8,2035.0,30.65,145.5,58.3,98.8,126.0,27.75,93.3,92.9,12.1,36.95,299.5,16.95,42.35,26.15,68.5,42.9,56.0,,94.5,173.0,41.6,74.8,16.75,11.4,125.5,54.9,80.5,72.0,242.5,196.5,272.0,,,74.9,,,36.15,85.9,201.0,77.0,236.0,53.0,42.5,79.3,53.8
44.55,39.55,52.9,82.1,77.7,68.8,12.7,42.15,73.2,31.6,32.45,318.5,156.5,33.65,52.4,305.0,10.65,24.65,31.5,59.0,196.0,73.1,25.5,15.45,25.1,43.35,320.0,417.0,41.95,80.2,67.1,47.95,28.95,360.5,370.0,322.5,49.15,14.6,197.5,38.2,20.0,93.9,24.5,48.15,20.95,124.5,7.25,11.85,19.15,50.2,10.45,22.4,70.0,29.8,325.0,87.0,9.77,47.85,43.75,95.9,85.6,29.8,79.1,238.5,7.1,11.6,96.2,166.0,73.5,26.8,109.0,510.0,284.5,12.25,132.5,67.0,16.7,50.3,10.1,15.4,14.65,,236.0,18.15,28.75,10.55,27.5,9.17,10.9,16.95,18.4,43.15,46.85,9.22,19.4,16.2,24.7,15.4,9.16,13.35,19.55,18.65,230.5,76.8,2040.0,30.65,145.5,58.3,98.8,126.0,27.75,93.3,92.8,12.15,36.95,299.0,16.95,42.25,26.15,68.5,42.9,56.0,,94.4,173.0,41.6,74.8,16.75,11.35,125.5,54.9,80.5,71.9,242.5,196.5,272.0,,,74.9,,,36.15,85.8,201.0,77.0,236.0,53.0,42.4,79.3,53.7
44.55,39.6,52.9,82.1,77.6,68.9,12.65,42.15,73.2,31.55,32.5,319.0,156.5,33.65,52.2,306.5,10.65,24.65,31.5,59.0,196.5,73.1,25.5,15.45,25.05,43.3,320.0,417.0,41.95,80.2,67.1,47.95,28.95,360.5,370.0,322.5,49.15,14.6,197.5,38.25,20.0,93.9,24.5,48.1,21.0,124.5,7.25,11.85,19.15,50.1,10.45,22.45,70.0,29.8,325.0,86.9,9.77,47.85,43.75,95.7,85.6,29.75,79.2,238.5,7.1,11.6,96.2,166.0,73.5,26.8,109.0,510.0,284.5,12.25,132.5,67.0,16.7,50.5,10.1,15.45,14.65,,235.0,18.15,28.75,10.55,27.5,9.17,10.9,16.9,18.4,43.15,46.9,9.22,19.4,16.25,24.7,15.45,9.16,13.4,19.55,18.65,230.5,76.9,2040.0,30.65,145.5,58.3,98.8,126.0,27.7,93.3,92.8,12.1,36.95,298.5,16.9,42.25,26.15,68.5,42.85,56.0,,94.5,172.5,41.65,74.8,16.75,11.35,125.0,55.0,80.5,71.9,242.5,196.5,272.0,,,74.9,,,36.15,85.8,200.0,77.0,235.5,53.0,42.4,79.3,53.8
44.6,39.6,52.9,82.1,77.6,69.0,12.65,42.15,73.2,31.55,32.45,319.0,156.5,33.65,52.2,305.0,10.6,24.65,31.5,59.1,195.5,73.0,25.5,15.45,25.1,43.3,320.0,417.0,41.9,80.2,67.2,47.95,28.9,360.5,370.0,323.0,49.15,14.55,197.5,38.2,19.95,94.0,24.5,48.1,21.05,125.0,7.25,11.9,19.15,50.2,10.45,22.4,70.0,29.75,324.5,86.9,9.77,47.9,43.75,95.7,85.6,29.75,79.2,238.0,7.1,11.6,96.2,165.5,73.4,26.8,109.0,509.0,284.5,12.25,132.5,67.0,16.7,50.2,10.1,15.4,14.65,,235.0,18.2,28.75,10.55,27.5,9.17,10.9,16.9,18.4,43.15,46.9,9.22,19.4,16.2,24.7,15.4,9.17,13.35,19.55,18.65,230.5,76.9,2040.0,30.65,145.0,58.3,98.8,126.5,27.7,93.3,92.8,12.15,36.95,298.5,16.9,42.25,26.1,68.5,42.8,56.0,,94.5,172.5,41.65,74.8,16.75,11.35,125.0,54.9,80.5,71.9,242.0,196.5,272.0,,,74.9,,,36.15,85.8,200.0,77.0,235.5,53.2,42.45,79.3,53.8
44.55,39.6,52.9,82.1,77.7,69.0,12.65,42.15,73.2,31.6,32.45,319.0,156.5,33.65,52.2,305.0,10.65,24.65,31.45,59.0,195.5,73.0,25.5,15.45,25.05,43.35,320.0,416.5,41.9,80.1,67.1,47.95,28.9,360.5,370.0,323.0,49.15,14.55,197.5,38.25,19.95,94.0,24.55,48.1,21.0,124.5,7.24,11.85,19.15,50.2,10.4,22.4,69.9,29.75,324.5,86.9,9.77,47.95,43.75,96.0,85.5,29.75,79.2,238.0,7.1,11.6,96.2,165.5,73.4,26.8,109.0,509.0,284.0,12.25,133.0,66.9,16.7,50.2,10.1,15.4,14.65,,235.0,18.15,28.75,10.55,27.5,9.17,10.9,16.9,18.4,43.2,46.9,9.22,19.4,16.2,24.7,15.4,9.17,13.4,19.55,18.65,230.5,76.8,2035.0,30.65,145.5,58.3,98.8,126.5,27.7,93.3,92.9,12.15,36.95,298.5,16.9,42.25,26.1,68.5,42.8,56.0,,94.5,172.5,41.65,74.8,16.75,11.35,125.0,55.0,80.5,71.9,242.0,197.0,272.0,,,74.9,,,36.1,85.8,200.0,77.0,235.5,53.0,42.4,79.4,53.7
44.55,39.6,52.9,82.1,77.6,68.9,12.7,42.15,73.2,31.6,32.45,319.0,156.0,33.7,52.4,305.0,10.65,24.65,31.45,59.0,195.5,73.0,25.45,15.45,25.1,43.35,320.0,416.5,41.9,80.2,67.1,47.95,28.9,360.5,370.0,323.0,49.15,14.55,198.0,38.25,19.95,93.9,24.5,48.1,21.0,124.5,7.24,11.9,19.15,50.1,10.4,22.4,69.9,29.75,324.5,86.9,9.76,47.9,43.75,95.9,85.5,29.75,79.2,238.0,7.1,11.6,96.2,165.5,73.4,26.8,109.0,510.0,284.5,12.25,133.0,66.9,16.7,50.2,10.1,15.4,14.65,,235.0,18.15,28.75,10.6,27.5,9.17,10.85,16.9,18.35,43.15,46.85,9.21,19.4,16.2,24.7,15.4,9.16,13.35,19.55,18.65,230.5,76.8,2035.0,30.65,145.5,58.3,98.8,126.5,27.7,93.3,92.8,12.1,36.95,298.5,16.95,42.25,26.1,68.5,42.8,56.0,,94.4,172.5,41.65,74.8,16.75,11.35,126.0,55.0,80.5,71.9,241.5,197.0,272.0,,,74.9,,,36.1,85.8,200.0,77.0,235.5,53.0,42.4,79.4,53.7
44.55,39.6,52.9,82.1,77.7,68.9,12.65,42.15,73.1,31.6,32.5,318.5,156.0,33.65,52.3,305.0,10.65,24.65,31.5,59.0,195.5,73.0,25.45,15.45,25.1,43.35,319.5,416.5,41.9,80.1,67.1,47.95,28.95,360.5,370.0,323.0,49.15,14.6,197.5,38.3,19.95,94.0,24.5,48.1,21.05,124.5,7.24,11.9,19.15,50.1,10.4,22.4,69.9,29.75,324.5,86.9,9.76,47.85,43.75,96.0,85.4,29.75,79.2,238.0,7.1,11.55,96.2,165.5,73.4,26.85,109.0,510.0,284.5,12.25,133.0,66.9,16.7,50.4,10.1,15.4,14.65,,235.0,18.15,28.8,10.6,27.45,9.17,10.85,16.9,18.35,43.2,46.85,9.21,19.35,16.2,24.7,15.4,9.16,13.35,19.55,18.65,230.5,76.8,2035.0,30.65,145.5,58.3,98.8,127.0,27.75,93.4,92.8,12.15,36.85,298.5,16.9,42.25,26.1,68.5,42.75,56.0,,94.3,172.5,41.65,74.9,16.75,11.35,125.5,54.9,80.5,71.9,241.5,197.0,272.0,,,74.9,,,36.1,85.8,200.0,77.0,236.0,53.0,42.45,79.4,53.7
44.55,39.65,52.9,82.1,77.7,68.9,12.65,42.25,73.2,31.6,32.45,319.0,156.0,33.7,52.3,305.0,10.65,24.65,31.45,59.0,196.0,73.1,25.45,15.45,25.1,43.35,319.5,416.5,41.9,80.2,67.1,47.95,28.9,360.5,370.0,322.5,49.15,14.55,197.5,38.25,19.95,94.0,24.55,48.1,21.05,124.5,7.23,11.85,19.15,50.1,10.4,22.4,69.9,29.75,324.5,87.1,9.75,47.9,43.75,96.0,85.4,29.7,79.2,238.0,7.1,11.6,96.2,165.5,73.3,26.8,109.0,510.0,284.5,12.25,132.5,66.9,16.7,50.5,10.1,15.45,14.65,,235.0,18.2,28.75,10.6,27.45,9.17,10.85,16.9,18.35,43.15,46.85,9.22,19.4,16.2,24.65,15.45,9.16,13.35,19.55,18.65,230.5,76.8,2035.0,30.65,145.5,58.3,98.8,127.0,27.7,93.3,92.8,12.15,36.85,298.5,16.9,42.25,26.1,68.5,42.75,56.0,,94.4,172.5,41.7,74.9,16.75,11.35,125.5,54.9,80.6,71.9,241.5,197.0,272.0,,,74.9,,,36.15,85.8,200.0,77.0,235.5,53.0,42.4,79.4,53.7
44.55,39.6,52.9,82.1,77.6,68.9,12.65,42.25,73.1,31.6,32.45,319.0,156.0,33.65,52.3,305.0,10.65,24.65,31.5,58.9,196.0,73.0,25.45,15.45,25.1,43.35,320.0,416.5,41.9,80.2,67.1,47.9,28.9,360.0,370.0,322.5,49.05,14.6,197.5,38.2,19.95,94.0,24.5,48.05,21.05,124.5,7.24,11.9,19.15,50.1,10.4,22.4,70.0,29.7,324.5,87.2,9.76,47.9,43.7,96.0,85.4,29.7,79.1,238.0,7.1,11.6,96.2,166.0,73.3,26.8,109.0,510.0,284.5,12.25,132.5,66.9,16.7,50.2,10.1,15.4,14.65,,235.0,18.15,28.75,10.6,27.45,9.16,10.85,16.9,18.35,43.15,46.9,9.21,19.4,16.2,24.7,15.45,9.16,13.35,19.55,18.65,230.5,76.6,2035.0,30.65,145.5,58.3,98.9,127.0,27.75,93.3,92.8,12.1,36.85,298.0,16.95,42.25,26.1,68.6,42.75,56.0,,94.3,172.5,41.7,74.9,16.75,11.35,125.5,54.9,80.5,71.9,241.5,197.0,272.0,,,74.9,,,36.1,85.8,200.0,77.0,235.5,53.0,42.45,79.3,53.7
44.55,39.65,52.9,82.2,77.6,68.9,12.7,42.25,73.1,31.6,32.5,319.0,156.0,33.65,52.3,305.0,10.65,24.65,31.5,58.9,196.0,73.0,25.45,15.45,25.05,43.35,320.0,416.5,41.9,80.1,67.1,47.95,28.85,360.0,370.0,322.5,49.05,14.6,197.5,38.2,19.95,93.9,24.55,48.0,21.05,124.5,7.23,11.85,19.2,50.2,10.4,22.4,70.0,29.7,324.5,87.2,9.75,47.9,43.7,96.0,85.3,29.7,79.2,238.0,7.1,11.6,96.2,166.0,73.3,26.85,109.5,509.0,285.0,12.25,132.5,66.9,16.7,50.2,10.1,15.45,14.7,,235.0,18.15,28.75,10.55,27.5,9.17,10.85,16.9,18.35,43.2,46.9,9.22,19.4,16.2,24.7,15.4,9.16,13.35,19.55,18.65,230.5,76.6,2035.0,30.65,145.5,58.3,98.8,127.0,27.75,93.3,92.8,12.1,36.95,297.5,16.95,42.25,26.15,68.5,42.7,56.0,,94.3,173.0,41.7,74.9,16.75,11.35,125.5,54.9,80.5,71.9,241.5,197.0,272.0,,,74.9,,,36.15,85.8,200.0,77.0,235.5,53.1,42.4,79.4,53.7
44.6,39.65,52.9,82.2,77.7,68.9,12.65,42.25,73.2,31.55,32.45,318.5,156.0,33.65,52.4,306.5,10.7,24.6,31.5,59.0,196.0,73.0,25.45,15.45,25.05,43.35,320.0,416.5,41.9,80.2,67.1,47.9,28.85,360.0,370.0,322.5,49.1,14.6,197.5,38.25,19.95,93.9,24.5,48.05,21.0,125.0,7.23,11.85,19.2,50.2,10.4,22.4,69.9,29.7,324.0,87.3,9.75,47.9,43.65,96.0,85.4,29.75,79.2,239.0,7.1,11.55,96.2,166.0,73.3,26.8,109.5,510.0,284.5,12.25,133.0,66.9,16.65,50.2,10.1,15.45,14.65,,235.0,18.1,28.75,10.55,27.45,9.17,10.85,16.9,18.35,43.15,46.85,9.22,19.4,16.2,24.7,15.45,9.16,13.35,19.55,18.65,230.5,76.6,2035.0,30.65,145.5,58.3,98.8,127.0,27.7,93.2,92.7,12.1,36.95,297.0,16.9,42.25,26.1,68.5,42.9,56.0,,94.3,173.0,41.7,74.8,16.75,11.35,125.5,54.9,80.4,71.9,241.5,197.0,272.0,,,74.9,,,36.1,85.8,200.0,76.9,235.5,53.0,42.4,79.3,53.7
44.55,39.6,52.9,82.2,77.7,68.9,12.65,42.25,73.1,31.55,32.4,318.5,156.0,33.65,52.3,306.5,10.65,24.6,31.5,59.0,196.5,73.0,25.45,15.45,25.1,43.35,320.0,416.5,41.9,80.1,67.1,47.95,28.85,360.0,370.0,322.0,49.1,14.6,197.0,38.25,20.0,93.9,24.5,48.0,21.0,124.5,7.24,11.8,19.2,50.2,10.4,22.4,70.0,29.65,324.0,87.2,9.75,47.9,43.6,95.9,85.3,29.7,79.1,238.0,7.1,11.55,96.2,166.0,73.3,26.85,109.5,510.0,284.0,12.25,132.5,66.9,16.7,50.2,10.1,15.45,14.65,,235.0,18.1,28.75,10.55,27.45,9.17,10.9,16.9,18.35,43.15,46.85,9.22,19.4,16.2,24.7,15.4,9.16,13.35,19.55,18.65,230.5,76.7,2035.0,30.65,145.5,58.3,98.9,127.0,27.7,93.1,92.7,12.1,36.85,297.0,16.9,42.2,26.1,68.6,42.9,56.0,,94.3,172.5,41.75,74.9,16.75,11.4,125.5,54.9,80.4,71.9,241.5,197.0,272.0,,,74.9,,,36.1,85.8,200.0,76.9,235.5,53.0,42.4,79.3,53.7
44.55,39.65,52.9,82.1,77.6,68.8,12.65,42.25,73.1,31.6,32.4,319.0,156.0,33.7,52.4,305.0,10.65,24.6,31.45,58.9,196.0,73.0,25.4,15.45,25.05,43.35,319.5,416.5,41.9,80.1,67.1,47.95,28.85,360.0,370.0,322.0,49.1,14.55,197.0,38.2,19.95,93.9,24.5,48.05,21.0,125.0,7.24,11.8,19.15,50.2,10.4,22.35,70.0,29.7,324.0,87.1,9.76,47.95,43.45,96.0,85.4,29.7,79.2,238.0,7.1,11.55,96.2,166.5,73.3,26.8,109.5,510.0,284.0,12.25,133.0,66.9,16.65,50.3,10.1,15.4,14.6,,235.0,18.1,28.75,10.6,27.5,9.16,10.85,16.9,18.35,43.1,46.9,9.22,19.4,16.15,24.65,15.4,9.16,13.35,19.55,18.65,230.5,76.6,2035.0,30.65,145.5,58.2,98.9,127.0,27.65,93.1,92.7,12.1,36.85,297.5,16.9,42.2,26.1,68.5,42.9,56.0,,94.4,173.0,41.8,74.9,16.75,11.35,125.0,54.9,80.4,71.9,241.5,197.0,272.0,,,74.9,,,36.1,85.8,200.0,76.9,235.5,53.2,42.4,79.2,53.7
44.55,39.6,52.9,82.1,77.6,68.8,12.65,42.25,73.1,31.6,32.4,318.5,156.0,33.65,52.3,305.0,10.65,24.6,31.45,58.9,196.0,73.0,25.45,15.45,25.05,43.35,319.5,416.5,41.9,80.2,67.0,47.95,28.95,360.0,370.0,322.0,49.1,14.55,197.0,38.25,19.95,93.9,24.5,48.0,21.05,124.5,7.24,11.85,19.1,50.1,10.4,22.4,70.0,29.7,324.0,87.1,9.77,47.9,43.35,95.9,85.3,29.7,79.2,238.0,7.1,11.55,96.2,166.5,73.2,26.8,109.5,510.0,284.0,12.25,132.5,66.9,16.65,50.3,10.1,15.4,14.65,,235.0,18.15,28.75,10.55,27.5,9.17,10.85,16.9,18.35,43.1,46.85,9.21,19.4,16.15,24.7,15.4,9.16,13.35,19.55,18.65,230.5,76.6,2035.0,30.65,145.5,58.2,98.9,126.5,27.65,93.1,92.6,12.1,36.85,297.0,16.9,42.2,26.1,68.5,42.9,56.0,,94.3,173.0,41.8,74.9,16.75,11.35,125.0,54.9,80.4,71.9,241.0,197.0,272.0,,,74.9,,,36.1,85.8,200.0,76.9,235.5,53.0,42.35,79.2,53.7
44.55,39.6,52.8,82.1,77.6,68.8,12.65,42.25,73.2,31.55,32.4,318.5,156.0,33.65,52.2,305.0,10.65,24.6,31.45,58.9,195.5,73.0,25.45,15.45,25.05,43.35,319.5,416.5,41.9,80.1,67.0,47.95,29.0,360.5,370.0,322.0,49.1,14.55,197.0,38.2,19.95,93.9,24.55,48.05,21.05,124.5,7.23,11.85,19.1,50.2,10.4,22.4,70.0,29.7,324.0,87.1,9.77,47.85,43.35,95.9,85.3,29.7,79.2,238.0,7.1,11.6,96.2,166.0,73.2,26.8,109.5,510.0,284.5,12.25,132.5,66.9,16.65,50.3,10.1,15.4,14.6,,235.0,18.1,28.75,10.55,27.5,9.16,10.85,16.9,18.35,43.1,46.85,9.22,19.4,16.15,24.65,15.4,9.16,13.35,19.55,18.65,230.0,76.5,2035.0,30.65,145.5,58.3,98.8,127.0,27.65,93.0,92.6,12.15,36.85,296.5,16.9,42.2,26.1,68.5,42.9,55.9,,94.4,173.0,41.8,74.8,16.75,11.35,125.0,54.8,80.4,71.9,241.0,197.0,272.0,,,74.9,,,36.05,85.8,201.0,76.9,236.0,53.0,42.35,79.2,53.7
44.55,39.6,52.8,82.2,77.6,68.9,12.65,42.2,73.1,31.55,32.4,318.5,156.0,33.65,52.2,305.0,10.65,24.6,31.45,58.9,195.5,73.0,25.45,15.45,25.1,43.35,319.5,416.5,41.9,80.1,67.0,47.95,29.0,360.5,370.0,322.0,49.1,14.55,197.0,38.2,19.95,94.0,24.55,48.0,20.95,124.5,7.24,11.85,19.1,50.2,10.4,22.4,70.0,29.7,324.0,87.1,9.75,47.85,43.3,95.9,85.3,29.7,79.1,239.0,7.1,11.55,96.2,166.0,73.2,26.8,109.5,510.0,284.0,12.25,133.0,66.9,16.65,50.3,10.1,15.45,14.65,,235.0,18.1,28.75,10.55,27.5,9.17,10.85,16.9,18.35,43.1,46.85,9.21,19.35,16.2,24.7,15.4,9.17,13.35,19.55,18.6,230.0,76.5,2035.0,30.7,145.5,58.3,98.8,127.0,27.65,93.0,92.6,12.1,36.85,296.0,16.9,42.2,26.1,68.5,42.9,56.0,,94.4,173.0,41.85,74.8,16.75,11.35,125.5,54.8,80.3,71.8,241.0,197.0,272.0,,,74.9,,,36.05,85.6,200.5,77.0,236.0,53.1,42.4,79.2,53.7
44.55,39.6,52.8,82.2,77.7,68.9,12.65,42.2,73.1,31.55,32.4,318.5,156.0,33.65,52.2,305.0,10.65,24.6,31.5,58.9,195.5,73.0,25.45,15.45,25.1,43.35,319.5,416.5,41.9,80.1,67.0,47.95,29.0,360.5,370.0,322.0,49.1,14.55,196.5,38.25,19.95,94.0,24.5,48.0,20.95,124.5,7.23,11.85,19.1,50.1,10.4,22.4,70.0,29.7,324.0,87.0,9.75,47.85,43.3,95.9,85.4,29.65,79.1,238.0,7.1,11.55,96.2,166.0,73.2,26.75,109.5,510.0,284.0,12.25,132.5,66.9,16.65,50.4,10.15,15.4,14.65,,235.0,18.1,28.75,10.55,27.5,9.17,10.85,16.9,18.35,43.1,46.8,9.22,19.35,16.15,24.65,15.4,9.16,13.4,19.55,18.6,230.0,76.5,2035.0,30.7,145.5,58.2,98.9,127.0,27.65,93.0,92.6,12.15,36.75,296.0,16.9,42.2,26.1,68.5,42.9,56.0,,94.4,172.5,41.85,74.9,16.75,11.35,125.0,54.9,80.3,71.7,241.0,197.0,272.0,,,75.0,,,36.05,85.6,200.5,77.0,235.5,53.2,42.35,79.2,53.7
44.55,39.65,52.9,82.2,77.6,68.8,12.65,42.2,73.1,31.6,32.4,319.0,156.0,33.65,52.1,305.0,10.65,24.55,31.5,58.9,195.5,73.0,25.45,15.45,25.05,43.35,319.5,416.5,41.85,80.2,67.0,47.95,28.95,360.5,370.0,322.0,49.1,14.55,197.0,38.25,19.95,93.9,24.55,48.0,20.9,124.5,7.23,11.85,19.1,50.1,10.4,22.35,69.9,29.65,324.0,87.1,9.75,47.9,43.3,95.8,85.4,29.7,79.1,239.0,7.1,11.55,96.2,166.0,73.2,26.75,109.5,510.0,283.5,12.25,132.5,66.9,16.65,50.3,10.1,15.4,14.65,,235.0,18.1,28.75,10.55,27.5,9.17,10.85,16.9,18.35,43.1,46.85,9.21,19.4,16.15,24.7,15.4,9.16,13.4,19.55,18.65,230.5,76.5,2035.0,30.7,145.5,58.2,98.9,126.5,27.6,92.8,92.5,12.1,36.75,296.0,16.9,42.25,26.1,68.5,42.85,56.0,,94.5,172.5,41.85,74.9,16.75,11.35,125.0,54.8,80.4,71.7,241.0,197.0,272.0,,,74.9,,,36.05,85.5,200.5,77.0,235.5,53.0,42.35,79.2,53.7
44.55,39.65,52.8,82.2,77.6,68.8,12.65,42.2,73.1,31.55,32.4,319.0,156.0,33.65,51.8,305.0,10.65,24.55,31.5,59.0,196.5,73.0,25.45,15.5,25.05,43.35,319.5,416.5,41.85,80.1,67.0,48.0,28.95,360.5,370.0,321.5,49.1,14.55,196.5,38.3,19.95,93.9,24.5,47.95,20.75,124.5,7.24,11.8,19.1,50.1,10.4,22.4,69.9,29.65,324.0,87.0,9.75,47.9,43.35,95.8,85.4,29.65,79.1,238.5,7.1,11.6,96.3,166.0,73.3,26.75,109.0,510.0,283.5,12.25,132.5,66.9,16.65,50.3,10.1,15.45,14.65,,235.0,18.1,28.75,10.55,27.5,9.17,10.85,16.9,18.35,43.1,46.8,9.22,19.35,16.2,24.7,15.4,9.16,13.35,19.55,18.65,230.0,76.5,2035.0,30.75,145.5,58.2,98.9,126.5,27.6,92.7,92.7,12.1,36.7,296.0,16.9,42.2,26.1,68.5,42.85,56.0,,94.4,173.0,41.85,74.9,16.75,11.35,125.5,54.9,80.3,71.7,241.0,197.0,272.0,,,74.9,,,36.05,85.6,200.5,77.0,235.5,53.0,42.4,79.2,53.7
44.55,39.65,52.8,82.2,77.6,68.9,12.65,42.25,73.1,31.6,32.4,319.0,156.0,33.65,51.6,305.0,10.65,24.55,31.5,59.0,196.5,73.1,25.45,15.5,25.1,43.35,320.0,416.5,41.85,80.1,67.1,48.0,28.95,360.5,370.0,321.5,49.1,14.5,197.0,38.25,19.95,93.9,24.55,47.95,20.85,124.5,7.24,11.85,19.15,50.1,10.4,22.35,69.9,29.7,324.0,87.0,9.75,47.9,43.35,95.8,85.2,29.65,79.1,238.5,7.1,11.55,96.2,165.5,73.3,26.75,109.5,509.0,283.0,12.25,132.5,66.9,16.7,50.3,10.1,15.4,14.65,,235.0,18.15,28.75,10.6,27.5,9.17,10.85,16.9,18.35,43.1,46.85,9.21,19.4,16.15,24.7,15.4,9.16,13.35,19.55,18.65,230.0,76.5,2035.0,30.65,145.5,58.2,98.9,127.0,27.65,92.7,92.6,12.1,36.6,297.0,16.95,42.15,26.1,68.5,42.85,56.0,,94.3,172.5,41.8,74.9,16.75,11.35,125.5,54.9,80.2,71.8,241.0,197.0,272.0,,,74.9,,,36.0,85.6,200.5,77.0,236.0,53.0,42.4,79.2,53.7
44.55,39.7,52.8,82.2,77.6,68.8,12.65,42.25,73.1,31.55,32.4,318.5,156.0,33.65,51.5,305.0,10.65,24.55,31.45,58.9,195.5,73.1,25.45,15.5,25.05,43.35,319.5,416.5,41.85,80.1,67.1,47.95,29.05,361.0,370.0,321.5,49.1,14.5,197.0,38.3,19.95,93.9,24.5,47.9,20.85,125.0,7.25,11.75,19.15,50.1,10.4,22.35,69.9,29.7,324.0,87.0,9.74,47.85,43.4,95.8,85.3,29.65,79.1,238.5,7.1,11.6,96.3,166.0,73.3,26.75,109.0,509.0,283.5,12.25,132.5,66.9,16.65,50.4,10.1,15.4,14.65,,235.0,18.1,28.75,10.6,27.5,9.17,10.85,16.9,18.35,43.05,46.85,9.21,19.4,16.2,24.7,15.4,9.16,13.4,19.55,18.65,230.0,76.5,2035.0,30.65,145.0,58.3,98.9,127.0,27.65,92.5,92.5,12.1,36.6,297.0,16.9,42.15,26.1,68.5,42.8,56.0,,94.2,172.5,41.8,74.9,16.75,11.4,126.0,54.8,80.2,71.6,241.0,197.0,272.0,,,74.9,,,36.0,85.6,200.5,77.0,235.5,53.0,42.4,79.2,53.7
44.55,39.7,52.9,82.2,77.6,68.8,12.65,42.25,73.1,31.55,32.4,319.0,156.0,33.65,51.7,305.0,10.65,24.55,31.45,59.0,196.5,73.0,25.45,15.5,25.1,43.3,319.5,416.5,41.85,80.0,67.1,47.95,28.95,361.0,370.0,321.5,49.1,14.5,197.0,38.25,19.95,93.8,24.5,47.95,20.85,124.5,7.24,11.75,19.15,50.1,10.35,22.35,69.9,29.7,324.0,87.1,9.74,47.85,43.3,95.8,85.2,29.7,79.0,238.5,7.1,11.6,96.2,166.0,73.2,26.75,109.0,509.0,283.5,12.25,132.5,66.9,16.65,50.4,10.1,15.45,14.65,,235.0,18.1,28.75,10.55,27.45,9.17,10.85,16.95,18.35,43.1,46.8,9.21,19.35,16.2,24.7,15.35,9.16,13.35,19.55,18.65,230.0,76.5,2035.0,30.65,145.0,58.3,98.9,127.0,27.65,92.5,92.6,12.1,36.6,297.5,16.9,42.2,26.1,68.5,42.85,56.0,,94.0,172.5,41.85,74.9,16.75,11.35,126.0,54.9,80.3,71.7,241.0,197.0,272.0,,,74.8,,,36.05,85.6,200.5,77.0,235.5,52.9,42.4,79.2,53.7
44.55,39.7,52.9,82.2,77.6,68.8,12.65,42.25,73.1,31.55,32.4,319.0,155.5,33.65,51.6,305.0,10.65,24.55,31.5,59.0,195.5,73.0,25.45,15.5,25.1,43.3,319.5,416.5,41.85,80.1,67.0,47.95,28.95,361.0,370.0,322.0,49.1,14.5,197.0,38.3,20.0,93.8,24.5,47.95,20.85,125.0,7.24,11.8,19.15,50.1,10.4,22.35,69.9,29.65,324.0,87.0,9.73,47.9,43.3,95.8,85.2,29.7,79.0,238.5,7.1,11.55,96.2,166.0,73.2,26.7,109.0,509.0,282.5,12.25,132.5,67.0,16.65,50.4,10.1,15.4,14.65,,235.0,18.1,28.75,10.55,27.5,9.17,10.85,16.9,18.4,43.1,46.85,9.22,19.4,16.2,24.7,15.35,9.15,13.4,19.6,18.6,230.0,76.4,2035.0,30.65,145.5,58.2,98.9,127.5,27.65,92.6,92.4,12.15,36.6,297.5,16.9,42.15,26.05,68.4,42.85,55.9,,94.0,172.5,41.85,74.9,16.75,11.4,125.5,54.8,80.2,71.7,241.0,196.5,272.0,,,74.8,,,36.0,85.6,200.5,77.0,235.5,52.9,42.4,79.2,53.7
44.55,39.65,52.9,82.2,77.6,68.8,12.65,42.25,73.1,31.55,32.4,318.5,156.0,33.65,51.6,305.0,10.6,24.6,31.5,59.0,195.5,73.0,25.45,15.45,25.1,43.3,319.5,416.5,41.85,80.0,67.1,47.95,28.95,361.0,370.0,322.0,49.1,14.5,197.5,38.3,19.95,93.7,24.5,47.95,20.85,124.5,7.24,11.8,19.15,50.1,10.4,22.4,70.0,29.7,324.0,87.0,9.73,47.9,43.3,95.8,85.1,29.65,79.1,238.5,7.1,11.6,96.2,166.0,73.2,26.7,109.5,510.0,282.5,12.25,132.5,67.0,16.65,50.2,10.1,15.4,14.65,,235.0,18.1,28.75,10.55,27.5,9.16,10.85,16.9,18.3,43.1,46.8,9.22,19.4,16.15,24.65,15.35,9.15,13.35,19.55,18.6,230.0,76.4,2035.0,30.65,145.5,58.2,98.9,127.0,27.6,92.8,92.5,12.1,36.6,297.5,16.9,42.2,26.1,68.4,42.9,56.0,,94.0,172.0,41.9,74.9,16.75,11.35,125.5,54.9,80.2,71.7,242.0,196.0,272.0,,,74.8,,,35.9,85.6,200.5,77.0,236.0,52.9,42.4,79.2,53.7
44.6,39.65,52.9,82.2,77.6,68.8,12.65,42.25,73.2,31.55,32.4,318.0,156.0,33.6,51.7,305.0,10.65,24.55,31.5,59.0,196.0,73.0,25.45,15.45,25.1,43.35,319.5,416.5,41.85,80.0,67.1,47.95,29.0,361.0,370.0,322.0,49.1,14.55,197.5,38.3,19.95,93.7,24.5,47.95,20.9,124.5,7.24,11.75,19.15,50.0,10.4,22.4,70.0,29.75,324.0,87.0,9.72,47.9,43.3,95.9,85.1,29.65,79.1,238.5,7.1,11.55,96.2,166.0,73.1,26.7,109.0,509.0,282.5,12.25,132.5,67.0,16.65,50.4,10.1,15.4,14.65,,235.0,18.1,28.75,10.6,27.5,9.16,10.85,16.9,18.35,43.1,46.85,9.21,19.35,16.2,24.65,15.4,9.15,13.35,19.55,18.6,230.0,76.4,2030.0,30.65,145.5,58.2,98.9,126.5,27.65,92.8,92.5,12.1,36.6,298.0,16.9,42.15,26.1,68.4,42.85,55.9,,93.9,172.0,41.85,74.8,16.75,11.35,125.5,54.9,80.3,71.7,242.0,196.0,272.0,,,74.8,,,35.9,85.6,200.5,77.0,236.0,52.9,42.4,79.2,53.7
44.55,39.65,52.9,82.2,77.6,68.9,12.65,42.2,73.1,31.55,32.4,318.0,156.0,33.6,51.8,305.0,10.65,24.55,31.45,59.0,196.0,73.0,25.5,15.45,25.1,43.35,319.0,416.5,41.85,80.1,67.1,48.0,28.95,361.0,370.0,322.0,49.0,14.5,197.5,38.25,19.95,93.7,24.5,47.95,20.9,124.5,7.23,11.75,19.15,50.0,10.4,22.35,70.0,29.7,324.5,86.9,9.73,47.95,43.2,95.7,85.1,29.65,79.0,238.5,7.1,11.55,96.3,166.0,73.0,26.7,109.0,509.0,282.5,12.2,132.5,67.0,16.65,50.4,10.1,15.4,14.7,,235.0,18.15,28.8,10.6,27.5,9.17,10.9,16.9,18.35,43.1,46.85,9.21,19.35,16.2,24.7,15.35,9.15,13.4,19.55,18.6,230.0,76.3,2030.0,30.7,145.0,58.2,98.9,126.0,27.7,92.7,92.3,12.1,36.6,298.0,16.9,42.1,26.05,68.4,42.85,56.0,,93.9,172.5,41.85,74.8,16.75,11.35,125.5,54.8,80.2,71.7,241.0,195.5,272.0,,,74.9,,,35.9,85.6,200.5,76.9,236.0,52.9,42.35,79.1,53.6
44.55,39.65,52.9,82.2,77.6,68.9,12.65,42.25,73.2,31.55,32.35,318.5,155.5,33.6,51.7,306.0,10.65,24.6,31.5,59.0,196.5,73.1,25.5,15.45,25.1,43.35,319.0,416.5,41.8,80.1,67.1,48.0,29.05,361.0,370.0,321.5,49.1,14.55,197.5,38.3,19.9,93.8,24.5,48.0,20.9,124.5,7.23,11.85,19.15,50.1,10.4,22.35,69.9,29.7,324.5,86.9,9.72,47.9,43.2,95.8,85.1,29.65,79.0,238.5,7.1,11.6,96.2,165.5,73.0,26.7,109.0,509.0,283.0,12.2,132.5,67.0,16.7,50.3,10.1,15.4,14.65,,235.0,18.15,28.8,10.6,27.5,9.17,10.9,16.9,18.35,43.05,46.8,9.22,19.35,16.2,24.7,15.35,9.16,13.35,19.55,18.65,230.0,76.4,2030.0,30.7,145.0,58.2,99.0,125.5,27.65,92.8,92.2,12.1,36.6,298.0,16.9,42.1,26.15,68.4,42.85,56.0,,93.8,172.5,41.85,74.8,16.7,11.4,125.0,54.8,80.2,71.7,241.0,195.5,272.0,,,74.9,,,35.9,85.6,200.5,76.8,235.5,53.0,42.3,79.1,53.7
44.6,39.65,52.9,82.2,77.7,69.0,12.65,42.25,73.2,31.55,32.35,318.5,155.5,33.6,51.8,305.0,10.65,24.6,31.45,59.0,196.0,73.1,25.5,15.45,25.1,43.35,319.0,416.5,41.9,80.0,67.1,48.0,28.9,361.5,369.0,321.5,49.1,14.55,197.5,38.35,19.95,93.8,24.55,48.0,20.9,125.0,7.23,11.85,19.15,50.0,10.4,22.35,70.0,29.7,324.5,87.0,9.73,47.9,43.15,95.7,85.2,29.65,79.1,239.0,7.1,11.6,96.3,165.5,73.0,26.75,109.5,510.0,283.5,12.25,132.5,67.0,16.7,50.3,10.15,15.4,14.7,,235.0,18.15,28.8,10.6,27.5,9.16,10.9,16.9,18.35,43.1,46.8,9.22,19.4,16.2,24.7,15.35,9.16,13.4,19.55,18.6,230.0,76.3,2035.0,30.7,145.5,58.2,98.9,125.5,27.7,92.7,92.2,12.1,36.7,297.5,16.9,42.1,26.15,68.5,42.8,56.0,,93.9,172.5,41.85,74.9,16.7,11.4,125.0,54.7,80.3,71.7,242.5,195.5,272.0,,,75.0,,,35.9,85.6,201.0,76.9,236.0,53.0,42.4,79.1,53.7
44.55,39.65,52.9,82.2,77.6,69.0,12.65,42.2,73.2,31.55,32.3,318.5,155.5,33.6,51.8,305.0,10.65,24.55,31.5,59.0,196.0,73.0,25.5,15.45,25.1,43.35,319.0,418.5,41.9,80.0,67.1,48.0,28.95,362.0,369.5,322.0,49.1,14.5,197.5,38.35,19.9,93.8,24.5,48.0,20.95,125.0,7.24,11.85,19.15,50.0,10.4,22.35,70.0,29.65,324.5,87.0,9.73,47.95,43.05,95.8,85.3,29.65,79.0,239.0,7.1,11.55,96.2,166.0,73.0,26.75,109.5,510.0,283.5,12.2,133.0,67.0,16.7,50.5,10.1,15.4,14.7,,235.0,18.15,28.75,10.6,27.5,9.17,10.9,16.9,18.4,43.1,46.85,9.21,19.35,16.2,24.7,15.4,9.15,13.4,19.6,18.65,230.5,76.4,2035.0,30.7,145.5,58.2,99.0,126.0,27.7,92.8,92.3,12.1,36.75,297.5,16.9,42.1,26.15,68.5,42.9,56.0,,93.9,172.5,41.85,74.7,16.75,11.4,125.0,54.6,80.2,71.7,243.0,195.5,272.0,,,75.1,,,36.0,85.6,201.0,76.9,236.0,53.0,42.3,79.1,53.7
44.55,39.65,53.0,82.2,77.6,68.9,12.65,42.25,73.2,31.55,32.35,318.0,156.0,33.6,51.9,306.0,10.65,24.6,31.5,59.0,196.0,73.1,25.5,15.45,25.1,43.35,319.0,418.5,41.9,80.1,67.1,48.0,28.95,362.0,370.0,323.0,49.1,14.55,197.5,38.35,19.95,93.9,24.55,48.0,20.95,125.0,7.24,11.85,19.15,50.1,10.35,22.4,70.0,29.7,325.0,86.9,9.74,47.9,43.0,95.9,85.2,29.65,79.1,238.5,7.1,11.6,96.2,165.5,73.1,26.75,109.5,509.0,283.5,12.25,132.5,67.0,16.7,50.4,10.15,15.4,14.7,,235.0,18.15,28.75,10.6,27.5,9.17,10.9,16.9,18.4,43.1,46.85,9.22,19.4,16.2,24.75,15.4,9.16,13.4,19.6,18.65,230.5,76.4,2035.0,30.7,145.5,58.2,99.0,126.0,27.65,92.8,92.3,12.1,36.8,298.0,16.9,42.15,26.2,68.6,42.9,56.0,,93.9,172.5,41.85,74.9,16.75,11.4,125.0,54.6,80.3,71.7,243.0,195.5,272.0,,,75.1,,,36.0,85.7,201.0,76.9,236.0,53.0,42.3,79.2,53.7
44.6,39.65,53.0,82.2,77.7,69.0,12.65,42.25,73.2,31.55,32.45,318.0,156.0,33.65,51.9,306.0,10.7,24.55,31.5,59.0,196.0,73.1,25.5,15.45,25.1,43.35,318.5,418.5,41.9,80.1,67.1,48.0,28.95,362.0,370.0,322.0,49.1,14.55,197.5,38.35,20.0,93.9,24.55,48.0,20.95,125.0,7.24,11.9,19.15,50.1,10.35,22.35,70.0,29.7,325.0,87.0,9.73,47.95,43.0,95.8,85.3,29.65,79.1,239.0,7.1,11.6,96.3,165.5,73.2,26.7,109.5,509.0,284.0,12.2,132.5,67.0,16.7,50.4,10.1,15.4,14.7,,235.0,18.15,28.75,10.6,27.5,9.17,10.9,16.9,18.4,43.15,46.8,9.22,19.35,16.15,24.75,15.4,9.15,13.4,19.55,18.65,230.5,76.5,2035.0,30.7,145.5,58.2,99.0,126.0,27.7,92.8,92.4,12.1,36.95,297.5,16.9,42.15,26.2,68.5,42.85,56.0,,93.9,172.5,41.85,74.8,16.7,11.4,125.5,54.5,80.2,71.7,243.0,195.5,272.0,,,75.1,,,36.0,85.8,201.0,77.0,236.0,53.0,42.3,79.2,53.8
44.6,39.65,52.9,82.2,77.7,69.0,12.65,42.2,73.2,31.55,32.4,318.5,156.0,33.65,51.8,305.5,10.65,24.55,31.5,59.0,195.5,73.1,25.5,15.45,25.15,43.3,318.5,418.5,41.9,80.0,67.0,48.0,29.0,362.0,370.5,322.0,49.1,14.55,197.0,38.35,19.95,93.9,24.55,47.95,21.0,125.0,7.23,11.9,19.1,50.0,10.4,22.35,70.0,29.65,324.0,87.0,9.74,47.95,43.0,95.9,85.3,29.7,79.1,238.5,7.1,11.6,96.3,166.0,73.2,26.7,109.5,510.0,284.0,12.2,132.5,67.0,16.7,50.3,10.15,15.4,14.7,,235.0,18.1,28.8,10.6,27.5,9.17,10.9,16.9,18.4,43.15,46.85,9.22,19.35,16.2,24.75,15.4,9.16,13.4,19.6,18.65,230.5,76.4,2035.0,30.65,145.5,58.2,99.0,125.5,27.65,92.7,92.4,12.05,36.95,297.5,16.9,42.15,26.15,68.6,42.9,56.0,,93.9,172.5,41.85,74.8,16.75,11.4,125.5,54.6,80.2,71.7,243.0,195.5,272.0,,,75.1,,,36.0,85.8,201.0,77.0,236.0,53.0,42.3,79.2,53.7
44.55,39.65,52.9,82.1,77.6,69.0,12.65,42.25,73.2,31.55,32.4,318.5,156.0,33.6,51.9,305.5,10.65,24.6,31.5,59.0,195.5,73.0,25.5,15.5,25.15,43.35,318.5,418.5,41.85,80.0,67.0,48.0,29.0,362.0,370.5,322.0,49.1,14.6,197.0,38.4,19.95,93.8,24.5,48.0,21.05,125.0,7.24,11.9,19.15,50.1,10.4,22.35,69.9,29.65,324.5,87.0,9.73,47.9,42.95,95.8,85.3,29.6,79.2,238.5,7.1,11.55,96.2,165.5,73.1,26.75,109.5,509.0,283.5,12.2,132.5,67.0,16.7,50.5,10.1,15.4,14.65,,235.0,18.1,28.75,10.6,27.45,9.17,10.9,16.9,18.35,43.1,46.85,9.22,19.4,16.2,24.7,15.4,9.15,13.35,19.55,18.6,230.0,76.3,2035.0,30.65,145.5,58.1,98.9,125.5,27.65,92.7,92.5,12.1,36.95,297.5,16.9,42.15,26.2,68.6,42.85,56.0,,93.9,172.5,41.85,74.8,16.75,11.4,125.5,54.5,80.2,71.7,243.0,195.5,272.0,,,75.1,,,36.0,85.8,201.0,77.0,236.0,53.0,42.2,79.2,53.6
44.55,39.65,52.9,82.1,77.6,68.9,12.65,42.25,73.3,31.6,32.35,318.0,156.0,33.65,51.8,305.5,10.65,24.6,31.5,59.0,195.5,73.0,25.45,15.5,25.15,43.35,318.5,418.5,41.85,80.0,67.1,48.0,29.0,361.0,370.5,322.0,49.1,14.6,197.0,38.4,20.0,93.9,24.5,47.95,21.05,125.0,7.24,11.9,19.1,50.0,10.35,22.4,69.9,29.65,324.5,87.0,9.73,47.9,42.95,95.9,85.3,29.6,79.2,238.5,7.1,11.55,96.2,166.0,73.1,26.7,109.5,510.0,284.0,12.2,132.5,67.0,16.65,50.5,10.1,15.4,14.65,,235.0,18.1,28.75,10.55,27.5,9.17,10.9,16.9,18.35,43.15,46.85,9.21,19.4,16.15,24.7,15.35,9.16,13.35,19.55,18.6,230.0,76.3,2035.0,30.65,145.5,58.1,99.0,126.0,27.65,92.7,92.5,12.1,36.85,297.0,16.95,42.15,26.15,68.5,42.9,56.0,,93.9,172.5,41.85,74.8,16.75,11.4,125.0,54.4,80.2,71.7,243.0,195.0,272.0,,,75.0,,,36.0,85.8,201.0,77.0,236.0,53.0,42.2,79.2,53.6
44.6,39.7,52.9,82.1,77.6,68.9,12.6,42.25,73.3,31.55,32.4,318.0,156.0,33.6,51.9,305.0,10.65,24.6,31.5,59.0,196.0,73.0,25.5,15.5,25.15,43.35,318.5,418.5,41.85,80.0,67.1,48.0,29.0,361.0,370.5,322.0,49.1,14.55,197.5,38.4,19.95,93.8,24.5,48.0,21.05,124.5,7.24,11.95,19.1,50.0,10.35,22.35,69.9,29.65,324.5,87.0,9.71,47.9,43.0,95.9,85.3,29.6,79.1,238.5,7.1,11.55,96.3,165.5,73.1,26.7,109.5,509.0,284.0,12.2,132.5,67.0,16.65,50.5,10.1,15.4,14.7,,235.0,18.1,28.75,10.55,27.5,9.17,10.9,16.95,18.35,43.15,46.8,9.22,19.4,16.2,24.7,15.35,9.15,13.35,19.55,18.6,230.0,76.3,2035.0,30.6,145.5,58.1,99.0,126.0,27.7,92.7,92.6,12.1,36.85,297.5,16.9,42.1,26.2,68.5,42.85,56.0,,93.9,172.5,41.85,74.8,16.75,11.4,125.0,54.4,80.2,71.9,243.0,195.0,272.0,,,75.0,,,35.95,85.8,201.0,77.0,236.0,53.0,42.3,79.2,53.7
44.55,39.65,52.9,82.1,77.6,68.9,12.65,42.25,73.3,31.65,32.3,318.0,156.0,33.6,51.8,305.0,10.7,24.6,31.45,59.0,196.0,73.0,25.5,15.5,25.15,43.35,319.0,418.5,41.9,80.0,67.1,47.95,29.0,361.5,370.5,322.0,49.1,14.55,197.5,38.35,19.95,93.9,24.5,47.95,21.05,125.0,7.24,11.9,19.1,50.1,10.4,22.4,70.0,29.7,324.5,87.0,9.73,47.9,43.0,95.9,85.2,29.65,79.2,238.5,7.1,11.55,96.2,166.0,73.0,26.75,109.5,509.0,284.0,12.2,133.0,67.1,16.65,50.2,10.1,15.4,14.65,,235.0,18.15,28.75,10.55,27.5,9.17,10.9,16.95,18.35,43.1,46.85,9.22,19.4,16.15,24.7,15.35,9.16,13.35,19.55,18.6,230.0,76.3,2035.0,30.6,145.5,58.2,99.0,126.0,27.7,92.8,92.6,12.1,36.85,297.0,16.9,42.15,26.2,68.5,42.8,56.0,,93.9,173.0,41.8,74.7,16.75,11.35,125.0,54.5,80.2,71.9,243.0,194.0,272.0,,,75.0,,,35.95,85.8,201.0,77.0,235.5,52.9,42.3,79.2,53.6
44.55,39.65,52.9,82.1,77.6,68.9,12.65,42.2,73.3,31.6,32.3,318.5,156.0,33.6,51.9,305.0,10.7,24.6,31.5,59.1,196.0,73.0,25.5,15.5,25.15,43.35,319.0,419.5,41.95,79.9,67.1,48.0,28.95,361.5,370.5,322.0,49.15,14.55,197.5,38.3,19.95,93.8,24.5,48.0,21.0,125.0,7.24,11.95,19.15,50.0,10.4,22.35,69.9,29.65,324.5,87.0,9.73,47.9,43.1,95.9,85.3,29.6,79.2,238.5,7.1,11.55,96.2,165.5,73.1,26.75,109.5,510.0,284.0,12.2,132.5,67.0,16.65,50.2,10.1,15.4,14.65,,235.0,18.15,28.8,10.6,27.45,9.17,10.9,16.95,18.35,43.15,46.85,9.21,19.4,16.15,24.7,15.4,9.16,13.4,19.55,18.65,230.0,76.4,2030.0,30.5,145.5,58.2,98.9,126.0,27.65,92.8,92.5,12.1,36.85,297.0,16.9,42.15,26.15,68.5,42.85,56.0,,94.0,172.5,41.85,74.6,16.75,11.4,125.5,54.5,80.2,71.9,243.0,193.5,272.0,,,75.0,,,36.05,85.8,201.0,77.0,236.0,52.9,42.3,79.2,53.6
44.55,39.65,52.9,82.1,77.6,69.0,12.65,42.2,73.2,31.6,32.3,318.0,156.0,33.65,51.9,305.0,10.65,24.6,31.45,59.0,195.5,73.1,25.5,15.5,25.1,43.35,319.0,419.5,41.95,80.0,67.1,47.95,28.95,361.5,370.5,322.0,49.15,14.55,197.5,38.3,19.95,93.8,24.55,47.95,21.1,124.5,7.24,11.9,19.1,50.1,10.4,22.4,69.9,29.65,324.5,87.0,9.74,47.95,43.3,95.9,85.4,29.6,79.2,238.5,7.1,11.55,96.3,166.0,73.0,26.7,109.0,510.0,283.5,12.2,132.5,67.0,16.65,50.2,10.1,15.4,14.7,,235.0,18.15,28.8,10.6,27.5,9.16,10.9,16.95,18.35,43.1,46.8,9.21,19.4,16.2,24.7,15.35,9.16,13.35,19.6,18.65,230.0,76.3,2030.0,30.5,145.0,58.2,98.9,126.0,27.65,92.8,92.6,12.1,36.85,297.0,16.9,42.1,26.15,68.5,42.85,56.0,,93.9,172.5,41.9,74.8,16.75,11.4,125.5,54.5,80.2,71.9,243.0,193.5,272.0,,,75.1,,,36.05,85.8,201.0,77.0,236.0,53.0,42.25,79.3,53.7
44.55,39.7,52.9,82.1,77.6,69.0,12.7,42.2,73.2,31.65,32.25,318.0,156.0,33.6,52.0,305.0,10.65,24.55,31.5,59.1,195.5,73.0,25.45,15.5,25.15,43.3,319.0,419.5,41.95,80.0,67.1,48.0,28.95,361.5,370.5,322.0,49.1,14.55,197.0,38.35,19.95,93.8,24.5,47.95,21.05,124.5,7.23,11.9,19.1,50.1,10.35,22.35,69.9,29.65,324.5,87.0,9.74,47.95,43.3,95.8,85.3,29.6,79.2,238.5,7.1,11.55,96.2,165.5,73.0,26.7,109.0,510.0,284.0,12.2,132.5,67.0,16.65,50.4,10.1,15.4,14.65,,235.0,18.1,28.75,10.6,27.5,9.17,10.85,16.95,18.35,43.1,46.85,9.21,19.4,16.2,24.7,15.4,9.15,13.35,19.55,18.65,230.0,76.3,2030.0,30.5,145.0,58.2,98.9,126.0,27.65,92.8,92.6,12.1,36.85,297.0,16.95,42.1,26.15,68.5,42.8,56.0,,94.0,172.0,41.9,74.8,16.75,11.35,125.5,54.5,80.3,71.9,243.0,193.5,272.0,,,75.1,,,36.1,85.8,201.0,77.0,236.0,53.0,42.25,79.3,53.7
44.55,39.65,52.9,82.1,77.6,69.0,12.65,42.25,73.2,31.6,32.35,318.0,156.0,33.6,51.9,305.0,10.65,24.6,31.5,59.1,195.5,73.0,25.45,15.5,25.1,43.3,319.0,419.5,41.95,80.0,67.1,48.0,28.95,361.5,370.5,322.0,49.1,14.55,197.5,38.35,19.95,93.8,24.5,47.95,21.05,125.0,7.23,11.9,19.1,50.0,10.35,22.4,70.0,29.65,324.5,87.0,9.74,47.95,43.3,95.7,85.3,29.6,79.2,239.0,7.1,11.6,96.2,165.5,73.0,26.75,109.5,509.0,284.0,12.25,132.5,67.0,16.7,50.4,10.1,15.4,14.7,,235.0,18.15,28.75,10.6,27.5,9.17,10.9,16.95,18.3,43.1,46.8,9.2,19.4,16.2,24.75,15.35,9.16,13.4,19.55,18.65,230.0,76.3,2030.0,30.5,145.5,58.2,98.9,126.0,27.65,92.8,92.7,12.1,36.85,297.0,16.95,42.1,26.1,68.5,42.85,56.0,,94.1,172.0,41.85,74.8,16.8,11.35,125.5,54.5,80.3,71.9,243.0,194.0,272.0,,,75.2,,,36.05,85.8,201.0,77.0,236.0,53.2,42.3,79.3,53.7
44.55,39.65,52.9,82.1,77.6,68.9,12.65,42.2,73.3,31.6,32.25,318.0,156.0,33.6,51.9,305.0,10.65,24.55,31.5,59.1,195.5,73.0,25.45,15.5,25.15,43.35,319.0,419.5,41.9,79.9,67.0,48.0,28.9,361.5,370.5,322.0,49.1,14.5,197.5,38.35,19.95,93.8,24.5,47.9,21.0,125.0,7.24,11.9,19.15,50.0,10.4,22.4,69.9,29.65,324.5,86.9,9.74,47.9,43.25,95.8,85.3,29.6,79.1,239.5,7.1,11.55,96.2,165.5,73.0,26.7,109.5,509.0,284.0,12.2,133.0,67.0,16.7,50.5,10.1,15.4,14.65,,235.0,18.15,28.75,10.6,27.5,9.17,10.9,16.95,18.3,43.1,46.85,9.21,19.4,16.15,24.7,15.35,9.16,13.35,19.55,18.65,230.0,76.3,2035.0,30.5,145.5,58.2,98.9,126.0,27.65,92.8,92.6,12.1,36.85,297.0,16.95,42.05,26.1,68.5,42.85,56.0,,94.0,172.0,41.85,74.9,16.8,11.35,125.0,54.4,80.3,71.9,243.0,194.0,272.0,,,75.1,,,36.05,85.8,201.0,77.0,236.0,53.0,42.25,79.3,53.7
44.55,39.6,52.9,82.1,77.6,68.9,12.65,42.2,73.3,31.6,32.25,318.0,156.0,33.6,52.0,305.0,10.7,24.6,31.5,59.0,195.5,73.0,25.45,15.5,25.1,43.35,319.0,418.5,41.9,79.9,67.0,47.95,28.9,361.5,370.0,322.0,49.1,14.55,197.0,38.3,20.0,93.8,24.5,47.85,21.1,125.0,7.24,11.9,19.15,50.0,10.35,22.35,69.8,29.65,324.5,86.9,9.73,47.9,43.25,95.7,85.3,29.5,79.1,239.5,7.11,11.55,96.2,166.0,73.1,26.7,109.0,509.0,284.0,12.2,132.5,67.0,16.65,50.3,10.1,15.4,14.65,,235.0,18.1,28.75,10.6,27.5,9.17,10.9,16.95,18.3,43.1,46.85,9.2,19.35,16.2,24.7,15.35,9.16,13.35,19.55,18.65,230.0,76.4,2035.0,30.5,145.0,58.2,98.9,126.0,27.65,92.9,92.6,12.1,36.85,296.5,16.95,42.05,26.1,68.5,42.85,56.0,,94.0,172.0,41.85,74.7,16.75,11.35,125.5,54.4,80.3,71.9,243.0,194.5,272.0,,,75.2,,,36.05,85.9,200.5,77.0,236.0,53.0,42.25,79.3,53.7
44.55,39.6,52.9,82.1,77.6,68.9,12.65,42.2,73.3,31.65,32.2,318.0,156.0,33.6,52.0,305.0,10.65,24.55,31.5,59.1,195.5,73.0,25.45,15.5,25.15,43.35,318.5,418.5,41.9,79.9,67.1,48.0,29.0,361.5,370.0,322.0,49.1,14.5,197.0,38.35,19.95,93.8,24.5,47.8,21.1,124.5,7.24,11.9,19.15,50.0,10.35,22.4,69.9,29.65,324.5,86.9,9.74,47.9,43.25,95.6,85.2,29.5,79.2,239.5,7.11,11.55,96.2,165.5,73.0,26.75,109.5,510.0,284.0,12.2,132.5,67.0,16.65,50.4,10.1,15.4,14.65,,235.0,18.1,28.75,10.6,27.45,9.17,10.9,16.95,18.3,43.1,46.8,9.22,19.35,16.2,24.7,15.35,9.15,13.35,19.55,18.65,230.0,76.3,2035.0,30.5,145.0,58.2,98.9,126.0,27.7,92.8,92.6,12.1,36.85,296.5,16.95,42.1,26.1,68.5,42.85,55.9,,94.0,172.0,41.85,74.6,16.75,11.35,125.5,54.5,80.3,71.9,243.0,194.5,272.0,,,75.2,,,36.05,85.8,200.5,77.0,236.0,53.0,42.25,79.3,53.7
44.55,39.6,52.9,82.1,77.6,68.9,12.65,42.2,73.3,31.65,32.25,318.0,156.0,33.6,52.0,305.0,10.65,24.55,31.5,59.0,195.5,73.0,25.5,15.5,25.1,43.25,318.0,418.5,41.9,80.0,67.1,48.0,29.0,361.5,370.0,322.0,49.1,14.55,197.0,38.3,19.95,93.8,24.55,47.85,21.05,124.5,7.23,11.9,19.1,50.0,10.35,22.4,69.9,29.7,324.5,86.9,9.74,47.9,43.25,95.9,85.1,29.5,79.2,240.0,7.11,11.55,96.2,165.5,73.0,26.75,109.5,510.0,284.0,12.2,132.5,67.1,16.7,50.3,10.1,15.4,14.7,,235.0,18.15,28.75,10.6,27.5,9.17,10.9,16.95,18.3,43.1,46.85,9.2,19.4,16.2,24.75,15.35,9.15,13.35,19.55,18.65,230.0,76.2,2035.0,30.45,145.0,58.2,98.9,125.5,27.65,92.9,92.6,12.1,36.85,297.0,16.95,42.05,26.1,68.5,42.8,56.1,,93.9,172.0,41.85,74.6,16.75,11.35,125.0,54.5,80.4,71.9,243.0,194.5,272.0,,,75.1,,,36.05,85.8,200.5,77.0,236.0,53.0,42.25,79.3,53.7
44.55,39.65,52.9,82.1,77.6,68.9,12.65,42.2,73.3,31.65,32.2,318.0,156.0,33.6,51.9,306.0,10.65,24.55,31.5,59.1,195.5,72.9,25.5,15.5,25.1,43.3,318.0,418.5,41.9,79.9,67.1,48.0,29.0,361.5,370.0,322.0,49.1,14.55,197.5,38.25,20.0,93.8,24.55,47.85,21.05,124.5,7.23,11.9,19.1,50.0,10.4,22.4,69.9,29.7,324.5,87.0,9.73,47.9,43.2,95.9,85.1,29.5,79.2,240.0,7.11,11.55,96.2,166.0,73.0,26.7,109.0,509.0,284.0,12.2,133.0,67.1,16.7,50.4,10.1,15.4,14.65,,235.0,18.1,28.8,10.6,27.5,9.16,10.9,16.95,18.3,43.1,46.85,9.21,19.35,16.15,24.75,15.35,9.15,13.35,19.55,18.65,230.0,76.2,2035.0,30.45,145.5,58.1,98.9,125.5,27.65,92.9,92.6,12.1,36.85,297.5,16.95,42.05,26.1,68.4,42.8,56.1,,93.9,172.0,41.85,74.6,16.8,11.35,125.5,54.4,80.4,71.8,243.0,194.5,272.0,,,75.1,,,36.05,85.8,200.5,77.0,236.0,53.0,42.3,79.3,53.7
44.55,39.65,52.9,82.1,77.6,68.9,12.65,42.2,73.3,31.65,32.3,318.0,156.0,33.65,52.0,306.0,10.65,24.5,31.45,59.0,195.5,72.9,25.45,15.5,25.1,43.25,318.0,418.5,41.9,79.9,67.1,48.0,29.0,361.5,370.5,322.0,49.05,14.55,197.0,38.25,19.95,93.8,24.5,47.85,21.05,125.0,7.23,11.9,19.1,50.0,10.4,22.4,69.9,29.65,324.5,87.0,9.73,47.9,43.1,95.9,85.1,29.5,79.2,239.5,7.11,11.6,96.2,165.5,73.0,26.7,109.0,510.0,283.5,12.2,132.5,67.0,16.7,50.3,10.1,15.35,14.65,,235.0,18.15,28.8,10.55,27.5,9.17,10.9,16.95,18.3,43.15,46.85,9.21,19.35,16.15,24.7,15.35,9.15,13.35,19.55,18.65,230.0,76.1,2035.0,30.5,145.5,58.1,98.9,125.5,27.6,92.9,92.6,12.1,36.85,297.5,16.95,42.1,26.1,68.4,42.8,56.1,,94.0,172.5,41.85,74.6,16.8,11.35,125.0,54.5,80.4,71.7,243.0,194.5,272.0,,,75.1,,,36.05,85.8,200.5,77.0,235.5,53.2,42.2,79.3,53.8
44.55,39.6,52.9,82.1,77.7,68.9,12.65,42.2,73.3,31.6,32.25,317.5,156.0,33.6,52.0,306.0,10.65,24.5,31.5,59.1,196.5,72.9,25.45,15.5,25.15,43.25,318.0,418.5,41.95,79.9,67.1,48.0,29.0,361.5,370.0,322.0,49.1,14.55,197.0,38.35,19.95,93.8,24.5,47.85,21.0,125.0,7.23,11.9,19.1,49.95,10.4,22.4,69.9,29.65,324.5,87.0,9.73,47.95,43.1,95.9,85.1,29.5,79.1,239.5,7.11,11.6,96.2,165.5,73.1,26.7,109.0,510.0,284.0,12.25,132.5,67.0,16.7,50.3,10.1,15.45,14.65,,235.0,18.1,28.8,10.55,27.5,9.16,10.9,16.95,18.3,43.15,46.85,9.21,19.35,16.15,24.7,15.35,9.15,13.35,19.55,18.65,230.0,76.1,2035.0,30.5,145.5,58.2,98.9,125.5,27.55,92.9,92.6,12.1,36.85,298.0,16.9,42.2,26.1,68.4,42.8,56.1,,93.9,172.5,41.85,74.6,16.8,11.35,125.5,54.5,80.4,71.7,243.0,195.0,272.0,,,75.0,,,36.05,85.8,200.5,77.0,235.5,53.0,42.3,79.3,53.7
44.55,39.65,52.9,82.0,77.6,68.9,12.65,42.25,73.3,31.6,32.3,317.5,156.0,33.6,51.9,306.0,10.65,24.55,31.45,59.0,196.5,72.9,25.45,15.5,25.1,43.3,318.5,418.5,41.95,80.0,67.1,47.95,29.0,361.5,370.0,322.0,49.1,14.55,197.0,38.25,19.95,93.8,24.5,47.95,21.0,124.5,7.23,11.9,19.1,49.95,10.4,22.35,69.8,29.7,324.5,87.0,9.74,47.95,43.15,95.8,85.1,29.45,79.0,239.5,7.11,11.55,96.2,165.5,73.0,26.7,109.0,509.0,283.5,12.2,132.5,67.0,16.75,50.3,10.1,15.4,14.7,,235.0,18.2,28.8,10.55,27.5,9.16,10.85,16.95,18.3,43.1,46.8,9.21,19.4,16.2,24.7,15.35,9.16,13.35,19.55,18.65,230.0,76.1,2035.0,30.5,145.0,58.2,98.8,125.5,27.55,92.9,92.5,12.1,36.85,297.5,16.9,42.1,26.1,68.4,42.8,56.1,,93.9,172.0,41.85,74.6,16.8,11.35,125.5,54.4,80.4,71.7,243.0,195.0,272.0,,,75.0,,,36.05,85.8,200.5,77.0,235.5,53.0,42.3,79.2,53.7
44.55,39.6,52.8,82.0,77.6,68.9,12.65,42.2,73.3,31.6,32.2,316.5,156.5,33.6,51.9,306.0,10.65,24.55,31.5,59.1,195.5,72.9,25.5,15.5,25.1,43.3,318.5,418.5,41.9,79.9,67.1,48.0,29.0,361.5,370.0,321.5,49.0,14.55,197.0,38.35,19.95,93.8,24.5,47.95,21.0,124.5,7.23,11.9,19.1,49.95,10.4,22.4,69.9,29.65,324.5,87.0,9.74,47.9,43.1,95.8,85.1,29.45,79.1,239.5,7.11,11.55,96.2,165.5,73.1,26.7,109.0,510.0,284.0,12.2,133.0,67.0,16.7,50.4,10.1,15.4,14.65,,235.0,18.15,28.8,10.55,27.45,9.16,10.85,16.95,18.3,43.15,46.85,9.21,19.4,16.15,24.75,15.35,9.15,13.35,19.55,18.65,230.0,76.1,2035.0,30.5,145.0,58.2,98.8,125.5,27.55,92.9,92.5,12.1,36.85,297.5,16.95,42.2,26.1,68.4,42.8,56.1,,93.9,172.0,41.85,74.6,16.75,11.35,125.5,54.5,80.4,71.7,243.0,195.0,272.0,,,75.0,,,36.1,85.8,200.5,77.0,235.5,53.0,42.3,79.2,53.6
44.55,39.65,52.9,82.0,77.6,69.0,12.7,42.25,73.3,31.65,32.25,316.5,156.0,33.6,52.0,306.0,10.65,24.55,31.5,59.0,196.5,72.9,25.45,15.5,25.1,43.3,318.0,418.5,41.9,79.9,67.1,48.0,29.0,361.5,370.0,321.5,49.0,14.55,197.0,38.35,19.95,93.8,24.5,47.95,21.05,125.0,7.22,11.9,19.1,49.95,10.4,22.4,69.9,29.6,324.5,87.0,9.73,47.9,43.1,95.7,85.2,29.4,79.1,240.5,7.11,11.6,96.2,165.5,73.0,26.7,109.0,510.0,284.0,12.25,132.5,67.0,16.75,50.3,10.1,15.4,14.65,,235.0,18.15,28.75,10.6,27.45,9.17,10.85,16.95,18.3,43.1,46.8,9.2,19.4,16.2,24.75,15.35,9.15,13.4,19.55,18.65,230.5,76.0,2035.0,30.5,145.5,58.2,98.8,125.5,27.55,92.9,92.5,12.1,36.9,297.5,16.95,42.1,26.1,68.4,42.85,56.0,,94.0,172.0,41.85,74.6,16.8,11.35,125.0,54.4,80.3,71.7,243.0,195.0,272.0,,,75.0,,,36.05,85.8,200.5,77.0,235.5,53.0,42.2,79.2,53.6
44.55,39.65,52.9,82.0,77.7,68.9,12.7,42.25,73.3,31.65,32.2,316.5,156.0,33.6,51.8,306.0,10.65,24.55,31.5,59.1,195.5,72.8,25.45,15.5,25.1,43.3,318.0,418.5,41.9,79.8,67.1,48.0,29.0,361.5,370.0,321.5,48.9,14.55,197.0,38.3,19.95,93.8,24.55,47.95,21.05,124.5,7.23,11.85,19.1,49.95,10.35,22.35,69.8,29.6,324.5,86.9,9.73,47.95,43.05,95.7,85.0,29.5,79.1,240.0,7.11,11.55,96.2,166.0,73.0,26.7,109.0,509.0,283.5,12.25,133.0,67.0,16.75,50.3,10.15,15.4,14.65,,235.0,18.1,28.75,10.6,27.5,9.17,10.85,16.95,18.3,43.1,46.85,9.2,19.4,16.2,24.7,15.35,9.15,13.35,19.55,18.65,230.0,76.0,2035.0,30.5,145.0,58.2,98.8,126.0,27.55,92.8,92.4,12.1,36.9,297.5,16.95,42.1,26.1,68.4,42.8,56.1,,93.9,172.0,41.85,74.6,16.75,11.35,125.5,54.4,80.3,71.7,243.0,195.0,272.0,,,75.0,,,36.05,85.8,200.5,77.0,235.5,53.0,42.2,79.2,53.7
44.6,39.65,52.9,82.0,77.6,69.0,12.7,42.25,73.3,31.65,32.2,316.5,156.0,33.65,52.0,306.0,10.65,24.55,31.5,59.0,195.5,72.8,25.45,15.45,25.1,43.3,318.0,418.5,41.9,79.8,67.0,48.0,29.0,361.0,370.0,321.0,49.05,14.55,197.0,38.3,19.95,93.8,24.5,47.95,21.05,124.5,7.23,11.85,19.1,49.95,10.4,22.35,69.8,29.6,324.5,87.0,9.74,47.95,43.1,95.8,85.0,29.55,79.1,240.0,7.11,11.55,96.2,166.0,73.1,26.7,109.0,509.0,284.0,12.25,132.5,67.0,16.7,50.3,10.1,15.4,14.65,,235.0,18.15,28.75,10.55,27.5,9.17,10.85,16.95,18.3,43.15,46.8,9.2,19.4,16.15,24.7,15.35,9.15,13.35,19.55,18.65,230.0,76.0,2030.0,30.5,145.0,58.1,98.8,125.5,27.6,92.8,92.4,12.05,36.9,297.0,16.95,42.05,26.05,68.4,42.8,56.1,,94.0,172.0,41.85,74.5,16.75,11.35,125.0,54.5,80.3,71.7,243.0,195.0,272.0,,,75.0,,,36.05,85.8,200.5,77.0,235.0,52.9,42.25,79.2,53.8
44.6,39.65,52.9,82.0,77.6,68.9,12.65,42.25,73.3,31.55,32.1,316.5,156.0,33.65,52.0,306.0,10.65,24.55,31.5,59.1,195.5,72.8,25.45,15.45,25.1,43.3,318.0,418.5,41.9,79.8,67.0,48.0,29.0,361.0,370.0,321.0,49.05,14.5,197.0,38.3,19.95,93.8,24.55,47.95,21.05,124.5,7.22,11.85,19.1,49.95,10.35,22.35,69.8,29.6,324.5,87.0,9.74,47.9,43.1,95.7,85.0,29.55,79.1,240.5,7.11,11.55,96.2,166.0,73.0,26.7,109.0,509.0,283.5,12.25,132.5,67.0,16.7,50.4,10.1,15.4,14.65,,235.0,18.1,28.75,10.6,27.5,9.17,10.85,16.95,18.3,43.1,46.8,9.2,19.35,16.2,24.7,15.3,9.15,13.35,19.55,18.6,230.5,76.0,2030.0,30.5,145.5,58.2,98.9,125.5,27.55,92.9,92.4,12.1,36.9,297.0,16.9,42.05,26.05,68.4,42.8,56.0,,94.0,172.0,41.85,74.5,16.75,11.4,125.0,54.4,80.3,71.7,243.0,195.0,272.0,,,75.0,,,36.05,85.8,200.5,77.0,235.5,52.9,42.2,79.2,53.8
44.55,39.6,52.9,82.0,77.6,68.9,12.7,42.25,73.3,31.55,32.2,316.5,156.0,33.65,52.0,306.0,10.65,24.55,31.5,59.0,195.5,72.8,25.45,15.5,25.1,43.3,318.0,418.0,41.9,79.9,67.0,48.0,29.0,361.0,370.0,320.5,49.05,14.5,197.5,38.3,19.95,93.8,24.5,47.95,21.05,125.0,7.22,11.85,19.1,49.95,10.4,22.35,69.8,29.6,324.5,86.9,9.74,47.9,43.15,95.7,85.1,29.55,79.1,240.5,7.11,11.55,96.2,165.5,73.0,26.7,109.0,510.0,283.5,12.25,132.5,67.0,16.7,50.3,10.1,15.4,14.65,,235.0,18.15,28.75,10.6,27.5,9.17,10.85,16.95,18.3,43.1,46.85,9.2,19.35,16.15,24.7,15.3,9.15,13.35,19.55,18.65,230.0,76.0,2030.0,30.5,145.5,58.2,98.9,125.5,27.6,92.9,92.4,12.1,36.9,297.5,16.9,42.05,26.05,68.4,42.6,56.0,,94.0,172.0,41.85,74.5,16.75,11.4,125.5,54.4,80.3,71.7,243.0,195.0,272.0,,,75.0,,,36.1,85.8,200.5,77.0,235.5,52.9,42.3,79.2,53.8
44.55,39.65,52.9,82.0,77.7,68.9,12.65,42.25,73.4,31.65,32.1,316.5,156.0,33.6,51.8,305.0,10.65,24.55,31.5,59.0,195.5,72.8,25.45,15.5,25.1,43.3,318.0,419.5,41.9,79.8,67.1,48.0,29.0,361.0,370.0,320.5,49.05,14.5,197.5,38.3,19.95,93.9,24.5,47.9,21.1,124.5,7.22,11.85,19.1,49.95,10.35,22.4,69.9,29.65,324.5,86.9,9.74,47.9,43.1,95.7,85.1,29.55,79.1,241.0,7.11,11.55,96.2,166.0,73.0,26.7,109.0,509.0,284.0,12.3,132.5,67.0,16.7,50.4,10.1,15.4,14.65,,235.0,18.1,28.75,10.55,27.5,9.17,10.85,16.95,18.3,43.15,46.8,9.19,19.35,16.15,24.7,15.3,9.15,13.4,19.55,18.6,230.0,76.0,2030.0,30.5,145.5,58.3,98.9,125.0,27.55,92.8,92.3,12.1,36.9,297.5,16.9,42.1,26.05,68.4,42.6,55.9,,93.9,172.0,41.85,74.5,16.8,11.35,125.5,54.4,80.3,71.7,243.0,195.0,272.0,,,75.0,,,36.1,85.8,201.0,77.0,235.5,53.0,42.3,79.2,53.8
44.6,39.65,52.8,82.0,77.6,69.0,12.65,42.2,73.4,31.6,32.0,317.0,156.0,33.6,51.8,305.0,10.65,24.55,31.45,59.0,196.5,72.8,25.45,15.45,25.1,43.3,318.0,419.5,41.9,79.8,67.0,48.0,29.0,361.0,370.0,320.5,49.05,14.5,197.5,38.3,20.0,93.8,24.55,47.9,21.1,124.5,7.21,11.9,19.1,49.9,10.35,22.35,69.9,29.65,324.5,86.9,9.74,47.9,43.1,95.6,85.1,29.55,79.2,240.0,7.11,11.55,96.2,166.0,73.0,26.75,109.0,510.0,283.5,12.25,132.5,67.0,16.75,50.4,10.1,15.4,14.65,,235.0,18.1,28.75,10.55,27.45,9.16,10.8,16.95,18.3,43.1,46.8,9.19,19.35,16.2,24.7,15.35,9.15,13.4,19.6,18.65,230.0,75.9,2030.0,30.5,145.0,58.3,99.0,125.5,27.6,92.9,92.3,12.1,36.7,297.5,16.9,42.1,26.05,68.4,42.6,56.0,,93.9,172.0,41.85,74.3,16.8,11.35,125.5,54.5,80.3,71.7,243.0,195.0,272.0,,,75.0,,,36.1,85.8,201.0,77.0,235.5,53.0,42.3,79.3,53.8
44.55,39.65,52.8,82.0,77.6,68.9,12.65,42.2,73.2,31.6,32.0,317.0,156.0,33.6,51.8,305.0,10.7,24.6,31.5,59.1,195.5,72.8,25.45,15.45,25.15,43.3,318.0,419.5,41.85,79.8,67.0,47.95,29.0,361.0,370.0,320.5,49.0,14.5,197.5,38.3,19.95,93.8,24.5,48.0,21.1,124.5,7.22,11.9,19.1,49.95,10.35,22.35,69.9,29.6,324.5,86.9,9.74,47.95,43.1,95.6,85.0,29.55,79.2,240.5,7.11,11.55,96.2,166.0,73.0,26.7,109.5,510.0,284.0,12.25,132.5,67.0,16.7,50.4,10.1,15.4,14.65,,235.0,18.1,28.75,10.55,27.45,9.16,10.8,16.95,18.3,43.1,46.85,9.2,19.35,16.2,24.7,15.35,9.15,13.35,19.55,18.65,230.0,75.9,2030.0,30.5,145.0,58.3,98.9,125.5,27.6,92.9,92.3,12.05,36.7,297.0,16.9,42.05,26.05,68.4,42.55,55.9,,93.9,172.0,41.85,74.3,16.8,11.4,125.5,54.4,80.3,71.6,243.0,195.0,272.0,,,75.0,,,36.1,85.5,200.5,77.0,235.5,53.0,42.15,79.4,53.6
44.55,39.65,52.8,82.0,77.6,68.8,12.7,42.2,73.2,31.6,32.0,316.5,156.0,33.6,51.7,305.0,10.65,24.55,31.5,59.0,195.5,72.8,25.45,15.45,25.1,43.3,318.0,418.0,41.85,79.8,67.0,48.0,29.0,361.5,370.0,320.5,49.0,14.5,197.0,38.3,19.95,93.9,24.55,48.0,21.05,125.0,7.22,11.85,19.1,49.95,10.35,22.35,69.9,29.6,324.5,86.9,9.74,47.9,43.1,95.6,85.0,29.55,79.1,240.0,7.11,11.55,96.2,166.0,73.0,26.7,109.5,510.0,283.5,12.25,132.5,66.9,16.7,50.4,10.1,15.4,14.65,,235.0,18.1,28.75,10.6,27.5,9.16,10.8,16.95,18.3,43.1,46.8,9.19,19.35,16.2,24.7,15.35,9.15,13.35,19.55,18.65,230.0,75.9,2030.0,30.45,145.5,58.3,98.9,125.5,27.55,92.7,92.3,12.1,36.7,297.0,16.9,42.05,26.05,68.4,42.55,56.0,,93.9,172.0,41.85,74.3,16.8,11.35,125.5,54.5,80.2,71.6,243.0,195.0,272.0,,,75.0,,,36.1,85.5,200.5,77.0,235.5,53.1,42.15,79.4,53.6
44.6,39.65,52.8,82.0,77.6,68.8,12.65,42.2,73.2,31.6,31.9,316.5,156.0,33.6,51.8,304.5,10.7,24.6,31.5,59.1,195.5,72.8,25.45,15.45,25.1,43.3,318.0,418.0,41.85,79.8,67.0,48.0,29.0,361.5,370.0,320.5,49.0,14.5,197.0,38.3,19.95,93.8,24.5,48.0,21.0,124.5,7.22,11.85,19.1,49.85,10.35,22.35,69.9,29.6,324.5,86.9,9.73,47.9,43.05,95.6,84.9,29.55,79.1,240.0,7.11,11.55,96.2,166.0,73.1,26.75,109.0,509.0,283.5,12.25,132.5,66.9,16.7,50.2,10.05,15.35,14.65,,235.0,18.1,28.75,10.6,27.45,9.16,10.8,16.95,18.3,43.15,46.8,9.2,19.35,16.2,24.7,15.3,9.15,13.35,19.55,18.65,230.0,75.9,2030.0,30.4,145.5,58.3,98.9,125.5,27.55,92.7,92.3,12.1,36.7,297.0,16.9,42.05,26.05,68.4,42.55,56.0,,93.9,172.0,41.85,74.2,16.75,11.4,125.5,54.4,80.3,71.6,242.0,195.0,272.0,,,75.0,,,36.1,85.5,200.5,77.0,235.5,53.1,42.1,79.4,53.6
44.55,39.65,52.9,82.0,77.7,68.9,12.7,42.2,73.3,31.65,31.95,316.0,156.0,33.65,51.8,304.5,10.7,24.55,31.5,59.0,196.0,72.8,25.5,15.45,25.1,43.3,318.0,418.0,41.85,79.8,67.1,48.0,29.0,361.5,370.0,320.5,48.9,14.5,197.5,38.3,19.95,93.9,24.5,48.0,21.1,124.5,7.21,11.9,19.1,49.9,10.35,22.35,69.9,29.6,324.5,86.8,9.73,47.9,43.05,95.6,84.8,29.45,79.1,240.0,7.11,11.55,96.2,165.5,73.0,26.7,109.0,509.0,283.5,12.25,132.5,66.9,16.7,50.3,10.05,15.4,14.65,,235.0,18.1,28.75,10.6,27.45,9.16,10.85,16.95,18.3,43.1,46.8,9.2,19.35,16.15,24.7,15.3,9.14,13.35,19.55,18.65,230.0,75.9,2030.0,30.5,145.5,58.3,98.9,125.5,27.55,92.6,92.3,12.1,36.7,297.0,16.95,42.1,26.1,68.4,42.6,56.0,,94.0,172.0,41.85,74.2,16.8,11.4,125.5,54.4,80.2,71.6,242.0,195.0,272.0,,,75.0,,,36.05,85.5,200.5,77.0,235.5,53.2,42.15,79.4,53.6
44.6,39.65,52.9,82.0,77.7,68.8,12.65,42.2,73.3,31.65,31.95,316.0,156.5,33.65,51.8,304.5,10.7,24.55,31.5,59.1,195.0,72.7,25.4,15.45,25.1,43.3,318.0,418.0,41.85,79.8,67.0,47.95,29.0,361.5,370.0,320.5,49.0,14.5,197.0,38.3,19.9,93.8,24.5,48.0,21.1,125.0,7.21,11.85,19.15,50.0,10.35,22.35,69.8,29.6,324.5,86.8,9.73,47.9,43.0,95.6,84.9,29.45,79.1,240.0,7.11,11.6,96.2,166.0,72.9,26.7,109.0,509.0,283.5,12.25,132.0,66.9,16.7,50.3,10.05,15.4,14.7,,235.0,18.1,28.75,10.6,27.5,9.16,10.85,16.95,18.3,43.15,46.8,9.2,19.35,16.2,24.7,15.35,9.14,13.4,19.55,18.65,230.0,75.9,2030.0,30.5,145.5,58.2,98.9,125.5,27.6,92.6,92.3,12.1,36.7,297.0,16.9,42.05,26.1,68.4,42.6,55.9,,94.0,172.0,41.8,74.1,16.75,11.35,125.5,54.4,80.3,71.6,242.0,195.0,272.0,,,75.0,,,36.05,85.5,201.0,77.0,235.5,53.2,42.15,79.4,53.6
44.55,39.65,52.8,82.1,77.6,68.8,12.65,42.2,73.3,31.65,31.95,316.5,156.5,33.65,51.8,305.0,10.65,24.55,31.45,58.9,195.0,72.7,25.4,15.45,25.1,43.25,318.0,418.0,41.85,79.8,67.0,48.0,28.95,361.5,369.5,320.5,49.0,14.5,197.0,38.3,19.9,93.8,24.5,48.0,21.05,124.5,7.21,11.85,19.1,50.0,10.35,22.35,69.9,29.6,324.5,86.8,9.73,47.85,43.0,95.5,84.8,29.45,79.0,240.0,7.11,11.55,96.1,165.5,72.8,26.65,109.0,509.0,283.5,12.25,132.0,66.9,16.7,50.3,10.05,15.4,14.65,,235.0,18.1,28.75,10.6,27.5,9.16,10.85,16.95,18.3,43.1,46.8,9.19,19.35,16.2,24.7,15.35,9.14,13.4,19.55,18.6,230.5,75.9,2030.0,30.5,145.0,58.2,99.0,125.5,27.55,92.6,92.2,12.1,36.7,297.0,16.9,42.1,26.05,68.4,42.8,56.0,,94.0,172.0,41.8,73.9,16.8,11.35,125.0,54.4,80.3,71.6,242.0,195.0,272.0,,,75.0,,,36.05,85.5,200.5,77.0,235.5,53.1,42.2,79.4,53.6
44.55,39.65,52.8,82.1,77.7,68.8,12.65,42.2,73.3,31.6,31.9,316.5,156.5,33.65,51.7,305.0,10.65,24.55,31.5,58.9,195.0,72.6,25.4,15.45,25.1,43.25,318.0,418.0,41.85,79.7,67.1,48.0,28.95,361.5,369.5,320.5,48.9,14.5,197.5,38.3,19.95,93.9,24.5,47.95,21.0,125.0,7.21,11.85,19.1,49.95,10.35,22.3,69.9,29.6,324.5,86.7,9.73,47.85,43.1,95.4,84.8,29.4,79.0,240.0,7.11,11.55,96.1,165.5,72.8,26.65,109.0,509.0,284.0,12.25,132.5,66.9,16.7,50.4,10.15,15.35,14.6,,235.0,18.1,28.75,10.6,27.5,9.16,10.85,16.95,18.3,43.1,46.85,9.2,19.35,16.15,24.75,15.3,9.15,13.35,19.6,18.6,230.0,75.8,2030.0,30.5,145.5,58.2,98.9,125.5,27.55,92.6,92.2,12.05,36.7,296.5,16.9,42.1,26.05,68.4,42.8,55.9,,94.1,172.0,41.85,73.9,16.8,11.35,125.0,54.4,80.2,71.6,241.0,195.0,272.0,,,75.0,,,36.05,85.5,200.5,77.0,235.5,53.1,42.2,79.4,53.7
44.6,39.65,52.8,82.1,77.6,68.8,12.65,42.15,73.3,31.6,31.9,316.0,156.5,33.65,51.7,305.0,10.65,24.55,31.5,59.0,195.0,72.7,25.4,15.45,25.1,43.25,318.0,418.0,41.85,79.7,67.0,47.95,28.95,361.5,369.5,321.0,48.9,14.5,197.0,38.3,19.9,93.8,24.5,48.0,21.0,125.0,7.21,11.85,19.1,49.95,10.35,22.3,69.8,29.55,324.0,86.7,9.73,47.85,43.1,95.2,84.8,29.4,79.0,240.0,7.11,11.55,96.1,165.5,73.0,26.65,109.5,509.0,284.0,12.3,132.5,66.9,16.7,50.4,10.15,15.35,14.65,,235.0,18.1,28.75,10.6,27.5,9.16,10.85,16.95,18.25,43.1,46.85,9.19,19.35,16.2,24.75,15.3,9.15,13.4,19.55,18.6,230.0,75.8,2030.0,30.5,145.5,58.1,99.0,125.0,27.55,92.6,92.3,12.05,36.7,296.5,16.85,42.05,26.1,68.4,42.65,56.0,,94.1,172.0,41.9,74.0,16.75,11.4,125.0,54.3,80.2,71.6,241.0,194.5,272.0,,,75.0,,,36.1,85.5,200.5,77.0,235.0,53.1,42.15,79.4,53.6
44.55,39.65,52.9,82.1,77.7,68.8,12.7,42.15,73.3,31.6,31.85,317.0,156.0,33.6,51.8,305.5,10.7,24.55,31.5,59.1,195.0,72.6,25.45,15.45,25.15,43.25,318.0,418.0,41.85,79.7,67.1,47.95,28.95,361.5,369.5,321.0,48.95,14.5,197.0,38.3,19.9,93.8,24.5,48.0,20.95,125.0,7.21,11.85,19.1,49.95,10.35,22.3,69.8,29.5,324.0,86.7,9.73,47.9,43.1,95.2,84.7,29.4,79.0,240.0,7.11,11.55,96.2,165.0,73.0,26.65,109.5,508.0,284.0,12.3,132.5,66.9,16.7,50.5,10.05,15.4,14.6,,235.0,18.1,28.75,10.6,27.5,9.16,10.85,16.95,18.25,43.1,46.8,9.2,19.35,16.2,24.75,15.3,9.15,13.4,19.55,18.6,230.0,75.8,2030.0,30.45,145.5,58.2,98.8,126.0,27.6,92.5,92.2,12.05,36.65,296.5,16.9,42.1,26.1,68.4,42.65,55.9,,94.0,172.0,41.9,74.0,16.8,11.35,125.0,54.4,80.2,71.6,240.5,194.5,272.0,,,75.0,,,36.1,85.5,200.5,77.0,235.0,53.1,42.1,79.4,53.6
44.55,39.7,52.8,82.1,77.7,68.8,12.7,42.15,73.2,31.6,31.85,316.5,156.0,33.6,51.8,305.5,10.65,24.5,31.45,58.9,195.0,72.6,25.4,15.45,25.1,43.25,318.0,418.0,41.85,79.7,67.1,47.95,28.95,361.5,369.5,321.0,48.95,14.5,197.0,38.2,19.9,93.9,24.5,48.0,21.0,125.0,7.21,11.85,19.1,49.95,10.35,22.3,69.8,29.55,324.0,86.6,9.73,47.9,43.1,95.6,84.8,29.4,79.0,240.0,7.11,11.55,96.2,165.0,73.0,26.65,109.5,508.0,283.5,12.25,132.5,66.9,16.75,50.5,10.1,15.4,14.65,,235.0,18.1,28.75,10.55,27.5,9.16,10.85,16.95,18.25,43.1,46.85,9.2,19.35,16.15,24.75,15.35,9.15,13.4,19.6,18.6,230.0,75.9,2030.0,30.45,145.5,58.2,98.9,125.5,27.55,92.5,92.4,12.05,36.65,296.0,16.85,42.05,26.1,68.4,42.6,55.9,,94.0,172.0,41.85,73.9,16.8,11.35,125.0,54.4,80.2,71.6,240.0,194.5,272.0,,,75.0,,,36.1,85.5,201.0,77.0,235.0,53.1,42.15,79.2,53.6
44.6,39.7,52.8,82.1,77.7,68.8,12.65,42.2,73.3,31.6,31.85,316.5,156.0,33.6,51.9,305.0,10.65,24.5,31.5,59.1,195.0,72.6,25.4,15.45,25.15,43.25,318.0,418.0,41.8,79.8,67.1,47.95,28.95,361.5,369.5,321.0,48.95,14.5,197.0,38.2,19.9,93.8,24.45,48.0,21.0,124.5,7.2,11.85,19.1,49.95,10.35,22.3,69.9,29.5,324.0,86.5,9.73,47.9,43.1,95.2,84.7,29.45,79.0,240.0,7.11,11.55,96.1,165.5,73.0,26.65,109.5,508.0,283.0,12.25,132.5,66.9,16.7,50.4,10.05,15.4,14.65,,235.0,18.1,28.75,10.6,27.5,9.16,10.85,16.95,18.25,43.1,46.85,9.2,19.3,16.2,24.7,15.3,9.15,13.35,19.55,18.6,230.5,75.8,2030.0,30.4,145.0,58.1,98.8,126.0,27.55,92.4,92.2,12.05,36.65,296.0,16.9,42.05,26.1,68.4,42.6,55.9,,94.1,172.0,41.85,74.0,16.75,11.35,125.5,54.3,80.3,71.6,240.0,194.5,272.0,,,75.0,,,36.15,85.5,200.5,77.0,235.0,53.1,42.2,79.2,53.6
44.55,39.7,52.8,82.1,77.6,68.7,12.65,42.2,73.3,31.6,31.75,316.5,156.0,33.65,51.9,305.0,10.6,24.55,31.45,59.1,195.0,72.7,25.4,15.45,25.1,43.25,318.0,418.0,41.8,79.7,67.1,48.0,29.0,361.5,369.5,321.0,48.95,14.5,197.0,38.2,19.9,93.8,24.45,48.0,21.0,124.5,7.21,11.85,19.1,49.95,10.35,22.25,69.9,29.5,324.0,86.4,9.74,47.9,43.05,95.2,84.8,29.45,79.0,240.0,7.11,11.55,96.1,165.0,72.9,26.65,109.0,508.0,283.5,12.25,132.5,66.9,16.75,50.4,10.05,15.4,14.65,,235.0,18.1,28.75,10.6,27.45,9.16,10.85,16.95,18.25,43.1,46.8,9.19,19.3,16.2,24.7,15.3,9.15,13.35,19.55,18.6,230.0,75.8,2030.0,30.4,145.5,58.2,98.8,125.5,27.55,92.4,92.1,12.05,36.65,296.0,16.9,42.1,26.05,68.4,42.6,55.9,,94.0,172.0,41.85,74.2,16.75,11.35,125.5,54.3,80.3,71.5,240.0,194.5,272.0,,,74.9,,,36.1,85.5,200.5,77.0,235.0,53.1,42.1,79.2,53.6
44.55,39.7,52.9,82.1,77.7,68.7,12.65,42.2,73.3,31.6,31.65,316.5,156.0,33.6,51.8,305.0,10.65,24.55,31.5,59.1,195.5,72.6,25.4,15.5,25.15,43.2,318.0,418.0,41.8,79.7,67.0,47.95,29.0,361.5,369.5,321.0,48.9,14.5,197.0,38.2,19.9,93.8,24.45,48.0,21.0,125.0,7.21,11.85,19.1,49.95,10.35,22.25,69.9,29.5,324.0,86.7,9.74,47.85,43.05,95.3,84.7,29.45,79.0,240.0,7.11,11.55,96.1,165.0,72.9,26.7,109.0,507.0,283.0,12.25,132.5,67.0,16.75,50.5,10.05,15.4,14.65,,235.0,18.1,28.75,10.6,27.45,9.15,10.85,16.95,18.25,43.1,46.8,9.19,19.35,16.2,24.7,15.3,9.14,13.35,19.55,18.65,230.0,75.9,2030.0,30.4,145.5,58.1,98.8,125.5,27.55,92.4,92.1,12.05,36.65,296.0,16.85,42.05,26.05,68.4,42.6,56.0,,94.0,172.0,41.85,74.2,16.8,11.35,125.0,54.5,80.3,71.5,239.5,194.5,272.0,,,74.9,,,36.1,85.5,200.5,77.0,235.0,53.1,42.2,79.2,53.7
44.55,39.65,52.8,82.1,77.7,68.9,12.65,42.25,73.2,31.6,31.7,316.5,156.0,33.6,51.7,305.0,10.65,24.55,31.5,59.0,194.5,72.6,25.45,15.45,25.1,43.2,318.0,418.0,41.9,79.7,67.1,47.95,29.0,361.5,369.5,321.0,48.9,14.5,197.0,38.2,19.95,93.8,24.45,47.95,21.0,125.0,7.21,11.85,19.1,50.0,10.35,22.25,69.9,29.5,324.0,86.6,9.74,47.85,43.05,95.4,84.7,29.4,79.0,240.0,7.11,11.55,96.1,165.5,72.8,26.7,109.5,507.0,283.0,12.25,132.5,67.0,16.75,50.2,10.05,15.4,14.65,,235.0,18.1,28.75,10.6,27.45,9.15,10.85,16.95,18.25,43.1,46.8,9.19,19.35,16.15,24.75,15.3,9.14,13.35,19.55,18.6,230.0,75.9,2030.0,30.35,145.0,58.2,98.8,125.5,27.55,92.4,92.1,12.05,36.65,295.5,16.85,42.05,26.05,68.4,42.55,56.0,,94.0,172.0,41.85,74.1,16.75,11.35,125.0,54.6,80.2,71.5,240.0,194.5,272.0,,,74.9,,,36.1,85.5,201.0,77.0,235.0,53.1,42.1,79.2,53.7
44.6,39.7,52.8,82.1,77.7,68.7,12.65,42.15,73.2,31.55,31.7,316.5,156.0,33.6,51.7,305.0,10.65,24.55,31.5,58.9,194.5,72.6,25.4,15.45,25.1,43.2,317.5,418.0,41.9,79.7,67.1,48.0,29.0,360.5,369.5,321.0,48.9,14.5,197.0,38.2,19.9,93.8,24.45,48.0,21.0,124.5,7.21,11.85,19.1,49.95,10.35,22.2,69.9,29.5,324.0,86.6,9.74,47.85,43.05,95.4,84.7,29.35,79.0,240.0,7.11,11.5,96.1,165.0,72.7,26.65,109.5,507.0,283.5,12.25,132.5,66.9,16.75,50.2,10.05,15.4,14.65,,235.0,18.1,28.75,10.6,27.45,9.16,10.8,16.95,18.3,43.1,46.85,9.2,19.35,16.2,24.7,15.3,9.15,13.35,19.55,18.65,230.0,75.9,2030.0,30.35,145.0,58.2,98.9,125.5,27.55,92.4,92.1,12.05,36.55,295.5,16.85,42.05,26.05,68.5,42.55,56.0,,94.0,172.0,41.85,74.2,16.8,11.35,125.0,54.6,80.2,71.5,240.0,194.5,272.0,,,74.9,,,36.1,85.5,201.0,77.0,235.0,53.1,42.1,79.2,53.6
44.55,39.65,52.9,82.1,77.6,68.7,12.6,42.15,73.3,31.55,31.7,316.5,156.0,33.6,51.7,305.0,10.6,24.5,31.5,58.9,194.5,72.6,25.4,15.5,25.1,43.2,317.5,418.0,41.85,79.7,67.0,47.95,29.0,360.5,369.5,321.0,48.9,14.5,197.0,38.2,19.95,93.8,24.45,47.95,20.95,125.0,7.21,11.85,19.1,49.9,10.35,22.2,69.8,29.5,324.0,86.6,9.73,47.85,43.1,95.4,84.7,29.45,79.0,240.0,7.11,11.55,96.2,165.0,72.7,26.65,109.0,507.0,283.0,12.25,132.5,66.9,16.75,50.3,10.05,15.35,14.65,,235.0,18.15,28.75,10.6,27.45,9.15,10.8,16.95,18.25,43.1,46.8,9.19,19.35,16.2,24.7,15.3,9.15,13.35,19.6,18.6,230.0,75.9,2030.0,30.35,145.0,58.1,98.8,125.5,27.5,92.4,92.0,12.1,36.55,296.0,16.85,42.05,26.05,68.4,42.55,55.9,,94.0,172.0,41.85,74.2,16.75,11.35,125.0,54.5,80.2,71.6,239.5,195.0,272.0,,,74.9,,,36.15,85.5,200.5,77.0,235.0,53.1,42.05,79.2,53.6
44.6,39.65,52.9,82.0,77.7,68.7,12.6,42.2,73.3,31.6,31.65,316.5,156.0,33.6,51.7,305.0,10.65,24.55,31.5,59.1,194.5,72.6,25.4,15.55,25.15,43.2,317.5,417.5,41.85,79.7,67.0,47.95,29.0,360.5,369.5,321.0,48.9,14.5,197.0,38.2,19.9,93.8,24.4,48.0,21.0,125.0,7.22,11.8,19.1,49.95,10.35,22.2,69.8,29.5,324.0,86.5,9.73,47.85,43.1,95.3,84.8,29.5,79.0,240.0,7.11,11.5,96.2,165.5,72.7,26.7,109.0,508.0,283.5,12.25,132.5,66.9,16.75,50.4,10.05,15.4,14.65,,235.0,18.1,28.75,10.6,27.5,9.15,10.8,16.95,18.3,43.05,46.8,9.2,19.35,16.15,24.7,15.35,9.15,13.35,19.55,18.6,230.0,75.9,2030.0,30.35,145.0,58.2,98.8,126.0,27.55,92.3,92.1,12.05,36.55,295.5,16.85,42.1,26.05,68.4,42.55,56.0,,93.9,172.0,41.85,74.1,16.8,11.35,125.0,54.4,80.2,71.5,240.0,195.0,272.0,,,74.9,,,36.1,85.5,200.5,77.0,235.0,53.0,41.9,79.2,53.6
44.6,39.65,52.8,82.0,77.7,68.7,12.6,42.2,73.2,31.55,31.7,316.5,156.5,33.6,51.7,305.0,10.6,24.5,31.5,59.1,194.5,72.6,25.4,15.5,25.1,43.15,317.5,417.5,41.85,79.7,67.1,48.0,29.0,360.5,369.5,321.0,48.9,14.5,197.5,38.25,19.9,93.7,24.45,47.95,20.9,125.0,7.21,11.8,19.1,49.9,10.35,22.2,69.8,29.45,324.0,86.6,9.73,47.85,43.05,95.3,84.8,29.55,79.0,240.0,7.11,11.55,96.2,165.0,72.8,26.65,109.0,508.0,283.5,12.25,133.0,66.9,16.75,50.4,10.05,15.4,14.65,,235.0,18.15,28.75,10.55,27.45,9.15,10.8,16.95,18.3,43.05,46.8,9.2,19.35,16.2,24.7,15.3,9.15,13.35,19.6,18.6,230.5,75.9,2030.0,30.35,145.0,58.2,98.8,125.5,27.55,92.3,92.1,12.05,36.55,295.5,16.85,42.05,26.05,68.4,42.55,55.9,,93.9,172.0,41.85,74.1,16.75,11.35,125.0,54.5,80.1,71.6,240.0,194.5,272.0,,,74.8,,,36.1,85.5,200.5,77.0,235.0,53.0,41.9,79.2,53.6
44.6,39.65,52.9,82.0,77.7,68.7,12.6,42.2,73.2,31.55,31.7,316.5,156.5,33.6,51.6,305.0,10.6,24.55,31.5,59.1,194.5,72.6,25.4,15.5,25.05,43.2,318.0,418.5,41.85,79.8,67.0,48.0,29.0,360.5,369.5,321.0,48.9,14.5,197.5,38.2,19.95,93.6,24.4,48.0,21.0,125.0,7.21,11.8,19.1,49.9,10.35,22.15,69.8,29.45,323.5,86.6,9.73,47.85,43.0,95.2,84.8,29.55,79.0,240.0,7.11,11.55,96.1,165.0,72.6,26.65,109.0,508.0,284.0,12.25,132.5,66.9,16.7,50.4,10.1,15.4,14.65,,235.0,18.1,28.75,10.55,27.45,9.16,10.8,16.95,18.3,43.05,46.85,9.19,19.3,16.15,24.7,15.3,9.14,13.35,19.55,18.6,230.0,75.9,2030.0,30.35,145.0,58.1,98.8,125.5,27.5,92.3,92.1,12.05,36.55,295.0,16.85,42.05,26.05,68.4,42.55,56.0,,94.0,172.0,41.85,74.0,16.75,11.35,125.0,54.5,80.1,71.6,239.5,194.5,272.0,,,74.8,,,36.05,85.5,200.5,77.0,235.0,53.1,41.8,79.1,53.6
44.6,39.7,52.8,82.0,77.7,68.8,12.6,42.2,73.3,31.6,31.65,316.5,156.5,33.6,51.5,305.0,10.6,24.5,31.45,58.9,194.5,72.6,25.4,15.55,25.1,43.2,317.5,418.5,41.85,79.9,67.0,47.95,28.95,360.5,369.5,321.0,48.95,14.5,197.0,38.25,19.9,93.6,24.4,48.0,21.0,125.0,7.21,11.8,19.1,49.9,10.35,22.15,69.8,29.45,324.0,86.6,9.73,47.9,42.95,95.2,84.8,29.55,79.0,240.0,7.11,11.5,96.2,165.0,72.6,26.65,109.0,508.0,283.0,12.25,132.5,66.9,16.7,50.4,10.1,15.35,14.65,,235.0,18.1,28.75,10.55,27.45,9.15,10.8,16.95,18.25,43.05,46.8,9.19,19.35,16.15,24.7,15.3,9.15,13.35,19.6,18.6,230.0,75.9,2030.0,30.35,145.0,58.1,98.9,125.5,27.55,92.3,92.0,12.1,36.55,294.5,16.9,42.05,26.05,68.4,42.55,56.0,,93.9,172.0,41.85,73.9,16.75,11.35,125.0,54.5,80.1,71.6,239.5,194.5,272.0,,,74.8,,,36.1,85.5,200.5,77.0,235.0,53.0,41.85,79.1,53.6
44.6,39.65,52.9,82.0,77.7,68.8,12.6,42.2,73.3,31.55,31.7,316.5,156.5,33.6,51.6,305.0,10.65,24.55,31.5,59.1,194.0,72.5,25.35,15.5,25.1,43.25,317.5,418.5,41.85,79.9,67.0,48.0,28.95,360.5,369.5,321.0,48.95,14.5,197.0,38.25,19.9,93.5,24.4,48.0,21.0,124.5,7.21,11.8,19.1,49.85,10.35,22.15,69.8,29.4,323.5,86.5,9.72,47.9,42.9,95.3,84.8,29.55,79.0,239.5,7.11,11.55,96.1,165.5,72.6,26.65,109.0,508.0,283.0,12.3,132.5,66.9,16.7,50.5,10.1,15.35,14.65,,235.0,18.1,28.75,10.55,27.45,9.16,10.8,16.95,18.25,43.05,46.8,9.2,19.3,16.15,24.7,15.3,9.14,13.35,19.55,18.6,230.0,75.8,2030.0,30.4,145.0,58.1,98.8,126.0,27.5,92.3,92.0,12.1,36.55,295.0,16.85,42.1,26.05,68.4,42.55,56.0,,93.9,172.0,41.8,73.9,16.75,11.35,125.5,54.3,80.1,71.6,239.5,194.5,272.0,,,74.8,,,36.1,85.5,200.5,77.0,234.5,53.0,41.8,79.1,53.6
44.6,39.65,52.9,82.1,77.7,68.8,12.65,42.2,73.3,31.6,31.7,316.0,156.5,33.6,51.6,305.0,10.65,24.55,31.55,59.1,194.0,72.5,25.35,15.5,25.1,43.25,317.5,418.5,41.85,80.0,67.0,47.95,29.0,360.5,369.5,321.0,48.9,14.5,197.0,38.2,19.9,93.5,24.4,47.95,21.0,125.0,7.21,11.75,19.1,49.85,10.35,22.2,69.8,29.4,323.5,86.5,9.72,47.9,42.8,95.3,84.8,29.45,78.9,239.5,7.11,11.55,96.2,165.0,72.6,26.65,109.0,508.0,284.0,12.3,132.5,66.9,16.7,50.5,10.1,15.35,14.65,,235.0,18.1,28.7,10.55,27.45,9.16,10.8,16.95,18.25,43.05,46.75,9.2,19.35,16.15,24.7,15.3,9.15,13.35,19.55,18.6,230.0,75.8,2030.0,30.4,145.5,58.1,98.9,126.0,27.5,92.3,92.0,12.05,36.55,294.5,16.85,42.05,26.05,68.3,42.55,55.9,,93.9,172.0,41.8,73.9,16.75,11.35,125.0,54.4,80.1,71.6,239.5,194.5,272.0,,,74.8,,,36.1,85.5,201.0,77.0,234.5,53.0,41.85,79.1,53.6
44.55,39.7,52.9,82.1,77.7,68.8,12.6,42.2,73.3,31.6,31.7,316.0,156.0,33.6,51.6,304.5,10.65,24.55,31.55,58.9,194.0,72.5,25.35,15.55,25.1,43.15,318.0,417.5,41.9,80.0,67.0,47.95,29.0,360.5,369.5,321.5,48.95,14.45,197.0,38.2,19.95,93.5,24.4,47.95,21.0,125.0,7.2,11.75,19.05,49.85,10.35,22.2,69.8,29.4,323.5,86.5,9.71,47.9,42.8,95.3,84.8,29.45,78.9,239.5,7.11,11.5,96.2,165.0,72.5,26.6,109.0,508.0,283.0,12.3,132.5,67.0,16.7,50.5,10.05,15.35,14.65,,235.0,18.1,28.7,10.55,27.45,9.16,10.8,16.95,18.3,43.05,46.7,9.19,19.35,16.15,24.7,15.3,9.15,13.35,19.55,18.6,230.0,75.8,2030.0,30.4,145.0,58.2,98.8,126.0,27.5,92.3,91.9,12.1,36.55,295.5,16.85,42.0,26.05,68.4,42.5,55.9,,93.8,172.0,41.8,73.8,16.75,11.35,125.0,54.3,80.1,71.6,239.5,194.5,272.0,,,74.8,,,36.05,85.5,201.0,77.0,234.5,53.0,41.8,79.1,53.6
44.55,39.65,52.8,82.1,77.8,68.7,12.65,42.2,73.2,31.6,31.7,316.0,156.0,33.65,51.6,304.5,10.65,24.55,31.55,58.9,194.0,72.5,25.35,15.5,25.1,43.2,318.0,417.5,41.75,80.0,67.1,47.95,29.0,360.5,369.5,320.0,48.95,14.45,197.0,38.25,19.9,93.6,24.4,47.9,21.0,125.0,7.21,11.75,19.0,49.85,10.35,22.25,69.8,29.4,323.0,86.5,9.7,47.85,42.8,95.3,84.8,29.5,78.9,239.5,7.11,11.55,96.2,165.0,72.5,26.6,109.0,508.0,284.0,12.3,132.0,66.9,16.7,50.3,10.05,15.35,14.65,,236.0,18.15,28.7,10.55,27.45,9.16,10.85,16.95,18.3,43.1,46.7,9.19,19.35,16.1,24.7,15.25,9.14,13.35,19.55,18.6,230.0,75.8,2030.0,30.35,145.0,58.2,98.8,125.5,27.45,92.2,91.8,12.05,36.55,295.5,16.85,42.0,26.1,68.3,42.5,55.9,,93.9,172.0,41.8,73.8,16.8,11.4,125.0,54.3,80.1,71.6,239.5,194.5,272.0,,,74.8,,,36.1,85.5,201.0,77.0,234.5,53.0,41.8,79.2,53.7
44.55,39.65,52.8,82.0,77.8,68.7,12.6,42.2,73.2,31.6,31.7,316.0,156.0,33.6,51.7,304.5,10.65,24.55,31.55,58.9,193.5,72.5,25.4,15.5,25.1,43.2,318.0,417.5,41.75,80.0,67.0,48.0,29.0,360.5,369.5,320.0,48.9,14.4,197.5,38.25,19.9,93.6,24.4,47.95,20.95,125.0,7.2,11.8,19.0,49.85,10.35,22.25,69.8,29.35,323.0,86.5,9.71,47.85,42.6,95.3,84.8,29.5,78.9,239.5,7.11,11.5,96.1,165.0,72.3,26.6,109.0,508.0,284.0,12.3,132.5,67.0,16.7,50.3,10.05,15.4,14.65,,236.0,18.15,28.7,10.6,27.45,9.16,10.85,16.95,18.3,43.05,46.7,9.19,19.3,16.15,24.7,15.25,9.14,13.4,19.55,18.6,230.0,75.7,2030.0,30.3,145.0,58.1,98.8,125.5,27.45,92.2,91.8,12.1,36.55,296.0,16.85,42.0,26.05,68.3,42.5,55.9,,93.9,172.0,41.8,73.9,16.75,11.35,125.0,54.4,80.1,71.6,239.5,194.5,272.0,,,74.9,,,36.1,85.5,200.5,77.0,234.5,53.0,41.85,79.2,53.6
44.55,39.7,52.7,82.0,77.7,68.7,12.65,42.25,73.3,31.55,31.65,316.0,156.0,33.6,51.6,304.5,10.65,24.55,31.55,58.9,193.5,72.5,25.35,15.5,25.05,43.2,318.0,417.5,41.7,80.0,67.0,47.95,29.0,360.5,369.5,319.0,48.9,14.4,197.5,38.2,19.9,93.6,24.4,47.9,21.0,125.0,7.21,11.8,19.0,49.8,10.35,22.25,69.9,29.35,323.5,86.4,9.7,47.85,42.5,95.3,84.7,29.4,78.9,239.5,7.11,11.55,96.2,165.0,72.5,26.6,109.0,508.0,283.5,12.3,132.5,66.9,16.7,50.3,10.05,15.4,14.7,,236.0,18.15,28.7,10.6,27.5,9.16,10.85,16.95,18.3,43.1,46.7,9.19,19.3,16.15,24.75,15.25,9.14,13.35,19.55,18.6,230.0,75.7,2030.0,30.25,145.0,58.1,98.8,126.0,27.4,92.1,91.7,12.05,36.55,296.0,16.85,42.0,26.05,68.3,42.5,56.0,,93.8,172.0,41.8,73.9,16.8,11.35,125.0,54.4,80.1,71.6,240.0,194.5,272.0,,,74.8,,,36.1,85.4,200.5,77.0,235.0,53.0,41.9,79.2,53.6
44.55,39.65,52.8,82.1,77.7,68.8,12.65,42.2,73.3,31.6,31.65,315.5,156.0,33.6,51.6,304.0,10.65,24.5,31.55,59.0,193.5,72.6,25.4,15.55,25.1,43.2,318.0,417.5,41.7,80.0,67.0,48.0,29.0,360.5,369.5,318.5,48.95,14.45,197.5,38.2,19.95,93.7,24.4,47.95,21.05,125.0,7.2,11.8,19.05,49.8,10.35,22.25,69.8,29.3,324.0,86.5,9.7,47.85,42.5,95.3,84.7,29.4,79.0,239.0,7.11,11.55,96.2,165.0,72.3,26.65,109.0,508.0,284.0,12.3,132.0,66.9,16.75,50.5,10.1,15.4,14.7,,236.0,18.1,28.75,10.6,27.45,9.16,10.85,16.95,18.3,43.1,46.7,9.19,19.35,16.15,24.75,15.3,9.14,13.35,19.55,18.6,230.0,75.8,2030.0,30.2,145.5,58.1,98.8,126.0,27.4,92.3,91.6,12.05,36.65,297.0,16.85,42.0,26.05,68.4,42.5,56.0,,93.8,172.0,41.8,74.0,16.8,11.35,125.0,54.4,80.0,71.6,240.0,194.5,272.0,,,74.9,,,36.1,85.5,200.5,77.0,235.0,53.0,42.0,79.2,53.7
44.6,39.7,52.8,82.1,77.8,68.9,12.65,42.25,73.4,31.55,31.7,315.0,156.0,33.65,51.7,304.5,10.6,24.5,31.55,59.1,193.0,72.6,25.4,15.55,25.1,43.2,318.0,417.0,41.7,80.0,67.0,48.0,29.0,361.0,370.0,318.5,48.95,14.4,197.5,38.25,19.95,93.8,24.4,47.95,21.05,125.0,7.21,11.8,19.05,49.8,10.35,22.25,69.9,29.3,324.5,86.3,9.7,47.8,42.55,95.5,84.8,29.45,79.0,239.0,7.11,11.55,96.2,165.0,72.3,26.65,109.5,508.0,284.0,12.25,132.0,67.0,16.75,50.5,10.1,15.4,14.7,,236.0,18.15,28.75,10.6,27.45,9.16,10.85,16.95,18.35,43.1,46.75,9.2,19.35,16.2,24.75,15.3,9.15,13.4,19.6,18.65,229.5,75.7,2035.0,30.2,145.0,58.2,98.9,126.0,27.4,92.3,91.6,12.05,36.65,297.0,16.85,42.0,26.05,68.4,42.5,55.9,,93.8,172.5,41.8,74.0,16.8,11.35,125.5,54.4,80.0,71.6,240.0,194.5,272.0,,,75.0,,,36.1,85.5,200.5,77.0,235.0,53.1,41.95,79.2,53.7
44.6,39.7,52.8,82.1,77.8,68.9,12.6,42.15,73.4,31.6,31.7,315.0,156.0,33.6,51.8,304.5,10.65,24.5,31.55,59.1,192.5,72.6,25.4,15.5,25.1,43.2,318.0,418.0,41.7,80.0,67.0,48.0,29.0,361.5,370.0,318.0,48.95,14.4,197.5,38.3,19.9,93.7,24.4,47.95,21.0,125.0,7.21,11.8,19.0,49.85,10.35,22.25,69.9,29.3,324.5,86.3,9.71,47.85,42.55,95.5,84.8,29.4,79.0,240.0,7.11,11.55,96.2,165.0,72.3,26.65,109.5,508.0,284.0,12.25,132.5,67.0,16.7,50.3,10.1,15.4,14.7,,236.0,18.1,28.75,10.6,27.45,9.16,10.85,16.95,18.4,43.1,46.75,9.2,19.35,16.2,24.75,15.25,9.15,13.35,19.55,18.65,229.5,75.9,2035.0,30.35,145.5,58.2,98.9,125.5,27.45,92.3,91.7,12.1,36.65,297.0,16.85,42.0,26.05,68.4,42.45,55.9,,93.8,172.5,41.85,74.0,16.8,11.35,125.0,54.4,79.9,71.6,240.0,194.5,272.0,,,75.0,,,36.15,85.5,201.0,77.0,235.0,53.1,41.85,79.2,53.6
44.6,39.7,52.8,82.1,77.8,68.9,12.65,42.25,73.4,31.6,31.7,316.0,156.5,33.65,51.8,304.5,10.6,24.5,31.55,59.1,194.0,72.8,25.4,15.5,25.1,43.2,318.0,418.5,41.75,80.0,67.1,48.0,29.0,361.5,370.0,316.0,49.0,14.45,197.5,38.3,19.95,93.8,24.4,47.95,21.0,125.0,7.21,11.85,19.0,49.85,10.35,22.25,69.9,29.35,324.5,86.4,9.71,47.8,42.8,95.5,84.9,29.4,79.1,240.0,7.11,11.5,96.2,165.0,72.5,26.65,109.5,509.0,284.0,12.25,132.0,67.0,16.75,50.5,10.1,15.4,14.7,,236.0,18.15,28.75,10.55,27.45,9.16,10.85,16.95,18.4,43.1,46.75,9.2,19.4,16.2,24.75,15.25,9.15,13.4,19.6,18.65,229.5,75.9,2035.0,30.35,145.5,58.2,98.9,126.0,27.45,92.3,91.7,12.1,36.6,296.0,16.9,42.05,26.05,68.5,42.45,56.0,,93.9,172.0,41.85,74.0,16.8,11.4,125.5,54.4,79.6,71.6,241.0,194.5,272.0,,,75.2,,,36.2,85.5,201.0,77.0,235.0,53.1,41.85,79.3,53.7
44.6,39.7,52.8,82.1,77.8,69.0,12.65,42.25,73.5,31.55,31.75,316.0,156.0,33.65,51.8,305.5,10.65,24.5,31.55,59.1,193.0,72.8,25.45,15.45,25.15,43.2,318.5,418.5,41.75,80.0,67.1,48.0,29.0,362.0,370.5,316.0,49.05,14.45,197.5,38.35,19.9,93.9,24.4,48.0,21.0,125.0,7.21,11.85,19.0,49.85,10.35,22.25,69.9,29.35,325.0,86.3,9.7,47.85,43.0,95.6,84.9,29.4,79.2,239.5,7.11,11.5,96.3,165.5,72.6,26.65,109.5,508.0,284.0,12.25,132.5,67.0,16.75,50.5,10.15,15.4,14.65,,236.0,18.2,28.75,10.6,27.45,9.16,10.85,16.95,18.4,43.15,46.8,9.2,19.35,16.2,24.75,15.3,9.16,13.4,19.6,18.7,229.5,75.9,2035.0,30.4,145.5,58.2,99.0,125.5,27.45,92.3,91.6,12.1,36.7,296.0,16.85,42.05,26.05,68.5,42.45,56.0,,93.8,172.5,41.85,74.3,16.8,11.35,125.5,54.4,79.8,71.5,241.0,194.5,272.0,,,75.3,,,36.2,85.5,201.0,76.9,234.5,53.0,41.95,79.3,53.8
44.6,39.7,52.9,82.1,77.8,68.9,12.6,42.25,73.5,31.6,31.8,316.0,156.0,33.65,51.8,305.5,10.65,24.55,31.55,59.0,193.0,72.8,25.45,15.45,25.15,43.2,318.5,418.5,41.75,80.1,67.1,48.0,29.0,362.0,370.5,316.5,49.1,14.45,197.5,38.35,19.9,93.9,24.4,48.0,21.05,125.0,7.21,11.9,19.0,49.85,10.35,22.3,69.9,29.35,325.0,86.4,9.7,47.85,43.05,95.6,84.9,29.45,79.0,240.0,7.11,11.55,96.3,165.5,72.3,26.7,109.5,509.0,284.5,12.25,132.5,67.0,16.75,50.5,10.15,15.35,14.7,,236.0,18.2,28.75,10.6,27.45,9.16,10.85,16.95,18.4,43.15,46.8,9.2,19.35,16.2,24.75,15.25,9.16,13.35,19.55,18.7,229.5,75.9,2040.0,30.3,145.5,58.2,99.0,125.5,27.5,92.2,91.7,12.1,36.7,297.0,16.85,42.05,26.05,68.6,42.4,56.0,,93.9,172.5,41.85,74.3,16.8,11.35,125.5,54.5,79.8,71.5,240.5,194.5,272.0,,,75.3,,,36.2,85.5,201.0,76.9,235.0,53.1,41.95,79.3,53.7
44.6,39.65,52.8,82.1,77.8,69.0,12.6,42.25,73.5,31.6,31.8,316.0,156.0,33.6,51.7,304.5,10.7,24.5,31.55,59.0,193.0,72.8,25.45,15.5,25.15,43.2,318.0,418.5,41.7,80.1,67.0,47.95,29.0,362.0,370.5,317.0,49.05,14.45,197.5,38.35,19.9,93.9,24.4,48.0,21.05,125.0,7.21,11.9,19.0,49.9,10.35,22.3,69.9,29.4,324.5,86.4,9.71,47.85,42.95,95.6,85.1,29.45,79.0,240.0,7.11,11.5,96.2,165.0,72.3,26.65,109.0,510.0,284.5,12.25,132.5,67.0,16.75,50.3,10.1,15.4,14.65,,236.0,18.15,28.75,10.6,27.45,9.16,10.8,16.95,18.4,43.15,46.8,9.2,19.35,16.15,24.7,15.3,9.15,13.35,19.55,18.65,229.5,75.8,2040.0,30.3,145.5,58.1,98.9,126.0,27.5,92.1,91.7,12.1,36.7,296.0,16.85,42.05,26.05,68.4,42.4,56.0,,93.8,172.0,41.85,74.3,16.75,11.35,125.5,54.3,79.8,71.5,240.5,194.5,272.0,,,75.3,,,36.2,85.6,201.0,76.9,235.0,53.1,41.95,79.1,53.8
44.6,39.7,52.9,82.1,77.9,69.0,12.65,42.25,73.5,31.6,31.85,316.0,156.0,33.6,51.7,304.5,10.7,24.5,31.55,59.0,193.0,72.7,25.45,15.45,25.1,43.2,318.5,418.5,41.7,80.0,67.0,48.0,29.0,362.0,370.5,317.0,49.1,14.45,197.5,38.3,19.85,93.9,24.4,48.0,21.0,125.0,7.22,11.9,19.0,49.85,10.35,22.3,69.8,29.45,324.5,86.4,9.72,47.85,42.9,95.7,85.0,29.45,79.0,239.0,7.11,11.55,96.2,165.5,72.4,26.7,109.0,510.0,284.5,12.25,132.5,66.9,16.7,50.3,10.05,15.4,14.65,,236.0,18.15,28.75,10.6,27.45,9.16,10.85,16.95,18.4,43.15,46.8,9.19,19.35,16.15,24.75,15.25,9.15,13.35,19.55,18.65,229.5,75.7,2040.0,30.3,145.0,58.1,98.9,126.0,27.5,92.2,91.8,12.05,36.7,296.0,16.9,42.05,26.1,68.3,42.45,56.0,,93.9,172.0,41.85,74.4,16.75,11.35,125.5,54.3,79.8,71.5,240.5,194.5,273.0,,,75.3,,,36.2,85.5,201.0,76.9,235.0,53.1,41.85,79.2,53.7
44.55,39.65,52.9,82.1,77.9,68.9,12.6,42.25,73.5,31.55,31.85,316.0,156.0,33.6,51.8,304.5,10.7,24.5,31.5,59.1,193.0,72.7,25.45,15.45,25.15,43.2,318.5,418.0,41.7,80.1,67.0,47.95,29.0,362.0,370.5,317.5,49.1,14.45,197.5,38.35,19.85,93.9,24.4,48.0,21.05,125.0,7.22,11.9,19.0,49.9,10.35,22.3,69.8,29.4,324.5,86.4,9.72,47.8,43.05,95.7,85.0,29.45,78.9,239.0,7.11,11.55,96.2,165.0,72.4,26.7,109.0,510.0,284.5,12.25,132.5,66.9,16.7,50.5,10.05,15.4,14.65,,236.0,18.15,28.7,10.6,27.45,9.16,10.85,16.95,18.35,43.1,46.8,9.2,19.4,16.15,24.7,15.25,9.14,13.35,19.55,18.6,229.5,75.8,2040.0,30.3,145.5,58.2,98.9,126.0,27.5,92.1,91.9,12.1,36.7,296.0,16.85,42.1,26.05,68.4,42.5,56.0,,93.9,172.0,41.85,74.3,16.75,11.35,125.5,54.5,79.8,71.4,240.5,194.5,273.0,,,75.1,,,36.15,85.4,200.5,76.9,235.0,53.1,41.85,79.1,53.7
44.6,39.7,52.9,82.2,77.9,69.0,12.65,42.25,73.5,31.55,31.85,316.5,156.0,33.65,51.9,304.5,10.7,24.5,31.55,59.0,193.5,72.8,25.45,15.45,25.15,43.2,318.5,419.5,41.7,80.1,67.1,48.0,29.05,362.0,370.0,317.5,49.1,14.45,197.5,38.35,19.8,93.9,24.45,48.0,21.0,125.0,7.21,11.85,19.0,49.9,10.3,22.3,69.9,29.4,324.5,86.4,9.72,47.85,43.05,95.8,85.1,29.5,79.0,239.5,7.11,11.55,96.3,165.0,72.3,26.65,109.0,511.0,284.5,12.25,133.0,67.0,16.75,50.5,10.15,15.4,14.7,,236.0,18.2,28.75,10.6,27.5,9.16,10.85,16.95,18.4,43.15,46.8,9.2,19.4,16.2,24.7,15.3,9.15,13.4,19.6,18.65,229.5,75.9,2040.0,30.3,145.5,58.2,98.9,126.0,27.5,92.1,91.9,12.1,36.7,296.5,16.85,42.05,26.05,68.4,42.55,56.0,,94.0,172.0,41.85,74.3,16.8,11.35,125.0,54.5,79.8,71.4,240.5,194.5,273.0,,,75.3,,,36.2,85.4,200.5,76.9,234.5,53.2,42.0,79.1,53.6
44.55,39.7,52.9,82.0,77.9,68.9,12.65,42.15,73.5,31.55,31.9,316.5,156.0,33.6,51.9,304.5,10.7,24.5,31.55,59.0,193.5,72.8,25.4,15.45,25.15,43.25,319.0,419.5,41.7,80.2,67.0,48.0,29.0,362.0,370.0,317.5,49.05,14.45,197.5,38.35,19.85,93.8,24.4,47.95,21.0,125.0,7.22,11.85,19.05,49.9,10.3,22.3,69.8,29.45,324.5,86.5,9.72,47.8,43.05,95.7,85.0,29.5,79.0,239.0,7.11,11.55,96.3,165.5,72.3,26.65,109.0,511.0,284.5,12.3,132.5,67.0,16.7,50.3,10.05,15.4,14.7,,236.0,18.15,28.7,10.6,27.5,9.16,10.85,16.95,18.4,43.15,46.8,9.2,19.35,16.15,24.75,15.25,9.14,13.35,19.6,18.65,229.5,75.8,2040.0,30.3,145.5,58.1,98.9,125.5,27.55,92.1,91.9,12.05,36.7,296.5,16.85,42.05,26.05,68.3,42.55,55.9,,94.0,172.0,41.85,74.2,16.75,11.3,125.0,54.5,79.7,71.4,240.5,194.5,273.0,,,75.3,,,36.2,85.4,200.5,76.9,234.5,53.2,42.0,79.1,53.7
44.6,39.7,52.8,82.0,77.8,68.9,12.6,42.2,73.5,31.55,31.9,316.5,156.0,33.55,51.9,304.0,10.7,24.5,31.5,59.0,193.5,72.7,25.4,15.45,25.1,43.25,318.5,419.5,41.7,80.1,67.1,47.95,29.05,362.0,370.0,318.0,49.1,14.45,197.5,38.35,19.85,93.9,24.4,48.0,21.05,124.5,7.22,11.85,19.05,49.9,10.3,22.35,69.9,29.45,324.5,86.4,9.72,47.75,43.05,95.7,85.0,29.5,79.0,239.0,7.11,11.55,96.2,165.0,72.4,26.65,109.0,511.0,285.0,12.25,132.5,67.1,16.75,50.3,10.05,15.4,14.7,,236.0,18.2,28.7,10.55,27.5,9.16,10.85,16.95,18.4,43.15,46.85,9.21,19.35,16.2,24.75,15.25,9.15,13.4,19.55,18.7,229.5,75.7,2040.0,30.3,145.5,58.1,98.9,126.0,27.55,92.1,91.9,12.05,36.7,296.5,16.85,42.05,26.05,68.5,42.6,56.0,,93.9,172.0,41.85,74.3,16.8,11.35,125.5,54.3,79.8,71.4,240.5,194.5,273.0,,,75.3,,,36.2,85.5,200.5,77.0,234.0,53.1,42.0,79.1,53.7
44.6,39.7,52.8,82.1,77.9,68.8,12.6,42.2,73.5,31.55,31.9,316.5,156.0,33.55,51.9,304.0,10.7,24.5,31.55,59.1,193.0,72.7,25.45,15.45,25.15,43.2,318.5,419.5,41.75,80.1,67.2,48.0,29.05,361.0,370.5,319.5,49.15,14.5,197.5,38.35,19.85,93.9,24.45,48.0,21.0,125.0,7.22,11.9,19.05,49.95,10.3,22.35,69.9,29.5,325.0,86.5,9.74,47.75,43.05,95.7,85.1,29.5,79.1,240.0,7.11,11.55,96.3,165.5,72.4,26.7,109.5,511.0,285.0,12.25,133.0,67.1,16.75,50.5,10.15,15.4,14.65,,236.0,18.15,28.75,10.6,27.45,9.16,10.85,16.95,18.4,43.15,46.8,9.21,19.35,16.15,24.75,15.25,9.16,13.35,19.6,18.7,230.0,75.7,2045.0,30.3,145.5,58.2,99.0,126.0,27.55,92.1,91.9,12.1,36.6,296.5,16.85,42.15,26.05,68.6,42.75,56.0,,94.0,172.0,41.85,74.2,16.8,11.35,125.5,54.3,79.7,71.4,240.5,194.5,273.0,,,75.4,,,36.2,85.5,200.5,77.0,234.5,53.2,42.0,79.1,53.6
44.6,39.7,52.8,82.1,77.9,68.9,12.65,42.25,73.5,31.55,31.85,316.5,156.0,33.6,52.0,304.0,10.7,24.5,31.55,59.0,193.0,72.8,25.4,15.5,25.1,43.25,318.5,418.0,41.75,80.0,67.2,48.0,29.05,361.5,370.5,319.5,49.15,14.45,197.5,38.35,19.8,93.8,24.45,48.0,21.05,125.0,7.22,11.85,19.05,49.95,10.3,22.35,69.8,29.5,324.5,86.4,9.74,47.75,43.05,95.6,85.1,29.45,79.1,240.0,7.11,11.55,96.2,165.5,72.4,26.7,109.0,511.0,284.5,12.25,133.0,67.1,16.7,50.4,10.1,15.4,14.65,,236.0,18.15,28.75,10.6,27.5,9.16,10.85,16.95,18.35,43.15,46.8,9.22,19.35,16.15,24.7,15.3,9.15,13.35,19.55,18.7,229.5,75.7,2045.0,30.3,145.5,58.2,99.0,126.0,27.55,92.1,92.0,12.1,36.6,296.5,16.85,42.15,26.05,68.5,42.75,56.0,,94.2,172.0,41.85,74.2,16.8,11.35,125.5,54.3,79.6,71.4,240.5,194.5,273.0,,,75.3,,,36.2,85.5,200.5,77.0,234.5,53.1,42.0,79.1,53.7
44.6,39.7,52.9,82.2,77.9,68.9,12.65,42.2,73.5,31.55,31.9,316.5,156.0,33.6,52.0,304.0,10.7,24.5,31.55,59.1,192.5,72.8,25.45,15.5,25.15,43.25,319.5,418.0,41.8,80.2,67.0,48.0,29.05,361.5,371.0,317.5,49.1,14.5,197.5,38.35,19.85,93.9,24.45,48.0,21.05,125.0,7.22,11.85,19.05,49.95,10.35,22.35,69.9,29.55,325.0,86.5,9.75,47.75,43.05,95.7,85.0,29.45,79.1,240.0,7.11,11.55,96.3,165.5,72.5,26.7,109.5,511.0,285.0,12.25,133.0,67.2,16.75,50.4,10.15,15.4,14.65,,236.0,18.15,28.75,10.6,27.5,9.16,10.85,16.95,18.35,43.15,46.85,9.22,19.35,16.2,24.75,15.3,9.15,13.4,19.6,18.7,230.0,75.7,2045.0,30.3,145.0,58.3,98.9,126.0,27.6,92.4,92.0,12.1,36.7,296.5,16.9,42.1,26.05,68.6,42.75,56.0,,94.2,172.0,41.8,74.1,16.8,11.35,125.5,54.4,79.5,71.5,240.5,194.5,273.0,,,75.3,,,36.2,85.5,201.0,77.0,235.0,53.2,42.0,79.1,53.7
44.55,39.65,52.9,82.2,77.8,68.8,12.65,42.25,73.5,31.6,31.85,316.5,156.5,33.55,52.0,304.0,10.7,24.5,31.55,59.1,192.5,72.8,25.4,15.5,25.1,43.25,319.5,419.5,41.8,80.0,67.0,48.0,29.05,362.0,371.0,317.5,49.1,14.5,197.5,38.35,19.85,93.8,24.45,48.0,21.1,125.0,7.23,11.85,19.05,49.95,10.35,22.35,69.8,29.55,324.5,86.5,9.75,47.7,43.05,95.7,85.0,29.45,78.9,239.5,7.11,11.55,96.2,165.0,72.5,26.7,109.5,511.0,285.0,12.25,132.5,67.0,16.7,50.4,10.15,15.4,14.7,,236.0,18.2,28.75,10.55,27.45,9.16,10.85,16.95,18.35,43.15,46.8,9.21,19.35,16.15,24.7,15.3,9.15,13.35,19.6,18.65,229.5,75.8,2045.0,30.3,145.0,58.3,98.9,126.0,27.6,92.4,92.0,12.1,36.7,296.5,16.85,42.1,26.05,68.5,42.7,56.1,,94.2,172.0,41.8,74.1,16.75,11.35,125.5,54.5,79.5,71.5,240.5,194.5,273.0,,,75.3,,,36.2,85.5,200.5,77.0,235.0,53.1,42.0,79.1,53.7
44.55,39.7,52.9,82.2,77.9,68.9,12.7,42.25,73.5,31.6,31.9,316.5,156.5,33.6,52.0,304.5,10.65,24.5,31.55,59.1,192.5,72.8,25.45,15.55,25.15,43.25,319.0,417.5,41.8,80.2,67.0,47.95,29.05,362.0,371.0,319.5,49.1,14.5,198.0,38.35,19.9,93.9,24.45,48.0,21.1,125.0,7.22,11.85,19.05,50.1,10.35,22.35,69.8,29.55,324.5,86.6,9.74,47.7,43.15,95.7,85.0,29.5,78.9,239.5,7.11,11.55,96.3,165.0,72.5,26.7,109.5,510.0,285.0,12.25,133.0,67.2,16.75,50.5,10.15,15.4,14.65,,236.0,18.2,28.8,10.6,27.5,9.16,10.85,16.95,18.35,43.2,46.85,9.22,19.35,16.15,24.7,15.3,9.16,13.4,19.6,18.7,229.5,75.8,2045.0,30.3,145.5,58.3,98.9,126.0,27.6,92.1,91.9,12.1,36.7,297.0,16.85,42.15,26.1,68.4,42.75,56.1,,94.2,172.0,41.85,74.1,16.8,11.35,125.5,54.5,79.5,71.5,240.5,194.5,273.0,,,75.3,,,36.2,85.5,200.5,77.0,234.0,53.1,42.0,79.1,53.6
44.55,39.7,52.8,82.2,77.8,68.9,12.65,42.25,73.5,31.6,31.85,316.5,156.0,33.6,52.0,304.5,10.65,24.5,31.55,59.1,192.5,72.8,25.45,15.5,25.1,43.25,319.0,417.5,41.8,80.0,67.0,48.0,29.05,361.5,371.0,319.5,49.1,14.45,198.0,38.35,19.9,93.8,24.45,47.95,21.15,125.0,7.22,11.85,19.05,50.0,10.35,22.35,69.9,29.5,324.5,86.5,9.71,47.7,43.15,95.7,85.0,29.5,78.9,239.0,7.11,11.55,96.2,165.5,72.6,26.65,109.5,510.0,285.0,12.3,133.0,67.2,16.7,50.3,10.15,15.35,14.65,,236.0,18.15,28.8,10.6,27.45,9.16,10.85,16.95,18.4,43.2,46.8,9.21,19.35,16.2,24.7,15.3,9.15,13.35,19.55,18.65,229.5,75.8,2045.0,30.3,145.5,58.2,98.9,126.0,27.6,92.1,91.8,12.1,36.7,296.5,16.9,42.1,26.1,68.4,42.75,56.1,,94.0,172.0,41.8,74.1,16.75,11.3,125.5,54.4,79.5,71.5,240.5,194.5,273.0,,,75.3,,,36.2,85.4,200.0,77.0,233.5,53.1,42.0,79.1,53.7
44.6,39.7,52.8,82.2,77.8,68.9,12.7,42.25,73.5,31.55,31.8,316.5,156.0,33.6,52.1,304.5,10.7,24.5,31.55,59.1,192.5,72.8,25.4,15.5,25.1,43.3,319.0,417.5,41.8,80.2,67.0,48.0,29.05,361.5,371.0,318.0,49.1,14.45,197.5,38.3,19.9,93.8,24.45,48.0,21.1,125.0,7.23,11.85,19.05,50.1,10.35,22.35,69.8,29.5,324.5,86.7,9.71,47.7,43.15,95.8,84.9,29.5,79.0,239.0,7.11,11.55,96.2,165.5,72.6,26.65,109.5,510.0,284.5,12.3,132.5,67.2,16.7,50.5,10.05,15.4,14.65,,236.0,18.15,28.75,10.55,27.5,9.15,10.85,16.95,18.35,43.2,46.75,9.22,19.35,16.2,24.7,15.3,9.15,13.35,19.55,18.65,229.5,75.7,2045.0,30.3,145.5,58.2,98.9,126.0,27.55,92.1,91.8,12.05,36.55,296.5,16.85,42.1,26.05,68.4,42.75,56.0,,94.0,172.0,41.8,74.1,16.8,11.35,125.5,54.4,79.5,71.4,240.5,194.5,273.0,,,75.3,,,36.2,85.4,200.0,77.0,233.5,53.1,42.0,79.3,53.7
44.6,39.7,52.8,81.9,77.9,68.8,12.7,42.25,73.5,31.6,31.85,316.5,156.0,33.6,52.1,304.5,10.7,24.5,31.55,59.0,192.5,72.8,25.4,15.5,25.15,43.3,319.0,417.5,41.75,80.0,67.0,48.0,29.05,361.5,371.0,318.0,49.1,14.45,197.5,38.3,19.9,93.8,24.45,48.0,21.15,125.0,7.22,11.85,19.05,50.1,10.3,22.35,69.9,29.55,324.5,86.7,9.73,47.7,43.15,95.8,84.8,29.5,79.0,239.0,7.2,11.5,96.2,165.5,72.6,26.65,109.5,510.0,284.5,12.3,132.5,67.0,16.7,50.3,10.05,15.4,14.65,,236.0,18.2,28.75,10.55,27.5,9.16,10.85,16.95,18.35,43.15,46.75,9.21,19.4,16.2,24.7,15.3,9.15,13.35,19.55,18.65,230.0,75.8,2050.0,30.35,145.5,58.2,98.9,126.0,27.55,92.3,91.9,12.05,36.55,296.5,16.85,42.15,26.05,68.5,42.7,56.1,,93.9,172.5,41.8,74.1,16.8,11.35,125.5,54.4,79.5,71.4,240.5,195.0,273.0,,,75.3,,,36.2,85.4,200.0,77.0,234.0,53.1,42.0,79.3,53.7
44.55,39.65,52.8,81.9,77.8,68.8,12.65,42.25,73.5,31.6,31.85,316.5,156.0,33.6,52.2,304.5,10.7,24.5,31.55,59.1,192.5,72.8,25.4,15.5,25.15,43.3,319.0,418.0,41.75,80.0,67.0,48.0,29.05,361.5,370.0,318.0,49.1,14.45,197.5,38.4,19.9,93.8,24.4,47.95,21.15,125.0,7.21,11.85,19.05,50.0,10.35,22.35,69.9,29.5,324.5,86.5,9.73,47.7,43.05,95.8,84.7,29.5,79.0,239.0,7.2,11.55,96.3,165.5,72.7,26.65,109.5,510.0,285.0,12.3,133.0,67.0,16.65,50.3,10.05,15.35,14.65,,236.0,18.15,28.75,10.55,27.45,9.16,10.85,16.95,18.4,43.15,46.8,9.21,19.35,16.2,24.75,15.35,9.15,13.4,19.55,18.65,229.5,75.8,2050.0,30.3,145.5,58.2,98.9,125.5,27.55,92.4,91.9,12.0,36.55,297.0,16.9,42.15,26.05,68.4,42.7,56.1,,94.0,172.5,41.85,74.1,16.8,11.3,125.5,54.4,79.5,71.4,240.5,195.0,273.0,,,75.3,,,36.2,85.4,200.0,77.0,233.0,53.1,42.05,79.3,53.7
44.6,39.7,52.8,81.9,77.9,68.8,12.65,42.25,73.5,31.6,31.9,317.0,156.0,33.55,52.2,304.0,10.7,24.5,31.5,59.1,192.5,72.8,25.4,15.5,25.15,43.25,319.0,418.0,41.75,80.0,66.9,48.0,29.05,361.5,370.0,318.0,49.1,14.45,198.0,38.4,19.9,93.8,24.45,48.0,21.1,125.0,7.21,11.85,19.1,50.0,10.35,22.4,69.9,29.5,324.5,86.5,9.73,47.7,42.95,95.8,84.7,29.5,79.0,238.5,7.2,11.5,96.2,166.0,72.9,26.7,109.5,510.0,285.0,12.35,133.0,67.0,16.65,50.5,10.1,15.4,14.65,,236.0,18.15,28.75,10.55,27.45,9.16,10.85,16.95,18.4,43.1,46.8,9.21,19.4,16.15,24.75,15.3,9.15,13.35,19.6,18.65,229.5,75.8,2050.0,30.3,145.5,58.2,98.9,125.5,27.6,92.4,91.9,12.05,36.55,296.5,16.85,42.15,26.1,68.4,42.7,56.1,,93.9,172.0,41.85,74.1,16.8,11.3,125.5,54.4,79.5,71.4,240.5,195.0,272.0,,,75.1,,,36.15,85.4,200.0,77.0,233.0,53.1,41.9,79.3,53.7
44.6,39.7,52.8,81.9,77.9,68.8,12.7,42.25,73.5,31.6,31.9,317.0,155.5,33.55,52.2,304.0,10.7,24.55,31.55,59.1,192.5,72.8,25.4,15.5,25.15,43.25,319.0,418.0,41.75,80.0,67.0,48.0,29.0,361.5,370.0,318.0,49.05,14.45,198.0,38.35,19.9,93.9,24.4,48.0,21.1,125.0,7.21,11.9,19.1,50.0,10.35,22.4,69.9,29.5,324.5,86.5,9.73,47.65,42.95,95.8,84.9,29.5,78.9,238.5,7.2,11.55,96.3,166.0,72.6,26.65,109.5,509.0,285.0,12.35,132.5,67.0,16.7,50.5,10.1,15.4,14.65,,236.0,18.15,28.75,10.55,27.5,9.16,10.85,16.95,18.4,43.1,46.75,9.21,19.4,16.15,24.75,15.3,9.14,13.4,19.6,18.65,229.5,75.8,2045.0,30.4,145.5,58.3,98.9,125.5,27.55,92.4,92.0,12.05,36.55,296.0,16.85,42.1,26.1,68.3,42.65,56.1,,94.0,172.0,41.85,74.1,16.75,11.3,125.0,54.4,79.5,71.4,240.5,195.0,272.0,,,75.1,,,36.2,85.4,200.0,77.0,233.0,53.2,41.9,79.3,53.6
44.6,39.65,52.8,81.9,77.9,68.8,12.65,42.25,73.5,31.6,31.9,317.0,155.5,33.6,52.1,304.0,10.75,24.5,31.55,59.1,192.5,72.8,25.4,15.5,25.1,43.25,319.0,418.0,41.75,80.1,67.0,47.95,29.05,361.5,370.0,318.0,48.9,14.45,198.0,38.4,19.95,93.9,24.4,48.0,21.1,125.0,7.2,11.85,19.1,50.0,10.35,22.35,69.8,29.5,324.5,86.5,9.73,47.65,42.85,95.8,84.9,29.5,78.9,239.0,7.2,11.55,96.3,166.0,72.6,26.65,109.5,510.0,285.0,12.35,132.5,67.0,16.7,50.5,10.05,15.4,14.65,,236.0,18.15,28.7,10.55,27.45,9.16,10.85,16.95,18.4,43.1,46.8,9.21,19.4,16.15,24.75,15.3,9.14,13.4,19.6,18.65,229.5,75.8,2045.0,30.35,145.5,58.3,98.8,126.0,27.55,92.4,92.0,12.05,36.55,296.5,16.85,42.1,26.05,68.3,42.65,56.1,,94.0,172.0,41.85,74.1,16.8,11.3,125.0,54.4,79.5,71.5,240.5,195.0,273.0,,,75.0,,,36.15,85.3,200.0,77.0,234.5,53.1,42.0,79.1,53.7
44.6,39.65,52.8,81.9,77.8,68.8,12.65,42.25,73.4,31.55,31.9,317.5,155.5,33.6,52.1,304.0,10.75,24.5,31.6,59.1,192.5,72.7,25.45,15.5,25.15,43.3,319.0,418.0,41.75,80.0,67.0,48.0,29.05,361.5,370.0,318.0,48.9,14.5,198.0,38.4,19.9,93.8,24.45,48.0,21.15,125.0,7.21,11.9,19.1,50.0,10.35,22.4,69.9,29.45,324.5,86.5,9.72,47.6,42.85,95.8,84.8,29.5,78.9,239.0,7.2,11.55,96.2,166.0,72.6,26.65,109.5,510.0,284.5,12.35,132.5,67.0,16.7,50.5,10.1,15.4,14.65,,236.0,18.15,28.7,10.55,27.45,9.16,10.85,16.95,18.35,43.1,46.8,9.21,19.4,16.15,24.7,15.35,9.14,13.35,19.55,18.65,229.5,75.8,2045.0,30.35,145.0,58.3,98.8,126.0,27.6,92.4,92.0,12.05,36.55,296.5,16.85,42.1,26.1,68.5,42.65,56.1,,94.0,172.0,41.85,74.1,16.8,11.3,125.0,54.4,79.4,71.4,240.5,195.0,273.0,,,75.1,,,36.15,85.3,200.0,77.0,234.5,53.1,42.0,79.1,53.7
44.6,39.7,52.8,81.9,77.8,68.8,12.65,42.25,73.4,31.55,31.9,317.5,156.0,33.55,52.2,304.0,10.75,24.5,31.6,59.0,192.5,72.7,25.45,15.5,25.1,43.3,318.5,418.0,41.75,80.0,67.0,48.0,29.0,361.0,370.0,318.0,48.9,14.45,198.0,38.4,19.9,93.8,24.4,48.0,21.15,125.0,7.2,11.85,19.1,50.0,10.3,22.4,69.9,29.5,324.5,86.5,9.72,47.6,42.85,95.7,84.8,29.5,78.9,239.0,7.2,11.5,96.2,166.0,72.6,26.65,109.5,510.0,284.5,12.4,132.5,67.0,16.7,50.5,10.1,15.4,14.7,,236.0,18.15,28.7,10.55,27.5,9.16,10.85,16.95,18.35,43.1,46.75,9.2,19.35,16.2,24.75,15.3,9.15,13.35,19.55,18.65,229.5,75.8,2045.0,30.35,145.5,58.4,98.8,126.0,27.6,92.4,92.0,12.05,36.55,296.5,16.85,42.15,26.05,68.4,42.65,56.1,,93.9,172.0,41.8,74.1,16.75,11.35,125.0,54.4,79.5,71.4,240.5,195.0,273.0,,,75.0,,,36.15,85.3,200.0,77.0,234.5,53.1,42.0,79.1,53.6
44.6,39.65,52.8,81.9,77.9,68.8,12.65,42.25,73.5,31.6,31.9,317.5,156.0,33.55,52.2,303.5,10.7,24.5,31.55,59.0,192.5,72.7,25.4,15.5,25.15,43.25,319.0,418.0,41.8,80.1,67.0,48.0,29.0,361.0,370.0,318.0,48.95,14.45,198.0,38.4,19.9,93.9,24.4,47.95,21.1,125.0,7.21,11.9,19.1,50.0,10.3,22.35,69.8,29.5,324.5,86.7,9.72,47.55,42.8,95.6,84.8,29.45,78.9,240.0,7.2,11.55,96.3,165.0,72.6,26.65,109.5,510.0,284.5,12.4,132.5,67.0,16.7,50.4,10.1,15.4,14.65,,236.0,18.15,28.7,10.55,27.45,9.16,10.8,16.95,18.35,43.15,46.75,9.21,19.35,16.2,24.75,15.35,9.14,13.4,19.55,18.65,229.5,75.8,2045.0,30.35,145.5,58.4,98.9,126.0,27.6,92.4,92.0,12.05,36.6,296.5,16.85,42.1,26.05,68.4,42.6,56.1,,94.0,172.0,41.8,74.1,16.75,11.35,125.0,54.6,79.6,71.4,240.5,195.0,273.0,,,75.0,,,36.15,85.3,200.0,77.0,233.0,53.1,42.0,79.1,53.6
44.6,39.7,52.8,81.9,77.9,68.8,12.7,42.2,73.4,31.6,31.85,317.5,155.5,33.6,52.2,303.5,10.75,24.5,31.6,59.1,192.5,72.7,25.4,15.5,25.15,43.25,319.0,418.0,41.8,80.0,66.9,48.0,29.0,361.0,370.5,318.0,48.8,14.45,197.5,38.4,19.85,93.9,24.4,47.9,21.1,125.0,7.2,11.85,19.1,49.95,10.3,22.35,69.8,29.5,324.5,86.8,9.72,47.6,42.8,95.6,84.7,29.5,78.9,240.0,7.2,11.5,96.3,165.0,72.7,26.7,109.5,510.0,284.0,12.45,132.5,67.0,16.7,50.5,10.1,15.35,14.65,,236.0,18.2,28.7,10.6,27.45,9.16,10.85,16.95,18.4,43.1,46.75,9.2,19.4,16.2,24.7,15.3,9.14,13.4,19.6,18.65,229.5,75.8,2045.0,30.35,145.5,58.3,98.9,126.0,27.55,92.4,92.1,12.05,36.6,296.5,16.9,42.15,26.1,68.3,42.65,56.1,,93.9,172.0,41.85,74.2,16.8,11.3,125.5,54.6,79.6,71.5,240.5,195.0,273.0,,,75.1,,,36.1,85.4,200.0,77.0,233.0,53.2,42.1,79.1,53.6
44.6,39.65,52.8,81.9,77.8,68.9,12.65,42.2,73.4,31.55,31.9,317.5,156.5,33.55,52.2,303.5,10.75,24.5,31.55,59.1,192.5,72.7,25.4,15.5,25.15,43.25,318.5,418.5,41.75,80.0,67.0,48.0,29.05,361.0,370.5,318.0,48.9,14.45,198.0,38.4,19.85,93.8,24.4,47.85,21.1,125.0,7.22,11.9,19.1,50.0,10.3,22.35,69.9,29.5,325.0,87.0,9.72,47.6,42.8,95.8,84.8,29.5,78.9,239.0,7.2,11.55,96.2,166.0,72.6,26.65,109.5,509.0,284.0,12.4,132.0,67.0,16.7,50.5,10.1,15.45,14.65,,236.0,18.15,28.7,10.55,27.45,9.17,10.8,16.95,18.4,43.15,46.75,9.21,19.35,16.15,24.7,15.3,9.15,13.35,19.55,18.6,229.5,75.8,2045.0,30.35,145.5,58.4,98.8,126.0,27.55,92.4,92.1,12.05,36.6,296.5,16.85,42.1,26.1,68.3,42.6,56.0,,93.9,172.0,41.8,74.1,16.8,11.3,125.0,54.6,79.6,71.5,240.5,195.0,273.0,,,75.1,,,36.1,85.4,200.0,77.0,233.5,53.1,42.1,79.1,53.6
44.6,39.7,52.8,81.9,77.9,68.8,12.7,42.25,73.5,31.6,31.85,318.0,156.5,33.55,52.2,303.5,10.75,24.55,31.55,59.1,192.5,72.7,25.4,15.5,25.15,43.3,319.0,418.5,41.75,80.0,67.0,48.0,29.05,361.0,370.5,318.0,48.85,14.4,197.5,38.4,19.85,93.8,24.45,47.85,21.1,125.0,7.22,11.9,19.1,50.0,10.3,22.35,69.9,29.55,324.5,87.0,9.73,47.5,42.8,95.8,84.8,29.5,78.8,239.0,7.2,11.55,96.3,166.0,72.7,26.7,109.5,510.0,284.5,12.4,132.5,67.0,16.75,50.5,10.1,15.4,14.65,,236.0,18.2,28.75,10.55,27.45,9.17,10.8,17.0,18.35,43.1,46.75,9.21,19.35,16.2,24.75,15.3,9.15,13.35,19.55,18.65,229.5,75.8,2045.0,30.35,145.5,58.3,99.0,126.0,27.6,92.5,91.9,12.05,36.6,296.5,16.85,42.15,26.1,68.4,42.55,56.1,,93.9,172.0,41.8,74.1,16.8,11.3,125.0,54.6,79.6,71.5,240.5,195.0,273.0,,,75.1,,,36.1,85.4,200.0,77.0,233.5,53.1,42.1,79.1,53.6
44.6,39.7,52.8,81.9,77.9,68.8,12.65,42.25,73.4,31.6,31.85,317.5,156.5,33.55,52.2,303.5,10.7,24.55,31.55,59.0,192.5,72.7,25.4,15.5,25.1,43.3,319.0,417.5,41.75,80.0,67.0,48.0,29.05,361.0,370.0,318.0,48.85,14.4,197.5,38.45,19.9,93.8,24.4,47.8,21.15,125.0,7.22,11.9,19.1,50.0,10.35,22.4,69.8,29.5,324.5,87.0,9.72,47.4,42.8,95.9,84.8,29.5,78.8,239.0,7.2,11.5,96.2,165.5,72.9,26.7,109.5,510.0,284.0,12.4,133.0,67.0,16.7,50.5,10.05,15.4,14.65,,236.0,18.15,28.75,10.55,27.45,9.17,10.8,17.0,18.35,43.15,46.75,9.2,19.35,16.2,24.7,15.3,9.14,13.35,19.55,18.65,229.0,75.7,2045.0,30.35,145.0,58.3,98.8,125.5,27.6,92.6,91.9,12.05,36.6,296.5,16.85,42.15,26.1,68.4,42.55,56.2,,93.9,172.0,41.85,74.1,16.75,11.3,125.0,54.7,79.6,71.5,240.5,195.0,273.0,,,75.1,,,36.05,85.4,200.0,77.0,233.5,53.1,42.1,79.2,53.6
44.6,39.65,52.9,81.9,77.8,68.9,12.7,42.25,73.4,31.6,31.9,317.5,156.5,33.55,52.2,303.5,10.7,24.5,31.55,59.1,192.5,72.7,25.4,15.45,25.1,43.3,319.5,417.5,41.8,80.0,67.0,47.95,29.05,361.0,370.0,318.5,48.85,14.4,197.5,38.45,19.9,93.9,24.4,47.8,21.05,125.0,7.21,11.9,19.1,49.95,10.35,22.3,69.8,29.5,324.5,87.0,9.71,47.45,42.85,95.9,84.7,29.5,78.8,239.0,7.2,11.5,96.2,165.5,72.9,26.7,109.5,510.0,284.0,12.4,133.0,67.0,16.7,50.4,10.05,15.4,14.65,,236.0,18.2,28.75,10.55,27.45,9.17,10.8,17.0,18.35,43.1,46.8,9.21,19.35,16.2,24.75,15.25,9.15,13.35,19.55,18.6,229.5,75.7,2045.0,30.35,145.5,58.3,98.8,126.0,27.6,92.7,92.0,12.05,36.6,296.5,16.85,42.15,26.1,68.3,42.55,56.2,,93.9,172.0,41.85,74.1,16.8,11.3,125.0,54.6,79.6,71.5,240.5,195.0,273.0,,,75.1,,,36.05,85.4,200.0,76.9,233.5,53.1,42.1,79.2,53.6
44.6,39.6,52.9,82.0,77.8,68.9,12.65,42.25,73.5,31.6,31.9,317.5,156.0,33.55,52.3,303.5,10.7,24.5,31.6,59.1,192.5,72.8,25.45,15.45,25.15,43.3,319.5,417.5,41.8,80.0,67.0,48.0,29.05,361.0,370.0,318.5,48.85,14.4,198.0,38.45,19.85,93.9,24.4,47.85,21.05,125.0,7.21,11.9,19.1,50.0,10.35,22.3,69.9,29.55,324.5,87.2,9.73,47.45,42.9,95.9,84.7,29.5,78.9,239.5,7.2,11.55,96.2,166.0,73.0,26.7,109.0,510.0,283.5,12.4,133.0,67.1,16.75,50.5,10.05,15.4,14.6,,236.0,18.15,28.75,10.55,27.45,9.17,10.85,17.0,18.4,43.1,46.8,9.21,19.4,16.2,24.75,15.35,9.14,13.35,19.6,18.6,229.0,75.8,2045.0,30.35,145.5,58.3,99.0,126.0,27.6,92.7,92.0,12.05,36.6,296.5,16.9,42.15,26.1,68.5,42.55,56.1,,93.9,172.0,41.85,74.1,16.8,11.35,125.5,54.7,79.7,71.6,240.5,195.0,273.0,,,75.1,,,36.0,85.4,200.0,77.0,233.5,53.1,42.1,79.2,53.6
44.6,39.6,52.9,82.0,77.9,68.8,12.65,42.25,73.4,31.6,32.0,317.5,156.0,33.55,52.3,303.5,10.7,24.5,31.55,59.1,192.5,72.8,25.45,15.45,25.15,43.35,319.5,417.5,41.8,80.0,67.0,48.0,29.05,362.0,371.0,318.0,48.9,14.4,197.5,38.45,19.85,93.9,24.4,47.8,21.1,125.0,7.21,11.85,19.1,50.0,10.3,22.25,69.9,29.55,324.5,87.3,9.73,47.45,42.9,95.9,84.9,29.5,78.9,239.0,7.2,11.5,96.2,166.0,72.9,26.7,109.0,510.0,283.5,12.45,133.0,67.1,16.7,50.5,10.05,15.4,14.6,,236.0,18.2,28.8,10.55,27.45,9.17,10.85,17.0,18.4,43.15,46.75,9.21,19.35,16.15,24.75,15.3,9.15,13.4,19.6,18.65,229.0,75.8,2040.0,30.35,145.5,58.3,99.0,125.5,27.6,92.7,92.1,12.05,36.55,297.0,16.85,42.15,26.1,68.5,42.6,56.2,,93.9,172.5,41.9,74.3,16.8,11.35,125.5,54.7,79.7,71.6,240.5,195.0,273.0,,,75.2,,,36.0,85.4,200.5,77.0,233.5,53.1,42.1,79.2,53.7
44.65,39.7,52.9,82.1,77.9,68.9,12.65,42.25,73.5,31.6,32.0,318.0,156.5,33.55,52.3,305.0,10.7,24.55,31.6,59.2,193.0,72.8,25.45,15.55,25.15,43.35,319.5,417.5,41.8,80.0,67.0,48.0,29.05,362.0,371.0,318.0,48.9,14.45,197.5,38.45,19.9,93.9,24.45,47.85,21.1,125.0,7.22,11.9,19.1,50.0,10.3,22.3,69.9,29.55,324.5,87.1,9.73,47.5,42.9,95.9,84.9,29.5,78.9,239.5,7.2,11.55,96.3,165.5,73.0,26.7,109.5,510.0,284.0,12.45,133.0,67.0,16.75,50.5,10.1,15.4,14.65,,235.5,18.2,28.8,10.55,27.45,9.17,10.85,17.0,18.4,43.15,46.8,9.21,19.4,16.2,24.75,15.3,9.14,13.4,19.6,18.65,229.5,75.7,2045.0,30.4,146.0,58.3,99.0,125.5,27.65,92.6,92.1,12.05,36.6,296.5,16.9,42.2,26.05,68.5,42.6,56.2,,93.9,172.0,41.9,74.1,16.8,11.35,125.5,54.9,79.8,71.6,240.5,195.0,273.0,,,75.2,,,36.05,85.4,200.5,77.0,233.5,53.1,42.15,79.2,53.7
44.6,39.65,52.9,82.2,77.9,68.9,12.65,42.25,73.5,31.6,32.0,318.0,156.5,33.55,52.3,305.0,10.7,24.5,31.6,59.2,193.0,72.8,25.45,15.45,25.15,43.35,319.5,417.5,41.8,80.1,67.0,48.0,29.05,362.0,371.0,318.0,48.95,14.4,198.0,38.45,19.9,93.9,24.4,47.85,21.1,125.0,7.21,11.9,19.1,50.0,10.35,22.3,69.9,29.55,325.0,87.2,9.73,47.45,42.9,95.9,84.9,29.5,78.8,239.5,7.2,11.55,96.3,165.5,73.0,26.7,109.5,510.0,284.0,12.45,133.0,67.0,16.75,50.5,10.1,15.4,14.6,,235.5,18.2,28.8,10.6,27.5,9.17,10.8,17.0,18.45,43.15,46.8,9.21,19.35,16.2,24.75,15.35,9.15,13.35,19.6,18.65,229.5,75.7,2045.0,30.4,146.0,58.2,99.0,126.0,27.65,92.5,92.1,12.05,36.6,296.5,16.85,42.15,26.05,68.5,42.6,56.2,,93.8,172.5,41.85,74.3,16.8,11.35,125.5,55.0,79.8,71.6,240.5,195.0,272.0,,,75.3,,,36.05,85.4,200.0,77.0,233.5,53.2,42.2,79.2,53.7
44.6,39.7,52.9,82.2,77.9,69.0,12.65,42.25,73.5,31.6,32.05,318.0,156.0,33.55,52.3,305.0,10.7,24.5,31.55,59.2,192.5,72.7,25.45,15.45,25.15,43.35,320.0,417.5,41.8,80.1,66.9,48.0,29.1,362.0,371.0,318.0,48.95,14.4,198.0,38.4,19.9,93.9,24.45,47.85,21.05,125.0,7.21,11.9,19.1,50.0,10.35,22.3,69.8,29.55,325.0,87.1,9.72,47.45,42.85,95.9,84.8,29.5,78.9,239.5,7.2,11.5,96.3,165.5,73.0,26.7,109.5,510.0,283.5,12.4,132.5,67.1,16.7,50.5,10.05,15.45,14.65,,235.5,18.2,28.8,10.55,27.45,9.17,10.85,17.0,18.4,43.1,46.8,9.2,19.4,16.2,24.75,15.35,9.15,13.4,19.6,18.65,229.5,75.7,2040.0,30.4,145.5,58.3,99.0,126.0,27.65,92.5,92.1,12.05,36.6,296.5,16.9,42.15,26.1,68.4,42.65,56.2,,93.9,172.5,41.85,74.3,16.75,11.35,125.5,54.9,79.8,71.6,242.0,195.0,272.0,,,75.3,,,36.05,85.4,200.0,77.0,233.5,53.2,42.05,79.2,53.7
44.6,39.65,52.9,82.2,77.9,68.9,12.65,42.25,73.5,31.6,32.05,317.5,156.5,33.55,52.3,305.5,10.75,24.55,31.6,59.2,193.5,72.9,25.45,15.45,25.15,43.35,320.0,417.5,41.8,80.1,67.0,48.0,29.1,362.0,371.0,319.5,49.0,14.45,198.0,38.5,19.95,93.9,24.45,47.85,21.1,125.0,7.22,11.9,19.1,50.0,10.35,22.3,69.9,29.6,325.0,87.1,9.74,47.45,42.9,96.0,85.0,29.5,78.9,240.0,7.2,11.55,96.3,166.0,72.9,26.7,109.5,510.0,284.0,12.45,133.0,67.1,16.75,50.5,10.1,15.4,14.65,,235.5,18.2,28.8,10.6,27.5,9.17,10.85,17.0,18.4,43.15,46.8,9.21,19.4,16.2,24.75,15.35,9.15,13.4,19.6,18.65,229.5,75.7,2035.0,30.45,145.5,58.3,99.0,126.0,27.65,92.5,92.1,12.05,36.6,296.5,16.9,42.2,26.1,68.5,42.7,56.2,,93.8,172.5,41.85,74.3,16.8,11.35,125.5,54.9,79.8,71.6,242.0,195.0,272.0,,,75.4,,,36.05,85.5,201.0,77.0,233.5,53.2,42.2,79.2,53.7
44.6,39.7,52.9,82.2,77.9,68.9,12.7,42.25,73.5,31.6,32.1,316.5,156.5,33.6,52.4,305.5,10.75,24.5,31.6,59.1,193.0,72.9,25.45,15.5,25.15,43.35,320.0,417.5,41.85,80.1,67.0,48.0,29.1,362.5,371.0,318.0,49.0,14.45,198.0,38.5,19.9,94.0,24.45,47.9,21.1,125.0,7.22,11.9,19.1,50.0,10.3,22.25,69.9,29.6,325.0,87.1,9.74,47.45,43.0,96.0,85.0,29.5,78.9,240.0,7.2,11.55,96.3,166.0,73.1,26.7,109.5,510.0,283.5,12.45,133.0,67.2,16.7,50.5,10.1,15.45,14.65,,235.5,18.2,28.8,10.6,27.45,9.17,10.85,17.0,18.45,43.15,46.8,9.21,19.35,16.2,24.75,15.3,9.15,13.4,19.6,18.65,229.5,75.8,2040.0,30.45,146.0,58.3,99.0,127.0,27.7,92.5,92.0,12.05,36.6,296.5,16.85,42.2,26.1,68.5,42.7,56.3,,93.9,172.0,41.9,74.3,16.8,11.35,125.5,54.9,79.7,71.6,242.0,195.0,272.0,,,75.5,,,36.0,85.5,200.0,77.0,233.0,53.1,42.2,79.3,53.7
44.6,39.7,52.9,82.2,77.9,69.0,12.7,42.25,73.5,31.65,32.2,317.5,156.5,33.55,52.4,306.0,10.75,24.55,31.6,59.2,193.5,72.9,25.5,15.5,25.15,43.35,320.0,418.0,41.85,80.0,66.9,48.0,29.0,362.5,370.5,318.0,49.0,14.45,197.5,38.5,19.9,94.0,24.45,47.9,21.1,125.0,7.22,11.9,19.1,50.0,10.3,22.25,69.9,29.65,325.0,87.0,9.74,47.45,43.0,96.0,85.0,29.5,78.9,240.0,7.2,11.55,96.3,166.0,73.2,26.65,109.5,510.0,284.0,12.5,133.0,67.2,16.7,50.5,10.1,15.45,14.7,,235.5,18.2,28.8,10.6,27.5,9.17,10.85,17.0,18.4,43.15,46.8,9.2,19.4,16.2,24.75,15.3,9.15,13.35,19.6,18.65,229.5,75.7,2040.0,30.35,146.0,58.3,99.0,127.0,27.7,92.5,92.1,12.05,36.6,297.0,16.85,42.2,26.15,68.6,42.8,56.3,,93.9,172.0,41.9,74.3,16.8,11.35,125.5,54.9,79.6,71.6,242.0,195.0,272.0,,,75.4,,,36.0,85.5,200.0,77.0,233.0,53.1,42.2,79.3,53.7
44.55,39.7,52.9,82.2,77.9,68.9,12.7,42.25,73.5,31.6,32.15,317.0,156.5,33.6,52.3,305.0,10.75,24.5,31.6,59.1,193.0,72.9,25.45,15.55,25.15,43.3,319.5,418.0,41.85,80.1,67.0,48.0,29.1,362.5,370.5,318.0,49.05,14.4,198.0,38.5,19.95,93.9,24.45,47.95,21.15,125.5,7.21,11.95,19.05,50.1,10.35,22.3,69.9,29.65,325.0,87.0,9.74,47.4,42.95,95.9,85.0,29.5,78.9,239.5,7.2,11.55,96.2,165.5,73.1,26.7,109.5,510.0,284.0,12.5,133.0,67.0,16.7,50.5,10.1,15.4,14.65,,235.5,18.2,28.8,10.6,27.45,9.17,10.8,17.0,18.4,43.15,46.85,9.21,19.4,16.2,24.75,15.35,9.16,13.35,19.55,18.65,229.5,75.8,2040.0,30.45,145.5,58.3,98.9,127.5,27.7,92.6,92.1,12.05,36.6,296.5,16.9,42.15,26.15,68.5,42.85,56.4,,93.9,172.0,41.9,74.3,16.8,11.35,125.5,54.9,79.6,71.6,242.0,195.0,272.0,,,75.5,,,36.0,85.5,200.0,77.0,233.0,53.1,42.2,79.3,53.7
44.6,39.7,53.0,82.2,77.8,69.0,12.7,42.25,73.4,31.65,32.2,317.0,156.5,33.55,52.2,305.0,10.7,24.5,31.55,59.1,193.0,72.9,25.45,15.5,25.15,43.3,320.0,418.0,41.8,80.0,67.0,48.0,29.1,362.5,370.5,318.0,49.1,14.45,198.0,38.5,19.85,94.0,24.45,47.95,21.15,125.0,7.21,11.95,19.05,50.1,10.35,22.3,69.9,29.65,325.0,87.0,9.74,47.35,42.95,95.9,84.8,29.5,78.9,239.0,7.2,11.55,96.3,165.5,73.2,26.7,109.5,511.0,284.0,12.55,133.5,67.1,16.7,50.5,10.1,15.4,14.6,,235.5,18.15,28.75,10.55,27.45,9.17,10.8,17.0,18.35,43.15,46.85,9.21,19.35,16.2,24.75,15.3,9.15,13.35,19.6,18.65,229.5,75.8,2040.0,30.45,146.0,58.3,99.0,127.5,27.7,92.5,92.1,12.05,36.6,297.0,16.9,42.2,26.15,68.4,42.9,56.4,,93.9,172.5,41.9,74.4,16.8,11.35,125.5,54.9,79.8,71.7,242.0,195.0,272.0,,,75.5,,,36.0,85.5,200.0,77.0,233.0,53.2,42.1,79.2,53.7
44.6,39.65,53.0,82.2,77.9,69.0,12.7,42.2,73.5,31.65,32.2,316.5,156.5,33.55,52.2,305.0,10.75,24.5,31.6,59.2,193.0,72.9,25.5,15.5,25.2,43.35,320.0,418.0,41.85,80.0,67.0,48.0,29.1,362.5,371.5,318.0,49.1,14.4,198.0,38.5,19.95,93.9,24.45,47.95,21.1,125.5,7.2,11.95,19.1,50.1,10.35,22.3,70.0,29.65,325.0,87.0,9.74,47.35,43.0,95.9,85.0,29.55,78.9,239.0,7.2,11.55,96.2,165.5,73.2,26.7,109.5,510.0,284.0,12.55,133.5,67.1,16.75,50.5,10.1,15.4,14.65,,235.0,18.2,28.75,10.55,27.5,9.16,10.85,17.0,18.4,43.15,46.85,9.21,19.35,16.2,24.75,15.35,9.16,13.4,19.6,18.6,229.0,75.8,2040.0,30.45,145.5,58.4,99.0,127.5,27.7,92.5,92.1,12.1,36.6,297.5,16.9,42.2,26.15,68.5,42.85,56.5,,94.0,172.5,41.9,74.4,16.8,11.4,126.0,54.9,79.6,71.7,242.0,195.0,272.0,,,75.4,,,36.05,85.5,200.0,77.0,233.0,53.3,42.1,79.3,53.7
44.55,39.7,52.9,82.2,77.8,69.0,12.65,42.25,73.5,31.65,32.2,317.0,156.5,33.55,52.2,305.0,10.7,24.55,31.6,59.2,193.0,72.9,25.45,15.5,25.2,43.35,320.0,417.5,41.85,80.0,67.0,48.0,29.1,362.5,371.5,318.0,49.1,14.4,198.0,38.5,19.9,93.9,24.45,47.95,21.1,125.0,7.21,11.95,19.1,50.0,10.35,22.3,70.0,29.65,325.0,87.0,9.74,47.35,43.0,95.9,84.8,29.55,79.0,239.0,7.2,11.55,96.2,166.0,73.3,26.7,109.5,509.0,284.5,12.55,133.5,67.0,16.7,50.5,10.05,15.4,14.6,,235.0,18.2,28.7,10.55,27.45,9.16,10.85,16.95,18.4,43.15,46.85,9.21,19.35,16.2,24.75,15.35,9.15,13.4,19.6,18.6,229.0,75.7,2045.0,30.5,146.0,58.4,98.9,127.5,27.7,92.6,92.1,12.1,36.6,297.5,16.9,42.2,26.05,68.5,42.9,56.5,,93.9,172.5,41.9,74.4,16.8,11.35,125.5,54.9,79.6,71.6,242.0,195.0,272.0,,,75.4,,,36.0,85.5,200.0,77.0,233.0,53.1,42.15,79.3,53.6
44.6,39.7,52.9,82.2,77.9,69.0,12.7,42.25,73.5,31.6,32.25,317.0,156.5,33.6,52.2,305.0,10.75,24.55,31.6,59.1,193.5,72.9,25.5,15.5,25.15,43.35,320.0,419.5,41.8,80.1,67.0,48.0,29.1,361.5,371.5,318.0,49.1,14.4,198.0,38.5,19.95,93.9,24.45,47.95,21.15,125.0,7.22,11.95,19.1,50.1,10.35,22.3,70.0,29.65,325.0,87.0,9.74,47.4,43.0,95.8,84.9,29.55,78.9,239.0,7.2,11.55,96.2,166.0,73.3,26.7,109.5,510.0,284.5,12.6,133.5,67.1,16.8,50.5,10.05,15.45,14.65,,235.0,18.2,28.7,10.55,27.45,9.17,10.85,16.95,18.45,43.2,46.8,9.2,19.4,16.2,24.7,15.35,9.15,13.4,19.6,18.65,229.0,75.7,2045.0,30.5,146.0,58.4,99.0,127.5,27.65,92.6,92.1,12.1,36.6,297.5,16.9,42.2,26.05,68.4,42.85,56.6,,93.9,172.5,41.9,74.3,16.8,11.35,125.5,54.9,79.6,71.6,242.0,195.0,272.0,,,75.4,,,36.0,85.5,200.5,77.0,233.5,53.1,42.15,79.3,53.6
44.6,39.7,53.0,82.2,77.7,69.0,12.65,42.25,73.5,31.65,32.25,317.5,156.5,33.55,52.3,305.0,10.7,24.55,31.6,59.1,193.0,73.0,25.5,15.5,25.15,43.35,320.0,420.0,41.75,80.0,67.0,48.0,29.15,361.5,371.5,318.0,49.1,14.4,198.0,38.45,19.9,93.9,24.45,47.95,21.15,125.0,7.22,11.95,19.05,50.0,10.35,22.35,69.9,29.6,325.0,87.0,9.73,47.4,43.0,95.8,84.9,29.55,79.0,239.0,7.2,11.6,96.3,166.0,73.2,26.75,109.5,510.0,284.5,12.55,134.0,67.1,16.75,50.5,10.05,15.4,14.6,,235.0,18.25,28.7,10.55,27.45,9.17,10.85,16.95,18.4,43.2,46.85,9.2,19.35,16.2,24.7,15.3,9.14,13.4,19.55,18.65,229.0,75.7,2045.0,30.5,146.0,58.4,98.9,127.5,27.7,92.5,92.1,12.05,36.6,297.0,16.9,42.2,26.05,68.4,42.9,56.6,,93.9,172.5,41.85,74.4,16.8,11.35,125.5,54.9,79.7,71.7,242.0,195.0,272.0,,,75.4,,,36.0,85.5,200.5,76.9,233.5,53.2,42.2,79.3,53.6
44.6,39.7,53.0,82.2,77.8,68.9,12.7,42.25,73.5,31.65,32.2,317.5,156.5,33.55,52.3,306.0,10.7,24.5,31.6,59.2,192.5,73.0,25.5,15.55,25.15,43.35,320.0,419.5,41.75,80.0,67.1,48.0,29.15,362.0,371.5,318.0,49.1,14.4,198.0,38.45,19.9,93.9,24.45,47.95,21.1,125.0,7.22,11.95,19.05,50.0,10.35,22.3,69.9,29.65,325.0,87.0,9.74,47.45,43.0,95.9,85.0,29.55,79.0,239.0,7.2,11.6,96.3,165.5,73.2,26.75,109.5,510.0,284.5,12.6,134.0,67.1,16.75,50.5,10.1,15.45,14.65,,235.0,18.25,28.7,10.55,27.45,9.17,10.85,17.0,18.4,43.15,46.85,9.21,19.35,16.2,24.7,15.3,9.14,13.4,19.6,18.65,229.5,75.7,2045.0,30.5,145.5,58.4,99.0,127.0,27.7,92.5,92.1,12.1,36.6,297.5,16.9,42.2,26.05,68.5,42.9,56.5,,93.9,173.0,41.85,74.4,16.8,11.4,125.5,54.9,79.8,71.7,242.0,195.0,272.0,,,75.4,,,36.0,85.5,200.5,77.0,233.0,53.2,42.2,79.3,53.6
44.6,39.7,53.0,82.2,77.7,68.8,12.7,42.25,73.4,31.65,32.2,317.5,156.0,33.6,52.3,304.5,10.7,24.45,31.6,59.1,193.0,73.0,25.45,15.5,25.1,43.35,320.0,419.5,41.8,80.1,67.0,47.95,29.15,362.0,371.5,318.0,49.05,14.45,198.0,38.45,19.9,93.9,24.45,47.95,21.15,125.0,7.21,11.95,19.05,50.0,10.35,22.3,69.9,29.6,325.0,87.1,9.74,47.45,43.0,95.9,84.9,29.55,79.0,239.5,7.2,11.6,96.3,165.5,73.2,26.75,109.5,509.0,284.5,12.55,133.5,67.1,16.7,50.5,10.1,15.45,14.65,,235.0,18.2,28.7,10.55,27.45,9.17,10.85,17.0,18.4,43.15,46.8,9.21,19.35,16.2,24.7,15.3,9.15,13.4,19.55,18.6,229.0,75.7,2045.0,30.5,145.5,58.4,99.0,126.0,27.65,92.5,92.1,12.05,36.6,296.5,16.9,42.25,26.15,68.5,42.9,56.5,,93.9,173.0,41.9,74.3,16.8,11.35,125.0,55.0,79.7,71.7,242.0,195.0,272.0,,,75.4,,,36.0,85.5,200.5,77.0,232.5,53.3,42.25,79.3,53.6
44.6,39.7,53.0,82.2,77.7,68.9,12.7,42.25,73.5,31.6,32.25,317.5,156.0,33.6,52.4,304.5,10.75,24.45,31.55,59.1,193.5,73.0,25.5,15.5,25.15,43.3,319.5,419.5,41.75,80.0,67.1,48.0,29.15,362.0,371.5,318.0,49.1,14.45,198.0,38.5,19.9,93.9,24.45,47.95,21.1,125.0,7.21,11.95,19.05,50.1,10.35,22.35,69.9,29.65,325.0,87.1,9.74,47.55,43.0,95.9,84.9,29.55,78.9,239.5,7.2,11.6,96.3,165.5,73.1,26.75,109.5,510.0,284.5,12.55,133.5,67.1,16.7,50.5,10.1,15.45,14.7,,235.0,18.25,28.8,10.55,27.5,9.17,10.85,17.0,18.45,43.2,46.85,9.21,19.35,16.2,24.7,15.35,9.15,13.4,19.6,18.65,229.5,75.7,2040.0,30.45,146.0,58.4,99.1,126.0,27.7,92.6,92.1,12.05,36.6,297.0,16.9,42.2,26.15,68.4,42.9,56.5,,93.9,173.0,41.85,74.3,16.8,11.35,126.0,55.0,79.8,71.7,242.0,195.0,272.0,,,75.4,,,36.0,85.5,200.5,77.0,234.0,53.3,42.2,79.3,53.6
44.55,39.7,52.9,82.3,77.7,68.9,12.75,42.25,73.5,31.65,32.25,317.5,156.5,33.55,52.4,304.5,10.7,24.5,31.55,59.2,193.5,73.0,25.45,15.5,25.1,43.3,319.5,419.5,41.75,80.0,67.1,48.0,29.15,362.0,371.5,319.5,49.1,14.45,198.0,38.5,19.9,93.9,24.5,47.9,21.05,125.0,7.21,11.95,19.0,50.1,10.4,22.35,69.9,29.65,324.5,87.1,9.74,47.5,42.95,95.9,84.8,29.55,78.9,239.5,7.2,11.6,96.2,165.5,73.1,26.75,109.5,510.0,284.0,12.6,133.5,67.0,16.75,50.5,10.1,15.45,14.65,,235.0,18.25,28.8,10.55,27.5,9.17,10.85,17.0,18.4,43.2,46.8,9.22,19.35,16.15,24.7,15.3,9.16,13.4,19.55,18.65,229.5,75.7,2045.0,30.5,146.0,58.4,99.1,126.5,27.65,92.6,92.3,12.05,36.6,297.0,16.85,42.2,26.1,68.5,42.85,56.3,,94.0,172.5,41.85,74.3,16.8,11.35,125.0,55.0,79.7,71.7,242.0,195.0,272.0,,,75.4,,,36.0,85.5,200.5,77.0,234.0,53.2,42.25,79.3,53.6
44.6,39.7,53.0,82.2,77.7,69.0,12.7,42.25,73.5,31.65,32.3,317.5,156.0,33.55,52.4,304.5,10.75,24.45,31.6,59.1,193.5,73.0,25.5,15.5,25.15,43.3,319.0,419.5,41.75,80.1,67.0,48.0,29.15,362.0,371.5,318.0,49.1,14.4,198.0,38.5,19.85,93.9,24.5,47.95,21.05,125.0,7.22,11.95,19.05,50.1,10.4,22.35,69.9,29.65,324.5,87.2,9.75,47.5,43.1,96.0,84.9,29.55,78.9,240.0,7.2,11.55,96.3,166.0,73.1,26.75,109.5,510.0,283.5,12.55,133.5,67.1,16.7,50.5,10.1,15.45,14.65,,235.0,18.25,28.8,10.6,27.45,9.17,10.85,17.0,18.4,43.2,46.85,9.22,19.35,16.2,24.75,15.35,9.16,13.4,19.6,18.65,229.0,75.8,2045.0,30.5,146.0,58.4,99.1,126.5,27.7,92.6,92.3,12.1,36.6,297.5,16.85,42.15,26.05,68.4,42.9,56.3,,93.9,173.0,41.8,74.3,16.8,11.4,125.0,55.1,79.7,71.6,242.0,195.0,272.0,,,75.4,,,36.05,85.6,200.5,77.0,233.0,53.2,42.2,79.2,53.6
44.6,39.75,53.0,82.2,77.7,69.0,12.7,42.25,73.6,31.65,32.2,317.0,156.0,33.55,52.4,304.5,10.7,24.45,31.6,59.1,193.5,73.0,25.45,15.55,25.15,43.3,319.5,419.5,41.75,80.1,67.1,47.95,29.15,362.0,370.0,318.0,49.1,14.45,197.5,38.45,19.9,93.9,24.5,47.95,21.05,125.0,7.21,11.95,19.0,50.1,10.4,22.35,70.0,29.6,325.0,87.2,9.75,47.5,43.1,96.0,84.8,29.55,78.9,239.5,7.2,11.6,96.2,165.5,73.1,26.75,109.5,510.0,283.5,12.6,133.5,67.2,16.75,50.6,10.1,15.35,14.7,,235.0,18.2,28.8,10.55,27.45,9.17,10.85,16.95,18.45,43.15,46.85,9.22,19.3,16.2,24.75,15.35,9.16,13.4,19.6,18.65,229.5,75.7,2040.0,30.5,146.0,58.4,99.1,126.5,27.65,92.7,92.3,12.05,36.6,297.5,16.85,42.2,26.1,68.5,42.9,56.3,,93.9,173.0,41.8,74.3,16.8,11.4,125.0,55.1,79.7,71.7,242.0,195.0,272.0,,,75.3,,,36.05,85.6,200.5,77.0,234.5,53.2,42.25,79.2,53.6
44.6,39.75,53.0,82.2,77.7,69.0,12.75,42.25,73.6,31.65,32.15,317.0,156.5,33.6,52.4,304.5,10.7,24.45,31.6,59.1,193.5,73.0,25.5,15.55,25.15,43.3,319.5,419.5,41.8,80.1,67.0,47.95,29.15,361.5,370.0,318.0,49.1,14.45,198.0,38.45,19.85,94.0,24.5,47.95,21.1,125.0,7.21,11.95,19.0,49.95,10.4,22.35,69.9,29.6,325.0,87.4,9.74,47.6,43.1,96.0,84.8,29.5,78.8,239.5,7.2,11.55,96.3,165.5,73.1,26.75,109.5,510.0,284.0,12.6,133.5,67.2,16.75,50.5,10.1,15.35,14.65,,235.0,18.25,28.8,10.55,27.45,9.17,10.85,17.0,18.45,43.2,46.85,9.21,19.35,16.2,24.75,15.35,9.15,13.35,19.6,18.6,229.5,75.7,2040.0,30.65,145.5,58.4,99.1,125.5,27.7,92.7,92.3,12.1,36.6,297.0,16.9,42.15,26.05,68.5,42.85,56.3,,94.0,173.0,41.8,74.2,16.8,11.35,125.0,55.1,79.7,71.7,242.0,195.0,272.0,,,75.4,,,36.05,85.6,200.5,77.0,233.0,53.2,42.15,79.2,53.7
44.6,39.75,53.0,82.2,77.6,69.0,12.7,42.25,73.6,31.65,32.2,317.0,156.5,33.55,52.4,306.0,10.75,24.5,31.6,59.2,193.0,72.8,25.45,15.5,25.15,43.3,319.5,419.5,41.8,80.1,67.1,47.95,29.15,362.0,371.5,318.0,49.1,14.4,197.5,38.5,19.85,93.9,24.45,47.95,21.15,125.0,7.21,11.95,19.0,50.2,10.35,22.35,70.0,29.65,324.5,87.4,9.75,47.6,43.1,95.8,84.7,29.5,79.0,239.5,7.2,11.6,96.2,166.0,73.1,26.7,109.5,510.0,284.0,12.55,133.5,67.2,16.7,50.6,10.1,15.4,14.7,,235.0,18.25,28.8,10.55,27.45,9.17,10.85,17.0,18.45,43.15,46.85,9.21,19.35,16.2,24.7,15.3,9.15,13.35,19.6,18.65,229.5,75.9,2040.0,30.7,146.0,58.4,99.1,126.0,27.6,92.7,92.3,12.1,36.6,297.0,16.9,42.2,26.05,68.5,42.85,56.3,,94.1,173.0,41.85,74.3,16.75,11.35,125.0,55.0,79.7,71.7,242.0,195.0,272.0,,,75.4,,,36.1,85.6,201.0,77.0,233.0,53.2,42.15,79.3,53.7
44.6,39.75,52.9,82.2,77.5,69.0,12.7,42.25,73.5,31.6,32.25,317.5,156.5,33.55,52.4,306.0,10.7,24.45,31.6,59.1,193.0,72.8,25.45,15.45,25.15,43.3,319.5,419.5,41.75,80.1,67.0,47.95,29.15,362.0,371.5,318.0,49.1,14.45,198.0,38.5,19.85,93.9,24.5,47.95,21.15,125.0,7.2,11.9,19.05,50.1,10.4,22.4,69.9,29.65,325.0,87.5,9.75,47.6,43.1,95.8,84.8,29.5,79.0,240.0,7.2,11.6,96.3,165.5,73.2,26.75,109.5,510.0,283.5,12.5,133.5,67.2,16.7,50.5,10.1,15.4,14.65,,235.0,18.2,28.75,10.55,27.5,9.17,10.85,17.0,18.4,43.2,46.85,9.22,19.35,16.15,24.75,15.35,9.15,13.35,19.5,18.65,229.5,75.8,2040.0,30.65,146.0,58.4,99.0,126.0,27.65,92.7,92.4,12.05,36.6,297.0,16.9,42.2,26.1,68.4,42.85,56.3,,94.2,173.0,41.8,74.2,16.8,11.35,125.0,55.1,79.7,71.7,242.0,194.0,272.0,,,75.4,,,36.15,85.6,200.0,77.0,233.0,53.2,42.2,79.3,53.6
44.6,39.7,53.0,82.2,77.5,69.0,12.75,42.25,73.5,31.6,32.2,317.0,156.5,33.6,52.4,305.0,10.7,24.45,31.6,59.1,193.0,72.8,25.45,15.45,25.1,43.25,319.0,419.5,41.75,80.2,67.0,47.95,29.15,362.0,371.0,318.0,49.1,14.45,197.5,38.45,19.8,93.9,24.5,47.95,21.1,125.0,7.21,11.9,19.05,50.1,10.35,22.4,69.9,29.65,324.5,87.5,9.74,47.6,43.1,95.9,84.8,29.5,78.9,240.0,7.2,11.6,96.2,165.5,73.1,26.7,109.0,510.0,284.0,12.55,133.0,67.2,16.75,50.6,10.1,15.4,14.7,,235.0,18.2,28.75,10.55,27.45,9.17,10.85,17.0,18.4,43.15,46.85,9.21,19.35,16.2,24.75,15.3,9.15,13.35,19.5,18.65,229.0,75.7,2040.0,30.65,146.0,58.3,99.1,126.0,27.65,92.7,92.2,12.05,36.6,297.0,16.85,42.2,26.1,68.5,42.85,56.4,,94.2,173.0,41.85,74.2,16.8,11.4,125.5,55.0,79.7,71.7,242.0,194.0,272.0,,,75.5,,,36.15,85.6,200.0,76.9,233.0,53.1,42.25,79.2,53.6
44.6,39.7,53.0,82.2,77.6,69.0,12.7,42.25,73.5,31.6,32.2,317.0,156.0,33.55,52.4,305.0,10.75,24.45,31.6,59.2,193.5,72.8,25.45,15.45,25.15,43.25,319.0,417.5,41.75,80.2,67.0,47.95,29.2,361.5,371.0,318.0,49.1,14.45,197.5,38.5,19.85,94.0,24.5,47.95,21.1,125.0,7.2,11.95,19.0,50.1,10.35,22.4,69.9,29.65,325.0,87.7,9.75,47.6,43.15,95.9,84.8,29.55,79.0,240.0,7.2,11.6,96.2,165.5,73.1,26.75,109.5,510.0,283.5,12.5,133.5,67.2,16.75,50.6,10.1,15.4,14.65,,235.0,18.2,28.75,10.55,27.5,9.17,10.85,17.0,18.4,43.15,46.85,9.22,19.35,16.2,24.75,15.35,9.15,13.35,19.55,18.65,229.5,75.8,2045.0,30.65,146.0,58.3,99.0,126.5,27.7,92.7,92.2,12.05,36.6,297.0,16.9,42.2,26.1,68.5,42.85,56.4,,94.3,173.0,41.85,74.2,16.8,11.4,125.0,55.0,79.7,71.7,242.0,194.0,272.0,,,75.5,,,36.2,85.6,200.0,77.0,234.0,53.3,42.25,79.2,53.6
44.6,39.7,53.0,82.3,77.6,68.9,12.7,42.25,73.6,31.6,32.25,317.0,156.5,33.6,52.3,305.0,10.75,24.5,31.6,59.2,193.0,72.8,25.45,15.5,25.15,43.25,319.5,419.5,41.75,80.2,67.1,48.0,29.2,361.5,371.5,318.0,49.1,14.45,198.0,38.45,19.85,93.9,24.5,47.95,21.1,125.0,7.21,11.95,19.0,50.1,10.4,22.4,70.0,29.7,325.0,87.7,9.74,47.65,43.2,95.8,84.9,29.55,79.0,240.0,7.2,11.6,96.2,166.0,73.1,26.7,109.5,510.0,283.5,12.5,133.0,67.1,16.75,50.6,10.1,15.4,14.7,,235.0,18.25,28.8,10.55,27.45,9.16,10.8,17.0,18.4,43.15,46.8,9.21,19.3,16.2,24.7,15.3,9.16,13.35,19.55,18.65,229.5,75.8,2045.0,30.65,146.0,58.4,99.1,126.0,27.7,92.6,92.2,12.1,36.7,297.0,16.9,42.2,26.15,68.4,42.85,56.4,,94.3,173.0,41.85,74.2,16.8,11.4,125.5,55.0,79.8,71.6,242.0,194.0,272.0,,,75.5,,,36.15,85.6,200.5,77.0,233.0,53.2,42.25,79.3,53.6
44.6,39.7,53.0,82.3,77.7,69.0,12.7,42.2,73.7,31.6,32.3,317.0,156.0,33.55,52.3,305.0,10.75,24.5,31.6,59.2,193.0,72.8,25.5,15.5,25.15,43.3,319.5,419.5,41.75,80.2,67.1,48.0,29.2,362.5,372.0,318.0,49.1,14.45,197.5,38.5,19.85,94.0,24.45,47.95,21.1,125.0,7.22,11.95,19.1,50.2,10.4,22.4,70.0,29.7,324.5,87.7,9.75,47.65,43.2,95.9,84.8,29.55,79.0,240.0,7.2,11.6,96.1,166.0,73.2,26.75,109.5,509.0,283.5,12.55,133.5,67.1,16.75,50.6,10.1,15.4,14.7,,235.0,18.25,28.8,10.6,27.5,9.17,10.85,17.0,18.35,43.2,46.85,9.22,19.35,16.2,24.7,15.35,9.15,13.35,19.6,18.65,229.5,75.8,2040.0,30.65,146.0,58.4,99.1,126.5,27.65,92.6,92.2,12.05,36.7,296.5,16.9,42.15,26.05,68.5,42.9,56.4,,94.3,172.5,41.8,74.2,16.8,11.4,125.0,55.1,79.8,71.8,241.5,194.0,272.0,,,75.5,,,36.15,85.6,200.5,77.0,233.0,53.3,42.2,79.3,53.7
44.6,39.7,53.0,82.3,77.7,69.0,12.7,42.25,73.7,31.65,32.3,317.0,156.0,33.55,52.4,305.5,10.7,24.5,31.6,59.2,193.0,72.9,25.5,15.55,25.15,43.3,319.5,419.5,41.8,80.2,67.1,48.0,29.2,361.5,370.0,318.0,49.15,14.45,198.0,38.5,19.85,93.9,24.5,47.95,21.1,125.5,7.22,11.95,19.1,50.2,10.4,22.4,70.0,29.75,325.0,87.7,9.75,47.65,43.2,95.9,85.0,29.55,79.0,240.0,7.2,11.6,96.2,165.5,73.2,26.75,109.5,510.0,283.5,12.55,133.5,67.2,16.75,50.6,10.1,15.45,14.7,,235.5,18.25,28.8,10.55,27.5,9.17,10.85,17.0,18.45,43.2,46.85,9.22,19.35,16.2,24.75,15.35,9.16,13.4,19.6,18.65,229.5,75.8,2045.0,30.65,146.0,58.3,99.2,126.5,27.7,92.7,92.3,12.1,36.7,297.0,16.9,42.2,26.15,68.5,42.9,56.4,,94.4,173.0,41.85,74.2,16.8,11.4,125.5,55.1,79.7,71.6,241.5,194.0,271.5,,,75.6,,,36.15,85.6,200.5,77.0,233.0,53.2,42.2,79.3,53.7
44.6,39.65,53.0,82.3,77.8,69.1,12.7,42.25,73.7,31.6,32.25,317.0,156.5,33.55,52.4,306.0,10.7,24.5,31.6,59.2,193.0,72.9,25.5,15.55,25.15,43.3,319.5,419.5,41.8,80.3,67.2,48.0,29.2,362.5,370.0,318.0,49.15,14.45,197.5,38.55,19.85,93.9,24.5,48.0,21.1,125.0,7.2,11.95,19.1,50.2,10.4,22.4,70.0,29.75,325.0,87.7,9.74,47.65,43.2,95.9,85.0,29.55,79.0,240.0,7.2,11.6,96.2,166.0,73.1,26.75,109.5,510.0,284.0,12.55,133.5,67.2,16.8,50.6,10.1,15.45,14.7,,235.5,18.25,28.8,10.55,27.45,9.17,10.85,17.0,18.45,43.15,46.85,9.22,19.35,16.2,24.7,15.35,9.15,13.35,19.6,18.65,229.5,76.0,2045.0,30.65,146.0,58.4,99.2,126.0,27.7,92.7,92.3,12.1,36.7,297.0,16.9,42.2,26.15,68.5,42.9,56.5,,94.4,172.5,41.8,74.3,16.85,11.35,125.5,55.1,79.7,71.8,241.5,194.0,271.5,,,75.5,,,36.15,85.6,200.5,77.0,233.5,53.3,42.2,79.3,53.7
44.6,39.7,53.0,82.3,77.8,69.1,12.7,42.25,73.8,31.6,32.3,317.5,156.5,33.6,52.4,306.0,10.75,24.45,31.6,59.2,193.0,73.0,25.55,15.55,25.1,43.3,320.0,419.5,41.8,80.3,67.2,47.95,29.2,361.5,372.0,319.5,49.1,14.45,198.0,38.65,19.9,94.0,24.5,48.0,21.15,125.5,7.22,12.0,19.1,50.3,10.4,22.4,69.9,29.75,324.5,87.7,9.73,47.7,43.15,95.9,84.9,29.55,79.0,240.0,7.2,11.6,96.2,166.0,73.2,26.75,109.5,510.0,284.0,12.6,133.0,67.2,16.8,50.6,10.05,15.45,14.7,,235.5,18.25,28.8,10.55,27.5,9.17,10.85,17.0,18.45,43.15,46.8,9.22,19.35,16.2,24.75,15.3,9.15,13.4,19.55,18.65,230.0,76.0,2045.0,30.65,146.0,58.4,99.3,126.0,27.7,92.8,92.4,12.1,36.5,297.5,16.9,42.2,26.15,68.6,42.95,56.5,,94.3,173.0,41.85,74.2,16.85,11.35,125.0,55.1,79.8,71.7,241.5,194.0,271.5,,,75.6,,,36.15,85.4,200.0,77.0,233.5,53.3,42.2,79.5,53.6
44.6,39.75,53.0,82.3,77.8,69.1,12.75,42.25,73.8,31.65,32.3,317.5,156.5,33.6,52.5,305.5,10.75,24.5,31.6,59.2,193.5,73.0,25.5,15.55,25.15,43.3,320.0,419.5,41.8,80.4,67.2,48.0,29.15,362.5,372.0,320.0,49.15,14.45,198.0,38.65,19.85,94.0,24.5,48.0,21.15,125.0,7.21,12.0,19.1,50.3,10.4,22.4,70.0,29.75,325.0,87.7,9.73,47.75,43.2,95.9,85.0,29.55,79.0,240.0,7.2,11.6,96.3,166.0,73.3,26.75,109.5,510.0,284.0,12.55,133.5,67.2,16.75,50.6,10.1,15.45,14.75,,235.5,18.3,28.85,10.6,27.5,9.17,10.85,17.0,18.45,43.2,46.85,9.22,19.35,16.2,24.75,15.35,9.16,13.4,19.6,18.65,230.5,76.0,2040.0,30.65,146.0,58.4,99.4,126.5,27.7,92.6,92.4,12.1,36.7,297.5,16.9,42.25,26.15,68.6,43.0,56.5,,94.5,172.5,41.85,74.3,16.85,11.4,125.5,55.2,79.7,71.7,242.5,194.0,271.5,,,75.7,,,36.2,85.7,201.0,77.0,233.0,53.4,42.25,79.5,53.7
44.6,39.75,53.0,82.3,77.8,69.1,12.75,42.25,73.8,31.65,32.35,318.0,156.5,33.6,52.4,305.5,10.75,24.55,31.6,59.2,194.0,73.1,25.5,15.5,25.15,43.3,320.0,419.5,41.75,80.5,67.3,48.0,29.15,362.5,372.5,320.0,49.15,14.45,198.5,38.7,19.9,94.0,24.5,48.0,21.15,125.0,7.21,12.0,19.1,50.3,10.4,22.4,70.0,29.75,325.0,87.5,9.71,47.8,43.2,96.0,85.0,29.6,79.0,240.5,7.2,11.6,96.3,166.0,73.3,26.75,109.5,511.0,284.0,12.65,133.5,67.2,16.8,50.6,10.1,15.45,14.7,,235.5,18.3,28.85,10.6,27.5,9.17,10.85,17.0,18.4,43.2,46.85,9.22,19.35,16.2,24.75,15.3,9.15,13.35,19.55,18.65,230.5,76.0,2045.0,30.65,146.0,58.4,99.3,126.5,27.7,92.9,92.4,12.1,36.7,298.0,16.9,42.25,26.15,68.5,43.0,56.6,,94.5,173.0,41.85,74.3,16.85,11.4,125.5,55.2,79.9,71.7,242.5,195.0,271.5,,,75.8,,,36.2,85.7,201.0,77.0,233.0,53.4,42.3,79.4,53.7
44.6,39.75,53.1,82.3,77.9,69.1,12.75,42.25,73.8,31.65,32.35,318.0,156.5,33.6,52.4,305.5,10.75,24.55,31.6,59.2,194.5,73.1,25.55,15.55,25.2,43.3,320.0,419.5,41.7,80.5,67.4,48.0,29.1,362.5,371.0,318.0,49.2,14.45,198.5,38.7,19.9,94.0,24.5,48.0,21.2,125.5,7.22,12.0,19.1,50.3,10.4,22.45,70.0,29.7,325.0,87.5,9.72,47.8,43.15,96.0,85.0,29.6,79.2,240.5,7.2,11.6,96.3,166.0,73.3,26.75,109.5,511.0,284.0,12.65,133.5,67.2,16.75,50.6,10.1,15.45,14.7,,235.5,18.25,28.85,10.6,27.45,9.17,10.85,17.0,18.45,43.2,46.85,9.22,19.35,16.2,24.75,15.35,9.15,13.4,19.55,18.65,230.5,76.0,2045.0,30.65,146.0,58.5,99.3,126.5,27.7,92.7,92.5,12.05,36.7,297.5,16.9,42.25,26.15,68.6,43.1,56.6,,94.5,173.0,41.8,74.3,16.85,11.4,125.5,55.2,79.7,71.6,242.5,195.0,271.5,,,75.8,,,36.2,85.7,200.5,77.0,233.0,53.4,42.35,79.4,53.7
44.55,39.75,53.1,82.4,77.8,69.1,12.75,42.25,73.8,31.6,32.4,318.0,156.5,33.65,52.5,306.0,10.75,24.55,31.6,59.2,194.5,73.1,25.5,15.5,25.15,43.3,320.0,419.5,41.7,80.4,67.3,48.0,29.05,362.5,371.0,318.0,49.15,14.45,198.5,38.7,19.9,93.9,24.45,48.0,21.2,125.5,7.21,11.95,19.1,50.2,10.35,22.45,70.0,29.75,325.0,87.7,9.71,47.8,43.15,96.0,84.9,29.6,79.2,240.0,7.2,11.6,96.1,166.0,73.3,26.7,109.5,510.0,284.5,12.6,133.5,67.1,16.75,50.6,10.1,15.45,14.7,,235.5,18.25,28.8,10.55,27.5,9.17,10.85,17.0,18.4,43.15,46.8,9.22,19.35,16.2,24.75,15.3,9.16,13.35,19.55,18.65,230.0,76.1,2045.0,30.65,146.0,58.5,99.2,126.5,27.7,92.7,92.7,12.1,36.7,297.5,16.9,42.25,26.15,68.5,43.1,56.6,,94.5,173.0,41.85,74.3,16.8,11.4,125.0,55.2,79.9,71.6,241.0,195.0,271.5,,,75.7,,,36.15,85.7,200.5,77.0,233.0,53.4,42.3,79.4,53.6
44.6,39.7,53.1,82.3,77.9,69.2,12.7,42.25,73.8,31.6,32.35,318.0,156.5,33.65,52.5,306.0,10.75,24.5,31.6,59.2,195.0,73.1,25.55,15.55,25.2,43.3,319.5,419.0,41.75,80.4,67.4,48.0,29.05,362.5,371.0,318.0,49.2,14.45,198.5,38.65,19.85,94.0,24.5,48.0,21.2,125.5,7.21,11.95,19.1,50.3,10.4,22.45,70.0,29.75,325.5,87.7,9.73,47.8,43.2,96.1,85.1,29.6,79.0,240.0,7.2,11.6,96.2,165.5,73.4,26.75,109.5,510.0,284.5,12.6,134.0,67.1,16.7,50.6,10.1,15.4,14.65,,235.5,18.25,28.8,10.55,27.55,9.17,10.85,17.0,18.4,43.2,46.85,9.23,19.35,16.2,24.7,15.3,9.15,13.35,19.55,18.65,230.5,76.1,2045.0,30.65,146.0,58.4,99.3,126.5,27.7,92.7,92.7,12.05,36.6,297.5,16.9,42.25,26.15,68.5,43.0,56.6,,94.6,173.0,41.85,74.2,16.85,11.4,125.5,55.2,79.8,71.6,241.0,195.0,271.5,,,75.8,,,36.25,85.8,201.0,77.0,234.0,53.4,42.4,79.5,53.8
44.6,39.7,53.1,82.5,77.9,69.2,12.7,42.25,73.8,31.65,32.4,318.0,156.5,33.65,52.5,306.0,10.75,24.5,31.6,59.1,195.0,73.1,25.6,15.55,25.2,43.35,320.0,419.0,41.8,80.4,67.4,48.0,29.0,362.5,373.5,318.0,49.15,14.45,198.5,38.6,19.85,94.0,24.55,47.95,21.2,125.5,7.22,12.0,19.15,50.2,10.4,22.45,70.0,29.75,325.5,87.6,9.73,47.85,43.15,96.1,85.1,29.6,79.1,240.0,7.2,11.6,96.2,166.0,73.4,26.75,109.5,511.0,284.5,12.6,133.5,67.3,16.8,50.7,10.1,15.4,14.7,,235.5,18.3,28.8,10.55,27.55,9.17,10.85,17.0,18.45,43.2,46.85,9.23,19.4,16.2,24.7,15.35,9.15,13.35,19.55,18.65,230.5,76.1,2040.0,30.7,146.0,58.5,99.3,126.5,27.7,92.9,92.7,12.1,36.7,297.5,16.9,42.25,26.15,68.6,43.0,56.7,,94.5,173.0,41.85,74.4,16.85,11.4,125.5,55.2,79.8,71.6,241.0,195.0,271.5,,,75.8,,,36.25,85.8,200.0,77.0,234.0,53.2,42.4,79.5,53.7
44.6,39.65,53.1,82.5,77.9,69.2,12.75,42.3,73.8,31.65,32.35,318.0,156.5,33.65,52.5,306.5,10.7,24.55,31.6,59.2,195.0,73.1,25.6,15.55,25.2,43.35,320.0,418.5,41.75,80.6,67.5,48.0,29.0,362.5,375.0,318.0,49.2,14.45,198.5,38.65,19.9,94.0,24.55,48.0,21.25,125.5,7.22,12.0,19.1,50.1,10.35,22.45,70.0,29.75,325.5,87.6,9.73,47.8,43.2,96.1,85.0,29.65,79.0,240.0,7.2,11.6,96.2,166.0,73.4,26.8,109.5,511.0,285.0,12.65,134.0,67.2,16.8,50.7,10.1,15.45,14.7,,235.5,18.25,28.85,10.6,27.55,9.17,10.85,17.0,18.45,43.2,46.8,9.24,19.4,16.2,24.75,15.35,9.15,13.4,19.55,18.65,230.5,76.1,2045.0,30.7,146.0,58.5,99.3,126.5,27.7,93.0,92.6,12.1,36.85,297.0,16.9,42.25,26.15,68.5,42.95,56.6,,94.5,173.0,41.85,74.4,16.85,11.4,125.5,55.2,79.9,71.6,241.0,195.0,271.5,,,76.0,,,36.3,85.8,201.0,77.0,233.5,53.2,42.4,79.3,53.7
44.6,39.65,53.1,82.5,77.9,69.2,12.7,42.3,73.8,31.65,32.45,318.0,156.5,33.65,52.4,307.0,10.75,24.5,31.6,59.1,195.0,73.1,25.6,15.55,25.2,43.35,320.0,419.5,41.75,80.6,67.5,48.0,29.0,362.5,374.5,318.0,49.2,14.45,198.5,38.65,19.9,94.0,24.55,48.0,21.3,125.5,7.22,12.0,19.15,50.1,10.4,22.45,70.0,29.8,325.5,87.6,9.73,47.85,43.2,96.0,85.0,29.65,79.1,240.0,7.2,11.6,96.2,165.5,73.4,26.8,109.5,511.0,285.0,12.6,133.5,67.2,16.8,50.7,10.1,15.45,14.7,,235.5,18.3,28.85,10.6,27.55,9.16,10.85,17.0,18.45,43.2,46.85,9.24,19.4,16.2,24.75,15.3,9.16,13.4,19.6,18.65,231.0,76.1,2045.0,30.7,145.5,58.4,99.3,126.5,27.7,93.0,92.5,12.1,36.9,297.5,16.9,42.3,26.15,68.6,43.0,56.7,,94.5,172.5,41.85,74.3,16.85,11.4,125.5,55.1,80.0,71.7,242.5,195.0,271.5,,,76.0,,,36.3,85.8,201.0,77.0,234.5,53.4,42.4,79.5,53.8
44.6,39.65,53.1,82.5,77.9,69.1,12.7,42.25,73.8,31.65,32.45,318.0,156.5,33.65,52.5,307.5,10.75,24.55,31.6,59.2,195.0,73.1,25.6,15.55,25.2,43.3,319.5,419.5,41.75,80.6,67.5,48.0,29.0,363.0,374.5,318.0,49.25,14.5,198.5,38.65,19.9,94.0,24.5,48.0,21.3,125.5,7.22,12.0,19.15,50.2,10.4,22.45,70.0,29.8,325.5,87.6,9.73,47.8,43.2,96.1,85.1,29.65,79.2,240.5,7.2,11.6,96.2,166.0,73.5,26.8,109.5,511.0,285.0,12.6,134.0,67.2,16.8,50.7,10.1,15.45,14.7,,235.0,18.25,28.8,10.6,27.5,9.16,10.85,17.0,18.45,43.2,46.85,9.24,19.4,16.2,24.75,15.3,9.15,13.4,19.6,18.65,231.0,76.2,2045.0,30.7,145.5,58.4,99.5,126.5,27.65,93.0,92.6,12.1,36.9,297.5,16.95,42.25,26.15,68.6,42.95,56.7,,94.6,173.0,41.85,74.3,16.8,11.4,125.5,55.2,79.9,71.6,242.5,195.0,271.5,,,76.0,,,36.3,85.8,200.5,77.0,234.5,53.2,42.4,79.5,53.8
44.6,39.65,53.1,82.6,77.8,69.1,12.7,42.25,73.8,31.65,32.45,318.0,156.5,33.6,52.5,307.5,10.75,24.55,31.6,59.1,194.5,73.2,25.6,15.5,25.2,43.35,320.0,419.5,41.75,80.6,67.5,48.0,29.0,363.0,374.5,318.0,49.25,14.45,198.5,38.65,19.85,94.0,24.55,48.0,21.3,125.5,7.21,11.95,19.15,50.2,10.4,22.5,70.0,29.8,326.0,87.6,9.73,47.85,43.2,96.1,85.3,29.65,79.2,240.5,7.2,11.6,96.2,166.0,73.4,26.8,109.5,511.0,285.0,12.6,133.5,67.2,16.8,50.7,10.1,15.45,14.7,,235.0,18.25,28.8,10.6,27.5,9.17,10.85,17.0,18.45,43.2,46.85,9.23,19.4,16.2,24.7,15.3,9.16,13.35,19.6,18.65,231.0,76.1,2045.0,30.7,146.0,58.5,99.3,126.5,27.65,93.0,92.6,12.05,36.9,297.5,16.95,42.25,26.1,68.6,42.9,56.8,,94.5,173.0,41.85,74.3,16.85,11.4,125.0,55.2,80.0,71.7,242.5,195.0,271.5,,,76.0,,,36.3,85.8,200.5,77.0,234.5,53.3,42.3,79.5,53.8
44.55,39.7,53.1,82.5,77.8,69.1,12.75,42.25,73.8,31.65,32.4,318.0,156.0,33.65,52.5,307.5,10.75,24.55,31.65,59.2,193.5,73.2,25.6,15.5,25.15,43.35,320.0,419.5,41.75,80.5,67.5,48.0,29.0,362.5,374.5,318.0,49.25,14.45,199.0,38.65,19.9,93.9,24.55,48.0,21.25,125.0,7.22,12.0,19.1,50.3,10.4,22.45,70.0,29.8,326.0,87.6,9.73,47.8,43.25,96.1,85.0,29.65,79.2,239.5,7.2,11.55,96.2,166.0,73.5,26.8,109.5,512.0,285.0,12.6,133.5,67.3,16.8,50.7,10.1,15.45,14.65,,235.0,18.25,28.8,10.55,27.5,9.17,10.85,17.0,18.4,43.2,46.85,9.24,19.4,16.2,24.7,15.3,9.15,13.35,19.55,18.65,230.5,76.1,2045.0,30.65,146.0,58.4,99.3,126.5,27.65,93.1,92.6,12.05,36.9,297.5,16.95,42.25,26.1,68.6,42.85,56.7,,94.6,173.0,41.85,74.3,16.85,11.4,125.5,55.2,80.0,72.0,242.5,195.0,272.0,,,76.0,,,36.25,85.8,200.5,77.0,234.5,53.2,42.4,79.3,53.7
44.6,39.65,53.1,82.6,77.8,69.1,12.75,42.25,73.8,31.65,32.45,318.5,156.0,33.65,52.5,307.5,10.75,24.5,31.65,59.2,194.0,73.2,25.55,15.55,25.2,43.35,320.0,419.5,41.75,80.6,67.5,48.0,29.0,362.5,374.5,318.0,49.25,14.45,199.0,38.7,19.9,94.0,24.55,48.05,21.25,125.0,7.22,12.0,19.1,50.3,10.4,22.45,70.0,29.8,326.0,87.6,9.73,47.75,43.25,96.2,85.0,29.6,79.2,240.5,7.2,11.55,96.2,166.0,73.5,26.8,109.5,512.0,285.0,12.55,134.0,67.2,16.75,50.7,10.05,15.45,14.7,,235.0,18.3,28.8,10.55,27.5,9.16,10.8,17.0,18.4,43.25,46.85,9.23,19.4,16.2,24.75,15.35,9.15,13.4,19.55,18.65,230.5,76.1,2040.0,30.65,146.0,58.4,99.3,126.5,27.65,93.1,92.7,12.1,36.8,297.5,16.95,42.25,26.1,68.5,42.8,56.6,,94.6,173.0,41.85,74.3,16.85,11.4,125.5,55.2,79.9,72.0,242.5,195.0,272.0,,,76.0,,,36.25,85.8,201.0,77.0,233.5,53.4,42.3,79.3,53.8
44.6,39.65,53.0,82.5,77.7,69.1,12.7,42.25,73.7,31.65,32.4,318.0,156.0,33.6,52.4,306.5,10.7,24.5,31.65,59.2,194.0,73.2,25.6,15.55,25.2,43.35,320.0,418.0,41.75,80.5,67.4,48.0,29.0,362.0,374.5,318.0,49.2,14.5,198.5,38.8,19.9,94.0,24.55,48.1,21.25,125.0,7.21,12.0,19.15,50.1,10.35,22.45,69.9,29.75,325.5,87.6,9.72,47.7,43.25,96.1,85.0,29.6,79.0,240.5,7.2,11.6,96.2,166.0,73.4,26.75,109.5,512.0,285.0,12.55,134.0,67.2,16.8,50.7,10.05,15.45,14.65,,235.0,18.25,28.8,10.55,27.5,9.16,10.8,17.0,18.45,43.25,46.85,9.23,19.35,16.2,24.75,15.3,9.15,13.35,19.55,18.6,231.0,76.1,2040.0,30.6,146.0,58.5,99.2,126.0,27.7,93.0,92.4,12.1,36.8,297.5,16.95,42.3,26.15,68.7,42.85,56.6,,94.5,173.0,41.85,74.3,16.85,11.4,125.5,55.1,80.0,72.0,242.5,195.0,272.0,,,75.9,,,36.25,85.8,200.5,77.0,233.5,53.2,42.25,79.5,53.7
44.6,39.65,53.0,82.5,77.8,69.1,12.7,42.25,73.7,31.65,32.5,318.5,156.0,33.6,52.3,306.5,10.75,24.5,31.65,59.2,193.5,73.0,25.6,15.55,25.15,43.35,321.0,419.5,41.7,80.6,67.5,48.0,29.0,362.0,374.5,318.0,49.2,14.5,199.0,38.85,19.9,94.0,24.55,48.15,21.25,125.5,7.22,12.0,19.15,50.2,10.4,22.45,70.0,29.75,325.5,87.6,9.73,47.75,43.25,96.2,85.0,29.6,79.1,240.0,7.2,11.6,96.2,166.0,73.4,26.8,109.5,512.0,285.0,12.6,133.5,67.3,16.7,50.7,10.1,15.45,14.7,,235.0,18.3,28.8,10.55,27.55,9.16,10.85,17.0,18.4,43.25,46.85,9.23,19.35,16.2,24.75,15.3,9.15,13.35,19.55,18.65,231.0,76.1,2040.0,30.6,146.0,58.5,99.2,126.5,27.7,93.1,92.4,12.1,36.8,297.5,16.95,42.3,26.1,68.7,42.85,56.7,,94.5,173.0,41.85,74.4,16.85,11.4,125.5,55.1,80.0,72.0,242.5,195.0,272.0,,,75.9,,,36.3,85.8,200.0,77.0,233.5,53.2,42.4,79.5,53.7
44.6,39.7,53.1,82.5,77.9,69.0,12.75,42.25,73.7,31.6,32.45,318.0,156.0,33.6,52.3,306.5,10.75,24.5,31.65,59.2,193.5,73.1,25.6,15.5,25.15,43.35,320.5,419.5,41.75,80.5,67.5,48.0,29.0,362.0,373.0,318.0,49.25,14.5,198.5,38.9,19.9,94.0,24.55,48.1,21.25,125.0,7.21,12.0,19.15,50.2,10.35,22.45,70.0,29.75,325.5,87.6,9.73,47.7,43.2,96.1,85.2,29.6,79.1,240.5,7.2,11.6,96.2,166.0,73.4,26.75,109.5,512.0,285.0,12.6,133.5,67.3,16.9,50.7,10.05,15.4,14.7,,235.0,18.3,28.8,10.55,27.5,9.16,10.8,16.95,18.45,43.25,46.85,9.22,19.35,16.2,24.75,15.3,9.15,13.35,19.55,18.65,231.0,76.1,2040.0,30.6,145.5,58.5,99.2,126.5,27.7,93.0,92.4,12.1,36.8,298.0,16.95,42.25,26.1,68.6,42.85,56.7,,94.5,173.0,41.85,74.4,16.85,11.4,125.0,55.0,80.0,71.8,242.5,195.0,272.0,,,75.9,,,36.3,85.7,200.0,77.0,233.5,53.2,42.25,79.5,53.7
44.6,39.7,53.1,82.5,77.9,69.1,12.75,42.3,73.7,31.6,32.45,318.5,156.5,33.65,52.3,306.5,10.75,24.55,31.65,59.2,193.5,73.2,25.6,15.5,25.2,43.35,321.0,419.5,41.75,80.6,67.5,48.0,29.0,363.0,373.0,318.0,49.2,14.5,199.0,38.85,19.95,94.0,24.55,48.15,21.25,125.5,7.21,12.0,19.15,50.2,10.4,22.5,70.0,29.75,326.0,87.6,9.73,47.7,43.25,96.2,85.1,29.6,79.1,240.5,7.2,11.6,96.3,166.0,73.4,26.75,109.5,511.0,285.0,12.6,133.5,67.3,16.85,50.7,10.1,15.45,14.7,,235.5,18.3,28.85,10.55,27.5,9.17,10.85,17.0,18.45,43.25,46.85,9.23,19.4,16.2,24.75,15.35,9.15,13.4,19.55,18.65,230.5,76.1,2045.0,30.6,146.0,58.4,99.3,126.5,27.65,93.0,92.5,12.1,36.8,299.5,16.95,42.3,26.15,68.6,42.85,56.7,,94.6,173.0,41.9,74.4,16.85,11.4,125.5,55.1,80.0,71.8,242.5,195.0,272.0,,,75.9,,,36.35,85.8,201.0,77.0,233.0,53.3,42.4,79.3,53.8
44.6,39.7,53.1,82.4,77.8,69.1,12.7,42.3,73.7,31.6,32.5,318.5,156.0,33.65,52.4,306.5,10.75,24.5,31.65,59.2,193.5,73.2,25.55,15.5,25.15,43.35,321.0,419.5,41.75,80.5,67.3,48.0,29.0,363.0,373.0,318.0,49.2,14.5,198.5,38.8,20.0,93.9,24.55,48.1,21.3,125.0,7.21,12.0,19.15,50.2,10.35,22.45,70.0,29.75,326.0,87.6,9.73,47.7,43.25,96.1,85.3,29.6,79.1,240.5,7.2,11.6,96.2,166.0,73.5,26.75,109.5,512.0,285.0,12.55,133.5,67.4,16.85,50.7,10.1,15.4,14.65,,235.5,18.3,28.8,10.55,27.5,9.17,10.85,17.0,18.4,43.2,46.85,9.23,19.4,16.2,24.75,15.35,9.14,13.4,19.55,18.65,231.0,76.1,2045.0,30.7,146.0,58.4,99.2,126.5,27.7,92.8,92.7,12.05,36.8,300.0,16.95,42.3,26.1,68.7,42.85,56.6,,94.5,172.5,41.9,74.3,16.85,11.4,125.5,55.1,79.9,71.7,242.5,194.5,272.0,,,75.8,,,36.35,85.8,201.0,77.0,232.5,53.2,42.4,79.3,53.7
44.7,39.7,53.1,82.5,77.9,69.1,12.7,42.3,73.7,31.65,32.55,318.5,156.5,33.65,52.4,307.5,10.75,24.5,31.65,59.2,194.0,73.2,25.6,15.55,25.2,43.3,321.0,419.5,41.8,80.5,67.5,48.0,29.05,363.0,373.0,318.0,49.2,14.5,199.0,38.85,19.95,94.0,24.55,48.05,21.2,125.5,7.21,12.0,19.15,50.2,10.4,22.5,70.0,29.75,326.0,87.6,9.73,47.75,43.3,96.1,85.3,29.65,79.2,240.5,7.34,11.6,96.3,166.0,73.4,26.8,109.5,512.0,285.0,12.55,133.5,67.4,16.85,50.7,10.1,15.45,14.7,,235.5,18.25,28.85,10.6,27.55,9.18,10.85,17.0,18.4,43.25,46.85,9.23,19.35,16.2,24.75,15.35,9.16,13.4,19.55,18.65,231.0,76.0,2045.0,30.7,146.0,58.5,99.3,126.5,27.7,92.9,92.5,12.1,36.8,300.0,16.95,42.35,26.1,68.7,42.9,56.6,,94.8,172.5,41.9,74.4,16.85,11.45,125.0,55.1,79.8,71.7,242.5,194.5,272.0,,,76.0,,,36.35,85.9,201.0,77.1,232.5,53.2,42.35,79.5,53.8
44.7,39.7,53.1,82.6,77.9,69.1,12.75,42.3,73.8,31.7,32.7,318.5,156.5,33.65,52.4,307.5,10.75,24.55,31.65,59.2,194.0,73.2,25.65,15.55,25.2,43.35,321.0,419.5,41.8,80.6,67.5,48.0,29.05,363.0,373.0,318.0,49.25,14.5,199.0,38.85,20.0,94.0,24.6,48.05,21.25,125.5,7.22,12.0,19.15,50.2,10.35,22.5,70.0,29.8,326.0,87.6,9.73,47.75,43.3,96.1,85.4,29.65,79.2,240.5,7.34,11.6,96.2,166.0,73.5,26.8,109.5,512.0,285.5,12.55,134.0,67.4,16.85,50.7,10.1,15.45,14.7,,235.5,18.3,28.85,10.6,27.55,9.18,10.85,17.0,18.4,43.25,46.85,9.24,19.4,16.2,24.75,15.35,9.16,13.4,19.55,18.65,231.0,76.2,2045.0,30.7,146.0,58.5,99.4,126.5,27.7,92.9,92.5,12.1,36.9,301.0,16.95,42.4,26.1,68.7,42.9,56.7,,94.8,173.0,41.9,74.5,16.85,11.45,125.0,55.1,79.8,72.0,242.5,195.0,272.0,,,76.1,,,36.4,85.9,201.0,77.1,234.5,53.3,42.4,79.5,53.8
44.7,39.7,53.2,82.8,77.9,69.1,12.7,42.3,73.9,31.7,32.8,319.0,156.5,33.65,52.5,307.5,10.8,24.55,31.65,59.3,194.0,73.5,25.7,15.55,25.2,43.35,321.0,418.0,41.8,80.6,67.6,48.0,29.0,363.0,373.0,320.5,49.25,14.5,199.0,38.95,19.95,94.1,24.6,48.0,21.3,125.5,7.22,12.0,19.15,50.3,10.4,22.5,70.1,29.8,326.0,87.7,9.74,47.8,43.15,96.2,85.4,29.65,79.1,241.0,7.34,11.6,96.3,166.0,73.5,26.75,110.0,512.0,285.5,12.6,134.0,67.4,16.9,50.7,10.1,15.5,14.75,,235.5,18.3,28.85,10.6,27.65,9.17,10.85,17.0,18.45,43.25,46.85,9.25,19.4,16.25,24.75,15.35,9.16,13.4,19.6,18.65,231.0,76.2,2045.0,30.7,146.0,58.5,99.4,126.5,27.7,93.0,92.7,12.1,36.95,301.5,16.95,42.4,26.1,68.8,42.95,56.7,,95.0,173.0,41.9,74.5,16.85,11.45,125.5,55.1,79.8,72.0,243.0,195.0,272.0,,,76.5,,,36.45,86.0,201.0,77.1,235.0,53.5,42.4,79.5,53.8
44.65,39.75,53.2,82.8,78.0,69.2,12.75,42.35,73.9,31.7,32.85,319.0,156.0,33.7,52.5,308.0,10.8,24.55,31.65,59.3,194.0,73.5,25.8,15.55,25.2,43.35,321.5,418.0,41.85,80.6,67.7,48.0,29.0,363.0,374.0,320.5,49.3,14.5,199.0,38.95,20.0,94.2,24.6,47.95,21.3,125.5,7.22,12.05,19.15,50.3,10.4,22.5,70.0,29.85,326.0,87.7,9.74,47.85,43.35,96.2,85.4,29.7,79.3,241.0,7.34,11.6,96.3,166.5,73.5,26.8,110.0,512.0,286.0,12.55,134.0,67.4,16.9,50.7,10.15,15.5,14.75,,235.5,18.3,28.9,10.6,27.65,9.18,10.85,17.0,18.45,43.25,46.85,9.25,19.4,16.25,24.75,15.35,9.17,13.4,19.55,18.65,231.0,76.2,2045.0,30.55,146.0,58.5,99.5,126.5,27.7,93.1,92.7,12.1,37.1,301.5,16.95,42.4,26.15,68.9,42.95,56.7,,94.8,173.5,41.85,74.5,16.85,11.4,125.5,55.1,79.8,72.1,243.0,195.0,272.0,,,76.8,,,36.5,86.5,201.0,77.2,235.0,53.5,42.4,79.5,53.8
44.6,39.75,53.2,82.8,78.0,69.3,12.7,42.35,74.0,31.7,32.8,319.5,156.5,33.75,52.5,309.0,10.8,24.5,31.65,59.4,194.0,73.6,25.85,15.55,25.25,43.35,321.5,419.5,41.9,80.6,67.6,48.0,29.1,363.0,374.5,321.0,49.3,14.5,199.0,38.95,20.0,94.3,24.6,48.0,21.3,126.0,7.22,12.05,19.15,50.3,10.4,22.5,70.0,29.85,326.0,87.7,9.74,47.85,43.45,96.3,85.5,29.7,79.4,241.0,7.34,11.6,96.3,166.5,73.5,26.8,110.0,512.0,285.5,12.6,134.0,67.4,16.9,50.7,10.15,15.5,14.7,,235.5,18.3,28.9,10.6,27.65,9.18,10.85,17.0,18.45,43.25,46.9,9.25,19.45,16.25,24.75,15.4,9.17,13.4,19.6,18.65,231.0,76.2,2050.0,30.7,146.0,58.5,99.5,127.0,27.7,92.9,92.7,12.1,37.2,301.5,16.95,42.4,26.2,68.9,43.0,56.7,,95.0,173.5,41.9,74.5,16.85,11.45,125.5,55.1,79.8,72.1,243.0,195.0,272.0,,,76.8,,,36.5,86.6,201.0,77.2,235.0,53.5,42.3,79.5,53.9
44.65,39.75,53.2,82.9,78.0,69.3,12.75,42.35,74.0,31.75,32.85,319.5,156.0,33.8,52.6,309.5,10.75,24.55,31.65,59.4,194.0,73.6,25.9,15.6,25.25,43.4,321.5,419.5,41.95,80.7,67.6,48.05,29.1,363.5,375.0,321.0,49.3,14.5,198.5,38.95,20.0,94.3,24.6,48.0,21.3,126.0,7.23,12.05,19.15,50.3,10.4,22.5,70.0,29.85,326.5,87.6,9.75,47.9,43.45,96.4,85.5,29.7,79.4,241.0,7.34,11.6,96.3,166.0,73.7,26.8,110.0,512.0,285.5,12.55,134.0,67.5,16.9,50.8,10.15,15.5,14.7,,236.0,18.3,28.95,10.6,27.7,9.18,10.85,17.05,18.4,43.25,46.9,9.26,19.45,16.25,24.75,15.4,9.17,13.4,19.6,18.7,231.5,76.2,2045.0,30.7,146.0,58.6,99.5,127.0,27.7,93.0,92.5,12.1,37.3,301.5,17.0,42.4,26.2,69.0,42.95,56.7,,94.8,173.5,41.9,74.5,16.85,11.45,125.0,55.1,79.9,72.1,243.5,195.5,272.0,,,76.7,,,36.5,86.6,200.5,77.5,235.5,53.5,42.45,79.5,54.0
44.7,39.8,53.2,82.9,78.0,69.3,12.75,42.4,74.0,31.75,32.85,320.0,156.5,33.8,52.6,310.0,10.8,24.55,31.7,59.4,193.5,73.8,25.9,15.6,25.25,43.4,321.5,419.5,41.95,80.7,67.7,48.05,29.1,363.5,374.0,320.0,49.3,14.5,199.0,38.95,19.95,94.4,24.6,48.0,21.3,126.0,7.23,12.05,19.15,50.3,10.4,22.5,70.0,29.85,326.5,87.5,9.75,47.9,43.6,96.4,85.5,29.7,79.4,241.5,7.34,11.6,96.3,166.0,73.6,26.8,110.0,512.0,286.0,12.6,134.0,67.5,16.95,50.8,10.15,15.5,14.75,,236.0,18.3,28.9,10.6,27.7,9.18,10.85,17.05,18.4,43.25,46.9,9.26,19.4,16.25,24.75,15.4,9.17,13.4,19.6,18.7,231.5,76.3,2050.0,30.7,146.0,58.6,99.5,127.0,27.75,93.0,92.6,12.1,37.3,301.5,17.0,42.4,26.2,69.0,43.0,56.7,,95.0,173.5,41.9,74.5,16.85,11.45,125.5,55.1,79.9,72.0,243.5,195.5,272.5,,,76.8,,,36.5,86.7,201.0,77.6,235.0,53.5,42.4,79.5,54.0
44.7,39.8,53.2,82.9,78.0,69.4,12.75,42.4,74.0,31.75,32.95,319.5,156.0,33.8,52.6,312.0,10.8,24.5,31.7,59.4,194.0,73.8,25.95,15.6,25.25,43.4,321.5,419.5,41.95,80.7,67.7,48.05,29.15,364.0,375.0,322.0,49.3,14.5,199.0,38.95,20.0,94.4,24.6,48.0,21.3,126.0,7.23,12.05,19.15,50.3,10.4,22.5,70.0,29.85,327.0,87.6,9.75,47.95,43.7,96.4,85.4,29.7,79.5,241.5,7.34,11.6,96.3,166.0,73.6,26.85,110.0,512.0,286.0,12.6,134.0,67.5,16.95,50.8,10.15,15.5,14.75,,236.0,18.3,28.95,10.6,27.75,9.18,10.85,17.05,18.45,43.25,46.9,9.26,19.45,16.25,24.75,15.4,9.17,13.45,19.55,18.7,231.5,76.4,2050.0,30.7,146.0,58.6,99.6,127.5,27.75,93.0,92.7,12.15,37.3,302.0,17.0,42.4,26.2,69.0,43.0,56.7,,95.0,173.5,41.85,74.5,16.9,11.45,125.5,55.1,80.0,72.1,243.5,195.5,272.5,,,76.9,,,36.5,86.6,201.0,78.0,235.5,53.5,42.4,79.5,54.0
44.7,39.8,53.3,82.9,78.0,69.4,12.75,42.45,74.1,31.8,32.95,319.5,156.5,33.8,52.7,310.0,10.8,24.55,31.7,59.4,194.5,73.7,26.0,15.6,25.25,43.4,321.5,419.5,41.9,80.7,67.8,48.0,29.05,364.0,374.5,321.5,49.35,14.55,199.0,38.95,19.95,94.4,24.6,48.0,21.25,126.0,7.24,12.05,19.15,50.3,10.4,22.5,70.0,29.85,326.5,87.6,9.76,48.0,43.75,96.3,85.5,29.7,79.5,241.5,7.34,11.6,96.3,166.5,73.7,26.8,109.5,512.0,286.0,12.6,134.0,67.4,16.95,50.8,10.15,15.5,14.75,,236.0,18.3,28.95,10.6,27.75,9.18,10.85,17.1,18.5,43.25,46.9,9.26,19.45,16.25,24.75,15.4,9.17,13.45,19.6,18.7,231.5,76.5,2050.0,30.75,146.0,58.7,99.6,127.5,27.75,93.1,92.8,12.15,37.2,302.0,17.0,42.4,26.2,69.0,43.0,56.7,,94.9,173.5,41.9,74.5,16.9,11.45,125.5,55.1,79.9,72.1,244.0,195.5,272.5,,,77.0,,,36.5,86.8,201.0,77.9,235.5,53.5,42.4,79.5,54.0
44.7,39.8,53.3,83.0,78.0,69.3,12.75,42.45,74.1,31.75,32.95,320.0,156.5,33.9,52.7,312.0,10.8,24.6,31.65,59.5,195.0,73.8,26.0,15.6,25.25,43.4,321.5,418.0,41.95,80.7,67.8,48.05,29.15,364.5,375.0,321.0,49.35,14.55,199.0,38.95,19.95,94.4,24.6,48.05,21.25,126.0,7.24,12.05,19.15,50.3,10.4,22.5,70.0,29.9,327.0,87.8,9.77,48.0,43.75,96.3,85.5,29.7,79.5,241.5,7.34,11.6,96.3,166.5,73.7,26.85,110.0,512.0,286.0,12.6,134.0,67.5,16.95,50.9,10.15,15.5,14.8,,236.0,18.3,28.95,10.6,27.8,9.18,10.85,17.1,18.5,43.3,46.9,9.27,19.45,16.25,24.75,15.4,9.17,13.45,19.6,18.7,232.0,76.5,2050.0,30.75,146.0,58.7,99.6,127.5,27.75,93.3,92.8,12.15,37.45,302.0,17.0,42.4,26.2,69.1,43.05,56.7,,94.9,173.5,41.9,74.5,16.9,11.45,125.5,55.1,80.0,72.0,244.5,195.5,272.5,,,77.0,,,36.55,86.8,201.0,78.0,235.5,53.5,42.4,79.5,54.0
44.7,39.8,53.2,82.9,78.0,69.4,12.75,42.5,74.2,31.8,33.0,320.0,157.0,33.95,52.8,311.5,10.8,24.6,31.65,59.5,194.5,73.8,26.1,15.6,25.25,43.4,321.5,418.0,41.95,80.7,67.8,48.05,29.15,365.0,375.5,321.0,49.35,14.55,199.0,39.0,20.0,94.4,24.6,48.05,21.25,126.0,7.25,12.05,19.15,50.4,10.4,22.5,70.0,29.9,327.0,87.7,9.78,48.0,43.7,96.3,85.5,29.7,79.5,241.5,7.34,11.6,96.4,166.5,73.5,26.85,110.0,512.0,286.0,12.6,134.0,67.5,16.95,50.8,10.15,15.5,14.75,,236.0,18.25,28.95,10.6,27.75,9.18,10.85,17.1,18.5,43.3,46.9,9.27,19.45,16.3,24.75,15.4,9.17,13.45,19.55,18.7,232.0,76.5,2045.0,30.75,146.0,58.7,99.6,127.5,27.8,93.3,92.8,12.15,37.4,302.0,17.0,42.4,26.2,69.1,43.0,56.6,,95.2,173.5,41.9,74.5,16.9,11.45,126.0,55.1,80.0,72.1,244.5,195.0,272.5,,,76.9,,,36.6,86.9,201.0,77.9,235.5,53.5,42.4,79.5,54.0
44.75,39.8,53.2,83.0,78.0,69.4,12.75,42.5,74.3,31.75,33.0,320.0,157.0,33.95,52.9,311.5,10.8,24.6,31.7,59.5,194.5,73.9,26.1,15.6,25.25,43.4,321.5,419.5,41.95,80.7,67.8,48.05,29.15,365.0,375.5,319.5,49.35,14.55,199.0,39.0,19.95,94.4,24.6,48.1,21.25,126.0,7.24,12.05,19.15,50.4,10.4,22.55,70.1,29.9,327.5,87.7,9.77,47.9,43.7,96.3,85.5,29.7,79.5,241.5,7.34,11.6,96.4,166.5,73.5,26.85,110.0,512.0,286.0,12.6,134.5,67.5,16.95,50.8,10.15,15.5,14.8,,236.0,18.35,28.95,10.6,27.75,9.18,10.85,17.1,18.5,43.3,46.9,9.27,19.45,16.25,24.75,15.4,9.17,13.45,19.6,18.7,232.5,76.5,2050.0,30.75,146.0,58.7,99.7,127.5,27.8,93.3,92.6,12.15,37.25,301.5,17.0,42.4,26.2,69.1,43.05,56.7,,95.0,173.5,41.9,74.5,16.9,11.45,126.0,55.2,80.0,72.1,243.0,195.5,272.5,,,76.9,,,36.65,86.9,201.0,77.9,235.5,53.5,42.45,79.5,54.0
44.7,39.8,53.2,83.0,78.0,69.4,12.75,42.5,74.4,31.8,33.0,320.5,157.0,33.95,52.8,311.0,10.8,24.6,31.7,59.5,195.0,73.8,26.1,15.6,25.25,43.4,321.0,419.5,41.9,80.7,67.9,48.05,29.15,365.0,375.0,322.0,49.35,14.5,199.5,39.0,20.0,94.4,24.65,48.1,21.3,126.0,7.25,12.05,19.15,50.3,10.4,22.55,70.1,29.9,327.0,87.7,9.78,47.8,43.7,96.1,85.5,29.75,79.3,241.5,7.34,11.65,96.4,166.5,73.4,26.85,110.0,513.0,286.0,12.6,134.0,67.5,16.95,50.9,10.15,15.5,14.8,,236.0,18.35,28.95,10.6,27.75,9.18,10.85,17.1,18.5,43.3,46.9,9.28,19.5,16.3,24.75,15.4,9.18,13.45,19.6,18.7,233.0,76.4,2045.0,30.8,145.5,58.7,99.8,127.5,27.8,93.3,92.6,12.15,37.25,302.0,17.0,42.35,26.2,69.2,43.1,56.7,,94.9,173.0,41.85,74.5,16.9,11.45,126.0,55.2,80.0,72.1,244.0,195.5,273.0,,,76.9,,,36.65,86.8,201.0,77.9,235.5,53.5,42.5,79.5,54.0
44.75,39.8,53.3,83.0,78.0,69.4,12.75,42.5,74.4,31.85,33.05,320.5,157.0,33.95,52.8,311.5,10.8,24.6,31.65,59.5,195.0,74.0,26.1,15.6,25.25,43.4,321.0,419.0,41.9,80.8,67.9,48.1,29.2,365.5,375.0,322.0,49.4,14.55,199.5,39.0,20.0,94.4,24.65,48.05,21.3,126.0,7.25,12.05,19.15,50.4,10.4,22.55,70.1,29.9,327.5,87.7,9.78,48.0,43.65,96.2,85.5,29.75,79.5,242.0,7.34,11.65,96.5,166.5,73.4,26.85,110.0,513.0,286.0,12.6,134.0,67.5,16.95,50.9,10.15,15.5,14.75,,236.0,18.35,28.95,10.6,27.8,9.18,10.85,17.1,18.4,43.3,46.9,9.28,19.4,16.25,24.75,15.4,9.18,13.45,19.6,18.7,233.0,76.5,2055.0,30.75,146.0,58.8,99.8,127.5,27.75,93.4,92.6,12.15,37.25,302.0,17.0,42.35,26.2,69.2,43.05,56.7,,94.9,173.5,41.85,74.5,16.9,11.45,126.0,55.2,80.3,72.2,244.0,195.0,273.0,,,76.9,,,36.65,86.8,201.5,77.9,234.5,53.5,42.65,79.5,53.9
44.8,39.8,53.3,83.1,78.0,69.5,12.75,42.5,74.4,31.85,33.1,321.0,157.0,34.0,52.8,311.5,10.8,24.6,31.65,59.5,195.0,74.0,26.1,15.6,25.25,43.4,321.0,419.0,41.95,80.8,67.9,48.1,29.2,366.0,375.5,320.0,49.4,14.55,199.5,38.95,19.95,94.4,24.65,48.15,21.25,126.0,7.25,12.05,19.15,50.4,10.4,22.6,70.1,29.9,327.5,87.7,9.78,48.0,43.65,96.1,85.5,29.75,79.6,242.0,7.34,11.65,96.5,166.5,73.5,26.85,110.0,513.0,286.0,12.55,134.0,67.5,16.95,50.9,10.15,15.5,14.75,,236.0,18.35,28.95,10.6,27.75,9.18,10.85,17.1,18.5,43.3,46.95,9.27,19.45,16.3,24.75,15.35,9.18,13.45,19.6,18.7,233.0,76.5,2050.0,30.8,146.0,58.8,99.8,127.5,27.8,93.4,92.8,12.15,37.3,301.5,17.0,42.4,26.2,69.1,43.1,56.7,,94.9,173.5,41.85,74.5,16.9,11.45,126.0,55.2,80.4,72.2,244.0,195.0,273.0,,,76.9,,,36.65,87.0,201.0,77.9,235.5,53.5,42.8,79.5,54.0
44.8,39.85,53.3,83.0,78.0,69.5,12.75,42.5,74.5,31.85,33.15,321.0,157.0,34.0,52.9,311.5,10.8,24.6,31.7,59.5,195.5,74.0,26.0,15.6,25.3,43.4,321.5,419.5,41.95,80.7,67.9,48.1,29.2,367.0,375.5,322.0,49.4,14.55,200.0,39.0,19.95,94.3,24.65,48.15,21.25,126.0,7.25,12.05,19.15,50.4,10.4,22.55,70.2,29.9,327.5,87.7,9.79,48.0,43.65,96.1,85.5,29.75,79.6,242.0,7.34,11.65,96.5,166.5,73.5,26.85,110.0,512.0,286.0,12.6,134.0,67.5,16.95,50.9,10.15,15.55,14.75,,236.0,18.35,28.95,10.6,27.8,9.18,10.85,17.1,18.5,43.3,46.9,9.25,19.5,16.3,24.75,15.4,9.18,13.45,19.6,18.7,233.0,76.4,2055.0,30.8,146.0,58.8,99.9,127.5,27.8,93.3,92.6,12.15,37.4,301.5,17.0,42.4,26.2,69.1,43.1,56.8,,94.8,173.5,41.85,74.5,16.9,11.45,126.0,55.1,80.2,72.2,244.0,195.5,273.0,,,76.9,,,36.65,87.0,201.0,77.9,235.5,53.5,42.8,79.5,54.1
44.85,39.85,53.2,83.0,78.0,69.5,12.8,42.45,74.5,31.85,33.15,321.0,157.0,34.0,52.6,311.5,10.8,24.6,31.7,59.5,195.5,74.0,26.0,15.6,25.3,43.4,321.5,418.0,41.95,80.8,67.9,48.2,29.2,367.0,375.5,322.0,49.45,14.55,200.0,38.95,20.0,94.3,24.65,48.2,21.25,126.0,7.25,12.05,19.15,50.4,10.4,22.6,70.2,29.9,327.5,87.7,9.79,48.0,43.55,96.3,85.5,29.75,79.6,241.5,7.34,11.65,96.5,166.5,73.5,26.85,110.0,513.0,286.0,12.55,134.0,67.6,16.95,50.9,10.15,15.55,14.75,,236.0,18.35,28.95,10.6,27.75,9.18,10.85,17.1,18.5,43.3,46.95,9.27,19.4,16.3,24.8,15.4,9.18,13.45,19.6,18.7,233.0,76.4,2055.0,30.8,146.0,58.8,99.9,127.5,27.8,93.5,92.6,12.15,37.45,301.5,17.0,42.4,26.15,69.2,43.05,56.7,,94.9,173.5,41.85,74.5,16.9,11.45,126.0,55.1,80.3,72.3,244.0,195.5,273.0,,,76.9,,,36.65,87.0,201.5,77.3,235.0,53.5,42.75,79.5,53.9
44.75,39.85,53.3,83.1,78.1,69.5,12.75,42.5,74.5,31.8,33.15,320.5,157.0,34.05,52.7,311.5,10.8,24.6,31.7,59.5,195.5,74.0,26.15,15.6,25.3,43.4,321.0,418.0,41.95,80.8,67.9,48.15,29.2,367.0,375.0,322.0,49.45,14.55,200.0,38.95,20.0,94.3,24.7,48.2,21.25,126.0,7.25,12.05,19.15,50.4,10.4,22.6,70.3,29.9,327.5,87.7,9.78,48.0,43.2,96.3,85.5,29.75,79.6,241.5,7.34,11.65,96.5,166.0,73.6,26.85,110.0,514.0,286.0,12.6,134.0,67.6,16.95,50.9,10.15,15.55,14.8,,236.5,18.35,29.0,10.6,27.8,9.18,10.85,17.1,18.5,43.3,46.95,9.28,19.5,16.3,24.85,15.4,9.18,13.45,19.6,18.7,233.0,76.4,2055.0,30.9,146.0,58.8,99.9,127.0,27.8,93.3,92.6,12.15,37.5,301.5,17.0,42.45,26.2,69.1,43.0,56.7,,95.0,173.5,41.85,74.5,16.9,11.45,125.5,55.1,80.3,72.2,244.0,195.0,274.5,,,76.9,,,36.6,87.0,201.5,77.8,235.0,53.5,42.8,79.5,54.0
44.75,39.85,53.3,83.1,78.2,69.5,12.8,42.5,74.5,31.9,33.2,320.0,157.0,34.0,52.9,311.5,10.8,24.6,31.7,59.5,195.5,74.1,26.15,15.6,25.3,43.4,321.0,419.5,42.0,80.9,68.0,48.15,29.25,368.0,375.5,321.5,49.5,14.5,200.0,38.9,19.95,94.3,24.7,48.2,21.25,126.0,7.24,12.05,19.15,50.4,10.4,22.6,70.3,29.95,327.5,87.7,9.79,48.0,43.4,96.2,85.5,29.75,79.6,241.5,7.34,11.65,96.5,166.0,73.5,26.85,110.0,514.0,286.5,12.6,134.0,67.7,16.95,50.9,10.15,15.55,14.75,,236.5,18.4,28.95,10.6,27.8,9.18,10.85,17.1,18.5,43.3,46.95,9.28,19.5,16.3,24.85,15.4,9.18,13.45,19.6,18.7,233.0,76.5,2055.0,30.9,146.0,58.8,99.9,127.0,27.8,93.3,92.7,12.2,37.5,301.5,17.0,42.4,26.2,69.0,43.0,56.7,,94.8,173.5,41.85,74.5,16.9,11.45,125.5,55.2,80.3,72.4,244.0,195.0,274.5,,,76.9,,,36.65,86.8,201.5,77.8,235.0,53.5,42.75,79.5,54.1
44.75,39.85,53.2,83.2,78.1,69.4,12.75,42.45,74.5,31.9,33.2,319.5,157.0,33.95,52.8,311.5,10.8,24.6,31.65,59.5,195.5,74.0,26.15,15.6,25.3,43.35,321.0,419.5,42.0,80.8,68.0,48.1,29.2,368.5,375.5,320.0,49.45,14.55,200.0,38.95,20.0,94.3,24.7,48.15,21.25,126.0,7.25,12.05,19.15,50.4,10.4,22.65,70.3,29.95,327.5,87.6,9.8,48.0,43.65,96.3,85.6,29.75,79.5,241.5,7.34,11.6,96.5,166.5,73.5,26.85,110.0,514.0,286.5,12.6,134.0,67.7,17.0,50.9,10.15,15.55,14.8,,237.0,18.4,29.0,10.6,27.85,9.18,10.85,17.1,18.5,43.3,46.95,9.27,19.45,16.3,24.85,15.4,9.17,13.45,19.6,18.7,233.5,76.5,2060.0,30.9,146.5,58.8,99.9,126.5,27.8,93.4,92.6,12.2,37.5,301.0,17.0,42.35,26.2,69.2,43.0,56.7,,94.8,174.0,41.85,74.5,16.9,11.45,125.5,55.2,80.2,72.6,243.0,195.5,274.5,,,76.8,,,36.65,86.8,201.5,77.3,236.0,53.5,42.75,79.5,54.1
44.8,39.85,53.3,83.2,78.3,69.5,12.75,42.5,74.4,31.85,33.15,320.0,157.0,33.9,52.8,312.0,10.8,24.6,31.7,59.5,196.0,74.0,26.15,15.6,25.3,43.4,321.0,419.5,42.0,80.8,68.0,48.15,29.2,369.0,375.5,321.5,49.5,14.55,200.0,38.95,19.95,94.4,24.7,48.2,21.25,126.0,7.26,12.1,19.15,50.4,10.4,22.65,70.3,29.95,327.5,87.6,9.8,48.0,43.6,96.4,85.6,29.75,79.6,241.5,7.34,11.65,96.6,166.5,73.5,26.85,110.0,514.0,286.5,12.55,134.0,67.7,16.95,50.9,10.15,15.55,14.8,,236.5,18.4,28.95,10.6,27.8,9.18,10.85,17.1,18.5,43.3,46.95,9.28,19.45,16.3,24.8,15.4,9.17,13.45,19.6,18.75,233.5,76.5,2055.0,30.9,146.0,58.8,99.8,127.0,27.8,93.3,92.5,12.2,37.75,300.5,17.0,42.35,26.2,69.1,43.05,56.6,,94.8,173.5,41.85,74.5,16.85,11.45,125.5,55.1,80.3,72.6,243.0,195.5,274.5,,,76.9,,,36.6,86.8,201.5,77.5,236.0,53.5,42.75,79.5,54.1
44.9,39.85,53.2,83.3,78.3,69.5,12.75,42.5,74.5,31.9,33.2,320.0,157.0,33.85,52.9,312.0,10.8,24.55,31.7,59.5,196.0,74.2,26.15,15.6,25.3,43.4,321.0,419.5,42.0,80.9,68.0,48.2,29.2,369.0,375.0,321.5,49.5,14.55,199.5,38.9,19.95,94.3,24.7,48.2,21.25,126.5,7.26,12.05,19.1,50.3,10.35,22.65,70.4,29.95,327.5,87.7,9.8,48.0,43.65,96.4,85.6,29.7,79.6,242.0,7.34,11.65,96.6,166.5,73.4,26.85,110.0,514.0,286.5,12.6,134.0,67.9,16.95,50.9,10.15,15.5,14.8,,236.5,18.4,28.95,10.6,27.75,9.19,10.85,17.1,18.5,43.3,46.95,9.27,19.45,16.3,24.8,15.4,9.17,13.45,19.6,18.75,233.5,76.5,2060.0,30.9,146.5,58.8,99.9,127.0,27.85,93.4,92.5,12.2,37.8,300.0,17.0,42.35,26.25,68.9,43.0,56.7,,95.0,174.0,41.8,74.5,16.9,11.45,125.5,55.2,80.4,72.6,243.0,195.5,274.5,,,76.9,,,36.65,86.8,201.5,77.6,236.0,53.6,42.75,79.5,54.1
44.9,39.85,53.3,83.3,78.3,69.6,12.7,42.5,74.5,31.9,33.2,320.0,157.0,33.85,52.8,312.0,10.8,24.6,31.7,59.5,196.5,74.1,26.2,15.6,25.3,43.4,321.0,419.5,42.0,80.9,67.9,48.25,29.1,369.0,375.0,321.5,49.5,14.5,200.0,38.95,19.9,94.4,24.7,48.2,21.25,126.5,7.27,12.05,19.15,50.3,10.35,22.65,70.5,29.95,327.5,87.7,9.8,48.0,43.7,96.3,85.5,29.75,79.5,242.5,7.34,11.6,96.5,166.5,73.5,26.9,110.0,513.0,286.5,12.6,134.5,67.9,16.95,50.9,10.15,15.5,14.8,,236.5,18.4,28.95,10.6,27.8,9.19,10.9,17.1,18.5,43.3,46.95,9.28,19.5,16.3,24.8,15.4,9.17,13.5,19.6,18.75,234.0,76.5,2055.0,30.95,146.0,58.8,99.6,127.5,27.85,93.3,92.6,12.2,37.8,300.0,17.05,42.35,26.3,69.2,43.0,56.7,,95.0,174.0,41.9,74.5,16.9,11.45,125.5,55.2,80.4,72.6,243.0,195.5,274.5,,,76.9,,,36.65,86.8,201.5,77.8,236.5,53.6,42.7,79.4,54.1
44.9,39.85,53.3,83.3,78.3,69.6,12.7,42.5,74.4,31.9,33.2,320.0,157.0,33.85,52.8,312.0,10.8,24.65,31.7,59.5,196.5,74.2,26.2,15.6,25.25,43.4,321.5,420.0,42.0,81.0,68.0,48.25,28.95,369.5,375.0,321.5,49.5,14.5,200.0,38.95,19.9,94.4,24.7,48.2,21.3,126.5,7.26,12.05,19.15,50.3,10.4,22.65,70.5,29.95,327.5,87.8,9.8,48.0,43.7,96.4,85.4,29.75,79.7,243.0,7.34,11.65,96.6,166.5,73.4,26.9,110.0,514.0,286.5,12.6,134.0,67.9,16.95,51.0,10.15,15.5,14.8,,236.5,18.4,28.95,10.6,27.8,9.19,10.9,17.15,18.5,43.3,46.95,9.28,19.45,16.3,24.8,15.4,9.17,13.5,19.6,18.75,234.0,76.5,2055.0,30.95,146.5,58.8,99.9,127.5,27.8,93.3,92.8,12.15,37.8,300.0,17.05,42.35,26.3,69.2,43.0,56.7,,94.9,174.0,41.9,74.5,16.9,11.45,125.5,55.1,80.4,72.6,244.0,195.5,274.5,,,76.9,,,36.6,86.9,202.0,77.8,236.5,53.6,42.65,79.3,54.1
44.9,39.9,53.3,83.4,78.3,69.6,12.7,42.5,74.5,31.9,33.25,320.0,157.0,33.8,52.7,312.0,10.8,24.65,31.7,59.5,196.5,74.2,26.15,15.6,25.3,43.4,321.5,420.0,42.05,81.0,68.0,48.35,29.0,369.5,375.5,321.5,49.5,14.5,200.0,38.95,19.9,94.3,24.7,48.2,21.3,126.5,7.26,12.05,19.15,50.3,10.4,22.65,70.5,29.95,327.5,87.9,9.79,48.0,43.7,96.1,85.4,29.75,79.7,243.0,7.34,11.65,96.6,166.5,73.4,26.9,110.0,514.0,286.0,12.6,134.0,67.9,17.0,51.0,10.15,15.5,14.8,,236.5,18.4,29.0,10.65,27.8,9.19,10.9,17.15,18.5,43.3,47.0,9.28,19.5,16.3,24.8,15.4,9.17,13.5,19.6,18.75,234.0,76.5,2055.0,31.0,146.0,58.8,99.9,127.5,27.8,93.3,92.5,12.15,37.85,300.0,17.05,42.35,26.3,69.0,43.0,56.7,,94.9,174.0,41.9,74.5,16.9,11.45,125.5,55.2,80.4,72.5,244.0,195.5,275.0,,,76.9,,,36.65,86.9,202.0,77.7,236.5,53.6,42.6,79.5,54.1
45.0,39.9,53.3,83.5,78.4,69.8,12.75,42.5,74.5,31.9,33.25,320.0,157.0,33.85,52.8,312.0,10.85,24.65,31.7,59.5,196.0,74.3,26.15,15.6,25.3,43.4,321.0,420.0,42.05,80.9,67.7,48.35,29.0,369.5,375.0,322.0,49.45,14.5,200.0,38.9,19.9,94.3,24.7,48.2,21.3,126.0,7.26,12.05,19.15,50.4,10.4,22.65,70.5,29.95,327.5,88.0,9.8,48.0,43.5,96.5,85.4,29.75,79.7,243.5,7.34,11.65,96.6,166.5,73.4,26.9,110.0,514.0,286.0,12.6,134.0,67.9,17.0,51.0,10.15,15.5,14.85,,236.5,18.4,29.0,10.65,27.8,9.19,10.9,17.15,18.5,43.25,47.0,9.28,19.45,16.3,24.75,15.4,9.18,13.5,19.6,18.75,234.0,76.5,2060.0,31.0,146.5,58.8,99.9,127.5,27.8,93.4,92.6,12.2,37.85,300.0,17.05,42.4,26.3,69.1,43.05,56.7,,94.9,174.0,41.9,74.5,16.9,11.45,125.5,55.2,80.3,72.6,244.0,195.0,275.0,,,76.8,,,36.6,86.9,202.0,77.5,237.0,53.6,42.6,79.4,54.1
45.0,39.9,53.3,83.4,78.4,69.8,12.75,42.5,74.5,31.85,33.3,320.0,157.0,33.85,52.7,313.0,10.8,24.65,31.75,59.5,196.5,73.7,26.2,15.6,25.3,43.4,321.0,421.0,42.1,80.9,68.0,48.35,29.0,369.0,375.0,322.5,49.5,14.5,200.0,38.95,19.9,94.3,24.65,48.15,21.3,126.5,7.27,12.05,19.15,50.4,10.4,22.6,70.4,29.95,327.5,88.3,9.8,48.0,43.7,96.4,85.6,29.7,79.8,243.5,7.34,11.65,96.6,166.5,73.4,26.9,110.0,514.0,286.0,12.6,134.0,67.9,16.95,51.0,10.15,15.5,14.85,,236.0,18.4,29.0,10.65,27.8,9.19,10.9,17.15,18.5,43.3,47.0,9.28,19.5,16.3,24.75,15.4,9.18,13.45,19.6,18.75,234.5,76.5,2060.0,31.0,146.5,58.8,99.9,127.5,27.8,93.4,92.6,12.2,37.9,300.0,17.05,42.4,26.3,69.1,43.05,56.7,,94.9,173.5,41.9,74.5,16.9,11.45,125.5,55.2,80.4,72.6,243.0,195.0,277.0,,,76.9,,,36.55,86.9,202.0,77.7,237.0,53.6,42.7,79.5,54.0
45.05,39.7,53.3,83.4,78.3,69.8,12.75,42.5,74.5,31.8,33.35,320.0,156.5,33.9,52.7,312.5,10.85,24.65,31.75,59.5,196.5,74.2,26.2,15.6,25.3,43.4,321.0,419.5,42.1,80.9,67.9,48.3,29.05,369.5,375.0,322.5,49.5,14.5,199.5,38.95,19.95,94.4,24.65,48.2,21.3,126.5,7.27,12.05,19.15,50.4,10.4,22.6,70.4,29.95,327.5,88.3,9.8,48.1,43.7,96.4,85.6,29.8,79.8,244.5,7.34,11.65,96.6,166.5,73.4,26.9,110.0,513.0,286.0,12.6,134.0,67.9,17.0,51.0,10.15,15.5,14.85,,236.5,18.4,28.95,10.65,27.8,9.19,10.9,17.15,18.5,43.25,47.0,9.27,19.5,16.3,24.8,15.4,9.18,13.5,19.6,18.75,234.5,76.5,2060.0,30.85,146.5,58.9,99.9,128.0,27.8,93.4,92.6,12.2,37.9,299.5,17.05,42.4,26.3,69.1,43.05,56.7,,94.9,173.5,41.9,74.5,16.9,11.45,126.0,55.2,80.4,72.5,243.0,195.0,277.0,,,76.9,,,36.55,86.9,202.0,77.7,236.0,53.6,42.7,79.5,54.0
45.05,39.9,53.3,83.4,78.3,69.9,12.75,42.55,74.5,31.9,33.3,320.5,157.0,33.95,52.8,312.5,10.85,24.65,31.75,59.5,196.5,74.2,26.15,15.6,25.3,43.4,321.0,420.0,42.1,80.9,67.9,48.35,29.0,369.5,375.5,322.0,49.5,14.45,199.5,38.95,19.95,94.3,24.65,48.2,21.3,126.0,7.27,12.05,19.15,50.4,10.4,22.65,70.5,29.95,327.5,88.3,9.8,48.1,43.7,96.4,85.5,29.8,79.8,244.5,7.34,11.65,96.6,166.5,73.3,26.9,110.0,514.0,286.0,12.6,134.0,67.9,17.0,51.0,10.15,15.5,14.85,,236.5,18.4,29.0,10.65,27.85,9.19,10.85,17.15,18.5,43.3,47.0,9.27,19.5,16.3,24.75,15.4,9.17,13.5,19.6,18.75,234.5,76.6,2060.0,30.85,146.0,58.9,99.9,128.0,27.8,93.5,92.6,12.2,37.9,299.5,17.05,42.45,26.3,69.2,43.0,56.8,,94.8,173.5,41.9,74.6,16.85,11.45,126.0,55.2,80.4,72.5,243.0,195.0,277.0,,,77.0,,,36.55,86.9,202.0,77.7,236.0,53.7,42.6,79.5,54.1
45.05,39.9,53.2,83.5,78.4,69.9,12.75,42.55,74.4,31.8,33.35,320.0,157.0,33.95,52.9,312.5,10.8,24.65,31.75,59.5,196.0,74.1,26.15,15.6,25.3,43.35,321.0,420.0,42.1,80.9,67.8,48.4,29.05,369.5,375.0,321.5,49.5,14.45,199.5,38.95,19.95,94.3,24.65,48.2,21.25,126.0,7.27,12.05,19.15,50.4,10.4,22.65,70.5,29.9,327.0,88.0,9.8,48.05,43.7,96.4,85.5,29.75,79.8,244.5,7.34,11.65,96.6,166.5,73.4,26.95,110.0,514.0,286.0,12.6,134.0,67.9,17.0,51.0,10.15,15.5,14.85,,236.5,18.35,28.95,10.6,27.8,9.19,10.85,17.15,18.5,43.3,46.95,9.27,19.5,16.3,24.8,15.4,9.17,13.5,19.6,18.7,235.0,76.6,2060.0,30.85,146.5,58.8,99.8,127.0,27.75,93.5,92.6,12.2,37.9,299.5,17.05,42.35,26.3,69.1,42.95,56.8,,94.8,173.5,41.9,74.6,16.8,11.45,126.0,55.2,80.4,72.5,243.0,195.0,278.0,,,76.8,,,36.5,86.9,202.0,77.7,237.5,53.7,42.65,79.4,54.1
45.1,39.9,53.3,83.4,78.3,69.9,12.75,42.55,74.4,31.8,33.35,320.5,157.0,33.9,52.8,312.5,10.85,24.65,31.75,59.5,196.5,73.9,26.15,15.6,25.3,43.4,321.0,419.0,42.1,80.9,68.0,48.4,29.0,369.5,375.0,321.5,49.5,14.5,199.5,38.95,19.9,94.3,24.65,48.2,21.25,126.0,7.27,12.0,19.15,50.3,10.4,22.65,70.4,29.9,327.0,88.1,9.8,48.0,43.7,96.4,85.5,29.8,79.9,244.0,7.34,11.65,96.6,166.5,73.4,26.9,110.0,514.0,286.0,12.55,134.0,67.9,16.95,50.8,10.15,15.5,14.85,,236.0,18.4,28.95,10.6,27.8,9.19,10.85,17.15,18.5,43.3,47.0,9.27,19.5,16.3,24.8,15.4,9.17,13.5,19.6,18.75,235.0,76.6,2060.0,30.7,146.0,58.9,99.8,126.5,27.8,93.5,92.6,12.2,37.9,299.5,17.05,42.4,26.3,69.1,42.95,56.8,,94.8,173.5,41.9,74.6,16.85,11.45,126.0,55.1,80.3,72.3,243.0,195.5,278.0,,,76.8,,,36.55,86.9,202.0,77.7,238.0,53.7,42.6,79.4,54.2
45.0,39.9,53.3,83.5,78.4,69.9,12.7,42.55,74.5,31.85,33.4,320.5,157.0,33.85,52.7,312.5,10.8,24.65,31.7,59.5,197.0,74.2,26.2,15.6,25.3,43.4,321.0,420.0,42.15,80.9,68.0,48.4,29.0,369.5,375.0,322.0,49.5,14.5,199.5,38.95,19.9,94.3,24.65,48.2,21.3,126.0,7.27,12.05,19.15,50.4,10.4,22.6,70.5,29.9,327.0,88.0,9.8,48.0,43.65,96.4,85.5,29.75,79.8,244.0,7.34,11.65,96.6,166.5,73.4,26.9,110.0,514.0,286.0,12.6,134.0,67.8,16.95,50.9,10.15,15.5,14.85,,236.0,18.35,28.95,10.65,27.8,9.19,10.9,17.15,18.55,43.3,47.0,9.26,19.5,16.3,24.8,15.4,9.17,13.45,19.6,18.75,234.5,76.6,2055.0,30.9,146.0,58.9,99.9,126.5,27.75,93.4,92.6,12.2,37.9,299.5,17.05,42.4,26.3,68.7,42.9,56.7,,94.9,173.5,41.9,74.7,16.85,11.45,125.5,55.1,80.5,72.3,243.0,196.0,278.0,,,76.9,,,36.55,86.9,202.0,77.7,236.0,53.7,42.65,79.4,54.0
45.0,39.9,53.2,83.4,78.3,69.9,12.7,42.55,74.5,31.9,33.4,321.0,157.0,33.85,52.8,312.5,10.8,24.65,31.75,59.4,197.0,74.2,26.2,15.6,25.3,43.35,320.0,419.5,42.15,80.8,68.0,48.45,29.0,370.0,375.0,322.0,49.5,14.5,200.0,38.95,19.95,94.3,24.65,48.2,21.25,126.0,7.26,12.05,19.1,50.4,10.4,22.6,70.4,29.9,327.0,88.0,9.79,48.0,43.7,96.2,85.6,29.75,79.8,243.5,7.34,11.65,96.6,166.0,73.3,26.9,109.5,513.0,286.0,12.6,133.5,67.9,17.0,50.9,10.15,15.5,14.8,,236.5,18.35,29.0,10.65,27.8,9.19,10.85,17.2,18.55,43.3,46.95,9.27,19.5,16.25,24.8,15.4,9.17,13.5,19.6,18.75,234.5,76.7,2055.0,30.9,146.0,58.8,99.7,126.5,27.75,93.5,92.6,12.2,37.9,299.5,17.05,42.35,26.25,68.7,42.9,56.7,,94.5,173.0,41.9,74.7,16.85,11.45,126.0,55.1,80.3,72.4,244.5,196.0,278.0,,,76.9,,,36.55,86.9,202.5,77.7,238.0,53.7,42.7,79.5,54.0
45.0,39.9,53.2,82.8,78.3,69.9,12.7,42.5,74.4,31.9,33.4,321.0,157.0,33.85,52.8,312.0,10.85,24.65,31.75,59.5,197.0,74.2,26.25,15.6,25.3,43.4,321.0,419.5,42.15,80.8,68.0,48.4,29.05,369.5,375.0,322.0,49.45,14.5,200.0,38.9,19.95,94.3,24.65,48.15,21.25,126.0,7.27,12.0,19.15,50.4,10.4,22.5,70.3,29.85,327.0,87.8,9.79,48.0,43.7,96.2,85.7,29.75,79.7,243.0,7.34,11.65,96.6,166.0,73.2,26.95,110.0,513.0,285.5,12.6,134.0,67.8,16.95,50.9,10.15,15.5,14.85,,236.5,18.35,28.95,10.65,27.8,9.19,10.85,17.2,18.55,43.3,47.0,9.25,19.5,16.3,24.8,15.4,9.18,13.45,19.6,18.75,235.0,76.6,2055.0,30.9,146.5,58.9,99.7,126.0,27.7,93.4,92.5,12.2,38.0,299.5,17.05,42.35,26.25,68.8,42.95,56.7,,94.5,173.0,41.9,74.7,16.85,11.4,125.5,55.2,80.3,72.2,244.5,196.0,278.0,,,76.9,,,36.55,86.9,202.5,77.6,238.0,53.7,42.65,79.5,54.0
45.1,39.85,53.2,83.4,78.4,69.9,12.7,42.55,74.4,31.85,33.4,321.0,156.5,33.9,52.8,312.0,10.85,24.65,31.75,59.5,197.0,74.2,26.25,15.6,25.3,43.35,321.0,419.5,42.15,80.8,68.0,48.35,29.05,369.5,375.0,322.0,49.4,14.5,199.0,39.0,19.95,94.3,24.65,48.2,21.25,126.5,7.27,12.0,19.15,50.4,10.35,22.55,70.4,29.9,327.5,87.8,9.78,48.0,43.7,96.1,85.7,29.75,79.9,243.0,7.34,11.65,96.7,166.0,73.2,26.9,110.0,511.0,284.5,12.55,134.0,67.9,17.0,50.9,10.15,15.5,14.85,,237.0,18.4,29.0,10.65,27.75,9.19,10.9,17.2,18.5,43.3,46.95,9.26,19.5,16.3,24.8,15.45,9.18,13.5,19.6,18.75,235.0,76.6,2060.0,30.9,146.0,58.9,99.5,126.5,27.7,93.4,92.5,12.2,38.0,299.5,17.05,42.4,26.3,69.0,42.9,56.7,,94.5,173.5,41.9,74.7,16.85,11.4,126.0,55.1,80.2,72.0,244.5,196.0,278.0,,,76.8,,,36.55,87.0,202.5,77.6,236.0,53.7,42.6,79.5,54.1
45.1,39.85,53.2,83.4,78.4,69.9,12.7,42.5,74.3,31.9,33.45,320.5,157.0,33.9,52.5,312.0,10.85,24.65,31.75,59.5,197.0,74.2,26.25,15.6,25.3,43.35,320.0,419.5,42.1,80.9,68.0,48.4,29.05,369.5,375.0,322.0,49.4,14.5,199.0,38.95,19.9,94.3,24.65,48.2,21.25,126.5,7.27,12.05,19.15,50.3,10.4,22.55,70.3,29.9,327.5,87.8,9.78,48.05,43.65,95.9,85.7,29.8,79.9,242.5,7.34,11.6,96.7,166.0,73.3,26.9,110.0,512.0,284.5,12.55,134.0,67.9,17.0,50.9,10.15,15.45,14.85,,236.5,18.4,28.95,10.65,27.75,9.19,10.9,17.2,18.55,43.3,46.95,9.26,19.5,16.3,24.8,15.45,9.18,13.5,19.6,18.75,235.0,76.6,2060.0,30.9,146.5,58.9,99.8,126.5,27.7,93.5,92.8,12.2,38.0,299.0,17.05,42.4,26.25,68.8,42.95,56.7,,94.4,173.5,41.9,74.7,16.9,11.45,125.5,55.1,80.5,72.4,244.5,196.0,278.0,,,76.9,,,36.55,87.0,202.5,77.6,238.0,53.7,42.6,79.5,54.1
45.1,39.9,53.2,83.4,78.3,69.7,12.7,42.5,74.3,31.9,33.4,320.5,157.0,33.85,52.6,310.0,10.8,24.7,31.75,59.5,197.0,74.2,26.25,15.65,25.35,43.4,320.5,420.0,42.15,80.7,67.9,48.4,29.05,369.5,375.0,322.0,49.4,14.5,199.0,39.0,19.9,94.3,24.65,48.2,21.25,126.5,7.27,12.0,19.1,50.3,10.4,22.55,70.2,29.95,327.5,87.8,9.78,48.0,43.6,95.9,85.7,29.75,79.9,243.0,7.34,11.65,96.7,166.0,73.3,26.9,110.0,512.0,284.5,12.6,134.0,67.9,16.95,50.9,10.15,15.5,14.85,,236.5,18.35,28.9,10.6,27.75,9.19,10.8,17.15,18.5,43.3,47.0,9.26,19.45,16.3,24.75,15.45,9.18,13.5,19.55,18.75,235.5,76.6,2060.0,30.9,146.5,58.9,99.8,126.5,27.7,93.4,92.5,12.15,38.0,299.0,17.05,42.4,26.2,68.7,42.9,56.6,,94.4,173.5,41.9,74.5,16.9,11.45,125.5,55.1,80.5,72.5,244.5,195.0,278.0,,,76.7,,,36.5,87.0,202.0,77.6,238.5,53.7,42.55,79.5,54.1
45.1,39.85,53.2,83.2,78.3,69.7,12.7,42.5,74.2,31.9,33.4,320.0,157.0,33.8,52.6,310.0,10.85,24.7,31.75,59.5,197.0,74.1,26.25,15.6,25.35,43.4,320.5,420.0,42.1,80.8,67.9,48.45,29.05,369.5,375.5,322.0,49.4,14.5,199.0,38.95,19.95,94.2,24.6,48.2,21.25,126.5,7.27,12.0,19.15,50.3,10.4,22.55,70.3,29.9,327.5,87.8,9.79,48.0,43.55,95.9,85.6,29.75,79.9,243.0,7.34,11.6,96.7,166.0,73.3,26.9,110.0,512.0,284.5,12.55,133.5,67.9,16.95,50.9,10.15,15.5,14.85,,236.0,18.4,28.85,10.65,27.75,9.19,10.9,17.15,18.5,43.3,47.0,9.26,19.5,16.25,24.8,15.45,9.18,13.5,19.55,18.8,235.5,76.6,2060.0,30.9,146.5,58.9,99.8,127.0,27.7,93.3,92.5,12.2,38.05,299.0,17.05,42.35,26.25,68.7,42.9,56.6,,94.3,173.5,41.9,74.5,16.85,11.45,126.0,55.1,80.5,72.5,244.5,195.0,278.0,,,76.8,,,36.55,86.9,202.5,77.6,236.0,53.7,42.6,79.5,54.1
45.1,39.85,53.2,83.3,78.3,69.7,12.7,42.5,74.3,31.9,33.4,320.5,157.0,33.8,52.8,312.0,10.85,24.65,31.75,59.5,197.5,74.1,26.25,15.6,25.35,43.4,320.5,420.0,42.1,80.8,67.9,48.4,29.05,370.0,375.0,322.0,49.4,14.5,199.0,39.0,19.95,94.3,24.65,48.2,21.25,126.0,7.27,12.0,19.1,50.3,10.4,22.6,70.3,29.85,327.5,87.6,9.79,48.05,43.6,95.9,85.6,29.75,80.0,243.5,7.34,11.6,96.7,166.0,73.2,26.8,110.0,513.0,284.5,12.55,133.5,67.9,17.0,50.9,10.15,15.5,14.85,,236.5,18.4,28.9,10.6,27.75,9.19,10.9,17.2,18.55,43.3,47.0,9.26,19.45,16.25,24.8,15.45,9.18,13.5,19.55,18.8,235.0,76.6,2060.0,30.95,146.5,58.9,99.8,127.5,27.7,93.4,92.7,12.15,38.0,298.5,17.0,42.35,26.15,68.8,42.95,56.7,,94.3,173.5,41.9,74.5,16.9,11.45,126.0,55.1,80.5,72.5,244.5,195.0,278.0,,,76.9,,,36.55,86.9,202.5,77.6,238.5,53.7,42.6,79.5,54.2
45.1,39.85,53.2,83.2,78.2,69.6,12.75,42.5,74.3,31.8,33.4,320.0,157.0,33.9,52.6,311.0,10.85,24.65,31.75,59.5,197.5,74.2,26.3,15.6,25.35,43.4,320.0,420.0,42.15,80.8,67.9,48.35,29.0,370.0,375.0,322.0,49.4,14.5,199.0,39.0,19.9,94.3,24.65,48.15,21.2,126.5,7.25,12.0,19.15,50.2,10.4,22.55,70.3,29.9,327.0,87.4,9.78,48.05,43.55,95.8,85.6,29.75,80.0,243.0,7.34,11.65,96.7,165.5,73.2,26.9,110.0,513.0,284.5,12.55,133.5,67.7,16.95,50.9,10.15,15.45,14.85,,236.0,18.4,28.9,10.65,27.8,9.19,10.9,17.15,18.55,43.25,47.0,9.25,19.5,16.3,24.75,15.45,9.18,13.5,19.6,18.75,235.5,76.7,2055.0,30.9,146.5,58.9,99.8,127.5,27.7,93.4,92.8,12.15,38.0,298.5,17.0,42.4,26.15,68.9,42.9,56.7,,94.3,173.5,41.9,74.5,16.9,11.45,125.5,55.0,80.5,72.5,244.5,195.5,278.0,,,76.9,,,36.55,86.8,202.5,77.6,239.0,53.7,42.55,79.5,54.2
45.1,39.9,53.2,83.0,78.2,69.5,12.75,42.3,74.2,31.85,33.45,319.5,157.0,33.7,52.6,311.0,10.8,24.65,31.75,59.5,197.5,74.1,26.25,15.65,25.35,43.35,319.5,420.0,41.95,80.9,67.9,48.35,29.0,370.0,375.0,322.0,49.4,14.5,199.0,39.0,19.9,94.3,24.65,48.15,21.2,126.5,7.26,12.0,19.15,50.3,10.4,22.55,70.4,29.9,327.0,87.3,9.78,48.0,43.55,95.7,85.6,29.75,79.9,243.0,7.34,11.6,96.7,166.0,73.2,26.9,110.0,513.0,284.5,12.6,133.5,67.8,16.95,50.9,10.15,15.5,14.85,,236.0,18.4,29.0,10.65,27.8,9.19,10.9,17.15,18.55,43.3,46.95,9.25,19.4,16.25,24.8,15.45,9.18,13.5,19.6,18.75,235.5,76.6,2060.0,30.9,146.0,58.9,99.8,127.0,27.7,93.3,92.5,12.15,38.0,298.5,17.0,42.4,26.15,68.9,42.9,56.6,,94.4,173.5,41.95,74.3,16.9,11.4,126.0,55.1,80.5,72.1,244.5,195.5,278.0,,,76.9,,,36.55,87.0,202.0,77.6,239.0,53.8,42.6,79.5,54.2
45.1,39.9,53.1,82.5,78.2,69.6,12.75,42.4,74.3,31.65,33.4,320.0,157.0,33.7,52.7,311.0,10.8,24.7,31.75,59.5,197.5,74.1,26.25,15.6,25.35,43.35,320.0,419.5,42.1,80.9,68.0,48.4,29.0,370.0,375.0,321.0,49.45,14.5,199.0,39.0,19.9,94.2,24.65,48.2,21.2,126.5,7.26,12.0,19.1,50.2,10.4,22.6,70.3,29.95,326.5,87.1,9.78,48.0,43.6,95.7,85.7,29.75,79.9,243.0,7.34,11.6,96.7,166.0,73.2,26.9,110.0,514.0,284.5,12.55,133.5,67.9,16.95,50.9,10.15,15.5,14.85,,236.0,18.4,28.95,10.65,27.8,9.19,10.85,17.15,18.55,43.3,47.0,9.24,19.45,16.25,24.8,15.45,9.18,13.45,19.6,18.75,235.5,76.6,2060.0,30.95,146.5,58.8,99.9,127.5,27.7,93.3,92.7,12.15,38.05,298.5,17.05,42.4,26.2,68.7,42.9,56.6,,94.5,173.5,41.95,74.4,16.9,11.45,125.5,55.2,80.4,72.1,244.5,196.0,278.0,,,76.8,,,36.55,87.0,202.0,77.6,239.0,53.7,42.65,79.5,54.2
45.1,39.95,53.2,82.5,78.3,69.7,12.7,42.4,74.4,31.85,33.45,320.0,156.5,33.7,52.6,311.0,10.85,24.7,31.75,59.5,197.0,74.2,26.25,15.6,25.35,43.4,320.0,419.5,42.1,80.9,68.0,48.4,29.0,370.0,375.0,322.0,49.45,14.5,199.0,39.0,19.9,94.1,24.65,48.2,21.2,126.5,7.26,12.0,19.1,50.2,10.4,22.55,70.4,29.95,327.0,87.2,9.78,48.05,43.6,95.7,85.7,29.75,80.0,243.5,7.34,11.6,96.7,165.5,73.2,26.9,110.0,513.0,284.5,12.55,133.5,67.9,16.95,50.9,10.15,15.5,14.85,,236.0,18.4,28.9,10.65,27.8,9.19,10.9,17.2,18.55,43.3,47.0,9.25,19.5,16.25,24.8,15.5,9.18,13.5,19.6,18.75,235.5,76.6,2060.0,30.9,146.5,58.9,99.8,127.5,27.7,93.5,92.5,12.15,38.0,298.5,17.0,42.4,26.2,68.7,42.85,56.6,,94.7,173.5,41.9,74.4,16.9,11.45,125.5,55.2,80.6,72.3,244.5,195.0,278.0,,,76.9,,,36.55,87.0,202.0,77.6,239.0,53.7,42.65,79.5,54.2
45.05,39.95,53.2,83.0,78.3,69.7,12.65,42.5,74.3,31.85,33.45,320.5,157.0,33.75,52.7,311.0,10.8,24.6,31.75,59.5,196.5,74.2,26.3,15.6,25.35,43.4,320.0,419.5,42.1,80.9,68.0,48.35,29.0,369.0,375.0,322.0,49.45,14.5,199.0,39.0,19.95,94.1,24.65,48.2,21.2,126.5,7.26,12.0,19.15,50.2,10.35,22.55,70.4,29.95,327.0,87.2,9.78,48.1,43.6,95.7,85.5,29.7,80.0,244.0,7.34,11.65,96.8,165.5,73.4,26.9,109.5,513.0,284.5,12.55,133.5,67.9,16.95,50.8,10.15,15.5,14.85,,236.0,18.4,29.0,10.65,27.75,9.19,10.9,17.2,18.55,43.3,47.0,9.25,19.45,16.3,24.8,15.5,9.18,13.5,19.6,18.75,235.5,76.6,2060.0,30.95,146.5,58.9,99.9,127.5,27.7,93.3,92.5,12.2,38.1,298.5,17.05,42.35,26.2,69.0,42.9,56.6,,94.7,173.5,41.9,74.3,16.9,11.45,126.0,54.8,80.5,72.3,244.5,195.0,278.0,,,76.9,,,36.55,87.0,202.0,77.6,239.5,53.7,42.6,79.3,54.2
45.1,39.9,53.2,83.0,78.3,69.7,12.65,42.5,74.3,31.85,33.35,320.5,157.0,33.75,52.6,311.5,10.8,24.65,31.8,59.5,197.0,74.1,26.25,15.6,25.35,43.4,320.0,419.0,42.1,80.8,68.0,48.4,28.95,368.5,375.0,322.0,49.45,14.5,199.0,39.0,19.9,94.1,24.65,48.2,21.2,126.5,7.27,12.0,19.15,50.2,10.4,22.55,70.4,29.95,327.0,87.5,9.78,48.1,43.6,95.8,85.4,29.75,80.0,244.0,7.34,11.65,96.8,165.5,73.3,26.9,110.0,513.0,284.5,12.5,133.5,67.9,16.95,50.9,10.15,15.5,14.85,,236.0,18.4,29.0,10.65,27.75,9.18,10.9,17.2,18.55,43.3,47.0,9.25,19.5,16.25,24.8,15.45,9.18,13.5,19.6,18.75,236.0,76.5,2060.0,30.95,146.5,58.9,99.9,127.0,27.7,93.5,92.5,12.15,38.05,298.5,17.0,42.35,26.2,69.0,42.9,56.7,,94.2,173.5,41.8,74.5,16.9,11.45,126.0,55.0,80.6,72.3,244.5,195.0,278.0,,,76.9,,,36.55,87.0,202.0,77.6,240.0,53.8,42.6,79.5,54.2
45.1,39.95,53.2,83.2,78.2,69.6,12.7,42.5,74.2,31.9,33.3,320.5,157.0,33.75,52.6,311.5,10.85,24.7,31.8,59.5,196.5,74.2,26.3,15.6,25.3,43.4,320.0,418.0,42.1,80.9,68.0,48.35,28.95,369.0,375.0,322.0,49.45,14.5,198.5,38.95,19.9,94.1,24.6,48.2,21.1,126.0,7.26,12.0,19.1,50.1,10.4,22.55,70.5,29.95,327.0,87.2,9.79,48.0,43.6,95.7,85.5,29.7,80.0,244.0,7.34,11.6,96.7,165.5,73.3,26.9,110.0,512.0,284.0,12.55,133.5,67.7,16.95,50.9,10.15,15.45,14.8,,236.0,18.4,29.0,10.65,27.75,9.18,10.85,17.2,18.55,43.3,47.0,9.24,19.5,16.3,24.8,15.45,9.18,13.5,19.6,18.75,236.0,76.5,2060.0,30.9,146.5,58.8,99.9,127.0,27.7,93.5,92.6,12.15,38.1,298.5,17.05,42.35,26.25,69.0,42.85,56.7,,94.2,173.0,41.85,74.4,16.9,11.45,126.0,55.1,80.6,72.3,244.5,195.0,278.0,,,76.9,,,36.5,87.0,202.0,77.6,237.0,53.8,42.6,79.5,54.1
45.0,39.95,53.2,82.5,78.2,69.7,12.65,42.5,74.1,31.85,33.1,320.5,157.0,33.8,52.6,311.5,10.85,24.6,31.8,59.3,196.5,74.2,26.3,15.6,25.35,43.4,320.0,417.0,42.1,80.9,68.0,48.35,28.9,369.5,375.0,322.0,49.45,14.5,199.0,38.95,19.85,94.1,24.6,48.2,21.1,126.5,7.26,12.0,19.1,50.2,10.35,22.55,70.4,29.9,327.0,87.7,9.76,48.1,43.6,95.7,85.5,29.65,79.9,244.0,7.34,11.65,96.6,165.5,73.2,26.9,110.0,513.0,284.0,12.5,133.5,67.9,16.95,50.9,10.15,15.5,14.8,,236.0,18.4,29.0,10.65,27.75,9.18,10.85,17.2,18.5,43.3,47.0,9.26,19.4,16.3,24.8,15.45,9.17,13.45,19.6,18.7,236.0,76.4,2060.0,30.9,146.5,58.7,99.7,127.5,27.65,93.5,92.5,12.15,38.05,298.5,17.0,42.35,26.25,69.0,42.95,56.6,,94.2,173.5,41.85,74.5,16.9,11.4,126.0,54.8,80.6,72.3,244.5,195.0,278.0,,,76.9,,,36.55,87.0,202.0,77.6,239.0,53.8,42.6,79.5,54.2
45.1,39.95,53.2,83.1,78.1,69.7,12.7,42.5,74.0,31.9,33.0,321.0,157.0,33.85,52.6,311.5,10.8,24.7,31.8,59.4,196.5,74.1,26.3,15.6,25.35,43.4,320.0,417.0,42.1,80.9,68.0,48.35,28.95,369.5,375.0,322.0,49.4,14.5,198.5,38.9,19.85,94.1,24.65,48.15,21.15,126.5,7.26,11.95,19.15,50.2,10.4,22.55,70.5,29.95,327.5,87.9,9.78,48.0,43.6,95.8,85.5,29.65,80.0,244.0,7.34,11.65,96.6,165.5,73.2,26.9,110.0,513.0,283.5,12.5,133.5,67.9,16.95,50.9,10.1,15.5,14.85,,236.0,18.35,28.85,10.65,27.75,9.17,10.85,17.25,18.5,43.25,46.95,9.25,19.45,16.3,24.8,15.45,9.17,13.45,19.6,18.75,236.0,76.4,2060.0,30.95,146.5,58.9,99.8,127.0,27.6,93.5,92.5,12.1,38.0,298.5,17.0,42.35,26.25,69.0,42.85,56.5,,94.1,173.0,41.9,74.5,16.9,11.45,125.5,55.1,80.6,72.3,244.5,194.5,278.0,,,76.9,,,36.6,87.0,202.0,77.6,239.5,53.8,42.6,79.5,54.0
45.1,39.95,53.2,83.2,78.1,69.7,12.6,42.5,74.0,31.85,33.0,320.0,156.5,33.65,52.5,311.5,10.8,24.75,31.8,59.4,196.0,74.0,26.25,15.6,25.35,43.35,320.0,417.0,42.1,80.7,68.0,48.4,28.95,369.0,375.0,322.0,49.4,14.5,198.5,39.0,19.85,94.1,24.6,48.15,21.15,126.5,7.26,11.95,19.15,50.1,10.4,22.5,70.4,29.95,327.0,87.8,9.78,48.0,43.6,95.7,85.5,29.65,79.8,244.0,7.34,11.6,96.7,165.5,73.2,26.9,110.0,512.0,283.5,12.55,133.0,67.9,16.95,50.9,10.2,15.5,14.85,,236.0,18.3,28.9,10.65,27.7,9.17,10.85,17.25,18.5,43.25,46.95,9.25,19.45,16.25,24.75,15.4,9.17,13.45,19.6,18.7,236.0,76.2,2055.0,30.75,146.0,58.8,99.8,127.5,27.6,93.4,92.5,12.15,38.05,298.5,17.0,42.3,26.15,69.0,42.9,56.4,,94.1,173.0,41.9,74.4,16.9,11.45,125.5,54.9,80.6,72.3,244.5,195.0,278.0,,,76.9,,,36.6,86.9,202.0,77.6,240.0,53.8,42.7,79.5,54.0
45.1,39.8,53.2,82.5,78.1,69.7,12.65,42.5,74.0,31.85,32.75,320.5,157.0,33.75,52.6,311.5,10.8,24.75,31.8,59.4,197.0,74.1,26.25,15.6,25.3,43.35,319.5,418.0,42.15,80.8,68.0,48.35,28.95,369.0,375.0,322.0,49.4,14.5,198.5,39.0,19.85,94.0,24.65,48.1,21.2,126.0,7.25,12.0,19.1,50.1,10.4,22.5,70.3,29.9,326.5,87.4,9.78,48.1,43.6,95.6,85.4,29.65,79.8,243.5,7.34,11.6,96.7,165.5,73.2,26.9,109.5,511.0,283.5,12.55,133.0,67.8,16.9,50.8,10.2,15.5,14.85,,236.0,18.3,28.85,10.6,27.7,9.17,10.85,17.2,18.4,43.3,46.95,9.25,19.4,16.25,24.75,15.4,9.18,13.4,19.55,18.65,236.0,76.4,2050.0,30.75,146.5,58.9,99.7,127.0,27.65,93.3,92.6,12.15,38.05,298.5,17.0,42.25,26.25,69.0,42.85,56.5,,94.0,173.5,41.9,74.5,16.85,11.45,125.5,54.8,80.5,72.3,244.0,195.0,275.0,,,76.9,,,36.6,86.9,202.0,77.7,240.0,53.8,42.6,79.4,53.9
45.1,39.8,53.2,82.5,78.1,69.7,12.65,42.5,74.0,31.85,32.75,320.5,157.0,33.75,52.6,311.5,10.8,24.75,31.8,59.4,197.0,74.1,26.25,15.6,25.3,43.35,319.5,418.0,42.15,80.8,68.0,48.35,28.95,369.0,375.0,322.0,49.4,14.5,198.5,39.0,19.85,94.0,24.65,48.1,21.2,126.0,7.25,12.0,19.1,50.1,10.4,22.5,70.3,29.9,326.5,87.4,9.78,48.1,43.6,95.6,85.4,29.65,79.8,243.5,7.34,11.6,96.7,165.5,73.2,26.9,109.5,511.0,283.5,12.55,133.0,67.8,16.9,50.8,10.2,15.5,14.85,,236.0,18.3,28.85,10.6,27.7,9.17,10.85,17.2,18.4,43.3,46.95,9.25,19.4,16.25,24.75,15.4,9.18,13.4,19.55,18.65,236.0,76.4,2050.0,30.75,146.5,58.9,99.7,127.0,27.65,93.3,92.6,12.15,38.05,298.5,17.0,42.25,26.25,69.0,42.85,56.5,,94.0,173.5,41.9,74.5,16.85,11.45,125.5,54.8,80.5,72.3,244.0,195.0,275.0,,,76.9,,,36.6,86.9,202.0,77.7,240.0,53.8,42.6,79.4,53.9
45.1,39.8,53.2,82.5,78.1,69.7,12.65,42.5,74.0,31.85,32.75,320.5,157.0,33.75,52.6,311.5,10.8,24.75,31.8,59.4,197.0,74.1,26.25,15.6,25.3,43.35,319.5,418.0,42.15,80.8,68.0,48.35,28.95,369.0,375.0,322.0,49.4,14.5,198.5,39.0,19.85,94.0,24.65,48.1,21.2,126.0,7.25,12.0,19.1,50.1,10.4,22.5,70.3,29.9,326.5,87.4,9.78,48.1,43.6,95.6,85.4,29.65,79.8,243.5,7.34,11.6,96.7,165.5,73.2,26.9,109.5,511.0,283.5,12.55,133.0,67.8,16.9,50.8,10.2,15.5,14.85,,236.0,18.3,28.85,10.6,27.7,9.17,10.85,17.2,18.4,43.3,46.95,9.25,19.4,16.25,24.75,15.4,9.18,13.4,19.55,18.65,236.0,76.4,2050.0,30.75,146.5,58.9,99.7,127.0,27.65,93.3,92.6,12.15,38.05,298.5,17.0,42.25,26.25,69.0,42.85,56.5,,94.0,173.5,41.9,74.5,16.85,11.45,125.5,54.8,80.5,72.3,244.0,195.0,275.0,,,76.9,,,36.6,86.9,202.0,77.7,240.0,53.8,42.6,79.4,53.9
45.1,39.8,53.2,82.5,78.1,69.7,12.65,42.5,74.0,31.85,32.75,320.5,157.0,33.75,52.6,311.5,10.8,24.75,31.8,59.4,197.0,74.1,26.25,15.6,25.3,43.35,319.5,418.0,42.15,80.8,68.0,48.35,28.95,369.0,375.0,322.0,49.4,14.5,198.5,39.0,19.85,94.0,24.65,48.1,21.2,126.0,7.25,12.0,19.1,50.1,10.4,22.5,70.3,29.9,326.5,87.4,9.78,48.1,43.6,95.6,85.4,29.65,79.8,243.5,7.34,11.6,96.7,165.5,73.2,26.9,109.5,511.0,283.5,12.55,133.0,67.8,16.9,50.8,10.2,15.5,14.85,,236.0,18.3,28.85,10.6,27.7,9.17,10.85,17.2,18.4,43.3,46.95,9.25,19.4,16.25,24.75,15.4,9.18,13.4,19.55,18.65,236.0,76.4,2050.0,30.75,146.5,58.9,99.7,127.0,27.65,93.3,92.6,12.15,38.05,298.5,17.0,42.25,26.25,69.0,42.85,56.5,,94.0,173.5,41.9,74.5,16.85,11.45,125.5,54.8,80.5,72.3,244.0,195.0,275.0,,,76.9,,,36.6,86.9,202.0,77.7,240.0,53.8,42.6,79.4,53.9
45.1,39.8,53.2,82.5,78.1,69.7,12.65,42.5,74.0,31.85,32.75,320.5,157.0,33.75,52.6,311.5,10.8,24.75,31.8,59.4,197.0,74.1,26.25,15.6,25.3,43.35,319.5,418.0,42.15,80.8,68.0,48.35,28.95,369.0,375.0,322.0,49.4,14.5,198.5,39.0,19.85,94.0,24.65,48.1,21.2,126.0,7.25,12.0,19.1,50.1,10.4,22.5,70.3,29.9,326.5,87.4,9.78,48.1,43.6,95.6,85.4,29.65,79.8,243.5,7.34,11.6,96.7,165.5,73.2,26.9,109.5,511.0,283.5,12.55,133.0,67.8,16.9,50.8,10.2,15.5,14.85,,236.0,18.3,28.85,10.6,27.7,9.17,10.85,17.2,18.4,43.3,46.95,9.25,19.4,16.25,24.75,15.4,9.18,13.4,19.55,18.65,236.0,76.4,2050.0,30.75,146.5,58.9,99.7,127.0,27.65,93.3,92.6,12.15,38.05,298.5,17.0,42.25,26.25,69.0,42.85,56.5,,94.0,173.5,41.9,74.5,16.85,11.45,125.5,54.8,80.5,72.3,244.0,195.0,275.0,,,76.9,,,36.6,86.9,202.0,77.7,240.0,53.8,42.6,79.4,53.9
45.1,39.8,53.2,82.5,78.1,69.7,12.65,42.5,74.0,31.85,32.75,320.5,157.0,33.75,52.6,311.5,10.8,24.75,31.8,59.4,197.0,74.1,26.25,15.6,25.3,43.35,319.5,418.0,42.15,80.8,68.0,48.35,28.95,369.0,375.0,322.0,49.4,14.5,198.5,39.0,19.85,94.0,24.65,48.1,21.2,126.0,7.25,12.0,19.1,50.1,10.4,22.5,70.3,29.9,326.5,87.4,9.78,48.1,43.6,95.6,85.4,29.65,79.8,243.5,7.34,11.6,96.7,165.5,73.2,26.9,109.5,511.0,283.5,12.55,133.0,67.8,16.9,50.8,10.2,15.5,14.85,,236.0,18.3,28.85,10.6,27.7,9.17,10.85,17.2,18.4,43.3,46.95,9.25,19.4,16.25,24.75,15.4,9.18,13.4,19.55,18.65,236.0,76.4,2050.0,30.75,146.5,58.9,99.7,127.0,27.65,93.3,92.6,12.15,38.05,298.5,17.0,42.25,26.25,69.0,42.85,56.5,,94.0,173.5,41.9,74.5,16.85,11.45,125.5,54.8,80.5,72.3,244.0,195.0,275.0,,,76.9,,,36.6,86.9,202.0,77.7,240.0,53.8,42.6,79.4,53.9
45.1,39.8,53.2,82.5,78.1,69.7,12.65,42.5,74.0,31.85,32.75,320.5,157.0,33.75,52.6,311.5,10.8,24.75,31.8,59.4,197.0,74.1,26.25,15.6,25.3,43.35,319.5,418.0,42.15,80.8,68.0,48.35,28.95,369.0,375.0,322.0,49.4,14.5,198.5,39.0,19.85,94.0,24.65,48.1,21.2,126.0,7.25,12.0,19.1,50.1,10.4,22.5,70.3,29.9,326.5,87.4,9.78,48.1,43.6,95.6,85.4,29.65,79.8,243.5,7.34,11.6,96.7,165.5,73.2,26.9,109.5,511.0,283.5,12.55,133.0,67.8,16.9,50.8,10.2,15.5,14.85,,236.0,18.3,28.85,10.6,27.7,9.17,10.85,17.2,18.4,43.3,46.95,9.25,19.4,16.25,24.75,15.4,9.18,13.4,19.55,18.65,236.0,76.4,2050.0,30.75,146.5,58.9,99.7,127.0,27.65,93.3,92.6,12.15,38.05,298.5,17.0,42.25,26.25,69.0,42.85,56.5,,94.0,173.5,41.9,74.5,16.85,11.45,125.5,54.8,80.5,72.3,244.0,195.0,275.0,,,76.9,,,36.6,86.9,202.0,77.7,240.0,53.8,42.6,79.4,53.9
45.1,39.8,53.2,82.5,78.1,69.7,12.65,42.5,74.0,31.85,32.75,320.5,157.0,33.75,52.6,311.5,10.8,24.75,31.8,59.4,197.0,74.1,26.25,15.6,25.3,43.35,319.5,418.0,42.15,80.8,68.0,48.35,28.95,369.0,375.0,322.0,49.4,14.5,198.5,39.0,19.85,94.0,24.65,48.1,21.2,126.0,7.25,12.0,19.1,50.1,10.4,22.5,70.3,29.9,326.5,87.4,9.78,48.1,43.6,95.6,85.4,29.65,79.8,243.5,7.34,11.6,96.7,165.5,73.2,26.9,109.5,511.0,283.5,12.55,133.0,67.8,16.9,50.8,10.2,15.5,14.85,,236.0,18.3,28.85,10.6,27.7,9.17,10.85,17.2,18.4,43.3,46.95,9.25,19.4,16.25,24.75,15.4,9.18,13.4,19.55,18.65,236.0,76.4,2050.0,30.75,146.5,58.9,99.7,127.0,27.65,93.3,92.6,12.15,38.05,298.5,17.0,42.25,26.25,69.0,42.85,56.5,,94.0,173.5,41.9,74.5,16.85,11.45,125.5,54.8,80.5,72.3,244.0,195.0,275.0,,,76.9,,,36.6,86.9,202.0,77.7,240.0,53.8,42.6,79.4,53.9
45.1,39.8,53.2,82.5,78.1,69.7,12.65,42.5,74.0,31.85,32.75,320.5,157.0,33.75,52.6,311.5,10.8,24.75,31.8,59.4,197.0,74.1,26.25,15.6,25.3,43.35,319.5,418.0,42.15,80.8,68.0,48.35,28.95,369.0,375.0,322.0,49.4,14.5,198.5,39.0,19.85,94.0,24.65,48.1,21.2,126.0,7.25,12.0,19.1,50.1,10.4,22.5,70.3,29.9,326.5,87.4,9.78,48.1,43.6,95.6,85.4,29.65,79.8,243.5,7.34,11.6,96.7,165.5,73.2,26.9,109.5,511.0,283.5,12.55,133.0,67.8,16.9,50.8,10.2,15.5,14.85,,236.0,18.3,28.85,10.6,27.7,9.17,10.85,17.2,18.4,43.3,46.95,9.25,19.4,16.25,24.75,15.4,9.18,13.4,19.55,18.65,236.0,76.4,2050.0,30.75,146.5,58.9,99.7,127.0,27.65,93.3,92.6,12.15,38.05,298.5,17.0,42.25,26.25,69.0,42.85,56.5,,94.0,173.5,41.9,74.5,16.85,11.45,125.5,54.8,80.5,72.3,244.0,195.0,275.0,,,76.9,,,36.6,86.9,202.0,77.7,240.0,53.8,42.6,79.4,53.9
45.1,39.8,53.2,82.5,78.1,69.7,12.65,42.5,74.0,31.85,32.75,320.5,157.0,33.75,52.6,311.5,10.8,24.75,31.8,59.4,197.0,74.1,26.25,15.6,25.3,43.35,319.5,418.0,42.15,80.8,68.0,48.35,28.95,369.0,375.0,322.0,49.4,14.5,198.5,39.0,19.85,94.0,24.65,48.1,21.2,126.0,7.25,12.0,19.1,50.1,10.4,22.5,70.3,29.9,326.5,87.4,9.78,48.1,43.6,95.6,85.4,29.65,79.8,243.5,7.34,11.6,96.7,165.5,73.2,26.9,109.5,511.0,283.5,12.55,133.0,67.8,16.9,50.8,10.2,15.5,14.85,,236.0,18.3,28.85,10.6,27.7,9.17,10.85,17.2,18.4,43.3,46.95,9.25,19.4,16.25,24.75,15.4,9.18,13.4,19.55,18.65,236.0,76.4,2050.0,30.75,146.5,58.9,99.7,127.0,27.65,93.3,92.6,12.15,38.05,298.5,17.0,42.25,26.25,69.0,42.85,56.5,,94.0,173.5,41.9,74.5,16.85,11.45,125.5,54.8,80.5,72.3,244.0,195.0,275.0,,,76.9,,,36.6,86.9,202.0,77.7,240.0,53.8,42.6,79.4,53.9
45.1,39.8,53.2,82.5,78.1,69.7,12.65,42.5,74.0,31.85,32.75,320.5,157.0,33.75,52.6,311.5,10.8,24.75,31.8,59.4,197.0,74.1,26.25,15.6,25.3,43.35,319.5,418.0,42.15,80.8,68.0,48.35,28.95,369.0,375.0,322.0,49.4,14.5,198.5,39.0,19.85,94.0,24.65,48.1,21.2,126.0,7.25,12.0,19.1,50.1,10.4,22.5,70.3,29.9,326.5,87.4,9.78,48.1,43.6,95.6,85.4,29.65,79.8,243.5,7.34,11.6,96.7,165.5,73.2,26.9,109.5,511.0,283.5,12.55,133.0,67.8,16.9,50.8,10.2,15.5,14.85,,236.0,18.3,28.85,10.6,27.7,9.17,10.85,17.2,18.4,43.3,46.95,9.25,19.4,16.25,24.75,15.4,9.18,13.4,19.55,18.65,236.0,76.4,2050.0,30.75,146.5,58.9,99.7,127.0,27.65,93.3,92.6,12.15,38.05,298.5,17.0,42.25,26.25,69.0,42.85,56.5,,94.0,173.5,41.9,74.5,16.85,11.45,125.5,54.8,80.5,72.3,244.0,195.0,275.0,,,76.9,,,36.6,86.9,202.0,77.7,240.0,53.8,42.6,79.4,53.9
45.05,39.95,53.0,82.3,78.0,69.6,12.6,42.3,73.9,31.65,33.0,318.0,156.5,33.8,52.2,309.5,10.8,24.7,31.7,59.4,196.5,74.0,26.15,15.55,25.3,43.4,319.0,417.0,42.2,80.7,67.9,48.4,28.95,367.5,375.0,318.0,49.45,14.5,198.0,39.0,19.85,94.1,24.5,48.2,21.0,125.5,7.22,11.95,19.05,50.2,10.35,22.4,70.3,29.8,326.0,87.0,9.71,48.15,43.6,95.7,85.5,29.7,80.2,243.0,7.32,11.6,96.5,164.5,73.2,26.7,110.0,513.0,283.0,12.4,133.0,67.9,16.85,51.0,10.15,15.5,14.8,,234.5,18.25,28.95,10.55,27.6,9.19,10.9,17.2,18.45,43.3,46.95,9.23,19.4,16.2,24.8,15.45,9.18,13.5,19.55,18.7,236.0,76.4,2050.0,30.7,146.5,58.6,99.6,127.5,27.6,93.3,92.6,12.15,38.05,297.0,16.9,42.4,26.05,68.9,43.0,56.5,,93.9,173.0,42.0,74.5,16.85,11.4,125.0,54.8,80.4,71.9,244.5,194.5,275.0,,,76.5,,,36.6,86.5,202.0,77.5,238.0,53.5,42.6,79.5,54.1
