1101,1102,1216,1227,1301,1303,1314,1319,1326,1402,1434,1476,1477,1504,1536,1590,1605,1704,1717,1722,1723,1789,1802,1909,2002,2015,2049,2059,2103,2105,2106,2201,2204,2207,2227,2231,2301,2303,2308,2311,2313,2317,2324,2325,2327,2330,2337,2344,2345,2347,2352,2353,2354,2356,2357,2360,2371,2376,2377,2379,2382,2383,2385,2395,2408,2409,2412,2439,2448,2449,2451,2454,2474,2492,2498,2542,2603,2606,2610,2615,2618,2633,2723,2801,2809,2812,2823,2834,2845,2867,2880,2881,2882,2883,2884,2885,2886,2887,2888,2890,2891,2892,2912,2915,3008,3019,3034,3044,3045,3189,3231,3406,3443,3481,3532,3673,3682,3702,3706,4904,4915,4938,4943,4958,5264,5522,5871,5880,6116,6176,6239,6269,6285,6409,6414,6415,6452,6456,6505,8454,8464,9904,9910,9914,9917,9921,9933,9938,9941,9945
45.2,41.9,52.1,76.9,75.5,69.9,10.85,37.5,71.2,33.15,31.0,310.5,153.0,37.25,51.7,284.0,10.65,14.9,32.2,60.0,185.0,64.8,25.15,15.1,25.95,42.35,298.5,389.5,41.85,73.2,67.2,46.45,28.0,375.0,312.0,288.0,48.8,13.25,205.5,36.65,18.15,104.0,26.45,43.05,20.6,121.0,7.75,10.35,17.4,45.65,15.65,24.3,72.9,25.9,295.0,82.6,9.65,40.0,43.1,105.0,83.0,35.7,84.5,246.0,7.78,13.9,91.9,158.0,69.3,26.15,103.0,496.0,288.0,11.15,127.0,71.8,17.0,46.45,10.05,15.55,14.6,,243.0,18.3,30.2,10.75,28.9,9.15,10.5,17.9,18.95,46.4,48.9,9.8,19.7,16.15,26.35,16.05,9.75,14.05,21.1,18.05,225.0,74.0,2440.0,42.0,157.5,57.1,94.0,124.0,31.0,92.0,80.9,13.95,36.0,184.0,18.05,38.3,25.25,63.9,47.0,57.7,,91.8,177.0,41.0,79.3,17.5,10.85,122.5,52.0,80.5,77.0,219.0,219.5,267.5,,,73.6,,,33.0,86.0,227.5,82.5,232.0,51.7,39.3,78.9,54.5
45.05,41.75,52.0,76.8,75.5,69.6,10.85,37.3,71.2,33.1,31.0,310.5,153.0,37.25,51.8,284.0,10.6,14.9,32.1,59.8,185.5,64.5,25.15,15.1,25.9,42.35,290.0,389.5,41.85,73.2,67.2,46.45,28.0,371.0,311.0,288.0,49.0,13.25,205.5,36.6,18.15,104.0,26.45,43.0,20.6,120.5,7.75,10.35,17.4,45.6,15.75,24.3,72.6,25.8,295.5,82.6,9.63,40.0,43.2,105.0,82.9,35.8,84.2,243.5,7.78,13.85,91.8,159.0,68.9,26.15,103.0,495.5,289.5,11.15,127.0,71.5,16.95,46.45,10.05,15.55,14.55,,241.5,18.25,30.2,10.7,28.8,9.16,10.5,17.9,18.85,46.35,48.8,9.77,19.65,16.1,26.25,16.0,9.73,13.95,21.05,18.05,223.0,73.9,2435.0,41.8,158.0,57.1,93.8,124.5,31.0,92.0,80.8,13.9,36.0,183.5,18.0,38.15,25.25,63.7,46.85,58.0,,91.6,177.0,41.0,79.1,17.45,10.9,123.0,51.8,80.5,77.0,219.0,219.5,267.5,,,73.6,,,33.0,86.0,226.0,82.3,230.0,51.7,39.2,79.0,54.4
45.0,41.6,51.9,76.6,75.2,69.1,10.85,37.4,71.0,33.05,30.9,310.0,153.0,37.05,51.9,284.0,10.6,14.9,32.1,59.7,185.0,64.5,25.15,15.1,25.8,42.35,293.0,389.5,41.85,73.1,67.3,46.3,28.0,371.5,310.0,287.5,49.3,13.2,205.0,36.55,18.15,104.0,26.45,43.0,20.65,120.5,7.75,10.35,17.4,45.6,15.9,24.05,72.3,25.8,295.0,82.5,9.64,40.0,43.2,104.5,82.7,35.6,84.0,243.5,7.78,13.85,91.7,159.0,68.9,26.15,103.0,496.0,289.5,11.15,126.5,71.5,16.9,46.45,10.05,15.55,14.55,,241.5,18.25,30.2,10.7,28.75,9.16,10.5,17.9,18.8,46.25,48.7,9.75,19.65,16.1,26.2,16.0,9.72,13.95,21.0,18.05,223.0,73.9,2435.0,41.7,158.0,57.5,93.7,124.5,30.95,92.0,80.6,13.85,36.0,183.0,18.0,38.1,25.2,63.5,46.85,58.1,,91.8,178.0,40.95,78.9,17.45,10.85,122.5,51.6,80.6,77.0,218.0,219.5,267.5,,,73.5,,,32.85,85.5,226.0,82.3,230.0,51.7,39.2,79.0,54.3
44.9,41.45,51.6,76.5,75.0,68.9,10.85,37.4,70.8,33.0,30.8,309.5,152.5,36.8,52.0,284.0,10.55,14.9,32.15,59.7,185.0,64.5,25.1,15.1,25.85,42.35,293.0,389.5,41.75,73.1,67.2,46.2,27.9,371.5,308.0,287.0,49.35,13.15,204.5,36.45,18.15,104.0,26.4,42.8,20.65,120.5,7.72,10.3,17.4,45.5,15.8,24.0,72.0,25.65,294.5,82.4,9.63,40.0,43.15,104.0,82.1,35.5,83.7,243.5,7.78,13.8,91.5,158.0,68.7,26.2,103.0,494.5,289.5,11.15,126.5,71.5,16.9,46.15,10.0,15.5,14.5,,241.5,18.25,30.2,10.7,28.7,9.16,10.5,17.9,18.8,46.1,48.6,9.72,19.6,16.1,26.1,16.0,9.7,13.95,20.9,18.0,223.5,73.5,2425.0,41.5,157.5,57.2,93.5,124.0,30.8,92.2,80.6,13.85,36.0,182.0,18.0,38.05,25.3,63.2,46.7,58.1,,91.1,178.5,40.85,78.6,17.4,10.9,122.5,51.6,80.5,76.5,218.0,219.5,267.5,,,73.2,,,32.8,85.5,226.0,82.3,229.5,51.8,39.2,79.0,54.3
44.9,41.35,51.6,76.5,74.9,68.9,10.85,37.4,70.6,33.05,30.65,308.0,152.5,36.6,52.0,284.0,10.55,14.9,31.95,59.7,185.0,64.6,25.1,15.1,25.8,42.3,293.0,386.5,41.7,73.0,67.2,46.1,27.9,371.0,308.0,285.5,49.3,13.15,204.5,36.4,18.1,103.5,26.4,42.8,20.6,120.5,7.73,10.35,17.45,45.5,15.6,24.05,72.0,25.55,294.0,82.6,9.63,39.85,43.15,103.5,82.1,35.5,83.5,242.5,7.78,13.8,91.5,159.0,68.8,26.15,103.0,493.0,289.5,11.1,126.5,71.5,16.85,46.0,10.0,15.55,14.5,,240.5,18.25,30.15,10.7,28.7,9.15,10.5,17.9,18.8,46.15,48.6,9.7,19.65,16.1,26.05,16.05,9.7,13.95,20.9,18.0,223.5,73.5,2425.0,41.0,157.0,57.3,93.5,124.0,30.65,92.0,80.8,13.85,36.0,181.5,18.0,38.05,25.35,63.1,46.7,58.0,,91.1,178.0,40.85,78.5,17.4,10.85,122.5,51.6,80.5,76.5,218.0,219.5,267.5,,,73.1,,,32.8,85.4,226.0,82.1,228.0,51.6,39.15,79.0,54.2
44.85,41.25,51.6,76.5,75.0,69.0,10.85,37.25,70.7,33.0,30.65,306.5,153.0,36.6,51.9,284.0,10.5,14.9,31.95,59.7,185.0,64.5,25.1,15.1,25.8,42.3,295.0,386.5,41.6,73.0,67.2,46.1,27.9,371.5,308.0,283.0,49.3,13.2,204.5,36.45,18.1,103.5,26.4,42.85,20.55,121.0,7.73,10.35,17.45,45.5,15.7,24.15,72.0,25.6,293.0,82.4,9.64,39.8,43.1,104.0,82.2,35.6,83.6,243.5,7.78,13.8,91.5,158.5,68.6,26.15,103.0,493.5,289.5,11.1,126.5,71.5,16.85,46.05,10.0,15.5,14.5,,241.0,18.2,30.15,10.7,28.7,9.15,10.5,17.8,18.8,46.1,48.45,9.7,19.65,16.15,26.1,16.05,9.7,13.95,20.9,18.0,224.0,73.7,2425.0,41.45,157.0,57.3,93.6,124.0,30.65,92.0,80.5,13.85,36.0,182.0,18.0,38.05,25.35,63.2,47.0,58.0,,91.1,178.5,40.85,78.7,17.45,10.85,123.0,51.6,80.9,76.5,218.5,219.5,267.5,,,73.1,,,32.8,85.3,226.0,82.1,228.5,51.8,39.15,79.1,54.1
44.8,41.3,51.7,76.4,75.1,69.1,10.85,37.2,70.7,33.0,30.65,306.5,152.0,36.65,51.8,284.0,10.5,14.9,32.15,59.7,185.0,64.5,25.1,15.1,25.85,42.3,296.5,386.5,41.6,72.9,67.2,46.15,27.95,371.5,308.0,282.0,49.15,13.15,205.0,36.35,18.1,103.5,26.4,42.8,20.5,121.0,7.75,10.3,17.45,45.55,15.75,24.15,72.0,25.65,293.0,82.3,9.64,39.8,43.0,104.5,82.5,35.6,83.7,243.0,7.78,13.8,91.6,159.0,68.5,26.15,103.0,494.0,289.5,11.1,126.5,71.5,16.9,46.05,10.05,15.5,14.5,,241.0,18.2,30.1,10.75,28.7,9.15,10.5,17.8,18.8,46.15,48.45,9.71,19.7,16.05,26.1,16.0,9.71,13.95,20.95,18.05,224.5,73.6,2435.0,41.4,157.0,57.3,93.6,124.0,30.65,91.8,80.5,13.85,36.0,182.5,17.95,38.1,25.3,63.3,46.9,57.9,,91.8,178.5,40.85,78.6,17.45,10.85,123.5,51.6,80.6,76.3,218.5,219.5,267.5,,,73.1,,,32.8,84.5,226.0,82.1,229.0,51.7,39.15,79.1,54.1
44.8,41.4,51.6,76.4,75.0,69.1,10.8,37.25,70.7,33.05,30.65,306.5,152.0,36.7,51.6,287.0,10.5,14.9,32.15,59.7,185.0,64.5,25.1,15.05,25.8,42.3,297.5,386.5,41.55,73.0,67.2,46.1,27.95,372.5,308.0,282.0,49.15,13.15,205.0,36.35,18.1,103.5,26.45,42.75,20.5,120.5,7.75,10.3,17.45,45.55,15.8,24.1,72.2,25.65,293.0,82.3,9.63,39.7,43.0,105.0,82.7,35.5,83.6,246.5,7.78,13.8,91.6,159.0,68.6,26.2,103.0,494.0,289.5,11.1,126.5,71.5,16.85,46.05,10.0,15.5,14.5,,241.0,18.2,30.1,10.75,28.7,9.16,10.5,17.8,18.8,46.15,48.5,9.71,19.7,16.05,26.1,16.0,9.7,13.95,20.95,18.0,224.5,73.7,2430.0,41.4,157.0,57.2,93.6,124.5,30.55,91.8,80.5,13.85,36.0,182.5,17.95,38.05,25.3,63.3,46.7,58.0,,91.8,178.5,40.85,78.6,17.4,10.85,123.5,51.6,80.6,76.3,219.0,219.5,267.5,,,73.0,,,32.8,84.5,226.0,82.0,229.5,51.7,39.15,78.7,54.1
44.65,41.45,51.7,76.3,75.0,69.3,10.8,37.2,70.8,33.05,30.6,307.0,153.0,36.75,51.6,287.0,10.55,14.9,32.2,59.7,185.0,64.6,25.1,15.0,25.8,42.3,298.5,386.0,41.6,72.9,67.2,46.1,27.95,372.5,308.0,282.0,49.05,13.15,205.5,36.5,18.15,103.5,26.35,42.65,20.5,121.0,7.74,10.3,17.45,45.55,15.9,24.05,72.4,25.65,292.5,82.3,9.64,39.7,42.9,105.0,82.7,35.6,83.6,246.5,7.78,13.8,91.6,159.0,68.7,26.15,103.0,494.0,289.5,11.1,127.0,71.5,16.9,46.1,10.05,15.5,14.5,,241.0,18.25,30.1,10.75,28.75,9.16,10.5,17.8,18.85,46.2,48.55,9.73,19.7,16.05,26.2,16.05,9.7,13.95,20.95,18.05,224.5,73.7,2430.0,41.35,157.0,57.1,93.6,124.0,30.55,91.7,80.5,13.85,36.0,182.5,18.0,38.1,25.3,63.2,46.8,58.0,,91.6,179.0,40.85,78.6,17.45,10.85,123.5,51.6,80.6,76.4,219.0,219.5,267.5,,,73.1,,,32.8,84.5,226.5,82.1,230.5,51.7,39.3,78.7,54.1
44.65,41.45,51.6,76.3,74.9,69.3,10.8,37.25,70.8,33.0,30.6,308.5,153.0,36.8,51.6,287.0,10.5,14.9,31.95,59.7,185.0,64.5,25.1,15.0,25.8,42.3,298.5,386.0,41.6,72.9,67.2,46.15,27.95,373.5,307.0,282.0,49.05,13.15,206.0,36.45,18.1,104.0,26.35,42.7,20.55,121.0,7.77,10.35,17.45,45.55,15.8,24.05,72.3,25.65,292.5,82.6,9.64,39.8,42.8,104.5,82.7,35.6,83.7,246.5,7.78,13.8,91.6,159.0,68.9,26.2,103.0,494.5,289.5,11.1,126.5,71.5,16.9,46.1,10.0,15.5,14.5,,240.5,18.2,30.1,10.75,28.75,9.16,10.5,17.8,18.8,46.15,48.6,9.72,19.7,16.05,26.25,16.05,9.71,14.0,20.95,18.05,224.5,73.7,2425.0,41.45,157.0,57.0,93.7,124.0,30.55,91.6,80.5,13.85,36.1,182.0,17.95,38.1,25.3,63.3,46.75,58.0,,91.6,179.0,40.8,78.6,17.4,10.8,123.5,51.7,80.9,76.4,220.5,219.5,267.5,,,73.0,,,32.75,84.6,226.5,82.1,230.5,51.7,39.3,78.7,54.1
44.65,41.55,51.6,76.4,75.0,69.3,10.8,37.25,70.8,33.0,30.6,309.0,153.0,36.9,51.7,287.0,10.55,14.9,31.95,59.7,185.5,64.4,25.05,15.0,25.8,42.3,298.0,386.0,41.6,73.0,67.2,46.15,27.9,374.0,307.0,282.0,49.05,13.15,205.5,36.45,18.1,103.5,26.45,42.8,20.5,121.0,7.75,10.3,17.45,45.55,15.8,24.15,72.5,25.65,293.0,82.6,9.63,39.8,42.4,104.5,82.7,35.6,83.6,246.5,7.78,13.8,91.6,159.0,69.0,26.25,103.0,494.5,289.5,11.1,126.5,71.5,16.9,46.1,10.05,15.5,14.5,,240.0,18.2,30.1,10.75,28.7,9.16,10.5,17.8,18.8,46.15,48.55,9.72,19.7,16.05,26.2,16.05,9.71,13.95,21.0,18.0,224.5,73.7,2430.0,41.45,156.5,57.1,93.6,124.0,30.7,91.6,80.9,13.85,36.1,182.0,17.95,38.15,25.3,63.3,46.85,58.0,,91.4,180.0,40.8,78.6,17.4,10.8,123.5,51.6,80.6,76.4,220.5,219.5,267.5,,,73.1,,,32.8,84.5,227.0,82.1,230.5,51.7,39.3,78.7,54.1
44.65,41.55,51.6,76.3,74.9,69.3,10.8,37.25,70.8,33.0,30.65,309.0,153.0,36.8,51.8,287.0,10.55,14.9,31.95,59.6,185.0,64.4,25.05,15.05,25.8,42.5,297.0,385.5,41.55,72.9,67.2,46.15,27.9,374.0,307.0,283.0,48.95,13.15,205.0,36.45,18.1,103.5,26.4,42.85,20.5,120.5,7.74,10.3,17.45,45.55,15.75,24.25,72.5,25.65,293.0,82.6,9.63,39.9,42.2,104.5,82.6,35.6,83.6,245.5,7.78,13.8,91.6,159.5,68.9,26.25,103.0,495.0,289.5,11.1,127.0,71.4,16.95,46.05,10.0,15.5,14.45,,240.5,18.2,30.1,10.75,28.7,9.16,10.45,17.8,18.8,46.15,48.55,9.72,19.65,16.05,26.2,16.0,9.71,13.95,20.95,18.0,224.5,73.8,2430.0,41.5,156.5,57.1,93.6,123.5,30.75,91.9,80.9,13.8,36.1,182.0,17.95,38.25,25.3,63.3,46.95,58.1,,91.4,181.0,40.85,78.6,17.4,10.8,123.0,51.7,80.9,76.4,220.5,219.5,267.5,,,73.0,,,32.75,84.5,227.0,82.1,229.5,51.7,39.3,78.7,54.1
44.65,41.5,51.6,76.3,75.0,69.2,10.8,37.25,70.9,33.0,30.65,307.5,152.0,36.9,52.1,287.0,10.55,14.9,31.95,59.6,185.0,64.5,25.05,15.05,25.75,42.5,296.0,385.5,41.55,73.0,67.2,46.1,27.9,373.0,307.0,284.0,48.95,13.15,205.5,36.5,18.1,103.5,26.4,43.0,20.5,120.5,7.74,10.3,17.45,45.55,15.75,24.25,72.6,25.65,293.5,82.6,9.63,40.0,42.15,104.5,82.6,35.7,83.7,245.5,7.78,13.8,91.6,159.5,69.0,26.3,103.0,494.0,289.5,11.1,126.5,71.4,16.85,46.05,10.0,15.5,14.45,,240.5,18.2,30.1,10.75,28.75,9.16,10.45,17.8,18.8,46.15,48.5,9.73,19.65,16.05,26.15,16.0,9.71,13.95,20.95,18.0,224.5,73.8,2430.0,41.4,156.5,57.1,93.6,123.0,30.8,91.9,80.9,13.8,36.1,181.5,18.0,38.2,25.3,63.3,46.95,58.1,,91.4,181.5,40.8,78.7,17.4,10.85,123.0,51.6,80.9,76.4,220.5,219.5,267.5,,,73.0,,,32.75,84.5,227.0,82.1,230.0,51.7,39.3,78.7,54.2
44.6,41.5,51.7,76.4,75.0,69.2,10.8,37.25,70.8,33.0,30.65,307.5,152.0,37.0,52.3,287.0,10.55,14.9,32.0,59.6,185.0,64.5,25.05,15.05,25.8,42.3,296.0,385.5,41.5,72.9,67.2,46.15,27.95,374.0,310.0,284.5,48.9,13.2,205.0,36.5,18.1,103.5,26.4,43.1,20.45,121.0,7.75,10.3,17.45,45.55,15.75,24.2,72.6,25.65,293.0,82.7,9.63,40.0,42.2,104.0,82.6,35.8,83.6,245.5,7.78,13.8,91.5,159.0,69.0,26.3,103.0,493.5,289.0,11.1,126.5,71.5,16.85,46.05,10.0,15.5,14.45,,240.5,18.2,30.1,10.75,28.7,9.17,10.45,17.8,18.8,46.15,48.55,9.73,19.65,16.05,26.1,16.0,9.71,13.95,20.95,18.0,224.5,73.8,2430.0,41.35,157.0,57.1,93.6,123.0,30.75,91.9,80.9,13.85,36.1,181.5,18.0,38.2,25.3,63.3,47.0,58.2,,91.6,181.0,40.8,78.7,17.4,10.8,123.0,51.6,80.8,76.4,219.5,219.5,267.5,,,73.0,,,32.75,84.5,227.0,82.1,230.0,51.7,39.3,78.7,54.1
44.6,41.5,51.6,76.3,75.0,69.2,10.8,37.25,70.8,33.0,30.6,308.0,152.0,36.85,52.5,287.0,10.55,14.9,32.15,59.7,185.0,64.5,25.05,15.05,25.8,42.3,296.0,386.0,41.45,72.9,67.2,46.15,27.9,372.5,310.0,284.5,48.95,13.2,205.0,36.5,18.1,103.5,26.4,43.05,20.45,121.0,7.76,10.25,17.45,45.5,15.75,24.2,72.5,25.7,293.5,82.7,9.63,40.0,42.25,104.0,82.5,36.0,83.6,243.5,7.78,13.8,91.5,159.5,69.0,26.3,103.0,493.5,288.0,11.15,126.0,71.4,16.85,46.0,10.0,15.5,14.45,,240.5,18.2,30.05,10.75,28.7,9.15,10.45,17.8,18.8,46.15,48.45,9.72,19.7,16.05,26.15,16.05,9.72,13.95,20.95,18.05,224.5,73.7,2430.0,41.3,157.0,57.2,93.5,123.0,30.8,91.9,80.9,13.85,36.1,182.0,17.95,38.15,25.25,63.3,47.0,58.1,,91.6,180.0,40.8,78.9,17.4,10.85,123.0,51.7,80.8,76.3,220.5,219.5,267.5,,,73.1,,,32.75,84.5,227.0,82.1,230.0,51.7,39.2,78.7,54.2
44.6,41.5,51.6,76.3,75.0,69.3,10.8,37.25,70.8,33.0,30.6,308.0,152.0,36.85,52.5,287.0,10.5,14.9,32.15,59.7,185.0,64.5,25.05,15.05,25.8,42.3,297.0,385.5,41.45,73.0,67.4,46.15,27.95,373.0,310.0,286.5,48.85,13.25,205.0,36.5,18.1,103.5,26.45,43.0,20.4,120.5,7.75,10.25,17.45,45.5,15.75,24.2,72.1,25.8,294.0,82.8,9.63,40.0,42.35,104.0,82.5,36.15,83.6,243.5,7.78,13.8,91.6,159.5,69.1,26.35,103.0,493.5,288.0,11.15,126.0,71.3,16.85,46.0,10.05,15.45,14.45,,240.5,18.15,30.05,10.75,28.75,9.15,10.45,17.8,18.8,46.1,48.45,9.72,19.65,16.1,26.1,16.0,9.71,13.9,20.95,18.0,224.5,73.7,2430.0,41.25,156.5,57.4,93.6,123.0,30.7,91.9,80.9,13.8,36.1,182.0,18.0,38.15,25.25,63.2,46.95,58.1,,91.6,180.5,40.8,79.1,17.4,10.8,123.5,51.8,80.7,76.2,221.0,219.5,267.5,,,73.1,,,32.8,84.6,226.5,82.1,230.0,51.7,39.2,78.7,54.1
44.5,41.5,51.6,76.3,75.0,69.3,10.8,37.15,70.8,33.0,30.6,308.0,152.5,36.8,52.4,287.0,10.5,14.9,32.0,59.7,185.0,64.5,25.05,15.05,25.75,42.25,298.0,385.5,41.45,72.9,67.2,46.1,27.9,373.0,310.0,285.0,48.9,13.2,204.5,36.55,18.05,103.5,26.4,43.0,20.4,121.5,7.75,10.25,17.45,45.5,15.7,24.2,72.2,25.75,294.0,82.9,9.63,40.0,42.5,104.0,82.5,36.0,83.7,245.5,7.78,13.8,91.5,159.0,69.0,26.35,103.0,493.0,287.0,11.15,126.0,71.3,16.85,46.0,10.0,15.45,14.45,,240.5,18.15,30.05,10.75,28.7,9.16,10.45,17.8,18.8,46.15,48.45,9.72,19.65,16.0,26.1,16.0,9.71,13.9,20.95,18.0,224.5,73.8,2425.0,41.2,156.5,57.5,93.5,123.5,30.7,91.9,80.9,13.85,36.1,183.0,17.95,38.1,25.25,63.3,46.85,58.1,,91.3,180.5,40.8,79.5,17.4,10.8,123.0,51.9,80.7,76.2,221.0,219.5,267.5,,,73.0,,,32.75,84.5,226.5,82.1,230.0,51.8,39.2,78.7,54.1
44.5,41.45,51.6,76.3,75.0,69.2,10.8,37.15,70.8,33.05,30.65,308.5,152.5,36.7,52.3,287.0,10.55,14.9,32.0,59.7,184.0,64.5,25.05,15.05,25.75,42.25,298.0,385.5,41.45,73.0,67.2,46.15,27.9,373.0,310.0,285.5,48.95,13.2,205.0,36.55,18.05,104.0,26.4,43.0,20.4,121.5,7.75,10.2,17.45,45.55,15.7,24.15,72.3,25.7,293.5,83.0,9.63,40.0,42.55,104.0,82.6,36.05,83.8,245.5,7.78,13.8,91.6,159.0,69.1,26.4,103.0,493.0,286.5,11.15,126.0,71.3,16.9,46.05,10.0,15.45,14.45,,240.5,18.15,30.05,10.75,28.7,9.15,10.45,17.8,18.8,46.1,48.4,9.72,19.65,16.0,26.1,16.0,9.71,13.95,20.95,18.05,224.5,73.8,2430.0,41.35,157.0,57.5,93.6,123.5,30.6,91.8,80.9,13.85,36.1,183.5,18.0,38.1,25.25,63.2,46.8,58.2,,91.5,180.0,40.75,79.5,17.4,10.8,123.0,51.9,80.7,76.2,221.0,219.5,267.5,,,73.1,,,32.75,84.5,226.5,82.1,230.0,51.8,39.2,78.7,54.1
44.55,41.5,51.5,76.3,75.0,69.3,10.8,37.15,70.8,33.05,30.65,308.5,152.5,36.75,52.1,287.0,10.55,14.9,32.0,59.7,185.0,64.5,25.05,15.05,25.8,42.25,298.0,383.0,41.45,73.0,67.2,46.15,27.9,374.0,310.0,285.5,49.0,13.2,205.0,36.55,18.05,103.5,26.4,42.9,20.5,121.5,7.75,10.15,17.45,45.55,15.75,24.15,72.4,25.8,294.0,83.0,9.63,39.8,42.85,104.0,82.6,36.15,83.9,245.5,7.78,13.75,91.5,159.0,69.0,26.35,103.0,493.0,286.5,11.15,126.5,71.2,16.95,46.05,10.05,15.45,14.45,,240.5,18.2,30.05,10.75,28.7,9.15,10.45,17.8,18.8,46.15,48.4,9.72,19.65,16.0,26.15,16.0,9.71,13.95,20.95,18.05,224.5,73.9,2435.0,41.45,156.5,57.5,93.6,123.5,30.6,91.9,80.9,13.85,36.1,183.5,17.95,38.1,25.25,63.3,46.75,58.7,,91.6,180.0,40.75,79.0,17.4,10.8,123.0,51.9,80.7,76.2,219.0,219.5,267.5,,,73.1,,,32.7,84.5,226.5,82.3,230.0,51.7,39.2,78.7,54.2
44.6,41.5,51.5,76.3,75.0,69.9,10.8,37.15,70.9,33.05,30.65,308.5,152.5,36.75,52.1,287.0,10.55,14.9,32.1,59.7,185.0,64.5,25.05,15.05,25.8,42.25,298.0,383.0,41.45,73.0,67.2,46.15,27.9,374.0,310.0,285.0,49.05,13.2,205.0,36.6,18.05,104.0,26.45,42.9,20.5,121.5,7.75,10.15,17.45,45.55,15.8,24.2,72.5,25.8,294.0,83.0,9.63,39.8,42.9,104.5,82.6,36.2,83.9,246.0,7.78,13.8,91.6,158.5,68.9,26.35,103.0,493.0,286.0,11.15,126.5,71.1,17.0,46.05,10.05,15.5,14.55,,240.5,18.2,30.05,10.75,28.7,9.16,10.45,17.8,18.85,46.1,48.3,9.73,19.7,16.05,26.15,16.05,9.71,13.95,20.95,18.05,224.5,73.9,2435.0,41.5,157.0,57.5,93.6,123.0,30.7,91.9,80.9,13.8,36.1,183.0,18.0,38.05,25.2,63.3,46.65,59.3,,91.6,180.5,40.75,79.1,17.4,10.8,123.0,52.0,80.7,76.2,219.0,218.5,267.5,,,73.1,,,32.75,84.6,226.5,82.3,230.0,51.8,39.2,79.0,54.2
44.6,41.55,51.5,76.3,75.0,69.9,10.8,37.15,70.8,33.05,30.65,308.5,152.5,36.7,52.2,287.0,10.6,15.0,32.1,59.8,185.0,64.5,25.1,15.05,25.8,42.25,298.0,384.5,41.45,73.1,67.2,46.15,27.9,374.0,310.0,285.5,49.05,13.2,205.0,36.65,18.05,104.0,26.4,42.9,20.5,121.5,7.73,10.2,17.4,45.5,15.85,24.25,72.5,25.8,293.5,83.3,9.64,39.8,42.9,104.5,82.6,36.2,83.9,246.0,7.78,13.75,91.6,157.5,68.8,26.35,103.0,493.0,286.5,11.1,126.5,71.1,17.0,46.05,10.05,15.5,14.55,,240.5,18.25,30.05,10.75,28.7,9.16,10.45,17.8,18.85,46.15,48.35,9.73,19.7,16.05,26.1,16.05,9.72,13.95,20.95,18.05,224.5,74.0,2445.0,41.55,157.0,57.5,93.6,123.5,30.7,92.2,80.9,13.85,36.1,182.5,17.95,38.05,25.3,63.3,46.75,59.5,,91.6,180.5,40.75,79.4,17.45,10.85,123.0,52.0,80.7,76.4,220.0,218.5,267.5,,,73.1,,,32.75,84.6,226.5,82.3,230.0,51.8,39.2,79.0,54.2
44.6,41.55,51.5,76.3,75.0,69.7,10.8,37.15,70.8,33.0,30.6,308.5,152.5,36.7,52.3,287.0,10.6,15.0,32.0,59.8,184.5,64.4,25.05,15.05,25.75,42.25,298.0,383.5,41.45,73.0,67.2,46.15,27.9,374.0,310.0,285.5,49.05,13.2,205.0,36.75,18.1,104.0,26.45,42.85,20.6,121.5,7.73,10.25,17.4,45.5,15.85,24.3,72.6,25.85,294.0,83.5,9.64,39.8,42.9,105.0,82.6,36.3,83.9,246.0,7.78,13.8,91.6,157.5,68.7,26.35,103.0,493.5,288.0,11.1,126.5,71.2,16.95,46.05,10.05,15.45,14.45,,243.0,18.2,30.05,10.75,28.75,9.15,10.45,17.8,18.85,46.1,48.35,9.73,19.65,16.05,26.15,16.0,9.71,14.0,20.95,18.0,224.5,74.3,2445.0,41.6,156.5,57.5,93.6,123.5,30.7,92.9,80.9,13.85,36.1,182.5,18.0,38.05,25.3,63.3,46.75,59.6,,91.6,180.0,40.75,79.3,17.4,10.85,123.5,52.2,80.7,76.5,220.0,218.5,267.5,,,73.1,,,32.75,84.8,226.5,82.3,229.5,51.8,39.2,79.1,54.2
44.55,41.55,51.5,76.3,74.9,69.9,10.8,37.15,70.8,33.0,30.65,309.0,152.5,36.8,52.4,287.0,10.6,15.0,32.05,59.7,185.0,64.4,25.05,15.05,25.75,42.25,298.5,384.5,41.45,73.0,67.4,46.15,27.9,373.5,310.0,284.0,49.1,13.25,205.0,36.75,18.1,104.0,26.4,42.85,20.6,121.5,7.74,10.3,17.4,45.55,15.85,24.3,72.6,25.85,293.5,83.9,9.64,39.8,42.9,104.5,82.6,36.4,83.9,246.0,7.78,13.85,91.5,158.0,68.8,26.35,103.0,494.0,288.0,11.1,126.0,71.2,16.9,46.05,10.0,15.45,14.45,,243.0,18.25,30.0,10.7,28.75,9.16,10.45,17.8,18.85,46.15,48.4,9.74,19.65,16.05,26.15,16.0,9.72,14.0,21.0,18.05,224.0,73.9,2445.0,42.0,156.5,57.6,93.6,123.5,30.75,93.1,80.9,13.85,36.1,182.5,18.0,38.1,25.3,63.3,46.85,59.5,,91.6,180.0,40.75,79.4,17.45,10.85,123.5,52.6,80.7,76.5,220.0,218.5,267.5,,,73.2,,,32.75,84.9,226.5,82.2,229.5,51.7,39.2,79.0,54.2
44.6,41.55,51.5,76.3,75.0,69.5,10.8,37.15,70.9,33.0,30.7,308.5,152.5,36.8,52.4,287.0,10.55,15.0,32.05,59.7,184.5,64.5,25.05,15.1,25.75,42.25,299.0,384.5,41.4,73.1,67.4,46.15,27.9,374.0,310.0,284.0,49.1,13.25,205.0,36.75,18.05,104.0,26.4,42.9,20.45,121.5,7.73,10.3,17.45,45.55,15.8,24.35,72.7,25.8,293.5,83.7,9.64,39.85,42.9,104.5,82.6,36.3,83.7,246.0,7.78,13.8,91.5,157.5,68.8,26.4,103.0,494.5,287.0,11.1,126.0,71.3,16.9,46.05,10.05,15.45,14.45,,243.0,18.2,30.0,10.7,28.7,9.17,10.45,17.8,18.85,46.15,48.4,9.74,19.7,16.05,26.15,16.0,9.71,13.95,20.95,18.05,224.5,73.9,2450.0,41.95,157.0,57.7,93.7,123.5,30.7,92.7,80.6,13.9,36.1,182.5,17.95,38.15,25.3,63.4,46.9,59.3,,91.7,180.0,40.8,79.4,17.45,10.9,124.0,52.7,80.7,76.0,220.0,218.5,267.5,,,73.3,,,32.75,85.4,226.5,82.2,230.0,51.7,39.15,79.0,54.2
44.6,41.65,51.5,76.2,75.0,69.4,10.8,37.2,70.8,33.0,30.75,309.0,152.0,36.8,52.4,287.0,10.55,15.0,32.05,59.7,184.5,64.4,25.05,15.05,25.75,42.25,299.0,384.0,41.4,73.1,67.3,46.15,27.9,373.5,310.0,284.5,49.05,13.2,205.0,36.8,18.05,104.0,26.4,42.9,20.55,121.5,7.73,10.3,17.45,45.5,15.85,24.4,72.7,25.7,293.5,83.6,9.63,39.85,42.9,104.5,82.6,36.2,83.7,245.0,7.78,13.8,91.5,157.5,68.8,26.35,103.0,495.0,287.0,11.1,126.5,71.3,16.95,46.05,10.0,15.45,14.45,,243.0,18.15,30.0,10.75,28.7,9.15,10.45,17.8,18.8,46.15,48.4,9.75,19.65,16.05,26.15,16.0,9.71,13.95,20.95,18.05,224.0,74.2,2445.0,41.8,157.0,57.5,93.6,123.5,30.7,92.8,80.6,13.9,36.1,182.5,18.0,38.1,25.3,63.4,46.95,59.0,,91.8,180.0,40.8,79.4,17.45,10.9,123.5,52.6,80.7,76.1,220.0,218.5,267.5,,,73.1,,,32.8,85.4,226.5,82.5,229.5,51.8,39.15,79.2,54.3
44.6,41.65,51.5,76.2,74.9,69.3,10.8,37.25,70.8,33.0,30.75,309.0,152.0,36.8,52.3,287.0,10.55,15.0,32.05,59.7,184.5,64.4,25.1,15.05,25.8,42.25,299.0,383.5,41.4,73.1,67.4,46.15,27.9,373.5,310.0,284.5,49.1,13.2,205.0,36.8,18.05,104.0,26.45,42.95,20.55,121.5,7.73,10.3,17.45,45.5,15.9,24.4,72.7,25.75,293.5,83.6,9.65,39.8,42.55,104.5,82.6,36.25,83.7,245.0,7.78,13.8,91.6,158.0,68.9,26.35,103.0,494.0,287.5,11.15,126.0,71.2,16.9,46.05,10.0,15.5,14.4,,243.0,18.2,30.0,10.75,28.7,9.16,10.45,17.8,18.85,46.15,48.4,9.75,19.7,16.0,26.25,16.0,9.71,14.0,20.95,18.1,224.0,74.2,2445.0,41.6,157.0,57.5,93.6,123.5,30.7,92.9,80.5,13.9,36.1,182.0,17.95,38.15,25.3,63.4,46.95,59.4,,91.8,180.0,40.8,79.4,17.4,10.9,124.0,52.8,80.7,76.1,220.0,218.5,267.5,,,73.1,,,32.8,85.4,226.5,82.5,230.0,51.8,39.15,79.2,54.4
44.6,41.65,51.6,76.2,74.9,69.4,10.8,37.25,70.9,33.05,30.75,309.0,152.0,36.8,52.2,287.0,10.55,15.0,32.05,59.7,184.5,64.4,25.1,15.05,25.8,42.25,298.5,383.5,41.4,73.1,67.4,46.15,27.9,374.0,310.5,284.5,49.15,13.25,204.5,36.8,18.1,103.5,26.45,42.9,20.55,121.5,7.73,10.3,17.45,45.6,15.9,24.4,72.7,25.8,293.5,83.6,9.65,39.85,42.55,104.5,82.6,36.2,83.7,245.0,7.78,13.85,91.5,158.0,68.9,26.35,103.0,494.5,287.5,11.15,126.0,71.3,16.9,46.05,10.0,15.45,14.4,,241.0,18.15,30.0,10.75,28.7,9.15,10.45,17.8,18.85,46.15,48.35,9.76,19.7,16.05,26.2,16.05,9.71,14.0,20.95,18.05,224.0,74.1,2445.0,41.8,156.5,57.6,93.7,123.5,30.75,92.7,80.5,13.9,36.1,182.0,18.0,38.15,25.3,63.5,47.0,59.3,,91.8,180.0,40.8,79.5,17.4,10.85,123.5,52.7,80.7,76.3,220.0,218.5,267.5,,,73.2,,,32.8,85.4,226.5,82.5,230.0,51.7,39.15,79.2,54.4
44.6,41.65,51.6,76.2,74.9,69.5,10.75,37.25,70.8,33.0,30.7,309.0,152.0,36.85,52.2,287.0,10.55,15.0,31.95,59.7,184.5,64.3,25.05,15.05,25.8,42.35,298.0,383.5,41.45,73.0,67.3,46.2,27.9,374.0,310.5,284.5,49.1,13.25,204.5,36.8,18.05,103.5,26.4,42.95,20.55,121.5,7.73,10.3,17.45,45.6,15.9,24.4,72.6,25.75,293.5,83.6,9.64,39.8,42.8,105.0,82.6,36.25,83.7,245.0,7.78,13.85,91.6,158.0,68.9,26.4,103.0,495.0,287.5,11.15,126.5,71.2,16.9,46.0,10.0,15.45,14.4,,241.0,18.2,30.0,10.75,28.7,9.16,10.45,17.8,18.8,46.2,48.4,9.76,19.7,16.1,26.15,16.05,9.72,14.0,21.0,18.05,224.0,74.1,2440.0,41.8,157.0,57.6,93.7,123.5,30.7,92.7,80.5,13.9,36.1,182.0,18.0,38.15,25.3,63.5,47.35,59.4,,91.8,180.0,40.8,79.4,17.4,10.9,123.5,52.6,80.7,76.5,220.5,218.0,267.5,,,73.1,,,32.8,85.2,226.0,82.5,230.0,51.7,39.15,79.2,54.5
44.6,41.7,51.6,76.2,74.9,69.6,10.75,37.25,70.8,33.0,30.65,309.0,152.0,36.8,52.1,287.0,10.55,15.0,31.95,59.8,184.5,64.3,25.05,15.05,25.8,42.35,297.0,383.0,41.4,73.0,67.3,46.25,27.9,374.0,310.5,284.5,49.1,13.2,205.0,36.8,18.05,103.5,26.4,42.95,20.5,121.5,7.73,10.25,17.45,45.55,15.9,24.4,72.5,25.75,294.0,83.6,9.64,39.8,42.8,105.0,82.7,36.25,83.6,245.0,7.78,13.85,91.5,158.0,68.9,26.4,103.0,494.5,287.5,11.15,126.5,71.2,16.95,46.0,10.0,15.5,14.45,,240.5,18.15,30.0,10.75,28.7,9.16,10.45,17.8,18.85,46.15,48.4,9.77,19.7,16.05,26.15,16.05,9.71,13.95,20.95,18.05,224.0,74.1,2435.0,41.6,157.0,57.6,93.8,123.5,30.65,92.5,80.5,13.85,36.1,182.0,17.95,38.15,25.25,63.5,47.4,59.3,,92.1,180.0,40.8,79.3,17.4,10.85,123.5,52.5,80.7,76.6,220.5,218.0,267.5,,,73.1,,,32.8,85.4,226.5,82.5,230.0,51.7,39.15,79.3,54.5
44.65,41.65,51.6,76.2,74.9,69.6,10.75,37.25,70.8,33.0,30.65,309.0,152.0,36.8,52.1,286.5,10.55,15.0,31.95,59.7,184.5,64.3,25.05,15.05,25.8,42.35,296.5,382.5,41.4,73.0,67.3,46.25,27.9,374.0,310.5,284.0,49.1,13.2,205.0,36.85,18.1,104.0,26.4,42.95,20.5,121.5,7.73,10.25,17.45,45.55,15.85,24.4,72.5,25.75,294.0,83.5,9.64,39.8,42.85,104.5,82.9,36.2,83.6,245.5,7.78,13.85,91.6,158.5,68.8,26.4,103.0,494.5,287.5,11.15,126.5,71.3,17.0,46.0,10.0,15.45,14.45,,240.5,18.15,30.0,10.7,28.7,9.15,10.45,17.8,18.85,46.15,48.5,9.77,19.65,16.1,26.15,16.0,9.71,14.0,20.95,18.05,224.0,74.2,2430.0,41.55,157.0,57.6,93.7,123.5,30.6,92.5,80.5,13.85,36.1,182.0,17.95,38.15,25.25,63.4,47.4,59.2,,92.1,180.0,40.8,79.2,17.4,10.85,123.5,52.6,80.7,76.7,220.5,218.0,267.5,,,73.1,,,32.8,85.3,226.5,82.5,230.5,51.7,39.15,79.3,54.6
44.55,41.7,51.7,76.2,74.9,69.8,10.75,37.25,70.8,33.0,30.65,309.0,152.0,36.85,52.1,286.5,10.55,15.2,31.95,59.7,185.0,64.3,25.05,15.05,25.8,42.25,295.0,382.5,41.4,73.0,67.2,46.25,27.85,374.0,312.5,284.0,49.1,13.2,205.0,36.95,18.1,103.5,26.4,42.95,20.5,121.5,7.74,10.2,17.45,45.55,15.8,24.35,72.6,25.75,294.0,83.4,9.63,39.8,42.85,104.5,83.5,36.15,83.6,245.0,7.78,13.85,91.5,158.5,69.1,26.35,103.0,494.0,287.5,11.15,126.5,71.3,16.95,46.0,10.0,15.45,14.45,,240.5,18.15,30.0,10.7,28.7,9.16,10.45,17.8,18.8,46.2,48.5,9.77,19.65,16.05,26.15,16.0,9.71,14.0,20.9,18.05,224.0,74.2,2430.0,41.55,157.0,57.7,93.7,123.5,30.55,92.5,80.5,13.85,36.1,182.5,17.95,38.15,25.3,63.4,47.25,59.2,,92.3,180.5,40.85,79.2,17.45,10.85,124.0,52.5,80.6,76.7,220.5,218.0,267.5,,,73.1,,,32.8,85.3,226.5,82.5,230.0,51.7,39.15,79.4,54.6
44.55,41.7,51.6,76.2,74.8,69.5,10.75,37.25,70.8,33.05,30.6,309.0,152.0,36.9,52.0,286.0,10.6,15.2,31.95,59.7,184.5,64.3,25.05,15.05,25.8,42.25,294.0,382.0,41.4,73.0,67.2,46.2,27.85,374.0,312.5,284.0,49.1,13.2,205.0,37.0,18.1,103.5,26.4,42.95,20.5,121.5,7.74,10.2,17.45,45.6,15.85,24.35,72.5,25.75,294.0,83.4,9.63,39.8,42.9,104.0,83.6,36.05,83.6,245.0,7.78,13.85,91.5,158.5,68.9,26.4,103.0,494.0,287.5,11.15,126.5,71.3,17.0,46.0,10.0,15.5,14.45,,240.5,18.15,29.95,10.7,28.7,9.16,10.45,17.8,18.8,46.1,48.45,9.77,19.7,16.05,26.2,15.95,9.71,13.95,20.9,18.05,224.0,74.2,2420.0,41.55,157.0,57.7,93.7,123.5,30.5,92.6,80.5,13.9,36.1,182.0,18.0,38.15,25.3,63.4,47.25,59.2,,92.5,180.0,40.8,79.5,17.4,10.85,124.0,52.5,80.6,76.7,220.5,218.0,267.5,,,73.1,,,32.75,85.3,226.5,82.5,230.0,51.7,39.2,79.2,54.5
44.55,41.7,51.6,76.2,74.8,69.5,10.7,37.2,70.9,33.0,30.6,309.5,152.0,36.9,52.0,286.0,10.6,15.2,31.95,59.7,185.0,64.3,25.05,15.05,25.8,42.3,294.0,381.0,41.45,73.0,67.3,46.2,27.9,374.0,312.5,283.0,49.05,13.2,205.0,37.1,18.1,104.0,26.4,43.0,20.55,121.5,7.74,10.25,17.4,45.55,15.8,24.35,72.6,25.75,294.0,83.3,9.63,39.75,42.9,104.0,83.6,36.05,83.7,246.0,7.78,13.9,91.5,158.5,69.1,26.35,103.5,494.0,287.5,11.15,126.5,71.3,17.0,46.0,10.05,15.5,14.4,,240.5,18.2,30.0,10.7,28.7,9.15,10.45,17.8,18.8,46.15,48.5,9.77,19.65,16.05,26.15,16.0,9.7,13.95,20.9,18.05,224.0,74.1,2420.0,41.5,157.0,57.7,93.7,123.0,30.55,92.6,80.5,13.9,36.1,182.0,18.0,38.2,25.3,63.4,47.0,59.1,,92.7,179.5,40.8,79.5,17.45,10.85,123.5,52.5,80.5,76.7,220.0,218.0,267.5,,,73.2,,,32.75,85.2,226.0,82.5,230.5,51.8,39.05,79.2,54.6
44.6,41.65,51.6,76.2,74.8,69.5,10.7,37.3,70.9,33.05,30.65,308.5,152.0,36.85,51.9,286.0,10.6,15.2,31.95,59.7,185.0,64.3,25.05,15.05,25.8,42.3,293.0,380.5,41.4,73.0,67.3,46.2,27.9,374.0,312.5,282.5,49.1,13.2,204.5,37.05,18.15,104.0,26.4,43.05,20.55,121.5,7.74,10.25,17.4,45.55,15.8,24.35,72.6,25.75,294.0,83.3,9.62,39.75,42.9,104.0,83.2,36.0,84.0,244.0,7.78,13.85,91.6,158.5,68.8,26.35,103.0,494.0,287.5,11.15,126.5,71.3,16.95,46.05,10.05,15.5,14.4,,240.5,18.2,30.0,10.7,28.7,9.15,10.45,17.8,18.8,46.1,48.5,9.77,19.65,16.05,26.1,16.0,9.7,13.95,20.9,18.1,224.0,74.2,2430.0,41.45,157.0,57.7,93.7,123.0,30.55,92.8,80.5,13.85,36.1,182.0,18.0,38.15,25.3,63.4,46.95,59.0,,92.7,179.5,40.8,79.6,17.45,10.85,123.5,52.5,80.5,76.7,221.0,218.0,267.5,,,73.1,,,32.75,85.2,226.0,82.5,230.5,51.8,39.1,79.2,54.5
44.6,41.65,51.6,76.2,74.8,69.5,10.7,37.3,70.8,33.0,30.6,309.5,152.0,36.9,51.8,286.0,10.6,15.2,31.95,59.7,185.0,64.2,25.1,15.05,25.8,42.3,292.0,380.0,41.4,73.0,67.3,46.2,27.85,374.0,312.5,282.0,49.15,13.25,204.5,37.05,18.15,104.0,26.35,43.05,20.55,122.0,7.74,10.2,17.4,45.5,15.8,24.3,72.6,25.7,294.0,83.3,9.6,39.8,42.9,104.0,83.2,35.9,83.6,243.5,7.78,13.85,91.5,158.5,68.8,26.3,103.0,493.5,287.5,11.15,126.5,71.3,16.9,46.0,10.0,15.45,14.45,,240.5,18.15,30.0,10.7,28.7,9.15,10.45,17.8,18.8,46.1,48.5,9.76,19.65,16.1,26.15,15.95,9.7,13.95,20.95,18.0,224.0,74.1,2430.0,41.55,157.0,57.7,93.8,123.5,30.5,92.7,80.5,13.85,36.1,181.5,18.0,38.15,25.25,63.5,47.1,59.0,,92.8,179.5,40.75,79.7,17.4,10.85,123.5,52.5,80.6,76.6,221.0,218.0,267.5,,,73.1,,,32.75,85.0,225.5,82.5,231.0,51.8,39.1,79.2,54.5
44.55,41.65,51.6,76.2,74.8,69.6,10.65,37.3,70.9,33.05,30.6,309.5,152.5,36.9,51.9,285.5,10.6,15.2,31.9,59.7,185.0,64.2,25.05,15.05,25.8,42.25,292.5,378.5,41.4,73.0,67.3,46.2,27.85,374.0,310.5,282.0,49.15,13.2,204.5,37.0,18.15,104.5,26.4,43.05,20.55,122.0,7.74,10.25,17.4,45.5,15.8,24.3,72.5,25.7,293.5,83.5,9.6,39.8,42.9,104.0,83.2,35.9,83.6,243.5,7.78,13.8,91.5,158.5,68.8,26.35,102.5,494.0,287.5,11.15,126.5,71.5,16.95,46.05,10.0,15.45,14.4,,240.5,18.2,30.0,10.7,28.75,9.14,10.45,17.8,18.85,46.2,48.5,9.76,19.65,16.1,26.15,15.95,9.7,14.0,20.9,18.05,223.5,74.1,2430.0,41.5,157.0,57.6,93.7,123.5,30.5,92.7,80.5,13.85,36.1,181.5,18.0,38.1,25.25,63.5,47.15,59.0,,92.7,179.5,40.75,79.8,17.45,10.85,124.0,52.4,80.6,76.7,221.0,218.0,267.5,,,73.1,,,32.8,85.0,226.0,82.5,231.0,51.8,39.1,79.2,54.5
44.55,41.6,51.6,76.2,74.7,69.5,10.65,37.3,70.9,33.0,30.6,309.5,152.5,36.85,52.0,285.5,10.65,15.2,31.9,59.7,185.0,64.1,25.05,15.05,25.8,42.25,293.5,378.5,41.4,73.0,67.4,46.15,27.9,374.0,310.0,281.5,49.15,13.2,204.5,37.05,18.15,104.5,26.4,43.05,20.55,122.0,7.74,10.2,17.4,45.55,15.8,24.3,72.6,25.75,293.5,83.4,9.6,39.75,42.95,104.0,83.1,36.0,83.6,243.5,7.78,13.8,91.5,158.5,68.9,26.3,102.5,494.0,287.0,11.15,126.5,71.3,16.9,46.05,10.0,15.45,14.4,,240.5,18.2,30.0,10.7,28.7,9.14,10.45,17.8,18.8,46.2,48.5,9.77,19.7,16.05,26.15,16.0,9.71,14.0,20.9,18.0,223.5,74.1,2430.0,41.5,157.0,57.6,93.7,123.5,30.5,92.9,80.5,13.85,36.1,181.5,18.0,38.15,25.25,63.4,47.15,59.1,,92.6,179.5,40.75,79.9,17.45,10.85,123.5,52.3,80.6,76.8,220.5,218.0,270.0,,,73.1,,,32.75,84.8,226.0,82.5,231.0,51.7,39.1,79.2,54.5
44.5,41.6,51.6,76.2,74.8,69.5,10.7,37.35,70.9,33.0,30.6,309.5,152.5,36.85,51.9,285.5,10.65,15.2,31.9,59.7,185.0,64.1,25.1,15.05,25.8,42.25,295.0,378.0,41.45,73.0,67.4,46.15,27.9,374.0,310.0,281.5,49.15,13.2,205.0,37.0,18.15,104.0,26.4,43.05,20.55,121.5,7.73,10.2,17.4,45.5,15.8,24.3,72.6,25.8,294.0,83.3,9.6,39.8,42.9,104.0,83.1,36.0,83.6,243.5,7.78,13.85,91.5,158.0,68.9,26.3,102.5,493.5,287.0,11.15,127.0,71.5,16.9,46.05,10.0,15.45,14.45,,240.5,18.2,29.95,10.7,28.75,9.14,10.45,17.8,18.8,46.25,48.5,9.77,19.65,16.1,26.15,16.0,9.7,13.95,20.95,18.0,223.5,74.1,2430.0,41.5,157.5,57.6,93.7,123.5,30.5,92.9,80.5,13.85,36.1,181.5,18.05,38.2,25.25,63.4,47.15,59.1,,92.6,179.0,40.8,80.0,17.5,10.85,123.5,52.4,80.6,76.8,220.5,218.0,270.0,,,73.1,,,32.85,84.8,225.0,82.5,231.0,51.8,39.1,79.2,54.4
44.5,41.6,51.6,76.1,74.7,69.5,10.65,37.4,70.9,33.0,30.6,309.5,152.5,36.85,51.9,285.5,10.6,15.2,31.9,59.7,185.0,64.1,25.05,15.05,25.8,42.25,296.0,376.0,41.4,73.0,67.5,46.15,27.85,373.5,310.0,281.5,49.1,13.2,204.5,37.0,18.15,104.0,26.35,43.05,20.5,121.5,7.74,10.2,17.4,45.5,15.8,24.3,72.5,25.75,293.5,83.3,9.59,39.75,42.9,104.0,83.0,36.0,83.6,243.5,7.78,13.85,91.5,158.0,68.8,26.3,102.5,493.5,286.5,11.15,126.5,71.5,16.9,46.0,10.0,15.45,14.5,,240.5,18.2,29.95,10.7,28.7,9.13,10.45,17.8,18.8,46.25,48.5,9.76,19.65,16.05,26.15,15.95,9.7,13.95,20.9,18.0,223.5,74.1,2430.0,41.45,157.0,57.6,93.7,123.0,30.5,93.0,80.5,13.8,36.1,181.0,18.0,38.15,25.25,63.4,47.1,59.1,,92.6,179.0,40.75,80.3,17.45,10.85,123.0,52.4,80.6,76.6,220.5,218.0,270.0,,,73.1,,,32.8,84.8,225.0,82.5,231.0,51.7,39.1,79.2,54.4
44.45,41.55,51.6,76.1,74.6,69.4,10.7,37.45,70.8,33.0,30.6,309.5,152.5,36.75,51.9,285.5,10.6,15.2,31.9,59.7,185.0,64.0,25.05,15.05,25.8,42.25,298.0,376.0,41.4,73.0,67.4,46.15,27.85,373.0,310.0,281.5,49.05,13.2,205.0,37.0,18.15,104.0,26.35,43.0,20.5,121.5,7.72,10.25,17.4,45.5,15.85,24.3,72.6,25.75,293.5,83.2,9.6,39.75,42.95,104.5,82.9,36.0,83.6,243.0,7.78,13.85,91.5,159.0,68.8,26.3,102.5,493.5,286.0,11.1,126.5,71.4,16.9,46.0,10.05,15.45,14.45,,241.0,18.2,29.95,10.7,28.7,9.13,10.45,17.8,18.8,46.3,48.45,9.76,19.65,16.05,26.1,15.95,9.7,13.95,20.9,18.05,223.5,74.1,2430.0,41.4,157.0,57.6,93.7,123.0,30.6,92.8,80.5,13.8,36.1,180.5,18.0,38.1,25.25,63.4,47.05,59.0,,92.5,179.0,40.75,80.1,17.4,10.85,123.0,52.4,80.6,76.6,220.5,218.0,270.0,,,73.1,,,32.8,84.5,224.5,82.5,230.5,51.7,39.1,79.3,54.4
44.5,41.5,51.6,76.1,74.6,69.3,10.7,37.45,70.9,33.0,30.6,309.5,152.5,36.65,51.9,285.5,10.6,15.3,31.9,59.8,185.0,64.0,25.05,15.05,25.75,42.25,297.0,376.0,41.4,73.0,67.5,46.15,27.85,372.5,309.5,282.0,49.0,13.2,205.5,37.0,18.15,104.0,26.3,43.05,20.55,121.5,7.72,10.2,17.4,45.5,15.85,24.3,72.5,25.7,293.5,83.3,9.59,39.8,42.9,104.5,82.9,36.05,83.6,244.5,7.78,13.85,91.5,159.0,68.8,26.3,102.5,492.5,286.0,11.1,126.5,71.5,16.9,46.0,10.0,15.5,14.45,,241.0,18.2,29.95,10.7,28.7,9.12,10.45,17.8,18.75,46.35,48.45,9.76,19.65,16.05,26.1,16.0,9.71,13.95,20.9,18.05,223.5,74.0,2435.0,41.35,157.0,57.5,93.8,123.0,30.65,92.8,80.5,13.8,36.0,180.0,18.0,38.15,25.25,63.3,47.05,59.0,,92.6,179.0,40.75,80.0,17.45,10.85,123.0,52.4,80.6,76.6,219.5,217.0,270.0,,,73.0,,,32.8,84.5,224.5,82.5,230.5,51.7,39.05,79.3,54.3
44.5,41.45,51.5,76.1,74.5,69.3,10.75,37.45,70.9,32.95,30.6,309.5,152.5,36.65,51.9,285.5,10.6,15.3,31.9,59.8,185.0,64.0,25.0,15.05,25.75,42.25,295.0,376.0,41.4,73.0,67.5,46.15,27.85,372.5,310.0,282.0,49.0,13.2,205.0,37.0,18.15,104.0,26.3,43.0,20.55,121.5,7.72,10.2,17.4,45.55,15.85,24.3,72.5,25.7,293.5,83.3,9.59,39.8,42.85,104.5,82.9,36.05,83.6,244.5,7.78,13.85,91.5,158.5,68.8,26.3,102.5,492.0,285.5,11.1,126.5,71.5,16.9,46.0,10.0,15.5,14.45,,241.0,18.15,29.95,10.7,28.7,9.12,10.45,17.8,18.75,46.45,48.45,9.76,19.7,16.1,26.1,16.0,9.71,13.95,20.9,18.0,223.0,74.0,2435.0,41.35,157.0,57.5,93.8,123.0,30.65,92.8,80.5,13.8,36.0,180.0,18.0,38.1,25.25,63.3,47.05,59.0,,92.5,178.5,40.7,80.0,17.4,10.85,123.5,52.4,80.6,76.8,219.5,217.0,270.0,,,73.0,,,32.85,84.5,224.5,82.5,230.5,51.6,39.05,79.3,54.3
44.45,41.45,51.5,76.1,74.6,69.3,10.75,37.45,70.8,32.95,30.6,309.5,152.5,36.6,51.8,285.5,10.55,15.3,31.9,59.7,185.0,64.1,25.0,15.05,25.75,42.25,293.5,375.0,41.4,73.0,67.5,46.15,27.85,371.5,310.0,282.0,49.0,13.2,205.0,37.0,18.15,104.0,26.3,43.05,20.5,121.5,7.71,10.2,17.45,45.55,15.85,24.3,72.4,25.7,293.5,83.3,9.59,39.8,42.85,104.5,82.9,36.0,83.5,244.0,7.78,13.85,91.5,158.5,68.9,26.25,103.0,492.0,285.5,11.15,126.5,71.5,16.9,46.0,10.0,15.55,14.5,,241.0,18.2,29.95,10.7,28.65,9.12,10.45,17.85,18.75,46.45,48.45,9.77,19.65,16.05,26.1,15.95,9.71,13.95,20.95,18.0,223.0,74.0,2430.0,41.4,157.0,57.6,93.8,122.5,30.65,92.8,80.7,13.85,36.0,180.0,18.0,38.1,25.25,63.3,47.0,58.9,,92.4,178.5,40.7,80.0,17.4,10.85,123.0,52.3,80.6,76.8,219.5,217.0,270.0,,,73.1,,,32.85,84.5,224.0,82.5,230.5,51.6,39.05,79.3,54.3
44.4,41.5,51.5,76.1,74.6,69.3,10.7,37.45,70.8,33.0,30.65,309.5,152.5,36.65,51.8,285.5,10.55,15.3,31.9,59.7,185.0,64.1,25.0,15.05,25.75,42.2,292.5,375.0,41.35,73.0,67.5,46.15,27.85,371.5,310.0,281.0,49.05,13.2,205.0,36.95,18.1,104.0,26.3,43.0,20.5,121.0,7.71,10.2,17.4,45.55,15.8,24.3,72.5,25.75,293.5,83.3,9.58,39.8,42.8,104.5,83.0,35.95,83.5,243.0,7.78,13.8,91.4,158.5,68.8,26.35,103.0,492.0,285.0,11.15,126.0,71.5,16.9,46.0,10.0,15.5,14.45,,241.0,18.2,29.95,10.7,28.7,9.12,10.45,17.8,18.75,46.45,48.45,9.76,19.65,16.05,26.1,15.95,9.71,13.95,20.9,18.0,223.5,73.9,2430.0,41.4,157.0,57.6,93.7,122.5,30.65,92.8,80.7,13.8,36.0,181.0,18.0,38.1,25.25,63.3,47.0,58.9,,92.4,178.5,40.7,79.8,17.4,10.85,123.5,52.3,80.6,76.6,219.5,217.0,270.0,,,73.1,,,32.8,84.7,224.0,82.5,230.5,51.6,39.05,79.5,54.2
44.4,41.55,51.6,76.1,74.6,69.3,10.7,37.45,70.8,33.0,30.6,309.5,152.5,36.65,51.8,285.0,10.55,15.3,31.95,59.7,185.0,64.0,25.05,15.05,25.8,42.2,293.5,374.0,41.35,73.1,67.5,46.15,27.85,371.5,310.0,282.0,49.0,13.2,205.0,36.95,18.1,104.0,26.3,43.05,20.5,121.0,7.71,10.2,17.4,45.55,15.85,24.3,72.4,25.75,293.5,83.2,9.59,39.8,42.7,104.5,83.0,35.95,83.5,243.0,7.78,13.85,91.4,158.5,68.9,26.35,103.0,492.0,285.0,11.15,126.5,71.5,16.9,46.0,10.0,15.5,14.5,,241.0,18.2,29.95,10.75,28.7,9.13,10.45,17.85,18.75,46.45,48.45,9.76,19.7,16.05,26.1,16.0,9.71,13.95,20.9,18.0,223.0,74.0,2430.0,41.4,156.5,57.4,93.8,122.5,30.65,92.7,80.7,13.8,36.0,181.0,18.0,38.1,25.25,63.4,46.95,58.9,,92.4,178.5,40.7,79.8,17.45,10.85,123.5,52.2,80.6,76.9,219.0,216.0,270.0,,,73.1,,,32.8,84.7,224.0,82.5,230.5,51.6,39.05,79.6,54.3
44.4,41.5,51.5,76.1,74.6,69.4,10.7,37.35,70.8,32.95,30.6,309.5,152.5,36.7,51.8,285.0,10.55,15.3,31.95,59.7,185.0,64.1,25.05,15.05,25.8,42.2,294.5,374.0,41.35,73.1,67.5,46.15,27.85,371.5,310.0,282.0,49.0,13.15,204.5,36.95,18.1,104.0,26.25,43.0,20.5,121.0,7.7,10.2,17.4,45.55,15.85,24.3,72.4,25.7,294.0,83.3,9.58,39.8,42.7,104.5,83.0,35.95,83.5,243.0,7.78,13.85,91.5,158.5,68.9,26.35,103.0,492.0,285.0,11.15,126.5,71.4,16.95,46.0,10.05,15.5,14.5,,241.0,18.2,29.95,10.75,28.7,9.13,10.45,17.85,18.8,46.45,48.45,9.77,19.65,16.05,26.15,15.95,9.7,13.95,20.9,18.0,223.0,74.0,2430.0,41.4,156.5,57.4,93.8,122.5,30.6,92.7,80.7,13.8,36.0,180.5,18.0,38.15,25.25,63.3,46.85,59.0,,92.5,178.5,40.7,79.8,17.4,10.85,123.5,52.3,80.6,76.9,219.0,216.0,270.0,,,73.1,,,32.8,84.7,224.0,82.5,230.5,51.6,39.05,79.5,54.3
44.4,41.5,51.6,76.1,74.7,69.3,10.7,37.35,70.8,33.0,30.6,309.5,152.5,36.7,51.9,285.0,10.55,15.3,31.95,59.7,185.0,64.1,25.05,15.05,25.75,42.1,295.0,373.5,41.4,73.1,67.5,46.15,27.85,371.5,310.0,282.0,49.0,13.15,204.5,36.95,18.1,104.0,26.2,43.0,20.5,121.0,7.7,10.2,17.4,45.5,15.85,24.3,72.4,25.75,294.0,83.3,9.58,39.8,42.65,104.5,83.0,36.0,83.6,243.0,7.78,13.8,91.4,158.5,68.9,26.3,103.0,491.5,285.0,11.15,126.0,71.5,16.95,46.0,10.0,15.5,14.55,,241.0,18.2,30.0,10.75,28.75,9.13,10.45,17.85,18.75,46.4,48.4,9.76,19.7,16.05,26.15,16.0,9.7,13.95,20.9,18.0,223.0,74.0,2430.0,41.4,156.5,57.5,93.8,122.5,30.55,92.7,80.7,13.8,36.0,180.5,18.0,38.05,25.25,63.3,46.9,58.9,,92.4,178.5,40.7,79.8,17.45,10.8,123.0,52.2,80.6,76.9,218.5,216.0,270.0,,,73.0,,,32.8,84.7,223.5,82.5,230.5,51.6,39.05,79.7,54.3
44.45,41.5,51.6,76.1,74.7,69.3,10.7,37.35,70.8,32.95,30.6,310.0,152.5,36.7,51.9,285.0,10.55,15.3,31.9,59.7,184.5,64.1,25.0,15.05,25.75,42.1,295.0,372.0,41.35,73.0,67.4,46.15,27.85,371.5,309.5,281.0,49.0,13.15,204.5,36.95,18.15,104.0,26.15,43.0,20.55,121.0,7.69,10.15,17.4,45.55,15.85,24.4,72.3,25.7,294.0,83.3,9.6,39.8,42.6,104.5,82.9,36.0,83.6,243.0,7.78,13.8,91.5,158.5,68.9,26.35,102.5,492.5,285.5,11.15,126.0,71.5,16.9,46.0,10.0,15.5,14.5,,241.0,18.2,30.0,10.7,28.7,9.11,10.5,17.85,18.8,46.4,48.45,9.76,19.65,16.05,26.15,16.0,9.7,13.95,20.9,18.0,223.5,73.9,2430.0,41.45,156.5,57.5,93.8,122.5,30.6,92.7,80.7,13.8,35.95,180.5,18.0,38.05,25.25,63.3,46.9,58.9,,92.4,179.0,40.7,79.8,17.4,10.85,123.5,52.2,80.5,76.7,218.5,215.0,270.0,,,73.0,,,32.85,84.7,223.5,82.5,230.5,51.6,39.0,79.7,54.2
44.4,41.5,51.6,76.1,74.6,69.3,10.7,37.35,70.8,32.95,30.6,309.5,152.5,36.75,51.9,285.5,10.55,15.3,31.9,59.7,185.0,64.0,25.0,15.05,25.75,42.2,294.0,372.0,41.3,73.0,67.4,46.15,27.85,371.5,309.5,281.0,49.0,13.15,204.5,36.95,18.1,103.5,26.1,43.0,20.5,121.5,7.69,10.2,17.4,45.5,15.85,24.4,72.3,25.75,294.0,83.3,9.61,39.8,42.6,104.5,83.0,35.95,83.7,243.5,7.78,13.85,91.4,158.5,68.9,26.35,102.5,492.5,285.0,11.15,126.0,71.4,16.9,45.95,10.0,15.5,14.45,,241.0,18.2,30.0,10.7,28.7,9.12,10.5,17.85,18.75,46.4,48.45,9.76,19.7,16.05,26.1,15.95,9.71,14.0,20.9,18.0,223.0,73.9,2425.0,41.45,156.0,57.5,93.7,122.5,30.6,92.7,80.7,13.8,35.95,181.0,17.95,38.1,25.3,63.3,46.85,58.8,,92.3,179.0,40.7,79.8,17.4,10.8,123.0,52.3,80.5,77.0,218.5,215.0,270.0,,,73.0,,,32.9,84.8,223.5,82.5,230.0,51.5,39.0,79.8,54.3
44.4,41.5,51.5,76.2,74.6,69.3,10.75,37.35,70.8,32.95,30.6,309.5,152.5,36.75,51.9,285.0,10.55,15.3,31.9,59.8,185.5,64.0,25.0,15.05,25.75,42.2,294.0,370.0,41.3,73.1,67.4,46.15,27.85,371.5,310.5,281.0,48.85,13.15,204.5,37.0,18.1,104.0,26.05,43.0,20.5,121.0,7.68,10.2,17.4,45.5,15.85,24.4,72.3,25.65,294.0,83.3,9.61,39.9,42.55,104.5,82.9,36.0,84.0,243.5,7.78,13.85,91.4,158.5,68.9,26.35,102.5,492.0,285.0,11.15,126.5,71.4,16.9,45.95,10.05,15.5,14.55,,241.0,18.2,30.0,10.7,28.7,9.13,10.5,17.85,18.8,46.35,48.4,9.76,19.65,16.05,26.1,16.0,9.71,13.95,20.9,18.0,223.0,73.9,2425.0,41.4,156.0,57.5,93.7,122.5,30.6,92.7,80.7,13.8,35.95,181.0,18.0,38.1,25.3,63.3,46.85,58.8,,92.2,179.0,40.6,79.7,17.45,10.8,123.5,52.3,80.5,77.3,218.5,215.0,270.0,,,73.0,,,32.9,84.8,223.5,82.5,230.0,51.6,39.0,79.8,54.2
44.4,41.5,51.6,76.1,74.7,69.3,10.75,37.35,70.9,33.0,30.6,309.5,152.5,36.75,52.0,285.0,10.55,15.35,31.9,59.7,185.5,64.1,25.0,15.05,25.75,42.2,293.5,370.0,41.35,73.1,67.4,46.15,27.85,371.5,310.5,281.0,48.8,13.15,204.5,36.95,18.1,104.0,26.05,43.0,20.5,121.0,7.67,10.2,17.4,45.5,15.8,24.4,72.3,25.7,294.0,83.3,9.61,39.95,42.55,104.5,82.9,35.9,84.0,243.5,7.78,13.85,91.5,158.0,68.8,26.3,102.5,492.5,285.0,11.1,126.5,71.4,16.85,45.95,10.0,15.5,14.55,,241.0,18.2,30.0,10.65,28.65,9.12,10.5,17.85,18.75,46.35,48.4,9.76,19.65,16.05,26.15,16.0,9.71,13.95,20.9,18.05,223.0,73.9,2425.0,41.4,156.5,57.4,93.7,123.0,30.6,92.7,80.7,13.8,35.95,181.0,18.0,38.05,25.3,63.4,46.85,58.8,,92.2,179.0,40.6,79.7,17.45,10.8,123.5,52.2,80.5,76.2,218.0,215.0,270.0,,,73.0,,,32.95,84.8,223.5,82.5,230.0,51.6,38.9,79.7,54.3
44.4,41.5,51.5,76.1,74.7,69.3,10.8,37.35,70.9,33.0,30.6,309.5,152.5,36.75,51.9,285.0,10.6,15.35,31.9,59.7,185.5,64.1,25.0,15.05,25.8,42.2,293.5,370.5,41.35,73.0,67.4,46.15,27.85,371.5,310.5,280.0,48.7,13.15,205.0,36.95,18.1,103.5,26.0,43.0,20.55,121.0,7.67,10.2,17.4,45.5,15.85,24.4,72.3,25.7,294.0,83.3,9.6,40.0,42.4,105.0,83.0,36.0,84.0,243.0,7.78,13.85,91.4,158.0,68.9,26.35,102.5,492.5,284.5,11.1,126.5,71.4,16.85,45.95,10.05,15.5,14.55,,241.0,18.25,30.05,10.7,28.65,9.12,10.5,17.85,18.75,46.35,48.4,9.76,19.65,16.05,26.15,16.0,9.71,14.0,20.9,18.05,223.0,74.0,2430.0,41.4,156.5,57.3,93.7,122.5,30.6,92.7,80.7,13.8,35.95,181.0,18.0,38.05,25.3,63.3,46.8,58.8,,92.2,179.0,40.6,79.7,17.45,10.85,123.5,52.3,80.5,76.1,218.0,215.0,270.0,,,73.0,,,32.95,84.8,223.5,82.5,230.0,51.6,38.9,79.7,54.3
44.4,41.5,51.5,76.1,74.7,69.3,10.75,37.35,70.9,33.0,30.6,309.5,152.5,36.75,51.9,285.0,10.55,15.35,31.9,59.7,185.5,64.0,25.0,15.05,25.8,42.2,294.0,371.0,41.35,73.1,67.4,46.15,27.85,371.5,310.5,280.0,48.7,13.15,205.0,36.95,18.1,104.0,26.0,43.0,20.55,121.5,7.67,10.2,17.4,45.5,15.85,24.4,72.3,25.7,294.0,83.3,9.61,40.0,42.35,104.5,82.9,36.0,84.0,243.0,7.78,13.8,91.4,158.5,68.9,26.35,102.5,492.0,284.5,11.1,126.5,71.4,16.85,45.95,10.05,15.5,14.55,,241.0,18.25,30.05,10.7,28.7,9.12,10.5,17.85,18.8,46.3,48.4,9.76,19.7,16.05,26.15,16.0,9.71,14.0,20.9,18.0,223.0,74.0,2430.0,41.4,156.5,57.4,93.7,122.5,30.6,92.7,80.7,13.8,35.95,181.0,17.95,38.05,25.3,63.3,46.8,58.8,,92.2,179.0,40.6,79.6,17.45,10.85,123.5,52.3,80.5,76.3,218.0,215.0,270.0,,,73.0,,,32.95,84.8,223.5,82.5,230.0,51.5,38.85,79.7,54.4
44.45,41.5,51.5,76.1,74.6,69.2,10.75,37.35,70.9,33.0,30.6,309.5,152.5,36.8,52.0,285.0,10.6,15.35,31.9,59.7,185.5,64.1,25.0,15.05,25.8,42.2,294.0,371.5,41.35,73.0,67.4,46.15,27.85,371.5,310.5,280.0,48.65,13.15,205.0,36.95,18.1,104.0,25.9,43.0,20.55,121.0,7.66,10.2,17.4,45.5,15.75,24.45,72.3,25.75,294.0,83.3,9.61,40.0,42.4,104.5,83.0,36.05,84.0,243.0,7.78,13.85,91.5,158.0,68.9,26.35,102.0,492.0,284.5,11.15,126.0,71.5,16.85,45.95,10.0,15.5,14.55,,241.0,18.2,30.05,10.7,28.7,9.12,10.5,17.85,18.8,46.3,48.35,9.76,19.7,16.05,26.15,16.0,9.71,14.0,20.9,18.0,223.0,74.1,2430.0,41.4,156.0,57.4,93.7,122.5,30.55,92.6,80.7,13.8,35.95,180.5,17.95,38.05,25.3,63.3,46.8,58.8,,92.2,179.0,40.6,79.4,17.45,10.9,123.5,52.4,80.5,76.4,218.0,215.0,270.0,,,73.0,,,33.0,84.8,223.0,82.5,230.0,51.5,38.85,79.7,54.4
44.45,41.5,51.6,76.2,74.6,69.2,10.75,37.35,70.9,33.0,30.6,310.0,152.5,36.75,52.0,285.0,10.6,15.35,31.9,59.7,185.5,64.1,25.0,15.05,25.8,42.2,295.0,372.5,41.35,73.0,67.3,46.15,27.85,371.5,310.5,280.0,48.65,13.15,204.5,36.9,18.1,104.0,25.9,43.0,20.55,121.5,7.67,10.2,17.35,45.5,15.75,24.35,72.3,25.75,294.0,83.3,9.61,40.0,42.45,104.5,83.0,36.05,83.7,243.0,7.78,13.8,91.5,158.0,68.9,26.35,102.0,492.0,284.0,11.1,126.0,71.4,16.85,45.95,10.05,15.5,14.55,,240.5,18.2,30.05,10.7,28.7,9.12,10.5,17.85,18.8,46.3,48.4,9.76,19.7,16.1,26.15,16.0,9.71,13.95,20.95,18.05,223.0,74.1,2430.0,41.35,156.5,57.4,93.7,122.5,30.6,92.7,80.5,13.8,35.95,181.0,18.0,38.05,25.3,63.3,46.8,58.9,,92.3,179.0,40.6,79.4,17.45,10.85,123.5,52.4,80.4,76.4,218.0,215.0,270.0,,,73.0,,,33.05,84.8,223.5,82.5,230.5,51.5,38.85,79.7,54.5
44.5,41.5,51.6,76.3,74.7,69.2,10.75,37.35,70.9,33.0,30.6,310.0,152.5,36.75,52.0,285.0,10.6,15.35,31.9,59.8,185.5,64.1,25.0,15.05,25.8,42.2,295.0,373.5,41.4,73.1,67.3,46.15,27.85,371.5,310.5,280.5,48.65,13.2,205.0,36.9,18.1,104.0,25.95,43.0,20.55,121.0,7.68,10.2,17.35,45.5,15.75,24.3,72.3,25.75,294.0,83.4,9.61,40.0,42.45,104.5,83.0,36.05,83.7,243.0,7.78,13.85,91.5,158.0,68.9,26.35,102.0,492.5,283.5,11.1,126.0,71.4,16.85,45.95,10.05,15.5,14.55,,240.5,18.2,30.05,10.7,28.65,9.12,10.5,17.85,18.8,46.3,48.4,9.76,19.7,16.1,26.15,16.0,9.71,14.0,20.9,18.0,223.0,74.1,2430.0,41.3,156.5,57.2,93.7,122.5,30.55,92.7,80.5,13.8,35.95,181.0,17.95,38.05,25.3,63.4,46.75,58.9,,92.2,179.0,40.6,79.4,17.45,10.85,123.5,52.4,80.3,76.4,217.5,215.0,270.0,,,73.0,,,33.1,85.0,224.0,82.5,230.5,51.6,38.85,79.7,54.5
44.55,41.5,51.5,76.3,74.7,69.2,10.8,37.35,70.9,33.0,30.65,310.0,152.5,36.75,52.0,285.0,10.55,15.35,31.9,59.8,185.5,64.1,25.05,15.05,25.8,42.2,295.0,374.0,41.4,73.1,67.3,46.2,27.9,372.5,310.5,280.5,48.7,13.15,205.0,36.9,18.1,104.0,26.0,43.0,20.5,121.0,7.68,10.2,17.35,45.5,15.8,24.3,72.3,25.75,294.5,83.3,9.61,40.0,42.45,104.0,83.0,36.0,83.7,243.0,7.78,13.85,91.5,158.0,68.9,26.25,102.0,492.0,284.0,11.1,126.0,71.5,16.85,45.95,10.0,15.5,14.55,,240.5,18.25,30.05,10.75,28.7,9.13,10.5,17.85,18.8,46.3,48.45,9.76,19.7,16.1,26.15,15.95,9.7,13.95,20.95,18.0,223.0,74.1,2430.0,41.3,156.5,57.2,93.6,122.5,30.55,92.7,80.5,13.8,35.95,181.5,18.0,38.1,25.3,63.4,46.75,58.9,,92.3,179.0,40.6,79.5,17.45,10.85,123.5,52.4,80.5,76.4,217.5,215.0,270.0,,,73.0,,,33.05,85.0,224.0,82.5,230.5,51.6,38.85,79.7,54.5
44.55,41.5,51.4,76.3,74.6,69.2,10.75,37.35,70.9,33.0,30.65,310.0,152.5,36.75,51.9,285.0,10.55,15.35,31.9,59.8,185.5,64.1,25.05,15.05,25.8,42.2,295.0,374.0,41.4,73.1,67.3,46.2,27.9,372.5,310.0,281.0,48.65,13.15,205.0,36.9,18.1,104.0,26.05,43.0,20.5,121.0,7.68,10.15,17.35,45.55,15.8,24.3,72.3,25.8,294.5,83.3,9.61,40.05,42.45,104.0,83.0,36.0,83.7,243.0,7.78,13.85,91.5,158.0,68.8,26.3,102.0,492.5,284.0,11.1,126.0,71.4,16.85,45.95,10.0,15.5,14.5,,240.5,18.25,30.05,10.75,28.65,9.13,10.5,17.85,18.75,46.3,48.4,9.75,19.7,16.1,26.15,15.95,9.71,13.95,20.9,18.0,223.0,74.1,2430.0,41.3,156.5,57.3,93.6,122.5,30.55,92.7,80.5,13.85,35.95,181.0,18.0,38.1,25.3,63.3,46.75,58.9,,92.4,179.0,40.65,79.6,17.45,10.8,123.5,52.4,80.5,76.4,217.5,215.0,270.0,,,73.0,,,33.05,85.0,224.5,82.5,230.5,51.6,38.85,79.7,54.4
44.55,41.5,51.5,76.5,74.7,69.3,10.75,37.3,71.0,33.0,30.6,310.0,152.5,36.75,52.0,285.0,10.55,15.35,31.9,59.8,185.5,64.1,25.1,15.05,25.85,42.2,295.0,374.5,41.4,73.1,67.3,46.15,27.85,372.5,310.0,281.0,48.65,13.15,204.5,36.9,18.1,104.0,26.1,43.0,20.5,121.0,7.68,10.15,17.35,45.55,15.75,24.3,72.3,25.8,294.5,83.3,9.61,40.05,42.45,104.0,83.0,36.0,83.7,243.0,7.78,13.8,91.5,158.0,68.9,26.3,102.0,492.5,284.0,11.1,126.5,71.4,16.9,45.95,10.0,15.5,14.5,,240.5,18.25,30.05,10.75,28.7,9.13,10.5,17.85,18.8,46.3,48.45,9.75,19.7,16.1,26.15,16.0,9.71,13.95,20.9,18.0,223.0,74.1,2430.0,41.4,156.5,57.4,93.6,122.5,30.6,92.7,80.5,13.85,35.95,181.0,18.0,38.05,25.3,63.4,46.7,58.9,,92.3,179.0,40.65,79.6,17.45,10.8,123.5,52.4,80.5,76.3,217.5,215.0,270.0,,,73.0,,,33.05,85.0,224.5,82.5,231.0,51.7,38.85,79.7,54.4
44.55,41.45,51.5,76.5,74.7,69.3,10.8,37.3,71.0,32.95,30.6,310.0,152.5,36.75,52.0,285.0,10.55,15.35,31.9,59.8,185.5,64.1,25.05,15.05,25.8,42.25,295.5,375.0,41.4,73.1,67.3,46.15,27.85,373.5,310.0,281.0,48.65,13.15,204.5,36.9,18.1,104.0,26.1,43.0,20.45,121.0,7.68,10.15,17.35,45.5,15.75,24.3,72.4,25.8,294.5,83.3,9.61,40.0,42.45,104.0,83.1,36.0,83.7,243.0,7.78,13.85,91.5,158.0,68.9,26.3,102.0,492.5,284.0,11.1,126.0,71.4,16.9,45.95,10.0,15.5,14.5,,240.5,18.25,30.05,10.7,28.7,9.13,10.5,17.8,18.8,46.3,48.45,9.75,19.7,16.1,26.15,16.0,9.71,13.95,20.9,18.05,223.0,74.1,2430.0,41.4,156.5,57.4,93.7,122.5,30.6,92.7,80.5,13.8,35.95,181.0,18.0,38.1,25.3,63.4,46.65,59.0,,92.4,179.0,40.65,79.7,17.45,10.8,123.5,52.3,80.3,76.4,217.5,215.0,269.5,,,73.0,,,33.05,85.0,224.5,82.5,231.0,51.6,38.85,79.7,54.4
44.55,41.5,51.5,76.5,74.7,69.3,10.75,37.3,71.0,32.95,30.6,310.5,152.5,36.75,51.9,285.0,10.55,15.35,31.9,59.8,185.5,64.1,25.05,15.05,25.8,42.2,295.0,375.0,41.35,73.1,67.3,46.2,27.9,373.5,310.0,281.0,48.7,13.15,204.5,36.9,18.1,104.0,26.15,43.0,20.45,121.5,7.68,10.15,17.35,45.5,15.8,24.3,72.4,25.75,294.5,83.3,9.61,39.95,42.45,104.0,83.1,36.0,83.8,243.0,7.78,13.85,91.4,158.0,68.8,26.3,102.0,492.5,284.0,11.1,126.5,71.4,16.9,46.0,10.0,15.5,14.45,,240.5,18.25,30.05,10.7,28.7,9.14,10.5,17.8,18.8,46.35,48.45,9.76,19.7,16.1,26.15,16.0,9.71,13.95,20.9,18.05,223.0,74.1,2430.0,41.4,157.0,57.4,93.8,122.5,30.6,92.7,80.5,13.8,35.95,181.0,18.0,38.1,25.3,63.4,46.7,59.0,,92.3,179.0,40.65,79.6,17.45,10.8,123.0,52.3,80.3,76.3,217.5,214.0,269.0,,,73.0,,,33.05,85.0,224.5,82.7,231.0,51.6,38.85,79.7,54.4
44.55,41.45,51.4,76.5,74.6,69.3,10.7,37.3,71.0,32.95,30.6,310.5,152.5,36.75,51.8,285.0,10.55,15.35,31.9,59.8,185.5,64.1,25.05,15.1,25.8,42.2,295.0,375.0,41.35,73.1,67.2,46.15,27.85,373.0,310.0,281.5,48.7,13.15,205.0,36.9,18.1,103.5,26.2,43.0,20.5,121.0,7.7,10.1,17.35,45.5,15.8,24.3,72.4,25.8,294.0,83.4,9.6,39.95,42.5,104.0,83.1,36.0,83.9,243.0,7.78,13.85,91.5,158.0,68.9,26.3,102.0,492.5,284.0,11.15,126.0,71.4,16.95,46.0,10.05,15.5,14.45,,240.5,18.25,30.05,10.7,28.7,9.13,10.5,17.8,18.75,46.3,48.5,9.75,19.65,16.05,26.15,15.95,9.7,13.95,20.9,18.0,223.0,74.1,2430.0,41.3,157.0,57.4,93.8,122.5,30.65,92.6,80.5,13.75,35.95,181.0,17.95,38.05,25.3,63.4,46.8,59.0,,92.4,179.0,40.65,79.6,17.4,10.8,123.5,52.3,80.3,76.4,217.5,214.0,269.0,,,73.0,,,33.05,85.0,224.5,82.7,231.0,51.6,39.0,79.6,54.4
44.55,41.5,51.5,76.5,74.7,69.3,10.7,37.3,71.0,33.0,30.6,310.5,152.5,36.8,51.8,285.0,10.5,15.35,31.9,59.7,185.0,64.0,25.05,15.1,25.85,42.15,295.0,375.0,41.35,73.1,67.2,46.15,27.85,373.0,310.0,281.5,48.75,13.15,204.5,36.9,18.1,104.0,26.15,43.0,20.5,121.5,7.7,10.15,17.35,45.45,15.8,24.3,72.4,25.8,294.5,83.4,9.6,40.0,42.55,103.5,83.1,36.0,83.9,243.0,7.78,13.85,91.5,158.0,68.9,26.25,102.0,492.5,284.0,11.15,126.0,71.5,16.95,46.0,10.05,15.5,14.45,,240.5,18.2,30.05,10.7,28.7,9.13,10.5,17.8,18.8,46.3,48.45,9.76,19.7,16.1,26.15,16.0,9.71,13.95,20.9,18.0,223.0,74.1,2430.0,41.3,157.0,57.4,93.8,122.5,30.65,92.6,80.5,13.8,35.95,180.5,17.95,38.15,25.3,63.4,46.8,58.9,,92.4,179.0,40.6,79.6,17.45,10.8,123.5,52.3,80.3,76.4,218.0,214.0,269.0,,,73.0,,,33.05,85.0,224.5,82.7,231.0,51.7,39.0,79.6,54.4
44.55,41.45,51.5,76.5,74.7,69.3,10.7,37.25,71.0,33.0,30.6,310.5,152.5,36.8,51.8,285.0,10.5,15.35,31.9,59.7,185.0,64.0,25.05,15.05,25.85,42.15,295.0,374.0,41.35,73.1,67.2,46.15,27.85,373.0,310.0,281.5,48.75,13.2,204.5,36.95,18.1,104.0,26.1,42.95,20.45,121.5,7.69,10.15,17.35,45.45,15.85,24.25,72.2,25.8,294.0,83.4,9.6,40.0,42.55,104.0,83.1,36.0,83.8,243.0,7.78,13.9,91.5,158.0,68.9,26.3,102.0,493.0,284.0,11.15,126.0,71.5,16.95,46.0,10.05,15.5,14.45,,240.5,18.2,30.05,10.7,28.7,9.13,10.5,17.8,18.75,46.3,48.5,9.76,19.7,16.1,26.2,15.95,9.71,13.95,20.9,18.05,223.0,74.1,2430.0,41.3,156.5,57.4,93.8,122.5,30.65,92.6,80.5,13.8,35.95,181.0,17.95,38.15,25.3,63.3,46.85,59.0,,92.6,179.5,40.65,79.6,17.45,10.8,123.5,52.3,80.3,76.4,218.0,214.0,269.0,,,73.0,,,33.05,85.0,224.5,82.7,231.0,51.7,39.0,79.6,54.3
44.5,41.45,51.4,76.5,74.6,69.2,10.7,37.25,70.9,32.95,30.6,310.5,152.5,36.8,51.8,285.0,10.5,15.35,31.9,59.7,185.5,64.0,25.05,15.05,25.8,42.2,295.0,374.0,41.35,73.0,67.2,46.15,27.85,371.5,310.0,282.0,48.7,13.15,204.5,36.9,18.05,103.5,26.1,42.95,20.5,121.5,7.69,10.15,17.35,45.45,15.85,24.25,72.2,25.75,294.0,83.5,9.6,39.95,42.55,104.0,83.0,36.0,83.7,243.0,7.78,13.85,91.4,158.0,68.9,26.3,102.0,492.5,284.0,11.15,126.0,71.6,16.85,45.95,10.0,15.5,14.45,,240.5,18.2,30.05,10.75,28.7,9.13,10.5,17.8,18.75,46.3,48.5,9.76,19.65,16.05,26.15,15.95,9.7,13.9,20.85,18.0,223.0,74.0,2430.0,41.3,156.5,57.4,93.7,122.0,30.65,92.5,80.5,13.8,35.95,181.0,17.95,38.1,25.3,63.3,46.85,59.0,,92.7,179.0,40.6,79.6,17.4,10.85,123.0,52.3,80.3,76.4,218.5,214.0,269.0,,,73.0,,,33.0,85.0,224.5,82.7,231.0,51.6,38.95,79.7,54.3
44.5,41.45,51.4,76.5,74.7,69.1,10.75,37.2,71.0,32.95,30.6,310.5,152.5,36.8,51.8,285.0,10.55,15.35,31.9,59.7,185.5,64.1,25.05,15.05,25.8,42.2,294.5,374.5,41.35,73.0,67.2,46.15,27.85,371.5,310.0,282.0,48.75,13.15,204.5,36.9,18.05,104.0,26.15,42.95,20.5,121.5,7.69,10.2,17.35,45.5,15.85,24.3,72.4,25.7,294.0,83.6,9.6,39.95,42.6,104.0,83.0,35.95,83.7,243.0,7.78,13.9,91.4,158.0,69.0,26.3,102.0,492.5,284.0,11.15,126.0,71.6,16.95,45.95,10.0,15.5,14.45,,240.5,18.2,30.05,10.75,28.7,9.14,10.5,17.8,18.75,46.3,48.55,9.76,19.65,16.05,26.2,16.0,9.71,13.95,20.9,18.0,223.0,74.0,2430.0,41.3,157.0,57.3,93.7,122.5,30.7,92.5,80.5,13.85,35.95,180.5,18.0,38.15,25.3,63.3,46.85,59.1,,92.8,179.0,40.65,79.6,17.45,10.8,123.5,52.3,80.3,76.4,218.5,214.0,269.0,,,73.0,,,33.1,85.0,224.5,82.7,230.5,51.6,38.9,79.7,54.2
44.5,41.4,51.5,76.5,74.7,69.1,10.7,37.15,71.0,32.95,30.55,310.0,152.5,36.8,51.7,285.0,10.55,15.35,31.9,59.8,185.5,64.1,25.05,15.05,25.8,42.3,295.0,373.5,41.35,73.1,67.3,46.15,27.85,371.5,310.0,282.0,48.75,13.2,204.5,36.9,18.05,104.0,26.15,42.95,20.5,121.5,7.69,10.2,17.35,45.45,15.85,24.35,72.4,25.7,294.0,83.6,9.6,39.95,42.6,104.0,83.1,35.95,83.7,243.0,7.78,13.85,91.4,158.0,69.0,26.3,102.5,493.0,284.5,11.15,126.0,71.6,16.95,45.95,10.0,15.5,14.45,,240.5,18.25,30.05,10.75,28.7,9.14,10.5,17.85,18.75,46.3,48.5,9.76,19.7,16.1,26.2,16.0,9.71,13.95,20.85,18.0,223.5,74.0,2430.0,41.35,157.0,57.3,93.7,122.5,30.7,92.4,80.5,13.85,35.95,180.5,18.0,38.15,25.3,63.4,46.9,59.1,,93.0,179.0,40.65,79.6,17.45,10.85,123.5,52.3,80.3,76.4,218.5,214.0,269.0,,,73.0,,,33.1,85.0,224.5,82.7,230.5,51.6,38.9,79.7,54.2
44.45,41.45,51.5,76.5,74.7,69.1,10.75,37.15,71.0,32.95,30.55,310.0,152.5,36.85,51.8,285.0,10.55,15.35,31.9,59.7,185.5,64.2,25.05,15.05,25.85,42.3,295.0,373.5,41.3,73.1,67.3,46.2,27.85,372.0,310.0,282.0,48.7,13.2,204.5,36.9,18.1,104.0,26.1,42.9,20.45,121.5,7.69,10.2,17.35,45.45,15.85,24.3,72.4,25.7,294.0,83.6,9.6,39.95,42.6,104.0,83.1,35.95,83.7,243.0,7.78,13.85,91.4,158.0,69.1,26.3,102.5,492.5,284.5,11.15,126.0,71.6,16.95,45.95,10.0,15.5,14.45,,240.5,18.25,30.0,10.75,28.7,9.14,10.5,17.85,18.75,46.3,48.5,9.77,19.7,16.05,26.2,16.0,9.71,13.95,20.85,18.0,223.5,74.0,2430.0,41.3,157.0,57.3,93.7,122.5,30.7,92.4,80.5,13.85,35.95,181.0,18.0,38.15,25.3,63.4,46.9,59.1,,93.0,179.0,40.65,79.6,17.4,10.85,123.0,52.3,80.2,76.4,218.5,214.0,271.5,,,73.0,,,33.1,85.0,225.0,82.7,230.5,51.6,38.9,79.7,54.2
44.45,41.45,51.5,76.3,74.6,69.1,10.75,37.15,71.1,32.95,30.55,310.0,152.0,36.85,51.7,285.0,10.5,15.35,31.9,59.7,185.5,64.2,25.0,15.05,25.85,42.3,294.0,373.5,41.25,73.1,67.3,46.2,27.85,371.5,309.0,282.0,48.8,13.2,204.5,36.9,18.05,104.0,26.1,42.9,20.45,121.5,7.68,10.2,17.35,45.4,15.85,24.3,72.4,25.7,294.0,83.6,9.6,39.95,42.6,104.5,83.1,36.0,83.7,243.0,7.78,13.85,91.4,157.5,69.1,26.35,102.5,492.5,285.0,11.15,126.0,71.6,16.95,45.95,10.0,15.55,14.45,,240.5,18.25,30.0,10.75,28.7,9.14,10.5,17.85,18.75,46.25,48.55,9.77,19.7,16.05,26.2,16.0,9.71,13.95,20.9,18.0,223.0,74.1,2430.0,41.3,157.0,57.3,93.6,123.0,30.7,92.4,80.5,13.85,35.95,180.5,18.0,38.15,25.3,63.4,46.9,59.1,,93.1,179.0,40.65,79.6,17.45,10.8,123.0,52.2,80.2,76.4,218.5,214.0,273.0,,,73.0,,,33.05,85.1,225.0,82.8,230.0,51.6,38.95,79.7,54.2
44.45,41.45,51.4,76.3,74.7,69.2,10.8,37.15,71.1,33.0,30.55,310.0,152.0,36.8,51.8,284.5,10.55,15.35,31.9,59.8,185.5,64.2,25.0,15.05,25.85,42.3,294.5,373.5,41.25,73.1,67.4,46.2,27.85,371.5,309.0,283.0,48.75,13.15,204.5,36.9,18.05,104.0,26.1,42.9,20.4,121.5,7.68,10.2,17.35,45.4,15.85,24.3,72.4,25.7,293.5,83.7,9.6,39.95,42.6,103.5,83.1,35.95,83.7,243.0,7.78,13.85,91.4,157.5,69.1,26.3,102.0,493.0,285.5,11.15,126.0,71.6,16.95,45.95,10.05,15.55,14.45,,240.5,18.25,30.0,10.75,28.7,9.14,10.5,17.85,18.75,46.3,48.55,9.77,19.7,16.05,26.2,16.0,9.71,13.95,20.9,18.0,223.0,74.2,2430.0,41.3,157.0,57.3,93.6,123.0,30.75,92.5,80.5,13.85,35.95,180.5,18.0,38.15,25.3,63.4,46.85,59.1,,93.0,179.0,40.65,79.7,17.45,10.8,123.5,52.2,80.2,76.4,218.5,214.0,273.0,,,73.0,,,33.05,85.1,225.0,82.8,230.0,51.6,39.0,79.7,54.3
44.45,41.45,51.5,76.3,74.7,69.1,10.75,37.15,71.1,33.0,30.55,310.0,152.0,36.8,51.8,285.0,10.55,15.35,31.9,59.8,185.5,64.3,25.0,15.05,25.85,42.3,294.0,373.5,41.2,73.1,67.4,46.2,27.85,371.5,309.0,283.0,48.8,13.15,204.5,36.9,18.05,104.0,26.05,42.9,20.5,121.0,7.67,10.2,17.35,45.4,15.9,24.3,72.4,25.7,293.5,83.7,9.59,39.95,42.6,103.5,83.1,35.95,84.0,243.5,7.78,13.8,91.5,157.5,69.1,26.35,102.0,492.5,285.0,11.15,126.0,71.6,16.95,46.0,10.05,15.5,14.45,,240.5,18.25,30.0,10.75,28.7,9.14,10.5,17.85,18.75,46.25,48.55,9.78,19.7,16.1,26.15,16.05,9.71,13.95,20.9,18.0,223.0,74.2,2430.0,41.35,157.0,57.3,93.6,123.0,30.75,92.5,80.5,13.8,35.95,181.0,18.0,38.15,25.3,63.4,46.85,59.1,,92.8,179.0,40.65,79.6,17.45,10.8,123.5,52.3,80.2,76.4,218.5,214.0,273.0,,,73.0,,,33.0,85.3,225.0,82.8,230.0,51.7,39.0,79.8,54.3
44.45,41.45,51.4,76.3,74.6,69.1,10.75,37.15,71.1,33.0,30.55,310.0,152.0,36.8,51.8,285.0,10.5,15.35,31.9,59.8,185.5,64.3,25.0,15.05,25.8,42.3,294.0,373.5,41.2,73.1,67.4,46.2,27.85,371.5,309.5,283.0,48.8,13.15,204.5,36.9,18.1,104.5,26.1,42.85,20.5,121.5,7.67,10.25,17.35,45.35,15.85,24.3,72.4,25.7,293.5,83.8,9.59,39.95,42.5,104.0,83.1,35.95,84.0,243.5,7.78,13.8,91.5,157.5,69.2,26.35,102.0,492.5,285.0,11.15,126.0,71.7,16.9,46.0,10.05,15.5,14.45,,240.5,18.25,30.0,10.75,28.7,9.14,10.5,17.85,18.75,46.3,48.55,9.77,19.65,16.1,26.2,16.0,9.7,13.95,20.9,18.0,223.5,74.2,2430.0,41.35,157.0,57.3,93.6,122.5,30.7,92.4,80.5,13.8,35.95,180.5,18.0,38.15,25.3,63.3,46.85,59.0,,92.8,179.0,40.65,79.5,17.45,10.8,123.5,52.3,80.2,76.4,218.5,214.0,273.0,,,73.0,,,33.0,85.3,225.0,82.8,230.0,51.6,39.0,79.8,54.3
44.45,41.5,51.5,76.3,74.6,69.2,10.75,37.1,71.1,33.0,30.5,310.0,152.0,36.8,51.8,285.0,10.5,15.35,31.95,59.8,185.0,64.4,25.05,15.05,25.85,42.3,293.0,373.5,41.15,73.2,67.4,46.2,27.85,371.5,309.5,283.0,48.8,13.2,205.0,36.9,18.05,104.5,26.1,42.85,20.5,121.5,7.67,10.2,17.35,45.4,15.85,24.3,72.4,25.7,294.0,83.8,9.59,39.95,42.5,104.0,83.1,35.95,84.0,243.5,7.78,13.8,91.4,157.5,69.1,26.3,102.0,492.5,285.0,11.15,126.0,71.7,16.95,46.0,10.05,15.5,14.45,,240.5,18.25,30.0,10.75,28.7,9.14,10.5,17.85,18.75,46.25,48.5,9.78,19.7,16.05,26.2,16.0,9.7,13.95,20.9,18.0,223.0,74.2,2430.0,41.25,157.0,57.3,93.6,122.5,30.7,92.4,80.5,13.8,35.95,180.5,18.0,38.1,25.3,63.4,46.9,59.1,,92.9,179.0,40.65,79.6,17.45,10.8,123.5,52.3,80.2,76.4,218.5,214.0,273.0,,,73.0,,,33.0,85.3,225.0,83.0,230.0,51.7,39.0,79.8,54.3
44.45,41.45,51.4,76.3,74.6,69.3,10.75,37.15,71.1,32.95,30.5,309.5,152.0,36.8,51.7,284.5,10.5,15.35,31.95,59.8,185.0,64.4,25.0,15.05,25.8,42.3,293.0,373.0,41.1,73.1,67.4,46.15,27.8,371.5,309.5,283.0,48.75,13.15,204.5,36.9,18.05,104.0,26.05,42.85,20.5,121.0,7.67,10.2,17.35,45.35,15.85,24.25,72.3,25.7,293.5,83.7,9.59,39.95,42.55,104.0,83.0,35.95,83.8,243.0,7.78,13.8,91.4,157.0,69.1,26.3,102.0,492.5,285.5,11.15,126.0,71.7,16.95,45.95,10.0,15.5,14.45,,240.5,18.2,30.0,10.75,28.7,9.14,10.5,17.85,18.7,46.25,48.5,9.77,19.65,16.05,26.15,16.0,9.7,13.9,20.85,18.0,223.0,74.1,2430.0,41.35,156.5,57.3,93.5,122.5,30.65,92.4,80.5,13.75,35.95,180.5,18.0,38.1,25.3,63.3,46.85,58.9,,92.8,179.0,40.65,79.5,17.45,10.85,123.5,52.3,80.2,76.4,218.5,214.0,271.5,,,73.0,,,33.0,85.3,225.5,83.1,230.0,51.6,39.0,79.7,54.3
44.4,41.45,51.4,76.3,74.6,69.1,10.8,37.15,71.1,32.95,30.5,310.0,152.0,36.8,51.7,284.0,10.5,15.35,31.95,59.7,185.0,64.3,25.0,15.05,25.8,42.2,292.5,372.5,41.1,73.1,67.4,46.15,27.8,371.5,309.5,283.0,48.75,13.15,204.5,36.9,18.05,104.0,26.05,42.8,20.5,121.0,7.67,10.2,17.35,45.35,15.85,24.3,72.4,25.7,293.5,83.7,9.59,39.95,42.6,104.0,83.1,35.9,83.8,243.5,7.78,13.8,91.4,157.0,69.1,26.3,102.0,492.5,285.5,11.1,126.0,71.7,16.9,45.95,10.0,15.5,14.45,,240.5,18.2,30.0,10.75,28.7,9.14,10.5,17.85,18.75,46.25,48.55,9.77,19.65,16.05,26.15,16.05,9.71,13.95,20.9,18.0,223.0,74.2,2430.0,41.35,157.0,57.3,93.5,122.5,30.65,92.4,80.5,13.8,35.95,180.5,18.0,38.15,25.3,63.3,46.85,58.9,,92.9,179.0,40.7,79.6,17.4,10.85,123.5,52.3,80.2,76.3,218.5,214.0,271.5,,,73.0,,,33.0,85.1,225.5,83.1,230.0,51.6,39.0,79.7,54.2
44.4,41.45,51.4,76.3,74.7,69.2,10.75,37.15,71.1,32.95,30.5,310.0,152.0,36.85,51.7,284.0,10.5,15.35,31.95,59.7,185.0,64.3,25.0,15.05,25.85,42.2,291.5,372.5,41.1,72.9,67.4,46.15,27.8,371.5,308.5,283.0,48.75,13.15,204.5,36.9,18.05,104.5,26.05,42.85,20.5,121.0,7.68,10.2,17.35,45.35,15.85,24.3,72.5,25.7,293.5,83.6,9.59,39.95,42.6,103.5,83.1,35.9,83.8,243.5,7.78,13.75,91.5,157.0,69.2,26.3,102.0,492.5,285.5,11.1,126.0,71.6,16.9,45.95,10.0,15.5,14.45,,240.5,18.2,30.0,10.75,28.7,9.14,10.5,17.85,18.75,46.25,48.5,9.78,19.7,16.05,26.15,16.05,9.71,13.95,20.9,18.0,223.0,74.2,2430.0,41.3,157.0,57.3,93.5,122.5,30.65,92.3,80.5,13.75,35.95,180.5,18.05,38.15,25.3,63.3,46.8,58.9,,92.9,179.0,40.7,79.7,17.45,10.85,123.5,52.3,80.3,76.3,218.5,214.0,271.5,,,73.0,,,33.1,85.1,225.5,83.1,230.0,51.6,39.0,79.7,54.3
44.45,41.5,51.5,76.3,74.7,69.2,10.75,37.1,71.1,33.0,30.5,310.0,152.0,36.85,51.7,284.5,10.5,15.35,31.95,59.8,185.0,64.4,25.0,15.05,25.8,42.2,291.0,372.0,41.15,73.0,67.3,46.2,27.8,371.5,308.5,283.0,48.75,13.15,204.5,36.9,18.05,104.5,26.05,42.8,20.5,121.0,7.68,10.15,17.4,45.35,15.85,24.3,72.5,25.7,293.0,83.6,9.59,39.95,42.55,103.5,83.1,35.9,83.7,243.5,7.78,13.75,91.4,157.5,69.2,26.3,102.0,492.5,285.5,11.1,126.0,71.7,16.95,45.95,10.0,15.5,14.45,,240.5,18.25,30.0,10.75,28.75,9.14,10.5,17.85,18.75,46.3,48.55,9.77,19.7,16.1,26.2,16.05,9.72,13.95,20.9,18.05,223.0,74.2,2430.0,41.35,157.0,57.3,93.5,122.5,30.65,92.3,80.5,13.8,35.95,181.0,18.0,38.15,25.3,63.3,46.8,59.0,,92.9,179.0,40.7,79.7,17.5,10.8,123.5,52.2,80.4,76.2,217.5,214.0,271.5,,,73.0,,,33.1,85.1,225.5,83.1,231.0,51.6,39.0,79.7,54.3
44.45,41.45,51.4,76.3,74.6,69.1,10.75,37.15,71.1,32.95,30.45,310.0,152.0,36.8,51.7,284.5,10.5,15.35,31.95,59.8,185.0,64.4,25.05,15.05,25.85,42.2,289.0,371.5,41.2,73.0,67.4,46.2,27.8,371.5,308.5,282.0,48.75,13.15,204.5,36.9,18.05,104.0,26.05,42.85,20.5,121.0,7.69,10.15,17.35,45.35,15.85,24.3,72.4,25.75,293.5,83.6,9.6,39.95,42.5,103.5,83.2,35.95,83.7,243.5,7.78,13.75,91.4,157.5,69.2,26.3,102.0,492.5,285.5,11.1,126.0,71.7,16.95,46.0,10.0,15.5,14.45,,240.5,18.2,30.0,10.75,28.7,9.14,10.5,17.85,18.7,46.25,48.55,9.77,19.7,16.1,26.15,16.0,9.71,13.95,20.9,18.0,223.5,74.2,2430.0,41.3,157.0,57.3,93.5,122.5,30.7,92.3,80.5,13.75,35.95,180.5,18.0,38.15,25.3,63.4,46.7,59.0,,93.0,179.0,40.65,79.7,17.45,10.8,123.5,52.2,80.5,76.0,217.0,214.0,271.5,,,73.0,,,33.05,85.1,225.5,83.1,231.0,51.6,39.0,79.7,54.3
44.4,41.45,51.4,76.3,74.6,69.1,10.75,37.15,71.0,32.95,30.45,310.0,152.0,36.8,51.7,284.5,10.55,15.35,31.95,59.8,185.0,64.3,25.0,15.05,25.85,42.2,288.5,371.5,41.3,72.9,67.3,46.2,27.8,371.5,308.5,282.0,48.75,13.15,204.5,36.9,18.05,104.0,26.1,42.8,20.45,121.0,7.68,10.15,17.35,45.3,15.8,24.3,72.4,25.7,293.5,83.6,9.6,39.9,42.45,103.5,83.1,35.95,83.7,243.5,7.78,13.8,91.5,157.5,69.2,26.3,102.0,492.5,285.0,11.15,126.0,71.7,16.95,46.0,10.0,15.5,14.45,,240.5,18.25,30.0,10.75,28.7,9.14,10.5,17.85,18.75,46.25,48.55,9.77,19.7,16.1,26.2,16.0,9.7,13.95,20.85,18.0,223.0,74.3,2430.0,41.3,157.0,57.3,93.7,122.5,30.65,92.5,80.5,13.8,35.95,180.5,18.0,38.15,25.3,63.4,46.75,59.0,,93.1,179.0,40.7,79.7,17.45,10.8,123.5,52.3,80.5,76.0,216.5,214.0,271.5,,,73.0,,,33.05,85.1,225.5,83.1,231.0,51.6,39.0,79.7,54.3
44.4,41.45,51.4,76.4,74.6,69.1,10.75,37.1,71.0,32.95,30.45,310.0,152.0,36.8,51.7,284.0,10.45,15.35,31.95,59.8,185.0,64.3,25.05,15.05,25.85,42.2,288.5,371.5,41.3,72.9,67.4,46.2,27.8,371.5,308.5,282.0,48.75,13.15,204.5,36.9,18.05,104.5,26.0,42.8,20.4,121.5,7.68,10.15,17.35,45.3,15.75,24.35,72.4,25.7,293.5,83.6,9.59,39.95,42.45,104.0,83.0,35.95,83.7,243.5,7.78,13.8,91.5,157.5,69.1,26.3,102.0,492.5,285.0,11.15,126.0,71.7,16.95,46.0,10.0,15.5,14.45,,240.5,18.25,30.0,10.75,28.7,9.14,10.5,17.85,18.75,46.25,48.5,9.77,19.7,16.1,26.2,16.05,9.71,13.95,20.9,18.0,223.5,74.2,2430.0,41.25,157.0,57.3,93.7,122.5,30.7,92.5,80.5,13.8,35.95,180.5,18.0,38.15,25.3,63.3,46.7,58.9,,93.1,179.0,40.7,79.6,17.45,10.8,123.5,52.3,80.5,76.0,216.5,214.0,274.0,,,73.0,,,33.0,85.1,225.5,83.1,231.0,51.6,39.0,79.7,54.3
44.45,41.45,51.4,76.4,74.6,69.2,10.75,37.15,71.1,33.0,30.45,310.0,152.0,36.8,51.9,285.0,10.5,15.3,31.95,59.8,185.0,64.3,25.05,15.05,25.85,42.2,289.5,371.0,41.3,73.0,67.3,46.15,27.8,371.5,308.5,282.0,48.8,13.15,204.5,36.9,18.05,104.5,26.0,42.8,20.5,121.0,7.68,10.15,17.35,45.3,15.75,24.3,72.5,25.7,293.5,83.5,9.59,39.95,42.45,104.0,83.1,35.95,83.9,243.0,7.78,13.75,91.5,157.0,69.1,26.25,102.5,492.5,285.0,11.15,125.5,71.7,16.9,46.0,10.05,15.5,14.45,,240.5,18.2,30.0,10.75,28.7,9.13,10.5,17.85,18.75,46.3,48.55,9.77,19.65,16.05,26.15,16.0,9.71,13.95,20.95,18.0,223.0,74.2,2435.0,41.25,156.5,57.3,93.7,122.5,30.7,92.5,80.5,13.8,35.95,180.0,18.0,38.15,25.25,63.3,46.7,59.0,,93.2,179.0,40.65,79.5,17.4,10.8,123.5,52.3,80.5,76.0,216.5,214.0,274.0,,,73.0,,,33.0,85.1,225.5,83.0,231.0,51.7,39.0,79.7,54.3
44.45,41.45,51.4,76.4,74.8,69.3,10.75,37.2,71.1,33.0,30.5,310.0,152.0,36.85,51.9,285.5,10.45,15.3,31.95,59.8,185.0,64.3,25.05,15.05,25.85,42.2,289.0,371.0,41.3,73.0,67.3,46.15,27.8,371.5,308.5,282.0,48.8,13.15,205.0,36.95,18.05,104.0,26.05,42.85,20.4,121.5,7.68,10.15,17.35,45.25,15.75,24.3,72.4,25.7,293.0,83.5,9.59,39.9,42.4,104.0,83.0,35.95,83.9,243.0,7.78,13.75,91.5,157.0,69.1,26.25,102.5,493.0,285.0,11.15,126.0,71.8,16.9,46.0,10.0,15.5,14.45,,240.5,18.25,30.0,10.75,28.7,9.13,10.5,17.85,18.75,46.3,48.55,9.77,19.7,16.1,26.2,16.0,9.71,13.95,20.9,18.0,223.0,74.1,2435.0,41.2,157.0,57.3,93.5,122.5,30.75,92.5,80.5,13.8,35.95,180.0,18.0,38.1,25.25,63.4,46.65,59.0,,93.4,179.0,40.7,79.6,17.45,10.8,123.5,52.3,80.5,75.9,216.5,214.0,274.0,,,73.1,,,33.0,85.1,225.5,83.0,231.0,51.7,39.0,79.7,54.3
44.45,41.45,51.5,76.4,74.8,69.3,10.75,37.2,71.1,33.0,30.5,310.0,152.0,36.85,51.9,285.0,10.45,15.3,31.95,59.8,185.0,64.4,25.05,15.05,25.85,42.2,288.5,371.0,41.3,73.1,67.3,46.25,27.8,371.5,308.5,282.0,48.8,13.15,204.5,37.0,18.05,104.0,26.05,42.85,20.5,121.0,7.68,10.15,17.35,45.25,15.7,24.3,72.4,25.7,294.0,83.4,9.59,39.9,42.4,104.0,83.1,35.9,83.7,243.0,7.78,13.8,91.5,157.0,69.0,26.2,102.0,493.0,285.0,11.15,126.0,71.8,16.95,46.0,10.05,15.5,14.45,,240.5,18.25,30.0,10.75,28.7,9.13,10.5,17.85,18.8,46.3,48.6,9.77,19.7,16.05,26.15,16.0,9.71,13.95,20.95,18.0,223.0,74.1,2430.0,41.25,157.0,57.3,93.8,122.5,30.7,92.5,80.5,13.8,35.95,180.0,18.0,38.15,25.25,63.4,46.65,58.9,,93.5,179.0,40.7,79.5,17.45,10.8,123.5,52.2,80.5,76.1,216.5,214.0,274.0,,,73.0,,,33.05,85.3,225.5,83.1,231.0,51.7,38.95,79.7,54.3
44.45,41.45,51.4,76.4,74.8,69.3,10.75,37.2,71.1,33.0,30.5,310.0,152.0,36.8,51.9,285.0,10.5,15.3,31.95,59.8,185.0,64.5,25.05,15.05,25.85,42.3,288.5,371.0,41.25,73.1,67.3,46.25,27.8,371.5,308.5,282.0,48.8,13.2,205.0,37.0,18.05,104.0,26.05,42.85,20.5,121.5,7.67,10.15,17.35,45.2,15.7,24.3,72.4,25.65,294.0,83.4,9.59,39.9,42.45,104.0,83.1,35.9,83.7,243.0,7.78,13.8,91.5,157.0,69.1,26.2,102.5,493.0,284.5,11.15,126.0,71.8,16.95,46.0,10.0,15.5,14.45,,240.5,18.25,30.0,10.75,28.7,9.13,10.45,17.85,18.8,46.3,48.55,9.77,19.7,16.1,26.15,16.0,9.71,13.95,20.9,18.0,223.5,74.1,2430.0,41.25,157.0,57.2,93.8,122.5,30.7,92.3,80.5,13.8,35.95,179.5,18.0,38.15,25.25,63.4,46.7,59.0,,93.6,179.0,40.7,79.6,17.45,10.8,123.5,52.2,80.4,76.1,217.0,214.0,274.0,,,73.0,,,33.05,85.3,225.5,83.1,231.0,51.7,38.95,79.7,54.3
44.5,41.45,51.4,76.4,74.8,69.3,10.75,37.25,71.1,32.95,30.5,310.0,152.0,36.75,51.7,285.0,10.5,15.3,31.95,59.8,185.0,64.5,25.05,15.05,25.85,42.4,288.5,371.0,41.2,73.1,67.3,46.25,27.8,371.5,308.5,282.0,48.8,13.2,205.0,36.95,18.0,104.5,26.05,42.8,20.5,121.0,7.67,10.15,17.35,45.25,15.7,24.3,72.4,25.65,293.5,83.4,9.6,39.9,42.45,104.0,83.1,35.85,83.7,243.0,7.78,13.8,91.5,157.0,69.1,26.15,102.5,493.0,284.5,11.15,126.0,71.8,16.95,46.0,10.05,15.5,14.5,,240.5,18.25,30.0,10.75,28.7,9.13,10.45,17.85,18.8,46.3,48.55,9.76,19.7,16.1,26.2,16.0,9.71,13.95,20.9,18.0,223.0,74.1,2435.0,41.25,156.5,57.2,93.8,123.0,30.7,92.3,80.5,13.75,35.95,179.5,18.0,38.1,25.25,63.4,46.7,59.0,,93.6,179.0,40.75,79.5,17.45,10.8,123.5,52.2,80.4,76.2,217.0,214.0,272.0,,,73.0,,,33.05,85.4,225.5,83.1,231.0,51.7,38.95,79.7,54.3
44.5,41.45,51.5,76.4,74.8,69.3,10.75,37.25,71.3,32.95,30.45,310.0,152.0,36.75,51.7,285.0,10.5,15.3,31.95,59.8,185.0,64.5,25.1,15.05,25.85,42.4,288.5,371.0,41.2,73.1,67.3,46.25,27.8,371.5,308.5,282.0,48.8,13.15,205.0,36.95,18.0,104.5,26.05,42.85,20.5,121.0,7.69,10.2,17.35,45.25,15.7,24.3,72.4,25.65,293.5,83.4,9.6,39.9,42.5,104.0,83.1,35.95,83.7,243.0,7.78,13.8,91.5,157.0,69.1,26.2,102.5,493.0,285.0,11.15,126.5,71.9,16.95,46.0,10.05,15.5,14.5,,240.5,18.25,30.0,10.75,28.7,9.13,10.45,17.85,18.75,46.3,48.55,9.77,19.65,16.1,26.25,16.05,9.71,13.95,20.9,18.05,223.0,74.1,2430.0,41.3,157.0,57.2,93.8,123.0,30.75,92.3,80.5,13.8,35.95,179.5,18.0,38.1,25.25,63.4,46.7,59.0,,93.6,179.0,40.75,79.4,17.45,10.8,123.5,52.3,80.6,76.2,217.0,214.0,272.0,,,73.0,,,33.1,85.4,225.5,83.0,231.0,51.7,38.95,79.7,54.3
44.55,41.45,51.6,76.4,74.8,69.3,10.7,37.25,71.3,32.95,30.4,309.5,152.0,36.75,51.7,285.0,10.55,15.3,31.95,59.8,185.0,64.5,25.1,15.1,25.85,42.4,288.5,371.0,41.2,73.1,67.2,46.25,27.8,371.5,308.0,281.5,48.8,13.15,205.0,36.95,18.0,104.5,26.05,42.8,20.5,121.5,7.69,10.2,17.35,45.25,15.75,24.3,72.4,25.65,293.5,83.4,9.6,39.9,42.5,104.0,83.1,35.85,83.7,243.0,7.78,13.8,91.4,157.0,69.0,26.2,102.5,493.0,284.5,11.15,126.0,71.9,16.95,45.95,10.05,15.5,14.5,,240.5,18.25,30.0,10.75,28.7,9.13,10.45,17.8,18.8,46.3,48.55,9.77,19.65,16.1,26.2,16.05,9.71,13.95,20.85,18.0,223.0,74.1,2430.0,41.3,156.5,57.2,93.8,123.0,30.75,92.3,80.5,13.8,35.95,179.5,17.95,38.1,25.25,63.4,46.75,59.0,,93.6,179.0,40.75,79.4,17.45,10.8,123.5,52.3,80.5,76.2,217.0,214.0,272.0,,,73.0,,,33.1,85.4,225.5,83.0,231.0,51.6,38.95,79.7,54.4
44.55,41.5,51.5,76.4,74.7,69.3,10.7,37.25,71.3,32.95,30.4,309.5,152.0,36.75,51.7,285.0,10.55,15.3,31.95,59.8,185.0,64.4,25.1,15.1,25.85,42.4,288.5,371.0,41.2,73.1,67.2,46.25,27.8,371.5,308.0,281.5,48.8,13.15,205.5,37.0,18.05,104.5,26.05,42.85,20.5,121.5,7.68,10.15,17.35,45.25,15.75,24.3,72.4,25.65,293.5,83.4,9.6,39.9,42.45,104.0,83.1,35.9,83.7,242.5,7.78,13.8,91.4,157.5,69.5,26.2,102.5,493.0,284.5,11.15,126.0,72.0,16.95,45.95,10.05,15.5,14.5,,240.5,18.25,30.0,10.75,28.7,9.14,10.45,17.8,18.8,46.25,48.55,9.76,19.65,16.1,26.25,16.05,9.71,13.95,20.85,18.0,223.0,74.2,2430.0,41.35,157.0,57.2,93.8,123.0,30.7,92.3,80.5,13.85,35.95,180.0,18.0,38.15,25.3,63.4,46.8,59.0,,93.6,179.0,40.75,79.4,17.45,10.8,123.5,52.3,80.5,76.2,217.0,214.0,272.0,,,73.0,,,33.1,85.4,225.0,83.0,231.0,51.6,38.9,79.7,54.4
44.55,41.45,51.5,76.4,74.8,69.3,10.7,37.25,71.3,33.0,30.45,309.5,152.0,36.65,51.7,285.0,10.5,15.3,31.95,59.9,185.0,64.4,25.1,15.1,25.9,42.4,288.5,371.0,41.2,73.1,67.3,46.25,27.8,371.5,308.0,281.5,48.8,13.2,205.5,37.0,18.05,104.0,26.05,42.85,20.5,121.5,7.67,10.15,17.35,45.25,15.75,24.3,72.4,25.7,293.5,83.3,9.59,39.9,42.45,104.0,83.1,35.9,83.7,242.5,7.78,13.8,91.4,157.0,69.5,26.2,102.0,493.0,284.5,11.15,126.5,72.0,16.9,46.0,10.05,15.5,14.5,,240.5,18.25,30.0,10.75,28.75,9.14,10.45,17.8,18.8,46.3,48.55,9.76,19.65,16.1,26.25,16.05,9.72,14.0,20.95,18.0,223.0,74.2,2430.0,41.35,156.5,57.2,93.8,123.0,30.75,92.3,80.5,13.8,35.95,179.5,18.0,38.15,25.3,63.4,46.8,59.0,,93.5,179.0,40.75,79.4,17.45,10.8,123.5,52.3,80.5,76.2,217.0,214.0,272.0,,,73.0,,,33.1,85.4,225.0,83.0,231.0,51.6,38.85,79.7,54.4
44.5,41.5,51.6,76.4,74.8,69.3,10.75,37.25,71.3,33.0,30.45,309.5,152.0,36.8,51.8,285.0,10.5,15.3,31.95,59.9,185.0,64.4,25.1,15.1,25.9,42.4,288.5,371.5,41.2,73.0,67.3,46.25,27.8,372.5,308.0,282.0,48.8,13.15,205.5,37.05,18.05,104.5,26.05,42.85,20.5,121.5,7.67,10.2,17.35,45.25,15.75,24.3,72.4,25.7,293.5,83.3,9.59,39.95,42.45,104.0,83.1,35.9,84.0,242.5,7.78,13.8,91.4,157.0,69.8,26.2,102.0,493.0,284.5,11.15,126.5,72.0,16.95,46.0,10.05,15.5,14.5,,240.5,18.25,30.05,10.75,28.75,9.14,10.45,17.8,18.8,46.3,48.55,9.76,19.65,16.1,26.25,16.05,9.72,14.0,20.95,18.0,223.0,74.2,2430.0,41.35,156.5,57.2,93.7,122.5,30.7,92.2,80.5,13.8,35.95,180.0,18.0,38.15,25.25,63.4,46.8,59.1,,93.5,179.0,40.75,79.3,17.45,10.8,123.5,52.3,80.5,76.2,217.0,214.0,272.0,,,73.0,,,33.1,85.4,225.0,83.0,231.0,51.6,38.9,79.7,54.4
44.5,41.5,51.5,76.4,74.8,69.2,10.7,37.25,71.3,33.0,30.5,309.5,152.0,36.8,51.8,285.0,10.5,15.2,31.95,59.9,185.0,64.4,25.1,15.1,25.9,42.4,288.5,371.5,41.2,73.1,67.3,46.25,27.8,372.5,308.5,281.5,48.8,13.15,205.5,37.0,18.05,104.5,26.05,42.8,20.5,121.0,7.69,10.15,17.35,45.25,15.75,24.35,72.3,25.7,293.0,83.3,9.59,39.95,42.45,104.5,83.0,35.9,84.0,242.5,7.78,13.8,91.5,157.0,70.0,26.2,102.0,493.0,284.5,11.15,126.0,72.0,16.95,46.0,10.0,15.5,14.5,,240.5,18.25,30.05,10.75,28.75,9.13,10.45,17.8,18.8,46.35,48.5,9.76,19.7,16.1,26.2,16.05,9.72,14.0,20.95,18.0,223.0,74.2,2430.0,41.3,157.0,57.2,93.7,123.0,30.7,92.1,80.5,13.85,35.95,180.5,18.0,38.1,25.25,63.4,46.8,59.1,,93.5,179.0,40.75,79.4,17.45,10.8,124.0,52.2,80.6,76.2,217.0,214.0,272.0,,,73.0,,,33.1,85.3,225.0,83.0,231.0,51.7,38.9,79.6,54.3
44.5,41.45,51.5,76.3,74.7,69.3,10.7,37.25,71.3,32.95,30.5,309.5,152.5,36.75,51.7,285.0,10.5,15.2,31.95,59.8,185.0,64.4,25.05,15.1,25.9,42.4,288.5,371.0,41.3,73.1,67.3,46.25,27.8,372.5,308.5,281.5,48.8,13.15,205.5,37.0,18.05,104.5,26.1,42.8,20.5,121.0,7.68,10.2,17.35,45.25,15.75,24.3,72.3,25.7,293.0,83.3,9.59,40.0,42.4,104.0,83.1,35.9,84.0,243.0,7.78,13.85,91.4,157.0,70.3,26.25,102.0,493.0,284.5,11.15,126.0,72.0,16.95,46.0,10.05,15.55,14.45,,240.5,18.2,30.05,10.75,28.7,9.14,10.45,17.8,18.75,46.3,48.55,9.76,19.65,16.1,26.2,16.0,9.71,13.95,20.9,18.05,223.0,74.1,2430.0,41.3,157.0,57.3,93.7,123.0,30.7,92.1,80.5,13.8,35.95,180.5,18.0,38.15,25.25,63.3,46.8,59.0,,93.5,179.0,40.75,79.5,17.45,10.85,123.5,52.2,80.6,76.3,217.0,214.0,272.0,,,73.0,,,33.1,85.3,225.0,83.1,231.0,51.6,38.9,79.6,54.3
44.5,41.45,51.4,76.3,74.7,69.2,10.75,37.25,71.3,32.95,30.55,309.5,152.5,36.75,51.7,285.0,10.5,15.2,31.95,59.8,185.0,64.4,25.05,15.1,25.85,42.4,288.5,372.0,41.3,73.1,67.3,46.25,27.8,373.5,308.5,281.5,48.8,13.15,205.5,37.0,18.0,104.0,26.05,42.8,20.5,121.0,7.67,10.2,17.35,45.25,15.75,24.3,72.3,25.7,293.5,83.4,9.6,40.0,42.4,104.5,83.1,35.9,84.0,243.0,7.78,13.85,91.4,157.0,70.5,26.3,102.0,493.0,285.0,11.15,126.0,72.0,16.95,46.0,10.0,15.55,14.45,,240.5,18.25,30.05,10.75,28.7,9.14,10.45,17.8,18.8,46.35,48.6,9.76,19.65,16.1,26.2,16.0,9.71,13.95,20.9,18.0,223.0,74.1,2430.0,41.35,157.0,57.3,93.7,122.5,30.75,92.1,80.5,13.85,35.95,180.5,18.0,38.05,25.25,63.3,46.8,59.0,,93.6,179.0,40.75,79.4,17.45,10.8,123.5,52.2,80.6,76.3,217.0,214.0,272.0,,,73.0,,,33.1,85.3,224.5,83.0,231.0,51.6,38.9,79.6,54.3
44.6,41.5,51.4,76.3,74.7,69.2,10.7,37.25,71.3,32.95,30.55,309.5,152.5,36.75,51.7,285.0,10.5,15.2,31.95,59.8,185.0,64.4,25.05,15.1,25.9,42.4,288.5,372.0,41.3,73.2,67.3,46.25,27.8,373.5,308.5,281.5,48.8,13.15,205.5,37.0,18.05,104.0,26.05,42.8,20.5,121.0,7.66,10.2,17.35,45.25,15.75,24.35,72.3,25.7,293.5,83.3,9.6,40.0,42.4,104.5,83.1,35.9,84.0,243.0,7.78,13.8,91.5,157.0,70.7,26.3,102.0,493.0,285.0,11.15,126.0,72.0,16.95,46.0,10.05,15.5,14.5,,240.5,18.25,30.05,10.75,28.7,9.13,10.45,17.85,18.8,46.4,48.65,9.77,19.65,16.1,26.2,16.0,9.71,13.95,20.9,18.05,222.5,74.1,2430.0,41.3,157.0,57.2,93.7,123.0,30.75,92.1,80.7,13.8,35.95,180.5,18.0,38.05,25.25,63.4,46.85,59.0,,93.6,179.0,40.75,79.4,17.45,10.8,123.5,52.2,80.6,76.3,217.0,214.0,272.0,,,73.0,,,33.1,85.3,224.5,83.0,231.0,51.7,38.9,79.6,54.3
44.6,41.5,51.4,76.3,74.7,69.2,10.7,37.2,71.3,32.95,30.55,309.5,152.5,36.75,51.7,284.5,10.5,15.2,31.95,59.8,185.0,64.4,25.05,15.1,25.9,42.4,288.5,372.0,41.3,73.1,67.2,46.25,27.8,373.5,308.5,281.5,48.8,13.2,205.5,36.95,18.0,104.0,26.05,42.75,20.5,121.0,7.67,10.15,17.35,45.2,15.7,24.35,72.3,25.7,293.5,83.3,9.6,39.95,42.45,104.0,83.1,35.9,83.8,243.0,7.78,13.85,91.5,157.5,70.7,26.3,102.0,493.0,285.0,11.15,126.0,71.9,16.95,46.0,10.05,15.5,14.45,,240.5,18.25,30.05,10.75,28.7,9.13,10.45,17.85,18.8,46.4,48.65,9.77,19.65,16.1,26.2,16.0,9.71,14.0,20.9,18.05,222.5,74.1,2435.0,41.3,157.0,57.2,93.7,122.5,30.75,92.4,80.7,13.8,35.95,180.0,17.95,38.1,25.25,63.4,46.8,59.0,,93.5,179.0,40.75,79.5,17.45,10.8,124.0,52.2,80.7,76.5,217.0,214.0,272.0,,,73.0,,,33.1,85.1,224.5,83.0,231.0,51.7,38.9,79.6,54.4
44.6,41.45,51.5,76.3,74.7,69.2,10.7,37.2,71.2,32.95,30.55,309.5,152.5,36.75,51.6,285.0,10.5,15.2,31.95,59.8,185.0,64.4,25.05,15.1,25.9,42.4,288.5,372.0,41.3,73.1,67.2,46.25,27.8,373.5,308.5,281.5,48.8,13.2,205.5,36.95,18.0,104.0,26.05,42.75,20.5,121.0,7.67,10.15,17.35,45.2,15.75,24.35,72.4,25.7,293.5,83.3,9.6,39.95,42.4,104.0,83.0,35.95,83.8,243.0,7.78,13.85,91.4,157.5,70.7,26.3,102.0,493.5,285.0,11.15,126.5,71.9,16.95,46.0,10.05,15.5,14.45,,240.5,18.25,30.05,10.75,28.7,9.14,10.5,17.85,18.8,46.35,48.65,9.78,19.65,16.1,26.2,16.0,9.71,14.0,20.9,18.05,223.0,74.1,2435.0,41.3,156.5,57.2,93.7,123.0,30.75,92.4,80.7,13.8,35.95,180.5,18.0,38.1,25.25,63.3,46.8,59.1,,93.5,179.0,40.75,79.3,17.45,10.8,123.5,52.2,80.6,76.5,217.0,214.0,272.0,,,73.0,,,33.1,85.1,224.5,83.0,231.0,51.7,38.9,79.6,54.4
44.55,41.5,51.5,76.3,74.7,69.2,10.7,37.2,71.3,33.0,30.55,309.5,152.5,36.75,51.6,285.0,10.55,15.2,31.95,59.8,185.0,64.5,25.05,15.1,25.9,42.4,288.5,372.0,41.3,73.1,67.3,46.25,27.8,373.5,308.5,281.5,48.8,13.15,205.0,37.0,18.0,104.5,26.1,42.75,20.5,121.5,7.68,10.15,17.35,45.25,15.75,24.3,72.4,25.65,293.5,83.3,9.6,39.95,42.4,104.0,83.1,35.95,83.8,243.0,7.78,13.85,91.4,157.5,70.6,26.3,102.0,494.0,284.5,11.15,126.0,72.0,16.9,46.0,10.05,15.5,14.5,,240.5,18.25,30.05,10.75,28.7,9.14,10.5,17.85,18.8,46.4,48.65,9.78,19.7,16.1,26.25,16.05,9.72,14.0,20.9,18.05,223.0,74.2,2435.0,41.3,157.0,57.2,93.7,123.0,30.8,92.4,80.7,13.8,35.95,180.0,18.0,38.05,25.25,63.3,46.85,59.1,,93.5,179.0,40.75,79.4,17.45,10.8,123.5,52.2,80.6,76.5,217.0,214.0,273.0,,,73.0,,,33.1,85.1,224.5,83.0,231.0,51.8,38.9,79.6,54.4
44.55,41.5,51.5,76.3,74.8,69.2,10.7,37.2,71.3,33.0,30.55,309.5,152.5,36.75,51.6,285.0,10.55,15.2,31.95,59.7,185.0,64.4,25.05,15.15,25.85,42.4,288.5,372.0,41.2,73.1,67.3,46.25,27.8,373.5,308.5,282.0,48.8,13.15,205.5,37.0,18.05,104.5,26.1,42.75,20.5,121.5,7.67,10.15,17.35,45.25,15.75,24.35,72.4,25.7,293.0,83.3,9.6,39.95,42.35,104.5,83.1,35.95,83.8,243.0,7.78,13.85,91.5,157.5,70.6,26.3,102.0,494.0,284.5,11.15,126.0,71.9,16.95,46.0,10.0,15.55,14.5,,240.5,18.25,30.05,10.75,28.7,9.13,10.5,17.85,18.8,46.4,48.65,9.78,19.7,16.1,26.25,16.05,9.72,14.0,20.95,18.0,223.0,74.2,2435.0,41.3,157.0,57.3,93.7,123.0,30.85,92.3,80.7,13.8,35.95,180.0,18.0,38.1,25.25,63.3,46.85,59.0,,93.5,179.0,40.8,79.4,17.45,10.8,123.5,52.2,80.6,76.5,217.0,214.0,273.0,,,73.0,,,33.1,85.1,224.5,83.0,231.0,51.8,38.9,79.6,54.3
44.55,41.5,51.5,76.3,74.8,69.2,10.7,37.2,71.3,33.0,30.6,309.5,152.5,36.7,51.6,285.0,10.5,15.2,31.95,59.7,185.0,64.4,25.05,15.15,25.9,42.35,288.5,372.5,41.2,73.2,67.3,46.25,27.8,373.5,308.5,282.5,48.75,13.2,205.5,37.05,18.0,104.5,26.15,42.7,20.5,121.5,7.68,10.2,17.35,45.25,15.75,24.35,72.4,25.65,293.0,83.3,9.6,39.95,42.35,104.5,83.1,35.95,83.7,243.0,7.78,13.8,91.5,157.5,70.6,26.3,102.0,494.0,284.5,11.15,126.0,71.9,16.95,46.0,10.0,15.55,14.5,,240.5,18.25,30.05,10.75,28.75,9.13,10.5,17.85,18.8,46.4,48.65,9.8,19.65,16.05,26.25,16.05,9.72,14.0,20.95,18.0,223.0,74.2,2435.0,41.3,157.0,57.2,93.7,123.0,30.95,92.3,80.7,13.8,35.95,180.0,18.0,38.1,25.25,63.4,46.9,59.0,,93.4,179.0,40.8,79.3,17.45,10.8,124.0,52.2,80.6,76.5,217.0,214.0,272.0,,,73.1,,,33.1,85.1,224.5,83.0,231.0,51.8,38.9,79.6,54.4
44.55,41.5,51.5,76.3,74.8,69.2,10.7,37.2,71.3,33.0,30.6,309.5,152.5,36.7,51.7,285.0,10.5,15.2,31.95,59.7,185.0,64.4,25.05,15.15,25.9,42.35,288.5,372.5,41.2,73.2,67.3,46.3,27.8,373.5,308.5,282.5,48.75,13.2,205.5,37.0,18.0,104.5,26.15,42.75,20.5,121.5,7.68,10.2,17.35,45.25,15.8,24.35,72.5,25.75,293.0,83.3,9.6,39.95,42.3,104.5,83.1,35.9,84.0,243.0,7.78,13.8,91.5,157.5,70.5,26.3,102.0,493.5,284.5,11.15,126.0,71.9,16.95,46.0,10.0,15.55,14.5,,240.5,18.2,30.05,10.75,28.75,9.14,10.5,17.85,18.8,46.35,48.7,9.8,19.65,16.05,26.25,16.0,9.72,13.95,20.9,18.0,223.0,74.1,2435.0,41.35,157.0,57.2,93.7,123.0,31.0,92.2,80.7,13.8,35.95,180.0,18.0,38.1,25.25,63.4,46.9,59.1,,93.5,179.0,40.8,79.4,17.45,10.8,124.0,52.2,80.6,76.4,217.0,214.0,272.0,,,73.1,,,33.1,85.1,224.0,83.0,231.0,51.8,38.9,79.6,54.4
44.55,41.5,51.6,76.3,74.8,69.2,10.7,37.2,71.3,33.0,30.6,309.0,152.5,36.75,51.7,284.5,10.55,15.2,31.95,59.7,185.5,64.4,25.05,15.15,25.9,42.35,288.5,372.5,41.2,73.2,67.2,46.3,27.8,373.5,308.5,282.5,48.8,13.15,205.5,37.0,18.05,104.0,26.1,42.75,20.5,121.0,7.68,10.2,17.35,45.25,15.8,24.4,72.5,25.75,293.0,83.3,9.6,39.9,42.35,104.5,83.1,35.95,84.0,243.0,7.78,13.85,91.4,157.0,70.5,26.3,102.0,493.5,285.0,11.15,126.5,71.9,16.95,45.95,10.05,15.55,14.45,,240.5,18.25,30.05,10.7,28.7,9.14,10.5,17.8,18.8,46.35,48.75,9.81,19.7,16.05,26.2,16.0,9.72,13.95,20.9,18.0,223.0,74.1,2435.0,41.35,157.0,57.3,93.7,122.5,31.2,92.4,80.7,13.8,35.95,180.5,18.0,38.1,25.25,63.4,46.9,59.0,,93.5,179.0,40.8,79.4,17.45,10.8,124.0,52.2,80.5,76.4,217.0,214.0,272.0,,,73.1,,,33.1,85.1,224.0,83.0,231.0,51.8,38.9,79.6,54.4
44.55,41.5,51.6,76.4,74.8,69.2,10.7,37.2,71.3,33.0,30.6,309.0,152.5,36.8,51.7,285.0,10.55,15.2,31.95,59.6,185.5,64.4,25.05,15.15,25.9,42.35,288.5,372.5,41.15,73.2,67.2,46.3,27.75,373.5,308.5,282.0,48.8,13.15,205.5,37.0,18.0,104.0,26.15,42.75,20.5,121.5,7.68,10.2,17.35,45.25,15.8,24.4,72.5,25.75,293.0,83.3,9.6,39.9,42.35,104.5,83.1,35.9,83.7,243.0,7.78,13.8,91.4,157.5,70.5,26.35,102.0,493.5,284.5,11.15,126.0,71.9,16.95,45.95,10.0,15.5,14.45,,241.0,18.25,30.05,10.7,28.7,9.14,10.5,17.8,18.8,46.4,48.8,9.83,19.7,16.05,26.25,16.0,9.72,13.95,20.95,18.0,223.0,74.2,2435.0,41.4,157.0,57.3,93.7,123.0,31.3,92.4,80.7,13.8,35.95,180.5,18.0,38.05,25.25,63.4,46.9,59.1,,93.4,179.0,40.8,79.4,17.45,10.8,124.0,52.2,80.5,76.4,217.5,214.0,272.0,,,73.0,,,33.1,85.1,224.0,83.0,231.0,51.8,38.9,79.6,54.4
44.55,41.5,51.6,76.4,74.8,69.2,10.75,37.2,71.3,33.0,30.6,309.0,152.5,36.8,51.6,285.0,10.55,15.2,31.95,59.7,185.5,64.4,25.05,15.2,25.9,42.35,288.5,372.5,41.15,73.1,67.2,46.3,27.75,373.5,309.0,282.0,48.8,13.2,205.5,37.0,18.0,104.5,26.15,42.75,20.55,121.0,7.68,10.2,17.35,45.25,15.75,24.4,72.5,25.75,293.0,83.3,9.6,39.9,42.35,104.5,83.0,35.9,83.7,243.0,7.78,13.8,91.5,157.5,70.6,26.35,102.0,493.5,284.5,11.15,126.0,71.9,17.0,45.95,10.05,15.5,14.45,,241.0,18.25,30.05,10.7,28.75,9.15,10.5,17.8,18.8,46.35,48.8,9.83,19.7,16.05,26.25,16.0,9.72,14.0,20.95,18.0,223.0,74.2,2440.0,41.4,156.5,57.2,93.7,123.0,31.4,92.4,80.7,13.85,35.95,180.5,18.0,38.05,25.25,63.4,46.9,59.1,,93.5,179.0,40.8,79.3,17.45,10.8,124.0,52.2,80.5,76.4,217.5,214.0,272.0,,,73.0,,,33.1,85.1,224.0,83.0,231.0,51.8,38.9,79.6,54.4
44.55,41.5,51.6,76.3,74.8,69.2,10.7,37.2,71.3,32.95,30.6,309.0,152.5,36.8,51.6,285.0,10.55,15.2,31.95,59.7,185.5,64.4,25.05,15.2,25.9,42.35,288.5,372.5,41.15,73.3,67.2,46.3,27.8,373.5,309.0,282.0,48.8,13.15,205.5,37.0,18.05,104.5,26.15,42.75,20.5,121.5,7.69,10.2,17.35,45.25,15.75,24.45,72.5,25.75,293.5,83.3,9.6,39.9,42.4,104.5,83.0,35.9,83.7,243.0,7.78,13.85,91.4,157.5,70.5,26.35,102.0,493.5,284.5,11.15,126.5,71.9,17.0,45.95,10.05,15.5,14.45,,241.0,18.25,30.0,10.7,28.75,9.15,10.5,17.8,18.85,46.4,48.8,9.82,19.65,16.1,26.25,16.05,9.72,14.0,20.9,18.0,223.0,74.2,2440.0,41.4,157.0,57.2,93.7,123.0,31.45,92.4,80.7,13.8,35.95,181.0,18.0,38.05,25.25,63.4,46.85,59.2,,93.5,179.0,40.85,79.4,17.45,10.8,124.0,52.1,80.5,76.4,217.5,214.0,272.0,,,73.0,,,33.05,85.1,224.0,83.0,231.0,51.8,38.85,79.6,54.4
44.6,41.5,51.6,76.3,74.8,69.2,10.7,37.15,71.3,33.0,30.6,309.0,152.5,36.8,51.6,285.0,10.5,15.2,31.95,59.6,185.5,64.4,25.05,15.2,25.9,42.35,288.5,373.0,41.15,73.2,67.3,46.3,27.8,374.0,309.0,282.5,48.8,13.15,205.5,37.0,18.05,104.5,26.15,42.8,20.5,121.0,7.69,10.25,17.35,45.25,15.75,24.45,72.5,25.75,293.5,83.3,9.6,39.95,42.4,104.5,83.1,35.85,83.7,243.0,7.78,13.85,91.5,157.5,70.5,26.35,102.0,493.5,284.5,11.15,126.0,71.9,17.0,45.95,10.05,15.5,14.5,,241.0,18.25,30.05,10.7,28.8,9.14,10.5,17.8,18.85,46.45,48.8,9.83,19.65,16.05,26.2,16.0,9.72,14.0,20.95,18.0,223.0,74.2,2440.0,41.5,157.0,57.2,93.7,123.0,31.5,92.2,80.7,13.85,35.95,180.5,18.05,38.05,25.25,63.4,46.85,59.1,,93.5,179.0,40.85,79.3,17.45,10.8,124.0,52.2,80.5,76.5,217.5,214.0,272.0,,,73.0,,,33.05,85.0,224.0,83.0,231.0,51.8,38.85,79.6,54.4
44.6,41.5,51.5,76.3,74.7,69.2,10.7,37.2,71.2,32.95,30.6,308.5,152.5,36.75,51.6,285.0,10.5,15.2,31.95,59.7,185.5,64.4,25.05,15.2,25.9,42.35,288.5,373.0,41.2,73.2,67.3,46.3,27.75,373.0,309.0,282.5,48.8,13.2,205.5,37.0,18.0,104.5,26.2,42.8,20.5,121.0,7.69,10.25,17.35,45.25,15.8,24.5,72.5,25.75,293.5,83.3,9.6,39.95,42.4,105.0,83.0,35.9,84.0,243.0,7.78,13.85,91.5,157.5,70.5,26.3,102.0,494.0,284.5,11.15,126.0,71.9,16.95,45.95,10.05,15.5,14.45,,241.0,18.2,30.0,10.7,28.8,9.15,10.5,17.8,18.8,46.45,48.8,9.83,19.65,16.1,26.25,16.0,9.73,14.0,20.9,18.0,223.0,74.2,2440.0,41.5,157.0,57.2,93.7,123.0,31.4,92.1,80.7,13.8,35.95,180.5,18.05,38.1,25.25,63.4,46.8,59.1,,93.4,179.5,40.85,79.2,17.45,10.85,123.5,52.2,80.5,76.5,217.5,214.0,272.0,,,72.9,,,33.1,85.1,224.0,83.0,231.0,51.7,38.85,79.6,54.4
44.55,41.5,51.5,76.3,74.7,69.3,10.75,37.15,71.3,32.95,30.6,308.5,152.5,36.8,51.6,285.0,10.55,15.2,31.95,59.7,185.5,64.4,25.05,15.2,25.85,42.35,288.5,373.0,41.2,73.2,67.2,46.3,27.75,373.0,309.0,282.5,48.8,13.2,205.5,37.05,18.05,104.0,26.2,42.75,20.5,121.0,7.69,10.25,17.35,45.2,15.8,24.55,72.5,25.75,293.5,83.3,9.6,39.9,42.4,104.0,83.0,35.9,84.0,243.0,7.78,13.85,91.4,157.5,70.4,26.3,102.0,493.5,284.5,11.15,126.0,71.9,17.0,45.95,10.05,15.5,14.45,,241.0,18.2,30.0,10.75,28.8,9.15,10.45,17.8,18.8,46.45,48.8,9.84,19.65,16.1,26.25,16.0,9.73,14.05,20.95,18.0,223.0,74.2,2440.0,41.4,157.0,57.2,93.7,123.0,31.3,92.0,80.7,13.85,35.95,180.5,18.05,38.05,25.25,63.4,46.85,59.1,,93.4,179.0,40.85,79.2,17.45,10.8,124.0,52.2,80.5,76.4,217.5,214.0,272.0,,,73.0,,,33.1,85.0,224.0,83.0,231.0,51.8,38.85,79.6,54.4
44.55,41.5,51.5,76.3,74.7,69.2,10.7,37.2,71.2,32.95,30.6,308.0,152.5,36.7,51.6,285.0,10.5,15.2,31.95,59.6,185.0,64.4,25.05,15.2,25.9,42.35,288.5,373.5,41.2,73.2,67.2,46.25,27.75,373.5,309.0,282.5,48.85,13.15,206.0,36.95,18.05,104.5,26.2,42.75,20.5,121.0,7.68,10.25,17.35,45.3,15.75,24.5,72.5,25.75,293.5,83.3,9.6,39.9,42.35,103.0,83.1,35.9,83.7,243.0,7.78,13.85,91.4,157.5,70.4,26.3,102.0,493.5,284.5,11.15,126.0,71.8,17.0,45.95,10.05,15.5,14.45,,241.0,18.2,30.05,10.75,28.7,9.14,10.45,17.8,18.8,46.45,48.8,9.85,19.65,16.1,26.2,16.0,9.72,14.0,20.9,17.95,223.0,74.2,2440.0,41.5,157.0,57.3,93.7,123.0,31.2,92.0,80.7,13.85,36.0,180.5,18.0,38.05,25.25,63.4,46.85,59.1,,93.4,179.5,40.75,79.3,17.5,10.8,124.0,52.2,80.5,76.4,217.5,214.0,272.0,,,72.9,,,33.1,85.0,224.0,83.0,231.0,51.8,38.85,79.5,54.3
44.55,41.45,51.5,76.3,74.7,69.2,10.75,37.2,71.3,32.95,30.6,308.0,152.5,36.75,51.6,285.0,10.5,15.2,31.95,59.6,185.0,64.4,25.05,15.25,25.9,42.3,288.5,374.0,41.2,73.2,67.2,46.25,27.75,373.5,309.0,282.5,48.85,13.15,206.0,36.95,18.05,104.5,26.2,42.75,20.5,121.0,7.68,10.25,17.35,45.15,15.75,24.5,72.6,25.75,293.5,83.3,9.6,39.9,42.35,103.5,83.1,35.85,83.7,243.0,7.78,13.85,91.5,157.5,70.3,26.25,102.0,493.0,284.5,11.15,126.0,71.8,16.95,45.95,10.05,15.5,14.5,,241.0,18.25,30.05,10.7,28.7,9.15,10.45,17.8,18.8,46.5,48.85,9.87,19.65,16.1,26.25,16.0,9.73,14.05,20.95,18.05,223.0,74.2,2440.0,41.45,157.0,57.3,93.7,123.0,31.3,92.1,80.7,13.85,36.05,180.5,18.0,38.05,25.25,63.4,46.85,59.1,,93.4,179.5,40.75,79.3,17.5,10.8,124.0,52.2,80.5,76.4,217.5,214.0,272.0,,,72.9,,,33.1,85.1,223.5,83.0,231.0,51.8,38.9,79.6,54.3
44.55,41.5,51.5,76.3,74.8,69.2,10.75,37.2,71.2,32.95,30.6,307.5,152.5,36.75,51.6,285.0,10.5,15.2,32.0,59.6,185.0,64.4,25.05,15.25,25.95,42.3,288.5,374.0,41.2,73.1,67.2,46.3,27.75,373.5,309.0,282.5,48.85,13.15,206.0,37.0,18.05,104.5,26.15,42.7,20.5,121.0,7.68,10.25,17.35,45.15,15.75,24.5,72.6,25.75,293.5,83.3,9.6,39.9,42.4,103.5,83.1,35.85,83.7,244.0,7.78,13.85,91.4,157.5,70.3,26.25,102.0,493.0,284.5,11.15,126.0,71.9,17.0,45.95,10.05,15.5,14.45,,241.0,18.25,30.05,10.7,28.8,9.14,10.45,17.8,18.8,46.45,48.75,9.86,19.65,16.1,26.2,16.05,9.73,14.0,20.9,18.05,223.0,74.2,2440.0,41.4,157.0,57.2,93.7,123.0,31.3,92.1,80.7,13.85,36.05,180.5,18.0,38.05,25.25,63.4,46.85,59.1,,93.4,179.5,40.75,79.2,17.45,10.8,124.0,52.3,80.5,76.2,217.5,214.0,272.0,,,72.9,,,33.1,85.0,223.5,83.0,231.0,51.7,38.9,79.7,54.3
44.6,41.5,51.6,76.3,74.7,69.1,10.75,37.2,71.3,32.95,30.6,307.5,152.5,36.75,51.5,285.0,10.5,15.2,32.0,59.6,185.0,64.4,25.05,15.25,25.95,42.3,288.5,374.5,41.2,73.1,67.2,46.3,27.75,373.0,308.0,283.0,48.85,13.15,206.0,36.95,18.05,104.5,26.2,42.75,20.55,121.0,7.69,10.25,17.35,45.15,15.75,24.45,72.5,25.75,293.5,83.3,9.6,39.9,42.4,103.5,83.1,35.9,83.7,244.0,7.78,13.85,91.4,157.5,70.3,26.25,102.0,493.0,284.5,11.15,126.0,71.8,16.95,45.95,10.05,15.5,14.45,,241.0,18.25,30.05,10.75,28.75,9.15,10.45,17.8,18.8,46.45,48.75,9.85,19.65,16.1,26.2,16.0,9.72,14.0,20.9,18.05,223.0,74.1,2440.0,41.5,157.0,57.2,93.7,123.0,31.35,92.1,80.7,13.85,36.05,180.5,18.0,38.05,25.25,63.4,46.8,59.1,,93.5,179.5,40.75,79.3,17.45,10.8,123.5,52.2,80.6,76.2,217.5,214.0,272.0,,,72.9,,,33.1,84.9,223.5,83.0,231.5,51.8,38.9,79.7,54.4
44.6,41.5,51.6,76.3,74.7,69.1,10.7,37.2,71.3,32.95,30.6,307.5,152.5,36.8,51.5,285.0,10.5,15.2,32.0,59.6,185.0,64.4,25.05,15.2,25.95,42.3,288.5,374.5,41.2,73.2,67.2,46.25,27.75,373.0,308.0,283.0,48.8,13.2,206.0,36.95,18.05,104.5,26.25,42.75,20.5,121.5,7.68,10.3,17.35,45.2,15.75,24.45,72.5,25.75,293.5,83.4,9.6,39.9,42.4,103.5,83.1,35.9,83.7,244.0,7.78,13.8,91.4,157.5,70.3,26.25,102.5,493.0,284.5,11.15,126.0,71.9,16.95,45.95,10.05,15.5,14.45,,241.0,18.25,30.05,10.75,28.75,9.15,10.45,17.8,18.8,46.5,48.75,9.85,19.65,16.1,26.2,16.0,9.72,14.0,20.9,18.0,223.0,74.1,2440.0,41.5,157.0,57.2,93.6,123.0,31.35,92.1,80.7,13.85,36.05,180.5,18.0,38.1,25.25,63.3,46.75,59.2,,93.4,179.0,40.75,79.3,17.45,10.8,123.5,52.3,80.6,76.2,217.5,214.0,272.0,,,72.9,,,33.05,84.9,224.0,83.0,231.5,51.7,38.85,79.7,54.3
44.6,41.45,51.5,76.3,74.7,69.1,10.7,37.2,71.2,32.95,30.6,307.5,152.5,36.7,51.5,285.0,10.5,15.2,32.0,59.6,185.0,64.4,25.05,15.3,25.9,42.25,288.5,375.0,41.2,73.1,67.2,46.25,27.75,373.0,309.0,283.0,48.85,13.15,206.0,36.95,18.05,104.0,26.15,42.75,20.5,121.0,7.68,10.3,17.35,45.2,15.75,24.45,72.5,25.7,293.0,83.5,9.6,39.85,42.45,104.0,83.0,35.85,83.7,243.0,7.78,13.8,91.4,157.5,70.2,26.25,102.0,493.0,284.5,11.15,126.0,71.8,16.9,46.0,10.0,15.5,14.45,,240.5,18.25,30.05,10.75,28.75,9.14,10.45,17.8,18.8,46.5,48.75,9.85,19.65,16.05,26.2,16.0,9.72,14.0,20.9,18.0,223.0,74.1,2440.0,41.5,156.5,57.2,93.7,123.0,31.3,92.1,80.7,13.8,36.05,180.0,17.95,38.05,25.25,63.4,46.7,59.1,,93.4,179.5,40.75,79.3,17.45,10.8,123.5,52.2,80.6,76.2,217.5,214.0,272.0,,,72.8,,,33.0,84.9,224.0,82.9,231.0,51.8,38.85,79.7,54.3
44.6,41.5,51.5,76.3,74.7,69.2,10.7,37.2,71.2,32.95,30.6,307.5,152.5,36.7,51.6,285.0,10.5,15.2,32.0,59.7,185.5,64.4,25.05,15.25,25.85,42.25,288.5,375.0,41.25,73.1,67.2,46.25,27.75,373.0,309.0,283.0,48.85,13.2,206.0,37.0,18.05,104.5,26.25,42.7,20.5,121.0,7.68,10.3,17.35,45.15,15.75,24.5,72.5,25.7,293.5,83.7,9.6,39.9,42.45,104.0,83.1,35.85,83.7,243.0,7.78,13.85,91.4,157.5,70.3,26.2,102.0,493.0,284.5,11.15,126.0,71.7,16.95,46.0,10.05,15.5,14.45,,240.5,18.25,30.05,10.75,28.75,9.14,10.45,17.8,18.8,46.5,48.8,9.83,19.65,16.05,26.25,16.0,9.72,14.05,20.95,18.0,223.0,74.1,2440.0,41.5,157.0,57.2,93.7,123.0,31.25,92.1,80.7,13.8,36.05,180.5,18.0,38.1,25.25,63.3,46.8,59.1,,93.4,179.0,40.75,79.3,17.45,10.8,123.5,52.2,80.6,76.2,217.5,214.0,272.0,,,72.8,,,33.0,84.8,224.0,82.9,231.0,51.8,38.85,79.7,54.3
44.6,41.5,51.6,76.4,74.7,69.2,10.7,37.2,71.1,32.95,30.6,307.5,152.5,36.7,51.6,285.0,10.5,15.2,32.0,59.7,185.5,64.4,25.05,15.25,25.9,42.25,288.5,375.0,41.25,73.1,67.2,46.25,27.75,373.0,309.0,283.0,48.8,13.15,205.5,36.9,18.0,104.5,26.25,42.75,20.5,121.0,7.69,10.3,17.3,45.15,15.75,24.45,72.5,25.7,293.5,83.7,9.6,39.9,42.45,104.0,83.0,35.85,83.7,243.0,7.78,13.8,91.5,157.5,70.3,26.2,102.5,493.0,284.5,11.15,125.5,71.7,16.85,46.0,10.05,15.5,14.45,,240.5,18.25,30.05,10.7,28.75,9.14,10.45,17.8,18.8,46.45,48.75,9.83,19.7,16.1,26.25,16.0,9.72,14.0,20.9,18.0,223.0,74.1,2440.0,41.5,157.0,57.2,93.7,123.0,31.25,92.1,80.7,13.85,36.05,180.5,18.0,38.05,25.25,63.3,46.8,59.1,,93.5,179.0,40.85,79.3,17.45,10.8,123.5,52.2,80.6,76.4,217.5,214.0,272.0,,,72.8,,,33.05,84.8,224.0,82.9,231.0,51.7,38.95,79.7,54.3
44.6,41.5,51.6,76.4,74.7,69.4,10.7,37.2,71.1,32.95,30.6,307.5,152.5,36.7,51.8,285.0,10.5,15.2,32.0,59.6,185.5,64.4,25.05,15.25,25.95,42.25,288.5,375.0,41.25,73.2,67.2,46.25,27.75,373.0,309.0,284.0,48.85,13.15,205.5,36.9,18.0,104.5,26.25,42.8,20.5,121.0,7.69,10.25,17.35,45.15,15.75,24.5,72.5,25.7,293.0,83.7,9.6,39.9,42.45,104.0,83.1,35.85,83.7,243.0,7.78,13.85,91.5,157.5,70.3,26.25,102.5,493.5,284.5,11.15,125.5,71.8,16.95,46.0,10.05,15.5,14.5,,240.5,18.2,30.05,10.7,28.75,9.14,10.45,17.8,18.8,46.45,48.75,9.84,19.7,16.1,26.25,16.05,9.72,14.0,20.95,18.0,223.0,74.1,2440.0,41.55,157.0,57.2,93.7,123.0,31.25,92.0,80.7,13.8,36.05,180.5,17.95,38.05,25.25,63.4,46.85,59.1,,93.5,179.0,40.85,79.3,17.45,10.8,124.0,52.1,80.6,76.4,217.5,214.0,272.0,,,72.9,,,33.1,84.9,224.0,82.9,231.0,51.7,38.95,79.7,54.3
44.6,41.5,51.6,76.4,74.7,69.4,10.7,37.15,71.1,32.95,30.6,307.0,152.5,36.8,51.4,285.0,10.5,15.2,32.0,59.6,185.5,64.4,25.05,15.2,25.9,42.25,288.5,375.0,41.25,73.2,67.2,46.25,27.7,373.0,309.0,284.0,48.85,13.15,206.0,36.9,18.05,104.5,26.2,42.8,20.5,121.0,7.68,10.25,17.35,45.15,15.7,24.45,72.5,25.7,293.5,83.8,9.6,39.9,42.45,104.0,83.0,35.85,83.7,243.0,7.78,13.85,91.4,157.5,70.3,26.25,102.5,493.0,284.5,11.15,126.0,71.8,16.95,46.0,10.05,15.5,14.45,,240.5,18.2,30.05,10.7,28.8,9.14,10.45,17.8,18.8,46.5,48.75,9.84,19.7,16.1,26.25,16.05,9.71,14.0,20.9,18.0,223.5,74.1,2440.0,41.55,157.0,57.3,93.7,123.0,31.25,92.0,80.7,13.8,36.05,181.0,18.0,38.05,25.25,63.3,46.85,59.1,,93.5,179.0,40.85,79.2,17.45,10.8,124.0,52.1,80.6,76.4,217.5,214.0,272.0,,,72.9,,,33.1,84.9,224.0,82.9,231.0,51.7,38.95,79.7,54.3
44.6,41.5,51.5,76.4,74.7,69.3,10.7,37.15,71.1,32.95,30.6,307.0,152.5,36.8,51.1,285.0,10.5,15.2,32.0,59.6,185.5,64.3,25.05,15.2,25.95,42.25,288.5,375.0,41.25,73.2,67.2,46.25,27.7,373.0,309.0,284.0,48.85,13.15,206.0,36.9,18.05,104.5,26.2,42.8,20.45,121.5,7.69,10.25,17.35,45.15,15.7,24.45,72.5,25.7,293.0,84.0,9.6,39.9,42.4,104.0,83.1,35.85,83.7,243.0,7.78,13.85,91.4,157.5,70.2,26.25,102.0,493.0,285.0,11.15,126.0,71.8,16.95,46.0,10.05,15.5,14.45,,240.5,18.2,30.05,10.7,28.8,9.14,10.45,17.8,18.8,46.55,48.8,9.83,19.7,16.1,26.25,16.0,9.71,14.0,20.95,18.0,223.5,74.1,2440.0,41.55,157.0,57.2,93.7,123.0,31.2,92.0,80.7,13.8,36.05,181.0,17.95,38.1,25.25,63.4,46.85,59.1,,93.5,179.0,40.85,79.2,17.45,10.8,124.0,52.2,80.5,76.4,217.5,214.0,272.0,,,72.8,,,33.1,84.9,224.0,82.9,231.0,51.8,38.95,79.6,54.3
44.6,41.5,51.6,76.4,74.7,69.3,10.7,37.15,71.1,32.95,30.6,307.0,152.5,36.8,51.0,285.5,10.5,15.2,32.0,59.7,185.0,64.3,25.05,15.2,25.95,42.25,289.0,375.0,41.25,73.2,67.2,46.25,27.7,373.0,309.0,284.0,48.85,13.2,206.0,36.9,18.05,104.5,26.2,42.85,20.5,121.0,7.69,10.25,17.35,45.15,15.7,24.5,72.6,25.7,293.0,84.0,9.61,39.9,42.5,104.0,83.1,35.85,83.7,243.0,7.78,13.8,91.5,157.5,70.2,26.2,102.5,493.0,284.5,11.15,126.0,71.8,17.0,46.0,10.05,15.5,14.45,,240.5,18.2,30.05,10.7,28.8,9.14,10.45,17.8,18.8,46.5,48.8,9.85,19.65,16.1,26.25,16.05,9.71,14.05,20.95,18.05,223.5,74.1,2440.0,41.55,156.5,57.2,93.7,123.0,31.25,92.0,80.7,13.8,36.05,180.5,17.95,38.1,25.25,63.4,46.85,59.1,,93.5,179.0,40.75,79.2,17.5,10.8,124.0,52.2,80.5,76.4,217.5,214.5,272.0,,,72.9,,,33.1,84.9,224.5,82.9,232.0,51.8,38.95,79.6,54.3
44.6,41.5,51.5,76.4,74.7,69.3,10.7,37.2,71.1,32.95,30.6,307.0,152.5,36.8,51.0,286.0,10.5,15.2,32.0,59.7,185.0,64.3,25.0,15.2,25.9,42.35,289.0,375.0,41.25,73.2,67.2,46.25,27.75,373.0,309.0,284.0,48.85,13.2,206.0,36.95,18.05,104.5,26.2,42.95,20.5,121.5,7.69,10.25,17.35,45.1,15.7,24.45,72.6,25.7,293.0,84.0,9.61,39.9,42.5,104.0,83.1,35.85,83.7,243.0,7.78,13.85,91.4,157.5,70.2,26.25,102.5,493.5,284.5,11.1,126.0,71.9,16.9,46.0,10.05,15.5,14.45,,240.5,18.2,30.05,10.7,28.8,9.14,10.45,17.8,18.8,46.55,48.9,9.84,19.7,16.1,26.25,16.05,9.71,14.05,20.95,18.05,223.0,74.1,2440.0,41.55,156.5,57.2,93.7,122.5,31.25,91.9,80.7,13.85,36.05,180.5,17.95,38.1,25.25,63.3,46.85,59.1,,93.5,179.0,40.75,79.0,17.5,10.8,124.0,52.2,80.5,76.3,217.5,214.5,272.0,,,72.9,,,33.1,84.9,224.5,82.9,232.0,51.8,38.95,79.6,54.3
44.6,41.5,51.6,76.4,74.7,69.3,10.75,37.2,71.1,32.95,30.6,307.0,152.5,36.85,51.0,286.0,10.5,15.2,32.0,59.7,185.0,64.3,25.05,15.2,25.95,42.4,289.5,375.5,41.25,73.2,67.2,46.3,27.75,373.0,309.0,284.5,48.9,13.15,206.0,36.9,18.1,104.5,26.25,42.9,20.45,121.5,7.67,10.25,17.35,45.15,15.7,24.45,72.6,25.65,293.5,83.9,9.61,39.9,42.5,104.0,83.0,35.75,83.7,244.0,7.87,13.85,91.4,157.5,70.2,26.25,102.5,493.0,285.0,11.1,126.0,71.9,16.85,46.0,10.05,15.5,14.5,,240.5,18.3,30.05,10.75,28.8,9.14,10.45,17.8,18.8,46.6,48.9,9.85,19.7,16.1,26.25,16.05,9.72,14.0,20.95,18.05,223.0,74.1,2440.0,41.5,157.0,57.2,93.7,122.5,31.25,91.9,80.7,13.85,36.05,180.5,18.0,38.1,25.25,63.4,46.85,59.1,,93.5,179.0,40.75,79.0,17.5,10.8,124.0,52.2,80.5,76.4,217.0,214.5,272.0,,,72.9,,,33.1,84.9,225.0,82.9,232.0,51.8,38.95,79.6,54.3
44.55,41.5,51.6,76.4,74.7,69.3,10.7,37.15,71.1,32.95,30.6,307.0,152.5,36.85,51.1,286.0,10.5,15.2,32.0,59.7,185.5,64.3,25.0,15.2,25.9,42.4,289.0,375.5,41.25,73.1,67.2,46.3,27.75,373.0,309.0,285.0,48.9,13.2,206.0,36.9,18.1,104.5,26.2,42.85,20.5,121.5,7.68,10.25,17.35,45.2,15.7,24.5,72.6,25.65,293.5,83.9,9.61,39.9,42.55,104.5,83.1,35.75,83.7,244.0,7.87,13.85,91.4,157.5,70.3,26.25,102.5,493.5,284.5,11.1,126.0,71.9,16.9,46.0,10.05,15.5,14.5,,240.5,18.3,30.05,10.75,28.8,9.15,10.45,17.8,18.8,46.55,48.95,9.84,19.7,16.1,26.25,16.05,9.72,14.05,20.95,18.05,223.0,74.2,2440.0,41.5,157.0,57.2,93.7,122.5,31.3,92.0,80.7,13.85,36.05,180.5,17.95,38.1,25.25,63.4,46.9,59.1,,93.4,179.0,40.75,79.0,17.5,10.8,124.0,52.1,80.6,76.4,217.0,214.5,272.0,,,72.9,,,33.1,84.6,224.5,82.9,232.0,51.8,38.95,79.6,54.3
44.6,41.5,51.5,76.4,74.7,69.3,10.75,37.15,71.1,32.95,30.6,307.0,152.5,36.85,51.1,286.0,10.5,15.2,32.0,59.7,185.5,64.3,25.0,15.2,25.95,42.4,289.5,375.5,41.25,73.2,67.2,46.3,27.75,373.0,309.0,285.0,48.9,13.15,205.5,36.95,18.1,104.5,26.2,42.85,20.45,121.0,7.67,10.25,17.35,45.2,15.7,24.5,72.5,25.65,293.5,83.9,9.61,39.95,42.6,104.5,83.0,35.75,83.7,244.0,7.87,13.8,91.5,157.5,70.4,26.25,102.5,493.5,284.5,11.1,126.0,71.9,16.9,46.0,10.05,15.5,14.5,,240.5,18.3,30.05,10.75,28.8,9.15,10.45,17.8,18.8,46.55,48.95,9.84,19.7,16.1,26.25,16.05,9.72,14.05,20.9,18.05,223.0,74.2,2445.0,41.5,157.0,57.2,93.7,123.0,31.3,92.0,80.7,13.85,36.05,181.0,18.0,38.1,25.25,63.4,46.9,59.0,,93.4,179.0,40.75,79.0,17.5,10.8,124.0,52.2,80.6,76.4,217.0,214.5,272.0,,,72.8,,,33.1,85.0,224.5,82.9,232.0,51.8,38.9,79.6,54.3
44.6,41.5,51.5,76.4,74.7,69.3,10.7,37.15,71.1,32.95,30.65,307.0,152.5,36.85,51.1,286.0,10.5,15.2,32.0,59.7,185.5,64.3,25.05,15.2,25.95,42.4,289.5,375.5,41.25,73.2,67.2,46.3,27.75,373.0,309.0,285.0,48.9,13.15,206.0,36.95,18.1,104.5,26.2,42.8,20.45,121.5,7.68,10.3,17.35,45.15,15.75,24.5,72.6,25.7,293.5,83.7,9.61,39.95,42.6,104.5,83.0,35.75,83.7,244.0,7.87,13.8,91.4,157.5,70.4,26.25,102.5,493.5,284.5,11.1,126.0,71.9,16.95,46.0,10.05,15.5,14.5,,240.5,18.3,30.05,10.75,28.8,9.15,10.45,17.8,18.8,46.55,48.95,9.83,19.7,16.1,26.25,16.05,9.71,14.05,20.95,18.0,223.0,74.2,2445.0,41.5,157.0,57.2,93.7,123.0,31.35,91.9,80.7,13.8,36.05,181.0,18.0,38.1,25.25,63.4,46.9,59.1,,93.4,179.0,40.75,79.0,17.45,10.8,124.0,52.2,80.6,76.4,217.0,214.5,272.0,,,72.9,,,33.1,85.0,225.0,82.9,232.0,51.7,38.9,79.6,54.3
44.6,41.5,51.4,76.4,74.8,69.4,10.7,37.15,71.1,32.95,30.65,307.0,152.5,36.9,51.2,286.0,10.55,15.2,32.0,59.7,185.0,64.3,25.05,15.2,25.95,42.4,289.5,375.5,41.25,73.1,67.2,46.3,27.75,373.0,309.0,285.0,48.9,13.15,206.0,36.95,18.1,105.0,26.2,42.8,20.45,121.0,7.69,10.3,17.35,45.25,15.75,24.5,72.6,25.7,293.5,83.7,9.61,39.9,42.7,104.5,83.0,35.7,83.7,244.0,7.87,13.8,91.5,157.5,70.4,26.25,102.5,493.5,284.5,11.1,126.0,71.9,16.95,45.95,10.05,15.5,14.5,,240.5,18.3,30.05,10.75,28.8,9.15,10.45,17.8,18.8,46.55,48.95,9.84,19.7,16.15,26.25,16.1,9.71,14.05,20.95,18.0,223.5,74.2,2445.0,41.5,157.0,57.2,93.7,123.0,31.35,92.0,80.7,13.85,36.05,181.0,18.0,38.1,25.25,63.4,46.95,59.0,,93.3,179.0,40.75,79.1,17.45,10.8,124.0,52.2,80.5,76.5,217.0,214.5,272.0,,,72.9,,,33.1,85.0,225.0,82.9,232.0,51.7,38.9,79.6,54.3
44.6,41.55,51.4,76.4,74.8,69.4,10.75,37.15,71.1,32.95,30.65,307.0,152.5,36.85,51.2,286.0,10.5,15.2,32.0,59.6,185.0,64.3,25.05,15.15,25.95,42.4,289.0,375.5,41.25,73.2,67.3,46.25,27.75,373.0,309.0,285.0,48.9,13.2,206.0,36.95,18.1,104.5,26.25,42.85,20.45,121.5,7.69,10.3,17.35,45.2,15.75,24.45,72.6,25.7,293.0,84.1,9.62,39.9,42.75,104.5,83.1,35.75,83.7,244.0,7.87,13.85,91.5,157.5,70.3,26.25,102.5,493.5,284.5,11.1,126.0,71.9,16.95,46.0,10.05,15.5,14.45,,240.5,18.3,30.05,10.75,28.8,9.15,10.45,17.8,18.8,46.55,48.9,9.84,19.7,16.1,26.2,16.05,9.72,14.0,20.9,18.0,223.0,74.2,2445.0,41.5,157.0,57.3,93.7,123.0,31.4,92.1,80.7,13.8,36.05,181.0,18.0,38.1,25.25,63.4,46.95,59.0,,93.4,179.0,40.75,79.1,17.45,10.8,124.0,52.2,80.5,76.4,217.0,214.5,272.0,,,72.9,,,33.1,85.2,225.0,82.9,232.0,51.7,38.9,79.6,54.3
44.6,41.55,51.5,76.4,74.8,69.5,10.75,37.15,71.2,32.95,30.6,307.0,152.5,36.85,51.1,286.0,10.5,15.2,32.0,59.6,185.0,64.3,25.05,15.15,25.95,42.4,289.0,375.0,41.25,73.2,67.3,46.25,27.75,373.0,309.5,285.0,48.9,13.2,206.0,36.95,18.05,105.0,26.25,42.8,20.5,121.5,7.69,10.3,17.35,45.25,15.75,24.45,72.6,25.75,293.0,84.3,9.62,39.9,42.7,105.0,83.1,35.75,83.7,244.0,7.87,13.85,91.4,157.5,70.3,26.25,102.0,493.5,284.0,11.15,126.0,71.9,16.95,45.95,10.05,15.5,14.45,,240.5,18.3,30.0,10.75,28.8,9.16,10.45,17.8,18.8,46.55,48.8,9.83,19.7,16.1,26.25,16.1,9.71,14.0,20.95,18.0,223.0,74.3,2445.0,41.5,157.0,57.2,93.7,123.0,31.45,92.1,80.7,13.85,36.05,181.5,18.0,38.1,25.25,63.4,46.95,59.0,,93.3,179.0,40.85,79.2,17.5,10.8,124.0,52.1,80.6,76.3,217.0,214.5,272.0,,,72.9,,,33.1,85.2,225.0,82.9,232.0,51.7,38.9,79.6,54.4
44.6,41.55,51.5,76.4,74.8,69.5,10.75,37.15,71.2,32.95,30.6,307.0,152.5,36.9,51.2,286.0,10.5,15.2,32.0,59.7,185.0,64.3,25.05,15.15,25.9,42.4,288.5,375.0,41.25,73.2,67.3,46.25,27.75,373.0,309.5,284.5,48.9,13.15,206.0,36.9,18.1,105.0,26.25,42.8,20.5,121.5,7.69,10.3,17.3,45.25,15.75,24.5,72.7,25.75,293.0,85.1,9.62,39.9,42.7,104.5,83.1,35.75,83.7,244.0,7.87,13.85,91.4,157.5,70.4,26.25,102.0,494.0,284.0,11.15,126.0,71.9,16.95,46.0,10.05,15.5,14.45,,240.5,18.3,30.0,10.75,28.8,9.16,10.45,17.8,18.8,46.6,48.9,9.82,19.7,16.1,26.25,16.05,9.72,14.0,20.9,18.0,223.0,74.3,2445.0,41.55,157.0,57.2,93.7,123.0,31.45,92.1,80.7,13.85,36.05,181.0,18.0,38.1,25.25,63.4,46.95,59.0,,93.3,179.5,40.85,79.2,17.5,10.8,124.0,52.1,80.5,76.3,217.0,214.5,272.0,,,72.9,,,33.1,85.2,224.5,82.9,232.0,51.8,38.9,79.7,54.4
44.65,41.55,51.5,76.4,74.8,69.5,10.8,37.15,71.2,32.95,30.6,307.0,152.5,36.9,51.2,286.0,10.5,15.2,32.0,59.7,185.0,64.3,25.05,15.15,25.9,42.4,288.5,375.5,41.2,73.2,67.2,46.25,27.8,373.0,309.5,284.5,48.95,13.15,205.5,36.9,18.1,105.0,26.25,42.8,20.5,121.5,7.69,10.3,17.3,45.25,15.75,24.45,72.7,25.75,293.5,85.2,9.62,39.9,42.7,105.0,83.0,35.8,83.7,244.0,7.87,13.8,91.4,157.5,70.4,26.25,102.5,494.0,284.0,11.15,126.0,71.8,16.95,46.0,10.0,15.5,14.45,,240.5,18.3,30.05,10.75,28.8,9.16,10.45,17.8,18.85,46.55,48.85,9.82,19.7,16.1,26.2,16.1,9.72,14.05,20.95,18.05,223.5,74.3,2445.0,41.6,157.5,57.3,93.7,123.0,31.5,92.2,80.7,13.85,36.05,181.0,18.0,38.1,25.25,63.4,46.95,59.0,,93.3,179.5,40.85,79.3,17.5,10.8,124.0,52.1,80.5,76.3,217.0,214.5,272.0,,,72.9,,,33.1,85.2,224.0,82.9,232.0,51.9,38.9,79.7,54.4
44.65,41.55,51.5,76.4,74.8,69.5,10.75,37.15,71.2,32.95,30.6,307.0,152.5,36.8,51.2,286.5,10.5,15.2,32.0,59.7,185.0,64.3,25.05,15.15,25.95,42.4,288.5,375.0,41.25,73.2,67.2,46.25,27.75,373.0,309.5,284.5,48.9,13.2,206.0,36.95,18.1,105.0,26.25,42.8,20.5,121.5,7.69,10.35,17.3,45.2,15.75,24.5,72.7,25.75,293.5,84.9,9.62,39.85,42.7,105.0,83.0,35.8,83.9,244.0,7.87,13.85,91.4,157.5,70.5,26.25,102.5,493.5,284.0,11.15,126.5,71.8,16.95,46.0,10.0,15.5,14.5,,240.5,18.3,30.1,10.7,28.8,9.16,10.45,17.8,18.8,46.55,48.8,9.82,19.7,16.1,26.25,16.05,9.72,14.05,20.95,18.05,223.5,74.3,2445.0,41.6,157.5,57.3,93.7,123.0,31.5,92.3,80.7,13.85,36.05,181.0,18.0,38.1,25.25,63.4,47.0,59.1,,93.3,179.0,40.85,79.3,17.5,10.85,124.0,52.1,80.5,76.3,217.0,214.5,272.0,,,72.9,,,33.05,85.2,225.0,82.8,232.0,51.9,38.9,79.7,54.4
44.65,41.55,51.5,76.4,74.9,69.5,10.75,37.15,71.2,32.95,30.6,307.0,152.5,36.9,51.2,286.5,10.5,15.15,32.0,59.7,185.5,64.3,25.05,15.15,25.95,42.4,288.5,375.0,41.3,73.2,67.2,46.25,27.75,373.0,309.5,285.0,48.9,13.15,206.0,36.95,18.05,105.0,26.25,42.8,20.5,121.5,7.69,10.35,17.3,45.2,15.75,24.55,72.8,25.7,293.5,85.0,9.62,39.8,42.75,105.0,83.0,35.8,83.9,244.0,7.87,13.85,91.5,158.0,70.7,26.2,102.5,493.5,284.5,11.15,126.0,71.9,16.95,46.0,10.0,15.55,14.5,,240.5,18.3,30.1,10.75,28.8,9.16,10.45,17.8,18.8,46.55,48.85,9.82,19.65,16.15,26.25,16.1,9.72,14.0,20.95,18.05,223.0,74.3,2445.0,41.6,157.5,57.3,93.7,122.5,31.45,92.3,80.7,13.8,36.05,181.0,18.0,38.1,25.25,63.4,47.0,59.0,,93.3,179.0,40.85,79.3,17.5,10.8,124.0,52.2,80.5,76.3,217.0,214.5,272.0,,,72.9,,,33.05,85.2,225.0,82.8,232.0,51.9,38.9,79.7,54.4
44.6,41.55,51.4,76.3,74.9,69.4,10.75,37.15,71.2,32.95,30.65,307.0,152.5,36.9,51.3,286.5,10.5,15.15,32.0,59.7,185.5,64.3,25.05,15.15,25.9,42.4,288.5,375.0,41.3,73.2,67.2,46.25,27.75,373.0,309.5,285.0,48.95,13.2,206.0,36.95,18.05,105.0,26.25,42.8,20.5,121.5,7.68,10.35,17.35,45.2,15.75,24.55,72.7,25.7,293.5,85.0,9.62,39.85,42.75,105.0,83.0,35.85,83.9,244.0,7.87,13.85,91.4,158.0,70.7,26.3,102.5,494.0,284.5,11.15,126.0,71.9,16.95,46.0,10.0,15.55,14.5,,240.5,18.25,30.1,10.75,28.8,9.16,10.45,17.8,18.85,46.55,48.85,9.82,19.65,16.1,26.25,16.1,9.72,14.05,20.95,18.05,223.0,74.3,2450.0,41.55,157.5,57.2,93.7,123.0,31.55,92.3,80.7,13.85,36.05,181.0,18.0,38.1,25.25,63.4,47.05,59.0,,93.3,179.0,40.85,79.3,17.5,10.8,124.5,52.2,80.5,76.4,217.0,214.5,272.0,,,72.9,,,33.05,85.2,225.0,82.8,232.0,51.9,38.9,79.7,54.4
44.6,41.55,51.5,76.4,74.9,69.4,10.7,37.15,71.2,32.9,30.6,307.5,152.5,36.8,51.3,286.5,10.5,15.15,31.95,59.7,185.5,64.3,25.05,15.15,25.95,42.35,288.5,375.0,41.35,73.2,67.2,46.25,27.75,373.0,309.5,285.0,48.9,13.2,206.0,36.9,18.1,105.0,26.3,42.8,20.5,121.5,7.69,10.4,17.35,45.3,15.75,24.6,72.7,25.7,293.5,84.9,9.62,39.8,42.75,105.0,83.0,35.85,83.9,244.0,7.87,13.85,91.4,158.0,70.7,26.25,102.5,493.5,284.5,11.15,126.0,71.9,16.9,45.95,10.0,15.5,14.45,,240.5,18.25,30.1,10.75,28.75,9.16,10.45,17.8,18.8,46.55,48.8,9.82,19.7,16.15,26.25,16.1,9.71,14.05,20.9,18.05,223.0,74.3,2445.0,41.7,157.5,57.2,93.6,123.0,31.65,92.3,80.7,13.85,36.05,181.0,18.05,38.1,25.25,63.4,47.05,59.1,,93.4,179.0,40.85,79.3,17.45,10.8,124.5,52.2,80.5,76.4,217.0,214.5,270.0,,,72.9,,,33.05,85.2,224.5,82.8,231.5,51.9,38.9,79.7,54.3
44.6,41.55,51.5,76.4,74.9,69.5,10.75,37.15,71.2,32.95,30.7,307.5,152.5,36.85,51.4,287.0,10.5,15.15,31.95,59.7,185.5,64.3,25.05,15.2,26.0,42.35,288.5,375.0,41.35,73.2,67.2,46.25,27.75,373.0,309.5,285.0,48.9,13.2,206.0,36.95,18.05,105.0,26.35,42.75,20.5,121.5,7.69,10.4,17.35,45.3,15.75,24.6,72.8,25.7,293.5,84.9,9.63,39.8,42.75,105.0,83.1,35.8,83.9,244.0,7.87,13.85,91.5,158.0,70.7,26.25,102.5,494.0,284.0,11.1,126.0,72.0,16.95,45.95,10.05,15.5,14.45,,240.5,18.25,30.1,10.75,28.75,9.16,10.45,17.8,18.8,46.55,48.9,9.82,19.65,16.1,26.25,16.1,9.71,14.05,20.9,18.05,223.0,74.3,2445.0,41.7,157.5,57.2,93.6,123.0,31.6,92.3,80.7,13.85,36.05,181.0,18.1,38.1,25.25,63.4,47.05,59.1,,93.4,179.0,40.85,79.3,17.45,10.8,124.5,52.1,80.5,76.4,217.0,214.5,270.0,,,72.9,,,33.05,85.2,224.5,82.8,231.5,51.9,38.9,79.7,54.3
44.65,41.55,51.5,76.4,74.9,69.5,10.7,37.15,71.2,32.95,30.75,307.5,152.5,36.85,51.4,286.5,10.5,15.15,31.95,59.8,185.5,64.3,25.05,15.2,25.95,42.35,288.5,375.5,41.35,73.1,67.3,46.25,27.75,373.0,309.5,285.0,48.95,13.2,206.0,36.95,18.05,105.0,26.35,42.75,20.5,121.5,7.68,10.4,17.35,45.25,15.75,24.65,72.8,25.7,293.5,84.9,9.63,39.8,42.8,105.0,83.1,35.8,83.9,244.0,7.87,13.85,91.4,158.0,70.9,26.25,102.5,494.5,284.5,11.1,126.0,72.0,16.95,46.0,10.05,15.5,14.45,,240.5,18.3,30.1,10.75,28.8,9.16,10.45,17.8,18.8,46.6,48.9,9.82,19.65,16.1,26.25,16.1,9.71,14.0,20.95,18.05,223.5,74.4,2440.0,41.65,157.5,57.2,93.6,123.0,31.6,92.3,80.7,13.85,36.05,181.5,18.1,38.1,25.25,63.4,47.05,59.1,,93.4,179.0,40.9,79.2,17.5,10.8,124.0,52.1,80.5,76.6,217.0,214.5,270.0,,,72.9,,,33.05,85.2,224.5,82.8,231.5,51.9,38.9,79.7,54.3
44.65,41.5,51.5,76.4,74.9,69.5,10.75,37.15,71.3,32.95,30.8,308.0,152.5,36.85,51.4,286.5,10.5,15.15,31.95,59.8,185.0,64.3,25.05,15.2,25.95,42.35,288.5,375.0,41.35,73.1,67.3,46.25,27.75,373.0,309.5,285.0,48.9,13.2,206.5,36.95,18.05,105.0,26.35,42.8,20.5,121.5,7.68,10.35,17.35,45.25,15.8,24.65,72.8,25.7,293.5,84.9,9.63,39.8,42.8,105.0,83.0,35.85,83.9,244.5,7.87,13.85,91.5,158.0,71.0,26.2,102.5,494.5,284.0,11.1,126.0,71.9,16.95,46.0,10.05,15.5,14.45,,240.5,18.3,30.1,10.75,28.75,9.15,10.45,17.8,18.85,46.55,48.95,9.82,19.65,16.1,26.25,16.1,9.71,14.05,20.95,18.05,223.0,74.4,2445.0,41.65,157.0,57.2,93.6,123.0,31.55,92.3,80.7,13.85,36.05,181.0,18.05,38.1,25.25,63.4,47.0,59.1,,93.5,179.0,40.9,79.3,17.5,10.8,124.0,52.1,80.4,76.6,217.0,214.5,270.0,,,72.9,,,33.1,85.2,224.5,82.8,231.5,51.8,38.9,79.7,54.3
44.65,41.55,51.5,76.4,74.9,69.5,10.75,37.15,71.3,33.0,30.8,308.0,152.5,36.85,51.5,286.5,10.5,15.15,31.95,59.8,185.0,64.3,25.05,15.2,25.95,42.35,288.5,375.0,41.35,73.1,67.2,46.25,27.75,373.0,309.5,285.0,48.95,13.15,206.5,36.95,18.1,105.0,26.35,42.75,20.5,121.5,7.69,10.3,17.35,45.25,15.8,24.6,72.8,25.7,293.5,84.9,9.63,39.8,42.8,104.5,83.1,35.85,84.0,244.5,7.87,13.9,91.5,158.0,71.3,26.2,102.0,495.0,283.5,11.1,126.0,72.0,16.95,46.0,10.05,15.5,14.45,,240.5,18.3,30.1,10.75,28.8,9.16,10.45,17.8,18.8,46.6,48.9,9.82,19.7,16.15,26.3,16.1,9.71,14.0,20.95,18.05,223.0,74.4,2440.0,41.65,157.0,57.3,93.6,123.5,31.55,92.4,80.8,13.85,36.05,181.0,18.1,38.1,25.25,63.4,47.05,59.1,,93.5,179.0,40.95,79.3,17.5,10.8,124.5,52.1,80.4,76.6,217.0,214.5,270.0,,,72.9,,,33.1,85.2,224.5,82.8,231.5,51.9,38.85,79.7,54.3
44.6,41.5,51.4,76.4,74.9,69.5,10.75,37.2,71.3,33.0,30.8,308.0,152.5,36.8,51.5,287.0,10.5,15.15,31.95,59.8,185.0,64.3,25.05,15.2,25.95,42.35,288.5,375.0,41.35,73.2,67.2,46.3,27.8,373.0,309.5,285.5,48.9,13.2,206.5,36.95,18.1,105.0,26.3,42.8,20.5,121.5,7.67,10.35,17.35,45.25,15.8,24.6,72.8,25.7,293.5,84.9,9.63,39.8,42.8,105.0,83.1,35.9,84.0,244.5,7.87,13.9,91.4,158.0,71.3,26.25,102.0,494.5,284.0,11.1,126.0,72.0,16.95,46.0,10.0,15.5,14.45,,240.5,18.3,30.1,10.75,28.8,9.16,10.45,17.8,18.8,46.65,48.9,9.82,19.65,16.15,26.3,16.1,9.71,14.0,20.95,18.0,223.0,74.4,2440.0,41.6,157.5,57.3,93.6,123.5,31.5,92.2,80.8,13.85,36.05,181.0,18.1,38.1,25.25,63.4,47.0,59.2,,93.5,179.0,40.95,79.4,17.45,10.8,124.5,52.1,80.4,76.6,217.0,214.5,270.0,,,72.9,,,33.1,85.2,225.0,82.8,231.5,51.9,39.0,79.7,54.3
44.6,41.5,51.4,76.3,74.9,69.5,10.8,37.2,71.3,33.0,30.9,308.0,152.5,36.85,51.7,287.0,10.5,15.15,31.95,59.8,185.0,64.3,25.05,15.2,25.95,42.35,288.5,375.0,41.35,73.1,67.2,46.25,27.8,373.0,309.5,285.5,48.9,13.25,206.5,36.95,18.05,105.0,26.3,42.8,20.5,121.5,7.67,10.35,17.35,45.25,15.8,24.6,72.9,25.7,293.5,84.9,9.63,39.8,42.75,105.0,83.0,35.9,83.9,244.5,7.87,13.9,91.5,158.0,71.2,26.3,102.0,494.5,283.5,11.1,126.0,71.9,16.95,46.0,10.05,15.5,14.45,,240.5,18.25,30.1,10.75,28.8,9.15,10.45,17.8,18.85,46.65,48.95,9.83,19.65,16.15,26.3,16.1,9.71,14.05,20.95,18.05,223.0,74.4,2440.0,41.55,157.5,57.3,93.6,123.5,31.5,92.2,80.8,13.85,36.05,181.5,18.05,38.1,25.25,63.4,47.0,59.1,,93.5,179.0,40.95,79.3,17.45,10.85,124.5,52.2,80.4,76.6,218.0,214.5,270.0,,,72.9,,,33.1,85.2,224.0,82.8,231.5,51.9,39.0,79.7,54.4
44.65,41.5,51.5,76.3,74.9,69.6,10.8,37.2,71.3,33.0,30.9,308.0,152.5,36.85,51.6,287.0,10.5,15.15,31.95,59.8,185.0,64.3,25.05,15.2,25.95,42.35,288.5,375.0,41.35,73.2,67.2,46.3,27.8,373.0,309.5,286.0,48.95,13.2,206.5,36.95,18.05,105.0,26.3,42.85,20.5,121.0,7.67,10.35,17.35,45.35,15.8,24.6,72.9,25.75,293.5,84.9,9.63,39.8,42.75,104.5,83.1,35.85,83.9,245.0,7.87,13.9,91.5,157.5,71.2,26.25,102.0,494.5,283.5,11.15,126.0,72.0,16.95,46.0,10.05,15.5,14.45,,240.5,18.3,30.1,10.75,28.8,9.15,10.45,17.8,18.85,46.65,48.95,9.83,19.65,16.15,26.3,16.05,9.71,14.0,20.95,18.05,223.0,74.4,2440.0,41.6,157.5,57.3,93.6,123.0,31.55,92.2,80.8,13.8,36.05,181.0,18.1,38.1,25.25,63.4,47.0,59.1,,93.5,179.0,40.95,79.3,17.45,10.85,124.0,52.2,80.4,76.6,218.0,214.5,270.0,,,72.9,,,33.1,85.2,224.5,82.8,231.5,51.9,39.0,79.7,54.4
44.65,41.5,51.5,76.3,75.0,69.7,10.75,37.2,71.3,32.95,30.9,308.0,152.5,36.85,51.6,288.0,10.5,15.15,31.95,59.8,185.0,64.3,25.1,15.2,25.95,42.35,288.5,375.0,41.4,73.2,67.2,46.3,27.8,373.5,309.5,286.0,48.95,13.2,206.0,36.9,18.1,105.0,26.3,42.85,20.55,121.5,7.66,10.4,17.35,45.4,15.85,24.6,72.8,25.75,293.5,84.8,9.64,39.8,42.8,104.5,83.0,35.85,83.9,245.0,7.87,13.85,91.5,157.5,71.2,26.25,102.0,494.5,283.5,11.1,126.0,72.0,16.95,46.0,10.05,15.5,14.45,,240.5,18.25,30.1,10.75,28.8,9.16,10.45,17.8,18.85,46.65,49.0,9.83,19.65,16.15,26.3,16.05,9.72,14.0,20.95,18.05,223.0,74.4,2445.0,41.6,157.5,57.3,93.6,123.5,31.5,92.2,80.8,13.8,36.05,181.5,18.1,38.1,25.25,63.3,46.9,59.2,,93.6,179.0,40.95,79.3,17.5,10.8,124.5,52.1,80.4,76.5,218.0,214.5,270.0,,,72.9,,,33.1,85.2,224.0,82.8,231.5,51.9,39.0,79.7,54.4
44.65,41.5,51.5,76.3,75.0,69.7,10.75,37.2,71.3,32.95,30.9,308.0,152.5,36.85,51.6,289.0,10.55,15.15,31.95,59.8,185.0,64.3,25.1,15.2,25.9,42.35,288.5,375.0,41.4,73.2,67.3,46.3,27.8,373.5,309.5,287.0,48.95,13.2,206.0,36.95,18.1,105.0,26.35,42.85,20.55,121.5,7.64,10.35,17.35,45.4,15.8,24.65,72.8,25.75,293.5,84.9,9.64,39.8,42.8,104.0,83.0,35.85,83.9,245.0,7.87,13.9,91.5,158.0,71.1,26.3,102.0,494.5,283.5,11.1,126.0,72.1,16.95,46.0,10.05,15.5,14.5,,240.5,18.25,30.1,10.75,28.8,9.16,10.45,17.8,18.85,46.7,49.1,9.82,19.65,16.15,26.25,16.05,9.72,14.05,20.95,18.05,223.0,74.4,2445.0,41.6,157.5,57.2,93.6,123.0,31.5,92.2,80.8,13.8,36.05,181.0,18.1,38.1,25.25,63.4,46.85,59.2,,93.5,179.0,40.95,79.3,17.45,10.8,124.5,52.1,80.4,76.5,218.0,214.5,270.0,,,72.9,,,33.1,85.2,224.0,82.8,231.5,51.9,39.0,79.7,54.4
44.6,41.5,51.4,76.3,74.9,69.7,10.75,37.1,71.2,32.95,30.85,308.0,152.5,36.8,51.5,289.0,10.5,15.15,31.95,59.7,185.5,64.3,25.1,15.2,25.9,42.4,288.5,375.0,41.4,73.1,67.3,46.25,27.75,372.0,309.5,287.0,48.95,13.2,206.0,36.9,18.05,104.5,26.3,42.8,20.55,121.5,7.64,10.35,17.35,45.35,15.85,24.65,72.8,25.7,293.0,84.8,9.65,39.8,42.75,104.5,83.0,35.85,83.9,244.0,7.87,13.85,91.5,157.5,71.0,26.3,102.5,494.5,283.5,11.15,126.0,72.1,16.9,45.95,10.0,15.5,14.45,,240.5,18.25,30.1,10.75,28.8,9.15,10.45,17.8,18.75,46.7,49.2,9.83,19.65,16.1,26.25,16.05,9.71,14.0,20.95,18.0,223.0,74.3,2440.0,41.6,157.0,57.2,93.5,123.0,31.5,92.2,80.8,13.85,36.05,181.0,18.05,38.05,25.25,63.3,46.9,59.1,,93.4,179.0,40.9,79.3,17.45,10.8,124.0,52.1,80.4,76.5,218.5,214.5,270.0,,,72.9,,,33.1,85.2,224.0,82.8,231.5,51.8,39.0,79.7,54.3
44.6,41.55,51.5,76.3,74.8,69.6,10.75,37.1,71.2,32.95,30.85,308.0,152.5,36.8,51.5,289.0,10.5,15.15,32.0,59.7,185.5,64.3,25.1,15.2,25.95,42.35,288.5,375.0,41.4,73.1,67.3,46.25,27.8,373.0,309.5,287.5,48.9,13.2,206.0,36.9,18.1,104.5,26.3,42.75,20.55,121.5,7.65,10.35,17.35,45.3,15.8,24.6,72.8,25.75,293.0,84.9,9.65,39.85,42.7,104.0,82.9,35.85,83.9,244.0,7.87,13.85,91.4,157.5,70.9,26.25,102.0,494.0,283.5,11.1,126.0,72.2,16.9,45.95,10.0,15.5,14.45,,240.5,18.25,30.1,10.75,28.8,9.15,10.45,17.8,18.75,46.7,49.15,9.82,19.65,16.1,26.3,16.05,9.71,14.05,20.95,18.0,223.0,74.4,2440.0,41.55,157.5,57.2,93.7,123.0,31.45,92.1,80.8,13.8,36.05,181.0,18.05,38.1,25.25,63.3,46.9,59.1,,93.5,179.0,40.9,79.3,17.45,10.8,124.0,52.1,80.4,76.5,218.5,214.5,270.0,,,72.9,,,33.1,85.2,224.0,82.8,231.5,51.8,39.0,79.7,54.3
44.6,41.55,51.5,76.3,74.9,69.6,10.75,37.1,71.3,32.95,30.85,308.0,152.5,36.75,51.4,289.0,10.55,15.15,31.95,59.8,185.5,64.3,25.1,15.15,25.9,42.35,288.5,374.5,41.4,73.1,67.3,46.25,27.8,373.0,309.5,287.5,48.9,13.2,206.5,36.9,18.1,105.0,26.3,42.75,20.55,121.5,7.66,10.35,17.35,45.3,15.85,24.6,72.8,25.75,293.0,84.9,9.65,39.85,42.75,104.5,83.0,35.85,83.8,244.0,7.87,13.9,91.4,158.0,71.1,26.25,102.0,494.0,283.5,11.1,126.0,72.1,17.0,46.0,10.0,15.5,14.5,,240.5,18.3,30.05,10.75,28.8,9.15,10.45,17.8,18.75,46.75,49.1,9.82,19.7,16.1,26.25,16.1,9.71,14.0,20.95,18.0,223.0,74.4,2445.0,41.55,157.5,57.2,93.7,123.0,31.45,92.1,80.8,13.85,36.05,181.0,18.05,38.1,25.2,63.4,46.9,59.1,,93.6,179.0,40.9,79.3,17.5,10.8,124.0,52.2,80.4,76.6,218.5,214.5,270.0,,,72.9,,,33.1,85.2,224.0,82.8,231.5,51.8,39.0,79.7,54.3
44.6,41.55,51.5,76.3,74.9,69.6,10.7,37.1,71.2,32.95,30.85,308.0,152.5,36.75,51.4,288.0,10.5,15.15,31.95,59.8,185.5,64.3,25.1,15.15,25.95,42.35,288.5,374.5,41.4,73.1,67.3,46.25,27.8,373.0,309.5,287.0,48.9,13.2,206.5,36.95,18.1,105.0,26.35,42.8,20.5,121.5,7.67,10.3,17.35,45.35,15.8,24.55,72.9,25.7,293.0,84.9,9.65,39.85,42.75,104.5,83.0,35.9,83.8,244.0,7.87,13.85,91.4,158.0,71.1,26.25,102.0,494.5,283.5,11.1,125.5,72.1,17.0,46.0,10.0,15.5,14.5,,240.5,18.25,30.05,10.75,28.75,9.15,10.45,17.8,18.75,46.7,49.1,9.82,19.65,16.1,26.25,16.05,9.71,14.0,20.95,18.0,223.0,74.4,2445.0,41.5,157.5,57.3,93.5,123.5,31.5,92.0,80.8,13.8,36.05,180.5,18.1,38.1,25.2,63.3,46.85,59.2,,93.6,179.0,40.9,79.2,17.45,10.8,124.5,52.1,80.5,76.6,219.0,216.0,270.0,,,72.9,,,33.1,85.2,224.0,82.8,231.5,51.8,39.0,79.7,54.3
44.6,41.55,51.5,76.3,74.9,69.6,10.7,37.1,71.3,32.95,30.8,308.0,152.5,36.75,51.4,288.0,10.5,15.15,31.95,59.8,185.5,64.3,25.1,15.2,25.95,42.35,288.5,374.5,41.4,73.1,67.3,46.25,27.8,373.0,309.5,287.0,48.9,13.2,206.5,36.95,18.1,104.5,26.3,42.75,20.5,121.5,7.67,10.35,17.35,45.3,15.8,24.6,72.9,25.7,293.5,84.9,9.65,39.85,42.65,104.5,82.9,35.9,83.8,244.0,7.87,13.85,91.4,158.0,70.9,26.25,102.0,494.0,283.5,11.1,125.5,72.1,17.0,46.0,10.05,15.5,14.45,,240.5,18.25,30.05,10.75,28.75,9.15,10.45,17.85,18.8,46.7,49.1,9.83,19.65,16.1,26.3,16.05,9.72,14.05,20.95,18.05,223.5,74.4,2445.0,41.55,157.5,57.3,93.5,123.0,31.5,92.0,80.9,13.8,36.05,181.0,18.05,38.1,25.2,63.4,46.95,59.1,,93.7,179.0,40.9,79.2,17.45,10.8,124.5,52.0,80.5,76.6,219.0,216.0,270.0,,,72.9,,,33.1,85.1,224.0,82.8,232.0,51.8,39.0,79.7,54.4
44.6,41.55,51.5,76.3,74.9,69.6,10.75,37.1,71.3,32.95,30.8,308.0,152.5,36.75,51.4,288.0,10.5,15.15,31.95,59.8,185.5,64.3,25.1,15.2,25.95,42.35,288.5,374.5,41.4,73.1,67.3,46.25,27.8,373.0,309.5,286.5,48.9,13.2,206.5,36.95,18.1,105.0,26.3,42.8,20.5,121.5,7.69,10.35,17.35,45.35,15.8,24.55,72.9,25.75,293.5,84.8,9.65,39.85,42.65,105.0,82.9,35.85,83.8,244.0,7.87,13.85,91.4,158.0,70.8,26.25,102.0,494.5,283.5,11.1,126.0,72.1,17.0,46.0,10.0,15.5,14.45,,240.5,18.25,30.05,10.75,28.8,9.15,10.45,17.85,18.8,46.7,49.1,9.82,19.65,16.15,26.25,16.05,9.71,14.05,20.95,18.0,223.5,74.4,2445.0,41.5,157.5,57.4,93.5,123.5,31.45,92.0,80.9,13.8,35.9,181.0,18.05,38.1,25.2,63.4,46.95,59.1,,93.7,179.0,40.9,79.2,17.5,10.8,124.5,52.0,80.5,76.6,218.5,216.0,270.0,,,72.9,,,33.1,85.1,224.0,82.8,232.0,51.8,39.0,79.7,54.4
44.6,41.55,51.5,76.3,74.9,69.6,10.75,37.15,71.3,33.0,30.8,308.0,152.5,36.75,51.4,288.0,10.5,15.15,31.95,59.8,185.5,64.2,25.1,15.2,25.95,42.35,288.5,374.5,41.4,73.2,67.3,46.25,27.8,373.0,309.5,287.0,48.9,13.2,206.5,36.95,18.05,105.0,26.3,42.8,20.5,121.5,7.7,10.35,17.35,45.25,15.8,24.6,72.9,25.7,293.0,84.6,9.65,39.85,42.65,105.0,82.9,35.85,83.8,244.0,7.87,13.8,91.4,158.0,70.8,26.3,102.0,494.0,283.0,11.1,126.0,72.1,17.0,46.0,10.05,15.5,14.45,,240.5,18.25,30.05,10.75,28.8,9.15,10.45,17.85,18.8,46.7,49.1,9.83,19.65,16.15,26.25,16.1,9.71,14.05,20.95,18.0,223.0,74.3,2445.0,41.5,157.5,57.4,93.5,123.0,31.45,92.0,80.9,13.8,35.9,181.0,18.05,38.15,25.2,63.4,46.9,59.1,,93.8,179.0,40.9,79.2,17.5,10.8,124.5,52.0,80.5,76.6,218.5,216.0,270.0,,,73.0,,,33.1,85.1,223.5,82.8,232.0,52.0,39.0,79.7,54.4
44.65,41.6,51.5,76.3,74.9,69.6,10.75,37.15,71.3,33.0,30.8,308.0,152.5,36.75,51.4,287.0,10.5,15.15,31.95,59.8,185.5,64.2,25.1,15.2,25.95,42.35,289.5,374.5,41.4,73.2,67.3,46.25,27.8,373.0,309.5,287.0,48.9,13.2,206.5,36.95,18.1,105.5,26.3,42.75,20.5,121.5,7.7,10.35,17.35,45.25,15.8,24.6,72.9,25.7,293.0,84.6,9.65,39.9,42.65,105.0,82.9,35.85,84.0,245.0,7.87,13.8,91.4,158.0,70.8,26.3,102.0,495.0,283.0,11.1,126.0,72.1,17.0,46.0,10.05,15.5,14.45,,240.5,18.3,30.05,10.75,28.8,9.15,10.45,17.85,18.8,46.7,49.1,9.83,19.65,16.1,26.25,16.05,9.72,14.0,20.95,18.0,223.0,74.4,2445.0,41.45,157.5,57.4,93.5,123.5,31.5,92.0,80.9,13.85,35.9,181.0,18.05,38.1,25.2,63.4,46.9,59.2,,93.9,179.0,40.9,79.2,17.5,10.85,124.5,52.0,80.5,76.6,218.5,216.0,270.0,,,72.9,,,33.1,85.0,223.5,82.8,232.0,52.0,39.0,79.7,54.4
44.55,41.6,51.5,76.3,74.9,69.7,10.75,37.15,71.3,33.0,30.8,308.0,152.5,36.75,51.4,287.0,10.55,15.1,31.95,59.8,185.5,64.3,25.1,15.2,26.0,42.35,290.0,374.5,41.4,73.2,67.3,46.25,27.8,373.0,309.5,287.0,48.95,13.2,206.5,36.95,18.05,105.0,26.3,42.75,20.45,121.5,7.74,10.4,17.35,45.25,15.75,24.55,72.9,25.65,293.5,84.7,9.66,39.9,42.65,105.0,83.0,35.85,84.0,245.0,7.87,13.8,91.4,158.0,70.8,26.3,102.0,495.0,282.5,11.1,126.0,72.1,17.0,46.0,10.0,15.5,14.5,,240.5,18.3,30.05,10.75,28.8,9.15,10.45,17.85,18.8,46.7,49.1,9.84,19.7,16.1,26.3,16.05,9.72,14.05,20.95,18.0,223.5,74.3,2445.0,41.45,157.5,57.4,93.7,123.5,31.5,92.0,80.9,13.85,35.9,181.0,18.0,38.15,25.2,63.4,46.9,59.2,,94.0,179.5,40.8,79.2,17.5,10.8,124.5,52.0,80.5,76.6,218.5,216.0,270.0,,,72.9,,,33.1,85.0,224.5,82.8,232.0,52.0,39.1,79.8,54.3
44.55,41.6,51.5,76.3,74.9,69.7,10.7,37.2,71.3,32.95,30.8,308.0,152.5,36.8,51.5,287.0,10.55,15.1,31.95,59.8,185.0,64.3,25.1,15.2,25.95,42.35,289.5,375.0,41.4,73.2,67.3,46.25,27.8,373.0,309.5,287.0,48.95,13.2,206.5,36.95,18.1,105.0,26.3,42.8,20.45,122.0,7.71,10.4,17.35,45.3,15.8,24.6,73.0,25.65,293.5,84.6,9.66,39.9,42.7,105.0,83.0,35.85,83.7,245.0,7.87,13.85,91.5,158.0,70.9,26.3,102.0,495.0,282.0,11.1,126.0,72.1,17.0,46.0,10.05,15.5,14.5,,240.5,18.3,30.05,10.75,28.8,9.15,10.45,17.85,18.8,46.65,49.1,9.84,19.7,16.1,26.3,16.05,9.72,14.05,20.95,18.0,223.0,74.3,2445.0,41.45,157.5,57.4,93.7,123.5,31.5,92.0,80.9,13.85,35.9,181.0,18.05,38.15,25.2,63.4,46.9,59.2,,94.0,179.0,40.8,79.3,17.45,10.8,124.5,52.0,80.5,76.6,218.5,216.0,270.0,,,72.9,,,33.1,85.0,224.0,82.8,232.0,52.0,39.1,79.8,54.4
44.55,41.6,51.5,76.3,74.9,69.7,10.7,37.2,71.3,32.95,30.8,308.0,152.5,36.8,51.5,287.0,10.55,15.1,31.95,59.8,185.0,64.3,25.1,15.15,25.95,42.4,289.5,374.5,41.4,73.1,67.3,46.25,27.8,373.0,309.0,287.0,48.95,13.2,206.5,37.0,18.1,105.0,26.25,42.8,20.45,121.5,7.71,10.4,17.35,45.35,15.75,24.55,72.9,25.65,293.5,84.8,9.66,39.9,42.7,105.0,83.0,35.85,83.7,245.0,7.87,13.85,91.5,158.0,71.0,26.35,102.0,494.0,281.5,11.1,126.0,72.2,17.0,46.0,10.05,15.5,14.5,,240.5,18.3,30.05,10.75,28.8,9.15,10.45,17.85,18.8,46.7,49.1,9.85,19.7,16.1,26.25,16.1,9.72,14.05,20.95,18.05,223.5,74.3,2445.0,41.45,157.5,57.4,93.6,123.5,31.5,92.0,80.9,13.85,35.9,181.0,18.05,38.15,25.2,63.4,46.9,59.2,,94.0,179.0,40.8,79.2,17.45,10.8,124.5,52.0,80.5,76.6,218.5,216.0,270.0,,,72.9,,,33.1,84.9,224.5,82.8,232.0,52.0,39.1,79.8,54.4
44.6,41.6,51.4,76.5,75.0,69.7,10.75,37.2,71.3,32.95,30.8,308.5,152.5,36.8,51.5,287.0,10.55,15.1,31.95,59.8,185.0,64.3,25.1,15.15,25.95,42.4,289.5,374.5,41.4,73.1,67.3,46.25,27.75,373.0,309.0,287.5,48.95,13.2,206.5,37.0,18.1,105.0,26.2,42.8,20.45,121.5,7.71,10.4,17.35,45.35,15.8,24.65,73.0,25.7,293.5,84.9,9.66,39.9,42.75,105.0,83.0,35.85,83.7,245.0,7.87,13.85,91.4,158.0,71.0,26.25,102.0,494.0,281.5,11.1,126.0,72.1,17.0,46.0,10.0,15.5,14.5,,240.5,18.3,30.05,10.75,28.8,9.15,10.45,17.85,18.8,46.65,49.1,9.84,19.65,16.15,26.25,16.1,9.71,14.05,20.95,18.05,223.5,74.3,2445.0,41.45,157.5,57.4,93.6,123.5,31.45,92.0,80.9,13.8,35.9,181.0,18.05,38.15,25.2,63.3,46.95,59.1,,94.2,179.0,40.8,79.2,17.5,10.8,124.5,52.0,80.5,76.6,218.5,216.0,270.0,,,72.9,,,33.1,84.9,224.5,82.8,232.0,52.0,39.1,79.8,54.4
44.6,41.65,51.5,76.5,75.0,69.7,10.7,37.2,71.3,32.95,30.8,308.5,152.5,36.7,51.5,287.0,10.55,15.1,31.95,59.8,185.0,64.3,25.1,15.15,25.9,42.4,289.5,374.5,41.4,73.1,67.3,46.25,27.75,373.0,309.0,288.0,48.95,13.2,206.5,37.0,18.1,105.5,26.2,42.8,20.45,121.5,7.7,10.4,17.35,45.3,15.75,24.7,73.0,25.7,293.0,85.0,9.66,39.85,42.75,105.5,82.9,35.85,83.7,245.0,7.87,13.8,91.4,158.5,71.0,26.25,102.0,493.5,281.0,11.1,126.0,72.2,17.0,46.0,10.05,15.55,14.5,,240.5,18.3,30.05,10.75,28.8,9.16,10.45,17.85,18.85,46.65,49.1,9.83,19.65,16.1,26.3,16.1,9.71,14.05,20.95,18.05,223.5,74.3,2450.0,41.4,157.5,57.4,93.6,123.5,31.5,92.0,80.9,13.85,35.9,181.5,18.05,38.15,25.2,63.4,46.95,59.1,,94.2,179.0,40.8,79.2,17.5,10.8,124.5,52.0,80.5,76.7,218.5,216.0,270.0,,,72.9,,,33.1,84.8,224.0,82.8,232.0,51.9,39.1,79.8,54.4
44.6,41.65,51.4,76.5,75.0,69.7,10.7,37.2,71.3,32.95,30.8,308.5,152.5,36.75,51.6,287.0,10.55,15.1,31.95,59.8,185.5,64.3,25.1,15.2,25.95,42.4,289.5,374.5,41.4,73.2,67.3,46.25,27.8,373.0,309.0,288.0,48.95,13.2,206.5,37.0,18.1,105.5,26.2,42.8,20.5,121.5,7.7,10.4,17.35,45.35,15.75,24.65,73.0,25.7,293.0,84.8,9.66,39.85,42.75,105.0,83.0,35.9,83.7,245.0,7.87,13.85,91.5,158.5,71.0,26.3,102.0,494.0,280.5,11.1,126.0,72.1,17.0,46.0,10.0,15.55,14.5,,240.5,18.25,30.05,10.75,28.8,9.16,10.45,17.85,18.8,46.6,49.15,9.83,19.65,16.1,26.3,16.1,9.71,14.05,20.95,18.05,223.5,74.4,2450.0,41.4,157.0,57.4,93.6,123.0,31.45,92.0,80.8,13.85,35.9,181.5,18.05,38.15,25.2,63.3,46.9,59.1,,94.3,179.0,40.8,79.2,17.5,10.8,124.5,52.0,80.5,76.7,218.5,216.0,270.0,,,73.0,,,33.1,84.9,224.5,82.8,231.5,52.0,39.1,79.8,54.4
44.6,41.65,51.5,76.5,75.0,69.7,10.7,37.2,71.3,33.0,30.85,308.5,152.5,36.75,51.6,287.0,10.55,15.1,31.95,59.8,185.5,64.3,25.1,15.2,25.9,42.4,290.0,374.5,41.4,73.1,67.3,46.25,27.8,373.0,309.0,287.5,48.95,13.2,206.5,37.05,18.15,105.0,26.2,42.8,20.5,122.0,7.7,10.35,17.4,45.35,15.75,24.65,72.9,25.7,293.5,84.8,9.66,39.8,42.7,105.5,83.0,35.9,83.8,245.0,7.87,13.85,91.5,158.5,70.9,26.3,102.0,494.0,280.5,11.1,126.0,72.1,17.0,46.0,10.05,15.5,14.5,,240.5,18.3,30.05,10.75,28.8,9.16,10.45,17.85,18.8,46.6,49.2,9.84,19.7,16.15,26.3,16.1,9.71,14.05,20.95,18.05,223.0,74.4,2450.0,41.4,157.0,57.3,93.6,123.0,31.45,92.0,80.8,13.85,35.9,181.5,18.05,38.1,25.2,63.4,46.9,59.2,,94.4,179.0,40.8,79.3,17.5,10.8,124.5,52.1,80.5,76.7,218.5,216.0,270.0,,,73.0,,,33.1,84.6,224.5,82.8,231.5,52.0,39.0,79.8,54.4
44.6,41.65,51.5,76.5,75.0,69.7,10.7,37.2,71.3,33.0,30.85,308.5,152.5,36.7,51.5,287.0,10.5,15.1,31.95,59.8,185.5,64.3,25.1,15.2,25.95,42.4,289.5,374.0,41.4,73.1,67.3,46.25,27.8,373.0,309.0,287.0,48.95,13.25,206.5,37.05,18.15,105.5,26.2,42.75,20.45,122.0,7.7,10.35,17.4,45.35,15.75,24.65,72.9,25.7,293.0,84.8,9.66,39.8,42.7,105.5,83.0,35.9,83.7,245.0,7.87,13.85,91.4,158.5,70.9,26.3,102.0,494.0,281.5,11.1,126.0,72.1,17.0,46.0,10.0,15.5,14.5,,240.5,18.25,30.05,10.7,28.8,9.16,10.45,17.85,18.8,46.65,49.15,9.84,19.65,16.15,26.3,16.1,9.72,14.05,20.9,18.05,223.0,74.4,2445.0,41.4,157.5,57.3,93.6,123.0,31.45,92.0,80.9,13.85,35.9,181.0,18.05,38.1,25.2,63.4,46.9,59.2,,94.3,179.0,40.8,79.2,17.5,10.8,124.5,52.0,80.5,76.7,219.0,216.0,270.0,,,72.9,,,33.1,84.8,224.5,82.8,231.5,52.0,39.0,79.8,54.4
44.65,41.65,51.5,76.6,75.0,69.6,10.7,37.2,71.3,33.0,30.8,308.5,152.5,36.7,51.4,287.0,10.5,15.1,31.95,59.8,185.5,64.3,25.1,15.2,25.95,42.4,289.5,374.0,41.4,73.1,67.2,46.25,27.8,373.0,309.0,287.0,48.95,13.2,206.0,37.05,18.15,105.0,26.2,42.75,20.45,121.5,7.71,10.35,17.4,45.3,15.75,24.6,73.0,25.65,293.0,84.8,9.65,39.9,42.7,105.5,83.0,35.9,83.7,245.0,7.87,13.8,91.4,158.5,70.9,26.3,102.0,494.5,282.0,11.1,126.0,72.1,17.0,46.0,10.05,15.5,14.5,,240.5,18.3,30.05,10.7,28.8,9.15,10.45,17.85,18.8,46.65,49.15,9.84,19.65,16.15,26.3,16.1,9.72,14.05,20.95,18.05,223.5,74.4,2445.0,41.4,157.5,57.3,93.6,123.0,31.4,92.0,80.9,13.8,35.9,181.5,18.0,38.1,25.25,63.3,46.9,59.2,,94.3,179.0,40.8,79.2,17.5,10.8,124.5,52.0,80.5,76.7,219.0,216.0,270.0,,,72.9,,,33.1,84.8,224.0,82.8,232.0,52.0,39.0,79.8,54.3
44.6,41.65,51.4,76.6,74.9,69.6,10.7,37.2,71.2,33.0,30.8,308.5,152.5,36.7,51.4,287.0,10.5,15.1,31.95,59.8,185.5,64.3,25.1,15.2,25.9,42.4,289.5,373.5,41.4,73.1,67.2,46.2,27.75,373.0,309.0,287.0,48.9,13.2,206.5,37.0,18.1,105.5,26.15,42.8,20.45,121.5,7.7,10.35,17.4,45.3,15.8,24.65,73.0,25.65,293.0,84.6,9.66,39.9,42.7,105.5,83.0,35.85,83.7,244.5,7.87,13.85,91.5,158.5,70.8,26.3,102.0,494.5,282.0,11.1,126.0,72.1,16.95,46.0,10.0,15.5,14.45,,240.5,18.25,30.05,10.7,28.75,9.15,10.45,17.85,18.8,46.65,49.15,9.84,19.65,16.15,26.25,16.05,9.72,14.0,20.9,18.0,223.5,74.3,2445.0,41.4,157.5,57.3,93.6,123.0,31.4,92.0,80.9,13.85,35.9,181.0,18.0,38.05,25.25,63.3,46.85,59.1,,94.2,179.0,40.8,79.2,17.45,10.8,124.5,52.0,80.5,76.6,219.0,216.0,270.0,,,72.9,,,33.1,84.8,224.0,82.8,232.0,51.9,39.15,79.8,54.3
44.6,41.65,51.5,76.6,74.9,69.5,10.7,37.2,71.1,33.0,30.8,308.0,152.5,36.7,51.4,287.0,10.5,15.1,31.95,59.8,185.5,64.3,25.1,15.2,25.95,42.4,289.5,373.5,41.45,73.1,67.2,46.2,27.75,373.0,309.0,287.0,48.9,13.2,206.5,37.0,18.2,105.5,26.2,42.8,20.45,121.5,7.7,10.35,17.4,45.2,15.75,24.65,73.0,25.7,293.5,84.8,9.66,39.9,42.7,105.0,83.0,35.85,83.7,244.5,7.87,13.85,91.5,158.5,70.8,26.3,102.0,494.5,282.0,11.1,126.0,72.1,16.95,46.0,10.05,15.5,14.45,,240.5,18.25,30.05,10.75,28.8,9.16,10.45,17.85,18.8,46.65,49.15,9.83,19.7,16.15,26.3,16.05,9.72,14.05,20.95,18.05,223.0,74.3,2445.0,41.4,157.0,57.4,93.6,123.5,31.4,92.0,80.9,13.85,35.9,181.0,18.0,38.05,25.2,63.3,46.85,59.1,,94.2,179.0,40.8,79.1,17.5,10.8,124.5,52.0,80.5,76.6,219.0,216.0,270.0,,,72.9,,,33.1,84.8,224.5,82.8,232.0,51.9,39.15,79.8,54.3
44.6,41.65,51.4,76.5,74.9,69.5,10.75,37.2,71.1,32.95,30.8,308.0,152.5,36.7,51.4,287.0,10.5,15.1,31.95,59.8,185.0,64.3,25.1,15.2,25.9,42.4,289.0,373.0,41.45,73.2,67.2,46.2,27.8,373.0,309.0,286.5,48.95,13.2,206.5,37.0,18.2,105.0,26.2,42.8,20.5,121.5,7.7,10.35,17.35,45.25,15.75,24.65,73.0,25.7,293.5,84.8,9.66,39.9,42.65,105.0,83.0,35.9,83.7,244.5,7.87,13.8,91.5,158.5,70.7,26.3,102.0,494.0,282.0,11.1,126.0,72.1,16.95,46.05,10.05,15.55,14.45,,240.5,18.25,30.05,10.75,28.8,9.15,10.45,17.85,18.8,46.6,49.15,9.83,19.65,16.1,26.3,16.05,9.71,14.05,20.95,18.05,223.0,74.3,2445.0,41.4,157.0,57.4,93.6,123.0,31.35,92.0,80.9,13.8,35.9,181.0,18.0,38.1,25.3,63.4,46.85,59.1,,94.0,179.0,40.8,79.0,17.5,10.8,124.0,52.0,80.5,76.6,219.0,216.0,270.0,,,72.9,,,33.1,84.8,224.0,82.8,232.0,51.9,39.15,79.8,54.3
44.6,41.65,51.5,76.5,74.9,69.5,10.7,37.2,71.1,33.0,30.8,308.0,152.0,36.75,51.4,287.0,10.5,15.1,31.95,59.8,185.0,64.3,25.1,15.15,25.95,42.35,289.0,373.0,41.45,73.2,67.2,46.2,27.8,372.5,309.0,286.5,48.95,13.2,206.0,37.0,18.2,105.0,26.2,42.75,20.45,121.5,7.7,10.35,17.35,45.25,15.7,24.6,73.1,25.65,293.5,84.8,9.65,39.8,42.6,105.0,83.0,35.9,83.7,244.5,7.87,13.85,91.4,158.5,70.7,26.3,102.0,493.5,282.5,11.1,126.0,72.1,16.85,46.05,10.05,15.55,14.45,,240.5,18.25,30.05,10.75,28.75,9.16,10.45,17.85,18.75,46.6,49.1,9.83,19.65,16.1,26.25,16.1,9.71,14.0,20.9,18.0,223.0,74.4,2445.0,41.4,157.5,57.4,93.6,123.0,31.3,92.0,80.9,13.85,35.9,181.0,18.05,38.1,25.3,63.4,46.8,59.2,,93.7,179.0,40.8,79.0,17.45,10.8,124.5,52.0,80.5,76.6,218.0,216.0,270.0,,,72.9,,,33.1,84.8,224.0,82.9,232.0,51.9,39.15,79.7,54.4
44.6,41.65,51.4,76.5,74.8,69.5,10.7,37.2,71.1,32.95,30.8,308.0,152.0,36.75,51.4,287.0,10.5,15.1,31.95,59.8,185.5,64.3,25.05,15.15,25.95,42.35,289.0,373.0,41.4,73.1,67.2,46.2,27.8,372.5,309.5,286.5,48.9,13.2,206.5,36.95,18.15,105.0,26.15,42.8,20.5,121.5,7.7,10.35,17.3,45.25,15.75,24.65,73.1,25.65,293.5,84.8,9.65,39.8,42.55,105.0,83.0,35.9,83.7,244.5,7.87,13.85,91.4,158.0,70.7,26.3,102.0,493.5,283.0,11.1,126.0,72.1,16.85,46.05,10.0,15.55,14.45,,240.5,18.2,30.05,10.75,28.8,9.15,10.45,17.85,18.8,46.65,49.15,9.83,19.65,16.15,26.25,16.05,9.71,14.0,20.9,18.0,223.0,74.4,2445.0,41.4,157.5,57.4,93.6,123.0,31.3,92.0,80.9,13.85,35.9,180.5,18.0,38.1,25.3,63.3,46.8,59.1,,93.7,179.0,40.8,79.0,17.45,10.8,124.5,52.0,80.5,76.6,218.0,216.0,270.0,,,72.9,,,33.1,84.8,224.0,82.9,231.5,51.9,39.15,79.7,54.4
44.55,41.65,51.4,76.5,74.8,69.5,10.75,37.15,71.1,32.95,30.8,308.0,152.0,36.75,51.3,287.0,10.5,15.1,31.95,59.8,185.5,64.3,25.05,15.15,25.9,42.35,289.0,373.0,41.4,73.1,67.2,46.2,27.8,372.5,309.5,286.5,48.9,13.2,206.5,36.95,18.15,105.0,26.15,42.75,20.5,121.5,7.7,10.35,17.3,45.25,15.75,24.6,73.1,25.65,294.0,84.7,9.65,39.8,42.55,105.0,83.0,35.85,83.8,244.5,7.87,13.85,91.5,158.0,70.8,26.3,102.0,493.5,283.0,11.1,125.5,72.1,16.85,46.05,10.05,15.55,14.45,,240.5,18.2,30.05,10.75,28.75,9.15,10.45,17.85,18.75,46.6,49.1,9.82,19.65,16.1,26.3,16.05,9.71,14.0,20.9,18.0,223.0,74.3,2450.0,41.4,157.5,57.4,93.6,123.0,31.25,92.0,80.9,13.85,35.9,180.5,18.0,38.1,25.3,63.3,46.75,59.0,,93.7,179.0,40.8,79.0,17.5,10.8,125.0,52.0,80.5,76.6,218.0,216.0,270.0,,,72.9,,,33.1,84.8,223.5,82.9,232.0,51.9,39.15,79.7,54.2
44.55,41.65,51.4,76.5,74.8,69.5,10.7,37.15,71.1,32.95,30.8,308.0,152.0,36.7,51.3,286.0,10.5,15.1,31.95,59.8,185.0,64.3,25.05,15.15,25.9,42.35,289.0,373.0,41.4,73.1,67.3,46.2,27.8,372.5,309.5,286.5,48.85,13.2,206.5,36.95,18.2,105.0,26.15,42.8,20.5,121.5,7.7,10.35,17.3,45.25,15.7,24.65,73.1,25.65,294.0,84.7,9.65,39.75,42.55,105.0,82.9,35.9,83.8,244.0,7.87,13.85,91.4,158.0,70.8,26.3,102.0,494.0,283.0,11.1,126.0,72.1,16.85,46.05,10.0,15.5,14.45,,240.5,18.25,30.0,10.75,28.75,9.15,10.4,17.85,18.75,46.55,49.15,9.82,19.65,16.1,26.25,16.05,9.71,14.0,20.95,18.0,223.0,74.3,2445.0,41.4,157.0,57.4,93.6,123.0,31.25,92.0,80.9,13.85,35.9,181.0,18.0,38.05,25.3,63.3,46.75,59.1,,93.7,179.0,40.8,79.0,17.45,10.8,125.0,52.0,80.5,76.6,218.0,216.0,270.0,,,72.8,,,33.1,84.8,223.5,82.9,232.0,51.9,39.15,79.7,54.2
44.55,41.65,51.4,76.5,74.8,69.5,10.7,37.15,71.1,32.9,30.65,307.5,152.0,36.65,51.3,287.0,10.5,15.1,31.95,59.8,185.0,64.3,25.05,15.15,25.9,42.35,289.5,373.5,41.45,73.1,67.2,46.25,27.8,372.5,309.5,286.0,48.85,13.15,206.0,36.95,18.15,105.0,26.15,42.8,20.5,121.5,7.7,10.3,17.3,45.25,15.75,24.6,73.1,25.65,293.5,84.7,9.64,39.75,42.55,104.5,83.0,35.9,83.8,244.0,7.87,13.85,91.4,158.0,70.8,26.3,102.0,493.5,283.0,11.1,125.5,72.1,16.9,46.05,10.0,15.5,14.45,,240.5,18.2,30.0,10.75,28.75,9.14,10.4,17.85,18.75,46.5,49.1,9.82,19.65,16.1,26.25,16.05,9.71,14.0,20.9,18.0,223.0,74.3,2445.0,41.45,157.5,57.4,93.5,123.0,31.25,92.0,80.9,13.85,35.9,180.5,18.05,38.05,25.3,63.3,46.75,59.0,,93.7,179.0,40.8,79.0,17.5,10.8,125.0,52.0,80.5,76.7,218.0,216.0,269.5,,,72.8,,,33.0,84.8,223.5,82.9,232.0,51.9,39.15,79.7,54.2
44.55,41.65,51.4,76.5,74.8,69.5,10.7,37.15,71.1,32.9,30.65,307.0,152.0,36.6,51.3,287.0,10.55,15.1,31.9,59.8,185.0,64.3,25.05,15.15,25.9,42.35,289.0,373.5,41.4,73.1,67.2,46.25,27.8,372.0,309.5,286.0,48.85,13.15,206.0,36.95,18.15,105.0,26.15,42.8,20.5,121.5,7.7,10.3,17.3,45.2,15.7,24.6,73.1,25.65,293.5,84.7,9.64,39.75,42.55,105.0,82.9,35.9,83.7,244.0,7.87,13.85,91.4,158.5,70.9,26.3,102.0,493.5,283.0,11.1,126.0,72.1,16.85,46.05,10.0,15.55,14.45,,240.5,18.2,30.0,10.75,28.75,9.14,10.4,17.85,18.75,46.5,49.1,9.81,19.65,16.1,26.3,16.05,9.71,14.0,20.95,18.05,223.0,74.3,2445.0,41.4,157.5,57.4,93.5,123.0,31.2,92.0,80.8,13.85,35.9,180.5,18.05,38.1,25.3,63.4,46.75,59.0,,93.8,179.0,40.8,78.9,17.5,10.8,125.0,52.0,80.5,76.6,218.0,216.0,269.5,,,72.8,,,33.0,84.7,224.0,82.9,231.5,52.0,39.15,79.7,54.3
44.55,41.65,51.5,76.5,74.8,69.6,10.7,37.15,71.0,32.9,30.65,307.0,152.0,36.65,51.3,287.0,10.55,15.1,31.9,59.8,185.0,64.3,25.05,15.15,25.95,42.35,289.0,373.5,41.4,73.1,67.2,46.25,27.8,372.0,309.5,285.5,48.9,13.2,206.0,37.0,18.15,105.0,26.15,42.75,20.5,121.5,7.7,10.3,17.3,45.25,15.7,24.55,73.1,25.7,293.5,84.7,9.64,39.75,42.55,105.0,82.8,35.85,83.7,244.5,7.87,13.85,91.4,158.0,70.8,26.3,102.0,493.0,282.0,11.1,125.5,72.2,16.85,46.05,10.0,15.55,14.5,,240.5,18.2,30.0,10.75,28.75,9.15,10.4,17.85,18.75,46.5,49.1,9.81,19.65,16.1,26.25,16.05,9.71,14.0,20.9,18.0,223.0,74.3,2445.0,41.4,157.5,57.5,93.5,122.5,31.25,92.0,80.8,13.85,35.9,180.5,18.05,38.1,25.25,63.4,46.7,59.1,,93.9,179.0,40.85,79.0,17.5,10.8,125.0,51.9,80.5,76.6,220.0,216.0,269.5,,,72.9,,,33.0,84.8,224.0,82.9,231.5,51.7,39.0,79.7,54.2
44.55,41.65,51.5,76.3,74.8,69.5,10.75,37.15,71.0,32.9,30.65,307.0,152.0,36.7,51.3,287.0,10.55,15.1,31.9,59.8,185.5,64.3,25.05,15.15,25.9,42.35,289.5,373.5,41.45,73.1,67.2,46.25,27.8,372.0,309.5,285.0,48.9,13.2,206.0,36.95,18.15,105.0,26.15,42.8,20.5,121.5,7.7,10.25,17.3,45.25,15.7,24.55,73.0,25.65,293.5,84.7,9.64,39.75,42.55,104.5,82.8,35.85,83.7,244.5,7.87,13.85,91.4,158.5,70.6,26.3,102.5,493.5,281.5,11.1,125.5,72.1,16.9,46.05,10.0,15.5,14.45,,240.5,18.2,30.0,10.75,28.75,9.15,10.4,17.85,18.75,46.5,49.1,9.81,19.65,16.1,26.25,16.05,9.71,14.0,20.95,18.0,223.0,74.3,2440.0,41.4,157.5,57.5,93.5,122.5,31.2,92.0,80.8,13.85,35.9,180.5,18.0,38.1,25.25,63.4,46.7,59.1,,93.8,179.0,40.85,79.0,17.5,10.8,125.0,51.9,80.5,76.6,220.0,216.0,269.5,,,72.9,,,33.0,84.7,224.0,82.9,232.0,51.7,39.0,79.7,54.2
44.6,41.65,51.5,76.3,74.9,69.5,10.75,37.15,71.1,32.9,30.65,306.5,152.0,36.65,51.3,287.0,10.5,15.1,31.9,59.7,185.0,64.3,25.05,15.15,25.9,42.35,289.5,373.5,41.45,73.1,67.2,46.2,27.75,371.5,309.5,285.0,48.85,13.15,206.5,36.95,18.15,104.5,26.2,42.75,20.5,121.5,7.7,10.3,17.3,45.2,15.7,24.6,73.0,25.65,293.5,84.7,9.65,39.8,42.55,105.0,82.8,35.85,83.7,243.5,7.87,13.8,91.5,158.0,70.7,26.25,102.5,493.0,281.5,11.1,125.0,72.1,16.9,46.0,10.05,15.5,14.45,,240.5,18.2,30.0,10.75,28.8,9.14,10.4,17.85,18.75,46.5,49.1,9.81,19.65,16.1,26.25,16.05,9.71,14.0,20.9,18.05,223.5,74.3,2440.0,41.4,157.0,57.7,93.4,122.5,31.2,92.0,80.9,13.8,35.9,180.5,18.0,38.1,25.25,63.3,46.75,59.1,,93.8,178.5,40.8,78.9,17.5,10.8,125.0,51.9,80.5,76.6,220.0,216.0,269.5,,,72.8,,,33.0,84.7,224.0,82.9,232.0,51.7,39.0,79.7,54.3
44.55,41.65,51.4,76.3,74.9,69.5,10.75,37.2,71.1,32.9,30.65,306.5,152.0,36.65,51.2,287.0,10.5,15.1,31.9,59.8,185.5,64.3,25.05,15.2,25.9,42.35,289.0,373.5,41.45,73.1,67.2,46.2,27.75,371.5,309.5,285.0,48.8,13.15,206.5,36.95,18.15,104.5,26.15,42.8,20.5,121.5,7.7,10.3,17.3,45.2,15.7,24.55,73.0,25.65,294.0,84.7,9.65,39.8,42.55,104.5,82.8,35.85,83.7,243.5,7.87,13.8,91.5,158.5,70.8,26.35,102.5,493.0,282.0,11.1,125.0,72.1,16.9,46.0,10.0,15.5,14.45,,240.0,18.2,30.0,10.75,28.75,9.14,10.45,17.85,18.8,46.5,49.1,9.81,19.65,16.1,26.25,16.0,9.71,14.05,20.95,18.0,223.0,74.3,2440.0,41.4,157.5,57.7,93.4,122.5,31.25,92.0,80.9,13.8,35.9,180.5,18.0,38.1,25.25,63.3,46.7,59.1,,93.7,178.5,40.8,78.9,17.5,10.8,125.0,51.8,80.5,76.6,219.0,216.0,269.5,,,72.9,,,33.0,84.8,224.0,82.9,232.0,51.7,39.0,79.7,54.3
44.6,41.65,51.4,76.3,74.9,69.5,10.7,37.15,71.0,32.95,30.65,306.0,152.0,36.65,51.2,287.0,10.5,15.1,31.9,59.7,185.5,64.3,25.05,15.2,25.9,42.35,289.0,373.5,41.45,73.1,67.2,46.2,27.7,371.5,308.5,284.5,48.85,13.15,206.0,36.95,18.1,104.5,26.15,42.75,20.45,121.0,7.69,10.25,17.3,45.15,15.7,24.55,73.0,25.65,294.0,84.6,9.64,39.75,42.55,105.5,82.7,35.9,83.7,243.5,7.87,13.8,91.5,158.5,70.8,26.25,102.0,493.5,282.0,11.1,125.5,72.1,16.85,46.0,10.05,15.55,14.45,,240.0,18.2,30.0,10.75,28.75,9.14,10.4,17.8,18.75,46.5,49.15,9.81,19.7,16.1,26.25,16.0,9.72,14.0,20.95,18.0,223.0,74.2,2440.0,41.4,157.5,57.6,93.2,122.5,31.25,92.0,80.7,13.85,35.9,180.5,18.05,38.05,25.25,63.3,46.75,59.1,,93.7,178.5,40.8,78.9,17.45,10.85,125.0,51.8,80.4,76.6,220.0,216.0,269.5,,,72.9,,,32.95,84.8,224.0,82.8,232.0,51.7,39.0,79.7,54.3
44.55,41.65,51.3,76.3,74.8,69.5,10.75,37.15,71.0,32.9,30.65,306.0,152.0,36.65,51.3,287.0,10.5,15.1,31.9,59.7,185.0,64.3,25.05,15.2,25.95,42.35,289.0,373.5,41.45,73.1,67.2,46.2,27.7,372.0,309.0,284.5,48.8,13.15,206.5,36.9,18.1,104.5,26.15,42.75,20.45,121.0,7.69,10.25,17.3,45.15,15.7,24.55,73.0,25.65,293.5,84.6,9.66,39.8,42.5,105.5,82.8,35.9,83.7,243.5,7.87,13.8,91.5,158.5,70.7,26.25,102.0,493.0,282.0,11.1,125.0,72.1,16.9,46.0,10.05,15.55,14.45,,240.0,18.2,30.0,10.75,28.75,9.14,10.5,17.8,18.75,46.5,49.1,9.81,19.65,16.1,26.25,16.0,9.71,14.0,20.9,18.0,223.0,74.2,2440.0,41.4,157.5,57.6,93.2,122.5,31.25,92.0,80.7,13.8,35.9,180.5,18.0,38.05,25.25,63.3,46.7,59.1,,93.6,178.5,40.8,78.8,17.45,10.8,125.0,51.8,80.4,76.6,220.0,216.0,269.5,,,72.9,,,33.0,84.8,223.5,82.8,232.0,51.7,39.0,79.7,54.3
44.55,41.65,51.4,76.3,74.9,69.6,10.75,37.15,71.0,32.9,30.65,305.0,152.0,36.65,51.2,287.0,10.5,15.1,31.9,59.7,185.0,64.3,25.05,15.2,25.9,42.35,289.5,374.5,41.45,73.1,67.2,46.2,27.7,372.0,309.0,284.5,48.8,13.15,206.5,36.9,18.15,104.5,26.15,42.75,20.45,121.0,7.69,10.2,17.35,45.15,15.7,24.55,73.0,25.6,293.5,84.6,9.65,39.8,42.45,105.0,82.8,35.8,83.7,243.5,7.87,13.85,91.6,158.0,70.7,26.25,102.0,493.0,282.0,11.1,125.0,72.1,16.9,46.0,10.0,15.55,14.45,,240.0,18.2,30.0,10.75,28.8,9.14,10.5,17.8,18.8,46.55,49.15,9.81,19.65,16.1,26.3,16.0,9.72,14.0,20.9,18.0,223.5,74.3,2440.0,41.4,157.5,57.6,93.2,123.0,31.25,92.0,80.7,13.8,36.0,180.5,18.05,38.0,25.25,63.4,46.7,59.2,,93.6,178.5,40.8,78.8,17.45,10.8,125.5,51.8,80.4,76.6,220.0,216.0,269.5,,,72.9,,,32.95,84.8,223.5,82.8,232.0,51.7,39.0,79.6,54.2
44.55,41.6,51.4,76.3,74.8,69.5,10.75,37.15,71.0,32.9,30.65,305.0,152.0,36.65,51.2,287.0,10.5,15.1,31.9,59.7,185.0,64.3,25.05,15.2,25.9,42.35,289.5,374.5,41.45,73.0,67.2,46.2,27.7,372.0,309.0,284.5,48.85,13.2,206.5,36.9,18.1,105.0,26.15,42.8,20.45,121.5,7.69,10.2,17.35,45.2,15.65,24.55,73.0,25.65,293.5,84.6,9.67,39.8,42.45,105.5,82.7,35.8,83.7,243.5,7.87,13.8,91.5,158.5,70.6,26.25,102.0,493.0,282.5,11.1,125.5,72.1,16.9,46.0,10.05,15.55,14.45,,240.0,18.2,30.05,10.75,28.75,9.14,10.5,17.8,18.8,46.5,49.1,9.81,19.65,16.1,26.3,16.0,9.71,14.0,20.95,18.0,223.5,74.2,2440.0,41.4,157.5,57.6,93.4,122.5,31.3,92.0,80.7,13.8,36.0,180.0,18.0,38.0,25.25,63.3,46.7,59.1,,93.6,178.5,40.8,78.9,17.5,10.8,125.5,51.8,80.4,76.6,220.0,215.0,269.5,,,72.9,,,32.95,84.9,223.0,82.8,232.0,51.7,39.0,79.6,54.2
44.55,41.6,51.4,76.3,74.8,69.5,10.75,37.15,71.0,32.95,30.65,304.0,152.0,36.65,51.2,287.0,10.55,15.1,31.9,59.7,185.0,64.3,25.1,15.2,25.9,42.35,289.0,374.5,41.45,73.0,67.2,46.2,27.7,372.0,309.0,284.5,48.85,13.15,206.5,36.9,18.1,104.5,26.15,42.75,20.45,121.0,7.69,10.3,17.35,45.2,15.65,24.5,73.0,25.6,294.0,84.6,9.64,39.8,42.45,105.5,82.8,35.8,83.7,243.5,7.87,13.85,91.5,158.0,70.6,26.25,102.0,493.0,282.5,11.1,125.5,72.1,16.9,46.0,10.05,15.55,14.45,,240.0,18.25,30.05,10.75,28.8,9.14,10.45,17.8,18.75,46.55,49.1,9.81,19.65,16.1,26.25,16.05,9.71,14.05,20.95,18.05,223.5,74.2,2440.0,41.4,157.5,57.6,93.3,123.0,31.25,92.0,80.7,13.85,36.0,180.0,18.05,38.05,25.25,63.2,46.65,59.1,,93.6,178.5,40.8,78.9,17.45,10.8,125.5,51.8,80.4,76.6,220.0,215.0,269.5,,,73.0,,,33.0,84.9,223.0,82.8,232.0,51.7,39.0,79.6,54.3
44.6,41.65,51.4,76.4,74.8,69.5,10.75,37.15,71.1,32.95,30.65,303.0,152.0,36.65,51.3,287.0,10.5,15.1,31.9,59.7,185.0,64.3,25.05,15.2,25.9,42.35,289.0,374.0,41.45,73.0,67.2,46.2,27.7,372.0,309.0,284.5,48.85,13.15,206.0,36.9,18.1,104.5,26.2,42.8,20.45,121.0,7.69,10.3,17.3,45.2,15.65,24.5,73.0,25.65,293.5,84.6,9.64,39.75,42.45,105.5,82.8,35.8,83.7,243.5,7.87,13.85,91.5,158.0,70.6,26.25,102.0,493.0,282.5,11.1,125.5,72.0,16.85,46.0,10.05,15.55,14.45,,240.0,18.2,30.05,10.75,28.75,9.14,10.5,17.8,18.75,46.5,49.05,9.81,19.65,16.15,26.3,16.05,9.71,14.0,20.9,18.0,223.0,74.2,2440.0,41.4,157.5,57.6,93.3,122.5,31.25,92.0,80.7,13.8,36.0,180.0,18.05,38.05,25.25,63.2,46.65,59.0,,93.6,178.5,40.8,78.8,17.5,10.8,125.5,51.8,80.4,76.6,220.0,215.0,269.5,,,73.0,,,33.0,84.9,223.0,82.8,232.0,51.7,39.0,79.6,54.3
44.6,41.65,51.5,76.4,74.8,69.5,10.75,37.15,71.1,32.95,30.6,303.0,152.0,36.65,51.3,287.0,10.5,15.1,31.9,59.7,185.0,64.3,25.05,15.2,25.9,42.35,289.0,374.0,41.45,73.1,67.3,46.2,27.8,372.0,309.0,284.5,48.85,13.2,206.0,36.9,18.1,104.5,26.2,42.75,20.45,121.5,7.69,10.3,17.3,45.2,15.65,24.5,73.0,25.6,293.5,84.6,9.67,39.75,42.45,105.5,83.0,35.8,83.7,243.5,7.87,13.8,91.5,158.0,70.6,26.25,102.0,492.5,282.0,11.15,125.5,72.0,16.9,45.95,10.05,15.5,14.45,,240.0,18.25,30.05,10.75,28.8,9.15,10.5,17.8,18.8,46.55,49.05,9.82,19.65,16.15,26.3,16.05,9.72,14.0,20.95,18.0,223.0,74.2,2440.0,41.35,157.5,57.6,93.3,123.0,31.2,92.0,80.7,13.85,36.0,180.5,18.05,38.05,25.25,63.2,46.7,59.0,,93.6,178.5,40.85,78.8,17.5,10.8,125.5,51.8,80.4,76.7,220.0,215.0,269.5,,,73.0,,,33.0,84.9,223.5,82.8,232.0,51.7,39.0,79.5,54.3
44.6,41.65,51.5,76.4,74.8,69.5,10.75,37.15,71.1,33.0,30.6,302.0,152.0,36.6,51.3,287.0,10.5,15.1,31.9,59.7,185.5,64.3,25.05,15.2,25.9,42.35,289.5,374.0,41.45,73.1,67.3,46.2,27.8,372.0,308.5,284.5,48.85,13.2,206.0,36.9,18.1,104.5,26.15,42.75,20.45,121.0,7.68,10.25,17.3,45.15,15.65,24.5,73.0,25.65,293.5,84.6,9.67,39.75,42.45,105.5,83.0,35.75,83.6,243.5,7.87,13.8,91.5,158.0,70.7,26.25,102.0,493.0,282.5,11.1,125.5,72.0,16.9,45.95,10.0,15.55,14.45,,240.0,18.25,30.05,10.7,28.75,9.14,10.45,17.8,18.75,46.5,49.05,9.81,19.65,16.15,26.3,16.05,9.71,14.0,20.95,18.0,223.0,74.2,2440.0,41.45,157.5,57.6,93.3,123.0,31.25,92.0,80.7,13.8,36.0,180.5,18.05,38.05,25.25,63.2,46.7,59.0,,93.5,178.5,40.85,78.8,17.5,10.8,125.5,51.9,80.4,76.7,220.0,215.0,269.5,,,72.9,,,33.0,84.9,224.0,82.8,232.0,51.7,39.0,79.5,54.3
44.55,41.7,51.5,76.4,74.8,69.5,10.75,37.1,71.1,32.95,30.6,301.5,152.0,36.65,51.2,287.0,10.55,15.1,31.9,59.7,185.5,64.3,25.05,15.25,25.95,42.35,289.0,374.0,41.45,73.1,67.3,46.2,27.8,372.0,308.5,284.5,48.9,13.15,206.0,36.9,18.1,104.5,26.15,42.75,20.45,121.0,7.68,10.25,17.35,45.2,15.7,24.5,73.0,25.6,294.0,84.6,9.67,39.75,42.5,105.5,82.9,35.75,83.6,243.5,7.99,13.85,91.6,158.0,70.7,26.25,102.0,493.0,283.0,11.1,125.5,72.1,16.9,45.95,10.0,15.55,14.5,,240.0,18.2,30.05,10.7,28.75,9.14,10.45,17.8,18.75,46.5,49.0,9.82,19.7,16.1,26.3,16.05,9.71,14.0,20.9,18.0,223.5,74.3,2440.0,41.45,157.5,57.6,93.3,123.0,31.3,92.0,80.8,13.8,36.0,180.0,18.05,38.1,25.25,63.2,46.7,59.0,,93.6,179.0,40.8,78.9,17.45,10.8,125.5,51.9,80.5,76.7,220.0,215.0,269.5,,,73.0,,,33.0,84.9,224.0,82.8,232.0,51.7,39.0,79.5,54.3
44.55,41.7,51.4,76.4,74.9,69.5,10.8,37.1,71.1,32.95,30.6,302.5,152.0,36.65,51.2,286.5,10.55,15.1,31.9,59.7,185.5,64.4,25.05,15.2,25.9,42.35,289.0,374.0,41.45,73.1,67.3,46.2,27.75,372.0,308.5,284.5,48.9,13.15,206.0,36.9,18.1,105.0,26.25,42.75,20.5,121.0,7.68,10.25,17.35,45.25,15.6,24.55,73.0,25.65,293.5,84.7,9.67,39.75,42.45,105.5,83.0,35.75,83.6,243.5,7.99,13.8,91.5,158.0,70.8,26.3,102.0,493.0,283.0,11.1,125.5,72.1,16.9,45.95,10.0,15.55,14.5,,240.0,18.2,30.05,10.7,28.75,9.14,10.45,17.8,18.75,46.5,49.0,9.81,19.65,16.15,26.3,16.05,9.71,14.0,20.9,18.0,223.5,74.3,2440.0,41.45,157.5,57.6,93.3,123.0,31.3,92.0,80.8,13.8,36.0,180.5,18.05,38.1,25.25,63.2,46.7,59.0,,93.7,178.5,40.8,78.9,17.45,10.8,125.5,51.9,80.5,76.8,220.0,215.0,269.5,,,73.0,,,33.0,84.9,223.5,82.8,232.0,51.7,39.0,79.5,54.2
44.6,41.75,51.4,76.4,75.0,69.5,10.75,37.1,71.1,32.95,30.6,303.0,152.0,36.6,51.2,286.5,10.55,15.1,31.9,59.7,185.5,64.4,25.05,15.2,25.95,42.35,289.5,374.0,41.5,73.1,67.3,46.25,27.75,372.0,308.5,284.5,48.9,13.15,206.5,36.85,18.1,105.0,26.2,42.75,20.5,121.0,7.68,10.25,17.35,45.25,15.6,24.55,73.0,25.65,293.5,84.7,9.67,39.75,42.4,106.0,83.0,35.75,83.6,243.5,7.99,13.8,91.6,158.0,70.7,26.25,102.0,493.5,283.0,11.1,125.5,72.1,16.9,45.95,10.0,15.5,14.5,,240.0,18.25,30.05,10.7,28.75,9.14,10.45,17.8,18.8,46.5,49.0,9.82,19.65,16.1,26.3,16.05,9.72,14.0,20.95,18.0,223.0,74.3,2445.0,41.45,157.5,57.5,93.3,123.0,31.25,92.0,80.8,13.8,36.0,180.5,18.05,38.1,25.2,63.2,46.75,59.0,,93.6,178.5,40.8,78.8,17.5,10.8,125.5,51.9,80.5,76.8,220.0,215.0,269.5,,,73.0,,,33.0,84.9,223.5,82.8,232.0,51.7,39.0,79.5,54.2
44.6,41.75,51.4,76.4,74.9,69.5,10.8,37.1,71.0,32.95,30.6,304.0,152.0,36.65,51.2,286.5,10.5,15.1,31.9,59.7,185.5,64.4,25.05,15.2,25.9,42.35,289.0,374.0,41.5,73.1,67.3,46.25,27.7,372.0,309.5,284.5,48.9,13.1,206.5,36.85,18.1,105.0,26.2,42.7,20.5,121.0,7.68,10.25,17.35,45.2,15.6,24.6,73.0,25.6,293.5,84.7,9.67,39.75,42.45,106.0,83.0,35.75,83.6,244.5,7.99,13.8,91.5,158.0,70.7,26.25,102.0,493.5,283.0,11.1,125.5,72.1,16.85,46.0,10.0,15.5,14.45,,240.0,18.25,30.05,10.7,28.75,9.14,10.45,17.8,18.75,46.5,49.0,9.81,19.65,16.1,26.3,16.05,9.71,14.0,20.95,18.0,223.5,74.2,2445.0,41.4,157.5,57.3,93.3,123.0,31.25,92.0,80.8,13.8,36.0,180.5,18.05,38.1,25.2,63.3,46.75,59.0,,93.7,178.5,40.8,78.9,17.5,10.8,125.5,51.9,80.5,76.8,220.0,215.0,269.5,,,72.9,,,33.0,84.9,224.0,82.8,232.0,51.7,39.0,79.5,54.2
44.65,41.7,51.4,76.4,74.9,69.5,10.75,37.1,71.1,32.95,30.6,304.5,152.0,36.6,51.3,286.5,10.5,15.1,31.9,59.7,185.0,64.4,25.05,15.2,25.95,42.35,289.0,374.5,41.5,73.1,67.3,46.25,27.7,372.0,309.5,284.5,48.9,13.15,206.0,36.85,18.1,105.0,26.2,42.7,20.5,121.0,7.68,10.25,17.35,45.2,15.6,24.6,73.0,25.6,293.5,84.6,9.67,39.75,42.4,106.5,83.0,35.75,83.6,244.5,7.99,13.8,91.5,158.0,70.8,26.3,102.0,494.0,283.0,11.1,125.5,72.1,16.9,46.0,10.05,15.5,14.45,,240.0,18.2,30.05,10.7,28.75,9.15,10.45,17.8,18.8,46.5,49.0,9.84,19.65,16.15,26.35,16.05,9.71,14.0,20.95,17.95,223.5,74.2,2445.0,41.4,158.0,57.3,93.3,123.0,31.25,92.0,80.8,13.85,36.0,180.5,18.05,38.15,25.2,63.3,46.75,58.9,,93.7,178.5,40.8,78.8,17.45,10.8,125.5,51.9,80.5,76.8,220.0,215.0,269.5,,,73.0,,,33.0,84.9,224.0,82.8,231.5,51.7,39.0,79.5,54.3
44.65,41.75,51.4,76.4,74.9,69.5,10.75,37.1,71.0,32.95,30.6,305.0,152.0,36.6,51.2,286.5,10.5,15.1,31.9,59.7,185.0,64.4,25.05,15.2,25.9,42.35,289.0,374.5,41.45,73.1,67.3,46.25,27.7,372.0,309.5,284.5,48.9,13.15,206.0,36.9,18.1,105.0,26.2,42.75,20.5,121.0,7.67,10.25,17.35,45.2,15.6,24.6,72.9,25.65,293.5,84.6,9.67,39.75,42.4,107.5,83.0,35.75,83.6,244.5,7.99,13.8,91.5,158.5,70.8,26.25,102.0,494.0,283.5,11.1,125.5,72.1,16.85,46.0,10.05,15.55,14.45,,240.0,18.2,30.05,10.7,28.75,9.14,10.45,17.85,18.75,46.5,49.0,9.81,19.65,16.1,26.3,16.05,9.71,14.0,20.9,18.0,223.5,74.2,2445.0,41.4,158.0,57.3,93.3,123.0,31.2,92.0,80.8,13.8,36.0,180.5,18.05,38.1,25.2,63.2,46.75,59.0,,93.7,178.5,40.8,78.8,17.45,10.8,125.5,51.9,80.5,76.8,220.0,215.0,269.5,,,73.0,,,33.0,84.9,224.0,82.8,231.5,51.7,39.0,79.5,54.3
44.6,41.8,51.5,76.4,75.0,69.6,10.75,37.1,71.0,32.95,30.6,305.0,152.0,36.6,51.2,286.5,10.5,15.1,31.9,59.7,185.5,64.4,25.05,15.2,25.95,42.4,289.5,374.5,41.45,73.1,67.3,46.2,27.7,372.0,309.5,285.5,48.9,13.15,206.0,36.9,18.1,104.5,26.2,42.7,20.5,121.0,7.66,10.25,17.35,45.15,15.6,24.6,73.0,25.65,294.0,84.6,9.67,39.8,42.4,107.0,83.0,35.75,83.6,244.5,7.99,13.85,91.6,158.0,70.8,26.25,102.0,493.5,283.5,11.15,125.5,72.1,16.85,46.0,10.05,15.55,14.45,,240.0,18.25,30.05,10.7,28.75,9.14,10.45,17.8,18.8,46.55,49.0,9.81,19.65,16.1,26.35,16.05,9.71,14.05,20.9,18.0,223.5,74.3,2440.0,41.45,158.0,57.3,93.3,122.5,31.25,92.0,80.8,13.8,36.0,180.5,18.05,38.1,25.2,63.2,46.75,59.0,,93.8,178.5,40.8,78.8,17.5,10.8,125.5,51.9,80.5,76.8,219.5,215.0,269.5,,,73.0,,,33.0,84.9,224.5,82.8,231.5,51.8,39.0,79.5,54.3
44.6,41.75,51.4,76.4,75.2,69.6,10.75,37.1,71.0,33.0,30.6,305.5,152.0,36.6,51.2,286.5,10.5,15.1,31.9,59.7,185.5,64.4,25.05,15.2,25.95,42.4,289.0,374.5,41.5,73.1,67.3,46.25,27.7,372.0,309.5,284.5,48.9,13.15,206.5,36.9,18.1,104.5,26.25,42.7,20.5,121.0,7.66,10.25,17.35,45.2,15.6,24.6,72.9,25.65,294.0,84.6,9.67,39.8,42.4,107.0,83.0,35.75,83.6,244.5,7.99,13.8,91.5,158.0,70.8,26.25,102.0,494.0,283.5,11.1,125.5,72.2,16.9,46.0,10.05,15.55,14.45,,240.0,18.3,30.05,10.7,28.75,9.14,10.45,17.8,18.8,46.5,49.05,9.82,19.65,16.1,26.3,16.05,9.71,14.0,20.95,18.0,223.0,74.3,2440.0,41.45,158.0,57.3,93.3,123.0,31.2,92.0,80.8,13.85,36.0,181.0,18.1,38.1,25.2,63.2,46.75,59.1,,93.9,178.5,40.8,78.8,17.5,10.85,125.5,51.9,80.5,76.9,219.5,215.0,269.5,,,73.0,,,33.0,84.9,224.5,82.8,231.5,51.7,39.0,79.5,54.3
44.65,41.85,51.5,76.3,75.2,69.6,10.75,37.1,71.1,33.0,30.65,305.0,152.0,36.6,51.2,286.5,10.55,15.1,31.95,59.7,185.5,64.4,25.1,15.2,25.95,42.4,289.5,374.5,41.5,73.1,67.3,46.25,27.7,372.0,309.5,284.5,48.85,13.15,206.0,36.9,18.1,104.5,26.25,42.7,20.5,121.0,7.67,10.3,17.35,45.15,15.6,24.6,72.9,25.65,294.0,84.6,9.67,39.8,42.35,107.0,83.0,35.75,83.6,244.5,7.99,13.85,91.5,158.5,70.9,26.25,102.5,494.0,283.5,11.1,125.5,72.2,16.9,46.0,10.05,15.55,14.45,,240.0,18.3,30.05,10.7,28.75,9.14,10.45,17.8,18.8,46.55,49.0,9.82,19.65,16.1,26.3,16.05,9.72,14.05,20.95,18.0,223.5,74.3,2440.0,41.4,158.0,57.3,93.5,123.0,31.2,92.0,80.8,13.85,36.0,181.0,18.1,38.1,25.2,63.3,46.75,59.1,,93.9,178.5,40.85,78.8,17.5,10.85,125.5,52.0,80.4,76.9,219.5,215.0,269.5,,,72.9,,,33.0,85.0,224.0,82.8,231.5,51.7,39.0,79.5,54.3
44.65,41.85,51.4,76.3,75.2,69.6,10.75,37.1,71.1,33.0,30.6,305.0,152.0,36.65,51.2,286.5,10.55,15.1,31.95,59.7,185.5,64.4,25.1,15.2,25.95,42.4,289.0,374.5,41.5,73.1,67.3,46.25,27.7,372.5,309.5,284.5,48.85,13.2,206.0,36.9,18.1,104.5,26.2,42.75,20.5,121.0,7.67,10.25,17.35,45.2,15.6,24.55,72.9,25.6,293.5,84.6,9.67,39.8,42.35,107.5,83.0,35.75,83.6,244.5,7.99,13.8,91.5,158.5,70.9,26.25,102.5,494.0,284.0,11.1,125.5,72.2,16.9,46.0,10.05,15.55,14.45,,240.0,18.3,30.05,10.7,28.75,9.14,10.45,17.8,18.8,46.5,49.05,9.81,19.65,16.1,26.35,16.05,9.72,14.0,20.95,18.0,223.5,74.3,2440.0,41.4,158.0,57.3,93.5,123.0,31.25,92.0,80.8,13.85,36.0,181.0,18.05,38.1,25.2,63.3,46.75,59.1,,93.8,178.5,40.85,78.9,17.5,10.8,125.5,52.0,80.4,76.9,219.5,214.5,269.5,,,72.9,,,33.1,85.0,224.0,82.8,231.5,51.7,38.95,79.5,54.3
44.65,41.85,51.4,76.3,75.2,69.7,10.75,37.1,71.1,33.0,30.6,305.0,152.0,36.6,51.2,286.5,10.55,15.1,31.95,59.8,185.5,64.3,25.1,15.2,25.95,42.35,289.0,374.5,41.5,73.1,67.3,46.25,27.7,372.5,309.5,284.5,48.85,13.15,206.5,36.9,18.1,105.0,26.2,42.75,20.5,121.0,7.67,10.25,17.35,45.2,15.55,24.55,72.9,25.65,293.5,84.6,9.67,39.75,42.35,107.5,83.0,35.75,83.6,244.5,7.99,13.85,91.5,158.5,71.0,26.25,102.5,494.0,284.5,11.1,125.5,72.2,16.9,46.0,10.0,15.55,14.45,,240.0,18.3,30.05,10.7,28.75,9.15,10.45,17.8,18.8,46.55,49.0,9.83,19.65,16.15,26.3,16.05,9.71,14.0,20.95,18.0,223.5,74.3,2440.0,41.45,158.5,57.3,93.5,123.0,31.25,92.0,80.8,13.85,36.0,180.5,18.05,38.1,25.25,63.3,46.7,59.1,,93.8,178.5,40.85,78.9,17.5,10.8,125.5,51.9,80.4,76.8,219.5,214.5,269.5,,,72.9,,,33.1,85.0,224.0,82.8,231.5,51.7,38.95,79.5,54.2
44.65,41.85,51.4,76.3,75.2,69.5,10.8,37.1,71.0,32.95,30.6,305.5,152.0,36.65,51.2,286.5,10.5,15.1,31.95,59.8,185.5,64.3,25.05,15.2,25.95,42.35,288.5,374.5,41.5,73.1,67.3,46.25,27.7,372.0,309.5,285.0,48.85,13.15,206.5,36.9,18.1,105.0,26.25,42.75,20.45,121.5,7.67,10.25,17.35,45.2,15.6,24.55,72.8,25.65,294.0,84.7,9.66,39.8,42.35,107.0,83.0,35.7,83.6,244.5,7.99,13.8,91.5,158.5,70.9,26.25,102.0,493.5,284.5,11.1,125.5,72.1,16.85,46.0,10.0,15.55,14.45,,240.0,18.25,30.05,10.7,28.75,9.15,10.45,17.8,18.75,46.65,49.05,9.83,19.65,16.15,26.3,16.05,9.72,14.05,20.95,18.0,223.5,74.3,2445.0,41.45,158.5,57.3,93.5,123.0,31.3,92.0,80.8,13.8,36.0,180.5,18.05,38.1,25.25,63.3,46.75,59.1,,94.0,178.5,40.85,78.9,17.5,10.8,125.5,52.0,80.4,76.9,219.5,214.5,269.5,,,72.9,,,33.1,85.0,224.0,82.8,231.5,51.6,38.95,79.5,54.2
44.65,41.85,51.4,76.3,75.1,69.6,10.75,37.1,71.1,32.95,30.6,305.5,152.0,36.65,51.3,286.5,10.5,15.1,31.95,59.8,185.5,64.3,25.05,15.15,25.95,42.4,289.0,374.5,41.5,73.1,67.3,46.3,27.7,372.0,309.5,285.0,48.85,13.1,206.5,36.9,18.1,105.0,26.25,42.7,20.45,121.5,7.67,10.3,17.3,45.15,15.6,24.6,72.8,25.6,293.5,84.6,9.65,39.8,42.35,107.0,83.0,35.75,83.6,244.5,7.99,13.85,91.5,158.5,70.9,26.25,102.0,493.5,285.0,11.1,125.5,72.1,16.85,46.0,10.0,15.55,14.45,,240.0,18.25,30.05,10.7,28.8,9.15,10.45,17.8,18.75,46.65,49.1,9.82,19.65,16.15,26.35,16.05,9.71,14.05,20.95,18.0,223.0,74.3,2445.0,41.45,159.0,57.3,93.5,123.0,31.25,92.2,80.8,13.8,36.0,180.5,18.1,38.1,25.25,63.2,46.75,59.0,,93.9,179.0,40.85,78.8,17.55,10.8,126.0,52.0,80.3,76.9,219.5,214.5,269.5,,,73.0,,,33.1,85.0,224.0,82.8,231.5,51.7,38.95,79.5,54.3
44.65,41.85,51.4,76.3,75.1,69.6,10.75,37.15,71.1,32.95,30.6,305.5,152.0,36.65,51.3,286.5,10.55,15.1,31.95,59.8,185.5,64.3,25.05,15.15,25.9,42.4,288.5,374.0,41.5,73.1,67.3,46.3,27.7,372.0,309.5,285.0,48.75,13.15,206.5,36.9,18.1,105.0,26.2,42.75,20.45,121.5,7.67,10.25,17.3,45.2,15.6,24.6,72.8,25.6,293.5,84.6,9.65,39.8,42.35,107.0,83.0,35.75,83.6,244.5,7.99,13.85,91.5,158.5,70.9,26.3,102.0,493.5,285.0,11.1,125.0,72.2,16.9,46.0,10.05,15.55,14.45,,240.0,18.25,30.05,10.7,28.75,9.15,10.45,17.8,18.8,46.65,49.1,9.82,19.65,16.1,26.35,16.05,9.71,14.0,20.95,18.0,223.0,74.3,2445.0,41.5,158.5,57.3,93.5,123.0,31.3,92.2,80.8,13.85,36.0,180.5,18.05,38.1,25.25,63.2,46.8,59.0,,93.9,179.0,40.8,78.9,17.5,10.8,126.0,51.9,80.3,76.9,219.5,214.5,269.5,,,73.0,,,33.1,85.0,224.0,82.8,231.5,51.7,38.95,79.5,54.3
44.6,41.85,51.4,76.3,75.1,69.6,10.75,37.15,71.1,32.95,30.6,305.5,152.0,36.7,51.3,286.5,10.55,15.1,31.95,59.8,185.5,64.3,25.05,15.15,25.95,42.35,288.5,374.0,41.5,73.1,67.3,46.3,27.7,372.0,309.5,285.0,48.75,13.15,206.0,36.9,18.15,105.0,26.2,42.7,20.45,121.5,7.67,10.3,17.3,45.2,15.6,24.6,72.8,25.6,293.5,84.6,9.65,39.75,42.35,106.5,82.9,35.8,83.7,244.5,7.99,13.85,91.5,158.5,70.9,26.25,102.5,493.5,287.0,11.1,125.5,72.1,16.9,46.0,10.05,15.5,14.5,,240.0,18.25,30.05,10.7,28.8,9.15,10.45,17.8,18.8,46.6,49.1,9.83,19.65,16.1,26.35,16.05,9.71,14.05,20.95,18.0,223.0,74.3,2445.0,41.5,159.0,57.3,93.5,123.0,31.35,92.2,80.8,13.85,35.9,180.5,18.05,38.1,25.25,63.3,46.8,59.0,,93.9,179.0,40.8,79.0,17.5,10.8,125.5,52.0,80.3,76.9,219.5,214.5,269.5,,,73.0,,,33.1,85.0,224.0,82.8,231.5,51.8,38.95,79.5,54.3
44.6,41.85,51.4,76.3,75.1,69.6,10.75,37.15,71.1,32.95,30.6,306.0,152.0,36.75,51.3,286.5,10.55,15.1,31.95,59.8,185.5,64.3,25.05,15.15,25.9,42.35,288.5,374.0,41.5,73.1,67.3,46.3,27.7,372.0,309.5,285.0,48.75,13.15,206.0,36.95,18.15,105.0,26.2,42.75,20.45,121.5,7.67,10.3,17.3,45.25,15.6,24.6,72.8,25.6,294.0,84.6,9.65,39.75,42.35,106.5,83.0,35.8,83.6,244.5,7.99,13.85,91.5,158.5,70.8,26.25,102.5,493.5,287.0,11.1,125.5,72.1,16.9,46.0,10.0,15.5,14.5,,240.0,18.25,30.05,10.7,28.8,9.15,10.45,17.8,18.8,46.55,49.1,9.83,19.65,16.15,26.3,16.05,9.71,14.05,20.95,18.0,223.0,74.3,2445.0,41.5,159.0,57.3,93.5,122.5,31.35,92.2,80.8,13.85,35.9,180.5,18.05,38.1,25.25,63.2,46.8,59.1,,93.7,179.0,40.8,79.0,17.5,10.8,125.5,52.0,80.4,76.9,220.0,214.5,269.5,,,73.0,,,33.1,85.0,224.0,82.8,231.5,51.8,38.95,79.5,54.3
44.65,41.85,51.4,76.3,75.1,69.6,10.75,37.15,71.1,33.0,30.65,306.0,152.0,36.8,51.3,286.5,10.55,15.1,31.95,59.8,185.5,64.3,25.1,15.15,25.9,42.35,289.0,374.0,41.5,73.1,67.3,46.3,27.7,372.0,309.5,285.0,48.75,13.15,206.0,36.9,18.1,105.0,26.15,42.7,20.45,121.5,7.68,10.3,17.3,45.15,15.65,24.6,72.8,25.6,294.0,84.6,9.66,39.75,42.35,107.0,83.0,35.8,83.6,244.5,7.99,13.85,91.6,158.5,70.8,26.25,102.5,493.0,287.0,11.1,125.0,72.1,16.9,46.0,10.0,15.5,14.45,,240.0,18.25,30.05,10.7,28.8,9.15,10.45,17.8,18.8,46.6,49.1,9.83,19.65,16.15,26.35,16.05,9.71,14.05,21.0,18.0,223.5,74.3,2445.0,41.5,159.0,57.2,93.5,123.0,31.35,92.2,80.8,13.85,35.9,180.5,18.1,38.1,25.25,63.3,46.75,59.0,,93.8,179.0,40.8,79.0,17.5,10.8,125.5,52.0,80.4,76.9,220.0,214.5,269.5,,,73.0,,,33.1,85.0,224.0,82.8,231.5,51.8,38.95,79.6,54.3
44.65,41.85,51.4,76.3,75.1,69.6,10.75,37.1,71.1,33.0,30.65,306.0,152.0,36.8,51.3,286.5,10.5,15.1,31.95,59.8,185.5,64.3,25.1,15.15,25.95,42.35,288.5,374.5,41.5,73.1,67.3,46.3,27.7,372.0,309.5,285.0,48.75,13.15,206.0,36.9,18.1,105.0,26.15,42.7,20.45,121.5,7.68,10.3,17.3,45.15,15.65,24.6,72.8,25.6,294.0,84.6,9.65,39.75,42.3,107.0,83.0,35.85,83.7,244.5,7.99,13.85,91.5,158.5,70.9,26.25,102.0,493.5,286.0,11.1,125.5,72.1,16.9,46.0,10.0,15.5,14.45,,240.0,18.25,30.05,10.7,28.8,9.15,10.45,17.8,18.8,46.6,49.05,9.83,19.65,16.1,26.35,16.05,9.71,14.05,21.0,18.0,223.0,74.2,2445.0,41.45,159.0,57.3,93.5,123.0,31.35,92.2,80.8,13.85,35.9,180.0,18.05,38.1,25.25,63.3,46.8,59.1,,93.8,179.0,40.8,79.0,17.5,10.8,125.5,51.9,80.3,76.9,219.0,214.5,269.5,,,73.0,,,33.1,85.0,224.0,82.8,231.5,51.8,38.9,79.6,54.2
44.65,41.85,51.4,76.3,75.1,69.6,10.75,37.1,71.1,33.0,30.6,306.0,152.0,36.8,51.3,286.5,10.5,15.1,31.95,59.8,185.5,64.3,25.05,15.15,25.95,42.35,289.5,374.5,41.5,73.1,67.3,46.3,27.7,372.0,309.5,285.0,48.8,13.15,205.5,36.9,18.15,105.0,26.15,42.7,20.45,121.5,7.68,10.35,17.3,45.2,15.65,24.55,72.8,25.65,294.5,84.7,9.65,39.75,42.3,107.0,83.0,35.85,83.7,244.5,7.99,13.8,91.5,158.5,70.8,26.25,102.0,493.5,286.0,11.1,125.5,72.1,16.9,46.0,10.05,15.5,14.45,,240.0,18.2,30.05,10.7,28.8,9.15,10.45,17.85,18.8,46.55,49.05,9.83,19.7,16.1,26.35,16.1,9.71,14.0,20.95,18.0,223.0,74.3,2450.0,41.5,159.0,57.2,93.5,123.0,31.35,92.2,80.8,13.8,35.85,180.0,18.1,38.05,25.25,63.3,46.75,59.0,,93.9,179.0,40.8,79.0,17.5,10.8,125.5,51.9,80.3,76.9,219.0,214.5,269.5,,,73.0,,,33.1,85.0,224.0,82.8,231.5,51.8,38.9,79.6,54.2
44.7,41.85,51.4,76.3,75.1,69.6,10.75,37.1,71.1,33.0,30.6,306.0,152.0,36.8,51.4,286.5,10.5,15.1,31.95,59.7,185.5,64.3,25.05,15.15,25.9,42.35,288.5,374.5,41.5,73.1,67.3,46.3,27.7,372.0,309.5,285.0,48.8,13.15,205.5,36.95,18.1,105.0,26.15,42.75,20.45,121.5,7.67,10.3,17.3,45.2,15.7,24.6,72.8,25.65,294.0,84.7,9.65,39.75,42.3,107.0,83.0,35.8,83.7,244.5,7.99,13.8,91.5,158.5,70.7,26.25,102.0,493.5,286.0,11.1,126.0,72.1,16.9,46.0,10.0,15.55,14.45,,240.0,18.25,30.05,10.7,28.8,9.15,10.45,17.85,18.8,46.6,49.0,9.83,19.65,16.1,26.35,16.05,9.71,14.0,21.0,18.0,223.0,74.2,2450.0,41.5,159.0,57.3,93.5,123.0,31.35,92.2,80.8,13.8,35.6,180.0,18.05,38.05,25.25,63.3,46.75,59.0,,93.9,179.0,40.8,79.0,17.5,10.85,125.5,51.9,80.4,76.9,219.0,214.5,269.5,,,73.0,,,33.1,85.0,224.0,82.8,231.5,51.8,38.9,79.6,54.2
44.65,41.9,51.5,76.3,75.1,69.6,10.75,37.1,71.1,33.0,30.6,306.0,152.0,36.75,51.4,286.5,10.55,15.1,31.95,59.7,185.5,64.3,25.05,15.15,25.95,42.35,289.0,374.5,41.5,73.1,67.3,46.25,27.7,372.0,309.5,285.0,48.85,13.15,206.0,36.9,18.1,105.0,26.15,42.7,20.45,121.5,7.67,10.3,17.3,45.2,15.65,24.6,72.8,25.6,294.5,84.8,9.65,39.75,42.3,107.0,82.9,35.8,83.7,244.5,7.99,13.85,91.5,158.5,70.7,26.25,102.0,493.5,286.0,11.1,126.0,72.1,16.95,46.0,10.0,15.55,14.45,,240.0,18.2,30.05,10.7,28.75,9.15,10.45,17.85,18.75,46.6,49.0,9.83,19.65,16.1,26.35,16.05,9.71,14.0,20.95,17.95,223.5,74.2,2445.0,41.5,158.5,57.3,93.5,123.0,31.4,91.8,80.8,13.85,35.6,180.0,18.1,38.1,25.25,63.3,46.8,59.1,,93.9,179.0,40.8,79.0,17.5,10.8,125.5,52.0,80.4,76.9,219.0,214.5,269.5,,,73.0,,,33.1,84.9,223.5,82.8,231.5,51.8,38.9,79.6,54.3
44.7,41.85,51.5,76.3,75.1,69.6,10.8,37.1,71.1,33.0,30.65,306.5,152.0,36.75,51.3,286.5,10.55,15.1,31.95,59.7,185.0,64.3,25.05,15.15,25.95,42.35,289.5,374.5,41.5,73.1,67.3,46.25,27.7,372.0,309.5,285.0,48.85,13.15,206.0,36.95,18.1,105.0,26.2,42.7,20.5,121.5,7.67,10.3,17.3,45.2,15.65,24.6,72.8,25.65,294.5,84.8,9.65,39.75,42.35,107.0,82.9,35.85,83.6,244.5,7.99,13.85,91.5,158.5,70.7,26.25,102.0,493.5,286.0,11.1,126.0,72.1,16.95,46.0,10.0,15.5,14.45,,240.0,18.2,30.05,10.7,28.75,9.15,10.45,17.85,18.8,46.5,49.0,9.82,19.65,16.1,26.35,16.05,9.71,14.0,20.95,18.0,223.5,74.2,2450.0,41.55,159.0,57.3,93.5,123.0,31.4,91.8,80.8,13.8,35.6,180.5,18.1,38.05,25.25,63.3,46.75,59.1,,93.9,179.0,40.8,79.0,17.5,10.8,125.0,52.0,80.4,76.8,219.0,214.5,269.5,,,73.0,,,33.1,85.0,223.5,82.8,231.5,51.8,38.9,79.6,54.3
44.7,41.85,51.5,76.3,75.1,69.6,10.75,37.1,71.1,32.95,30.6,306.0,152.0,36.75,51.3,286.5,10.5,15.1,31.95,59.7,185.0,64.3,25.05,15.15,25.9,42.35,288.5,374.5,41.5,73.1,67.3,46.2,27.7,372.0,309.5,284.5,48.85,13.15,205.5,36.95,18.1,105.0,26.15,42.7,20.5,121.0,7.67,10.3,17.3,45.2,15.6,24.55,72.8,25.65,294.0,84.8,9.64,39.7,42.35,106.5,83.0,35.85,83.6,244.0,7.99,13.8,91.6,158.0,70.7,26.25,102.0,493.5,286.0,11.1,125.5,72.1,16.9,46.0,10.05,15.5,14.45,,240.0,18.25,30.05,10.7,28.75,9.14,10.45,17.8,18.8,46.5,49.05,9.82,19.65,16.15,26.4,16.05,9.72,14.05,21.0,17.95,223.0,74.2,2450.0,41.55,159.0,57.3,93.5,123.0,31.35,91.8,80.8,13.8,35.55,180.5,18.05,38.1,25.25,63.3,46.75,59.0,,93.8,179.0,40.8,79.1,17.5,10.8,125.0,51.9,80.4,76.7,219.0,214.5,269.5,,,73.0,,,33.1,85.0,223.5,82.8,231.5,51.9,38.9,79.6,54.2
44.7,41.85,51.4,76.3,75.1,69.6,10.75,37.15,71.0,32.95,30.6,306.0,152.0,36.65,51.3,286.5,10.55,15.1,31.95,59.7,185.0,64.2,25.05,15.2,25.9,42.35,289.0,374.5,41.5,73.0,67.3,46.2,27.7,372.0,310.0,284.5,48.8,13.15,205.5,36.9,18.1,105.0,26.15,42.7,20.5,121.5,7.68,10.3,17.3,45.2,15.65,24.6,72.8,25.6,294.0,84.8,9.64,39.7,42.35,106.5,82.9,35.85,83.7,244.0,7.99,13.8,91.6,158.5,70.7,26.25,102.0,493.0,285.5,11.1,126.0,72.1,16.95,46.0,10.0,15.5,14.45,,240.0,18.2,30.05,10.75,28.75,9.14,10.5,17.8,18.75,46.55,49.0,9.81,19.65,16.1,26.4,16.05,9.71,14.0,20.95,18.0,223.0,74.2,2450.0,41.55,158.5,57.3,93.5,123.5,31.35,91.8,80.8,13.8,35.55,180.5,18.05,38.05,25.25,63.2,46.75,59.0,,93.8,179.0,40.8,79.0,17.55,10.8,125.0,51.9,80.4,76.8,219.0,214.5,269.5,,,72.9,,,33.05,85.0,223.5,82.8,231.0,51.9,38.9,79.6,54.2
44.7,41.85,51.4,76.3,75.1,69.6,10.75,37.15,71.0,32.95,30.65,306.0,152.5,36.65,51.3,286.5,10.5,15.1,31.95,59.7,185.0,64.2,25.05,15.15,25.9,42.35,289.0,374.5,41.5,73.0,67.3,46.2,27.7,372.0,310.0,284.5,48.8,13.1,205.5,36.9,18.1,104.5,26.15,42.7,20.5,121.5,7.67,10.3,17.3,45.15,15.65,24.55,72.8,25.65,294.0,84.8,9.64,39.7,42.35,106.5,83.0,35.85,83.7,244.0,7.99,13.85,91.5,158.5,70.7,26.25,102.0,492.5,286.0,11.1,125.5,72.1,16.9,45.95,10.0,15.5,14.4,,240.0,18.2,30.05,10.75,28.8,9.14,10.5,17.8,18.75,46.5,49.0,9.81,19.65,16.1,26.35,16.05,9.71,14.0,20.95,17.95,223.0,74.1,2445.0,41.5,159.0,57.3,93.4,123.0,31.35,91.8,80.8,13.8,35.55,180.5,18.05,38.05,25.25,63.2,46.75,59.0,,93.8,179.0,40.8,79.1,17.5,10.8,125.0,51.9,80.4,76.8,219.5,214.5,269.5,,,72.8,,,33.0,84.9,223.5,82.8,231.0,51.8,38.9,79.6,54.3
44.7,41.8,51.4,76.3,75.1,69.6,10.75,37.15,71.0,32.95,30.6,306.5,152.5,36.65,51.3,286.5,10.5,15.1,31.95,59.7,185.0,64.2,25.05,15.15,25.9,42.35,289.0,374.5,41.5,73.1,67.3,46.2,27.7,372.0,310.0,284.5,48.8,13.1,205.5,36.9,18.15,105.0,26.15,42.75,20.5,121.5,7.67,10.3,17.3,45.2,15.6,24.6,72.8,25.7,294.0,84.9,9.64,39.7,42.3,106.5,83.0,35.8,83.7,244.0,7.99,13.8,91.5,158.5,70.7,26.25,102.0,492.5,286.0,11.15,125.5,72.1,16.9,45.95,10.0,15.5,14.4,,240.0,18.2,30.05,10.75,28.75,9.14,10.5,17.8,18.75,46.5,49.0,9.81,19.65,16.1,26.35,16.05,9.7,14.0,20.95,17.95,223.0,74.1,2450.0,41.55,158.5,57.2,93.3,123.5,31.35,91.9,80.8,13.8,35.55,180.5,18.05,38.05,25.25,63.3,46.75,59.1,,93.8,178.5,40.8,79.0,17.5,10.8,125.0,51.9,80.4,76.7,219.5,214.5,269.5,,,72.8,,,33.0,84.9,223.5,82.8,231.0,51.7,38.9,79.6,54.3
44.7,41.85,51.4,76.3,75.1,69.6,10.75,37.15,71.0,33.0,30.6,306.0,152.5,36.6,51.2,286.5,10.5,15.1,31.95,59.7,185.0,64.2,25.05,15.15,25.9,42.35,289.0,375.0,41.5,73.1,67.3,46.2,27.7,372.0,310.0,284.0,48.8,13.1,205.5,36.9,18.15,105.0,26.15,42.65,20.5,121.0,7.67,10.3,17.3,45.2,15.65,24.6,72.9,25.7,294.5,84.9,9.64,39.7,42.3,106.0,83.0,35.8,83.7,243.5,7.99,13.8,91.5,158.0,70.7,26.3,102.0,492.0,285.5,11.15,125.5,72.0,16.9,45.95,10.0,15.55,14.45,,240.0,18.2,30.05,10.7,28.75,9.15,10.45,17.8,18.75,46.55,48.95,9.8,19.65,16.15,26.35,16.0,9.7,14.0,20.95,17.95,223.5,74.1,2450.0,41.5,158.5,57.2,93.3,123.0,31.35,91.8,80.8,13.85,35.55,180.5,18.05,38.05,25.25,63.2,46.75,59.0,,93.8,178.5,40.75,79.0,17.5,10.8,125.5,51.9,80.4,76.7,219.5,214.5,269.5,,,72.8,,,33.0,84.9,223.5,82.8,231.0,51.8,38.9,79.6,54.3
44.65,41.85,51.4,76.3,75.1,69.5,10.75,37.15,71.0,32.95,30.6,306.0,152.5,36.6,51.2,286.0,10.5,15.1,32.0,59.7,185.0,64.2,25.05,15.15,25.9,42.35,289.0,375.0,41.5,73.0,67.3,46.2,27.7,371.5,310.0,283.5,48.8,13.15,205.5,36.9,18.1,104.5,26.15,42.65,20.5,121.5,7.68,10.25,17.3,45.15,15.65,24.6,72.8,25.65,294.0,84.9,9.65,39.7,42.25,106.0,82.9,35.85,83.7,243.5,7.99,13.8,91.5,158.5,70.7,26.25,102.0,492.0,286.0,11.15,125.5,72.0,16.9,45.95,10.0,15.5,14.4,,240.0,18.2,30.05,10.7,28.75,9.14,10.45,17.8,18.75,46.45,48.8,9.8,19.65,16.1,26.35,16.0,9.7,14.0,20.95,17.95,223.0,74.1,2450.0,41.55,158.5,57.2,93.2,123.0,31.3,91.8,80.8,13.8,35.55,180.5,18.05,38.05,25.25,63.3,46.75,59.0,,93.8,179.0,40.75,78.9,17.5,10.8,125.5,51.9,80.4,76.7,219.5,214.5,269.5,,,72.8,,,33.0,84.9,223.5,82.8,230.0,51.7,38.9,79.6,54.2
44.65,41.8,51.4,76.2,75.1,69.5,10.75,37.15,71.0,32.95,30.6,305.0,152.0,36.6,51.2,286.0,10.5,15.1,31.95,59.7,185.5,64.2,25.05,15.15,25.9,42.35,288.5,375.0,41.45,73.0,67.3,46.15,27.75,371.0,309.0,283.0,48.8,13.15,205.5,36.85,18.15,105.0,26.15,42.65,20.5,121.5,7.68,10.25,17.35,45.15,15.6,24.6,72.8,25.65,294.0,84.9,9.64,39.7,42.3,106.0,82.7,35.85,83.8,243.0,7.99,13.75,91.4,158.5,70.7,26.3,102.0,492.0,285.0,11.15,125.5,72.1,16.9,45.95,10.0,15.5,14.4,,240.0,18.2,30.05,10.75,28.7,9.13,10.45,17.8,18.75,46.4,48.65,9.81,19.6,16.05,26.35,16.0,9.69,14.0,20.9,17.95,223.0,74.1,2450.0,41.5,158.5,57.2,93.2,123.0,31.25,91.8,80.8,13.75,35.55,180.5,18.05,38.05,25.25,63.2,46.75,59.0,,93.8,179.0,40.75,78.9,17.5,10.8,125.5,51.8,80.4,76.7,219.5,214.5,269.5,,,72.8,,,33.0,85.0,223.5,82.8,230.0,51.6,38.9,79.6,54.2
44.65,41.85,51.4,76.2,75.1,69.5,10.75,37.15,71.0,32.95,30.6,305.0,152.5,36.6,51.2,286.0,10.45,15.1,31.95,59.7,185.5,64.2,25.05,15.2,25.9,42.35,289.0,375.0,41.45,73.0,67.3,46.15,27.7,371.0,309.0,283.0,48.7,13.15,205.5,36.85,18.15,105.0,26.1,42.6,20.5,121.0,7.67,10.3,17.35,45.15,15.6,24.6,72.8,25.6,294.0,84.9,9.64,39.75,42.2,106.0,82.7,35.8,83.8,243.0,7.99,13.8,91.4,158.5,70.6,26.25,102.0,492.0,285.0,11.15,125.5,72.0,16.9,46.0,10.0,15.5,14.4,,240.0,18.2,30.05,10.7,28.7,9.13,10.45,17.8,18.7,46.35,48.6,9.8,19.6,16.0,26.3,16.05,9.68,14.0,20.9,17.95,223.0,74.1,2450.0,41.45,158.5,57.2,93.3,123.0,31.25,91.7,80.8,13.8,35.55,180.5,18.05,38.05,25.25,63.3,46.75,59.1,,93.8,179.0,40.7,78.8,17.45,10.8,125.5,51.8,80.4,76.7,219.5,214.5,269.5,,,72.8,,,33.0,85.0,223.5,82.8,230.0,51.6,38.85,79.6,54.2
44.55,41.8,51.4,76.3,75.1,69.4,10.75,37.15,71.0,32.9,30.6,304.0,152.0,36.55,51.2,286.0,10.45,15.1,31.95,59.7,185.5,64.1,25.0,15.2,25.9,42.35,289.0,374.5,41.45,73.0,67.3,46.15,27.7,371.0,309.0,282.5,48.75,13.1,205.0,36.85,18.1,104.5,26.1,42.6,20.5,121.0,7.67,10.3,17.35,45.15,15.6,24.6,72.7,25.6,294.0,84.9,9.64,39.7,42.2,106.0,82.7,35.8,83.7,243.0,7.99,13.8,91.4,158.5,70.6,26.25,102.0,492.0,285.5,11.1,125.0,72.0,16.9,45.95,10.05,15.5,14.4,,240.0,18.25,30.05,10.7,28.7,9.13,10.45,17.8,18.7,46.35,48.6,9.8,19.6,16.0,26.3,16.0,9.68,14.0,20.9,17.95,223.0,74.1,2450.0,41.4,158.5,57.2,93.2,123.0,31.25,91.7,80.8,13.75,35.55,180.5,18.0,38.05,25.25,63.2,46.85,59.0,,93.8,179.0,40.7,78.8,17.45,10.8,126.0,51.8,80.4,76.7,219.5,214.5,269.5,,,72.7,,,33.05,85.0,223.0,82.8,230.5,51.6,38.9,79.6,54.2
44.6,41.8,51.4,76.2,75.1,69.3,10.7,37.15,70.9,32.9,30.55,304.0,152.0,36.6,51.2,286.0,10.45,15.1,31.95,59.7,185.5,64.0,25.0,15.2,25.9,42.35,288.5,374.5,41.45,73.1,67.3,46.1,27.7,371.0,309.0,282.5,48.7,13.1,205.0,36.85,18.1,104.5,26.15,42.6,20.5,121.0,7.67,10.25,17.35,45.2,15.55,24.6,72.7,25.6,294.0,84.7,9.63,39.7,42.15,106.0,82.7,35.8,83.7,242.5,7.99,13.75,91.3,158.0,70.6,26.3,102.0,491.0,285.5,11.1,125.0,72.0,16.85,45.95,10.0,15.55,14.4,,240.0,18.2,30.0,10.7,28.7,9.13,10.45,17.8,18.7,46.3,48.6,9.79,19.65,16.0,26.3,16.0,9.67,13.95,20.95,17.95,223.0,74.1,2450.0,41.4,158.5,57.3,93.1,123.0,31.2,91.7,80.8,13.75,35.55,180.5,18.0,38.0,25.25,63.2,46.8,59.0,,93.8,178.5,40.7,78.7,17.45,10.8,125.5,51.8,80.4,76.7,220.0,214.0,269.5,,,72.7,,,32.95,84.9,223.0,82.8,230.0,51.6,38.9,79.6,54.2
44.55,41.8,51.3,76.2,74.9,69.1,10.75,37.15,70.8,32.95,30.5,304.0,152.0,36.5,51.2,286.0,10.45,15.1,31.95,59.7,185.5,64.1,25.0,15.2,25.9,42.35,288.5,374.5,41.45,73.0,67.3,46.1,27.65,371.0,309.5,282.5,48.75,13.1,205.0,36.9,18.1,104.5,26.15,42.6,20.5,121.5,7.67,10.3,17.3,45.2,15.55,24.6,72.7,25.6,294.0,84.7,9.63,39.7,42.1,106.5,82.6,35.75,83.7,242.5,7.99,13.75,91.4,158.0,70.4,26.25,102.0,491.0,285.0,11.15,125.0,72.0,16.9,45.95,10.0,15.5,14.4,,240.0,18.2,30.0,10.7,28.7,9.13,10.45,17.8,18.7,46.3,48.55,9.79,19.7,16.0,26.3,16.0,9.68,13.95,20.9,17.95,223.0,74.1,2450.0,41.35,158.5,57.3,93.0,123.0,31.2,91.6,80.8,13.75,35.55,180.0,18.0,38.05,25.25,63.2,46.75,59.0,,93.7,178.5,40.7,78.6,17.45,10.8,125.5,51.8,80.3,76.7,220.0,213.5,269.5,,,72.6,,,33.0,84.7,223.5,82.8,230.0,51.6,38.9,79.5,54.3
44.55,41.8,51.3,76.2,74.9,69.2,10.7,37.15,70.8,32.9,30.5,303.0,152.5,36.55,51.2,286.0,10.45,15.1,31.95,59.7,185.5,64.1,25.0,15.2,25.9,42.35,288.5,374.5,41.5,73.0,67.3,46.1,27.65,371.0,309.5,282.5,48.7,13.1,205.0,36.9,18.1,104.5,26.1,42.65,20.5,121.0,7.67,10.3,17.3,45.15,15.55,24.6,72.7,25.65,294.5,84.7,9.63,39.7,42.1,106.5,82.6,35.75,83.7,243.0,7.99,13.75,91.3,158.0,70.1,26.25,102.0,491.5,284.5,11.1,125.0,72.0,16.9,45.95,10.0,15.55,14.4,,240.0,18.25,30.05,10.7,28.7,9.13,10.45,17.8,18.7,46.3,48.55,9.78,19.65,16.05,26.3,16.05,9.68,13.95,20.9,17.95,223.0,74.1,2450.0,41.35,158.5,57.3,93.1,123.0,31.2,91.6,80.8,13.75,35.55,180.0,18.0,38.05,25.2,63.2,46.8,59.0,,93.6,178.5,40.7,78.6,17.45,10.8,125.5,51.8,80.3,76.6,220.0,212.5,269.5,,,72.7,,,32.95,84.7,223.0,82.8,230.0,51.6,38.9,79.5,54.2
44.55,41.85,51.4,76.2,74.8,69.1,10.7,37.1,70.9,32.9,30.5,303.0,152.5,36.55,51.1,286.0,10.45,15.1,31.95,59.6,185.5,64.0,25.0,15.2,25.9,42.35,288.5,374.5,41.45,73.0,67.3,46.1,27.65,371.0,309.0,282.5,48.7,13.1,205.0,36.9,18.1,105.0,26.1,42.6,20.5,121.0,7.67,10.3,17.3,45.15,15.5,24.55,72.7,25.6,294.5,84.7,9.62,39.7,42.05,106.5,82.6,35.75,83.6,242.5,7.99,13.75,91.3,158.0,70.3,26.25,102.0,491.5,285.0,11.1,125.0,72.0,16.9,45.95,10.0,15.55,14.4,,240.0,18.2,30.05,10.7,28.7,9.13,10.45,17.8,18.7,46.3,48.6,9.77,19.65,16.0,26.3,16.0,9.68,13.95,20.9,18.0,223.5,74.1,2450.0,41.3,158.5,57.3,93.0,123.0,31.2,91.5,80.8,13.8,35.55,180.0,18.0,38.05,25.2,63.2,46.8,59.0,,93.7,178.5,40.7,78.6,17.45,10.8,125.5,51.8,80.3,76.5,220.0,212.5,269.5,,,72.6,,,33.0,84.7,223.0,82.8,230.0,51.7,38.85,79.5,54.2
44.6,41.8,51.3,76.2,74.9,69.2,10.7,37.1,70.9,32.9,30.5,303.0,152.0,36.55,51.1,286.0,10.5,15.1,31.95,59.6,185.0,64.0,25.0,15.2,25.9,42.35,288.5,374.5,41.5,73.0,67.3,46.1,27.65,371.0,309.0,282.5,48.7,13.1,205.0,36.9,18.1,104.5,26.1,42.65,20.5,121.5,7.66,10.25,17.3,45.1,15.55,24.6,72.7,25.65,294.5,84.7,9.62,39.6,42.0,106.5,82.6,35.75,83.6,242.5,7.99,13.75,91.3,158.0,70.2,26.25,102.0,491.5,285.0,11.1,125.0,72.0,16.9,45.95,10.0,15.5,14.4,,240.0,18.2,30.05,10.7,28.7,9.12,10.45,17.8,18.7,46.35,48.6,9.77,19.65,16.05,26.3,16.0,9.68,13.95,20.95,18.0,223.5,74.1,2450.0,41.3,158.0,57.3,93.0,123.0,31.25,91.5,80.8,13.75,35.55,180.0,18.0,38.05,25.2,63.2,46.75,58.9,,93.6,178.5,40.7,78.6,17.45,10.75,125.5,51.8,80.3,76.5,220.0,212.5,269.5,,,72.7,,,33.0,84.7,223.0,82.8,230.0,51.7,38.85,79.5,54.2
44.6,41.85,51.4,76.2,74.9,69.2,10.7,37.1,70.9,32.9,30.55,303.0,152.0,36.5,51.1,286.5,10.5,15.1,31.9,59.7,185.0,64.0,25.0,15.2,25.9,42.35,288.5,374.5,41.5,73.1,67.3,46.1,27.65,371.0,309.0,282.0,48.7,13.1,205.0,36.9,18.1,104.5,26.1,42.6,20.45,121.5,7.67,10.25,17.3,45.1,15.55,24.6,72.7,25.6,294.5,84.6,9.62,39.55,41.95,106.0,82.7,35.75,83.6,242.5,7.99,13.75,91.3,158.0,70.3,26.25,102.0,491.5,284.5,11.1,125.0,71.9,16.85,46.0,10.0,15.55,14.4,,240.0,18.25,30.05,10.7,28.7,9.13,10.45,17.8,18.75,46.3,48.7,9.77,19.65,16.0,26.3,16.05,9.68,13.95,20.95,18.0,223.0,74.0,2445.0,41.3,158.0,57.2,93.0,123.0,31.25,91.5,80.8,13.75,35.45,180.0,18.0,38.05,25.2,63.2,46.75,58.9,,93.7,178.5,40.7,78.6,17.5,10.75,126.0,51.8,80.3,76.5,220.0,212.5,269.5,,,72.6,,,33.0,84.7,223.0,82.8,230.0,51.7,38.85,79.5,54.2
44.6,41.85,51.3,76.2,75.1,69.2,10.7,37.1,70.9,32.9,30.5,303.0,152.0,36.55,51.1,286.5,10.5,15.1,31.9,59.6,185.0,64.0,25.0,15.2,25.9,42.35,288.5,374.5,41.5,73.0,67.3,46.1,27.65,371.0,309.0,282.5,48.7,13.15,205.0,36.9,18.1,105.0,26.1,42.6,20.45,121.5,7.67,10.25,17.3,45.1,15.55,24.55,72.6,25.6,294.0,84.5,9.61,39.55,41.8,106.0,82.7,35.75,83.6,242.5,7.99,13.8,91.3,158.0,70.3,26.25,102.0,491.5,284.5,11.1,125.0,71.8,16.9,46.0,10.0,15.55,14.4,,240.0,18.25,30.05,10.7,28.7,9.13,10.45,17.8,18.7,46.3,48.6,9.77,19.65,16.0,26.25,16.0,9.68,14.0,20.95,17.95,223.0,74.0,2450.0,41.3,158.5,57.3,93.0,123.0,31.25,91.4,80.8,13.8,35.45,180.0,18.05,38.05,25.2,63.2,46.75,58.9,,93.4,178.5,40.7,78.5,17.45,10.75,125.5,51.8,80.3,76.5,220.0,212.5,269.5,,,72.6,,,33.0,84.7,223.0,82.8,230.0,51.7,38.85,79.5,54.2
44.65,41.85,51.3,76.2,75.1,69.2,10.7,37.1,70.9,32.9,30.5,302.5,152.0,36.55,51.1,286.5,10.45,15.1,31.9,59.6,185.0,63.9,25.0,15.2,25.9,42.3,288.5,374.5,41.45,73.0,67.3,46.1,27.65,371.0,309.0,282.5,48.7,13.1,205.0,36.9,18.1,105.0,26.1,42.6,20.45,121.0,7.67,10.25,17.3,45.1,15.55,24.55,72.6,25.65,294.0,84.5,9.61,39.55,41.7,106.0,82.7,35.8,83.6,242.5,7.99,13.8,91.3,157.5,70.3,26.25,102.0,491.5,284.5,11.1,125.0,71.8,16.9,46.0,10.0,15.55,14.45,,240.0,18.2,30.05,10.7,28.75,9.13,10.45,17.8,18.75,46.3,48.65,9.78,19.65,16.05,26.25,16.0,9.68,14.0,20.95,17.95,223.0,74.0,2445.0,41.35,158.0,57.2,93.0,123.0,31.2,91.4,80.8,13.75,35.45,180.0,18.05,38.05,25.2,63.2,46.75,58.9,,93.4,178.5,40.7,78.5,17.45,10.75,126.0,51.8,80.3,76.5,220.0,212.5,269.5,,,72.7,,,33.0,84.7,223.5,82.8,230.0,51.7,38.85,79.5,54.2
44.65,41.85,51.3,76.3,75.1,69.2,10.7,37.15,70.9,32.9,30.5,302.5,152.0,36.55,51.1,286.5,10.45,15.1,31.9,59.6,185.0,63.8,25.0,15.2,25.85,42.3,288.5,374.5,41.45,73.0,67.3,46.1,27.65,371.0,309.0,282.5,48.7,13.15,205.5,36.9,18.1,105.0,26.15,42.6,20.45,121.0,7.67,10.25,17.3,45.15,15.55,24.6,72.5,25.6,293.5,84.5,9.61,39.5,41.7,106.0,82.7,35.8,83.6,242.5,7.99,13.75,91.4,158.0,70.3,26.25,102.0,492.0,284.5,11.1,124.5,71.8,16.9,46.0,10.0,15.5,14.45,,240.0,18.2,30.0,10.7,28.7,9.13,10.45,17.8,18.75,46.3,48.6,9.78,19.65,16.05,26.25,16.0,9.68,14.0,20.95,17.95,223.0,74.1,2445.0,41.3,158.0,57.2,92.7,123.0,31.2,91.4,80.8,13.75,35.45,180.5,18.05,38.05,25.2,63.2,46.75,58.9,,93.4,178.5,40.7,78.6,17.45,10.75,126.0,51.8,80.3,76.5,220.0,212.5,269.5,,,72.7,,,33.0,84.7,223.0,82.8,230.0,51.7,38.85,79.5,54.1
44.65,41.85,51.4,76.3,75.1,69.2,10.7,37.1,70.9,32.9,30.55,302.5,152.0,36.55,51.1,287.0,10.45,15.05,31.9,59.6,185.0,63.7,25.0,15.2,25.9,42.3,288.5,374.5,41.45,73.0,67.2,46.1,27.65,371.0,309.0,282.5,48.7,13.1,205.5,36.9,18.15,105.0,26.1,42.6,20.5,121.5,7.67,10.2,17.3,45.1,15.55,24.55,72.5,25.6,293.5,84.5,9.62,39.5,41.7,106.0,82.7,35.8,83.6,242.5,7.99,13.8,91.4,157.5,70.3,26.25,102.0,492.0,285.0,11.1,124.5,71.8,16.9,46.0,10.0,15.5,14.45,,240.0,18.25,30.0,10.7,28.7,9.13,10.45,17.8,18.75,46.3,48.7,9.78,19.65,16.05,26.25,16.05,9.68,14.0,20.95,18.0,223.5,74.0,2445.0,41.25,158.0,57.2,92.7,123.0,31.2,91.4,80.8,13.7,35.45,180.5,18.05,38.05,25.2,63.2,46.75,59.0,,93.3,178.5,40.7,78.6,17.5,10.75,126.0,51.8,80.3,76.6,219.5,212.5,269.5,,,72.6,,,33.05,84.7,223.0,82.8,230.0,51.7,38.85,79.5,54.1
44.65,41.85,51.4,76.3,75.1,69.2,10.7,37.15,70.9,32.9,30.55,302.5,152.0,36.55,51.1,288.0,10.45,15.05,31.9,59.6,185.5,63.8,25.0,15.2,25.85,42.3,288.5,374.5,41.5,73.0,67.2,46.15,27.65,371.0,309.0,282.5,48.75,13.1,205.5,36.85,18.1,104.5,26.1,42.65,20.5,121.0,7.67,10.2,17.3,45.1,15.5,24.6,72.5,25.6,293.5,84.5,9.62,39.45,41.8,106.0,82.7,35.8,83.6,242.5,7.99,13.8,91.4,157.5,70.3,26.3,102.0,492.0,284.5,11.1,124.5,71.8,16.9,46.0,10.0,15.5,14.45,,240.0,18.25,30.05,10.7,28.75,9.13,10.45,17.8,18.75,46.25,48.7,9.78,19.65,16.05,26.25,16.0,9.68,14.0,20.95,18.0,223.5,74.0,2445.0,41.25,158.0,57.2,92.7,123.0,31.2,91.2,80.8,13.75,35.45,180.5,18.0,38.05,25.2,63.1,46.75,58.9,,93.2,178.5,40.7,78.6,17.45,10.75,126.0,51.8,80.3,76.6,219.5,212.5,269.5,,,72.7,,,33.05,84.7,223.0,82.8,230.0,51.7,38.85,79.5,54.1
44.65,41.85,51.4,76.3,75.1,69.1,10.7,37.1,70.9,32.95,30.5,303.0,152.0,36.55,51.1,287.0,10.45,15.05,31.9,59.6,185.5,63.7,25.0,15.2,25.85,42.3,288.5,374.5,41.5,73.0,67.2,46.15,27.65,371.0,309.0,282.5,48.75,13.15,205.5,36.85,18.05,104.5,26.05,42.6,20.45,121.5,7.67,10.2,17.3,45.1,15.5,24.55,72.5,25.6,293.5,84.5,9.61,39.4,41.8,106.5,82.6,35.75,83.6,242.5,7.99,13.8,91.4,157.5,70.3,26.25,102.0,491.5,284.5,11.05,124.5,71.8,16.9,46.0,10.0,15.5,14.45,,240.0,18.25,30.0,10.7,28.75,9.13,10.45,17.8,18.75,46.25,48.8,9.78,19.7,16.05,26.25,16.05,9.68,14.0,20.95,17.95,223.5,74.0,2445.0,41.15,158.5,57.2,92.8,122.5,31.2,91.2,80.8,13.7,35.2,180.0,18.05,38.1,25.2,63.1,46.8,58.9,,93.2,178.0,40.65,78.7,17.45,10.75,125.5,51.8,80.3,76.5,219.5,212.5,269.0,,,72.7,,,33.1,84.7,223.0,82.8,230.0,51.7,38.85,79.5,54.1
44.65,41.85,51.3,76.3,75.1,69.1,10.7,37.15,70.9,32.95,30.5,303.0,152.0,36.55,51.2,287.0,10.5,15.05,31.9,59.6,185.5,63.7,25.0,15.2,25.85,42.3,288.5,374.5,41.5,73.0,67.2,46.15,27.65,371.0,309.0,282.5,48.75,13.15,205.5,36.85,18.05,105.0,26.1,42.65,20.5,121.5,7.67,10.2,17.3,45.15,15.5,24.6,72.5,25.6,293.5,84.6,9.6,39.45,41.95,106.0,82.7,35.75,83.7,242.5,7.99,13.8,91.4,157.5,70.4,26.25,102.0,491.5,284.5,11.1,124.0,71.8,16.8,46.0,10.0,15.5,14.45,,240.0,18.25,30.0,10.7,28.7,9.13,10.45,17.8,18.75,46.3,48.75,9.79,19.7,16.0,26.3,16.0,9.68,13.95,20.95,18.0,223.0,74.0,2445.0,41.15,158.5,57.2,92.7,122.5,31.2,91.2,80.8,13.75,35.2,180.0,18.05,38.05,25.15,63.1,46.8,58.9,,93.3,178.0,40.65,78.7,17.45,10.75,125.5,51.8,80.3,76.5,219.5,212.5,269.0,,,72.7,,,33.1,84.7,223.0,82.8,230.0,51.7,38.85,79.5,54.1
44.7,41.85,51.3,76.3,75.1,69.2,10.7,37.15,70.9,32.95,30.5,303.0,152.0,36.55,51.2,287.0,10.5,15.05,31.9,59.7,185.5,63.7,25.05,15.2,25.85,42.3,288.5,374.5,41.5,73.1,67.2,46.15,27.65,372.0,309.5,282.5,48.75,13.1,205.0,36.9,18.05,105.0,26.05,42.65,20.5,121.0,7.66,10.25,17.3,45.15,15.55,24.6,72.5,25.6,293.5,84.6,9.6,39.5,41.95,106.0,82.7,35.75,83.7,242.5,7.99,13.75,91.4,157.5,70.3,26.25,102.0,491.5,284.5,11.1,124.0,71.9,16.85,46.0,10.05,15.55,14.4,,240.0,18.2,30.0,10.7,28.7,9.13,10.45,17.8,18.7,46.3,48.75,9.79,19.65,16.05,26.25,16.0,9.68,14.0,20.95,17.95,223.0,74.1,2445.0,41.1,158.5,57.2,92.9,123.0,31.2,91.2,80.8,13.75,35.2,180.5,18.05,38.1,25.2,63.1,46.8,58.9,,93.3,178.0,40.7,78.7,17.5,10.75,125.5,51.8,80.2,76.5,219.0,212.5,269.0,,,72.7,,,33.1,84.7,223.5,82.8,230.0,51.7,38.85,79.5,54.0
44.7,41.85,51.4,76.3,75.1,69.2,10.7,37.15,70.9,32.95,30.5,304.0,152.0,36.55,51.2,287.0,10.5,15.05,31.9,59.7,185.0,63.7,25.05,15.2,25.85,42.3,288.5,374.5,41.5,73.1,67.2,46.15,27.65,372.0,309.5,282.5,48.75,13.1,205.0,36.85,18.05,104.5,26.1,42.65,20.5,121.5,7.66,10.2,17.3,45.15,15.55,24.6,72.5,25.65,293.5,84.6,9.59,39.5,42.0,106.0,82.7,35.75,83.7,242.5,7.99,13.8,91.4,157.5,70.4,26.25,102.0,491.5,285.0,11.1,124.5,71.9,16.9,46.0,10.0,15.55,14.4,,240.0,18.25,30.0,10.7,28.75,9.13,10.45,17.8,18.7,46.3,48.7,9.79,19.65,16.05,26.3,16.0,9.68,14.0,20.95,17.95,223.0,74.1,2445.0,41.15,158.0,57.2,92.9,123.0,31.2,91.4,80.8,13.75,35.2,180.0,18.05,38.1,25.2,63.1,46.8,59.0,,93.3,178.0,40.65,78.7,17.5,10.75,125.5,51.8,80.3,76.4,219.0,212.5,269.0,,,72.6,,,33.1,84.7,223.5,82.8,230.0,51.7,38.85,79.5,54.0
44.75,41.9,51.3,76.3,75.1,69.1,10.7,37.15,70.8,32.95,30.5,304.0,152.0,36.55,51.2,287.0,10.5,15.05,31.9,59.7,185.0,63.7,25.0,15.2,25.9,42.3,288.5,374.5,41.5,73.1,67.2,46.15,27.7,372.0,309.5,282.5,48.75,13.1,205.0,36.85,18.0,105.0,26.1,42.65,20.45,121.5,7.66,10.25,17.3,45.15,15.55,24.6,72.5,25.65,293.5,84.6,9.59,39.5,42.0,106.0,82.7,35.75,83.6,243.0,7.99,13.8,91.4,158.0,70.4,26.25,102.0,491.5,285.0,11.1,124.5,71.9,16.9,46.0,10.0,15.55,14.4,,240.0,18.25,30.05,10.7,28.75,9.13,10.45,17.8,18.7,46.3,48.7,9.79,19.7,16.05,26.3,16.05,9.68,14.0,20.95,18.0,223.0,74.1,2445.0,41.2,158.5,57.2,92.9,123.0,31.15,91.0,80.8,13.75,35.2,180.0,18.0,38.1,25.2,63.0,46.75,58.9,,93.4,178.0,40.65,78.8,17.5,10.75,125.5,51.8,80.3,76.4,219.0,212.5,269.0,,,72.6,,,33.1,84.7,223.0,82.8,230.0,51.7,38.85,79.5,54.0
44.75,41.9,51.4,76.3,75.1,69.1,10.7,37.15,70.9,32.95,30.5,304.0,152.0,36.55,51.2,287.0,10.5,15.05,31.9,59.7,185.0,63.6,25.0,15.2,25.85,42.3,288.5,374.5,41.45,73.1,67.2,46.15,27.7,372.0,309.5,282.5,48.75,13.15,205.0,36.85,18.0,104.5,26.05,42.65,20.45,121.5,7.66,10.25,17.3,45.15,15.55,24.6,72.5,25.65,293.5,84.5,9.6,39.55,42.0,106.0,82.7,35.75,83.6,243.0,7.99,13.8,91.3,158.0,70.5,26.25,102.0,492.0,284.5,11.1,125.0,71.9,16.9,46.0,10.0,15.55,14.4,,240.0,18.25,30.05,10.7,28.75,9.13,10.45,17.8,18.7,46.25,48.8,9.79,19.65,16.0,26.25,16.05,9.67,13.95,20.95,18.0,223.0,74.1,2450.0,41.2,158.0,57.2,92.9,123.0,31.2,90.8,80.8,13.75,35.2,180.5,18.05,38.05,25.2,63.0,46.75,58.9,,93.3,178.0,40.65,78.8,17.5,10.75,125.5,51.7,80.3,76.5,219.0,212.5,269.0,,,72.6,,,33.1,84.7,223.0,82.9,230.0,51.7,38.85,79.5,54.1
44.7,41.9,51.3,76.3,75.2,69.1,10.7,37.15,70.9,32.95,30.5,304.5,152.0,36.55,51.2,287.0,10.5,15.05,31.9,59.7,185.0,63.3,25.0,15.2,25.85,42.3,288.5,375.0,41.45,73.1,67.2,46.15,27.7,372.0,309.5,282.5,48.75,13.1,205.0,36.85,18.05,105.0,26.05,42.65,20.5,121.0,7.66,10.25,17.3,45.2,15.55,24.6,72.5,25.65,293.5,84.5,9.6,39.55,42.0,106.0,82.9,35.75,83.6,243.0,7.99,13.75,91.3,158.0,70.5,26.25,102.0,491.5,285.0,11.1,125.0,71.9,16.9,46.0,10.05,15.5,14.4,,240.0,18.25,30.05,10.7,28.75,9.13,10.45,17.8,18.75,46.3,48.75,9.8,19.7,16.05,26.3,16.05,9.68,13.95,20.95,18.0,223.0,74.1,2445.0,41.2,158.5,57.2,93.0,123.0,31.2,90.9,80.8,13.75,35.2,180.5,18.05,38.1,25.2,63.1,46.8,58.9,,93.4,178.0,40.65,78.9,17.5,10.75,126.0,51.8,80.3,76.5,219.0,212.5,269.0,,,72.6,,,33.1,84.6,223.5,82.9,230.0,51.7,38.85,79.5,54.2
44.7,41.9,51.3,76.3,75.1,69.1,10.7,37.15,70.9,32.95,30.5,304.5,152.0,36.55,51.2,287.0,10.5,15.05,31.9,59.6,185.0,63.0,25.0,15.2,25.85,42.3,288.5,374.5,41.45,73.1,67.2,46.1,27.65,372.0,309.5,282.5,48.75,13.1,205.0,36.9,18.05,105.0,26.1,42.65,20.5,121.5,7.66,10.25,17.3,45.2,15.6,24.65,72.4,25.65,293.5,84.5,9.6,39.55,41.95,106.5,82.9,35.75,83.7,243.5,7.99,13.75,91.3,157.5,70.5,26.25,102.0,492.0,285.0,11.1,124.5,71.9,16.9,46.0,10.0,15.5,14.4,,240.0,18.25,30.05,10.7,28.75,9.13,10.45,17.8,18.75,46.3,48.75,9.79,19.7,16.05,26.3,16.05,9.71,13.95,20.95,18.0,223.0,74.1,2440.0,41.2,158.5,57.2,93.0,123.0,31.15,90.9,80.8,13.75,35.2,180.0,18.05,38.1,25.2,63.0,46.75,58.9,,93.4,178.0,40.65,78.9,17.5,10.75,126.0,51.8,80.2,76.5,219.0,212.5,269.0,,,72.7,,,33.1,84.6,223.0,82.9,230.0,51.7,38.85,79.5,54.2
44.75,41.9,51.4,76.3,75.1,69.2,10.7,37.15,70.8,32.95,30.5,304.5,152.0,36.55,51.1,287.0,10.5,15.0,31.9,59.6,185.0,63.0,25.0,15.2,25.85,42.3,288.5,375.0,41.45,73.3,67.2,46.1,27.65,372.0,309.5,282.0,48.75,13.1,205.5,36.9,18.05,104.5,26.15,42.7,20.45,121.0,7.66,10.25,17.3,45.2,15.6,24.7,72.4,25.65,293.5,84.4,9.6,39.6,41.9,106.5,82.9,35.8,83.7,243.5,7.99,13.8,91.4,157.5,70.6,26.2,102.0,491.5,285.0,11.1,124.5,71.9,16.9,46.0,10.05,15.5,14.45,,240.0,18.2,30.05,10.7,28.75,9.13,10.45,17.8,18.75,46.3,48.75,9.79,19.65,16.05,26.3,16.05,9.71,14.0,20.95,18.0,223.5,74.1,2440.0,41.25,158.0,57.2,93.0,123.0,31.2,90.9,80.8,13.8,35.2,180.0,18.0,38.05,25.2,63.0,46.75,58.9,,93.4,178.0,40.75,78.9,17.45,10.75,126.0,51.8,80.2,76.5,219.0,212.5,269.0,,,72.7,,,33.15,84.6,223.0,82.8,230.5,51.7,38.8,79.5,54.1
44.75,41.85,51.4,76.3,75.1,69.1,10.75,37.15,70.8,32.95,30.5,304.5,152.0,36.55,51.0,287.5,10.5,15.0,31.9,59.6,185.0,63.2,25.0,15.15,25.9,42.3,288.5,374.5,41.45,73.3,67.2,46.15,27.65,372.0,309.0,282.0,48.75,13.1,205.5,36.9,18.05,104.5,26.15,42.7,20.5,121.5,7.65,10.25,17.3,45.15,15.55,24.7,72.4,25.65,293.5,84.4,9.6,39.6,41.9,106.0,82.9,35.8,83.7,243.5,7.99,13.75,91.3,158.0,70.6,26.25,102.0,491.5,284.5,11.1,124.5,71.9,16.9,46.0,10.0,15.5,14.45,,240.0,18.2,30.05,10.7,28.75,9.13,10.45,17.8,18.7,46.3,48.7,9.79,19.65,16.05,26.25,16.05,9.7,13.95,20.95,17.95,223.5,74.1,2440.0,41.25,158.5,57.2,93.0,123.0,31.15,91.4,80.8,13.75,35.2,180.5,18.0,38.1,25.2,63.0,46.75,58.9,,93.5,178.0,40.75,78.9,17.45,10.8,125.5,51.8,80.1,76.5,219.0,212.5,269.0,,,72.6,,,33.15,84.6,222.5,82.8,230.5,51.7,38.8,79.5,54.1
44.75,41.85,51.3,76.3,75.2,69.1,10.7,37.15,70.9,32.95,30.5,304.5,152.0,36.55,51.0,287.5,10.5,15.0,31.9,59.6,185.0,63.2,25.0,15.15,25.9,42.3,288.5,374.5,41.5,73.4,67.2,46.15,27.65,372.0,309.0,282.0,48.75,13.1,205.5,36.9,18.05,105.0,26.1,42.7,20.45,121.0,7.66,10.2,17.3,45.15,15.6,24.7,72.5,25.6,293.5,84.4,9.6,39.55,41.9,106.5,82.9,35.8,83.7,243.5,7.99,13.75,91.4,158.0,70.4,26.25,102.0,492.0,284.5,11.1,124.5,71.9,16.9,46.0,10.05,15.55,14.45,,240.0,18.25,30.05,10.7,28.7,9.13,10.45,17.8,18.7,46.3,48.75,9.79,19.65,16.0,26.3,16.05,9.7,13.95,20.95,17.95,223.5,74.1,2440.0,41.25,158.0,57.2,93.0,123.0,31.2,91.4,80.8,13.8,35.2,180.5,18.0,38.0,25.2,63.0,46.75,58.9,,93.5,178.0,40.75,78.9,17.5,10.8,126.0,51.8,80.1,76.4,219.0,212.5,269.0,,,72.7,,,33.15,84.6,222.5,82.8,230.5,51.7,38.8,79.5,54.1
44.75,41.9,51.4,76.3,75.2,69.1,10.75,37.15,70.9,32.95,30.5,304.5,152.0,36.55,51.0,287.5,10.5,15.0,31.9,59.6,185.0,63.2,25.0,15.15,25.85,42.3,288.5,374.5,41.5,73.3,67.2,46.15,27.65,372.0,309.0,282.0,48.75,13.1,205.5,36.9,18.0,104.5,26.1,42.7,20.45,121.5,7.66,10.25,17.3,45.2,15.65,24.7,72.4,25.6,293.5,84.4,9.61,39.6,41.9,106.5,82.9,35.8,83.7,243.5,7.99,13.8,91.4,157.5,70.5,26.2,102.0,491.5,285.0,11.05,124.5,71.8,16.9,46.0,10.0,15.55,14.45,,240.0,18.25,30.05,10.7,28.75,9.13,10.45,17.8,18.75,46.3,48.75,9.78,19.65,16.05,26.25,16.05,9.69,13.95,20.95,17.95,223.5,74.1,2440.0,41.3,158.0,57.2,93.0,123.0,31.2,91.4,80.8,13.75,35.2,180.0,18.0,38.0,25.2,63.0,46.7,58.9,,93.6,178.0,40.75,78.8,17.5,10.75,125.5,51.8,80.2,76.4,219.0,212.5,269.0,,,72.7,,,33.15,84.6,222.5,82.8,230.5,51.7,38.8,79.5,54.1
44.75,41.9,51.4,76.3,75.2,69.1,10.75,37.15,70.9,32.95,30.5,304.5,152.0,36.55,51.1,287.5,10.5,15.0,31.9,59.6,185.0,63.3,25.0,15.15,25.9,42.3,288.5,374.5,41.5,73.3,67.2,46.15,27.65,372.0,309.0,282.0,48.75,13.15,205.5,36.85,18.0,105.0,26.15,42.75,20.45,121.0,7.66,10.25,17.3,45.2,15.65,24.7,72.4,25.6,293.5,84.4,9.61,39.6,41.9,107.0,82.9,35.8,83.7,243.5,7.99,13.8,91.4,158.0,70.4,26.2,102.0,491.5,285.0,11.1,124.5,71.8,16.9,46.0,10.05,15.55,14.4,,240.0,18.25,30.05,10.7,28.75,9.14,10.45,17.8,18.75,46.3,48.75,9.78,19.7,16.05,26.3,16.05,9.69,13.95,20.95,18.0,223.0,74.1,2440.0,41.3,158.0,57.2,93.0,123.0,31.2,91.4,80.8,13.8,35.2,180.5,18.05,38.05,25.2,62.9,46.7,58.9,,93.6,178.0,40.75,78.8,17.5,10.75,126.0,51.8,80.2,76.4,219.0,212.5,269.0,,,72.7,,,33.1,84.7,222.0,82.8,230.5,51.8,38.8,79.5,54.2
44.7,41.85,51.4,76.3,75.2,69.1,10.75,37.15,70.9,32.95,30.5,304.5,152.0,36.55,51.0,287.5,10.5,15.0,31.9,59.6,185.0,63.3,25.0,15.15,25.85,42.3,288.5,374.5,41.5,73.3,67.2,46.1,27.65,372.0,309.0,282.0,48.75,13.15,205.5,36.9,18.0,105.0,26.1,42.75,20.45,121.5,7.66,10.25,17.3,45.2,15.65,24.65,72.4,25.6,293.5,84.4,9.6,39.6,41.95,107.0,82.9,35.8,83.7,243.5,7.99,13.8,91.3,158.0,70.4,26.2,102.0,491.5,285.0,11.1,124.5,71.7,16.9,46.0,10.05,15.55,14.45,,240.0,18.2,30.05,10.7,28.7,9.13,10.45,17.8,18.7,46.25,48.75,9.79,19.65,16.05,26.25,16.0,9.68,13.95,20.9,17.95,223.0,74.1,2445.0,41.3,158.0,57.2,93.0,122.5,31.25,91.4,80.8,13.75,35.2,180.0,18.05,38.0,25.2,62.9,46.75,58.9,,93.6,178.0,40.7,78.8,17.45,10.75,126.0,51.8,80.3,76.4,219.0,212.5,269.0,,,72.7,,,33.1,84.7,222.5,82.8,230.5,51.8,38.8,79.5,54.1
44.7,41.85,51.4,76.3,75.2,69.2,10.75,37.1,70.9,32.95,30.5,305.0,152.0,36.55,51.0,287.5,10.5,15.0,31.9,59.6,185.0,63.3,25.05,15.15,25.9,42.3,288.5,374.5,41.5,73.3,67.2,46.1,27.6,372.0,309.0,282.0,48.75,13.1,205.5,36.9,18.0,104.5,26.1,42.7,20.45,121.5,7.66,10.2,17.3,45.15,15.65,24.7,72.5,25.6,293.5,84.5,9.6,39.6,41.95,107.0,82.9,35.8,83.7,244.0,7.99,13.8,91.3,158.0,70.4,26.2,102.0,491.0,285.0,11.05,125.0,71.7,16.9,46.0,10.05,15.55,14.45,,240.0,18.25,30.05,10.7,28.7,9.13,10.45,17.8,18.7,46.3,48.75,9.79,19.7,16.05,26.3,16.05,9.68,14.0,20.95,18.0,223.5,74.1,2445.0,41.3,158.5,57.2,93.1,122.5,31.2,91.4,80.7,13.75,35.2,180.0,18.0,38.0,25.2,62.9,46.75,58.9,,93.6,178.0,40.7,78.8,17.45,10.75,126.0,51.8,80.1,76.4,219.0,212.5,269.0,,,72.6,,,33.1,84.7,222.0,82.8,230.5,51.8,38.8,79.5,54.1
44.7,41.85,51.3,76.3,75.2,69.2,10.7,37.1,70.9,32.95,30.55,305.0,152.0,36.55,51.1,287.5,10.5,15.0,31.9,59.7,185.5,63.2,25.0,15.15,25.9,42.3,288.5,374.5,41.5,73.3,67.2,46.1,27.6,372.0,309.0,282.0,48.75,13.1,205.5,36.9,18.0,104.5,26.1,42.75,20.45,121.0,7.66,10.25,17.3,45.15,15.65,24.65,72.4,25.6,293.5,84.4,9.61,39.6,41.95,106.5,83.0,35.8,83.7,244.0,7.99,13.75,91.4,158.0,70.5,26.25,102.0,491.5,285.5,11.05,124.5,71.7,16.9,46.0,10.0,15.5,14.45,,240.0,18.25,30.05,10.7,28.75,9.13,10.5,17.8,18.75,46.3,48.75,9.79,19.7,16.05,26.3,16.05,9.67,14.0,20.95,18.0,223.0,74.2,2445.0,41.3,158.5,57.2,93.1,123.0,31.2,91.1,80.7,13.75,35.2,180.5,18.0,38.05,25.2,63.0,46.75,59.0,,93.8,178.5,40.7,79.0,17.45,10.75,126.0,51.8,80.1,76.4,219.0,212.5,269.0,,,72.7,,,33.1,84.7,222.0,82.8,230.5,51.8,38.8,79.5,54.1
44.75,41.85,51.3,76.3,75.2,69.2,10.7,37.15,70.9,32.95,30.5,305.0,152.0,36.55,51.0,287.5,10.5,15.0,31.85,59.7,185.0,63.2,25.0,15.15,25.95,42.3,288.5,374.5,41.45,73.4,67.2,46.1,27.6,372.0,309.0,282.0,48.7,13.15,205.5,36.9,18.0,104.5,26.15,42.7,20.45,121.0,7.66,10.25,17.3,45.15,15.65,24.65,72.4,25.6,294.0,84.4,9.62,39.55,41.95,106.5,82.9,35.8,83.8,244.0,7.99,13.8,91.4,158.0,70.5,26.25,102.0,491.5,285.5,11.05,124.5,71.7,16.9,46.0,10.0,15.5,14.45,,240.0,18.25,30.05,10.75,28.75,9.13,10.5,17.8,18.75,46.25,48.8,9.78,19.65,16.05,26.25,16.05,9.67,14.0,20.95,18.0,222.5,74.2,2445.0,41.3,158.5,57.2,93.1,123.0,31.2,91.1,80.7,13.75,35.2,180.5,18.05,38.0,25.2,63.0,46.75,58.9,,93.8,178.0,40.7,79.0,17.5,10.8,126.0,51.8,80.1,76.4,219.0,212.5,268.5,,,72.6,,,33.1,84.7,222.0,82.9,230.5,51.8,38.8,79.5,54.1
44.75,41.85,51.4,76.3,75.2,69.2,10.7,37.15,70.9,32.95,30.5,305.0,152.0,36.55,51.0,287.5,10.5,15.0,31.85,59.6,185.0,63.2,25.0,15.15,25.9,42.3,288.5,374.5,41.45,73.3,67.2,46.1,27.65,372.0,309.0,282.0,48.75,13.1,205.5,36.9,18.0,104.5,26.1,42.75,20.45,121.5,7.66,10.25,17.3,45.15,15.65,24.65,72.5,25.6,294.0,84.5,9.63,39.55,41.95,106.5,83.0,35.8,83.8,243.5,7.99,13.8,91.3,158.0,70.5,26.25,102.0,491.5,285.5,11.05,124.5,71.7,16.9,46.0,10.05,15.5,14.45,,240.0,18.2,30.05,10.75,28.7,9.13,10.5,17.8,18.7,46.3,48.75,9.8,19.65,16.0,26.25,16.05,9.67,14.0,20.95,18.0,222.5,74.2,2445.0,41.3,158.5,57.2,93.1,123.0,31.25,91.1,80.7,13.75,35.2,180.5,18.05,38.0,25.2,63.0,46.75,58.9,,93.8,178.0,40.7,79.0,17.45,10.75,126.0,51.8,80.1,76.4,219.0,212.5,268.5,,,72.6,,,33.1,84.7,222.0,82.9,230.5,51.7,38.8,79.5,54.0
44.75,41.85,51.4,76.3,75.2,69.2,10.75,37.2,70.9,32.95,30.5,305.0,152.0,36.55,51.0,287.5,10.5,15.0,31.85,59.6,185.0,63.1,25.0,15.15,25.95,42.3,288.5,374.5,41.4,73.3,67.2,46.1,27.6,372.0,309.0,282.0,48.7,13.1,205.5,36.9,18.0,104.5,26.1,42.75,20.5,121.0,7.65,10.25,17.3,45.2,15.7,24.7,72.5,25.6,294.0,84.5,9.63,39.55,41.95,107.0,82.9,35.8,83.8,243.5,7.99,13.8,91.4,158.0,70.5,26.25,102.0,491.5,285.5,11.05,124.5,71.7,16.9,46.0,10.05,15.55,14.4,,240.5,18.25,30.05,10.75,28.7,9.13,10.5,17.8,18.7,46.3,48.75,9.8,19.65,16.05,26.3,16.05,9.67,13.95,20.95,18.0,223.0,74.2,2445.0,41.3,158.5,57.2,93.2,123.0,31.2,91.1,80.6,13.8,35.2,180.5,18.0,38.0,25.2,62.9,46.75,58.9,,93.8,178.5,40.75,79.1,17.5,10.75,126.0,51.8,80.2,76.3,219.5,212.5,268.5,,,72.7,,,33.1,84.7,222.0,82.9,230.5,51.7,38.8,79.5,54.1
44.7,41.85,51.4,76.3,75.2,69.1,10.7,37.2,70.9,32.95,30.5,305.0,152.0,36.5,51.0,287.0,10.5,15.0,31.85,59.7,185.0,63.3,25.0,15.15,25.9,42.3,288.5,374.5,41.4,73.3,67.2,46.1,27.6,372.0,309.0,282.0,48.75,13.1,205.5,36.85,18.0,105.0,26.15,42.7,20.45,121.5,7.65,10.2,17.3,45.2,15.6,24.7,72.5,25.6,293.5,84.5,9.63,39.55,41.95,106.5,82.9,35.8,83.8,243.5,7.99,13.75,91.3,158.0,70.6,26.3,102.0,491.5,285.5,11.05,124.5,71.7,16.9,46.0,10.0,15.5,14.4,,240.5,18.2,30.05,10.75,28.75,9.13,10.45,17.8,18.75,46.3,48.75,9.78,19.65,16.05,26.25,16.0,9.67,14.0,20.95,17.95,223.0,74.2,2445.0,41.3,158.5,57.2,93.2,123.0,31.2,91.0,80.6,13.75,35.2,180.5,18.0,38.0,25.2,62.9,46.75,58.9,,93.8,178.5,40.75,79.0,17.45,10.75,126.0,51.8,80.2,76.3,219.5,212.5,268.5,,,72.6,,,33.1,84.7,221.5,82.9,230.5,51.7,38.8,79.5,54.1
44.75,41.9,51.4,76.3,75.1,69.2,10.75,37.2,70.9,33.0,30.5,305.0,152.0,36.5,51.0,287.5,10.5,15.0,31.85,59.7,185.0,63.3,25.0,15.15,25.9,42.3,288.5,374.5,41.4,73.3,67.2,46.1,27.6,372.0,309.0,282.0,48.75,13.1,205.0,36.9,18.0,105.0,26.1,42.65,20.45,121.5,7.65,10.2,17.3,45.2,15.6,24.7,72.5,25.6,293.5,84.5,9.63,39.6,41.95,106.5,83.0,35.8,83.8,243.5,7.99,13.8,91.4,157.5,70.5,26.25,102.0,491.5,285.0,11.0,125.0,71.8,16.9,46.0,10.0,15.5,14.45,,240.5,18.2,30.05,10.75,28.75,9.14,10.45,17.85,18.75,46.3,48.7,9.78,19.7,16.05,26.3,16.0,9.67,14.0,20.95,18.0,223.0,74.2,2445.0,41.3,159.0,57.2,93.2,123.0,31.2,91.1,80.6,13.75,35.2,180.5,18.0,38.0,25.2,63.0,46.75,58.9,,93.8,178.0,40.75,79.1,17.5,10.75,126.0,51.7,80.2,76.3,219.5,212.5,268.5,,,72.7,,,33.0,84.7,221.5,82.9,230.5,51.7,38.8,79.5,54.0
44.75,41.9,51.4,76.3,75.1,69.2,10.7,37.2,70.9,33.0,30.5,305.0,152.0,36.5,51.0,287.5,10.5,15.0,31.85,59.7,185.0,63.3,25.0,15.15,25.9,42.25,288.5,374.5,41.4,73.3,67.2,46.1,27.6,372.0,309.5,282.0,48.75,13.1,205.0,36.9,18.0,105.0,26.1,42.7,20.45,121.5,7.65,10.2,17.3,45.2,15.65,24.65,72.5,25.6,293.5,84.5,9.63,39.55,41.95,106.5,83.0,35.8,83.8,243.5,7.99,13.8,91.4,157.5,70.5,26.25,102.0,491.5,285.5,11.1,124.5,71.8,16.9,46.0,10.0,15.5,14.4,,240.5,18.2,30.05,10.75,28.75,9.14,10.45,17.85,18.75,46.35,48.75,9.78,19.7,16.0,26.3,16.0,9.67,13.95,20.95,18.0,223.0,74.2,2445.0,41.25,158.5,57.2,93.2,123.0,31.2,91.2,80.9,13.75,35.2,180.5,18.0,38.0,25.25,63.0,46.75,58.9,,93.8,178.0,40.7,79.0,17.45,10.75,126.0,51.7,80.2,76.3,219.5,212.5,268.5,,,72.7,,,33.0,84.7,221.5,82.9,230.5,51.7,38.8,79.5,54.0
44.75,41.9,51.4,76.3,75.2,69.2,10.7,37.2,71.0,33.0,30.5,305.0,152.0,36.5,51.0,287.5,10.5,15.0,31.85,59.7,185.0,63.3,25.0,15.15,25.85,42.25,288.5,374.5,41.4,73.3,67.2,46.1,27.6,372.0,309.5,282.0,48.75,13.1,205.0,36.85,18.0,105.0,26.1,42.7,20.45,121.0,7.65,10.2,17.3,45.2,15.7,24.6,72.5,25.6,293.5,84.4,9.63,39.55,41.95,107.0,83.0,35.8,83.8,243.5,7.99,13.8,91.3,158.0,70.5,26.25,102.0,492.0,285.5,11.1,125.0,71.8,16.9,46.0,10.0,15.5,14.4,,240.5,18.2,30.05,10.75,28.75,9.14,10.45,17.85,18.75,46.3,48.65,9.79,19.7,16.05,26.3,16.0,9.67,13.95,20.95,18.0,222.5,74.2,2445.0,41.25,159.0,57.3,93.2,123.0,31.25,91.2,80.9,13.8,35.2,180.5,18.05,38.05,25.25,63.0,46.75,58.9,,93.8,178.0,40.7,79.0,17.45,10.75,126.0,51.7,80.2,76.4,219.5,212.5,268.5,,,72.7,,,33.05,84.7,221.0,82.9,230.5,51.8,38.8,79.5,54.1
44.75,41.85,51.4,76.3,75.1,69.2,10.75,37.2,71.1,33.0,30.55,305.5,152.0,36.5,50.9,287.5,10.5,15.0,31.85,59.7,185.0,63.3,25.0,15.15,25.9,42.25,288.5,374.5,41.4,73.3,67.2,46.1,27.6,372.0,309.5,282.0,48.8,13.15,205.5,36.85,18.0,105.0,26.1,42.65,20.45,121.5,7.65,10.2,17.3,45.2,15.7,24.65,72.5,25.6,293.5,84.4,9.63,39.6,41.95,106.5,82.9,35.8,83.8,243.5,7.99,13.75,91.3,158.0,70.6,26.25,102.0,492.0,285.5,11.1,125.0,71.7,16.9,46.0,10.0,15.55,14.4,,240.5,18.25,30.05,10.75,28.75,9.14,10.45,17.85,18.75,46.3,48.65,9.79,19.7,16.05,26.3,16.0,9.67,13.95,20.95,17.95,222.5,74.2,2445.0,41.25,158.5,57.3,93.2,123.0,31.2,91.2,80.9,13.8,35.2,181.0,18.0,38.05,25.2,63.0,46.75,58.9,,93.9,178.0,40.7,79.0,17.45,10.75,126.0,51.7,80.2,76.4,219.5,212.5,268.5,,,72.7,,,33.0,84.6,221.0,82.9,230.5,51.8,38.8,79.7,54.1
44.75,41.9,51.4,76.3,75.1,69.2,10.75,37.2,71.1,33.0,30.55,305.5,152.0,36.55,51.0,287.5,10.5,15.0,31.85,59.7,185.0,63.3,25.0,15.15,25.9,42.3,288.5,374.5,41.4,73.3,67.2,46.1,27.6,372.0,309.5,282.0,48.8,13.1,205.5,36.9,18.05,104.5,26.1,42.7,20.45,121.5,7.66,10.2,17.3,45.2,15.7,24.65,72.5,25.65,293.5,84.4,9.62,39.6,41.95,106.5,83.0,35.8,83.8,243.5,7.99,13.8,91.3,158.0,70.5,26.25,102.0,492.0,285.5,11.1,125.0,71.7,16.9,46.0,10.05,15.5,14.4,,240.5,18.2,30.05,10.75,28.75,9.14,10.45,17.85,18.75,46.3,48.7,9.79,19.7,16.1,26.25,16.05,9.68,13.95,20.95,17.95,222.5,74.2,2445.0,41.25,158.5,57.2,93.2,123.0,31.25,91.2,80.9,13.75,35.2,181.0,18.05,38.05,25.2,63.0,46.75,58.9,,93.9,178.5,40.7,79.0,17.5,10.75,126.0,51.8,80.2,76.4,219.5,212.5,268.5,,,72.7,,,33.0,84.6,220.5,82.9,230.5,51.8,38.9,79.7,54.1
44.7,41.9,51.3,76.3,75.1,69.1,10.75,37.2,71.1,33.0,30.55,305.5,152.0,36.45,51.0,287.5,10.45,15.0,31.9,59.7,185.0,63.2,25.0,15.15,25.9,42.3,288.5,374.5,41.4,73.3,67.2,46.15,27.55,372.0,309.5,282.0,48.8,13.1,205.5,36.9,18.05,104.5,26.1,42.7,20.5,121.5,7.66,10.2,17.3,45.15,15.7,24.65,72.5,25.6,293.5,84.5,9.62,39.6,41.9,107.0,83.0,35.8,83.8,243.5,7.99,13.8,91.3,158.0,70.6,26.25,102.0,491.5,286.0,11.1,125.0,71.8,16.9,46.0,10.0,15.5,14.4,,240.5,18.2,30.05,10.75,28.75,9.13,10.45,17.85,18.75,46.3,48.65,9.79,19.65,16.05,26.25,16.0,9.68,14.0,20.95,18.0,223.0,74.2,2445.0,41.25,158.5,57.2,93.2,123.0,31.2,91.2,80.9,13.75,35.25,181.0,18.0,38.0,25.2,63.0,46.75,58.9,,93.9,178.5,40.7,79.0,17.45,10.75,126.0,51.8,80.2,76.4,219.5,212.5,268.5,,,72.6,,,33.0,84.6,220.5,82.9,230.5,51.8,38.8,79.7,54.1
44.7,41.85,51.4,76.3,75.2,69.1,10.7,37.2,71.1,33.0,30.55,305.0,152.0,36.5,51.0,288.0,10.45,15.0,31.9,59.7,185.0,63.2,25.05,15.15,25.9,42.3,288.5,375.0,41.45,73.3,67.2,46.15,27.55,372.0,309.5,282.0,48.8,13.1,205.5,36.85,18.05,105.0,26.1,42.65,20.5,121.5,7.66,10.2,17.3,45.15,15.7,24.65,72.5,25.6,293.5,84.4,9.62,39.6,41.9,107.0,82.9,35.75,83.8,243.5,7.99,13.8,91.3,158.0,70.5,26.25,102.0,491.5,285.5,11.1,125.0,71.8,16.85,46.0,10.05,15.5,14.4,,240.5,18.25,30.05,10.75,28.75,9.13,10.45,17.85,18.75,46.35,48.65,9.79,19.7,16.1,26.3,16.05,9.67,14.0,20.95,18.0,223.0,74.3,2445.0,41.25,158.5,57.2,93.3,123.0,31.25,91.2,80.9,13.8,35.25,181.0,18.05,38.05,25.2,63.0,46.75,59.0,,93.9,178.5,40.75,79.0,17.45,10.75,126.0,51.8,80.2,76.4,219.5,212.5,268.5,,,72.6,,,33.05,84.6,220.5,82.9,230.5,51.8,38.8,79.7,54.1
44.7,41.9,51.4,76.3,75.2,69.1,10.7,37.2,71.0,33.0,30.5,305.5,152.0,36.5,51.0,288.0,10.45,15.0,31.9,59.7,185.0,63.4,25.0,15.15,25.9,42.35,288.5,375.0,41.45,73.3,67.2,46.15,27.6,372.0,309.5,282.0,48.8,13.1,205.5,36.9,18.05,104.5,26.15,42.7,20.45,121.0,7.65,10.25,17.35,45.15,15.7,24.65,72.5,25.6,293.5,84.4,9.62,39.6,41.9,107.0,83.0,35.8,83.8,243.5,7.99,13.8,91.3,158.0,70.6,26.25,102.0,491.5,285.5,11.1,125.0,71.9,16.85,46.0,10.05,15.5,14.4,,240.5,18.25,30.05,10.75,28.75,9.13,10.45,17.85,18.75,46.3,48.6,9.79,19.7,16.05,26.3,16.05,9.67,14.0,20.95,18.0,223.0,74.2,2445.0,41.3,158.5,57.2,93.3,123.0,31.25,91.2,80.9,13.8,35.25,180.5,18.05,38.0,25.2,63.0,46.75,58.9,,93.8,178.0,40.75,78.9,17.45,10.75,126.0,51.7,80.2,76.4,219.5,212.5,268.5,,,72.6,,,33.05,84.8,221.0,82.9,230.5,51.8,38.8,79.7,54.1
44.75,41.85,51.4,76.3,75.2,69.2,10.7,37.2,71.0,33.0,30.6,305.5,152.0,36.45,51.0,288.0,10.5,14.95,31.9,59.7,184.5,63.4,25.0,15.15,25.9,42.35,288.5,374.5,41.45,73.4,67.2,46.15,27.6,372.0,309.5,282.0,48.8,13.1,205.5,36.9,18.05,105.0,26.1,42.7,20.5,121.5,7.65,10.25,17.35,45.15,15.7,24.65,72.7,25.6,293.5,84.4,9.62,39.55,41.9,107.0,83.0,35.8,83.8,243.5,7.99,13.8,91.3,158.0,70.5,26.25,102.0,491.5,285.0,11.1,125.0,71.9,16.8,46.0,10.0,15.5,14.45,,240.5,18.25,30.05,10.75,28.75,9.14,10.45,17.85,18.75,46.35,48.6,9.78,19.7,16.1,26.3,16.05,9.67,14.0,20.95,18.0,223.5,74.2,2445.0,41.3,158.0,57.2,93.3,123.0,31.25,91.2,80.9,13.8,35.25,180.5,18.05,38.05,25.2,63.0,46.75,58.9,,93.8,178.0,40.7,78.9,17.5,10.75,126.0,51.8,80.2,76.4,219.5,212.5,268.5,,,72.6,,,33.1,84.8,221.0,82.9,230.5,51.8,38.8,79.7,54.1
44.75,41.9,51.4,76.4,75.2,69.2,10.7,37.2,71.0,33.0,30.6,305.5,152.0,36.5,51.0,288.0,10.5,14.95,31.85,59.7,185.0,63.5,25.0,15.15,25.9,42.35,288.5,375.0,41.45,73.3,67.2,46.15,27.6,372.0,309.5,282.0,48.8,13.1,205.5,36.9,18.05,105.0,26.15,42.7,20.5,121.5,7.65,10.25,17.35,45.15,15.7,24.65,72.7,25.6,294.0,84.6,9.62,39.6,41.9,107.0,83.0,35.7,83.8,243.5,7.99,13.8,91.3,158.0,70.5,26.3,102.0,491.5,285.0,11.1,125.0,71.9,16.85,46.0,10.0,15.5,14.45,,240.5,18.25,30.05,10.75,28.75,9.13,10.45,17.85,18.75,46.35,48.65,9.78,19.7,16.1,26.25,16.05,9.68,14.0,20.9,17.95,223.5,74.2,2445.0,41.25,158.5,57.2,93.3,122.5,31.2,91.2,80.9,13.8,35.25,180.5,18.05,38.05,25.2,63.0,46.75,58.9,,93.8,178.0,40.7,78.9,17.45,10.75,126.0,51.8,80.2,76.4,219.5,212.5,268.5,,,72.6,,,33.1,84.9,221.0,83.0,230.5,51.8,38.85,79.7,54.1
44.75,41.85,51.4,76.4,75.2,69.2,10.7,37.15,71.0,32.95,30.6,305.5,152.0,36.5,51.1,288.0,10.5,14.95,31.85,59.7,185.0,63.5,25.0,15.15,25.9,42.35,288.5,375.0,41.45,73.3,67.2,46.15,27.6,372.0,309.5,282.0,48.75,13.1,205.0,36.85,18.05,105.0,26.1,42.65,20.5,121.0,7.65,10.25,17.35,45.15,15.7,24.65,72.7,25.6,294.0,84.6,9.62,39.55,41.9,107.0,82.9,35.7,83.9,243.5,7.99,13.75,91.3,158.0,70.5,26.3,102.0,491.5,285.0,11.1,125.0,71.9,16.85,46.0,10.0,15.55,14.4,,240.5,18.25,30.05,10.75,28.75,9.14,10.45,17.85,18.75,46.3,48.6,9.78,19.7,16.1,26.25,16.05,9.67,13.95,20.95,18.0,223.5,74.3,2445.0,41.25,158.5,57.2,93.3,123.0,31.25,91.2,80.9,13.75,35.25,180.5,18.05,38.05,25.2,63.0,46.75,58.9,,93.9,178.0,40.65,78.9,17.45,10.75,126.5,51.8,80.2,76.4,219.5,212.5,268.5,,,72.6,,,33.05,84.9,221.0,83.0,230.5,51.8,38.85,79.7,54.1
44.75,41.9,51.3,76.4,75.2,69.1,10.7,37.1,71.1,33.0,30.6,305.5,152.0,36.5,51.1,288.0,10.45,14.95,31.85,59.7,185.0,63.5,25.0,15.15,25.9,42.35,288.5,375.0,41.45,73.3,67.2,46.15,27.6,372.0,309.5,282.0,48.75,13.1,205.0,36.85,18.05,104.5,26.1,42.65,20.5,121.0,7.65,10.2,17.35,45.2,15.7,24.65,72.7,25.6,294.0,84.6,9.62,39.6,41.9,106.5,82.9,35.6,83.9,244.0,7.99,13.75,91.3,158.5,70.5,26.25,102.0,491.0,285.0,11.1,125.0,71.9,16.85,46.0,10.0,15.55,14.4,,240.5,18.2,30.05,10.75,28.75,9.14,10.45,17.85,18.75,46.35,48.6,9.78,19.65,16.05,26.3,16.05,9.67,13.95,20.95,17.95,223.5,74.3,2445.0,41.25,158.5,57.2,93.3,123.0,31.2,91.2,80.9,13.8,35.25,180.5,18.0,38.05,25.2,63.0,46.75,58.9,,93.9,178.5,40.65,78.9,17.45,10.75,126.5,51.8,80.2,76.4,219.5,212.5,268.5,,,72.6,,,33.05,84.9,221.5,83.0,230.0,51.8,38.9,79.7,54.1
44.8,41.9,51.4,76.4,75.1,69.1,10.7,37.15,71.1,33.0,30.6,305.0,152.0,36.5,51.1,289.0,10.45,14.95,31.85,59.7,185.0,63.5,25.0,15.15,25.9,42.35,288.5,374.5,41.45,73.3,67.2,46.15,27.6,372.0,309.5,282.0,48.75,13.15,205.0,36.8,18.0,105.0,26.1,42.7,20.45,121.0,7.65,10.2,17.35,45.15,15.7,24.7,72.7,25.55,294.0,84.5,9.62,39.6,41.9,107.0,82.9,35.65,83.9,244.0,7.99,13.8,91.4,158.5,70.5,26.3,102.0,491.0,285.0,11.1,125.0,71.9,16.9,46.0,10.0,15.5,14.45,,240.5,18.2,30.05,10.75,28.75,9.14,10.45,17.85,18.75,46.35,48.6,9.78,19.65,16.1,26.3,16.05,9.67,14.0,20.95,18.0,223.5,74.3,2445.0,41.25,158.5,57.2,93.3,123.0,31.25,91.2,80.9,13.8,35.25,180.5,18.05,38.05,25.2,63.0,46.75,58.9,,93.9,178.5,40.65,78.9,17.5,10.8,126.5,51.7,80.2,76.4,219.5,212.5,268.5,,,72.7,,,33.05,84.9,221.5,83.0,230.5,51.8,38.9,79.6,54.2
44.8,41.85,51.3,76.4,75.1,69.1,10.7,37.15,71.1,33.0,30.6,305.5,152.0,36.5,51.1,289.0,10.45,14.95,31.85,59.7,185.0,63.5,25.0,15.15,25.95,42.35,288.5,375.0,41.45,73.3,67.2,46.15,27.6,372.0,309.5,282.0,48.75,13.1,205.0,36.85,18.0,104.5,26.1,42.7,20.45,121.5,7.65,10.2,17.35,45.2,15.65,24.7,72.8,25.6,294.0,84.5,9.62,39.6,41.95,107.0,83.0,35.6,83.9,244.0,7.99,13.8,91.3,158.0,70.6,26.25,102.0,491.0,285.0,11.1,125.0,71.9,16.9,46.0,10.0,15.5,14.45,,240.5,18.2,30.05,10.75,28.75,9.14,10.45,17.85,18.75,46.35,48.7,9.78,19.65,16.05,26.3,16.05,9.68,14.0,20.95,18.0,223.5,74.3,2445.0,41.25,158.0,57.2,93.3,123.0,31.25,91.2,80.9,13.8,35.25,180.5,18.05,38.05,25.2,62.9,46.8,58.9,,93.9,178.5,40.65,78.8,17.5,10.75,126.5,51.7,80.2,76.4,219.5,212.5,268.5,,,72.7,,,33.0,84.9,222.0,83.0,230.5,51.8,38.85,79.6,54.2
44.8,41.85,51.4,76.4,75.2,69.1,10.7,37.15,71.1,33.0,30.6,305.0,152.0,36.45,51.1,289.0,10.5,14.95,31.85,59.7,185.0,63.5,25.05,15.15,25.9,42.35,288.5,375.0,41.45,73.3,67.2,46.15,27.6,372.0,309.5,282.0,48.8,13.15,205.0,36.85,18.0,105.0,26.1,42.7,20.45,121.5,7.65,10.2,17.35,45.2,15.7,24.65,72.8,25.6,294.0,84.5,9.62,39.55,41.9,107.0,82.9,35.6,83.9,244.0,7.99,13.8,91.4,158.0,70.6,26.25,102.0,491.0,285.0,11.1,125.0,71.9,16.9,46.0,10.05,15.5,14.45,,240.5,18.25,30.1,10.75,28.75,9.14,10.45,17.85,18.8,46.35,48.65,9.78,19.65,16.1,26.3,16.05,9.68,14.0,20.95,18.0,223.0,74.3,2445.0,41.25,158.5,57.2,93.3,123.0,31.2,91.2,80.9,13.8,35.25,180.5,18.05,38.0,25.2,63.0,46.8,58.9,,93.9,178.5,40.65,78.8,17.5,10.75,126.0,51.7,80.2,76.2,219.5,212.5,268.5,,,72.7,,,33.0,84.9,221.5,83.0,230.5,51.8,38.85,79.6,54.2
44.75,41.85,51.4,76.4,75.2,69.1,10.7,37.15,71.1,33.0,30.6,305.5,152.0,36.45,51.1,289.0,10.5,14.95,31.85,59.7,185.0,63.6,25.05,15.15,25.9,42.35,288.5,375.0,41.45,73.3,67.2,46.15,27.6,372.0,309.5,282.0,48.8,13.1,205.0,36.85,18.0,104.5,26.1,42.65,20.45,121.5,7.65,10.25,17.35,45.2,15.65,24.7,72.8,25.55,293.5,84.5,9.62,39.55,41.9,107.0,82.9,35.65,83.9,244.0,7.99,13.8,91.4,158.0,70.6,26.25,102.0,490.5,285.0,11.1,125.0,71.9,16.9,46.0,10.0,15.5,14.4,,240.5,18.25,30.1,10.75,28.75,9.14,10.45,17.85,18.8,46.35,48.7,9.79,19.65,16.1,26.3,16.05,9.67,14.0,20.95,18.0,223.5,74.3,2445.0,41.25,158.0,57.2,93.3,123.0,31.2,91.2,80.8,13.8,35.25,180.5,18.05,38.0,25.2,62.9,46.8,58.9,,93.9,178.5,40.65,78.9,17.5,10.75,126.0,51.7,80.2,76.2,219.5,212.5,268.5,,,72.7,,,33.0,84.9,221.5,83.0,230.0,51.8,38.85,79.6,54.2
44.75,41.8,51.4,76.4,75.2,69.2,10.7,37.1,71.2,33.0,30.6,305.5,152.0,36.45,51.1,289.0,10.5,14.95,31.85,59.7,185.0,63.6,25.1,15.15,25.9,42.35,288.5,375.5,41.45,73.3,67.2,46.15,27.6,372.0,309.5,282.0,48.8,13.1,205.5,36.85,18.0,104.5,26.15,42.65,20.45,121.0,7.65,10.2,17.35,45.2,15.7,24.65,72.9,25.6,293.5,84.5,9.62,39.55,41.9,107.0,83.0,35.65,83.9,244.0,7.99,13.8,91.4,158.5,70.6,26.25,102.0,490.0,284.5,11.1,125.5,71.9,16.9,46.0,10.0,15.5,14.45,,240.5,18.25,30.1,10.75,28.75,9.14,10.45,17.85,18.8,46.35,48.65,9.79,19.7,16.1,26.3,16.05,9.67,14.0,20.95,18.0,223.5,74.3,2445.0,41.25,158.5,57.2,93.4,123.0,31.25,91.2,80.8,13.8,35.25,180.5,18.05,38.0,25.2,63.0,46.75,58.9,,93.8,178.5,40.65,78.9,17.5,10.75,126.0,51.8,80.2,76.2,219.5,212.5,268.5,,,72.7,,,33.0,84.9,222.0,83.0,230.0,51.8,38.85,79.6,54.2
44.75,41.9,51.4,76.4,75.1,69.2,10.7,37.1,71.3,33.0,30.6,304.5,152.0,36.5,51.1,289.5,10.45,14.95,31.85,59.6,185.0,63.6,25.05,15.15,25.9,42.35,288.5,375.5,41.45,73.3,67.2,46.15,27.6,372.0,309.5,282.5,48.8,13.1,205.5,36.85,18.0,105.0,26.1,42.7,20.45,121.5,7.65,10.2,17.35,45.15,15.7,24.65,72.9,25.6,293.5,84.5,9.62,39.55,41.95,107.0,82.9,35.65,83.9,244.0,7.99,13.8,91.4,158.0,70.5,26.25,102.0,490.0,284.5,11.1,125.0,71.9,16.95,46.0,10.0,15.5,14.45,,240.5,18.2,30.1,10.75,28.7,9.13,10.45,17.85,18.75,46.35,48.65,9.79,19.65,16.1,26.3,16.0,9.67,13.95,20.95,17.95,223.5,74.3,2445.0,41.25,158.5,57.2,93.4,123.0,31.25,91.2,80.8,13.8,35.25,180.5,18.0,38.0,25.2,63.0,46.75,59.0,,93.9,178.5,40.65,78.8,17.45,10.75,126.0,51.7,80.2,76.2,219.0,212.5,268.5,,,72.7,,,33.05,84.9,221.5,83.0,230.0,51.9,38.85,79.6,54.2
44.75,41.9,51.4,76.4,75.2,69.2,10.7,37.15,71.3,33.0,30.65,303.5,152.0,36.5,51.1,289.5,10.45,14.95,31.85,59.7,185.0,63.6,25.05,15.15,25.95,42.35,288.5,376.0,41.4,73.4,67.2,46.1,27.6,372.5,309.5,283.0,48.8,13.1,205.5,36.8,18.0,105.0,26.1,42.65,20.45,121.0,7.65,10.2,17.35,45.2,15.7,24.65,72.9,25.6,293.5,84.5,9.62,39.55,41.9,107.0,83.0,35.65,83.9,244.0,7.99,13.75,91.4,158.0,70.6,26.25,102.0,490.0,285.0,11.1,125.5,71.9,16.95,46.0,10.0,15.55,14.45,,240.5,18.2,30.1,10.75,28.75,9.14,10.45,17.85,18.8,46.35,48.65,9.79,19.65,16.1,26.3,16.0,9.68,14.0,20.95,18.0,223.0,74.3,2445.0,41.2,158.0,57.2,93.4,123.0,31.25,91.2,80.8,13.8,35.25,180.5,18.05,38.0,25.2,63.0,46.7,58.9,,93.9,178.5,40.75,78.8,17.45,10.75,126.0,51.7,80.3,76.2,219.0,212.5,268.5,,,72.7,,,33.05,84.9,221.5,83.0,230.0,51.9,38.85,79.6,54.2
44.75,41.85,51.4,76.4,75.1,69.2,10.7,37.1,71.3,33.0,30.6,303.5,152.0,36.5,51.1,289.5,10.5,14.95,31.85,59.7,185.0,63.5,25.05,15.15,25.9,42.35,288.5,375.5,41.4,73.3,67.2,46.15,27.6,372.5,309.5,283.0,48.8,13.1,205.5,36.8,18.0,105.0,26.15,42.65,20.45,121.5,7.65,10.25,17.35,45.15,15.7,24.65,73.0,25.6,293.5,84.5,9.61,39.55,41.9,107.0,83.0,35.7,83.9,243.0,7.99,13.8,91.3,158.0,70.7,26.3,102.0,490.0,284.5,11.1,125.5,71.9,16.95,45.95,10.05,15.55,14.4,,240.5,18.25,30.05,10.75,28.7,9.14,10.45,17.85,18.8,46.3,48.65,9.79,19.65,16.1,26.35,16.05,9.67,13.95,20.95,18.0,223.0,74.2,2445.0,41.2,159.0,57.2,93.4,122.5,31.25,91.2,80.8,13.75,35.25,180.5,18.05,37.95,25.2,63.0,46.75,58.9,,93.9,178.5,40.65,78.8,17.45,10.75,125.5,51.7,80.2,76.2,219.0,212.5,268.5,,,72.8,,,33.05,84.8,221.5,83.0,230.0,51.9,38.85,79.6,54.2
44.7,41.85,51.5,76.4,75.1,69.2,10.7,37.1,71.2,33.05,30.6,303.5,152.0,36.55,51.1,289.5,10.45,14.95,31.85,59.7,185.0,63.5,25.05,15.15,25.9,42.35,288.5,375.5,41.4,73.4,67.2,46.1,27.6,372.5,309.5,283.5,48.8,13.15,205.5,36.85,18.0,104.5,26.1,42.65,20.45,121.0,7.65,10.25,17.35,45.15,15.7,24.65,73.0,25.55,293.5,84.5,9.61,39.55,41.9,107.5,82.9,35.7,83.9,243.0,7.99,13.8,91.4,158.5,70.7,26.25,102.0,490.0,285.0,11.1,125.0,71.9,16.95,45.95,10.05,15.55,14.4,,240.5,18.25,30.1,10.75,28.7,9.13,10.45,17.85,18.75,46.3,48.6,9.79,19.65,16.1,26.3,16.05,9.67,13.95,20.95,18.0,223.0,74.3,2445.0,41.2,159.0,57.2,93.4,123.0,31.3,91.2,80.8,13.8,35.25,180.5,18.0,38.0,25.15,63.0,46.75,58.9,,93.9,178.5,40.65,78.8,17.5,10.75,125.5,51.7,80.2,76.2,219.0,212.5,268.5,,,72.8,,,33.0,84.6,221.0,83.0,230.0,51.9,38.85,79.6,54.1
44.7,41.85,51.4,76.4,75.1,69.2,10.7,37.1,71.2,33.0,30.65,303.5,152.0,36.5,51.1,289.5,10.5,14.95,31.85,59.6,185.0,63.6,25.05,15.15,25.9,42.35,288.5,376.5,41.4,73.3,67.2,46.1,27.6,372.5,309.5,283.5,48.75,13.1,205.5,36.85,18.05,105.0,26.15,42.7,20.45,121.5,7.65,10.2,17.35,45.15,15.65,24.65,73.0,25.55,293.5,84.5,9.61,39.55,41.9,107.0,82.9,35.7,83.9,243.5,7.99,13.8,91.3,158.0,70.6,26.25,102.0,490.0,284.5,11.1,125.0,71.9,16.95,45.95,10.05,15.55,14.4,,240.5,18.2,30.1,10.75,28.7,9.13,10.45,17.85,18.75,46.3,48.6,9.78,19.65,16.05,26.3,16.0,9.67,13.95,20.95,17.95,223.0,74.3,2445.0,41.2,159.0,57.2,93.3,123.0,31.3,91.2,80.8,13.75,35.25,180.0,18.0,38.0,25.15,62.9,46.75,58.9,,93.9,178.5,40.65,78.8,17.45,10.75,125.5,51.7,80.2,76.2,219.0,212.5,268.5,,,72.7,,,33.0,84.6,221.0,83.0,230.0,51.9,38.85,79.6,54.1
44.7,41.8,51.5,76.4,75.2,69.2,10.7,37.1,71.2,33.0,30.65,303.5,152.0,36.5,51.1,289.5,10.5,14.95,31.85,59.6,185.0,63.5,25.05,15.15,25.9,42.35,288.5,376.5,41.45,73.4,67.2,46.1,27.6,372.5,309.5,283.5,48.75,13.1,205.5,36.8,18.0,105.0,26.1,42.7,20.45,121.0,7.64,10.25,17.35,45.15,15.65,24.65,72.9,25.6,293.5,84.5,9.61,39.55,41.85,106.5,82.9,35.65,83.9,243.0,7.99,13.8,91.4,158.5,70.7,26.25,102.0,490.0,285.0,11.0,125.0,71.9,16.95,45.95,10.0,15.55,14.4,,240.5,18.2,30.1,10.7,28.75,9.13,10.45,17.85,18.75,46.3,48.6,9.78,19.7,16.05,26.3,16.0,9.67,13.95,20.95,18.0,223.0,74.2,2450.0,41.2,158.5,57.2,93.3,123.0,31.3,91.2,80.8,13.75,35.35,180.5,18.05,37.95,25.15,62.9,46.7,59.0,,93.9,178.5,40.65,78.9,17.45,10.8,125.5,51.7,80.2,76.2,219.0,212.5,268.5,,,72.7,,,33.0,84.6,221.0,83.0,230.0,51.9,38.85,79.6,54.1
44.7,41.85,51.4,76.3,75.2,69.2,10.7,37.1,71.2,33.0,30.65,303.5,152.0,36.5,51.1,289.0,10.5,14.95,31.85,59.7,185.0,63.5,25.05,15.15,25.9,42.35,288.5,376.5,41.45,73.3,67.2,46.1,27.65,372.5,309.5,283.5,48.8,13.1,205.5,36.8,18.05,104.5,26.1,42.65,20.45,121.0,7.65,10.25,17.35,45.2,15.7,24.65,72.9,25.55,293.5,84.5,9.61,39.55,41.85,106.5,83.0,35.65,83.9,242.5,7.99,13.8,91.3,158.5,70.6,26.25,102.0,490.0,285.0,11.1,125.0,71.9,16.95,45.95,10.05,15.5,14.4,,240.5,18.25,30.1,10.7,28.75,9.13,10.45,17.85,18.75,46.3,48.55,9.78,19.65,16.05,26.3,16.0,9.67,14.0,20.95,18.0,223.0,74.2,2450.0,41.2,158.0,57.2,93.4,123.0,31.3,91.1,80.8,13.75,35.35,180.5,18.05,38.0,25.15,63.0,46.7,58.9,,93.9,178.5,40.65,78.9,17.45,10.75,125.5,51.7,80.2,76.2,219.0,212.5,268.5,,,72.7,,,33.0,84.6,221.0,83.0,230.0,51.9,38.85,79.6,54.1
44.7,41.85,51.5,76.3,75.2,69.2,10.7,37.1,71.3,33.0,30.6,304.0,152.0,36.5,51.1,289.0,10.5,14.95,31.85,59.7,185.0,63.5,25.05,15.15,25.95,42.4,288.5,376.5,41.45,73.3,67.2,46.1,27.65,372.5,309.5,283.5,48.8,13.1,205.5,36.85,18.05,104.5,26.1,42.7,20.45,121.0,7.65,10.25,17.35,45.2,15.65,24.65,72.9,25.55,293.5,84.5,9.61,39.55,41.9,107.0,83.0,35.65,83.9,242.5,7.99,13.8,91.4,158.5,70.6,26.25,102.0,490.0,285.0,11.1,125.0,71.9,16.95,46.0,10.05,15.55,14.45,,240.5,18.25,30.1,10.7,28.75,9.13,10.45,17.85,18.75,46.25,48.6,9.77,19.7,16.05,26.3,16.05,9.67,14.0,20.95,18.0,223.5,74.2,2445.0,41.2,158.5,57.2,93.4,122.5,31.35,91.1,80.8,13.75,35.35,180.0,18.05,38.0,25.15,63.0,46.7,59.0,,93.9,178.5,40.65,78.9,17.45,10.75,125.5,51.8,80.2,76.2,219.0,212.5,268.5,,,72.7,,,33.05,84.5,221.0,83.0,230.5,51.9,38.85,79.6,54.2
44.7,41.85,51.4,76.3,75.2,69.2,10.7,37.1,71.3,33.0,30.6,304.0,152.0,36.5,51.1,289.0,10.45,14.95,31.85,59.6,185.0,63.5,25.05,15.15,25.9,42.35,288.5,376.0,41.4,73.3,67.2,46.1,27.65,372.5,309.5,283.5,48.8,13.1,205.5,36.8,18.05,105.0,26.1,42.65,20.45,121.5,7.65,10.25,17.35,45.2,15.7,24.65,72.9,25.55,293.5,84.5,9.61,39.55,41.9,107.0,83.0,35.65,83.8,242.5,7.99,13.75,91.4,158.0,70.7,26.25,102.0,490.5,285.0,11.1,125.0,72.0,16.95,46.0,10.0,15.5,14.45,,240.5,18.2,30.1,10.7,28.75,9.13,10.45,17.85,18.75,46.25,48.6,9.77,19.65,16.05,26.3,16.05,9.68,14.0,20.95,18.0,223.5,74.2,2445.0,41.2,158.5,57.2,93.3,122.5,31.35,91.1,80.8,13.75,35.35,180.5,18.05,38.0,25.15,63.0,46.75,59.0,,93.9,178.5,40.65,78.9,17.5,10.75,125.5,51.8,80.2,76.2,219.5,212.5,268.5,,,72.7,,,33.05,84.5,220.5,83.0,230.0,51.8,38.85,79.7,54.1
44.7,41.8,51.4,76.4,75.1,69.2,10.7,37.15,71.3,33.05,30.6,304.0,152.0,36.5,51.1,288.5,10.5,14.95,31.85,59.7,185.0,63.5,25.05,15.15,25.95,42.35,288.5,376.0,41.4,73.3,67.2,46.1,27.65,372.5,309.5,283.5,48.8,13.1,206.0,36.85,18.05,104.5,26.15,42.65,20.45,121.5,7.66,10.2,17.35,45.2,15.7,24.6,72.9,25.55,294.0,84.5,9.61,39.55,41.9,106.5,82.9,35.65,83.9,242.5,7.99,13.8,91.3,158.5,70.7,26.25,102.0,490.5,285.0,11.1,125.0,71.9,16.95,46.0,10.05,15.5,14.4,,240.5,18.2,30.1,10.7,28.75,9.14,10.45,17.85,18.75,46.3,48.6,9.78,19.65,16.05,26.3,16.0,9.68,13.95,20.95,18.0,223.5,74.2,2445.0,41.2,158.5,57.2,93.3,122.5,31.35,91.1,80.8,13.8,35.35,180.5,18.0,37.95,25.15,63.0,46.7,58.9,,93.9,178.5,40.65,79.0,17.5,10.75,125.5,51.8,80.2,76.2,219.0,212.5,268.5,,,72.7,,,33.0,84.8,220.5,83.0,230.5,51.8,38.9,79.6,54.1
44.7,41.85,51.5,76.4,75.1,69.2,10.75,37.15,71.3,33.05,30.65,304.0,152.0,36.5,51.1,288.5,10.5,14.95,31.85,59.7,185.0,63.6,25.05,15.15,25.9,42.35,288.5,376.5,41.4,73.3,67.2,46.1,27.65,372.5,309.5,283.5,48.8,13.15,206.0,36.85,18.05,104.5,26.15,42.7,20.45,121.5,7.66,10.2,17.35,45.15,15.7,24.6,72.8,25.55,294.0,84.6,9.61,39.6,41.9,106.5,82.9,35.65,83.9,242.5,7.99,13.8,91.4,158.5,70.6,26.25,102.0,491.0,285.0,11.1,125.0,71.9,16.95,46.0,10.0,15.5,14.4,,240.5,18.2,30.1,10.7,28.75,9.14,10.45,17.85,18.75,46.25,48.6,9.78,19.65,16.1,26.25,16.0,9.67,13.95,20.95,17.95,223.5,74.2,2445.0,41.2,158.0,57.2,93.3,122.5,31.35,91.1,80.8,13.8,35.4,180.5,18.05,37.95,25.15,62.9,46.7,58.9,,93.8,178.5,40.65,79.0,17.5,10.75,125.5,51.7,80.2,76.2,219.0,212.5,268.5,,,72.7,,,33.05,84.8,220.5,83.0,230.0,51.8,39.05,79.6,54.1
44.7,41.85,51.5,76.4,75.1,69.3,10.7,37.15,71.3,33.05,30.65,304.0,152.0,36.5,51.1,288.5,10.5,14.9,31.85,59.7,185.0,63.6,25.05,15.15,25.9,42.35,288.5,376.5,41.4,73.3,67.2,46.1,27.65,372.5,309.5,283.5,48.8,13.1,206.0,36.8,18.0,104.5,26.1,42.65,20.45,121.5,7.66,10.2,17.35,45.15,15.7,24.65,72.9,25.55,294.0,84.6,9.61,39.55,41.9,107.0,82.9,35.65,83.7,242.5,7.99,13.8,91.4,158.5,70.7,26.25,102.0,490.5,285.0,11.1,125.0,71.9,16.95,46.0,10.05,15.5,14.4,,240.5,18.25,30.05,10.7,28.7,9.13,10.45,17.85,18.75,46.3,48.6,9.78,19.7,16.1,26.25,16.05,9.67,14.0,20.95,18.0,223.0,74.2,2445.0,41.2,158.0,57.1,93.3,123.0,31.35,91.1,80.8,13.8,35.4,180.5,18.05,37.95,25.15,63.0,46.75,58.9,,93.8,178.5,40.65,79.0,17.5,10.75,125.5,51.7,80.2,76.2,219.0,212.5,268.5,,,72.7,,,33.05,84.8,221.0,83.0,230.0,51.8,39.2,79.6,54.0
44.7,41.85,51.4,76.4,75.1,69.3,10.7,37.15,71.3,33.05,30.65,304.0,152.0,36.5,51.1,288.5,10.5,14.9,31.85,59.6,185.0,63.6,25.05,15.15,25.9,42.35,288.5,377.0,41.4,73.3,67.2,46.15,27.65,372.5,309.5,283.5,48.75,13.15,206.0,36.85,18.05,104.5,26.1,42.65,20.4,121.5,7.66,10.2,17.35,45.15,15.7,24.65,72.9,25.55,294.0,84.6,9.62,39.55,41.9,107.0,83.0,35.65,83.7,242.5,7.99,13.75,91.4,158.5,70.9,26.25,102.0,490.5,285.0,11.1,125.0,71.9,16.95,46.0,10.0,15.5,14.4,,240.5,18.25,30.05,10.7,28.7,9.13,10.45,17.85,18.75,46.35,48.6,9.78,19.65,16.1,26.3,16.05,9.67,14.0,20.95,18.0,223.0,74.2,2445.0,41.2,158.5,57.1,93.3,122.5,31.4,91.1,80.8,13.75,35.4,180.5,18.05,38.0,25.15,63.0,46.7,58.9,,93.9,178.5,40.65,79.0,17.5,10.75,125.5,51.7,80.2,76.2,219.0,212.5,268.5,,,72.7,,,33.05,84.8,221.0,83.0,230.0,51.8,39.05,79.6,54.1
44.7,41.85,51.5,76.4,75.2,69.3,10.7,37.15,71.3,33.05,30.65,304.0,152.0,36.5,51.0,288.5,10.5,14.9,31.85,59.6,185.0,63.5,25.05,15.15,25.9,42.35,288.5,377.0,41.4,73.3,67.2,46.15,27.65,371.5,309.0,283.5,48.75,13.1,205.5,36.8,18.05,104.5,26.1,42.65,20.4,121.5,7.66,10.2,17.35,45.15,15.7,24.65,72.9,25.6,294.0,84.6,9.61,39.55,41.9,107.0,83.0,35.65,83.7,242.5,7.99,13.75,91.4,158.5,70.8,26.2,102.5,490.5,285.0,11.1,125.5,71.9,16.95,46.0,10.05,15.5,14.4,,240.5,18.25,30.05,10.7,28.75,9.13,10.45,17.85,18.75,46.3,48.6,9.78,19.65,16.1,26.25,16.05,9.67,14.0,20.95,17.95,223.5,74.2,2445.0,41.15,158.5,57.1,93.3,123.0,31.35,91.2,80.8,13.8,35.4,180.5,18.05,37.95,25.15,63.0,46.7,58.8,,93.8,178.5,40.65,79.0,17.5,10.75,126.0,51.8,80.2,76.3,219.0,212.5,268.5,,,72.7,,,33.05,84.8,221.0,83.0,230.5,51.8,38.85,79.6,54.1
44.7,41.9,51.4,76.4,75.2,69.3,10.7,37.15,71.3,33.05,30.65,304.0,152.0,36.45,51.0,288.5,10.5,14.9,31.85,59.6,185.5,63.5,25.05,15.15,25.9,42.35,288.5,377.0,41.4,73.3,67.2,46.15,27.65,371.5,309.0,283.5,48.8,13.15,206.0,36.8,18.05,105.0,26.15,42.7,20.45,121.5,7.65,10.2,17.35,45.2,15.7,24.65,72.9,25.55,293.5,84.6,9.62,39.55,41.9,107.0,82.9,35.65,83.7,243.0,7.99,13.8,91.4,158.5,70.8,26.2,102.5,491.0,284.5,11.1,125.0,71.9,16.95,46.0,10.0,15.5,14.45,,240.5,18.25,30.05,10.7,28.75,9.13,10.45,17.85,18.75,46.35,48.55,9.78,19.65,16.15,26.25,16.05,9.67,14.0,20.95,17.95,223.5,74.2,2445.0,41.2,158.5,57.1,93.3,123.0,31.4,91.1,80.8,13.8,35.4,180.5,18.05,37.95,25.15,63.0,46.7,58.9,,93.7,178.0,40.65,79.0,17.5,10.75,125.5,51.8,80.3,76.3,219.0,212.5,268.5,,,72.7,,,33.05,84.8,221.0,83.1,230.5,51.8,38.85,79.6,54.1
44.7,41.85,51.5,76.4,75.2,69.3,10.7,37.15,71.3,33.05,30.6,304.5,152.0,36.45,51.0,288.5,10.5,14.9,31.85,59.6,185.5,63.4,25.05,15.15,25.85,42.35,288.5,377.0,41.45,73.3,67.2,46.15,27.65,371.5,309.0,283.0,48.8,13.1,206.0,36.85,18.0,105.0,26.1,42.65,20.4,121.0,7.65,10.25,17.35,45.15,15.7,24.65,72.9,25.6,294.0,84.6,9.62,39.55,41.9,107.0,82.9,35.65,83.7,242.5,7.99,13.8,91.4,158.5,70.9,26.2,102.5,491.0,285.0,11.0,125.0,71.9,16.95,46.0,10.0,15.5,14.45,,240.5,18.25,30.05,10.7,28.75,9.14,10.45,17.85,18.75,46.35,48.6,9.77,19.65,16.1,26.25,16.05,9.68,14.0,20.95,17.95,223.0,74.2,2445.0,41.2,158.5,57.1,93.3,123.0,31.35,91.1,80.8,13.8,35.4,180.5,18.05,38.0,25.15,63.0,46.75,58.9,,93.7,178.0,40.65,78.9,17.5,10.75,126.0,51.7,80.2,76.3,219.0,212.5,268.5,,,72.6,,,33.05,84.9,220.5,83.1,230.5,51.8,38.85,79.6,54.1
44.7,41.9,51.4,76.4,75.1,69.3,10.7,37.15,71.3,33.05,30.65,304.5,152.0,36.45,51.0,288.5,10.45,14.9,31.85,59.6,185.5,63.4,25.05,15.15,25.85,42.35,288.5,377.5,41.4,73.3,67.2,46.15,27.6,371.5,309.5,283.0,48.8,13.1,206.0,36.85,18.0,104.5,26.15,42.7,20.4,121.5,7.66,10.25,17.35,45.15,15.7,24.6,72.9,25.55,294.0,84.7,9.62,39.55,41.9,107.0,83.0,35.65,83.7,242.5,7.99,13.8,91.3,158.5,71.0,26.25,102.0,491.0,285.0,11.0,125.0,71.9,16.95,46.0,10.0,15.5,14.45,,240.5,18.25,30.05,10.7,28.75,9.14,10.45,17.85,18.75,46.35,48.6,9.78,19.65,16.15,26.25,16.05,9.68,14.0,20.95,17.95,223.0,74.2,2450.0,41.2,158.0,57.1,93.3,123.0,31.35,91.1,80.7,13.8,35.4,180.5,18.05,38.0,25.15,63.0,46.75,58.9,,93.8,178.0,40.65,79.0,17.5,10.75,125.5,51.7,80.2,76.4,219.5,212.5,268.5,,,72.6,,,33.05,84.9,220.5,83.1,230.5,51.8,38.9,79.6,54.0
44.7,41.9,51.5,76.4,75.1,69.3,10.7,37.15,71.3,33.05,30.65,304.5,152.0,36.45,51.0,288.5,10.5,14.9,31.85,59.6,185.5,63.4,25.1,15.15,25.85,42.35,288.5,377.5,41.45,73.3,67.2,46.15,27.6,371.5,309.5,283.0,48.8,13.1,206.0,36.8,18.05,104.5,26.15,42.7,20.4,121.5,7.66,10.2,17.35,45.15,15.65,24.65,72.9,25.55,294.0,84.6,9.62,39.55,41.9,107.0,83.0,35.65,83.7,243.5,7.99,13.8,91.4,158.5,70.9,26.25,102.0,491.0,284.5,11.0,125.5,71.9,16.95,46.0,10.0,15.5,14.45,,240.5,18.2,30.1,10.7,28.75,9.13,10.45,17.85,18.75,46.25,48.6,9.78,19.65,16.1,26.3,16.05,9.67,14.0,20.95,18.0,223.0,74.2,2450.0,41.2,158.5,57.1,93.3,123.0,31.4,91.1,80.7,13.8,35.45,180.5,18.0,38.0,25.2,63.1,46.75,59.0,,93.8,178.0,40.65,79.0,17.5,10.75,126.0,51.7,80.3,76.4,219.5,212.5,268.5,,,72.6,,,33.05,84.9,221.0,83.2,230.5,51.8,38.9,79.6,54.0
44.7,41.9,51.5,76.4,75.1,69.3,10.7,37.15,71.3,33.05,30.65,304.5,152.0,36.45,51.0,288.5,10.5,14.9,31.85,59.6,185.5,63.4,25.1,15.15,25.9,42.35,288.5,378.5,41.45,73.3,67.2,46.15,27.6,371.5,309.5,283.0,48.8,13.1,206.0,36.8,18.05,105.0,26.15,42.7,20.4,121.5,7.65,10.2,17.3,45.15,15.65,24.65,72.9,25.55,294.0,84.7,9.62,39.55,41.9,107.0,82.9,35.65,83.7,243.5,7.99,13.8,91.4,158.5,71.0,26.25,102.0,490.5,285.0,11.0,125.0,71.9,16.95,46.0,10.0,15.5,14.4,,240.5,18.2,30.1,10.7,28.75,9.13,10.45,17.85,18.75,46.25,48.65,9.78,19.65,16.15,26.3,16.05,9.67,14.0,20.95,18.0,223.0,74.2,2450.0,41.2,158.5,57.1,93.3,123.0,31.35,91.2,80.7,13.8,35.45,180.5,18.0,38.0,25.2,63.1,46.75,58.9,,93.9,178.5,40.65,79.0,17.5,10.75,125.5,51.8,80.3,76.4,219.5,212.5,268.5,,,72.6,,,33.05,84.9,220.0,83.2,230.5,51.8,38.9,79.6,54.0
44.7,41.9,51.5,76.4,75.1,69.2,10.7,37.15,71.3,33.05,30.65,304.5,152.0,36.45,51.1,288.5,10.5,14.9,31.85,59.6,185.5,63.4,25.05,15.2,25.85,42.35,288.5,378.0,41.45,73.3,67.2,46.15,27.6,372.0,309.5,283.0,48.8,13.15,206.0,36.8,18.05,104.5,26.15,42.65,20.4,121.0,7.66,10.25,17.3,45.1,15.7,24.65,72.9,25.55,293.5,84.7,9.62,39.55,41.9,107.5,83.0,35.65,83.7,243.5,7.99,13.8,91.4,158.5,70.9,26.25,102.0,491.0,285.0,11.0,125.0,72.0,16.95,46.0,10.05,15.5,14.45,,240.5,18.25,30.1,10.7,28.75,9.13,10.45,17.85,18.75,46.35,48.65,9.79,19.65,16.15,26.25,16.05,9.67,14.0,20.95,18.0,223.5,74.2,2450.0,41.2,158.0,57.1,93.4,122.5,31.35,91.1,80.7,13.8,35.45,180.5,18.0,38.0,25.2,63.0,46.75,59.0,,93.9,178.5,40.65,79.0,17.5,10.75,125.5,51.8,80.2,76.4,219.5,212.5,268.5,,,72.6,,,33.05,84.9,220.0,83.2,230.5,51.8,38.9,79.6,54.2
44.7,41.9,51.5,76.4,75.1,69.2,10.7,37.15,71.3,33.0,30.65,304.5,152.0,36.5,51.1,288.5,10.5,14.9,31.85,59.7,185.5,63.4,25.05,15.2,25.85,42.35,288.5,379.0,41.45,73.3,67.2,46.15,27.6,372.5,309.5,282.5,48.8,13.15,206.0,36.8,18.0,105.0,26.1,42.7,20.4,121.5,7.66,10.2,17.3,45.1,15.65,24.7,72.9,25.55,294.0,84.7,9.62,39.55,41.95,107.5,83.0,35.65,83.7,243.5,7.99,13.8,91.4,158.5,70.9,26.25,101.5,491.5,285.0,11.0,125.0,72.0,16.95,46.0,10.05,15.5,14.45,,240.5,18.25,30.1,10.7,28.75,9.13,10.45,17.85,18.75,46.25,48.65,9.78,19.65,16.15,26.25,16.05,9.67,14.0,20.95,18.0,223.5,74.2,2450.0,41.2,158.5,57.1,93.3,122.5,31.35,91.0,80.7,13.8,35.45,180.5,18.0,38.0,25.15,63.0,46.7,59.0,,93.9,178.5,40.65,79.1,17.5,10.75,126.0,51.7,80.3,76.4,219.5,212.5,268.5,,,72.6,,,33.05,84.9,220.0,83.2,230.5,51.8,38.9,79.6,54.2
44.7,41.9,51.5,76.4,75.1,69.3,10.7,37.15,71.3,33.0,30.65,304.5,152.0,36.5,51.1,288.0,10.45,14.95,31.85,59.7,185.5,63.3,25.05,15.2,25.85,42.35,288.5,378.0,41.45,73.4,67.2,46.15,27.6,372.5,309.5,282.5,48.8,13.1,206.0,36.85,18.0,104.5,26.1,42.65,20.45,121.5,7.66,10.25,17.3,45.1,15.7,24.7,72.9,25.6,294.0,84.7,9.62,39.55,41.95,107.5,82.9,35.65,83.7,243.5,7.99,13.8,91.4,158.0,70.8,26.25,101.5,491.5,285.0,11.0,125.5,72.0,16.95,46.0,10.0,15.5,14.45,,240.5,18.25,30.1,10.7,28.75,9.13,10.45,17.85,18.75,46.35,48.6,9.78,19.65,16.15,26.25,16.05,9.67,14.0,20.95,18.0,223.0,74.2,2450.0,41.2,158.0,57.2,93.3,122.5,31.35,91.0,80.7,13.8,35.45,180.5,18.05,37.95,25.15,63.1,46.7,59.0,,93.8,178.5,40.75,79.1,17.5,10.75,126.0,51.8,80.3,76.4,219.5,212.5,268.5,,,72.6,,,33.1,84.9,219.0,83.2,230.5,51.8,38.85,79.6,54.2
44.7,41.9,51.4,76.4,75.1,69.3,10.7,37.15,71.3,33.0,30.65,304.5,152.0,36.5,51.2,288.0,10.45,14.95,31.85,59.7,185.5,63.3,25.05,15.2,25.85,42.35,288.5,378.0,41.45,73.3,67.2,46.15,27.6,372.5,309.5,282.5,48.8,13.1,206.0,36.8,18.05,105.0,26.15,42.7,20.45,121.5,7.66,10.25,17.3,45.1,15.65,24.65,73.0,25.55,294.0,84.7,9.62,39.55,41.9,108.0,82.9,35.65,83.8,243.5,7.99,13.8,91.4,158.5,70.5,26.3,101.5,491.5,285.0,11.0,125.0,72.0,16.9,46.0,10.0,15.5,14.4,,240.5,18.25,30.1,10.7,28.75,9.13,10.45,17.85,18.75,46.25,48.65,9.78,19.65,16.1,26.25,16.05,9.67,14.0,20.95,18.0,223.0,74.2,2450.0,41.2,158.0,57.2,93.3,122.5,31.3,91.1,80.7,13.8,35.5,181.0,18.0,38.0,25.15,63.0,46.75,59.0,,93.9,178.5,40.75,79.1,17.5,10.75,125.5,51.7,80.3,76.4,219.0,212.5,268.5,,,72.6,,,33.1,84.9,219.5,83.2,230.5,51.8,38.85,79.6,54.2
44.75,41.9,51.5,76.4,75.2,69.3,10.7,37.15,71.3,33.0,30.6,304.5,152.0,36.5,51.2,288.0,10.5,14.95,31.85,59.7,185.0,63.3,25.05,15.2,25.85,42.35,288.5,378.0,41.45,73.3,67.2,46.15,27.6,372.5,309.5,282.5,48.85,13.1,205.5,36.8,18.0,105.0,26.1,42.65,20.45,121.5,7.66,10.2,17.3,45.1,15.65,24.65,73.0,25.55,294.5,84.7,9.62,39.55,41.85,108.0,82.9,35.65,83.8,243.5,7.99,13.8,91.4,158.5,70.9,26.25,101.5,491.5,285.0,11.0,125.0,71.9,16.95,46.0,10.0,15.55,14.4,,240.5,18.25,30.1,10.7,28.75,9.13,10.45,17.85,18.8,46.25,48.7,9.78,19.7,16.15,26.3,16.05,9.68,14.0,20.95,18.0,223.0,74.2,2445.0,41.2,158.0,57.2,93.4,123.0,31.35,91.0,80.7,13.75,35.5,180.5,18.05,38.0,25.15,63.0,46.75,58.9,,93.8,178.5,40.75,79.1,17.5,10.75,126.0,51.8,80.3,76.4,219.0,212.5,268.5,,,72.6,,,33.1,84.9,219.0,83.2,230.5,51.9,38.85,79.6,54.2
44.75,41.9,51.4,76.4,75.2,69.3,10.7,37.15,71.3,33.0,30.6,304.5,152.0,36.5,51.2,288.0,10.5,14.95,31.85,59.7,185.0,63.3,25.05,15.2,25.85,42.35,288.5,378.0,41.45,73.3,67.2,46.15,27.6,372.5,309.5,282.5,48.85,13.1,206.0,36.75,18.0,105.0,26.1,42.65,20.45,121.5,7.66,10.2,17.3,45.15,15.65,24.7,73.0,25.55,294.5,84.7,9.62,39.55,41.85,107.5,83.0,35.65,83.8,243.5,7.99,13.8,91.4,158.5,70.8,26.25,101.5,492.0,285.0,11.0,125.0,72.0,16.95,46.0,10.0,15.55,14.4,,240.5,18.25,30.1,10.7,28.75,9.13,10.45,17.85,18.75,46.35,48.7,9.78,19.65,16.1,26.3,16.05,9.68,14.0,20.95,18.0,223.0,74.2,2445.0,41.2,158.5,57.2,93.4,123.0,31.35,91.3,80.7,13.75,35.5,180.5,18.0,38.0,25.15,63.0,46.7,58.9,,93.8,178.0,40.75,79.1,17.5,10.75,126.0,51.7,80.2,76.3,219.0,212.5,268.5,,,72.6,,,33.1,84.9,219.5,83.2,230.5,51.9,38.85,79.6,54.2
44.7,41.9,51.4,76.4,75.2,69.3,10.7,37.15,71.3,33.0,30.6,304.5,152.0,36.5,51.1,288.0,10.5,14.95,31.85,59.7,185.0,63.4,25.05,15.2,25.9,42.35,288.5,378.5,41.45,73.3,67.2,46.15,27.6,372.5,309.5,282.5,48.85,13.1,206.0,36.8,18.0,105.0,26.1,42.65,20.45,121.5,7.66,10.25,17.3,45.15,15.65,24.7,73.0,25.55,294.0,84.7,9.62,39.55,41.8,108.0,83.0,35.7,83.8,243.5,7.99,13.75,91.4,158.5,70.7,26.25,101.5,492.0,284.5,11.05,125.5,72.0,16.9,46.0,10.0,15.55,14.4,,240.5,18.25,30.1,10.7,28.75,9.14,10.45,17.85,18.8,46.35,48.65,9.79,19.65,16.1,26.3,16.0,9.68,14.05,20.95,18.0,223.0,74.3,2445.0,41.2,158.5,57.2,93.3,123.0,31.35,91.3,80.7,13.8,35.5,180.5,18.05,38.0,25.15,63.0,46.7,58.9,,93.9,178.0,40.75,79.0,17.5,10.75,126.0,51.7,80.2,76.3,219.0,212.5,268.5,,,72.6,,,33.05,84.7,219.5,83.2,230.5,51.9,38.85,79.6,54.1
44.7,41.85,51.4,76.4,75.1,69.4,10.7,37.15,71.3,33.0,30.65,304.5,152.0,36.5,51.1,288.0,10.5,14.95,31.85,59.7,185.0,63.4,25.05,15.2,25.85,42.35,288.5,379.0,41.4,73.3,67.2,46.15,27.6,372.5,310.0,282.5,48.85,13.1,206.0,36.75,18.05,105.0,26.05,42.7,20.45,121.0,7.66,10.25,17.3,45.2,15.65,24.7,73.0,25.55,294.0,84.7,9.62,39.55,41.8,108.0,83.0,35.7,83.7,243.5,7.99,13.8,91.4,158.5,70.8,26.25,101.5,492.0,284.5,11.05,125.0,72.0,16.95,46.0,10.0,15.55,14.4,,240.5,18.25,30.05,10.7,28.75,9.14,10.45,17.85,18.8,46.35,48.7,9.79,19.65,16.15,26.3,16.05,9.68,14.05,20.95,17.95,223.0,74.3,2445.0,41.15,158.0,57.2,93.3,123.0,31.3,91.3,80.7,13.8,35.5,180.5,18.05,37.95,25.15,63.1,46.7,58.9,,93.9,178.5,40.75,79.0,17.5,10.75,126.0,51.7,80.2,76.3,219.5,212.5,268.5,,,72.6,,,33.0,84.7,220.0,83.2,230.5,51.9,38.85,79.6,54.2
44.7,41.9,51.4,76.4,75.2,69.5,10.7,37.15,71.3,33.0,30.6,305.0,152.0,36.5,51.1,288.0,10.5,14.95,31.85,59.7,185.0,63.4,25.05,15.2,25.9,42.35,288.5,379.0,41.4,73.3,67.2,46.15,27.6,372.5,310.0,282.5,48.85,13.15,205.5,36.75,18.05,105.0,26.05,42.65,20.45,121.5,7.66,10.2,17.3,45.1,15.65,24.7,72.9,25.6,294.0,84.7,9.61,39.55,41.8,107.5,83.0,35.7,83.9,243.5,7.99,13.8,91.4,158.5,70.7,26.25,101.5,492.0,284.5,11.05,125.0,72.0,16.95,46.0,10.05,15.55,14.4,,240.5,18.25,30.05,10.7,28.75,9.14,10.45,17.85,18.75,46.45,48.8,9.8,19.7,16.15,26.3,16.05,9.68,14.0,20.95,17.95,223.0,74.3,2445.0,41.2,158.5,57.3,93.3,123.0,31.3,91.3,80.7,13.8,35.5,180.5,18.05,38.0,25.15,63.1,46.75,59.0,,93.9,178.5,40.75,79.0,17.5,10.75,126.0,51.7,80.2,76.3,219.5,212.5,268.5,,,72.5,,,33.0,84.7,219.5,83.2,230.5,51.9,38.85,79.6,54.2
44.7,41.9,51.5,76.4,75.2,69.4,10.7,37.15,71.3,33.0,30.65,305.0,152.0,36.5,51.1,288.0,10.5,14.95,31.85,59.7,185.5,63.4,25.05,15.2,25.95,42.3,288.5,379.5,41.4,73.3,67.2,46.15,27.6,372.5,310.0,282.5,48.85,13.15,205.5,36.75,18.0,105.0,26.05,42.7,20.45,121.5,7.66,10.2,17.3,45.1,15.65,24.7,72.9,25.6,294.0,84.7,9.61,39.55,41.8,108.0,83.0,35.65,83.9,243.5,7.99,13.8,91.3,158.5,70.7,26.25,101.5,491.5,285.0,11.05,125.0,72.0,16.95,46.0,10.05,15.5,14.4,,240.5,18.25,30.05,10.7,28.75,9.14,10.45,17.85,18.75,46.45,48.75,9.78,19.7,16.1,26.3,16.05,9.67,14.05,20.95,17.95,223.5,74.3,2445.0,41.2,158.5,57.3,93.2,123.0,31.35,91.3,80.7,13.8,35.5,180.5,18.05,38.0,25.15,63.0,46.75,59.0,,93.9,178.5,40.75,78.9,17.5,10.75,126.0,51.7,80.2,76.3,219.5,212.5,268.5,,,72.5,,,33.0,84.8,219.5,83.2,230.5,51.9,38.85,79.6,54.2
44.75,41.9,51.5,76.3,75.2,69.4,10.7,37.15,71.3,33.05,30.65,305.0,152.0,36.45,51.1,288.0,10.5,14.95,31.85,59.7,185.5,63.4,25.05,15.2,25.9,42.3,288.5,381.0,41.4,73.3,67.2,46.15,27.6,372.5,310.0,282.5,48.8,13.1,206.0,36.85,18.05,105.0,26.0,42.65,20.4,121.0,7.66,10.2,17.4,45.2,15.7,24.7,72.8,25.6,294.0,84.7,9.61,39.55,41.8,108.0,83.0,35.6,83.9,243.5,7.99,13.8,91.4,158.5,70.8,26.25,101.5,492.0,284.5,11.05,125.0,72.0,16.95,46.0,10.0,15.5,14.4,,240.5,18.25,30.05,10.7,28.75,9.14,10.45,17.85,18.75,46.45,48.75,9.78,19.7,16.15,26.3,16.05,9.67,14.05,20.95,18.0,223.5,74.3,2445.0,41.15,158.5,57.3,93.2,123.0,31.35,91.3,80.7,13.75,35.5,180.5,18.0,37.95,25.15,63.0,46.7,58.9,,93.9,178.5,40.75,78.9,17.5,10.8,125.5,51.7,80.2,76.3,219.5,212.5,268.5,,,72.6,,,33.0,84.8,219.5,83.2,230.0,51.9,38.85,79.6,54.2
44.75,41.9,51.4,76.3,75.2,69.4,10.7,37.15,71.4,33.05,30.7,305.0,152.0,36.5,51.1,288.0,10.5,14.95,31.85,59.7,185.5,63.4,25.05,15.2,25.9,42.35,288.5,380.5,41.4,73.3,67.2,46.15,27.6,372.5,310.0,282.5,48.8,13.1,205.5,36.8,18.05,105.0,26.0,42.65,20.4,121.5,7.66,10.2,17.4,45.2,15.65,24.65,72.8,25.6,294.0,84.7,9.61,39.6,41.8,108.0,83.0,35.65,83.7,243.5,7.99,13.8,91.4,158.5,70.7,26.25,101.5,492.0,284.5,11.05,125.0,72.0,16.95,46.0,10.05,15.5,14.4,,240.5,18.25,30.05,10.7,28.75,9.14,10.5,17.85,18.75,46.4,48.8,9.78,19.7,16.15,26.25,16.05,9.67,14.05,20.95,18.0,223.5,74.3,2445.0,41.2,158.5,57.3,93.2,123.0,31.35,91.3,80.7,13.75,35.5,181.0,18.0,37.95,25.15,63.0,46.7,58.9,,93.9,178.5,40.75,78.9,17.5,10.75,126.0,51.7,80.2,76.5,219.5,214.0,268.5,,,72.5,,,33.0,84.8,219.5,83.2,230.0,51.9,38.85,79.6,54.1
44.75,41.9,51.5,76.3,75.2,69.5,10.7,37.1,71.4,33.05,30.7,305.0,152.0,36.5,51.2,288.0,10.5,14.95,31.85,59.7,185.5,63.4,25.05,15.2,25.95,42.35,288.5,380.5,41.4,73.3,67.2,46.1,27.6,372.5,310.0,282.5,48.85,13.15,205.5,36.85,18.05,105.0,26.0,42.65,20.4,121.5,7.66,10.25,17.4,45.1,15.7,24.65,72.9,25.6,294.0,84.8,9.63,39.6,41.8,108.0,83.0,35.65,84.0,243.5,7.99,13.8,91.4,159.0,70.8,26.25,101.5,492.0,285.0,11.05,125.0,72.0,16.95,46.0,10.0,15.55,14.4,,240.5,18.25,30.1,10.7,28.75,9.14,10.5,17.85,18.75,46.45,48.8,9.79,19.7,16.1,26.25,16.05,9.68,14.05,20.9,18.0,223.5,74.3,2445.0,41.2,158.0,57.3,93.2,123.0,31.35,91.4,80.7,13.75,35.55,181.0,18.0,37.95,25.15,63.0,46.7,59.0,,93.8,178.5,40.7,78.9,17.5,10.75,126.0,51.7,80.2,76.4,219.0,214.0,268.5,,,72.5,,,33.0,84.8,220.0,83.2,230.5,51.9,38.85,79.6,54.1
44.7,41.9,51.4,76.3,75.2,69.5,10.7,37.1,71.4,33.05,30.7,305.0,152.0,36.5,51.2,288.5,10.5,14.95,31.85,59.7,185.5,63.4,25.05,15.2,25.9,42.35,288.5,380.5,41.4,73.3,67.2,46.1,27.6,372.5,310.0,282.5,48.85,13.15,206.0,36.8,18.0,105.0,26.0,42.65,20.45,121.5,7.66,10.2,17.4,45.1,15.65,24.7,72.8,25.55,294.0,84.8,9.61,39.6,41.8,108.0,83.0,35.65,84.0,243.5,7.99,13.8,91.4,159.0,70.8,26.3,101.5,491.5,285.0,11.05,125.0,71.9,16.9,46.0,10.0,15.55,14.4,,240.5,18.25,30.1,10.7,28.75,9.13,10.5,17.85,18.75,46.45,48.7,9.79,19.7,16.1,26.3,16.05,9.67,14.05,20.95,18.0,223.0,74.3,2445.0,41.15,158.5,57.3,93.2,123.0,31.35,91.4,80.8,13.8,35.55,181.0,18.0,38.0,25.15,63.0,46.75,59.0,,93.8,178.5,40.7,78.9,17.5,10.75,126.0,51.7,80.2,76.4,219.0,214.0,268.5,,,72.6,,,33.0,84.8,220.0,83.2,230.5,52.0,38.85,79.6,54.1
44.8,41.9,51.4,76.3,75.2,69.5,10.7,37.1,71.4,33.05,30.7,305.0,152.0,36.5,51.1,288.5,10.5,14.95,31.85,59.7,185.5,63.5,25.05,15.2,25.9,42.35,288.5,381.0,41.4,73.3,67.2,46.15,27.6,372.5,310.0,282.5,48.8,13.1,206.0,36.85,18.0,104.5,26.0,42.7,20.4,121.0,7.66,10.2,17.4,45.1,15.65,24.7,72.9,25.6,294.0,84.8,9.61,39.5,41.8,108.0,83.0,35.65,83.7,243.5,7.99,13.8,91.5,159.0,70.7,26.25,101.5,492.0,285.0,11.05,125.0,71.9,16.95,46.0,10.0,15.55,14.45,,240.5,18.25,30.1,10.7,28.75,9.13,10.5,17.85,18.75,46.4,48.75,9.79,19.7,16.1,26.3,16.05,9.67,14.05,20.95,18.0,223.0,74.3,2445.0,41.15,158.5,57.3,93.3,123.0,31.35,91.4,80.8,13.8,35.55,181.0,18.0,38.0,25.15,63.1,46.75,59.0,,93.7,178.5,40.7,78.9,17.5,10.75,126.0,51.8,80.2,76.4,219.0,214.0,268.5,,,72.6,,,33.0,84.8,220.0,83.2,230.0,52.0,38.85,79.6,54.1
44.8,41.9,51.5,76.4,75.2,69.5,10.7,37.15,71.4,33.05,30.7,305.0,152.0,36.55,51.2,287.5,10.5,14.95,31.85,59.7,185.0,63.5,25.05,15.2,25.9,42.35,288.5,380.0,41.4,73.3,67.2,46.15,27.6,372.5,310.0,282.5,48.8,13.15,206.0,36.8,18.0,105.0,26.0,42.7,20.4,121.5,7.66,10.2,17.4,45.1,15.7,24.7,72.9,25.6,294.0,84.9,9.61,39.5,41.85,108.0,83.0,35.65,83.7,243.5,7.99,13.8,91.5,159.0,70.7,26.3,101.5,492.0,285.0,11.05,125.0,71.9,16.95,46.0,10.0,15.55,14.45,,240.5,18.25,30.1,10.7,28.75,9.13,10.45,17.85,18.75,46.45,48.75,9.78,19.7,16.1,26.3,16.05,9.67,14.0,20.95,17.95,223.0,74.3,2445.0,41.15,158.5,57.2,93.3,123.0,31.35,91.4,80.8,13.75,35.55,180.5,18.0,38.0,25.15,63.0,46.75,58.9,,93.8,178.5,40.7,78.9,17.55,10.75,126.0,51.7,80.2,76.4,219.5,214.0,268.5,,,72.6,,,33.0,84.8,219.5,83.3,230.0,52.0,38.85,79.6,54.1
44.8,41.9,51.5,76.4,75.2,69.5,10.75,37.15,71.4,33.05,30.7,305.0,152.0,36.55,51.2,287.0,10.5,14.95,31.85,59.8,185.0,63.5,25.05,15.2,25.9,42.35,288.5,380.0,41.4,73.3,67.2,46.1,27.6,372.5,310.0,282.5,48.8,13.1,206.0,36.75,18.05,105.0,25.95,42.65,20.4,121.0,7.66,10.2,17.4,45.15,15.7,24.65,72.9,25.6,294.0,84.9,9.61,39.5,41.85,108.0,83.0,35.65,84.0,243.5,7.99,13.8,91.4,159.0,70.7,26.3,101.5,492.5,285.0,11.05,125.5,71.9,16.95,46.0,10.05,15.55,14.4,,240.5,18.25,30.05,10.7,28.75,9.13,10.45,17.85,18.75,46.4,48.75,9.78,19.7,16.1,26.3,16.05,9.68,14.0,20.95,18.0,223.5,74.3,2445.0,41.15,158.0,57.2,93.3,123.0,31.3,91.4,80.8,13.8,35.65,180.5,18.05,37.95,25.15,63.0,46.75,59.0,,93.8,178.5,40.7,78.9,17.55,10.75,126.0,51.7,80.2,76.4,219.5,214.0,268.5,,,72.6,,,33.1,84.8,219.5,83.3,230.0,51.9,38.85,79.6,54.1
44.8,41.9,51.4,76.4,75.2,69.5,10.8,37.15,71.4,33.05,30.7,305.0,152.0,36.55,51.2,287.0,10.5,14.95,31.85,59.8,185.5,63.5,25.05,15.2,25.95,42.35,288.5,379.5,41.4,73.3,67.2,46.1,27.65,372.5,310.0,282.5,48.8,13.1,206.0,36.75,18.05,105.0,26.05,42.65,20.4,121.5,7.66,10.2,17.4,45.2,15.7,24.7,72.9,25.55,294.0,84.9,9.61,39.5,41.85,108.0,83.1,35.65,83.7,243.5,7.99,13.75,91.4,159.0,70.7,26.3,101.5,492.0,285.0,11.05,125.0,71.9,16.95,46.0,10.0,15.55,14.4,,240.5,18.25,30.05,10.7,28.75,9.13,10.45,17.85,18.75,46.4,48.75,9.78,19.7,16.1,26.3,16.05,9.68,14.0,20.95,17.95,223.5,74.3,2450.0,41.15,158.0,57.2,93.3,123.0,31.3,91.4,80.8,13.8,35.5,181.0,18.05,37.95,25.15,63.1,46.7,59.0,,93.8,178.0,40.7,78.8,17.5,10.75,126.0,51.7,80.2,76.4,219.5,214.0,268.5,,,72.6,,,33.1,84.8,220.0,83.2,230.0,51.9,38.85,79.6,54.1
44.8,41.85,51.5,76.4,75.2,69.5,10.8,37.15,71.4,33.05,30.7,305.0,152.0,36.55,51.1,287.0,10.5,14.95,31.85,59.7,185.5,63.5,25.05,15.15,25.9,42.3,288.5,379.5,41.4,73.3,67.2,46.1,27.65,372.5,310.0,282.5,48.85,13.1,206.0,36.75,18.05,105.0,26.05,42.65,20.4,121.5,7.66,10.25,17.4,45.2,15.7,24.75,72.9,25.6,294.0,85.0,9.61,39.55,41.9,108.0,83.0,35.65,83.7,243.5,7.99,13.8,91.5,158.5,70.8,26.3,101.5,492.5,285.0,11.05,125.5,71.9,16.95,46.0,10.0,15.5,14.4,,240.5,18.25,30.05,10.7,28.75,9.14,10.45,17.85,18.75,46.4,48.75,9.79,19.7,16.15,26.3,16.05,9.68,14.05,20.95,18.0,223.5,74.2,2450.0,41.15,158.5,57.2,93.3,123.0,31.3,91.4,80.8,13.8,35.5,180.5,18.05,37.95,25.15,63.1,46.7,59.0,,93.8,178.0,40.7,78.9,17.5,10.75,126.0,51.8,80.2,76.4,219.5,214.0,268.5,,,72.7,,,33.1,84.8,220.0,83.2,230.5,51.9,38.85,79.6,54.1
44.8,41.8,51.5,76.4,75.2,69.5,10.75,37.15,71.5,33.05,30.7,305.0,152.0,36.6,51.1,287.0,10.5,14.95,31.85,59.7,185.5,63.5,25.05,15.2,25.9,42.3,288.5,379.5,41.4,73.3,67.2,46.15,27.65,372.5,310.0,282.5,48.85,13.15,206.0,36.8,18.05,104.5,26.05,42.7,20.4,121.5,7.66,10.2,17.4,45.2,15.7,24.75,72.9,25.55,294.0,85.0,9.61,39.6,41.9,108.0,83.0,35.65,84.1,243.0,7.99,13.8,91.4,158.5,70.7,26.3,101.5,492.0,285.5,11.05,125.0,72.0,16.95,46.0,10.0,15.5,14.4,,240.5,18.25,30.05,10.7,28.75,9.14,10.45,17.85,18.75,46.4,48.75,9.79,19.7,16.15,26.3,16.0,9.68,14.0,20.95,18.0,223.5,74.2,2450.0,41.15,158.5,57.2,93.3,123.0,31.35,91.4,80.8,13.8,35.5,180.5,18.05,37.95,25.15,63.0,46.7,59.0,,93.8,178.0,40.7,78.9,17.55,10.75,125.5,51.8,80.3,76.4,219.5,214.0,268.5,,,72.7,,,33.1,84.8,219.5,83.2,230.5,51.9,38.85,79.6,54.1
44.8,41.8,51.5,76.4,75.2,69.5,10.75,37.15,71.5,33.05,30.7,305.5,152.0,36.6,51.1,287.0,10.5,14.95,31.85,59.7,185.5,63.5,25.1,15.2,25.9,42.3,288.5,379.5,41.45,73.3,67.2,46.1,27.65,372.5,310.0,282.5,48.85,13.15,206.0,36.75,18.05,105.0,26.05,42.7,20.45,121.0,7.66,10.25,17.4,45.2,15.65,24.75,72.8,25.6,294.0,84.9,9.62,39.6,41.9,108.0,83.0,35.65,83.7,242.5,7.99,13.8,91.4,158.5,70.7,26.3,101.5,492.0,285.5,11.05,125.0,72.0,16.95,46.0,10.0,15.5,14.4,,240.5,18.25,30.05,10.7,28.75,9.14,10.45,17.85,18.8,46.45,48.7,9.79,19.7,16.1,26.3,16.0,9.68,14.0,20.95,18.0,223.5,74.2,2450.0,41.15,158.5,57.2,93.3,123.0,31.3,91.4,80.8,13.8,35.5,181.0,18.05,37.95,25.15,63.1,46.75,59.0,,93.8,178.0,40.7,78.8,17.55,10.75,126.0,51.7,80.3,76.4,219.5,214.0,268.5,,,72.7,,,33.1,84.8,220.0,83.2,230.0,52.0,38.85,79.6,54.1
44.8,41.85,51.4,76.4,75.2,69.5,10.75,37.15,71.5,33.05,30.7,305.0,152.0,36.6,51.1,287.0,10.5,14.95,31.85,59.7,185.5,63.5,25.05,15.2,25.85,42.3,288.5,379.5,41.45,73.3,67.2,46.15,27.65,372.5,310.0,282.5,48.85,13.15,206.0,36.8,18.05,105.0,26.05,42.65,20.45,121.0,7.66,10.25,17.4,45.2,15.65,24.8,72.8,25.6,294.0,84.9,9.62,39.6,41.95,108.0,83.1,35.65,83.7,242.5,7.99,13.8,91.4,159.0,70.7,26.3,102.0,492.0,285.5,11.05,125.0,72.0,16.9,46.05,10.0,15.5,14.4,,240.5,18.25,30.05,10.7,28.75,9.13,10.45,17.85,18.8,46.35,48.75,9.79,19.7,16.1,26.35,16.05,9.68,14.0,20.95,18.0,223.0,74.2,2450.0,41.2,158.5,57.2,93.3,123.0,31.35,91.4,80.8,13.8,35.5,181.0,18.05,37.95,25.15,63.0,46.75,59.0,,93.8,178.0,40.7,78.8,17.5,10.75,125.5,51.7,80.3,76.4,219.5,214.0,268.5,,,72.7,,,33.1,84.8,220.0,83.2,230.0,52.0,38.85,79.6,54.1
44.8,41.8,51.4,76.4,75.2,69.5,10.75,37.15,71.5,33.05,30.7,305.5,152.0,36.55,51.1,287.0,10.5,15.0,31.85,59.7,185.5,63.5,25.05,15.2,25.9,42.3,288.5,379.5,41.45,73.3,67.2,46.15,27.65,372.5,310.0,282.5,48.85,13.15,205.5,36.8,18.05,105.0,26.05,42.65,20.5,121.0,7.66,10.25,17.4,45.15,15.65,24.8,72.8,25.55,294.0,84.9,9.62,39.55,41.95,108.0,83.1,35.7,84.1,242.5,7.99,13.8,91.5,159.0,70.6,26.3,102.0,491.5,285.5,11.05,125.0,72.0,16.95,46.05,10.0,15.5,14.4,,240.5,18.25,30.05,10.7,28.75,9.14,10.45,17.85,18.8,46.45,48.75,9.79,19.7,16.15,26.35,16.05,9.68,14.0,20.95,18.0,223.5,74.2,2450.0,41.25,158.0,57.2,93.3,123.0,31.35,91.4,80.8,13.8,35.5,180.5,18.0,37.95,25.15,63.0,46.7,59.0,,93.9,178.5,40.7,78.8,17.5,10.75,126.0,51.7,80.2,76.4,219.5,214.0,268.5,,,72.7,,,33.1,84.8,220.0,83.2,230.0,52.0,38.85,79.6,54.1
44.8,41.85,51.4,76.4,75.2,69.5,10.75,37.15,71.5,33.0,30.7,305.5,152.0,36.55,51.1,287.0,10.5,15.0,31.85,59.7,185.5,63.5,25.05,15.15,25.9,42.3,288.5,379.5,41.45,73.3,67.2,46.15,27.65,372.5,310.0,282.5,48.85,13.1,206.0,36.8,18.05,105.0,26.1,42.6,20.4,121.5,7.66,10.2,17.4,45.2,15.65,24.8,72.8,25.6,294.0,84.9,9.62,39.6,41.95,108.0,83.1,35.7,83.7,242.5,7.99,13.8,91.5,159.0,70.6,26.3,102.0,492.0,285.5,11.1,125.0,72.0,16.95,46.05,10.0,15.5,14.45,,240.5,18.25,30.05,10.7,28.75,9.14,10.45,17.85,18.8,46.3,48.75,9.78,19.65,16.1,26.3,16.05,9.68,14.0,20.95,18.0,223.0,74.2,2450.0,41.25,158.5,57.2,93.3,123.0,31.35,91.4,80.8,13.8,35.5,181.0,18.0,37.95,25.15,63.0,46.75,59.2,,93.9,178.0,40.7,78.9,17.5,10.75,126.0,51.7,80.2,76.3,219.5,214.0,268.5,,,72.7,,,33.05,84.8,220.0,83.2,230.0,52.0,38.85,79.6,54.2
44.8,41.8,51.4,76.4,75.2,69.5,10.75,37.15,71.5,33.05,30.7,305.5,152.0,36.55,51.1,287.5,10.5,15.0,31.85,59.7,185.5,63.5,25.05,15.15,25.9,42.3,288.5,379.5,41.45,73.3,67.2,46.15,27.65,372.5,310.0,282.5,48.8,13.1,206.0,36.8,18.05,105.0,26.15,42.65,20.4,121.5,7.66,10.25,17.4,45.15,15.65,24.85,72.9,25.65,293.5,84.9,9.61,39.6,41.9,108.0,83.1,35.7,83.7,242.5,7.99,13.8,91.5,159.0,70.6,26.25,102.0,491.0,286.0,11.1,125.0,72.1,16.95,46.05,10.0,15.5,14.45,,240.5,18.2,30.1,10.7,28.75,9.14,10.45,17.85,18.75,46.3,48.75,9.79,19.65,16.1,26.3,16.0,9.69,13.95,20.95,17.95,223.5,74.2,2450.0,41.25,158.5,57.2,93.3,123.0,31.35,91.4,80.9,13.8,35.5,180.5,18.05,37.95,25.15,63.1,46.75,59.2,,93.8,178.0,40.8,78.9,17.5,10.75,126.0,51.7,80.2,76.3,219.5,214.0,268.5,,,72.7,,,33.05,84.8,220.5,83.2,230.5,52.0,38.85,79.6,54.2
44.8,41.85,51.4,76.4,75.1,69.5,10.75,37.15,71.5,33.05,30.65,305.5,152.0,36.55,51.1,287.0,10.45,15.0,31.85,59.6,185.5,63.6,25.05,15.15,25.9,42.4,288.5,379.5,41.4,73.3,67.2,46.15,27.65,372.5,310.0,282.5,48.85,13.1,206.0,36.8,18.0,104.5,26.1,42.6,20.4,121.5,7.66,10.2,17.4,45.2,15.65,24.8,72.8,25.6,293.5,85.0,9.61,39.65,41.95,108.0,83.1,35.7,83.7,242.5,7.99,13.8,91.4,158.5,70.6,26.25,102.0,491.0,286.0,11.1,125.0,72.1,16.9,46.05,10.0,15.5,14.4,,240.5,18.2,30.05,10.7,28.7,9.14,10.45,17.85,18.75,46.3,48.75,9.78,19.65,16.1,26.3,16.0,9.68,13.95,20.95,17.95,223.5,74.1,2450.0,41.25,158.0,57.2,93.3,122.5,31.3,91.4,80.9,13.8,35.5,181.0,18.0,38.0,25.2,63.0,46.75,59.1,,93.8,178.5,40.8,78.9,17.5,10.75,126.0,51.7,80.2,76.3,219.5,214.0,268.5,,,72.6,,,33.05,84.6,220.0,83.2,230.5,51.9,39.05,79.6,54.1
44.8,41.85,51.5,76.4,75.1,69.5,10.7,37.15,71.5,33.05,30.65,305.5,152.0,36.55,51.1,287.0,10.45,15.0,31.85,59.6,185.0,63.6,25.05,15.15,25.85,42.4,288.5,378.5,41.45,73.3,67.2,46.15,27.65,372.5,310.0,282.5,48.85,13.1,205.5,36.8,18.05,104.5,26.1,42.55,20.4,121.5,7.66,10.25,17.4,45.2,15.65,24.8,72.9,25.6,293.5,85.0,9.61,39.65,41.9,108.0,83.1,35.7,83.9,242.5,7.99,13.8,91.4,158.5,70.6,26.25,101.5,491.5,286.0,11.1,125.0,72.1,16.9,46.05,10.0,15.5,14.4,,240.5,18.25,30.0,10.7,28.75,9.14,10.45,17.85,18.75,46.25,48.75,9.78,19.7,16.1,26.3,16.05,9.68,13.95,20.95,18.0,223.5,74.1,2450.0,41.25,158.5,57.2,93.4,123.0,31.35,91.3,80.9,13.8,35.5,180.5,18.05,38.0,25.25,63.0,46.75,59.1,,93.9,178.5,40.8,78.8,17.5,10.75,126.0,51.7,80.2,76.4,219.5,214.0,268.5,,,72.7,,,33.05,84.9,220.5,83.2,230.5,51.9,38.85,79.6,54.1
44.8,41.85,51.4,76.4,75.1,69.5,10.7,37.15,71.5,33.05,30.7,305.5,152.0,36.55,51.1,286.5,10.45,15.0,31.85,59.6,185.5,63.6,25.05,15.15,25.9,42.4,288.5,378.5,41.45,73.4,67.2,46.15,27.65,372.5,310.0,282.5,48.85,13.1,205.5,36.8,18.05,104.5,26.1,42.6,20.45,121.5,7.66,10.25,17.4,45.2,15.65,24.8,72.8,25.65,294.0,85.0,9.61,39.65,41.9,108.0,83.1,35.7,83.9,242.5,7.99,13.85,91.4,159.0,70.7,26.3,101.5,491.0,286.5,11.1,125.0,72.1,16.95,46.05,10.0,15.5,14.4,,240.5,18.25,30.0,10.7,28.75,9.14,10.45,17.85,18.75,46.3,48.75,9.78,19.7,16.1,26.3,16.05,9.68,13.95,20.95,18.0,223.5,74.1,2450.0,41.25,158.5,57.2,93.4,123.0,31.4,91.3,80.9,13.8,35.5,180.5,18.05,38.0,25.2,63.0,46.8,59.1,,93.8,178.5,40.8,78.8,17.5,10.8,126.0,51.7,80.2,76.4,219.5,214.0,268.5,,,72.7,,,33.05,84.9,220.0,83.2,230.5,51.9,38.85,79.6,54.2
44.8,41.85,51.4,76.4,75.1,69.4,10.7,37.15,71.4,33.05,30.7,305.5,152.0,36.55,51.1,287.0,10.45,15.0,31.85,59.6,185.5,63.5,25.05,15.15,25.9,42.4,288.5,378.5,41.45,73.3,67.2,46.15,27.65,372.5,310.0,282.5,48.8,13.1,206.0,36.8,18.05,104.5,26.1,42.55,20.45,121.5,7.66,10.25,17.4,45.2,15.65,24.8,72.8,25.65,294.0,85.0,9.62,39.65,41.95,108.0,83.1,35.7,83.9,242.5,7.99,13.8,91.4,159.0,70.7,26.25,101.5,491.0,286.5,11.1,125.0,72.1,16.9,46.05,10.0,15.55,14.4,,240.5,18.2,30.0,10.7,28.7,9.14,10.45,17.85,18.75,46.25,48.8,9.79,19.65,16.1,26.3,16.0,9.68,13.95,20.95,17.95,223.0,74.1,2450.0,41.25,158.5,57.2,93.3,123.0,31.4,91.3,80.9,13.8,35.5,181.0,18.05,38.0,25.2,63.0,46.8,59.1,,93.9,178.5,40.8,78.9,17.5,10.75,126.0,51.7,80.2,76.4,219.5,213.5,268.5,,,72.6,,,33.05,84.9,220.5,83.2,230.5,51.9,38.85,79.6,54.2
44.8,41.85,51.5,76.4,75.1,69.4,10.7,37.15,71.5,33.05,30.7,305.0,152.0,36.55,51.1,287.0,10.45,15.0,31.85,59.6,185.5,63.5,25.05,15.15,25.9,42.4,288.5,378.5,41.45,73.3,67.2,46.15,27.65,372.5,310.0,282.5,48.85,13.1,206.0,36.85,18.05,104.5,26.1,42.5,20.45,121.5,7.66,10.2,17.4,45.2,15.7,24.8,72.8,25.65,293.5,85.0,9.62,39.65,41.9,108.0,83.1,35.7,83.9,242.5,7.99,13.8,91.4,159.0,70.7,26.25,101.5,491.0,286.5,11.05,125.0,72.1,16.95,46.0,10.05,15.55,14.4,,240.5,18.2,30.05,10.7,28.75,9.14,10.45,17.85,18.75,46.3,48.75,9.79,19.65,16.1,26.3,16.05,9.68,13.95,20.95,17.95,223.0,74.1,2450.0,41.25,158.5,57.2,93.3,123.0,31.4,91.3,80.9,13.8,35.5,180.5,18.05,37.95,25.2,63.0,46.75,59.1,,93.9,178.5,40.8,78.9,17.5,10.75,125.5,51.8,80.2,76.4,219.5,213.5,268.5,,,72.6,,,33.05,84.9,220.5,83.1,230.5,51.9,38.85,79.6,54.2
44.8,41.85,51.5,76.5,75.2,69.4,10.7,37.15,71.5,33.05,30.7,305.0,152.0,36.55,51.2,287.0,10.45,15.0,31.85,59.7,185.5,63.5,25.05,15.15,25.9,42.4,288.5,378.5,41.45,73.3,67.2,46.15,27.65,372.0,310.0,282.5,48.85,13.1,206.0,36.85,18.05,105.0,26.1,42.5,20.4,121.0,7.66,10.2,17.4,45.2,15.65,24.8,72.9,25.6,293.5,85.0,9.61,39.65,41.9,108.5,83.1,35.7,83.8,242.5,7.99,13.8,91.4,159.0,70.7,26.25,101.5,491.0,286.5,11.05,125.0,72.1,16.95,46.0,10.05,15.55,14.4,,240.5,18.25,30.05,10.7,28.75,9.14,10.45,17.85,18.75,46.3,48.75,9.81,19.65,16.1,26.3,16.05,9.68,13.95,20.95,17.95,223.5,74.1,2450.0,41.25,158.0,57.2,93.2,123.0,31.4,91.3,80.9,13.8,35.5,180.5,18.05,37.95,25.2,63.0,46.75,59.1,,93.9,178.5,40.8,78.9,17.5,10.75,126.0,51.7,80.2,76.3,219.5,213.5,268.5,,,72.6,,,33.05,84.9,220.0,83.2,230.5,51.9,38.85,79.6,54.2
44.8,41.85,51.4,76.5,75.2,69.4,10.7,37.15,71.5,33.05,30.7,305.0,152.0,36.55,51.2,287.0,10.45,15.0,31.85,59.7,185.5,63.5,25.05,15.15,25.85,42.4,288.5,378.0,41.45,73.3,67.2,46.1,27.65,372.0,310.0,282.5,48.85,13.1,206.0,36.8,18.05,105.0,26.1,42.5,20.4,121.5,7.66,10.25,17.4,45.2,15.7,24.75,72.7,25.6,293.5,85.0,9.61,39.6,41.85,108.0,83.0,35.7,83.8,243.0,7.99,13.85,91.4,159.0,70.8,26.25,101.5,491.0,287.0,11.05,125.0,72.0,16.95,46.0,10.0,15.55,14.4,,240.5,18.2,30.05,10.7,28.75,9.13,10.45,17.85,18.75,46.3,48.75,9.8,19.65,16.1,26.35,16.05,9.68,13.95,20.95,18.0,223.5,74.2,2450.0,41.2,158.5,57.2,93.2,123.0,31.4,91.3,80.9,13.8,35.5,180.5,18.05,37.95,25.2,63.0,46.75,59.1,,93.9,178.5,40.8,78.9,17.5,10.75,126.0,51.7,80.2,76.3,219.5,213.5,268.5,,,72.7,,,33.05,84.9,220.0,83.2,230.5,51.9,39.1,79.6,54.2
44.85,41.9,51.4,76.5,75.2,69.4,10.7,37.15,71.5,33.05,30.7,305.0,152.0,36.5,51.2,287.0,10.5,15.0,31.85,59.7,185.0,63.5,25.05,15.15,25.9,42.4,288.5,378.0,41.45,73.3,67.2,46.1,27.65,372.0,310.0,282.5,48.85,13.1,206.0,36.8,18.05,104.5,26.1,42.5,20.45,121.5,7.65,10.2,17.4,45.2,15.7,24.75,72.8,25.65,294.0,85.0,9.62,39.6,41.9,108.0,83.0,35.7,83.8,243.0,7.99,13.8,91.4,159.0,70.7,26.25,101.5,491.5,286.5,11.05,125.0,72.0,16.95,46.0,10.0,15.55,14.4,,240.5,18.25,30.05,10.7,28.75,9.13,10.45,17.85,18.75,46.3,48.75,9.8,19.65,16.1,26.3,16.05,9.68,13.95,20.95,18.0,223.5,74.2,2450.0,41.2,158.0,57.2,93.2,123.0,31.35,91.3,80.9,13.8,35.5,180.5,18.05,37.95,25.15,63.1,46.75,59.0,,93.8,178.5,40.8,78.9,17.5,10.75,126.0,51.7,80.3,76.3,219.5,213.5,268.5,,,72.7,,,33.1,84.9,220.5,83.2,230.5,51.9,39.1,79.6,54.1
44.85,41.9,51.4,76.5,75.2,69.4,10.7,37.15,71.5,33.05,30.7,305.0,152.0,36.55,51.2,287.0,10.5,15.0,31.85,59.7,185.0,63.5,25.05,15.15,25.9,42.4,288.5,378.0,41.45,73.3,67.2,46.1,27.65,372.0,310.0,282.5,48.85,13.1,206.0,36.85,18.05,104.5,26.15,42.5,20.45,121.5,7.65,10.2,17.4,45.2,15.65,24.75,72.8,25.6,294.0,84.9,9.62,39.6,41.85,108.0,83.0,35.65,83.7,243.0,7.99,13.8,91.5,159.0,70.7,26.35,101.5,491.0,286.5,11.1,125.0,72.0,16.95,46.0,10.0,15.5,14.4,,240.5,18.25,30.05,10.7,28.75,9.13,10.5,17.85,18.75,46.25,48.8,9.8,19.65,16.1,26.3,16.05,9.68,14.0,20.95,17.95,223.5,74.2,2450.0,41.2,158.5,57.3,93.2,123.0,31.4,91.3,80.9,13.8,35.5,181.0,18.0,38.0,25.2,63.1,46.75,59.1,,93.8,178.5,40.8,78.9,17.5,10.75,126.0,51.7,80.3,76.3,220.0,213.5,268.5,,,72.7,,,33.1,84.8,220.5,83.2,230.5,51.9,39.1,79.6,54.1
44.8,41.9,51.4,76.5,75.2,69.4,10.8,37.15,71.5,33.05,30.7,305.0,152.0,36.55,51.2,287.0,10.5,15.0,31.85,59.6,185.0,63.5,25.05,15.15,25.9,42.4,288.5,378.0,41.45,73.3,67.2,46.1,27.65,372.5,310.0,282.5,48.8,13.1,206.5,36.8,18.05,104.5,26.15,42.5,20.4,121.5,7.66,10.2,17.4,45.15,15.7,24.75,72.8,25.6,294.0,84.9,9.62,39.55,41.85,108.0,83.0,35.6,83.8,243.0,7.99,13.85,91.4,158.5,70.7,26.25,101.5,491.0,286.5,11.1,125.0,72.0,16.95,46.0,10.0,15.5,14.4,,240.5,18.25,30.05,10.75,28.75,9.13,10.5,17.85,18.75,46.3,48.8,9.8,19.7,16.15,26.3,16.05,9.68,14.0,20.95,18.0,223.0,74.2,2450.0,41.2,158.5,57.2,93.2,123.0,31.35,91.3,80.9,13.8,35.5,181.0,18.05,38.0,25.2,63.1,46.75,59.1,,93.9,178.5,40.75,78.9,17.55,10.75,126.0,51.6,80.3,76.3,220.0,213.5,268.5,,,72.7,,,33.1,84.8,220.0,83.2,230.5,52.0,38.85,79.6,54.1
44.85,41.9,51.4,76.4,75.2,69.4,10.8,37.15,71.5,33.05,30.7,304.5,152.0,36.55,51.2,287.0,10.5,15.0,31.85,59.6,185.0,63.5,25.05,15.15,25.85,42.4,288.5,378.0,41.45,73.3,67.2,46.1,27.65,372.5,310.0,282.5,48.85,13.1,206.5,36.8,18.05,105.0,26.1,42.55,20.4,121.5,7.65,10.2,17.4,45.2,15.65,24.75,72.8,25.6,293.5,84.9,9.62,39.55,41.9,108.0,83.0,35.7,83.8,243.0,7.99,13.85,91.4,158.5,70.8,26.25,101.5,491.5,286.5,11.1,125.0,72.0,16.95,46.0,10.0,15.5,14.45,,240.5,18.2,30.05,10.7,28.75,9.13,10.45,17.8,18.75,46.25,48.75,9.8,19.65,16.15,26.35,16.05,9.68,14.0,20.95,17.95,223.5,74.2,2445.0,41.15,158.5,57.2,93.2,123.0,31.35,91.3,81.0,13.8,35.5,180.5,18.05,37.95,25.2,63.0,46.75,59.1,,93.9,178.5,40.75,79.0,17.55,10.75,125.5,51.6,80.2,76.3,220.0,213.5,268.5,,,72.7,,,33.05,84.8,220.0,83.2,230.5,52.0,38.85,79.6,54.1
44.85,41.95,51.3,76.4,75.2,69.4,10.8,37.15,71.5,33.0,30.7,305.0,152.0,36.5,51.2,287.0,10.5,15.0,31.85,59.6,185.0,63.7,25.05,15.15,25.9,42.4,288.5,378.0,41.45,73.4,67.2,46.1,27.65,372.5,310.0,282.5,48.85,13.15,206.5,36.85,18.05,104.5,26.1,42.55,20.4,121.0,7.65,10.2,17.4,45.15,15.7,24.75,72.8,25.65,294.0,84.9,9.62,39.5,41.95,107.5,83.0,35.7,83.7,243.0,7.99,13.8,91.5,159.0,70.8,26.25,102.0,491.5,286.5,11.1,125.0,72.0,16.95,46.05,10.0,15.5,14.45,,240.5,18.25,30.0,10.7,28.75,9.14,10.45,17.8,18.8,46.3,48.8,9.8,19.7,16.15,26.3,16.05,9.68,14.0,20.95,18.0,223.5,74.3,2445.0,41.1,158.5,57.2,93.2,123.0,31.35,91.3,81.0,13.8,35.5,181.0,18.05,37.95,25.2,63.0,46.75,59.1,,93.9,178.5,40.75,79.0,17.55,10.75,125.5,51.6,80.2,76.3,220.0,213.5,268.5,,,72.6,,,33.05,84.8,220.5,83.2,230.5,52.0,38.85,79.6,54.1
44.85,41.9,51.3,76.4,75.2,69.4,10.8,37.15,71.5,33.0,30.8,305.0,152.0,36.55,51.2,287.0,10.5,15.0,31.85,59.6,185.0,63.7,25.05,15.15,25.9,42.4,288.5,378.0,41.45,73.3,67.2,46.1,27.65,372.5,310.5,282.5,48.8,13.15,206.5,36.8,18.05,104.5,26.1,42.55,20.4,121.5,7.65,10.2,17.4,45.2,15.7,24.75,72.7,25.65,294.0,84.9,9.62,39.5,41.95,107.5,83.0,35.7,83.7,243.0,7.99,13.8,91.5,159.0,70.8,26.25,102.0,491.0,286.5,11.1,125.0,72.0,16.95,46.05,10.0,15.5,14.45,,240.5,18.2,30.05,10.7,28.75,9.13,10.45,17.8,18.75,46.3,48.75,9.8,19.65,16.1,26.3,16.05,9.68,13.95,20.9,17.95,223.5,74.3,2445.0,41.15,158.5,57.2,93.2,123.0,31.35,91.3,81.0,13.8,35.5,180.5,18.05,38.0,25.2,63.1,46.75,59.2,,93.9,178.5,40.75,79.0,17.55,10.75,125.5,51.6,80.2,76.3,220.0,213.5,268.5,,,72.6,,,33.05,84.8,220.0,83.1,230.5,52.0,38.85,79.6,54.1
44.8,41.9,51.5,76.4,75.3,69.4,10.7,37.15,71.6,33.05,30.8,305.0,152.0,36.5,51.2,287.0,10.5,15.0,31.85,59.7,185.0,63.7,25.0,15.15,25.9,42.35,288.5,378.0,41.45,73.3,67.1,46.1,27.65,372.5,310.5,282.5,48.8,13.1,206.5,36.8,18.0,105.0,26.05,42.55,20.4,121.0,7.66,10.2,17.4,45.2,15.65,24.75,72.7,25.65,293.5,84.9,9.62,39.55,41.95,107.5,83.0,35.7,83.8,243.0,7.99,13.8,91.4,158.5,70.7,26.25,101.5,491.0,286.0,11.1,125.0,72.0,16.95,46.05,10.0,15.5,14.45,,240.5,18.2,30.05,10.7,28.8,9.13,10.45,17.8,18.75,46.35,48.7,9.8,19.65,16.1,26.3,16.0,9.68,13.95,20.95,17.95,223.5,74.2,2445.0,41.15,158.5,57.2,93.2,122.5,31.4,91.3,81.0,13.75,35.5,180.5,18.0,37.95,25.2,63.1,46.75,59.2,,93.9,178.5,40.75,78.9,17.5,10.75,126.0,51.6,80.2,76.3,220.0,213.5,268.0,,,72.6,,,33.05,84.8,221.0,83.1,230.5,52.0,38.85,79.6,54.2
44.8,41.9,51.4,76.4,75.3,69.4,10.7,37.15,71.6,33.05,30.85,305.0,152.0,36.5,51.1,287.0,10.5,15.0,31.85,59.7,184.5,63.7,25.0,15.15,25.9,42.35,288.5,378.0,41.45,73.3,67.1,46.1,27.65,372.5,310.5,282.5,48.8,13.1,206.5,36.8,18.0,104.5,26.0,42.55,20.4,121.5,7.65,10.2,17.4,45.1,15.65,24.75,72.7,25.6,294.0,84.9,9.62,39.55,41.95,107.5,83.0,35.7,83.7,243.0,7.99,13.8,91.4,158.5,70.7,26.25,101.5,491.5,286.5,11.1,124.5,72.0,16.95,46.05,10.0,15.5,14.4,,240.5,18.2,30.05,10.7,28.75,9.14,10.45,17.8,18.75,46.4,48.7,9.8,19.65,16.1,26.3,16.0,9.68,13.95,20.95,17.95,223.0,74.2,2445.0,41.15,158.5,57.1,93.2,122.5,31.4,91.3,81.0,13.8,35.5,180.5,18.0,37.95,25.2,63.0,46.75,59.1,,93.9,178.5,40.75,78.9,17.5,10.75,126.0,51.6,80.2,76.3,220.0,213.5,268.0,,,72.6,,,33.05,84.8,221.0,83.1,230.5,52.0,38.85,79.6,54.2
44.85,41.9,51.5,76.4,75.3,69.4,10.7,37.15,71.6,33.05,30.85,305.0,152.0,36.5,51.2,287.0,10.5,15.0,31.85,59.7,184.5,63.7,25.05,15.15,25.9,42.35,288.5,377.5,41.45,73.3,67.1,46.1,27.65,372.5,310.5,282.5,48.85,13.1,206.0,36.8,18.05,105.0,26.0,42.55,20.4,121.0,7.65,10.2,17.4,45.1,15.65,24.75,72.7,25.6,293.5,85.0,9.62,39.55,41.95,107.5,83.1,35.65,83.7,243.0,7.99,13.85,91.4,158.5,70.7,26.25,101.5,491.5,286.0,11.1,124.5,72.0,16.85,46.05,10.05,15.5,14.4,,240.5,18.2,30.05,10.7,28.75,9.14,10.5,17.8,18.75,46.3,48.75,9.8,19.65,16.15,26.3,16.0,9.69,14.0,20.95,18.0,223.0,74.2,2445.0,41.15,158.0,57.1,93.3,123.0,31.3,91.3,81.0,13.8,35.5,181.0,18.05,37.95,25.2,63.0,46.75,59.1,,93.9,178.5,40.75,78.9,17.5,10.75,126.0,51.6,80.2,76.3,220.0,213.5,268.0,,,72.6,,,33.05,84.8,221.0,83.1,230.5,51.9,38.85,79.6,54.2
44.8,41.85,51.5,76.4,75.3,69.4,10.7,37.15,71.6,33.05,30.85,304.5,152.0,36.5,51.2,287.0,10.45,15.0,31.85,59.6,184.5,63.7,25.05,15.15,25.85,42.35,288.5,377.0,41.45,73.3,67.1,46.1,27.65,372.5,310.5,282.5,48.85,13.15,206.5,36.8,18.05,104.5,26.0,42.6,20.45,121.5,7.65,10.2,17.4,45.15,15.65,24.8,72.9,25.6,294.0,84.9,9.62,39.55,41.95,107.0,83.0,35.65,83.7,243.0,7.99,13.8,91.4,159.0,70.7,26.3,102.0,491.0,286.5,11.05,125.0,71.9,16.85,46.05,10.05,15.5,14.4,,240.5,18.25,30.05,10.7,28.75,9.14,10.45,17.8,18.75,46.3,48.75,9.8,19.65,16.15,26.3,16.05,9.68,13.95,20.95,17.95,223.0,74.2,2445.0,41.15,158.5,57.1,93.3,123.0,31.3,91.3,81.0,13.75,35.5,181.0,18.05,37.95,25.2,63.0,46.75,59.1,,93.8,178.5,40.75,78.9,17.5,10.75,126.0,51.7,80.1,76.3,220.0,213.5,268.0,,,72.6,,,33.05,84.8,220.0,83.1,230.5,51.9,38.85,79.6,54.1
44.8,41.9,51.5,76.4,75.3,69.4,10.7,37.15,71.6,33.05,30.8,304.5,152.0,36.5,51.1,287.0,10.45,15.0,31.85,59.6,184.5,63.7,25.0,15.15,25.85,42.35,288.5,377.0,41.45,73.4,67.1,46.1,27.65,372.5,310.5,282.5,48.85,13.1,206.5,36.85,18.0,105.0,26.0,42.6,20.45,121.5,7.65,10.2,17.4,45.15,15.6,24.8,72.9,25.6,294.0,84.9,9.61,39.55,41.95,107.0,83.0,35.65,83.7,243.0,7.99,13.8,91.4,158.0,70.7,26.3,102.0,491.0,286.5,11.05,125.0,71.9,16.85,46.05,10.0,15.5,14.4,,240.5,18.2,30.05,10.7,28.75,9.14,10.45,17.8,18.75,46.35,48.7,9.8,19.65,16.1,26.3,16.05,9.68,13.95,20.9,17.95,223.5,74.2,2450.0,41.2,158.0,57.1,93.3,123.0,31.35,91.3,80.9,13.8,35.5,180.5,18.0,37.95,25.2,63.1,46.75,59.2,,93.8,178.5,40.75,78.9,17.5,10.75,126.0,51.7,80.1,76.3,220.0,213.5,268.0,,,72.6,,,33.0,84.8,220.0,83.1,230.5,52.0,38.85,79.6,54.1
44.8,41.9,51.5,76.4,75.3,69.4,10.7,37.15,71.5,33.05,30.8,304.5,152.0,36.5,51.1,287.0,10.5,15.0,31.85,59.6,184.5,63.7,25.0,15.15,25.85,42.35,288.5,377.0,41.45,73.3,67.1,46.15,27.7,372.5,310.5,282.5,48.85,13.15,206.5,36.85,18.0,104.5,26.0,42.55,20.45,121.5,7.65,10.2,17.4,45.15,15.6,24.8,72.7,25.6,293.5,84.9,9.61,39.5,42.0,106.5,83.1,35.65,83.7,243.0,7.99,13.8,91.4,158.0,70.7,26.35,102.0,491.0,287.0,11.05,125.0,71.9,16.85,46.05,10.0,15.5,14.4,,240.0,18.2,30.1,10.7,28.75,9.14,10.45,17.8,18.75,46.35,48.7,9.8,19.65,16.1,26.35,16.05,9.67,14.0,20.95,18.0,223.5,74.2,2450.0,41.2,158.0,57.1,93.3,123.0,31.35,91.3,80.9,13.8,35.5,180.5,18.0,37.95,25.2,63.2,46.8,59.3,,93.8,178.5,40.75,78.9,17.5,10.75,126.0,51.7,80.2,76.3,220.0,213.5,268.0,,,72.6,,,33.0,84.9,220.5,83.1,230.5,52.0,38.85,79.6,54.1
44.85,41.9,51.5,76.4,75.3,69.4,10.7,37.15,71.6,33.05,30.8,304.5,152.0,36.5,51.1,287.0,10.5,15.0,31.85,59.6,184.5,63.7,25.0,15.15,25.9,42.35,288.5,377.0,41.5,73.3,67.1,46.1,27.7,372.5,310.5,282.5,48.8,13.1,206.0,36.8,18.0,104.5,26.0,42.55,20.45,121.5,7.66,10.2,17.4,45.15,15.6,24.75,72.7,25.65,294.0,84.8,9.61,39.55,42.0,107.0,83.0,35.6,83.7,243.0,7.99,13.8,91.5,159.0,70.7,26.25,102.0,491.0,286.5,11.05,124.5,71.9,16.85,46.05,10.0,15.5,14.4,,240.0,18.25,30.1,10.7,28.75,9.13,10.45,17.85,18.75,46.4,48.75,9.8,19.7,16.1,26.3,16.0,9.68,14.0,20.95,17.95,223.0,74.2,2450.0,41.2,158.5,57.1,93.3,123.0,31.3,91.3,80.9,13.8,35.5,180.5,18.0,38.0,25.2,63.2,46.8,59.3,,93.9,178.5,40.75,78.9,17.55,10.75,126.0,51.7,80.1,76.3,220.0,213.5,268.0,,,72.6,,,33.0,84.9,220.5,83.1,230.5,52.0,38.85,79.6,54.1
44.85,41.85,51.4,76.4,75.3,69.4,10.75,37.15,71.6,33.05,30.8,304.5,152.0,36.45,51.1,287.0,10.5,15.0,31.85,59.6,184.5,63.7,25.0,15.15,25.9,42.4,288.5,377.0,41.5,73.3,67.1,46.1,27.7,372.5,310.5,282.5,48.85,13.1,206.0,36.85,18.0,105.0,26.05,42.6,20.45,121.5,7.66,10.2,17.4,45.15,15.6,24.8,72.7,25.6,294.0,84.8,9.61,39.55,41.95,106.5,83.0,35.6,83.7,243.0,7.99,13.8,91.4,159.0,70.7,26.25,102.0,491.0,286.5,11.05,124.5,72.0,16.85,46.05,10.0,15.5,14.4,,240.0,18.25,30.1,10.7,28.75,9.13,10.45,17.85,18.75,46.4,48.75,9.8,19.65,16.1,26.3,16.05,9.68,14.0,20.95,17.95,223.5,74.2,2450.0,41.25,158.0,57.1,93.3,123.0,31.3,91.3,81.0,13.8,35.5,180.5,18.0,38.0,25.2,63.1,46.8,59.3,,93.9,178.5,40.75,79.0,17.5,10.75,126.0,51.7,80.1,76.3,220.0,213.5,268.0,,,72.7,,,33.0,84.9,220.0,83.1,230.5,52.0,38.9,79.6,54.1
44.85,41.9,51.5,76.4,75.3,69.4,10.75,37.15,71.6,33.05,30.8,304.5,152.0,36.5,51.1,287.0,10.5,15.0,31.85,59.7,185.0,63.7,25.05,15.15,25.9,42.4,288.5,377.0,41.5,73.3,67.2,46.1,27.65,372.5,310.5,284.5,48.8,13.1,206.0,36.8,18.0,105.0,26.05,42.6,20.4,121.0,7.66,10.2,17.4,45.15,15.6,24.8,72.7,25.6,294.0,84.8,9.61,39.5,42.0,107.0,83.0,35.55,83.7,243.0,7.99,13.8,91.4,159.0,70.6,26.25,102.0,492.0,286.5,11.05,125.0,72.0,16.85,46.05,10.05,15.55,14.4,,240.0,18.25,30.1,10.7,28.8,9.14,10.45,17.85,18.75,46.35,48.75,9.8,19.65,16.15,26.3,16.05,9.69,14.0,20.95,18.0,223.0,74.3,2450.0,41.15,158.0,57.1,93.3,123.0,31.3,91.3,81.0,13.8,35.5,180.5,18.05,37.95,25.2,63.1,46.75,59.3,,93.9,178.5,40.75,79.0,17.5,10.75,126.0,51.7,80.1,76.3,220.0,213.5,268.0,,,72.7,,,33.0,84.9,220.0,83.1,230.5,52.0,38.9,79.5,54.1
44.85,41.9,51.5,76.4,75.3,69.4,10.7,37.15,71.6,33.05,30.85,304.5,152.0,36.5,51.1,287.0,10.5,15.0,31.85,59.7,185.0,63.7,25.05,15.15,25.9,42.4,288.5,377.0,41.5,73.3,67.2,46.15,27.65,373.0,310.5,284.5,48.8,13.1,206.0,36.8,18.05,105.0,26.0,42.6,20.4,121.5,7.66,10.2,17.4,45.15,15.6,24.8,72.7,25.6,294.0,84.8,9.61,39.5,41.95,107.0,83.0,35.55,83.7,242.5,7.99,13.8,91.4,158.5,70.6,26.25,101.5,492.0,286.5,11.05,124.5,72.0,16.85,46.05,10.0,15.55,14.4,,240.0,18.25,30.1,10.7,28.75,9.14,10.45,17.85,18.75,46.35,48.7,9.79,19.65,16.15,26.35,16.05,9.69,14.0,20.95,17.95,223.0,74.3,2450.0,41.15,158.5,57.1,93.3,123.0,31.3,91.3,81.0,13.75,35.5,180.5,18.05,37.95,25.2,63.1,46.75,59.4,,93.9,178.0,40.75,79.0,17.5,10.75,126.0,51.7,80.1,76.3,220.0,213.5,268.0,,,72.7,,,33.0,84.9,220.0,83.1,230.5,52.0,38.9,79.5,54.1
44.85,41.9,51.5,76.4,75.3,69.4,10.7,37.15,71.6,33.05,30.8,304.5,152.0,36.45,51.2,287.0,10.5,15.0,31.85,59.7,185.0,63.7,25.05,15.15,25.9,42.4,288.5,377.0,41.5,73.3,67.0,46.15,27.65,373.0,310.5,284.5,48.8,13.1,206.5,36.8,18.05,104.5,26.05,42.6,20.4,121.0,7.66,10.2,17.4,45.1,15.65,24.8,72.6,25.65,294.0,85.0,9.61,39.5,41.95,107.0,83.0,35.55,83.7,242.5,7.99,13.8,91.4,158.5,70.7,26.25,101.5,492.0,286.5,11.05,124.5,72.0,16.85,46.05,10.0,15.5,14.45,,240.0,18.25,30.1,10.7,28.75,9.14,10.45,17.85,18.75,46.35,48.7,9.79,19.65,16.1,26.35,16.05,9.69,14.0,20.95,18.0,223.5,74.3,2450.0,41.15,158.5,57.1,93.3,123.0,31.35,91.3,81.0,13.8,35.5,180.5,18.05,38.0,25.2,63.2,46.75,59.4,,93.8,178.0,40.75,79.0,17.5,10.75,126.0,51.6,80.2,76.3,220.0,213.5,268.0,,,72.6,,,33.0,84.9,220.0,83.1,230.5,52.0,38.9,79.5,54.1
44.9,41.9,51.5,76.4,75.3,69.4,10.7,37.15,71.6,33.05,30.8,305.0,151.5,36.45,51.2,287.0,10.5,15.0,31.85,59.7,185.0,63.7,25.05,15.1,25.9,42.4,288.5,377.0,41.5,73.3,67.0,46.1,27.65,373.0,310.5,284.5,48.8,13.1,206.5,36.8,18.05,105.0,26.05,42.6,20.4,121.0,7.66,10.2,17.4,45.1,15.65,24.75,72.7,25.6,294.0,85.0,9.61,39.55,42.0,107.0,83.0,35.6,83.7,242.5,7.99,13.85,91.4,159.0,70.7,26.25,101.5,492.0,287.0,11.05,125.0,72.0,16.85,46.05,10.0,15.55,14.45,,240.0,18.25,30.1,10.7,28.75,9.14,10.45,17.85,18.75,46.35,48.7,9.79,19.65,16.15,26.35,16.05,9.69,14.0,20.95,18.0,223.0,74.3,2450.0,41.25,158.5,57.2,93.3,123.0,31.3,91.3,81.0,13.8,35.5,181.0,18.0,38.0,25.2,63.1,46.75,59.3,,93.8,178.0,40.75,78.9,17.5,10.8,125.5,51.6,80.2,76.3,220.0,213.5,268.0,,,72.5,,,33.0,84.9,220.0,83.1,230.5,51.9,38.9,79.5,54.1
44.9,41.9,51.5,76.4,75.3,69.4,10.7,37.15,71.5,33.05,30.8,304.5,151.5,36.45,51.1,287.0,10.5,15.0,31.85,59.7,185.0,63.7,25.0,15.1,25.9,42.4,288.5,377.0,41.5,73.3,67.0,46.1,27.65,373.0,310.5,284.5,48.8,13.1,206.5,36.8,18.05,104.5,26.05,42.55,20.35,121.0,7.65,10.2,17.4,45.2,15.65,24.75,72.6,25.65,294.0,85.0,9.61,39.5,42.0,107.0,83.0,35.6,83.7,242.5,7.99,13.85,91.4,158.5,70.6,26.25,101.5,492.0,286.0,11.05,125.0,72.0,16.85,46.05,10.0,15.55,14.45,,240.0,18.25,30.1,10.7,28.8,9.14,10.45,17.85,18.75,46.4,48.75,9.79,19.7,16.15,26.35,16.05,9.69,14.0,21.0,18.0,223.0,74.3,2450.0,41.3,158.5,57.1,93.3,123.0,31.3,91.3,81.0,13.8,35.5,181.0,18.05,38.0,25.2,63.1,46.75,59.4,,93.8,178.0,40.75,78.9,17.5,10.8,125.5,51.7,80.1,76.3,220.0,213.5,268.0,,,72.6,,,33.0,84.9,220.0,83.1,230.5,52.0,38.9,79.5,54.1
44.9,41.85,51.5,76.4,75.3,69.4,10.75,37.15,71.5,33.05,30.8,304.5,151.5,36.45,51.1,287.0,10.5,15.0,31.85,59.7,185.0,63.7,25.0,15.1,25.9,42.4,288.5,377.0,41.45,73.4,67.0,46.1,27.65,373.0,310.0,284.5,48.8,13.05,206.5,36.8,18.05,104.5,26.05,42.6,20.35,121.0,7.66,10.2,17.4,45.2,15.6,24.8,72.6,25.6,293.5,85.0,9.61,39.5,42.0,107.0,83.0,35.6,83.7,242.5,7.99,13.85,91.4,158.0,70.6,26.25,101.5,492.0,286.5,11.05,125.0,72.0,16.85,46.05,10.0,15.5,14.45,,240.0,18.3,30.1,10.7,28.8,9.14,10.45,17.85,18.75,46.35,48.7,9.79,19.7,16.15,26.35,16.05,9.69,14.0,21.0,18.0,223.0,74.3,2450.0,41.3,158.5,57.1,93.3,123.0,31.3,91.2,81.0,13.8,35.5,181.0,18.0,37.95,25.2,63.1,46.75,59.4,,93.7,178.0,40.75,78.9,17.5,10.75,125.5,51.7,80.1,76.3,220.0,213.5,268.0,,,72.6,,,33.0,84.9,220.0,83.1,230.5,52.0,38.85,79.5,54.1
44.9,41.9,51.4,76.4,75.3,69.4,10.75,37.15,71.6,33.05,30.8,304.5,152.0,36.45,51.1,287.0,10.45,15.0,31.85,59.7,185.0,63.6,25.0,15.1,25.85,42.4,288.5,377.0,41.45,73.3,67.0,46.1,27.65,373.0,310.0,284.5,48.8,13.1,206.0,36.85,18.05,105.0,26.0,42.6,20.5,121.0,7.66,10.2,17.4,45.15,15.6,24.75,72.6,25.6,294.0,85.0,9.62,39.5,42.1,107.0,82.9,35.6,83.7,242.5,7.99,13.8,91.4,158.0,70.6,26.25,101.5,491.0,286.5,11.05,125.0,72.0,16.85,46.05,10.0,15.5,14.45,,240.0,18.3,30.1,10.7,28.75,9.14,10.45,17.8,18.75,46.3,48.7,9.79,19.7,16.15,26.35,16.1,9.69,14.0,21.0,17.95,223.0,74.3,2450.0,41.3,158.0,57.1,93.3,123.0,31.3,91.2,81.0,13.8,35.5,180.5,18.0,38.0,25.2,63.0,46.7,59.3,,93.7,178.0,40.75,78.9,17.55,10.75,126.0,51.7,80.1,76.3,219.5,213.5,268.0,,,72.5,,,33.1,84.8,220.0,83.1,230.5,52.0,38.85,79.5,54.0
44.9,41.9,51.4,76.4,75.3,69.3,10.7,37.15,71.6,33.05,30.8,304.5,152.0,36.4,51.1,287.0,10.45,15.0,31.85,59.7,185.0,63.6,25.0,15.1,25.9,42.4,288.5,377.0,41.45,73.3,67.0,46.1,27.65,373.0,310.0,284.5,48.8,13.15,206.5,36.85,18.05,104.5,26.05,42.55,20.35,121.0,7.66,10.15,17.4,45.15,15.6,24.75,72.7,25.6,294.0,85.0,9.62,39.5,42.15,107.5,82.9,35.65,83.8,242.5,7.99,13.8,91.4,158.5,70.6,26.25,101.5,491.0,286.5,11.05,125.0,72.0,16.85,46.05,10.0,15.55,14.45,,240.0,18.25,30.1,10.7,28.75,9.13,10.45,17.8,18.75,46.3,48.7,9.79,19.65,16.05,26.3,16.05,9.69,13.95,20.95,17.95,223.0,74.3,2450.0,41.3,158.5,57.1,93.3,123.0,31.3,91.2,81.0,13.75,35.5,180.5,18.0,38.0,25.2,63.0,46.7,59.3,,93.8,178.0,40.75,78.8,17.5,10.75,126.0,51.6,80.1,76.3,219.5,213.5,268.0,,,72.5,,,33.05,84.9,220.0,83.1,230.0,52.1,38.85,79.5,54.0
44.9,41.9,51.5,76.4,75.3,69.3,10.75,37.15,71.6,33.05,30.8,304.0,152.0,36.4,51.1,287.0,10.5,15.0,31.85,59.7,185.5,63.5,25.0,15.1,25.9,42.4,288.5,377.0,41.5,73.3,67.0,46.1,27.65,373.0,310.0,284.5,48.75,13.1,206.5,36.8,18.05,105.0,26.05,42.55,20.4,121.0,7.66,10.15,17.4,45.15,15.6,24.75,72.6,25.6,294.0,85.0,9.61,39.5,42.15,107.0,82.9,35.65,83.7,242.5,7.99,13.8,91.3,158.5,70.6,26.25,101.5,491.0,286.5,11.05,125.0,72.0,16.85,46.05,10.0,15.5,14.4,,240.0,18.2,30.1,10.7,28.75,9.14,10.45,17.8,18.7,46.3,48.7,9.79,19.65,16.05,26.3,16.05,9.69,14.0,21.0,17.95,223.5,74.3,2450.0,41.3,158.0,57.1,93.3,122.5,31.3,91.2,81.0,13.8,35.5,180.5,18.05,38.0,25.2,63.0,46.75,59.4,,93.8,178.5,40.7,78.8,17.5,10.75,126.0,51.6,80.1,76.3,220.0,213.5,268.0,,,72.5,,,33.0,84.7,220.0,83.1,230.0,52.0,38.85,79.5,54.0
44.9,41.9,51.4,76.4,75.3,69.3,10.7,37.15,71.6,33.05,30.8,304.5,152.0,36.45,51.1,287.0,10.45,15.0,31.85,59.7,185.5,63.5,25.0,15.1,25.9,42.4,288.5,377.0,41.5,73.3,67.0,46.1,27.65,373.0,310.0,284.5,48.8,13.1,206.5,36.8,18.05,104.5,26.0,42.6,20.35,121.0,7.66,10.2,17.35,45.15,15.6,24.8,72.6,25.55,294.0,85.0,9.61,39.45,42.2,106.5,82.9,35.6,83.7,242.5,7.99,13.8,91.3,158.5,70.6,26.25,101.5,490.0,286.0,11.05,125.0,72.0,16.85,46.0,10.0,15.55,14.45,,240.0,18.2,30.1,10.7,28.7,9.13,10.45,17.8,18.7,46.3,48.7,9.79,19.65,16.05,26.3,16.05,9.69,13.95,21.0,18.0,223.5,74.3,2450.0,41.3,158.5,57.1,93.3,122.5,31.35,91.2,81.0,13.75,35.5,180.5,18.0,37.95,25.2,63.0,46.75,59.4,,93.7,178.5,40.7,78.8,17.5,10.75,126.0,51.6,80.1,76.2,220.0,213.5,268.0,,,72.5,,,33.0,84.7,220.0,83.1,230.0,52.1,38.85,79.5,54.0
44.9,41.9,51.5,76.4,75.3,69.3,10.7,37.1,71.5,33.05,30.8,304.0,151.5,36.45,51.1,287.0,10.45,15.0,31.85,59.7,185.5,63.5,25.0,15.1,25.9,42.3,288.5,377.0,41.45,73.3,67.0,46.1,27.65,373.0,310.0,284.5,48.8,13.1,206.5,36.85,18.05,104.5,26.0,42.55,20.35,121.0,7.66,10.2,17.35,45.15,15.6,24.7,72.6,25.55,293.5,85.0,9.61,39.45,42.2,107.0,82.9,35.65,83.7,242.5,7.99,13.8,91.4,158.5,70.6,26.25,101.5,489.5,286.0,11.05,124.5,72.0,16.85,46.0,10.0,15.5,14.4,,240.0,18.25,30.1,10.7,28.7,9.14,10.45,17.8,18.75,46.3,48.7,9.8,19.65,16.05,26.3,16.05,9.69,13.95,20.95,17.95,223.5,74.3,2445.0,41.25,158.5,57.1,93.3,123.0,31.35,91.2,81.0,13.8,35.5,180.5,18.05,37.95,25.2,63.0,46.75,59.4,,93.8,178.5,40.7,78.8,17.5,10.75,126.0,51.6,80.1,76.2,220.0,213.5,268.0,,,72.5,,,33.0,84.8,219.5,83.1,230.0,52.0,38.85,79.5,54.0
44.9,41.9,51.3,76.4,75.3,69.3,10.7,37.1,71.5,33.0,30.85,303.0,151.5,36.4,51.1,287.0,10.45,15.0,31.85,59.7,185.5,63.5,25.0,15.1,25.9,42.3,288.5,377.0,41.5,73.3,67.0,46.1,27.65,373.0,310.5,284.5,48.8,13.15,206.5,36.8,18.0,104.5,26.0,42.6,20.35,121.0,7.65,10.2,17.35,45.2,15.6,24.75,72.6,25.55,293.5,85.0,9.61,39.45,42.2,106.5,82.7,35.65,83.7,242.5,7.99,13.8,91.3,158.5,70.6,26.25,101.5,489.5,286.5,11.05,124.5,72.0,16.8,46.0,10.0,15.5,14.4,,240.0,18.25,30.1,10.7,28.7,9.14,10.45,17.8,18.75,46.3,48.7,9.8,19.65,16.05,26.35,16.05,9.68,13.95,21.0,17.95,223.5,74.3,2445.0,41.25,158.5,57.1,93.3,123.0,31.3,91.2,81.0,13.8,35.5,180.5,18.0,37.95,25.2,63.1,46.75,59.3,,93.7,178.0,40.7,78.8,17.5,10.75,126.0,51.6,80.0,76.2,220.0,213.5,268.0,,,72.6,,,33.0,84.8,219.5,83.1,230.0,52.0,38.85,79.5,54.0
44.9,41.9,51.4,76.4,75.3,69.3,10.7,37.1,71.5,33.0,30.85,303.0,151.5,36.4,51.1,287.0,10.5,15.0,31.85,59.7,185.5,63.6,25.0,15.1,25.95,42.3,288.5,377.0,41.5,73.3,67.0,46.1,27.65,373.0,310.5,284.5,48.8,13.1,206.5,36.8,18.0,104.5,26.05,42.55,20.35,121.0,7.65,10.2,17.35,45.15,15.6,24.75,72.6,25.55,294.0,84.9,9.61,39.45,42.15,106.5,82.8,35.65,83.7,242.5,7.99,13.85,91.3,158.5,70.6,26.3,101.5,489.5,286.0,11.05,124.5,72.0,16.85,46.0,10.0,15.5,14.4,,240.0,18.2,30.1,10.7,28.7,9.14,10.45,17.8,18.75,46.35,48.7,9.79,19.65,16.05,26.3,16.0,9.68,13.95,21.0,18.0,223.5,74.3,2445.0,41.2,158.5,57.1,93.3,122.5,31.35,91.2,81.0,13.8,35.5,180.5,18.05,37.9,25.2,63.1,46.7,59.3,,93.7,178.0,40.7,78.8,17.55,10.75,125.5,51.6,80.0,76.3,219.5,213.5,268.0,,,72.4,,,33.0,84.8,220.0,83.1,230.0,52.1,38.85,79.5,54.1
44.85,41.9,51.4,76.4,75.2,69.2,10.7,37.1,71.5,33.0,30.85,303.0,151.5,36.45,51.1,287.0,10.5,15.0,31.85,59.7,185.5,63.6,25.0,15.1,25.9,42.3,288.5,377.0,41.5,73.3,67.0,46.1,27.65,373.0,310.5,284.5,48.8,13.15,206.0,36.8,18.0,104.5,26.05,42.55,20.35,121.5,7.65,10.2,17.35,45.15,15.6,24.8,72.6,25.55,294.0,84.9,9.61,39.5,42.15,107.0,82.8,35.65,83.7,242.5,7.99,13.8,91.4,158.5,70.6,26.25,102.0,490.0,286.5,11.05,125.5,72.0,16.85,46.0,10.0,15.5,14.4,,240.0,18.2,30.1,10.7,28.7,9.14,10.45,17.8,18.75,46.3,48.65,9.79,19.65,16.05,26.3,16.0,9.68,13.95,21.0,17.95,223.5,74.3,2445.0,41.2,158.5,57.1,93.3,122.5,31.3,91.1,81.0,13.8,35.5,180.5,18.0,37.9,25.2,63.1,46.7,59.3,,93.7,178.0,40.7,78.8,17.5,10.75,126.0,51.6,80.0,76.3,219.0,213.5,268.0,,,72.4,,,33.0,84.9,220.0,83.1,230.0,52.1,38.85,79.5,54.1
44.9,41.9,51.4,76.4,75.2,69.2,10.7,37.1,71.5,33.0,30.8,302.5,151.5,36.4,51.1,287.0,10.5,15.0,31.85,59.7,185.5,63.6,25.0,15.1,25.9,42.3,288.5,377.0,41.5,73.3,67.0,46.1,27.65,373.0,310.5,284.5,48.8,13.1,206.5,36.8,18.0,105.0,26.0,42.55,20.35,121.0,7.66,10.2,17.35,45.1,15.6,24.8,72.6,25.55,293.5,84.9,9.61,39.5,42.15,107.0,82.8,35.65,83.7,242.5,7.99,13.8,91.4,158.5,70.7,26.25,102.0,490.0,286.0,11.05,125.5,72.0,16.85,46.05,10.0,15.5,14.4,,240.0,18.2,30.1,10.7,28.75,9.14,10.45,17.8,18.7,46.35,48.6,9.79,19.65,16.05,26.3,16.0,9.68,13.95,21.0,17.95,223.0,74.2,2445.0,41.2,158.5,57.1,93.3,123.0,31.25,91.1,81.0,13.8,35.5,180.0,18.0,37.85,25.2,63.1,46.7,59.4,,93.7,178.0,40.65,78.8,17.5,10.75,126.0,51.6,80.0,76.3,219.0,213.5,268.0,,,72.5,,,33.0,84.6,219.5,83.1,230.5,52.1,38.85,79.5,54.0
44.9,41.85,51.3,76.4,75.2,69.2,10.7,37.1,71.5,33.0,30.8,302.5,151.5,36.45,51.1,287.0,10.5,15.0,31.85,59.7,185.5,63.6,25.0,15.1,25.9,42.3,288.5,377.0,41.5,73.3,67.0,46.05,27.65,373.0,310.5,284.5,48.8,13.1,206.5,36.8,18.0,104.5,26.0,42.55,20.35,121.5,7.65,10.2,17.35,45.1,15.6,24.75,72.6,25.55,293.5,84.9,9.61,39.45,42.1,107.0,82.8,35.6,83.7,242.5,7.99,13.8,91.4,158.5,70.6,26.25,102.0,489.5,286.5,11.05,125.0,72.0,16.85,46.05,10.0,15.55,14.4,,240.0,18.25,30.1,10.7,28.75,9.14,10.45,17.8,18.75,46.35,48.6,9.79,19.65,16.1,26.3,16.0,9.68,13.95,21.0,17.95,223.5,74.2,2445.0,41.2,158.5,57.1,93.3,123.0,31.25,91.1,81.0,13.75,35.5,180.0,18.05,37.85,25.2,63.1,46.7,59.3,,93.7,178.0,40.65,78.8,17.5,10.75,126.0,51.6,80.0,76.3,219.0,213.5,268.0,,,72.5,,,33.0,84.6,219.5,83.1,230.5,52.0,38.85,79.5,54.0
44.9,41.9,51.3,76.5,75.2,69.2,10.7,37.1,71.5,33.0,30.8,302.5,151.5,36.45,51.1,287.0,10.5,15.0,31.85,59.7,185.5,63.6,25.0,15.1,25.9,42.3,288.5,377.0,41.5,73.3,67.0,46.05,27.65,373.0,310.5,284.0,48.8,13.1,206.0,36.8,18.0,105.0,26.0,42.55,20.4,121.0,7.66,10.2,17.35,45.2,15.65,24.8,72.6,25.55,294.0,84.9,9.62,39.45,42.1,106.5,82.8,35.6,83.7,242.5,7.99,13.8,91.4,158.5,70.7,26.25,101.5,490.0,286.5,11.05,125.5,72.0,16.85,46.05,10.05,15.5,14.4,,240.0,18.2,30.1,10.7,28.7,9.14,10.45,17.8,18.75,46.3,48.65,9.8,19.6,16.1,26.3,16.0,9.68,13.95,20.95,18.0,223.0,74.3,2445.0,41.2,158.5,57.1,93.3,123.0,31.25,91.1,81.0,13.8,35.5,180.5,18.05,37.85,25.2,63.1,46.7,59.3,,93.7,178.0,40.65,78.7,17.5,10.75,126.0,51.5,80.0,76.3,219.0,213.5,268.0,,,72.5,,,33.05,84.7,219.5,83.1,230.5,52.0,38.85,79.5,54.0
44.9,41.9,51.4,76.5,75.2,69.2,10.7,37.1,71.5,33.0,30.85,302.5,151.5,36.45,51.1,287.0,10.5,15.0,31.85,59.7,185.5,63.6,25.05,15.1,25.9,42.3,288.5,377.0,41.5,73.3,67.0,46.05,27.65,373.0,310.5,284.0,48.8,13.1,206.5,36.8,18.0,104.5,26.05,42.55,20.45,121.5,7.65,10.25,17.35,45.2,15.6,24.75,72.6,25.55,294.0,85.0,9.62,39.45,42.1,107.0,82.9,35.6,83.8,242.5,7.99,13.8,91.4,158.5,70.7,26.25,101.5,490.0,286.0,11.05,125.5,72.0,16.85,46.05,10.0,15.55,14.45,,240.0,18.2,30.1,10.7,28.7,9.14,10.45,17.8,18.75,46.35,48.65,9.8,19.65,16.1,26.3,16.05,9.68,13.95,21.0,17.95,223.0,74.3,2440.0,41.2,158.5,57.1,93.3,123.0,31.3,91.1,81.0,13.8,35.5,180.5,18.0,37.9,25.2,63.1,46.7,59.3,,93.6,178.0,40.75,78.7,17.5,10.75,126.0,51.5,79.9,76.3,219.0,213.5,268.0,,,72.5,,,33.05,84.7,219.5,83.1,230.5,52.0,38.8,79.5,54.0
44.9,41.9,51.4,76.5,75.2,69.3,10.7,37.1,71.5,33.05,30.85,302.0,151.5,36.5,51.1,287.0,10.5,15.0,31.85,59.7,185.5,63.6,25.05,15.1,25.9,42.3,288.5,377.0,41.5,73.3,67.0,46.1,27.65,373.0,310.5,284.0,48.75,13.1,206.5,36.8,18.0,105.0,26.05,42.55,20.45,121.5,7.66,10.2,17.35,45.2,15.6,24.75,72.7,25.55,293.5,84.9,9.62,39.45,42.1,107.0,83.0,35.6,83.7,242.5,7.99,13.8,91.4,158.5,70.6,26.3,101.5,490.0,286.0,11.05,125.5,72.1,16.85,46.05,10.0,15.55,14.4,,240.0,18.25,30.1,10.7,28.75,9.14,10.45,17.8,18.75,46.35,48.65,9.8,19.65,16.1,26.3,16.05,9.68,14.0,21.0,17.95,223.0,74.3,2440.0,41.2,158.5,57.1,93.3,123.0,31.25,91.1,81.0,13.8,35.5,180.5,18.0,37.9,25.2,63.2,46.65,59.2,,93.7,178.0,40.75,78.7,17.5,10.75,125.5,51.6,79.9,76.3,219.0,213.5,268.0,,,72.5,,,33.05,84.7,219.5,83.1,230.5,52.1,38.8,79.5,54.0
44.85,41.85,51.3,76.4,75.2,69.2,10.7,37.1,71.5,33.05,30.8,302.5,151.5,36.45,51.1,287.0,10.45,15.0,31.85,59.7,185.5,63.5,25.0,15.1,25.85,42.3,288.5,377.0,41.45,73.3,67.0,46.05,27.65,372.5,310.5,284.0,48.75,13.1,206.0,36.75,18.0,104.5,26.0,42.5,20.4,121.5,7.66,10.2,17.4,45.15,15.65,24.75,72.6,25.55,293.5,84.9,9.61,39.45,42.1,107.0,82.9,35.6,83.7,242.5,7.99,13.75,91.3,158.0,70.5,26.3,101.5,489.5,286.0,11.05,125.5,72.0,16.8,46.0,10.0,15.55,14.4,,240.0,18.2,30.1,10.7,28.7,9.13,10.45,17.8,18.75,46.3,48.6,9.8,19.6,16.05,26.3,16.0,9.68,13.95,20.95,17.95,223.0,74.2,2440.0,41.15,158.0,57.1,93.2,123.0,31.25,91.1,81.0,13.75,35.5,180.0,18.0,37.85,25.2,63.1,46.65,59.2,,93.7,178.0,40.75,78.7,17.5,10.75,125.5,51.6,79.9,76.3,219.0,213.5,268.0,,,72.4,,,33.0,84.7,219.5,83.1,230.5,52.0,38.8,79.5,54.0
44.9,41.9,51.3,76.4,75.2,69.2,10.7,37.1,71.5,33.0,30.8,303.0,151.5,36.5,51.1,287.0,10.5,15.0,31.85,59.7,185.5,63.5,25.05,15.1,25.85,42.3,288.5,377.0,41.45,73.3,67.0,46.0,27.65,372.5,310.5,284.0,48.8,13.1,206.5,36.75,17.95,104.5,26.05,42.5,20.45,121.0,7.66,10.2,17.4,45.15,15.65,24.8,72.6,25.55,294.0,84.9,9.6,39.45,42.05,107.0,82.9,35.6,83.7,242.5,7.99,13.8,91.3,158.5,70.5,26.3,102.0,490.0,286.5,11.05,125.5,72.0,16.85,46.0,10.0,15.5,14.4,,240.0,18.3,30.1,10.7,28.75,9.14,10.45,17.8,18.8,46.3,48.6,9.8,19.65,16.05,26.3,16.0,9.69,13.95,21.0,18.0,223.0,74.2,2440.0,41.15,158.5,57.1,93.2,123.0,31.25,91.0,81.0,13.8,35.5,180.0,18.05,37.9,25.2,63.1,46.7,59.3,,93.7,178.0,40.75,78.7,17.55,10.75,126.0,51.6,79.9,76.3,219.0,213.5,268.0,,,72.5,,,33.0,84.7,220.0,83.1,230.5,52.1,38.8,79.5,54.0
44.9,41.9,51.3,76.4,75.2,69.1,10.7,37.1,71.5,33.0,30.8,303.0,151.5,36.5,51.2,287.0,10.45,15.0,31.85,59.7,185.5,63.5,25.05,15.1,25.85,42.3,288.5,377.0,41.5,73.3,67.1,46.05,27.65,372.5,310.5,284.0,48.8,13.1,206.5,36.75,17.95,104.5,26.0,42.5,20.45,121.5,7.66,10.2,17.4,45.15,15.6,24.75,72.6,25.55,294.0,84.9,9.6,39.45,42.05,107.0,82.9,35.6,83.6,242.5,7.99,13.75,91.3,158.0,70.6,26.35,102.0,490.0,286.0,11.05,125.0,72.0,16.85,46.0,10.0,15.5,14.4,,240.0,18.3,30.1,10.7,28.75,9.13,10.5,17.8,18.75,46.3,48.6,9.8,19.6,16.05,26.3,16.05,9.7,14.0,21.0,17.95,223.0,74.2,2445.0,41.15,158.5,57.1,93.2,123.0,31.25,90.9,81.0,13.75,35.5,180.5,18.05,37.9,25.2,63.1,46.7,59.3,,93.7,178.0,40.75,78.7,17.5,10.75,126.0,51.6,79.9,76.3,219.0,213.5,268.0,,,72.5,,,33.0,84.6,219.5,83.1,230.5,52.0,38.85,79.5,54.2
44.9,41.9,51.4,76.4,75.2,69.2,10.7,37.1,71.5,33.0,30.8,303.5,151.5,36.5,51.2,287.0,10.5,15.0,31.85,59.8,185.5,63.5,25.05,15.1,25.9,42.3,288.5,377.0,41.5,73.3,67.0,46.05,27.65,372.5,310.5,284.0,48.85,13.1,206.5,36.75,18.0,104.5,26.0,42.5,20.45,121.5,7.67,10.25,17.4,45.2,15.6,24.75,72.6,25.55,294.0,84.9,9.6,39.45,42.05,107.5,83.0,35.6,83.8,242.5,7.99,13.8,91.4,158.5,70.6,26.3,102.0,490.0,286.0,11.05,125.0,72.0,16.85,46.0,10.0,15.55,14.4,,240.0,18.3,30.1,10.7,28.75,9.14,10.5,17.8,18.75,46.3,48.55,9.8,19.6,16.1,26.3,16.05,9.71,14.0,21.0,18.0,223.0,74.2,2445.0,41.1,158.0,57.1,93.2,122.5,31.3,90.9,81.0,13.8,35.5,180.0,18.0,37.95,25.2,63.1,46.7,59.3,,93.7,178.0,40.75,78.7,17.5,10.75,126.0,51.6,79.9,76.3,219.0,213.5,268.0,,,72.6,,,33.0,84.6,219.5,83.1,230.5,52.0,38.85,79.5,54.2
44.9,41.85,51.4,76.4,75.2,69.1,10.7,37.1,71.4,33.0,30.8,304.0,151.5,36.5,51.3,287.0,10.5,15.0,31.85,59.8,185.5,63.5,25.05,15.1,25.9,42.3,288.5,377.0,41.5,73.3,67.0,46.0,27.65,372.5,310.5,284.0,48.85,13.1,206.5,36.75,18.0,105.0,26.0,42.55,20.45,121.5,7.67,10.2,17.4,45.2,15.6,24.8,72.5,25.55,294.0,84.9,9.6,39.45,42.05,107.0,83.0,35.55,83.8,242.5,7.99,13.8,91.3,158.5,70.6,26.3,102.0,490.0,286.5,11.05,125.0,72.0,16.85,46.05,10.0,15.5,14.4,,240.0,18.3,30.1,10.7,28.75,9.13,10.45,17.8,18.75,46.25,48.55,9.8,19.6,16.05,26.3,16.0,9.69,13.95,20.95,18.0,223.0,74.3,2445.0,41.15,158.5,57.1,93.2,123.0,31.3,90.8,81.0,13.8,35.5,180.0,18.0,37.95,25.2,63.1,46.7,59.4,,93.8,178.0,40.75,78.8,17.5,10.75,125.5,51.6,79.9,76.2,219.0,213.5,268.0,,,72.6,,,33.05,84.7,219.5,83.1,230.5,52.0,38.9,79.5,54.1
44.9,41.9,51.4,76.4,75.2,69.1,10.7,37.1,71.4,33.0,30.8,304.0,151.5,36.5,51.3,287.0,10.5,15.0,31.85,59.8,185.0,63.5,25.05,15.1,25.85,42.3,288.5,377.0,41.5,73.3,67.0,46.0,27.65,372.5,310.5,284.0,48.85,13.05,206.5,36.75,18.0,105.0,26.0,42.5,20.4,121.0,7.67,10.2,17.4,45.15,15.6,24.8,72.7,25.55,293.5,84.9,9.6,39.5,42.1,107.0,83.0,35.55,83.6,242.5,7.99,13.75,91.4,158.5,70.6,26.3,102.0,490.5,286.5,11.05,125.0,72.0,16.85,46.05,10.0,15.5,14.45,,240.0,18.25,30.1,10.7,28.75,9.13,10.45,17.8,18.8,46.25,48.55,9.8,19.6,16.1,26.35,16.05,9.69,14.0,21.0,18.0,223.0,74.3,2445.0,41.15,158.5,57.1,93.2,123.0,31.3,90.9,81.0,13.75,35.5,180.0,18.05,37.95,25.2,63.2,46.7,59.3,,93.7,178.0,40.75,78.8,17.5,10.75,126.0,51.5,79.9,76.2,219.5,213.5,268.0,,,72.6,,,33.0,84.7,219.5,83.0,230.5,52.1,38.9,79.5,54.1
44.95,41.9,51.3,76.4,75.3,69.1,10.7,37.1,71.5,33.05,30.8,304.0,151.5,36.5,51.3,287.0,10.5,15.0,31.85,59.8,185.0,63.5,25.05,15.1,25.9,42.3,288.5,377.0,41.5,73.4,67.0,46.0,27.65,372.5,310.5,284.0,48.85,13.1,206.5,36.85,17.95,105.0,26.0,42.55,20.4,121.5,7.67,10.2,17.4,45.15,15.65,24.8,72.7,25.55,293.5,85.0,9.6,39.5,42.05,107.0,83.0,35.55,83.6,243.0,7.99,13.8,91.4,158.5,70.6,26.3,102.0,490.5,286.5,11.05,125.0,72.0,16.85,46.05,10.0,15.5,14.4,,240.5,18.2,30.05,10.7,28.75,9.13,10.5,17.8,18.8,46.3,48.55,9.8,19.6,16.15,26.3,16.05,9.69,14.0,21.0,18.0,223.0,74.3,2445.0,41.1,158.5,57.1,93.2,123.0,31.3,90.9,81.1,13.75,35.5,180.0,18.0,37.95,25.2,63.1,46.7,59.3,,93.7,178.0,40.75,78.9,17.5,10.8,125.5,51.5,79.9,76.4,219.5,213.5,268.0,,,72.6,,,33.0,84.7,219.5,83.0,230.5,52.0,38.9,79.5,54.1
44.95,41.9,51.4,76.4,75.2,69.1,10.7,37.1,71.5,33.05,30.8,303.0,151.5,36.5,51.3,287.0,10.5,15.05,31.85,59.8,185.0,63.5,25.0,15.1,25.9,42.3,288.5,377.0,41.5,73.3,67.0,46.05,27.65,372.5,310.5,284.0,48.85,13.1,206.5,36.85,17.95,104.5,26.0,42.55,20.45,121.0,7.65,10.2,17.4,45.15,15.6,24.8,72.7,25.55,294.0,84.9,9.6,39.5,42.05,107.0,83.0,35.55,83.7,243.0,7.99,13.8,91.3,158.5,70.6,26.3,102.0,490.5,286.0,11.05,125.5,72.0,16.8,46.05,10.0,15.5,14.45,,240.5,18.2,30.05,10.7,28.75,9.14,10.5,17.8,18.8,46.25,48.55,9.8,19.6,16.15,26.3,16.05,9.69,14.0,21.0,18.0,223.0,74.3,2445.0,41.1,158.5,57.1,93.2,123.0,31.3,90.9,81.1,13.8,35.5,180.0,18.05,37.9,25.2,63.1,46.7,59.3,,93.7,178.0,40.75,78.9,17.5,10.75,126.0,51.5,79.9,76.4,219.5,213.5,268.0,,,72.6,,,33.05,84.7,219.5,83.0,230.5,52.0,38.9,79.5,54.0
44.9,41.9,51.3,76.4,75.2,69.1,10.7,37.1,71.5,33.05,30.8,302.5,151.5,36.5,51.3,287.0,10.5,15.05,31.85,59.8,185.0,63.5,25.05,15.1,25.9,42.3,288.5,377.0,41.5,73.3,67.0,46.05,27.65,372.5,310.5,284.0,48.85,13.1,206.0,36.85,17.95,104.5,26.05,42.6,20.45,121.5,7.65,10.25,17.4,45.15,15.6,24.8,72.7,25.55,294.0,84.9,9.6,39.5,42.05,107.5,83.0,35.55,83.6,243.0,7.99,13.8,91.3,158.5,70.6,26.3,102.0,491.0,286.5,11.0,125.5,72.0,16.9,46.05,10.05,15.5,14.45,,240.5,18.2,30.05,10.7,28.75,9.14,10.5,17.8,18.8,46.3,48.55,9.8,19.6,16.15,26.25,16.05,9.69,14.0,21.0,18.0,223.0,74.4,2445.0,41.1,158.5,57.2,93.3,123.0,31.3,90.7,81.1,13.8,35.5,180.0,18.0,37.9,25.2,63.1,46.7,59.3,,93.8,177.5,40.75,78.8,17.5,10.75,126.0,51.6,80.0,76.3,219.5,213.5,268.0,,,72.6,,,33.0,84.7,219.5,83.0,230.5,52.1,38.9,79.5,54.0
44.95,41.9,51.3,76.4,75.2,69.1,10.7,37.1,71.5,33.0,30.8,302.5,151.5,36.5,51.3,287.0,10.5,15.05,31.85,59.8,185.0,63.5,25.0,15.1,25.85,42.3,288.5,377.5,41.5,73.3,67.0,46.05,27.6,372.5,310.5,284.0,48.8,13.1,206.0,36.85,17.95,104.5,26.0,42.6,20.45,121.5,7.65,10.2,17.4,45.15,15.6,24.8,72.7,25.6,293.5,84.9,9.6,39.5,42.05,107.5,83.0,35.55,83.6,243.0,7.99,13.8,91.4,158.5,70.5,26.35,102.0,491.0,286.5,11.1,125.5,72.1,16.9,46.05,10.0,15.5,14.45,,240.5,18.2,30.05,10.7,28.75,9.14,10.5,17.8,18.75,46.25,48.55,9.8,19.65,16.15,26.25,16.05,9.69,14.0,21.0,18.0,223.0,74.3,2445.0,41.1,159.0,57.1,93.3,123.0,31.25,90.7,81.1,13.8,35.5,180.0,18.05,37.9,25.2,63.3,46.7,59.3,,93.7,178.0,40.75,78.8,17.55,10.75,126.0,51.6,80.0,76.3,219.0,213.5,268.0,,,72.6,,,33.0,84.7,219.0,83.0,230.5,52.1,38.8,79.5,54.1
44.95,41.9,51.4,76.4,75.2,69.1,10.7,37.1,71.5,33.0,30.8,302.0,151.5,36.45,51.3,287.0,10.45,15.05,31.85,59.8,185.0,63.5,25.0,15.1,25.9,42.3,288.5,377.5,41.5,73.2,67.0,46.05,27.6,372.5,310.5,284.0,48.85,13.1,206.0,36.8,17.95,104.5,26.0,42.6,20.45,121.5,7.65,10.2,17.4,45.2,15.6,24.8,72.6,25.6,294.0,84.9,9.6,39.5,42.0,107.5,83.0,35.5,83.6,243.0,7.99,13.8,91.3,158.5,70.5,26.3,102.0,491.0,286.5,11.1,125.5,72.1,16.9,46.05,10.0,15.55,14.45,,240.5,18.25,30.05,10.7,28.75,9.13,10.5,17.8,18.75,46.3,48.55,9.79,19.65,16.15,26.3,16.05,9.69,13.95,21.0,18.0,222.5,74.3,2445.0,41.1,159.0,57.1,93.3,123.0,31.3,90.7,81.1,13.75,35.5,180.5,18.0,37.95,25.15,63.3,46.75,59.3,,93.8,178.0,40.75,78.8,17.55,10.75,126.0,51.6,79.9,76.3,219.0,213.5,268.0,,,72.6,,,33.0,84.7,218.5,83.0,230.5,52.0,38.85,79.5,54.1
44.95,41.9,51.4,76.4,75.2,69.1,10.7,37.1,71.6,33.05,30.8,302.0,151.5,36.45,51.3,287.0,10.5,15.05,31.85,59.8,184.5,63.4,25.0,15.1,25.9,42.3,288.5,377.0,41.5,73.2,67.0,46.05,27.6,372.5,310.5,284.0,48.85,13.1,206.0,36.8,17.95,105.0,26.0,42.6,20.45,121.0,7.66,10.2,17.4,45.2,15.6,24.8,72.6,25.55,294.0,84.9,9.61,39.5,42.05,107.5,83.0,35.45,83.6,243.0,7.99,13.8,91.4,158.5,70.5,26.3,102.0,491.0,286.0,11.05,125.5,72.1,16.9,46.05,10.0,15.5,14.45,,240.5,18.2,30.05,10.7,28.75,9.13,10.5,17.8,18.8,46.25,48.55,9.79,19.65,16.15,26.3,16.05,9.69,14.0,21.0,18.0,223.0,74.4,2445.0,41.15,158.5,57.2,93.3,123.0,31.25,90.7,81.1,13.75,35.5,180.0,18.05,37.9,25.15,63.3,46.75,59.3,,93.8,178.0,40.75,78.8,17.5,10.75,126.0,51.6,80.0,76.3,219.0,213.5,268.0,,,72.6,,,33.0,84.7,218.5,83.0,230.5,52.0,38.85,79.5,54.1
44.95,41.9,51.3,76.4,75.2,69.1,10.7,37.1,71.5,33.05,30.8,302.0,151.5,36.5,51.3,287.0,10.5,15.05,31.85,59.8,184.5,63.5,25.0,15.1,25.85,42.3,288.5,377.0,41.5,73.2,67.0,46.05,27.6,372.5,310.5,284.0,48.85,13.1,206.0,36.85,17.95,104.5,26.0,42.6,20.45,121.5,7.65,10.2,17.4,45.2,15.65,24.8,72.5,25.55,294.0,84.9,9.61,39.5,42.05,107.0,83.0,35.45,83.6,243.0,7.99,13.8,91.4,158.0,70.6,26.3,102.0,491.5,286.5,11.05,125.0,72.1,16.9,46.05,10.0,15.5,14.45,,240.5,18.2,30.05,10.7,28.75,9.13,10.45,17.8,18.8,46.25,48.6,9.8,19.65,16.1,26.3,16.05,9.69,14.0,21.0,18.0,223.0,74.3,2445.0,41.1,159.0,57.1,93.3,123.0,31.25,90.7,81.1,13.8,35.5,180.0,18.05,37.9,25.15,63.1,46.75,59.3,,93.8,178.0,40.75,78.9,17.55,10.75,126.0,51.6,79.9,76.3,219.0,213.5,268.0,,,72.6,,,33.0,84.7,218.5,83.0,230.5,52.0,38.85,79.5,54.1
44.95,41.85,51.4,76.4,75.2,69.2,10.7,37.1,71.5,33.05,30.8,302.0,151.5,36.5,51.3,287.0,10.5,15.05,31.85,59.8,185.0,63.4,25.0,15.1,25.85,42.3,288.5,377.0,41.5,73.2,67.0,46.05,27.6,372.5,310.5,284.0,48.85,13.1,206.0,36.8,17.95,104.5,26.0,42.55,20.35,121.5,7.65,10.25,17.4,45.15,15.65,24.8,72.5,25.55,293.5,84.9,9.61,39.5,42.05,107.0,83.0,35.5,83.8,243.0,7.99,13.8,91.3,158.0,70.5,26.3,102.0,492.0,286.0,11.05,125.5,72.1,16.9,46.0,10.0,15.5,14.45,,240.5,18.25,30.05,10.7,28.75,9.13,10.5,17.8,18.8,46.3,48.6,9.8,19.65,16.15,26.25,16.05,9.69,14.0,21.0,18.0,223.0,74.3,2445.0,41.15,159.0,57.1,93.3,123.0,31.25,90.7,81.1,13.8,35.5,180.0,18.05,37.95,25.15,63.1,46.7,59.3,,93.8,178.5,40.75,78.9,17.55,10.75,126.0,51.6,79.8,76.3,219.0,213.5,268.0,,,72.5,,,33.0,84.7,218.5,83.0,230.5,52.0,38.85,79.5,54.1
44.9,41.85,51.3,76.4,75.2,69.2,10.7,37.1,71.5,33.05,30.85,302.5,151.5,36.45,51.3,287.0,10.5,15.05,31.85,59.8,185.0,63.4,25.0,15.1,25.9,42.3,288.5,377.0,41.5,73.2,67.1,46.05,27.6,372.5,310.5,284.0,48.85,13.1,206.0,36.8,17.95,104.5,26.0,42.6,20.35,121.5,7.65,10.2,17.4,45.2,15.65,24.8,72.5,25.55,293.5,84.9,9.61,39.5,42.05,107.0,83.0,35.5,83.8,243.0,7.99,13.8,91.4,158.5,70.6,26.3,102.0,492.0,286.5,11.05,125.0,72.0,16.9,46.0,10.0,15.5,14.4,,240.5,18.25,30.05,10.7,28.75,9.14,10.5,17.8,18.75,46.25,48.6,9.8,19.6,16.15,26.25,16.05,9.69,14.0,21.0,18.0,223.0,74.3,2445.0,41.15,159.0,57.1,93.3,123.0,31.3,90.8,81.1,13.75,35.5,180.0,18.05,37.95,25.15,63.1,46.75,59.3,,93.7,178.5,40.75,78.9,17.5,10.75,126.0,51.6,80.0,76.3,219.5,213.5,268.0,,,72.6,,,33.0,84.7,218.5,83.0,230.5,52.0,38.8,79.5,54.1
44.95,41.9,51.4,76.4,75.1,69.1,10.7,37.1,71.4,33.0,30.8,302.5,151.5,36.45,51.2,287.0,10.5,15.05,31.85,59.8,185.0,63.5,25.05,15.1,25.9,42.3,288.5,377.0,41.5,73.2,67.0,46.05,27.6,372.5,310.5,284.0,48.85,13.1,206.0,36.85,17.95,105.0,26.05,42.65,20.35,121.0,7.65,10.2,17.4,45.2,15.6,24.8,72.5,25.55,294.0,84.9,9.62,39.5,42.1,107.0,83.0,35.45,83.6,243.0,7.99,13.75,91.4,158.0,70.6,26.3,102.0,491.5,286.5,11.05,125.0,72.0,16.9,46.0,10.0,15.5,14.4,,240.5,18.25,30.05,10.7,28.75,9.14,10.5,17.8,18.75,46.25,48.55,9.79,19.65,16.1,26.25,16.0,9.69,13.95,21.0,18.0,223.0,74.3,2445.0,41.15,159.0,57.1,93.3,123.0,31.25,90.8,81.1,13.8,35.5,180.0,18.05,37.95,25.15,63.3,46.8,59.3,,93.7,178.5,40.75,78.9,17.5,10.75,126.0,51.6,79.8,76.2,219.5,213.5,268.0,,,72.6,,,33.0,84.7,218.5,83.2,230.5,52.0,38.8,79.5,54.1
44.9,41.9,51.4,76.4,75.1,69.1,10.7,37.1,71.4,33.0,30.8,302.5,151.5,36.5,51.2,287.0,10.45,15.05,31.85,59.8,185.0,63.5,25.05,15.1,25.9,42.3,288.5,377.0,41.5,73.3,67.0,46.05,27.6,372.5,310.5,284.0,48.8,13.1,206.0,36.8,17.95,104.5,26.0,42.65,20.35,121.5,7.65,10.2,17.4,45.15,15.6,24.8,72.5,25.55,294.0,84.9,9.62,39.5,42.1,107.5,83.0,35.4,83.6,243.0,7.99,13.75,91.4,158.0,70.6,26.3,102.0,491.5,287.0,11.05,125.0,72.0,16.85,46.0,10.0,15.5,14.4,,240.5,18.2,30.05,10.7,28.75,9.13,10.45,17.8,18.75,46.25,48.55,9.79,19.6,16.1,26.25,16.05,9.69,13.95,20.95,17.95,222.5,74.3,2445.0,41.2,159.0,57.1,93.3,123.0,31.25,90.9,81.1,13.75,35.5,180.5,18.0,37.95,25.15,63.1,46.8,59.3,,93.8,178.5,40.75,78.8,17.5,10.75,126.0,51.6,79.9,76.3,219.5,213.5,268.0,,,72.6,,,33.0,84.7,218.5,83.2,231.5,52.0,38.8,79.5,54.0
44.95,41.9,51.4,76.4,75.2,69.1,10.75,37.1,71.4,33.0,30.85,303.0,151.5,36.55,51.2,287.0,10.5,15.05,31.85,59.7,185.0,63.5,25.0,15.1,25.9,42.3,288.5,377.0,41.5,73.3,67.0,46.05,27.6,372.5,310.5,284.0,48.85,13.1,206.0,36.85,17.95,105.0,26.05,42.65,20.4,121.5,7.66,10.2,17.4,45.15,15.6,24.8,72.5,25.55,294.0,85.0,9.61,39.55,42.1,107.5,83.0,35.4,83.6,243.0,7.99,13.8,91.4,158.5,70.6,26.25,102.0,491.5,287.0,11.05,125.5,72.0,16.9,46.0,10.0,15.5,14.4,,240.5,18.25,30.05,10.7,28.75,9.14,10.5,17.8,18.75,46.25,48.6,9.79,19.6,16.15,26.3,16.0,9.69,13.95,21.0,17.95,222.5,74.3,2440.0,41.2,159.0,57.1,93.3,123.0,31.3,90.9,81.2,13.75,35.5,180.5,18.05,37.95,25.15,63.2,46.8,59.2,,93.8,178.5,40.75,78.8,17.55,10.75,126.0,51.6,79.9,76.3,219.5,213.5,268.5,,,72.6,,,33.0,84.7,218.5,83.2,231.5,52.0,38.8,79.6,54.0
44.95,41.9,51.3,76.4,75.1,69.1,10.7,37.1,71.4,33.0,30.85,303.0,151.5,36.55,51.2,287.0,10.5,15.05,31.85,59.7,185.0,63.5,25.0,15.1,25.9,42.3,288.5,377.0,41.5,73.4,67.0,46.05,27.65,372.5,310.5,284.0,48.85,13.1,206.0,36.85,17.9,105.0,26.0,42.65,20.4,121.0,7.66,10.2,17.35,45.15,15.65,24.85,72.5,25.55,293.5,84.9,9.61,39.55,42.2,107.5,82.9,35.4,83.6,243.0,7.99,13.75,91.4,158.5,70.5,26.25,102.0,491.5,287.0,11.05,125.0,72.0,16.9,46.0,10.0,15.5,14.4,,240.5,18.2,30.05,10.7,28.75,9.14,10.5,17.8,18.8,46.25,48.6,9.79,19.6,16.1,26.25,16.05,9.69,14.0,20.95,17.95,222.5,74.3,2440.0,41.2,159.0,57.1,93.3,123.0,31.25,90.9,81.2,13.75,35.5,180.5,18.05,37.95,25.15,63.2,46.8,59.3,,93.8,178.5,40.75,78.8,17.5,10.75,126.0,51.6,79.9,76.4,219.5,213.5,268.5,,,72.6,,,33.0,84.7,218.5,83.2,231.5,52.0,39.0,79.6,54.0
44.95,41.9,51.3,76.4,75.1,69.2,10.7,37.1,71.4,33.05,30.8,303.0,151.5,36.55,51.2,287.0,10.5,15.05,31.85,59.7,185.0,63.5,25.0,15.1,25.85,42.3,288.5,377.5,41.5,73.4,67.0,46.1,27.65,372.5,310.5,284.0,48.85,13.1,206.0,36.8,17.9,104.5,26.0,42.6,20.4,121.0,7.66,10.2,17.35,45.2,15.65,24.85,72.5,25.55,294.0,84.9,9.61,39.55,42.2,107.0,82.9,35.4,83.6,243.0,7.99,13.8,91.4,158.5,70.5,26.3,102.0,491.0,287.5,11.05,125.0,72.0,16.9,46.0,10.0,15.5,14.4,,240.5,18.25,30.05,10.75,28.75,9.14,10.5,17.8,18.8,46.25,48.55,9.8,19.6,16.15,26.3,16.05,9.69,14.0,21.0,17.95,223.0,74.4,2440.0,41.1,159.0,57.1,93.3,123.0,31.3,91.0,81.2,13.8,35.5,180.5,18.05,37.95,25.15,63.2,46.8,59.3,,93.7,178.0,40.75,78.8,17.55,10.75,126.0,51.6,79.8,76.4,219.5,213.5,268.5,,,72.6,,,33.0,84.7,218.5,83.2,231.5,51.9,38.85,79.6,54.0
44.9,41.85,51.3,76.4,75.1,69.2,10.7,37.1,71.4,33.05,30.8,303.0,151.5,36.5,51.3,287.0,10.5,15.05,31.85,59.7,185.0,63.4,25.0,15.1,25.9,42.3,288.5,377.5,41.5,73.4,67.1,46.1,27.65,372.5,310.5,284.0,48.85,13.1,206.0,36.8,17.95,104.5,26.0,42.6,20.4,121.5,7.66,10.2,17.35,45.2,15.7,24.85,72.5,25.5,294.0,84.9,9.61,39.55,42.3,107.0,82.9,35.25,83.6,243.0,7.99,13.75,91.4,158.5,70.6,26.25,102.0,492.0,287.5,11.05,125.0,72.0,16.9,46.0,10.0,15.55,14.45,,240.5,18.25,30.05,10.75,28.75,9.13,10.5,17.8,18.8,46.25,48.65,9.79,19.6,16.15,26.3,16.05,9.69,14.0,20.95,17.95,223.0,74.4,2440.0,41.2,159.5,57.1,93.3,123.0,31.3,91.0,81.2,13.8,35.5,180.5,18.0,37.95,25.15,63.2,46.75,59.3,,93.8,178.0,40.75,78.8,17.55,10.75,126.0,51.5,79.8,76.4,219.5,213.5,268.5,,,72.6,,,33.05,84.5,218.5,83.2,231.5,51.9,38.85,79.6,54.0
44.9,41.9,51.4,76.4,75.2,69.2,10.75,37.1,71.4,33.05,30.8,303.0,151.5,36.55,51.3,287.0,10.5,15.05,31.85,59.7,185.0,63.5,25.0,15.1,25.9,42.3,288.5,377.0,41.5,73.4,67.0,46.1,27.65,372.5,310.0,284.0,48.85,13.1,206.0,36.8,17.9,104.5,26.05,42.65,20.35,121.5,7.66,10.2,17.35,45.15,15.7,24.85,72.5,25.5,293.5,84.9,9.61,39.5,42.4,107.0,83.0,35.25,83.6,243.0,7.99,13.8,91.4,158.5,70.6,26.25,102.0,491.0,288.0,11.05,125.0,72.0,16.9,46.05,10.0,15.55,14.45,,240.5,18.25,30.05,10.75,28.75,9.13,10.5,17.8,18.8,46.25,48.6,9.8,19.65,16.15,26.3,16.0,9.69,14.0,20.95,17.95,222.5,74.4,2440.0,41.2,159.5,57.1,93.3,123.0,31.3,91.0,81.2,13.75,35.5,180.5,18.05,37.95,25.15,63.2,46.75,59.3,,93.8,178.5,40.75,78.9,17.5,10.75,126.0,51.5,79.8,76.4,219.5,213.5,268.5,,,72.5,,,33.05,84.5,218.5,83.2,231.5,51.9,38.8,79.6,54.1
44.9,41.9,51.4,76.4,75.2,69.2,10.7,37.2,71.4,33.05,30.8,303.0,152.0,36.55,51.3,287.0,10.5,15.05,31.85,59.7,185.0,63.5,25.0,15.1,25.9,42.3,288.5,377.0,41.5,73.4,67.0,46.05,27.65,372.5,310.0,284.0,48.85,13.1,206.0,36.85,17.95,104.5,26.0,42.65,20.4,121.0,7.66,10.2,17.35,45.15,15.65,24.9,72.6,25.5,294.0,84.9,9.61,39.5,42.45,107.5,83.0,35.3,83.6,243.0,7.99,13.8,91.4,158.5,70.5,26.25,102.0,491.0,288.5,11.05,125.0,71.9,16.9,46.05,10.0,15.5,14.45,,240.5,18.25,30.05,10.75,28.75,9.14,10.5,17.8,18.8,46.3,48.65,9.79,19.6,16.15,26.25,16.05,9.7,14.0,20.95,17.95,222.5,74.4,2440.0,41.15,160.0,57.1,93.3,123.0,31.3,91.0,81.2,13.8,35.5,180.5,18.05,37.95,25.15,63.1,46.75,59.2,,93.9,178.5,40.75,78.8,17.5,10.75,125.5,51.5,79.8,76.3,219.5,213.5,268.5,,,72.5,,,33.05,84.5,219.0,83.2,231.5,51.9,38.8,79.6,54.1
44.95,41.9,51.4,76.4,75.2,69.2,10.7,37.2,71.5,33.05,30.8,303.0,152.0,36.5,51.3,287.0,10.5,15.05,31.85,59.7,185.5,63.5,25.05,15.1,25.9,42.3,288.5,377.0,41.45,73.4,67.0,46.1,27.65,372.5,310.5,284.0,48.8,13.15,205.5,36.8,17.95,104.5,26.05,42.65,20.35,121.0,7.66,10.2,17.35,45.15,15.65,24.9,72.6,25.55,294.0,84.9,9.61,39.5,42.45,107.0,83.0,35.3,83.6,243.0,7.99,13.8,91.4,158.5,70.5,26.3,102.0,491.0,289.0,11.05,125.0,71.9,16.9,45.95,10.0,15.5,14.45,,240.5,18.25,30.05,10.75,28.75,9.14,10.5,17.8,18.75,46.3,48.65,9.8,19.6,16.15,26.3,16.05,9.7,14.0,21.0,18.0,222.5,74.4,2440.0,41.2,160.0,57.1,93.3,123.0,31.25,91.0,81.2,13.8,35.5,180.5,18.05,37.95,25.15,63.1,46.75,59.3,,93.9,177.5,40.75,78.9,17.55,10.75,126.0,51.5,79.8,76.3,219.5,213.5,268.5,,,72.5,,,33.05,84.5,219.0,83.2,231.5,51.9,38.8,79.7,54.1
44.95,41.9,51.3,76.5,75.2,69.2,10.7,37.2,71.5,33.05,30.8,303.5,152.0,36.5,51.2,287.0,10.5,15.05,31.85,59.7,185.5,63.4,25.05,15.1,25.9,42.3,288.5,377.0,41.45,73.4,67.0,46.05,27.65,372.5,310.5,284.0,48.8,13.1,205.5,36.8,17.95,105.0,26.05,42.65,20.35,121.5,7.66,10.2,17.35,45.2,15.7,24.95,72.6,25.5,294.0,85.0,9.62,39.5,42.5,107.5,83.0,35.3,83.6,243.0,7.99,13.8,91.3,158.5,70.5,26.25,102.0,491.0,289.0,11.05,125.0,72.0,16.95,45.95,10.0,15.5,14.45,,240.5,18.25,30.05,10.75,28.75,9.13,10.5,17.85,18.75,46.25,48.6,9.8,19.6,16.15,26.3,16.05,9.69,14.0,21.0,18.0,223.0,74.4,2440.0,41.2,160.0,57.1,93.3,123.0,31.25,91.0,81.2,13.8,35.5,180.5,18.0,37.95,25.15,63.2,46.75,59.3,,93.8,178.0,40.75,78.9,17.55,10.75,126.0,51.5,79.8,76.3,219.5,213.5,268.5,,,72.5,,,33.05,84.7,219.0,83.2,231.5,51.9,38.8,79.7,54.1
44.95,41.9,51.4,76.5,75.2,69.2,10.7,37.2,71.5,33.05,30.8,303.5,152.0,36.55,51.2,286.5,10.5,15.05,31.85,59.8,185.0,63.4,25.05,15.1,25.9,42.3,288.5,377.0,41.45,73.4,67.0,46.05,27.65,372.5,310.5,284.0,48.85,13.1,205.5,36.85,17.95,104.5,26.05,42.65,20.35,121.5,7.66,10.2,17.35,45.15,15.7,25.0,72.6,25.55,294.0,85.1,9.62,39.5,42.65,107.5,83.0,35.25,83.6,243.0,7.99,13.8,91.4,158.0,70.6,26.3,102.0,491.0,289.5,11.05,125.5,72.0,16.95,45.95,10.0,15.5,14.45,,240.5,18.25,30.05,10.75,28.75,9.14,10.5,17.85,18.8,46.25,48.6,9.81,19.6,16.15,26.3,16.0,9.69,14.0,20.95,18.0,223.0,74.4,2435.0,41.2,159.5,57.1,93.3,123.0,31.3,91.0,81.2,13.75,35.5,180.5,18.05,37.95,25.15,63.2,46.75,59.3,,93.8,178.0,40.75,78.8,17.55,10.75,126.0,51.6,79.9,76.3,219.0,213.5,268.5,,,72.5,,,33.05,84.7,218.5,83.2,231.5,52.0,38.8,79.7,54.1
44.95,41.9,51.4,76.5,75.2,69.2,10.7,37.2,71.5,33.05,30.8,303.0,152.0,36.55,51.2,287.0,10.5,15.05,31.85,59.8,185.0,63.4,25.05,15.1,25.85,42.3,288.5,377.0,41.45,73.4,67.1,46.05,27.65,372.5,310.5,284.0,48.85,13.1,205.5,36.85,17.95,105.0,26.05,42.65,20.35,121.5,7.65,10.2,17.35,45.2,15.65,25.1,72.6,25.55,294.0,85.3,9.62,39.55,42.85,107.5,83.0,35.3,83.6,243.0,7.99,13.8,91.4,158.5,70.5,26.25,102.0,491.0,288.5,11.05,125.5,72.0,16.95,45.95,10.05,15.5,14.45,,240.5,18.25,30.05,10.75,28.75,9.14,10.5,17.85,18.8,46.25,48.6,9.8,19.6,16.15,26.25,16.0,9.69,14.0,21.0,18.0,222.5,74.4,2435.0,41.2,159.5,57.1,93.3,123.0,31.3,91.0,81.2,13.75,35.5,180.5,18.05,37.95,25.15,63.2,46.75,59.3,,93.9,178.0,40.75,78.9,17.55,10.75,126.0,51.5,79.9,76.3,219.0,213.5,268.5,,,72.5,,,33.0,84.7,219.0,83.2,231.5,52.0,38.8,79.7,54.1
44.95,41.9,51.4,76.5,75.2,69.2,10.7,37.2,71.5,33.05,30.8,303.0,152.0,36.55,51.2,287.0,10.5,15.05,31.85,59.8,185.0,63.4,25.05,15.1,25.9,42.3,288.5,377.0,41.45,73.4,67.1,46.05,27.65,372.0,310.5,284.0,48.85,13.1,205.5,36.8,17.9,104.5,26.05,42.6,20.35,121.5,7.65,10.2,17.35,45.2,15.65,25.05,72.6,25.55,294.0,85.3,9.62,39.55,42.9,107.5,83.0,35.3,83.6,242.5,7.99,13.8,91.3,158.5,70.4,26.35,102.0,491.5,288.0,11.05,125.5,72.0,16.95,45.95,10.0,15.5,14.4,,240.5,18.25,30.1,10.75,28.75,9.14,10.5,17.85,18.8,46.3,48.6,9.8,19.6,16.15,26.25,16.05,9.69,14.0,20.95,18.0,222.5,74.4,2440.0,41.2,160.0,57.1,93.3,122.5,31.3,91.0,81.2,13.8,35.5,181.0,18.05,37.95,25.15,63.2,46.75,59.4,,93.8,178.0,40.75,78.9,17.55,10.75,126.0,51.6,79.9,76.3,219.0,213.5,268.5,,,72.5,,,33.0,84.7,219.0,83.2,231.5,52.0,38.8,79.7,54.1
44.95,41.85,51.3,76.5,75.2,69.1,10.7,37.2,71.5,33.05,30.8,303.5,152.0,36.55,51.3,287.0,10.5,15.05,31.85,59.8,185.0,63.4,25.05,15.1,25.9,42.3,288.5,377.0,41.45,73.4,67.1,46.05,27.65,372.0,310.5,283.5,48.85,13.1,205.5,36.8,17.95,105.0,26.05,42.65,20.3,121.5,7.65,10.2,17.35,45.2,15.65,25.05,72.6,25.55,294.0,85.4,9.62,39.55,42.9,107.0,83.0,35.3,83.7,242.5,7.99,13.8,91.4,158.5,70.5,26.3,102.0,491.5,289.0,11.0,125.5,72.0,16.95,45.95,10.0,15.5,14.4,,240.5,18.25,30.05,10.75,28.75,9.14,10.5,17.85,18.8,46.25,48.55,9.8,19.6,16.15,26.25,16.05,9.69,14.0,20.95,18.0,222.5,74.4,2440.0,41.2,159.5,57.1,93.3,122.5,31.3,91.0,81.2,13.8,35.5,180.5,18.05,37.9,25.15,63.1,46.75,59.3,,93.8,178.0,40.7,78.9,17.5,10.75,126.0,51.6,79.9,76.6,219.0,213.5,268.5,,,72.5,,,33.0,84.7,218.5,83.2,231.5,52.0,38.8,79.7,54.1
44.9,41.9,51.4,76.5,75.2,69.2,10.7,37.2,71.5,33.05,30.8,303.5,152.0,36.55,51.3,287.0,10.5,15.05,31.85,59.8,185.0,63.4,25.05,15.1,25.9,42.3,288.5,377.0,41.45,73.3,67.1,46.05,27.65,372.0,310.5,283.5,48.85,13.1,205.5,36.8,17.95,105.0,26.05,42.6,20.3,121.5,7.65,10.15,17.35,45.15,15.65,25.15,72.5,25.5,294.0,85.4,9.61,39.55,42.95,107.0,83.0,35.3,83.7,242.5,7.99,13.75,91.4,158.0,70.4,26.3,102.0,491.5,288.0,11.0,125.0,72.0,16.9,46.0,10.05,15.55,14.4,,240.5,18.25,30.05,10.75,28.75,9.14,10.5,17.85,18.8,46.3,48.6,9.8,19.65,16.15,26.3,16.05,9.69,14.0,20.95,18.0,222.5,74.4,2440.0,41.2,159.5,57.1,93.3,123.0,31.3,91.0,81.2,13.8,35.5,180.5,18.05,37.95,25.15,63.1,46.75,59.4,,93.9,178.0,40.7,78.9,17.55,10.75,126.0,51.6,79.9,76.2,219.0,213.5,268.5,,,72.5,,,33.0,84.7,218.5,83.2,231.5,52.0,38.8,79.7,54.1
44.9,41.9,51.4,76.5,75.1,69.1,10.7,37.2,71.4,33.0,30.8,303.5,152.0,36.6,51.4,287.0,10.5,15.05,31.85,59.8,185.5,63.3,25.05,15.1,25.85,42.3,288.5,377.0,41.45,73.3,67.1,46.1,27.6,372.0,310.5,283.5,48.85,13.1,205.5,36.8,17.9,105.0,26.1,42.65,20.3,121.0,7.65,10.15,17.35,45.15,15.65,25.15,72.5,25.5,294.0,85.5,9.61,39.55,42.9,107.0,83.0,35.35,83.6,242.5,7.99,13.75,91.3,158.5,70.4,26.3,102.0,491.5,288.0,11.0,125.0,72.0,16.95,46.0,10.05,15.55,14.4,,240.5,18.25,30.05,10.7,28.75,9.14,10.45,17.85,18.75,46.25,48.55,9.8,19.6,16.15,26.25,16.0,9.69,13.95,20.95,17.95,222.5,74.4,2440.0,41.2,159.5,57.1,93.2,123.0,31.3,91.0,81.2,13.75,35.5,180.5,18.0,37.95,25.15,63.2,46.75,59.3,,93.8,178.0,40.7,78.9,17.5,10.75,126.0,51.6,79.9,76.2,219.0,213.5,268.5,,,72.5,,,33.0,84.7,219.0,83.2,231.5,52.0,38.8,79.6,54.1
44.9,41.9,51.3,76.5,75.1,69.1,10.7,37.2,71.5,33.05,30.8,303.5,152.0,36.6,51.4,287.0,10.45,15.05,31.85,59.7,185.5,63.2,25.05,15.1,25.9,42.3,288.5,377.0,41.5,73.4,67.0,46.1,27.65,372.0,310.5,283.5,48.8,13.1,205.5,36.85,17.95,105.0,26.05,42.6,20.3,121.0,7.65,10.15,17.35,45.2,15.65,25.15,72.6,25.55,294.0,85.4,9.61,39.55,43.0,107.0,83.0,35.35,83.7,242.5,7.99,13.8,91.3,158.5,70.4,26.3,102.0,491.0,288.0,11.0,125.0,72.0,16.95,46.0,10.05,15.55,14.4,,240.5,18.25,30.05,10.7,28.75,9.14,10.45,17.85,18.75,46.25,48.6,9.81,19.6,16.15,26.25,16.05,9.69,14.0,20.95,18.0,223.0,74.4,2440.0,41.2,159.5,57.1,93.3,123.0,31.35,91.0,81.2,13.8,35.5,180.5,18.0,37.9,25.15,63.3,46.75,59.3,,93.7,178.0,40.7,79.0,17.55,10.75,126.0,51.6,79.9,76.2,219.0,213.5,268.5,,,72.5,,,33.0,84.6,219.0,83.2,231.5,52.0,38.8,79.6,54.1
44.9,41.85,51.3,76.5,75.1,69.2,10.7,37.1,71.5,33.05,30.85,303.5,152.0,36.55,51.4,287.0,10.45,15.05,31.85,59.7,185.5,63.2,25.05,15.1,25.85,42.3,288.5,377.0,41.5,73.4,67.0,46.1,27.65,372.0,310.5,283.5,48.8,13.1,205.5,36.8,17.95,105.0,26.1,42.6,20.3,121.5,7.65,10.15,17.35,45.15,15.65,25.15,72.6,25.5,294.0,85.4,9.61,39.55,42.9,107.0,83.0,35.4,83.7,242.5,7.99,13.75,91.3,158.5,70.4,26.3,102.0,492.0,288.0,11.0,125.0,72.0,16.9,46.0,10.0,15.55,14.4,,240.5,18.2,30.05,10.7,28.7,9.13,10.45,17.85,18.75,46.25,48.55,9.81,19.65,16.1,26.25,16.0,9.69,13.95,20.95,17.95,223.0,74.4,2440.0,41.2,159.5,57.1,93.3,123.0,31.35,91.0,81.2,13.75,35.5,180.5,18.0,37.9,25.15,63.2,46.75,59.4,,93.8,178.0,40.7,78.9,17.55,10.75,126.0,51.6,80.0,76.5,219.0,213.5,268.5,,,72.5,,,33.0,84.6,219.0,83.2,231.5,52.0,38.8,79.6,54.1
44.9,41.85,51.4,76.5,75.2,69.2,10.7,37.1,71.5,33.05,30.85,303.0,152.0,36.55,51.4,287.0,10.5,15.05,31.85,59.7,185.0,63.1,25.05,15.1,25.85,42.3,288.5,377.0,41.5,73.4,67.0,46.1,27.65,372.0,310.5,283.5,48.8,13.1,206.0,36.8,17.95,105.0,26.1,42.6,20.3,121.5,7.65,10.15,17.35,45.15,15.6,25.1,72.6,25.5,294.0,85.4,9.62,39.6,42.9,107.5,83.0,35.4,83.7,242.5,7.99,13.75,91.4,158.0,70.4,26.3,102.0,492.0,288.0,11.0,125.0,72.0,16.95,46.0,10.0,15.5,14.4,,240.5,18.2,30.05,10.7,28.7,9.13,10.5,17.85,18.75,46.3,48.6,9.8,19.65,16.1,26.3,16.05,9.69,13.95,20.95,17.95,223.0,74.3,2440.0,41.2,159.5,57.1,93.3,123.0,31.4,91.0,81.2,13.8,35.5,180.5,18.05,37.9,25.15,63.3,46.75,59.4,,93.7,178.5,40.7,78.9,17.55,10.75,126.0,51.6,80.0,76.5,219.0,213.5,268.5,,,72.5,,,33.0,84.5,219.5,83.2,231.5,52.0,39.05,79.6,54.1
44.9,41.85,51.3,76.5,75.2,69.2,10.75,37.1,71.5,33.05,30.8,303.0,152.0,36.55,51.4,287.0,10.5,15.05,31.85,59.7,185.0,63.1,25.05,15.1,25.9,42.3,288.5,377.0,41.5,73.4,67.0,46.1,27.6,372.0,310.5,283.5,48.85,13.1,206.0,36.8,18.0,105.0,26.05,42.6,20.3,121.5,7.65,10.2,17.35,45.2,15.65,25.1,72.6,25.55,294.0,85.4,9.62,39.6,42.65,107.0,83.0,35.4,83.8,242.5,7.99,13.8,91.4,158.0,70.5,26.3,102.0,491.0,288.0,11.0,125.0,72.0,16.95,46.0,10.05,15.5,14.4,,240.5,18.2,30.05,10.7,28.75,9.13,10.45,17.85,18.75,46.3,48.6,9.8,19.6,16.1,26.3,16.05,9.69,14.0,20.9,18.0,223.0,74.3,2440.0,41.2,159.5,57.1,93.3,122.5,31.4,91.0,81.2,13.75,35.5,180.5,18.0,37.9,25.15,63.3,46.75,59.3,,93.7,178.0,40.7,79.0,17.55,10.75,126.0,51.6,80.0,76.5,219.0,213.5,268.5,,,72.5,,,33.0,84.6,219.5,83.2,231.5,52.0,39.05,79.6,54.1
44.9,41.85,51.4,76.5,75.2,69.2,10.75,37.1,71.5,33.05,30.8,302.5,152.0,36.5,51.4,287.0,10.5,15.05,31.85,59.7,185.0,63.2,25.1,15.1,25.9,42.3,288.5,376.5,41.5,73.4,67.0,46.15,27.65,372.0,310.5,283.5,48.8,13.1,206.0,36.85,17.95,105.0,26.05,42.6,20.3,121.5,7.65,10.2,17.35,45.15,15.65,25.05,72.6,25.5,294.0,85.3,9.62,39.6,42.55,107.0,83.1,35.35,83.8,243.0,7.99,13.8,91.4,158.5,70.5,26.3,102.0,491.0,288.0,11.0,125.0,72.0,16.95,46.0,10.0,15.55,14.4,,240.5,18.25,30.05,10.7,28.75,9.13,10.45,17.85,18.75,46.3,48.6,9.81,19.6,16.15,26.3,16.05,9.69,14.0,20.95,18.0,223.0,74.3,2440.0,41.2,159.0,57.1,93.3,122.5,31.4,91.1,81.2,13.8,35.5,180.5,18.0,37.9,25.15,63.2,46.75,59.4,,93.8,178.0,40.7,78.9,17.5,10.75,126.0,51.6,79.9,76.5,219.0,213.5,268.5,,,72.5,,,33.0,84.5,219.5,83.2,231.5,52.0,38.8,79.6,54.1
44.9,41.85,51.4,76.5,75.2,69.2,10.75,37.1,71.5,33.05,30.8,302.5,151.5,36.5,51.4,287.0,10.45,15.05,31.85,59.7,185.0,63.2,25.1,15.1,25.95,42.3,288.5,376.5,41.5,73.4,67.0,46.15,27.65,372.0,310.5,283.5,48.85,13.1,206.0,36.85,18.0,104.5,26.05,42.6,20.35,121.0,7.66,10.15,17.35,45.15,15.65,25.0,72.6,25.55,294.5,85.3,9.62,39.6,42.6,106.5,83.0,35.35,83.7,243.0,7.99,13.8,91.4,159.0,70.6,26.3,102.0,491.0,288.0,11.0,125.5,72.0,16.95,46.0,10.0,15.5,14.4,,240.5,18.25,30.05,10.7,28.75,9.13,10.45,17.85,18.8,46.3,48.6,9.81,19.6,16.15,26.3,16.05,9.69,14.0,20.95,18.0,222.5,74.3,2440.0,41.2,159.0,57.1,93.3,122.5,31.4,91.1,81.2,13.8,35.5,180.5,18.0,37.9,25.15,63.2,46.75,59.4,,93.7,178.0,40.7,78.9,17.5,10.75,125.5,51.6,80.0,76.2,219.0,213.5,268.5,,,72.5,,,33.0,84.5,219.5,83.2,231.5,52.0,38.8,79.6,54.0
44.85,41.85,51.4,76.5,75.2,69.2,10.7,37.1,71.5,33.0,30.8,302.5,152.0,36.5,51.4,287.0,10.45,15.05,31.85,59.7,185.0,63.2,25.1,15.1,25.9,42.3,288.5,377.0,41.45,73.3,67.0,46.15,27.65,372.0,310.5,283.5,48.85,13.1,205.5,36.8,18.0,105.0,26.05,42.6,20.35,121.5,7.65,10.15,17.35,45.2,15.65,25.0,72.6,25.6,294.5,85.3,9.61,39.6,42.6,106.5,83.1,35.4,83.7,243.0,7.99,13.8,91.4,159.0,70.4,26.3,102.0,491.0,289.0,11.0,125.0,72.0,16.95,46.0,10.0,15.5,14.4,,240.5,18.25,30.05,10.75,28.75,9.14,10.45,17.85,18.75,46.3,48.65,9.81,19.6,16.15,26.25,16.05,9.7,14.0,20.95,18.0,223.0,74.3,2440.0,41.2,159.5,57.1,93.3,123.0,31.35,91.1,81.2,13.8,35.5,180.5,18.0,37.9,25.15,63.2,46.8,59.4,,93.8,178.0,40.7,79.0,17.5,10.75,126.0,51.6,79.9,76.2,219.0,213.5,268.5,,,72.5,,,33.0,84.6,219.5,83.2,232.0,52.0,38.8,79.6,54.0
44.85,41.8,51.3,76.5,75.1,69.2,10.7,37.1,71.4,33.0,30.8,302.0,152.0,36.5,51.4,287.0,10.45,15.05,31.85,59.7,185.0,63.2,25.1,15.1,25.9,42.3,288.5,377.0,41.45,73.3,67.0,46.15,27.65,372.0,310.5,283.0,48.85,13.05,206.0,36.85,18.0,104.5,26.05,42.6,20.35,121.0,7.66,10.15,17.35,45.2,15.65,25.05,72.6,25.6,294.5,85.3,9.61,39.6,42.6,106.5,83.1,35.4,83.7,243.0,7.99,13.8,91.3,159.0,70.4,26.3,102.0,491.0,288.0,11.0,125.5,71.9,16.95,46.0,10.0,15.5,14.4,,240.5,18.2,30.05,10.75,28.75,9.14,10.45,17.85,18.75,46.35,48.7,9.8,19.6,16.1,26.3,16.0,9.7,13.95,20.9,17.95,223.0,74.3,2440.0,41.2,159.0,57.1,93.2,122.5,31.35,91.1,81.2,13.8,35.5,180.5,18.0,37.9,25.15,63.3,46.8,59.4,,93.8,178.0,40.7,78.9,17.55,10.75,126.5,51.6,79.9,76.6,219.0,213.5,268.5,,,72.4,,,33.0,84.6,220.0,83.2,232.0,52.0,38.8,79.6,54.1
44.85,41.85,51.4,76.5,75.2,69.2,10.7,37.15,71.5,33.05,30.8,302.0,152.0,36.55,51.3,287.5,10.5,15.05,31.85,59.7,185.0,62.9,25.05,15.1,25.95,42.3,288.5,377.0,41.5,73.3,67.0,46.15,27.65,372.0,310.0,283.0,48.8,13.1,206.0,36.8,18.0,104.5,26.05,42.6,20.3,121.5,7.65,10.15,17.4,45.15,15.65,25.05,72.7,25.65,294.0,85.4,9.61,39.55,42.6,106.0,83.1,35.4,83.7,243.0,7.99,13.8,91.4,158.5,70.4,26.3,102.0,491.0,288.5,11.0,125.5,71.9,16.95,46.0,10.05,15.5,14.4,,240.5,18.3,30.05,10.75,28.75,9.13,10.45,17.85,18.75,46.35,48.75,9.81,19.65,16.15,26.3,16.05,9.69,13.95,21.0,18.0,223.0,74.4,2440.0,41.2,159.0,57.1,93.3,123.0,31.4,91.1,81.2,13.75,35.5,180.5,18.05,37.9,25.15,63.2,46.75,59.4,,93.7,178.0,40.7,78.9,17.5,10.75,126.5,51.6,79.9,76.2,219.0,213.5,268.5,,,72.5,,,33.0,84.6,220.0,83.2,232.0,52.0,38.85,79.6,54.0
44.85,41.85,51.3,76.5,75.2,69.2,10.7,37.15,71.6,33.05,30.8,302.0,152.0,36.55,51.3,287.5,10.5,15.05,31.85,59.7,185.0,63.0,25.05,15.1,25.9,42.3,288.5,377.0,41.5,73.4,67.0,46.15,27.65,372.0,310.0,283.0,48.85,13.1,206.0,36.8,18.0,104.5,26.05,42.6,20.3,121.5,7.65,10.2,17.4,45.2,15.6,25.05,72.6,25.65,294.0,85.4,9.61,39.6,42.6,106.5,83.1,35.4,83.6,243.0,7.99,13.8,91.4,158.5,70.4,26.3,102.0,491.0,288.5,11.0,125.0,72.0,16.95,46.0,10.0,15.5,14.4,,240.5,18.25,30.05,10.75,28.75,9.14,10.45,17.8,18.75,46.35,48.75,9.8,19.6,16.1,26.3,16.05,9.69,14.0,21.0,18.0,223.0,74.4,2440.0,41.15,159.0,57.1,93.3,122.5,31.35,91.2,81.2,13.8,35.5,180.5,18.05,37.85,25.15,63.2,46.8,59.4,,93.8,178.0,40.7,78.9,17.5,10.75,126.5,51.6,79.9,76.2,219.0,213.5,268.5,,,72.5,,,33.0,84.6,220.0,83.2,232.0,52.0,38.85,79.6,54.0
44.85,41.9,51.4,76.5,75.2,69.2,10.7,37.15,71.5,33.05,30.8,302.0,152.0,36.5,51.3,287.5,10.5,15.05,31.85,59.7,184.5,63.0,25.05,15.1,25.9,42.35,288.5,377.0,41.5,73.4,67.0,46.15,27.65,372.0,310.0,283.0,48.85,13.1,206.0,36.8,18.0,105.0,26.05,42.6,20.3,121.5,7.66,10.2,17.4,45.15,15.65,25.05,72.5,25.7,294.0,85.3,9.61,39.6,42.55,106.0,83.1,35.4,83.6,243.0,7.99,13.8,91.4,158.5,70.5,26.3,102.0,491.0,289.0,11.0,125.0,72.0,16.95,46.0,10.0,15.55,14.4,,240.5,18.25,30.05,10.75,28.75,9.13,10.45,17.8,18.75,46.35,48.75,9.81,19.65,16.15,26.3,16.05,9.69,14.0,21.0,18.0,222.5,74.4,2440.0,41.2,159.5,57.1,93.3,122.5,31.4,91.2,81.2,13.8,35.5,180.5,18.05,37.9,25.15,63.3,46.75,59.4,,93.8,178.0,40.75,78.9,17.55,10.75,126.5,51.6,79.9,76.2,219.0,213.5,268.5,,,72.5,,,33.0,84.6,220.0,83.2,232.0,52.0,38.85,79.6,53.9
44.85,41.9,51.3,76.5,75.2,69.2,10.7,37.15,71.5,33.05,30.8,302.0,152.0,36.5,51.3,287.5,10.5,15.05,31.85,59.7,185.0,63.0,25.05,15.1,25.9,42.35,288.5,377.0,41.45,73.3,67.0,46.15,27.65,372.0,310.0,283.0,48.85,13.1,205.5,36.85,18.0,104.5,26.05,42.6,20.3,121.5,7.65,10.15,17.4,45.15,15.65,25.05,72.5,25.7,294.5,85.3,9.61,39.6,42.55,106.0,83.1,35.4,83.8,243.0,7.99,13.8,91.4,158.5,70.4,26.3,102.0,490.0,288.5,11.0,125.0,72.0,16.95,46.0,10.0,15.55,14.4,,240.5,18.25,30.05,10.75,28.75,9.13,10.45,17.8,18.75,46.35,48.7,9.8,19.6,16.15,26.3,16.05,9.69,14.0,21.0,18.0,223.0,74.4,2440.0,41.2,159.0,57.1,93.3,122.5,31.35,91.2,81.2,13.8,35.5,180.5,18.05,37.9,25.15,63.2,46.8,59.4,,93.8,177.5,40.75,78.9,17.55,10.75,126.0,51.6,79.9,76.6,219.0,213.5,268.5,,,72.5,,,33.0,84.6,220.0,83.2,232.0,52.0,38.85,79.6,53.9
44.85,41.9,51.3,76.5,75.2,69.2,10.7,37.15,71.6,33.05,30.8,302.0,152.0,36.55,51.3,287.5,10.5,15.05,31.85,59.7,185.0,63.0,25.05,15.1,25.9,42.35,288.5,377.0,41.45,73.3,67.0,46.15,27.65,372.0,310.5,283.0,48.8,13.1,206.0,36.85,17.95,105.0,26.1,42.6,20.3,121.5,7.65,10.15,17.4,45.15,15.65,25.05,72.5,25.7,294.5,85.3,9.61,39.6,42.55,106.0,83.1,35.4,83.6,243.0,7.99,13.8,91.4,158.5,70.5,26.35,102.0,491.5,288.0,11.0,125.0,71.9,16.95,46.0,10.05,15.55,14.4,,240.5,18.25,30.05,10.75,28.75,9.13,10.45,17.8,18.8,46.35,48.75,9.81,19.65,16.15,26.25,16.05,9.69,14.0,21.0,18.0,222.5,74.4,2440.0,41.15,159.0,57.1,93.3,122.5,31.35,91.2,81.2,13.8,35.35,180.5,18.0,37.95,25.15,63.3,46.8,59.4,,93.9,177.5,40.75,78.9,17.55,10.75,126.0,51.6,79.9,76.2,219.0,213.5,268.5,,,72.6,,,33.0,84.5,219.0,83.3,232.0,52.0,38.85,79.6,53.9
44.9,41.9,51.4,76.5,75.2,69.2,10.7,37.15,71.6,33.05,30.8,302.0,152.0,36.5,51.3,287.5,10.5,15.05,31.85,59.8,185.5,63.0,25.05,15.1,25.9,42.35,288.5,377.0,41.5,73.3,67.0,46.15,27.65,372.0,310.5,283.0,48.8,13.1,206.0,36.8,17.95,105.0,26.05,42.65,20.3,121.5,7.65,10.2,17.4,45.15,15.65,25.05,72.4,25.65,294.5,85.3,9.61,39.6,42.6,106.0,83.0,35.4,83.6,243.0,7.99,13.8,91.4,158.5,70.5,26.3,102.0,490.5,288.5,11.0,125.0,72.1,16.95,46.0,10.0,15.55,14.4,,240.5,18.3,30.05,10.75,28.8,9.13,10.45,17.8,18.8,46.35,48.75,9.81,19.6,16.1,26.25,16.05,9.69,14.0,21.0,18.0,222.5,74.4,2440.0,41.15,159.5,57.1,93.3,122.5,31.4,91.2,81.2,13.8,35.35,180.5,18.0,37.95,25.15,63.3,46.8,59.4,,93.9,177.5,40.75,79.0,17.55,10.75,126.0,51.6,80.0,76.4,219.0,213.5,268.5,,,72.6,,,33.0,84.7,219.0,83.3,232.0,52.0,38.85,79.6,54.0
44.85,41.9,51.3,76.5,75.2,69.2,10.7,37.15,71.6,33.05,30.8,302.0,152.0,36.5,51.3,287.5,10.5,15.05,31.85,59.8,185.0,63.1,25.0,15.15,25.95,42.35,288.5,377.0,41.45,73.4,67.0,46.15,27.65,372.0,310.5,283.0,48.8,13.05,205.5,36.8,17.95,104.5,26.05,42.65,20.3,121.5,7.64,10.15,17.4,45.2,15.7,25.0,72.4,25.7,294.0,85.2,9.61,39.55,42.6,106.0,83.1,35.4,83.6,243.0,7.99,13.85,91.4,159.0,70.5,26.3,102.0,490.5,288.5,11.0,125.0,72.1,16.95,46.05,10.0,15.55,14.45,,240.5,18.3,30.1,10.7,28.8,9.14,10.45,17.8,18.8,46.35,48.75,9.81,19.65,16.1,26.3,16.05,9.69,14.0,20.95,18.0,223.0,74.4,2440.0,41.15,159.5,57.2,93.3,123.0,31.4,91.2,81.2,13.75,35.35,180.5,18.05,37.9,25.15,63.3,46.85,59.4,,93.8,177.5,40.75,78.9,17.55,10.75,126.0,51.6,79.9,76.4,219.0,213.5,268.5,,,72.6,,,33.0,84.7,219.5,83.3,232.0,52.0,38.85,79.6,54.0
44.85,41.9,51.3,76.5,75.2,69.2,10.7,37.15,71.6,33.05,30.8,302.0,151.5,36.5,51.3,287.5,10.5,15.05,31.85,59.8,185.0,63.1,25.0,15.1,25.9,42.35,288.5,377.0,41.45,73.4,67.0,46.15,27.65,372.0,310.5,283.0,48.85,13.05,205.5,36.85,17.95,105.0,26.1,42.6,20.35,121.5,7.64,10.15,17.4,45.15,15.7,25.05,72.5,25.65,294.5,85.2,9.61,39.55,42.55,106.5,83.1,35.4,83.7,243.0,7.99,13.8,91.4,158.5,70.4,26.3,102.0,490.5,288.5,11.0,125.0,72.1,16.95,46.05,10.0,15.5,14.45,,240.5,18.3,30.1,10.7,28.8,9.14,10.45,17.8,18.8,46.35,48.7,9.82,19.6,16.15,26.35,16.05,9.69,14.0,21.0,17.95,223.0,74.4,2440.0,41.15,159.0,57.1,93.3,123.0,31.35,91.2,81.2,13.75,35.35,180.5,18.05,37.9,25.15,63.2,46.85,59.4,,93.9,177.5,40.7,78.9,17.55,10.75,125.5,51.6,79.9,76.4,219.0,213.5,268.5,,,72.6,,,33.0,84.7,219.5,83.3,232.0,52.1,38.85,79.6,54.0
44.85,41.85,51.3,76.5,75.2,69.2,10.7,37.15,71.6,33.05,30.8,302.0,151.5,36.5,51.3,287.5,10.5,15.05,31.85,59.8,185.5,63.1,25.0,15.1,25.9,42.35,288.5,377.0,41.55,73.4,67.0,46.15,27.65,372.0,310.5,283.0,48.85,13.1,206.0,36.8,17.95,104.5,26.1,42.6,20.35,121.5,7.65,10.2,17.4,45.15,15.65,25.0,72.5,25.65,294.0,85.2,9.62,39.55,42.55,106.5,83.0,35.45,83.7,243.0,7.99,13.8,91.4,159.0,70.5,26.25,102.0,491.0,288.0,11.0,125.0,72.1,16.95,46.05,10.0,15.5,14.45,,240.5,18.3,30.1,10.7,28.8,9.14,10.45,17.8,18.75,46.4,48.7,9.81,19.6,16.15,26.35,16.05,9.69,13.95,20.95,18.0,222.5,74.3,2440.0,41.2,159.5,57.1,93.3,123.0,31.35,91.2,81.2,13.75,35.35,180.5,18.05,37.9,25.15,63.2,46.85,59.3,,94.0,177.5,40.7,78.9,17.55,10.7,125.5,51.6,79.9,76.3,219.0,213.5,268.5,,,72.6,,,33.0,84.9,219.0,83.3,232.0,52.0,38.85,79.6,54.1
44.85,41.85,51.3,76.5,75.2,69.2,10.7,37.15,71.6,33.0,30.8,302.0,151.5,36.55,51.3,287.5,10.5,15.05,31.85,59.7,185.5,63.2,25.0,15.1,25.95,42.3,288.5,377.0,41.55,73.4,67.0,46.15,27.65,372.0,310.5,282.5,48.85,13.1,206.0,36.85,17.95,104.5,26.1,42.65,20.35,121.5,7.65,10.2,17.4,45.2,15.7,25.0,72.4,25.7,294.0,85.2,9.62,39.55,42.5,106.5,83.0,35.4,83.8,243.0,7.99,13.8,91.4,158.5,70.5,26.3,102.0,490.5,288.0,11.0,125.0,72.1,16.95,46.05,10.05,15.5,14.45,,240.5,18.25,30.1,10.7,28.8,9.14,10.45,17.8,18.8,46.35,48.7,9.81,19.6,16.15,26.35,16.05,9.7,14.0,21.0,18.0,222.5,74.4,2440.0,41.2,159.0,57.1,93.3,123.0,31.3,91.2,81.2,13.8,35.35,180.5,18.0,37.95,25.15,63.3,46.8,59.4,,94.0,177.5,40.7,78.9,17.5,10.75,126.0,51.6,79.9,76.6,219.0,213.5,268.5,,,72.6,,,33.0,84.9,219.0,83.3,232.0,52.2,38.85,79.6,54.0
44.9,41.85,51.4,76.5,75.2,69.2,10.7,37.15,71.6,33.0,30.8,301.5,151.5,36.55,51.3,287.5,10.5,15.05,31.85,59.8,185.0,63.2,25.0,15.1,25.9,42.3,288.5,377.5,41.55,73.4,67.0,46.15,27.65,372.0,310.5,282.5,48.85,13.05,206.0,36.8,17.95,104.5,26.1,42.6,20.35,121.5,7.65,10.15,17.4,45.2,15.7,25.0,72.5,25.7,294.0,85.2,9.61,39.55,42.55,106.5,83.1,35.4,83.8,243.0,7.99,13.8,91.4,159.0,70.5,26.3,102.0,490.5,288.0,11.0,125.0,72.1,16.95,46.05,10.0,15.5,14.4,,240.5,18.3,30.1,10.7,28.8,9.14,10.45,17.8,18.8,46.4,48.65,9.81,19.65,16.15,26.3,16.05,9.7,14.0,21.0,17.95,223.0,74.4,2440.0,41.2,159.5,57.1,93.2,123.0,31.3,91.2,81.3,13.8,35.35,180.5,18.05,37.95,25.15,63.3,46.85,59.3,,93.9,177.5,40.7,78.8,17.5,10.75,126.0,51.6,79.9,76.5,219.0,213.5,268.5,,,72.6,,,33.0,84.9,219.5,83.3,232.0,52.2,38.85,79.6,54.0
44.9,41.8,51.3,76.5,75.2,69.2,10.7,37.15,71.6,33.0,30.8,301.5,151.5,36.55,51.3,287.5,10.5,15.05,31.85,59.8,185.0,63.2,25.0,15.1,25.9,42.3,288.5,377.5,41.55,73.3,67.0,46.2,27.6,372.0,310.5,282.5,48.85,13.05,206.0,36.8,17.95,105.0,26.15,42.6,20.3,121.5,7.65,10.2,17.4,45.2,15.65,25.0,72.5,25.7,294.0,85.3,9.62,39.55,42.55,106.5,83.0,35.45,83.8,243.0,7.99,13.8,91.4,159.0,70.5,26.3,102.0,490.5,288.0,11.0,125.0,72.1,16.95,46.05,10.0,15.5,14.4,,240.5,18.25,30.05,10.7,28.8,9.14,10.45,17.8,18.8,46.35,48.65,9.82,19.6,16.15,26.35,16.05,9.69,14.0,21.0,18.0,223.0,74.4,2440.0,41.15,159.5,57.2,93.2,123.0,31.3,91.2,81.3,13.75,35.35,180.5,18.05,37.9,25.15,63.3,46.85,59.3,,94.0,178.0,40.7,78.8,17.5,10.75,126.0,51.6,79.9,76.3,218.5,213.5,268.5,,,72.6,,,33.0,84.9,219.5,83.3,232.0,52.2,38.85,79.6,54.0
44.9,41.9,51.4,76.5,75.2,69.2,10.7,37.15,71.6,33.0,30.8,301.5,151.5,36.6,51.3,287.5,10.5,15.05,31.8,59.8,185.0,63.1,25.0,15.1,25.9,42.3,288.5,377.5,41.55,73.4,67.0,46.2,27.6,372.0,310.5,282.5,48.8,13.1,206.0,36.8,17.95,105.0,26.15,42.6,20.35,121.5,7.65,10.15,17.4,45.2,15.65,25.0,72.5,25.65,294.0,85.3,9.62,39.6,42.55,106.5,83.0,35.45,83.8,243.0,7.99,13.8,91.4,159.0,70.4,26.3,102.0,491.0,288.0,11.0,125.5,72.0,16.95,46.05,10.0,15.5,14.45,,240.5,18.3,30.05,10.7,28.8,9.14,10.45,17.8,18.8,46.35,48.65,9.82,19.65,16.15,26.35,16.05,9.69,14.0,21.0,18.0,223.0,74.4,2440.0,41.2,159.5,57.2,93.3,123.0,31.35,91.2,81.3,13.75,35.35,180.5,18.05,37.95,25.15,63.3,46.85,59.3,,94.0,177.5,40.7,78.9,17.5,10.75,126.0,51.6,80.0,76.3,218.5,213.5,268.5,,,72.6,,,33.0,84.9,219.0,83.3,232.0,52.2,38.85,79.6,54.0
44.85,41.9,51.3,76.5,75.2,69.2,10.7,37.15,71.6,33.0,30.8,301.5,151.5,36.6,51.3,287.5,10.5,15.05,31.8,59.7,185.0,63.1,25.0,15.1,25.9,42.3,288.5,377.5,41.55,73.4,67.0,46.2,27.6,372.0,310.5,282.5,48.8,13.05,206.0,36.8,18.0,105.0,26.2,42.65,20.35,121.5,7.65,10.15,17.4,45.2,15.65,24.95,72.5,25.7,294.0,85.3,9.62,39.6,42.5,106.5,83.0,35.45,83.6,243.0,7.99,13.8,91.4,158.5,70.5,26.25,102.0,490.5,288.0,11.0,125.5,72.0,16.95,46.05,10.0,15.5,14.45,,240.5,18.25,30.05,10.7,28.8,9.14,10.45,17.8,18.8,46.3,48.65,9.82,19.6,16.15,26.35,16.05,9.69,14.0,21.0,18.0,222.5,74.3,2440.0,41.2,159.5,57.1,93.3,122.5,31.3,91.2,81.3,13.8,35.35,180.5,18.05,37.95,25.2,63.2,46.85,59.3,,93.8,178.0,40.7,78.9,17.55,10.75,126.0,51.6,80.0,76.7,218.5,213.5,268.5,,,72.6,,,33.0,84.9,219.0,83.3,232.0,52.1,38.85,79.6,54.0
44.85,41.9,51.4,76.5,75.2,69.2,10.7,37.15,71.6,33.0,30.8,301.5,151.5,36.6,51.2,287.5,10.5,15.05,31.8,59.7,185.0,63.1,25.0,15.1,25.9,42.3,288.5,377.5,41.55,73.4,67.0,46.2,27.6,372.0,310.5,282.5,48.8,13.05,205.5,36.8,18.0,104.5,26.2,42.6,20.35,121.5,7.64,10.2,17.4,45.15,15.65,25.0,72.5,25.7,294.0,85.3,9.62,39.5,42.5,106.0,83.1,35.45,83.6,243.0,7.99,13.8,91.4,158.5,70.4,26.25,102.0,491.0,288.0,11.0,125.5,72.0,16.9,46.05,10.0,15.45,14.45,,240.5,18.25,30.05,10.7,28.8,9.14,10.45,17.8,18.8,46.3,48.6,9.81,19.65,16.1,26.35,16.05,9.69,14.0,21.0,18.0,222.5,74.3,2440.0,41.15,159.5,57.1,93.3,123.0,31.3,91.2,81.3,13.8,35.35,180.0,18.05,37.95,25.2,63.2,46.8,59.3,,93.8,177.5,40.75,78.8,17.55,10.7,126.0,51.6,80.0,76.7,218.5,213.5,268.5,,,72.6,,,33.0,84.9,219.0,83.3,232.0,52.1,38.85,79.6,54.0
44.85,41.9,51.4,76.5,75.2,69.2,10.7,37.15,71.6,33.0,30.8,302.0,151.5,36.6,51.2,287.5,10.5,15.05,31.8,59.8,185.0,63.1,25.0,15.1,25.9,42.3,288.5,377.5,41.55,73.4,67.0,46.2,27.6,372.0,310.5,282.5,48.8,13.1,205.5,36.8,18.0,104.5,26.15,42.6,20.35,121.5,7.65,10.15,17.4,45.15,15.65,24.95,72.5,25.65,294.0,85.3,9.62,39.5,42.4,106.0,83.1,35.5,83.6,243.0,7.99,13.8,91.4,158.5,70.5,26.25,102.0,491.0,288.0,11.0,125.5,72.0,16.95,46.05,10.0,15.45,14.45,,240.0,18.25,30.05,10.7,28.8,9.14,10.45,17.8,18.75,46.3,48.65,9.81,19.6,16.15,26.3,16.05,9.69,14.0,21.0,18.0,223.0,74.3,2440.0,41.2,159.5,57.1,93.3,123.0,31.3,91.2,81.2,13.8,35.35,180.0,18.05,37.95,25.2,63.3,46.8,59.3,,93.9,177.5,40.75,78.8,17.5,10.7,126.0,51.6,79.9,76.3,218.5,213.5,268.5,,,72.5,,,33.0,84.9,219.0,83.3,232.0,52.1,38.85,79.6,54.1
44.85,41.9,51.4,76.5,75.3,69.2,10.75,37.15,71.6,33.0,30.8,302.0,151.5,36.6,51.2,287.5,10.5,15.05,31.8,59.8,185.5,63.1,25.05,15.1,25.9,42.3,288.5,377.5,41.55,73.4,67.0,46.2,27.6,372.0,310.5,282.5,48.85,13.1,205.5,36.75,18.0,104.5,26.15,42.6,20.3,121.0,7.65,10.15,17.4,45.2,15.65,25.0,72.5,25.65,294.0,85.4,9.61,39.5,42.4,106.5,83.1,35.5,83.6,243.0,7.99,13.8,91.5,158.5,70.5,26.25,102.0,490.0,288.0,11.0,125.0,72.0,16.95,46.05,10.0,15.45,14.45,,240.0,18.25,30.1,10.7,28.8,9.14,10.45,17.8,18.75,46.3,48.6,9.81,19.65,16.15,26.35,16.05,9.69,14.0,20.95,18.0,223.0,74.3,2440.0,41.25,159.5,57.1,93.3,123.0,31.3,91.2,81.2,13.8,35.35,180.0,18.05,37.95,25.2,63.3,46.8,59.3,,93.9,178.0,40.75,78.8,17.5,10.7,126.5,51.6,79.9,76.3,219.0,213.5,268.5,,,72.5,,,33.0,84.9,219.0,83.3,232.0,52.2,38.85,79.6,54.0
44.85,41.9,51.3,76.5,75.2,69.2,10.7,37.15,71.6,33.0,30.8,302.0,151.5,36.55,51.2,287.5,10.5,15.05,31.8,59.8,185.5,63.1,25.05,15.1,25.9,42.3,288.5,377.5,41.55,73.4,67.0,46.2,27.6,372.0,310.5,282.5,48.85,13.1,206.0,36.75,18.0,105.0,26.15,42.6,20.3,121.5,7.65,10.15,17.4,45.15,15.65,25.0,72.5,25.65,294.0,85.4,9.61,39.5,42.35,106.5,83.1,35.45,83.6,243.0,7.99,13.8,91.5,158.0,70.5,26.3,102.0,490.0,288.0,11.0,125.5,72.0,16.95,46.05,10.0,15.45,14.45,,240.0,18.25,30.1,10.7,28.8,9.14,10.45,17.8,18.75,46.3,48.6,9.81,19.6,16.15,26.35,16.05,9.68,14.0,21.0,17.95,223.0,74.3,2440.0,41.2,159.5,57.1,93.3,123.0,31.3,91.2,81.2,13.8,35.35,180.5,18.0,37.95,25.15,63.3,46.8,59.3,,93.9,177.5,40.75,78.8,17.55,10.7,126.5,51.6,79.9,76.3,219.0,213.5,268.5,,,72.5,,,33.0,84.9,219.5,83.3,232.0,52.2,38.8,79.6,54.1
44.85,41.9,51.4,76.5,75.2,69.2,10.75,37.15,71.6,33.05,30.85,302.0,151.5,36.6,51.3,287.5,10.5,15.05,31.8,59.8,185.5,63.1,25.05,15.1,25.95,42.3,288.5,377.5,41.55,73.4,67.0,46.2,27.65,372.0,310.0,282.5,48.85,13.1,206.0,36.8,18.0,105.0,26.2,42.6,20.3,121.5,7.65,10.2,17.4,45.2,15.65,25.0,72.5,25.65,294.0,85.4,9.62,39.5,42.35,106.5,83.1,35.45,84.0,243.5,7.99,13.8,91.5,158.5,70.6,26.25,102.0,490.0,288.5,11.0,125.0,72.0,16.95,46.05,10.0,15.45,14.45,,240.0,18.25,30.1,10.7,28.8,9.13,10.45,17.8,18.8,46.3,48.55,9.82,19.6,16.15,26.35,16.05,9.68,14.0,21.0,18.0,222.5,74.3,2440.0,41.2,159.5,57.1,93.3,123.0,31.35,91.2,81.2,13.8,35.35,180.5,18.05,37.95,25.15,63.3,46.8,59.3,,94.0,177.5,40.75,78.6,17.55,10.7,126.0,51.6,79.9,76.3,219.0,213.5,268.5,,,72.5,,,33.0,84.6,219.5,83.3,232.0,52.2,38.8,79.6,54.1
44.85,41.9,51.3,76.5,75.2,69.2,10.7,37.15,71.5,33.05,30.85,302.5,151.5,36.55,51.3,287.5,10.5,15.05,31.8,59.8,185.5,63.1,25.05,15.1,25.9,42.3,288.5,377.5,41.55,73.4,67.0,46.2,27.65,372.0,310.0,282.5,48.85,13.05,206.0,36.8,18.0,105.0,26.15,42.6,20.3,121.5,7.65,10.2,17.4,45.2,15.65,25.0,72.4,25.65,294.0,85.5,9.62,39.5,42.35,106.5,83.0,35.45,84.0,243.5,7.99,13.8,91.5,158.0,70.6,26.3,102.0,490.0,288.0,11.0,125.0,72.0,16.95,46.05,10.0,15.45,14.45,,240.0,18.25,30.1,10.7,28.8,9.13,10.45,17.8,18.75,46.35,48.55,9.81,19.6,16.15,26.3,16.05,9.68,14.0,21.0,18.0,223.0,74.2,2440.0,41.2,159.0,57.1,93.3,123.0,31.3,91.2,81.2,13.8,35.35,180.5,18.0,37.95,25.15,63.3,46.8,59.3,,93.9,177.5,40.75,78.6,17.55,10.7,126.0,51.5,80.0,76.7,219.0,213.5,268.5,,,72.5,,,33.0,84.6,219.5,83.3,232.0,52.1,38.8,79.6,54.1
44.85,41.9,51.4,76.5,75.3,69.2,10.7,37.15,71.5,33.05,30.85,302.5,151.5,36.55,51.3,287.5,10.5,15.05,31.8,59.8,185.5,63.1,25.05,15.1,25.9,42.3,288.5,377.0,41.55,73.4,67.0,46.2,27.65,372.0,310.0,282.5,48.8,13.05,205.5,36.75,18.0,105.0,26.15,42.6,20.35,121.0,7.65,10.2,17.4,45.15,15.65,25.05,72.4,25.65,294.0,85.5,9.62,39.5,42.3,106.5,83.0,35.45,83.6,243.5,7.99,13.8,91.5,158.0,70.6,26.25,102.0,489.5,288.0,11.0,125.0,72.0,16.95,46.05,10.05,15.5,14.4,,240.0,18.25,30.1,10.7,28.8,9.14,10.45,17.8,18.75,46.3,48.6,9.81,19.6,16.1,26.3,16.05,9.68,14.0,21.0,18.0,223.0,74.2,2440.0,41.2,159.5,57.1,93.3,122.5,31.3,91.2,81.2,13.75,35.35,181.0,18.0,37.95,25.15,63.3,46.8,59.3,,93.9,177.5,40.75,78.6,17.55,10.7,126.0,51.6,79.9,76.7,219.0,213.5,268.5,,,72.5,,,33.0,84.6,219.5,83.3,232.0,52.1,38.8,79.6,54.1
44.85,41.9,51.3,76.5,75.3,69.2,10.7,37.15,71.5,33.05,30.85,302.5,151.5,36.6,51.3,287.5,10.5,15.05,31.8,59.7,185.5,63.2,25.05,15.1,25.95,42.3,288.5,377.0,41.55,73.3,67.0,46.2,27.65,372.0,310.0,282.5,48.8,13.1,206.0,36.75,18.0,105.0,26.15,42.65,20.35,121.5,7.65,10.15,17.4,45.15,15.6,25.05,72.4,25.65,294.0,85.5,9.62,39.5,42.3,106.5,83.0,35.45,83.6,243.5,7.99,13.8,91.5,158.5,70.6,26.25,102.0,490.0,288.0,11.0,125.0,72.0,16.95,46.05,10.0,15.45,14.4,,240.0,18.25,30.1,10.7,28.8,9.13,10.45,17.8,18.8,46.3,48.55,9.82,19.6,16.15,26.3,16.05,9.68,14.0,21.0,17.95,223.0,74.2,2440.0,41.2,159.5,57.1,93.3,123.0,31.3,91.2,81.2,13.8,35.35,181.0,18.0,37.95,25.15,63.4,46.85,59.3,,94.0,177.5,40.75,78.6,17.55,10.7,126.0,51.6,79.9,76.7,219.0,213.5,268.5,,,72.5,,,33.0,84.6,219.5,83.3,232.0,52.1,38.8,79.6,54.1
44.9,41.9,51.4,76.5,75.3,69.2,10.7,37.15,71.6,33.05,30.85,302.5,151.5,36.6,51.2,287.5,10.5,15.05,31.8,59.7,185.5,63.2,25.0,15.1,25.95,42.3,288.5,377.0,41.6,73.4,67.0,46.2,27.65,372.5,310.0,282.5,48.85,13.1,206.0,36.75,18.0,104.5,26.15,42.6,20.35,121.5,7.64,10.15,17.4,45.15,15.65,25.1,72.5,25.65,294.0,85.5,9.62,39.5,42.25,106.5,83.1,35.45,83.6,243.5,7.99,13.8,91.4,158.5,70.7,26.25,102.0,491.0,288.0,11.0,125.0,72.0,16.9,46.05,10.0,15.5,14.4,,240.0,18.25,30.1,10.7,28.8,9.13,10.45,17.8,18.8,46.3,48.6,9.82,19.6,16.15,26.3,16.05,9.68,14.0,20.95,18.0,223.0,74.3,2440.0,41.2,159.0,57.1,93.3,123.0,31.3,91.2,81.2,13.75,35.35,181.0,18.05,37.95,25.2,63.3,46.8,59.3,,93.8,177.5,40.75,78.6,17.55,10.7,126.5,51.6,79.9,76.2,219.0,213.5,268.5,,,72.5,,,33.0,84.6,220.0,83.3,232.0,52.1,38.8,79.6,54.1
44.9,41.9,51.4,76.5,75.2,69.2,10.7,37.15,71.6,33.05,30.85,302.5,151.5,36.6,51.2,287.0,10.5,15.05,31.8,59.8,185.5,63.2,25.0,15.1,25.9,42.3,288.5,377.0,41.6,73.4,67.0,46.2,27.65,372.5,310.0,282.5,48.85,13.1,206.0,36.8,18.0,104.5,26.2,42.6,20.3,121.5,7.64,10.15,17.4,45.15,15.65,25.1,72.5,25.65,294.0,85.4,9.62,39.5,42.3,106.0,83.0,35.45,83.6,243.5,7.99,13.8,91.4,158.5,70.6,26.25,102.0,491.0,288.0,11.0,125.0,72.0,16.95,46.05,10.0,15.5,14.4,,240.0,18.2,30.1,10.7,28.75,9.14,10.45,17.8,18.75,46.3,48.55,9.82,19.6,16.1,26.35,16.05,9.68,13.95,21.0,17.95,223.0,74.3,2440.0,41.15,159.0,57.2,93.3,123.0,31.3,91.2,81.2,13.75,35.35,181.0,18.0,37.95,25.2,63.3,46.8,59.3,,93.8,177.5,40.75,78.6,17.5,10.75,126.0,51.6,79.9,76.7,218.5,213.5,268.5,,,72.5,,,33.0,84.6,219.5,83.3,232.0,52.2,38.8,79.5,54.1
44.9,41.9,51.4,76.5,75.2,69.2,10.7,37.15,71.6,33.05,30.85,302.5,151.5,36.55,51.2,287.0,10.5,15.05,31.8,59.8,185.5,63.2,25.0,15.1,25.9,42.3,288.5,377.0,41.6,73.4,66.9,46.2,27.65,372.5,310.0,282.5,48.85,13.05,205.5,36.75,18.0,105.0,26.15,42.6,20.3,121.5,7.65,10.15,17.4,45.15,15.65,25.1,72.5,25.65,294.0,85.4,9.62,39.5,42.25,106.0,83.0,35.45,83.6,243.5,7.99,13.8,91.4,158.5,70.7,26.25,102.0,491.0,288.0,11.0,125.0,72.0,16.95,46.05,10.0,15.5,14.4,,240.0,18.2,30.1,10.7,28.8,9.14,10.45,17.8,18.75,46.3,48.6,9.81,19.65,16.15,26.3,16.05,9.68,14.0,21.0,17.95,223.0,74.3,2440.0,41.15,159.5,57.1,93.3,123.0,31.3,91.2,81.2,13.8,35.35,181.0,18.05,37.95,25.2,63.3,46.8,59.3,,93.9,177.0,40.75,78.6,17.5,10.75,126.5,51.6,79.9,76.7,218.5,213.5,268.5,,,72.5,,,33.0,84.6,220.0,83.3,232.0,52.2,38.8,79.5,54.0
44.9,41.9,51.4,76.5,75.2,69.2,10.7,37.15,71.6,33.05,30.85,303.0,151.5,36.55,51.2,287.0,10.5,15.05,31.8,59.8,185.5,63.1,25.05,15.1,25.9,42.3,288.5,377.0,41.55,73.4,66.9,46.25,27.65,372.0,310.5,282.5,48.85,13.1,206.0,36.75,18.0,104.5,26.15,42.6,20.3,121.5,7.65,10.15,17.4,45.2,15.65,25.1,72.5,25.65,294.0,85.4,9.62,39.5,42.3,106.5,83.0,35.45,84.0,243.5,7.99,13.8,91.4,158.5,70.6,26.25,102.0,491.0,288.0,11.0,125.0,72.0,17.0,46.05,10.0,15.5,14.4,,240.0,18.25,30.1,10.7,28.75,9.13,10.45,17.8,18.75,46.3,48.55,9.81,19.6,16.15,26.3,16.05,9.68,14.0,20.95,17.95,222.5,74.3,2440.0,41.2,159.5,57.1,93.3,123.0,31.35,91.2,81.2,13.75,35.35,180.5,18.0,37.95,25.2,63.3,46.75,59.3,,93.9,177.0,40.75,78.6,17.5,10.7,126.5,51.6,79.9,76.7,219.0,213.5,268.5,,,72.5,,,33.0,84.8,220.0,83.3,232.0,52.1,38.75,79.5,54.0
44.9,41.9,51.4,76.5,75.3,69.2,10.7,37.15,71.6,33.05,30.85,303.0,151.5,36.6,51.2,287.0,10.5,15.05,31.8,59.8,185.5,63.2,25.05,15.1,25.9,42.3,288.5,377.0,41.55,73.4,66.9,46.25,27.6,372.0,310.5,282.5,48.85,13.1,206.0,36.75,18.0,104.5,26.15,42.55,20.35,121.0,7.65,10.15,17.4,45.15,15.6,25.05,72.4,25.65,294.0,85.5,9.63,39.5,42.3,106.0,83.0,35.45,83.6,243.5,7.99,13.75,91.4,158.0,70.6,26.25,102.0,490.5,288.0,11.0,125.0,72.0,17.0,46.1,10.0,15.45,14.4,,240.0,18.25,30.05,10.7,28.8,9.13,10.45,17.8,18.75,46.3,48.55,9.8,19.65,16.15,26.3,16.05,9.68,14.0,20.95,18.0,222.5,74.3,2440.0,41.2,159.5,57.2,93.2,122.5,31.35,91.2,81.2,13.75,35.35,180.5,18.05,37.95,25.2,63.3,46.75,59.4,,93.9,177.0,40.7,78.6,17.5,10.7,126.0,51.6,80.0,76.3,219.0,213.5,268.5,,,72.5,,,33.0,84.8,220.0,83.3,232.0,52.1,38.75,79.5,54.1
44.85,41.9,51.3,76.5,75.2,69.2,10.7,37.15,71.6,33.05,30.85,303.0,151.5,36.55,51.2,287.0,10.5,15.05,31.8,59.8,185.0,63.1,25.05,15.1,25.9,42.3,288.5,377.0,41.55,73.3,67.0,46.25,27.6,372.0,310.5,282.5,48.85,13.05,206.0,36.75,18.0,104.5,26.2,42.55,20.35,121.5,7.64,10.15,17.4,45.2,15.6,25.05,72.4,25.65,294.0,85.4,9.63,39.5,42.25,106.5,83.0,35.4,83.6,243.5,7.99,13.8,91.5,158.5,70.6,26.25,102.0,490.0,288.0,11.0,125.5,72.0,16.95,46.1,10.0,15.45,14.4,,240.0,18.2,30.05,10.7,28.75,9.13,10.45,17.8,18.8,46.3,48.6,9.8,19.6,16.15,26.3,16.05,9.68,14.0,21.0,18.0,223.0,74.3,2440.0,41.2,159.0,57.2,93.3,122.5,31.35,91.2,81.2,13.75,35.35,180.5,18.0,37.95,25.2,63.3,46.8,59.4,,93.9,177.0,40.7,78.6,17.5,10.7,126.0,51.5,79.9,76.3,219.0,213.5,268.5,,,72.5,,,33.0,84.8,219.5,83.3,232.0,52.1,38.7,79.6,54.1
44.9,41.9,51.4,76.5,75.2,69.2,10.7,37.15,71.6,33.05,30.85,303.0,151.5,36.55,51.2,287.0,10.5,15.05,31.8,59.8,185.0,63.2,25.05,15.1,25.95,42.3,288.5,377.0,41.55,73.3,67.0,46.25,27.6,372.5,310.5,282.5,48.85,13.05,205.5,36.75,18.0,105.0,26.15,42.55,20.35,121.0,7.65,10.15,17.4,45.2,15.6,25.05,72.4,25.65,294.0,85.4,9.63,39.5,42.25,106.5,83.0,35.4,83.6,243.5,7.99,13.8,91.4,158.5,70.6,26.25,102.0,490.0,287.5,11.0,125.0,72.0,16.95,46.1,10.0,15.45,14.4,,240.0,18.2,30.05,10.7,28.8,9.13,10.45,17.8,18.75,46.3,48.6,9.8,19.6,16.1,26.35,16.0,9.68,13.95,21.0,17.95,223.0,74.3,2440.0,41.1,159.5,57.2,93.2,122.5,31.35,91.2,81.2,13.8,35.35,180.0,18.05,37.95,25.2,63.3,46.8,59.3,,94.0,177.5,40.7,78.6,17.5,10.7,126.5,51.6,79.9,76.3,219.0,213.5,268.5,,,72.5,,,33.0,84.6,219.5,83.3,232.0,52.2,38.6,79.6,54.1
44.9,41.9,51.3,76.5,75.2,69.2,10.75,37.15,71.6,33.05,30.85,302.5,151.5,36.55,51.2,287.0,10.45,15.05,31.8,59.8,185.0,63.2,25.05,15.1,25.9,42.3,288.5,377.0,41.55,73.3,67.0,46.25,27.6,372.5,310.5,282.5,48.85,13.1,206.0,36.75,18.0,105.0,26.15,42.55,20.3,121.5,7.64,10.1,17.4,45.2,15.6,25.05,72.5,25.6,294.0,85.3,9.63,39.5,42.25,106.5,83.1,35.4,83.6,243.5,7.99,13.8,91.4,158.5,70.7,26.25,102.0,490.0,288.0,11.0,125.0,72.0,16.95,46.1,10.0,15.45,14.4,,240.0,18.25,30.05,10.7,28.75,9.13,10.45,17.8,18.75,46.3,48.55,9.8,19.6,16.1,26.3,16.0,9.68,14.0,20.95,17.95,222.5,74.3,2440.0,41.1,159.5,57.1,93.2,122.5,31.35,91.2,81.2,13.75,35.35,180.5,18.0,37.95,25.2,63.4,46.8,59.3,,94.0,177.0,40.7,78.6,17.5,10.75,126.5,51.6,79.9,76.7,219.0,213.5,268.5,,,72.4,,,33.0,84.6,219.5,83.3,232.0,52.1,38.6,79.6,54.0
44.9,41.9,51.4,76.5,75.2,69.2,10.7,37.15,71.6,33.0,30.8,303.0,151.5,36.55,51.2,287.0,10.5,15.05,31.8,59.7,185.0,63.1,25.05,15.1,25.9,42.3,288.5,377.0,41.55,73.3,66.9,46.2,27.6,372.5,310.5,282.5,48.85,13.05,206.0,36.75,18.0,104.5,26.15,42.55,20.3,121.5,7.64,10.1,17.4,45.2,15.6,25.05,72.6,25.6,293.5,85.3,9.63,39.5,42.25,106.5,83.0,35.4,83.6,243.5,7.99,13.8,91.4,158.0,70.6,26.2,102.0,490.5,288.0,11.0,125.0,72.0,16.95,46.2,10.0,15.45,14.45,,240.0,18.25,30.05,10.7,28.75,9.13,10.45,17.8,18.75,46.35,48.6,9.8,19.65,16.1,26.3,16.0,9.68,14.0,20.95,18.0,223.0,74.3,2440.0,41.1,159.5,57.1,93.2,123.0,31.4,91.2,81.2,13.8,35.35,180.5,18.0,37.9,25.2,63.3,46.75,59.3,,94.0,177.0,40.7,78.6,17.5,10.7,126.0,51.6,79.9,76.2,219.0,213.5,268.5,,,72.4,,,33.0,84.6,220.0,83.3,232.0,52.1,38.6,79.6,54.0
44.9,41.9,51.3,76.5,75.3,69.2,10.7,37.15,71.6,33.0,30.8,303.0,151.5,36.5,51.2,287.0,10.5,15.05,31.8,59.7,185.5,63.1,25.05,15.15,25.9,42.3,288.5,377.0,41.55,73.3,66.9,46.2,27.6,372.5,310.5,282.5,48.85,13.1,206.0,36.75,18.0,105.0,26.2,42.5,20.3,121.5,7.64,10.15,17.35,45.2,15.6,25.05,72.6,25.6,293.5,85.3,9.63,39.5,42.3,106.5,83.0,35.4,83.7,243.5,7.99,13.8,91.4,158.5,70.7,26.2,102.0,490.5,288.0,11.05,124.5,72.0,16.95,46.1,10.0,15.45,14.45,,240.0,18.25,30.05,10.7,28.75,9.13,10.45,17.8,18.75,46.3,48.55,9.79,19.6,16.1,26.3,16.05,9.68,14.0,21.0,17.95,222.5,74.4,2440.0,41.1,159.0,57.2,93.2,122.5,31.4,91.2,81.2,13.75,35.35,180.5,18.0,37.9,25.2,63.3,46.75,59.3,,94.0,177.5,40.7,78.6,17.5,10.7,126.5,51.6,79.9,76.2,219.0,213.5,268.5,,,72.4,,,33.0,84.6,219.5,83.3,232.0,52.1,38.6,79.6,54.0
44.9,41.9,51.4,76.5,75.2,69.2,10.7,37.15,71.6,33.0,30.8,303.0,151.5,36.5,51.2,287.0,10.45,15.05,31.8,59.8,185.0,63.1,25.05,15.15,25.9,42.3,288.5,377.0,41.6,73.3,66.9,46.2,27.6,372.5,310.5,282.5,48.85,13.05,205.5,36.7,18.0,104.5,26.15,42.5,20.35,121.5,7.64,10.15,17.35,45.2,15.6,25.0,72.6,25.6,293.5,85.3,9.62,39.5,42.3,106.5,83.0,35.4,83.7,243.5,7.99,13.8,91.4,158.0,70.6,26.25,102.0,490.5,287.5,11.05,124.5,72.0,16.95,46.1,10.0,15.45,14.5,,240.0,18.25,30.05,10.7,28.75,9.13,10.45,17.8,18.75,46.3,48.55,9.79,19.65,16.15,26.3,16.05,9.69,13.95,20.95,18.0,222.5,74.4,2440.0,41.15,159.5,57.1,93.2,123.0,31.35,91.2,81.2,13.75,35.35,180.5,18.05,37.9,25.2,63.2,46.75,59.3,,93.8,177.5,40.65,78.6,17.5,10.75,126.0,51.6,79.9,76.2,219.0,213.5,268.5,,,72.5,,,33.0,84.6,219.5,83.3,232.0,52.1,38.6,79.6,54.0
44.9,41.9,51.4,76.7,75.2,69.2,10.7,37.15,71.6,33.0,30.8,303.0,151.5,36.5,51.2,287.0,10.5,15.05,31.8,59.8,185.0,63.1,25.05,15.15,25.9,42.3,288.5,377.0,41.6,73.4,66.9,46.2,27.6,372.5,310.0,282.5,48.85,13.05,205.5,36.7,18.0,105.0,26.15,42.5,20.3,121.5,7.65,10.15,17.35,45.15,15.6,25.0,72.7,25.6,293.5,85.2,9.62,39.5,42.3,106.5,82.9,35.4,84.0,243.5,7.99,13.8,91.4,158.0,70.6,26.25,102.0,490.5,287.5,11.05,124.5,72.0,16.95,46.2,10.05,15.45,14.5,,240.0,18.25,30.05,10.7,28.7,9.13,10.45,17.8,18.8,46.3,48.6,9.79,19.6,16.15,26.3,16.05,9.68,14.0,21.0,18.0,222.5,74.4,2440.0,41.1,159.5,57.1,93.1,123.0,31.35,91.1,81.2,13.8,35.35,180.5,18.0,37.95,25.2,63.2,46.75,59.3,,93.8,177.0,40.65,78.7,17.5,10.7,126.0,51.6,80.0,76.2,219.0,213.5,268.5,,,72.5,,,33.0,84.5,219.5,83.3,232.0,52.1,38.6,79.6,54.0
44.9,41.9,51.4,76.8,75.2,69.2,10.75,37.15,71.6,33.0,30.8,302.5,151.5,36.45,51.2,287.0,10.5,15.05,31.8,59.8,185.0,63.1,25.05,15.1,25.9,42.3,288.5,377.0,41.6,73.4,66.9,46.2,27.65,372.5,310.0,282.5,48.85,13.05,205.5,36.75,18.0,104.5,26.15,42.55,20.3,121.5,7.64,10.15,17.35,45.2,15.6,25.05,72.7,25.6,294.0,85.2,9.62,39.5,42.35,106.5,82.9,35.4,84.0,243.5,7.99,13.8,91.4,158.0,70.5,26.25,102.0,490.5,287.5,11.1,125.0,72.0,17.0,46.2,10.0,15.45,14.5,,240.0,18.25,30.05,10.7,28.7,9.13,10.45,17.8,18.8,46.3,48.55,9.8,19.65,16.15,26.3,16.05,9.68,14.0,20.95,18.0,222.5,74.4,2440.0,41.1,159.5,57.1,93.2,123.0,31.4,91.1,81.2,13.8,35.35,180.5,18.05,37.9,25.15,63.3,46.75,59.3,,93.9,177.0,40.65,78.6,17.5,10.7,126.5,51.6,80.0,76.2,219.0,213.5,268.5,,,72.5,,,33.0,84.5,219.5,83.3,232.0,52.2,38.6,79.6,54.0
44.9,41.9,51.3,76.8,75.2,69.2,10.7,37.15,71.6,33.0,30.8,302.5,151.5,36.55,51.2,287.0,10.5,15.05,31.8,59.8,185.0,63.1,25.0,15.1,25.95,42.3,288.5,377.0,41.55,73.4,66.9,46.2,27.65,372.5,310.5,282.5,48.85,13.1,206.0,36.7,18.0,105.0,26.15,42.55,20.3,121.5,7.64,10.15,17.35,45.2,15.6,25.05,72.7,25.6,293.5,85.1,9.62,39.5,42.4,107.0,82.9,35.35,83.6,243.5,7.99,13.75,91.4,158.5,70.5,26.25,102.0,490.5,287.0,11.1,124.5,72.0,17.0,46.2,10.0,15.45,14.5,,240.0,18.25,30.05,10.7,28.7,9.13,10.45,17.8,18.8,46.3,48.6,9.8,19.6,16.15,26.3,16.05,9.68,14.0,21.0,18.0,222.5,74.4,2440.0,41.15,159.5,57.1,93.2,123.0,31.4,91.1,81.2,13.8,35.35,180.5,18.0,37.95,25.15,63.2,46.75,59.3,,93.9,177.0,40.65,78.6,17.5,10.7,126.5,51.6,80.0,76.2,219.0,213.5,268.5,,,72.5,,,33.0,84.6,220.0,83.3,232.0,52.2,38.6,79.6,54.0
44.9,41.9,51.4,76.8,75.2,69.2,10.75,37.15,71.6,33.0,30.8,302.5,151.5,36.55,51.3,287.0,10.5,15.05,31.8,59.8,185.0,63.1,25.1,15.1,25.95,42.3,288.5,377.5,41.55,73.4,66.9,46.2,27.6,372.5,310.5,282.5,48.85,13.05,206.0,36.7,18.05,104.5,26.15,42.5,20.3,121.5,7.65,10.15,17.35,45.2,15.6,25.1,72.7,25.6,293.5,85.1,9.62,39.5,42.4,107.0,83.0,35.35,83.6,243.5,7.99,13.8,91.4,158.5,70.5,26.25,102.0,490.5,287.0,11.1,124.5,72.0,17.0,46.2,10.05,15.5,14.45,,240.0,18.25,30.1,10.7,28.7,9.14,10.45,17.8,18.8,46.25,48.55,9.8,19.65,16.15,26.3,16.05,9.69,14.0,21.0,18.0,223.0,74.4,2440.0,41.25,159.5,57.1,93.2,123.0,31.4,91.2,81.2,13.8,35.35,180.0,18.05,37.95,25.2,63.2,46.7,59.3,,93.9,177.0,40.65,78.6,17.55,10.7,126.5,51.6,79.9,76.2,219.0,214.0,268.5,,,72.5,,,33.0,84.6,220.0,83.3,232.0,52.2,38.6,79.6,54.0
44.9,41.9,51.4,76.8,75.2,69.2,10.7,37.15,71.6,33.05,30.85,302.5,151.5,36.5,51.3,287.0,10.45,15.05,31.8,59.8,185.5,63.1,25.0,15.1,25.95,42.3,288.5,377.5,41.55,73.4,66.9,46.2,27.6,372.0,310.5,282.5,48.85,13.1,206.0,36.7,18.0,105.0,26.15,42.55,20.3,121.5,7.64,10.1,17.35,45.2,15.6,25.05,72.6,25.55,294.0,85.0,9.61,39.5,42.4,107.0,82.9,35.4,83.6,242.0,7.99,13.8,91.4,158.5,70.6,26.25,102.0,490.5,287.0,11.1,124.5,71.9,17.0,46.1,10.05,15.5,14.45,,240.0,18.25,30.1,10.7,28.75,9.14,10.45,17.8,18.75,46.25,48.6,9.8,19.6,16.15,26.3,16.05,9.68,14.0,21.0,17.95,223.0,74.4,2440.0,41.2,159.0,57.1,93.1,123.0,31.4,91.2,81.1,13.75,35.35,180.5,18.0,37.95,25.2,63.3,46.7,59.3,,93.9,177.5,40.65,78.6,17.55,10.7,126.5,51.6,80.0,76.2,219.0,214.0,268.5,,,72.5,,,33.0,84.6,220.0,83.3,232.0,52.3,38.6,79.6,54.0
44.9,41.85,51.4,76.8,75.3,69.2,10.7,37.15,71.6,33.05,30.85,302.5,151.5,36.5,51.3,287.0,10.5,15.0,31.8,59.8,185.5,63.1,25.0,15.1,25.9,42.3,288.5,377.0,41.55,73.4,66.9,46.15,27.6,372.0,310.5,282.5,48.9,13.05,206.0,36.75,18.0,105.0,26.15,42.5,20.3,121.5,7.64,10.15,17.35,45.2,15.65,25.05,72.6,25.55,293.5,85.0,9.61,39.5,42.4,107.0,82.9,35.4,83.6,242.0,7.99,13.8,91.4,158.5,70.5,26.25,102.0,490.5,287.5,11.1,125.0,71.9,16.95,46.1,10.0,15.5,14.45,,240.0,18.25,30.1,10.7,28.75,9.13,10.45,17.8,18.8,46.25,48.55,9.8,19.65,16.15,26.3,16.05,9.68,14.0,20.95,18.0,222.5,74.5,2440.0,41.2,159.5,57.1,93.2,123.0,31.35,91.3,81.1,13.75,35.35,180.5,18.05,37.9,25.2,63.2,46.7,59.3,,94.0,177.0,40.65,78.6,17.55,10.7,126.5,51.7,79.9,76.3,219.0,214.0,268.5,,,72.5,,,33.0,84.6,219.5,83.3,232.0,52.3,38.6,79.6,54.0
44.9,41.9,51.4,76.8,75.3,69.2,10.7,37.15,71.6,33.0,30.85,302.5,151.5,36.45,51.3,287.0,10.5,15.0,31.85,59.8,185.5,63.2,25.05,15.1,25.9,42.3,288.5,377.0,41.55,73.4,67.0,46.15,27.65,372.0,310.5,282.5,48.8,13.1,206.0,36.7,18.0,105.0,26.15,42.5,20.35,121.5,7.64,10.15,17.35,45.15,15.6,25.05,72.6,25.55,293.5,85.0,9.61,39.5,42.35,107.0,82.9,35.4,83.7,242.0,7.99,13.8,91.4,158.5,70.6,26.25,102.0,491.0,287.0,11.1,124.5,71.9,17.0,46.1,10.0,15.45,14.45,,240.0,18.25,30.1,10.7,28.75,9.14,10.45,17.8,18.8,46.25,48.55,9.8,19.6,16.15,26.3,16.05,9.68,14.0,21.0,17.95,222.5,74.4,2440.0,41.2,159.0,57.1,93.1,122.5,31.4,91.3,81.1,13.75,35.35,180.5,18.05,37.9,25.2,63.2,46.7,59.3,,94.0,177.0,40.65,78.7,17.5,10.7,126.5,51.6,79.8,76.7,219.0,214.0,268.5,,,72.5,,,33.0,84.6,220.0,83.3,232.0,52.3,38.55,79.6,53.9
44.9,41.9,51.4,76.7,75.2,69.2,10.7,37.2,71.6,33.0,30.8,302.5,151.5,36.45,51.3,287.0,10.5,15.0,31.85,59.7,185.5,63.1,25.05,15.1,25.9,42.3,288.5,377.0,41.55,73.3,67.0,46.15,27.6,372.0,310.5,282.5,48.8,13.05,206.0,36.7,18.0,104.5,26.15,42.5,20.35,121.5,7.65,10.15,17.4,45.15,15.6,25.05,72.6,25.55,293.5,85.0,9.61,39.5,42.35,106.5,82.9,35.45,83.7,242.0,7.99,13.8,91.4,158.5,70.6,26.25,101.5,491.0,287.0,11.1,124.5,71.9,17.0,46.1,10.0,15.45,14.4,,240.0,18.25,30.1,10.7,28.75,9.14,10.45,17.8,18.75,46.25,48.55,9.8,19.65,16.15,26.3,16.05,9.69,14.0,20.95,18.0,223.0,74.5,2440.0,41.2,159.5,57.1,93.1,123.0,31.35,91.3,81.1,13.8,35.35,180.5,18.05,37.9,25.2,63.2,46.7,59.3,,94.0,177.0,40.65,78.6,17.5,10.7,126.5,51.7,79.9,76.3,218.0,214.0,268.5,,,72.5,,,33.0,84.6,220.0,83.3,232.0,52.3,38.55,79.6,53.9
44.85,41.9,51.3,76.7,75.2,69.1,10.7,37.1,71.6,33.0,30.8,302.5,151.5,36.45,51.2,287.0,10.45,15.0,31.85,59.7,185.5,63.1,25.05,15.1,25.9,42.3,288.5,377.0,41.55,73.3,67.0,46.15,27.6,372.0,310.5,282.5,48.85,13.1,205.5,36.7,18.0,105.0,26.15,42.5,20.35,121.5,7.65,10.15,17.4,45.15,15.6,25.1,72.6,25.55,293.5,85.0,9.61,39.5,42.3,107.0,82.9,35.45,83.6,242.0,7.99,13.8,91.4,158.5,70.5,26.25,101.5,490.5,287.0,11.1,124.5,72.0,17.0,46.1,10.0,15.45,14.4,,240.0,18.2,30.1,10.7,28.7,9.13,10.45,17.8,18.75,46.25,48.55,9.8,19.6,16.1,26.3,16.0,9.69,14.0,21.0,17.95,222.5,74.4,2440.0,41.2,159.5,57.1,93.1,123.0,31.35,91.3,81.1,13.75,35.35,180.5,18.05,37.9,25.2,63.2,46.7,59.3,,94.0,177.0,40.65,78.6,17.5,10.7,126.5,51.7,79.8,76.3,218.0,214.0,268.5,,,72.4,,,33.0,84.6,220.0,83.3,232.0,52.3,38.55,79.6,53.9
44.85,41.9,51.3,76.7,75.2,69.1,10.7,37.1,71.5,33.0,30.8,302.5,151.5,36.45,51.2,287.0,10.45,15.0,31.85,59.8,185.5,63.1,25.05,15.1,25.9,42.3,288.5,377.0,41.6,73.3,67.0,46.15,27.6,372.0,310.5,282.5,48.85,13.05,205.5,36.65,18.0,104.5,26.15,42.45,20.35,121.5,7.64,10.15,17.4,45.15,15.6,25.1,72.7,25.6,293.5,85.0,9.61,39.5,42.3,106.5,82.9,35.45,83.6,242.0,7.99,13.8,91.4,158.5,70.5,26.25,101.5,490.5,287.0,11.1,124.5,71.9,17.0,46.1,10.0,15.45,14.4,,240.0,18.2,30.1,10.7,28.75,9.13,10.45,17.8,18.75,46.25,48.55,9.8,19.65,16.15,26.3,16.05,9.68,14.0,20.95,17.95,222.5,74.4,2440.0,41.2,159.5,57.5,93.1,123.0,31.35,91.1,81.1,13.8,35.35,180.5,18.05,37.9,25.2,63.1,46.7,59.3,,94.1,177.0,40.65,78.7,17.5,10.7,126.5,51.7,79.8,76.3,219.0,214.0,268.5,,,72.4,,,33.0,84.6,219.5,83.3,232.0,52.3,38.55,79.6,53.9
44.9,41.85,51.3,76.7,75.2,69.1,10.7,37.1,71.5,33.0,30.8,302.5,151.5,36.45,51.2,287.0,10.45,15.0,31.85,59.8,185.0,63.1,25.05,15.1,25.9,42.3,288.5,377.0,41.6,73.3,67.0,46.15,27.65,372.0,310.5,282.0,48.9,13.1,206.0,36.65,18.0,104.5,26.15,42.5,20.35,121.5,7.64,10.15,17.35,45.15,15.6,25.1,72.7,25.55,293.5,85.0,9.61,39.5,42.3,106.5,83.0,35.4,83.6,242.0,7.99,13.75,91.4,158.0,70.5,26.25,101.5,491.0,287.5,11.05,124.5,71.9,16.95,46.1,10.0,15.5,14.4,,240.0,18.2,30.1,10.7,28.7,9.13,10.45,17.8,18.75,46.25,48.55,9.8,19.6,16.1,26.3,16.0,9.68,13.95,20.95,17.95,222.5,74.4,2440.0,41.2,159.0,57.7,93.1,122.5,31.35,91.1,81.1,13.75,35.35,180.5,18.0,37.9,25.2,63.2,46.7,59.3,,94.2,177.0,40.7,78.7,17.5,10.7,126.5,51.6,79.8,76.8,219.0,214.0,268.5,,,72.4,,,33.0,84.6,219.5,83.3,232.0,52.3,38.55,79.6,53.9
44.9,41.9,51.4,76.7,75.2,69.1,10.7,37.1,71.6,33.05,30.8,302.0,151.5,36.45,51.2,287.0,10.5,15.0,31.85,59.8,185.0,63.2,25.05,15.1,25.95,42.3,288.5,377.0,41.6,73.4,67.0,46.15,27.65,372.0,310.5,282.0,48.85,13.1,206.0,36.6,17.95,104.5,26.15,42.45,20.35,121.0,7.64,10.15,17.35,45.15,15.6,25.1,72.7,25.55,293.5,85.0,9.61,39.5,42.25,106.5,83.0,35.4,83.6,242.0,7.99,13.8,91.4,158.5,70.5,26.25,101.5,490.5,287.0,11.05,125.0,72.0,16.95,46.1,10.0,15.5,14.4,,240.0,18.25,30.1,10.7,28.75,9.13,10.45,17.8,18.75,46.3,48.6,9.8,19.65,16.15,26.3,16.0,9.69,14.0,20.95,18.0,222.5,74.4,2440.0,41.2,159.5,57.7,93.1,123.0,31.35,91.1,81.1,13.8,35.35,180.5,18.05,37.95,25.2,63.2,46.7,59.3,,94.3,177.0,40.7,78.6,17.5,10.75,126.5,51.6,79.8,76.6,219.0,214.0,268.5,,,72.5,,,33.0,84.6,220.0,83.3,232.0,52.3,38.6,79.6,53.9
44.9,41.9,51.3,76.7,75.2,69.1,10.7,37.1,71.6,33.0,30.8,302.0,151.5,36.45,51.2,287.0,10.45,15.0,31.85,59.7,185.0,63.1,25.05,15.1,25.95,42.25,288.5,377.0,41.6,73.5,67.0,46.15,27.65,372.0,310.5,282.0,48.85,13.05,206.0,36.6,17.95,105.0,26.15,42.45,20.35,121.5,7.64,10.15,17.35,45.15,15.6,25.1,72.5,25.55,293.5,85.0,9.61,39.5,42.25,106.0,82.9,35.4,83.6,242.0,7.99,13.75,91.5,158.0,70.5,26.25,101.5,491.0,286.5,11.05,125.0,72.0,17.0,46.1,10.0,15.5,14.4,,240.0,18.25,30.1,10.7,28.75,9.13,10.45,17.85,18.75,46.25,48.55,9.8,19.6,16.15,26.3,16.05,9.68,14.05,20.95,18.0,222.5,74.4,2440.0,41.15,159.5,57.7,93.0,123.0,31.3,91.1,81.1,13.75,35.35,180.5,18.05,37.9,25.2,63.1,46.7,59.3,,94.2,177.5,40.7,78.6,17.5,10.75,126.5,51.6,79.8,76.6,219.0,214.0,268.5,,,72.5,,,33.0,84.6,219.5,83.3,232.0,52.3,38.65,79.6,53.9
44.9,41.9,51.4,76.7,75.2,69.1,10.7,37.1,71.6,33.0,30.8,302.0,151.5,36.4,51.2,287.0,10.45,15.0,31.85,59.7,185.0,63.1,25.05,15.1,25.9,42.25,288.5,377.5,41.6,73.5,67.0,46.15,27.6,372.0,310.5,282.0,48.85,13.05,205.5,36.5,17.95,104.5,26.1,42.45,20.3,121.5,7.65,10.15,17.35,45.1,15.6,25.15,72.5,25.55,293.5,85.0,9.61,39.5,42.25,106.5,83.0,35.4,83.6,242.0,7.99,13.75,91.4,158.0,70.5,26.25,102.0,491.0,286.5,11.05,125.0,72.0,17.0,46.1,10.0,15.5,14.4,,240.0,18.2,30.1,10.7,28.7,9.14,10.45,17.85,18.75,46.3,48.55,9.81,19.65,16.1,26.3,16.05,9.68,14.05,20.95,18.0,223.0,74.4,2435.0,41.15,159.5,57.7,93.0,123.0,31.3,91.1,81.1,13.75,35.35,180.5,18.05,37.9,25.2,63.1,46.7,59.3,,94.2,177.5,40.7,78.6,17.55,10.7,126.5,51.6,79.8,76.6,219.0,214.0,268.5,,,72.4,,,33.0,84.6,219.5,83.3,232.0,52.3,38.55,79.6,53.9
44.85,41.85,51.3,76.7,75.2,69.1,10.75,37.1,71.5,33.0,30.8,302.0,151.5,36.4,51.2,287.0,10.45,15.0,31.85,59.7,185.0,63.1,25.05,15.1,25.9,42.25,288.5,377.0,41.6,73.5,67.0,46.15,27.6,372.0,310.5,282.0,48.85,13.05,206.0,36.5,17.95,104.5,26.15,42.45,20.3,121.5,7.65,10.15,17.35,45.15,15.6,25.1,72.6,25.55,293.5,85.0,9.61,39.5,42.2,106.0,83.0,35.4,83.7,242.0,7.99,13.75,91.4,158.0,70.5,26.25,102.0,490.5,286.5,11.05,125.0,72.0,16.95,46.1,10.0,15.45,14.4,,240.0,18.2,30.1,10.7,28.7,9.14,10.45,17.85,18.8,46.25,48.55,9.81,19.6,16.15,26.3,16.0,9.68,14.05,21.0,18.0,223.0,74.4,2440.0,41.15,159.0,57.7,93.0,122.5,31.3,91.1,81.1,13.75,35.35,180.5,18.05,37.95,25.2,63.1,46.7,59.3,,94.1,177.0,40.7,78.6,17.55,10.7,126.5,51.6,79.9,76.5,219.0,214.0,268.5,,,72.5,,,33.0,84.6,220.0,83.3,232.0,52.3,38.55,79.6,54.0
44.9,41.9,51.3,76.8,75.2,69.1,10.7,37.1,71.6,33.0,30.8,302.0,151.5,36.4,51.2,287.0,10.45,15.0,31.85,59.8,185.0,63.1,25.05,15.1,25.9,42.3,288.5,377.0,41.6,73.5,67.0,46.15,27.6,372.0,310.5,282.0,48.85,13.05,206.0,36.5,17.95,104.5,26.1,42.4,20.25,121.5,7.64,10.1,17.35,45.1,15.6,25.1,72.5,25.55,293.5,85.0,9.61,39.45,42.2,106.0,83.0,35.4,83.6,242.5,7.99,13.8,91.4,158.5,70.5,26.3,102.0,490.5,286.5,11.05,125.0,72.0,16.95,46.1,10.0,15.45,14.4,,240.0,18.2,30.1,10.7,28.7,9.14,10.4,17.85,18.8,46.25,48.6,9.81,19.65,16.1,26.3,16.05,9.68,14.0,21.0,17.95,223.0,74.5,2440.0,41.2,159.5,57.7,93.0,123.0,31.3,91.1,81.1,13.8,35.35,180.5,18.05,37.95,25.15,63.2,46.7,59.3,,94.1,177.0,40.7,78.6,17.55,10.75,126.0,51.7,79.8,76.5,219.0,214.0,268.5,,,72.5,,,33.0,84.7,220.0,83.3,232.0,52.3,38.55,79.6,54.0
44.9,41.9,51.3,76.8,75.3,69.1,10.7,37.1,71.6,33.0,30.8,302.0,151.5,36.45,51.2,287.0,10.45,15.0,31.85,59.8,185.5,63.1,25.05,15.1,25.95,42.35,288.5,377.0,41.6,73.5,67.0,46.15,27.6,372.0,310.5,282.0,48.9,13.1,206.0,36.5,17.95,105.0,26.1,42.4,20.25,121.5,7.64,10.15,17.35,45.15,15.6,25.1,72.5,25.55,294.0,84.9,9.61,39.45,42.15,106.5,83.0,35.4,83.6,242.5,7.99,13.75,91.4,158.0,70.6,26.25,102.0,490.5,287.0,11.05,125.0,72.0,16.95,46.1,10.0,15.5,14.4,,240.0,18.25,30.1,10.7,28.75,9.14,10.4,17.85,18.8,46.25,48.55,9.8,19.6,16.1,26.3,16.05,9.68,14.0,21.0,17.95,222.5,74.5,2435.0,41.3,159.5,57.7,93.0,122.5,31.25,91.1,81.1,13.75,35.35,180.5,18.0,37.95,25.2,63.2,46.7,59.3,,94.1,177.0,40.7,78.7,17.55,10.7,126.0,51.6,79.8,76.9,219.0,214.0,268.5,,,72.5,,,33.0,84.7,219.5,83.3,232.0,52.3,38.55,79.6,54.0
44.9,41.9,51.4,76.8,75.3,69.2,10.7,37.1,71.6,33.0,30.8,301.5,151.5,36.45,51.2,287.0,10.45,15.0,31.85,59.8,185.5,63.1,25.05,15.1,25.9,42.35,288.5,377.0,41.6,73.5,66.9,46.15,27.6,372.0,310.0,282.0,48.9,13.05,205.5,36.55,17.95,104.5,26.1,42.4,20.25,121.5,7.64,10.15,17.35,45.15,15.55,25.05,72.5,25.55,294.0,84.9,9.61,39.45,42.1,106.5,83.0,35.4,83.9,242.5,7.99,13.75,91.4,158.5,70.6,26.25,102.0,490.0,287.0,11.05,125.0,72.0,16.95,46.1,10.0,15.5,14.4,,240.0,18.25,30.1,10.75,28.75,9.13,10.4,17.85,18.8,46.25,48.6,9.8,19.65,16.15,26.3,16.0,9.68,14.0,20.95,18.0,222.5,74.4,2435.0,41.3,159.0,57.7,93.0,123.0,31.25,91.1,81.1,13.8,35.35,180.0,18.0,37.95,25.2,63.2,46.7,59.3,,94.0,177.0,40.7,78.7,17.55,10.7,126.0,51.6,79.8,76.4,219.0,214.0,268.5,,,72.5,,,33.0,84.7,220.0,83.3,232.0,52.2,38.55,79.6,54.0
44.9,41.9,51.4,76.7,75.3,69.2,10.75,37.1,71.7,33.0,30.8,301.5,151.5,36.45,51.2,287.0,10.45,15.0,31.85,59.7,185.5,63.1,25.05,15.1,25.95,42.35,288.5,377.5,41.65,73.5,66.9,46.15,27.65,372.5,310.0,282.0,48.9,13.1,205.5,36.5,17.95,105.0,26.15,42.4,20.25,121.5,7.65,10.1,17.35,45.15,15.55,25.0,72.5,25.55,294.0,84.9,9.61,39.45,42.05,106.0,83.0,35.35,83.6,242.5,7.99,13.75,91.4,158.5,70.5,26.3,102.0,490.5,287.0,11.05,125.0,72.0,16.95,46.1,10.05,15.5,14.4,,240.0,18.2,30.1,10.75,28.75,9.13,10.4,17.85,18.8,46.25,48.55,9.8,19.65,16.15,26.3,16.0,9.68,14.0,20.95,17.95,222.5,74.4,2435.0,41.3,159.0,57.8,93.1,122.5,31.25,91.1,81.1,13.75,35.35,180.0,18.0,37.95,25.15,63.1,46.7,59.3,,94.1,177.5,40.7,78.6,17.55,10.7,126.0,51.6,79.8,76.4,219.0,214.0,268.5,,,72.5,,,33.0,84.7,220.0,83.3,231.5,52.2,38.55,79.6,54.0
44.9,41.85,51.4,76.7,75.2,69.2,10.7,37.1,71.6,33.05,30.8,301.5,151.5,36.4,51.2,287.0,10.45,15.0,31.85,59.8,185.5,63.1,25.05,15.1,25.9,42.35,288.5,377.5,41.65,73.5,66.9,46.1,27.6,372.5,310.0,282.0,48.85,13.1,206.0,36.5,17.95,104.5,26.1,42.4,20.25,121.5,7.65,10.15,17.35,45.15,15.55,25.0,72.5,25.55,294.0,84.9,9.61,39.45,42.1,106.0,83.0,35.45,83.6,242.5,7.99,13.8,91.4,158.5,70.6,26.25,102.0,490.5,286.5,11.05,125.0,72.0,16.85,46.1,10.0,15.45,14.4,,240.5,18.25,30.1,10.75,28.75,9.13,10.45,17.85,18.75,46.25,48.55,9.81,19.65,16.15,26.3,16.0,9.68,14.0,20.95,18.0,223.0,74.4,2435.0,41.25,159.5,57.8,93.2,122.5,31.25,91.2,81.1,13.75,35.35,180.0,18.05,37.95,25.15,63.2,46.65,59.3,,94.0,177.5,40.7,78.5,17.5,10.75,126.5,51.6,79.8,76.4,219.0,214.0,268.5,,,72.5,,,33.0,84.7,220.0,83.3,232.0,52.2,38.55,79.5,54.0
44.9,41.9,51.4,76.7,75.2,69.2,10.7,37.1,71.7,33.05,30.8,302.0,151.5,36.4,51.2,287.0,10.45,15.0,31.85,59.8,185.5,63.1,25.05,15.1,25.9,42.35,288.5,377.5,41.65,73.5,66.9,46.1,27.6,372.5,310.0,282.0,48.85,13.05,206.0,36.5,17.95,104.5,26.1,42.4,20.3,121.5,7.65,10.1,17.35,45.15,15.55,25.05,72.5,25.55,294.0,84.9,9.61,39.5,42.1,106.0,83.0,35.45,83.6,242.0,7.99,13.8,91.4,158.5,70.5,26.25,101.5,490.5,287.0,11.0,125.0,72.0,16.85,46.1,10.0,15.45,14.4,,240.5,18.25,30.1,10.75,28.75,9.13,10.45,17.85,18.75,46.25,48.55,9.8,19.65,16.15,26.3,16.0,9.68,14.0,21.0,17.95,223.0,74.4,2440.0,41.3,159.5,57.8,93.2,123.0,31.3,91.2,81.1,13.75,35.35,180.5,18.0,37.95,25.15,63.2,46.7,59.3,,94.0,177.0,40.7,78.6,17.5,10.7,126.5,51.6,79.8,76.4,219.0,214.0,268.5,,,72.5,,,33.0,84.7,219.5,83.3,232.0,52.2,38.55,79.5,54.0
44.9,41.9,51.4,76.7,75.2,69.3,10.7,37.1,71.7,33.05,30.8,302.0,151.5,36.45,51.2,287.0,10.45,15.0,31.85,59.8,185.0,63.1,25.05,15.15,25.9,42.35,288.5,377.5,41.65,73.5,66.9,46.15,27.65,372.5,310.0,282.0,48.85,13.05,206.0,36.5,17.95,104.5,26.1,42.4,20.25,121.0,7.65,10.15,17.35,45.15,15.55,25.05,72.5,25.55,294.0,84.9,9.61,39.45,42.1,106.0,83.0,35.45,83.6,242.0,7.99,13.8,91.4,158.5,70.4,26.3,101.5,490.5,287.0,11.1,125.0,72.0,16.85,46.1,10.05,15.5,14.4,,240.5,18.25,30.1,10.75,28.75,9.13,10.45,17.85,18.8,46.25,48.55,9.8,19.65,16.1,26.3,16.05,9.69,14.0,21.0,17.95,223.0,74.4,2440.0,41.3,159.5,57.8,93.2,123.0,31.3,91.2,81.1,13.75,35.35,180.5,18.05,37.95,25.15,63.3,46.65,59.3,,94.0,177.0,40.7,78.6,17.5,10.7,126.5,51.7,79.8,76.8,219.0,214.0,268.5,,,72.5,,,33.0,84.7,220.0,83.3,232.0,52.3,38.55,79.5,53.9
44.85,41.9,51.3,76.7,75.2,69.3,10.7,37.1,71.7,33.05,30.8,301.5,151.5,36.45,51.2,287.0,10.45,15.0,31.85,59.7,185.0,63.1,25.05,15.15,25.9,42.35,288.5,377.5,41.65,73.4,66.9,46.15,27.65,372.5,310.5,282.0,48.85,13.05,206.0,36.45,17.95,104.5,26.1,42.35,20.3,121.5,7.64,10.15,17.35,45.15,15.55,25.05,72.6,25.6,293.5,84.9,9.61,39.45,42.15,106.0,83.0,35.45,84.0,242.0,7.99,13.8,91.4,158.0,70.6,26.25,101.5,490.5,287.0,11.1,125.0,72.0,16.8,46.1,10.0,15.5,14.4,,240.5,18.25,30.1,10.75,28.75,9.13,10.45,17.85,18.8,46.3,48.55,9.8,19.65,16.1,26.3,16.0,9.69,14.0,21.0,17.95,223.0,74.4,2440.0,41.3,159.5,57.8,93.1,122.5,31.3,91.1,81.1,13.75,35.35,180.5,18.05,37.95,25.15,63.3,46.65,59.3,,93.9,177.0,40.7,78.6,17.5,10.7,126.5,51.7,79.9,76.4,219.0,214.0,268.5,,,72.5,,,33.0,84.7,220.0,83.3,232.0,52.3,38.55,79.5,53.9
44.85,41.85,51.4,76.7,75.2,69.3,10.7,37.1,71.7,33.05,30.8,301.5,151.5,36.45,51.2,287.0,10.45,15.0,31.85,59.7,185.0,63.1,25.05,15.15,25.9,42.3,288.5,377.5,41.65,73.4,66.9,46.15,27.65,372.5,310.5,282.0,48.85,13.05,206.0,36.45,17.95,104.5,26.1,42.35,20.3,121.5,7.64,10.1,17.35,45.1,15.6,25.0,72.6,25.6,294.0,85.0,9.61,39.45,42.1,106.0,83.1,35.45,84.0,242.0,7.99,13.8,91.4,158.0,70.5,26.2,101.5,491.0,287.0,11.1,125.0,72.0,16.85,46.1,10.0,15.5,14.45,,240.5,18.25,30.1,10.75,28.75,9.13,10.45,17.85,18.8,46.3,48.6,9.8,19.65,16.1,26.3,16.0,9.68,14.05,20.95,17.95,223.0,74.3,2440.0,41.15,159.5,57.8,93.2,123.0,31.25,91.1,81.1,13.75,35.35,180.5,18.05,37.9,25.15,63.3,46.65,59.3,,93.9,177.0,40.7,78.6,17.5,10.7,126.0,51.7,79.9,76.4,219.0,214.0,268.5,,,72.5,,,33.0,84.7,219.5,83.3,232.0,52.2,38.6,79.5,53.9
44.85,41.9,51.3,76.7,75.2,69.2,10.7,37.1,71.7,33.0,30.8,301.5,151.5,36.4,51.2,287.0,10.45,15.0,31.85,59.7,185.5,63.1,25.05,15.15,25.9,42.3,288.5,377.5,41.6,73.4,67.0,46.15,27.65,372.5,310.5,282.0,48.8,13.05,205.5,36.45,17.95,104.5,26.1,42.4,20.3,121.5,7.64,10.15,17.35,45.2,15.55,25.05,72.6,25.6,293.5,84.9,9.61,39.45,42.15,106.0,83.0,35.45,83.6,242.0,7.99,13.8,91.5,158.5,70.5,26.2,101.5,491.0,286.5,11.1,125.0,71.9,16.85,46.1,10.0,15.5,14.45,,240.5,18.2,30.1,10.75,28.75,9.12,10.45,17.85,18.75,46.3,48.55,9.8,19.65,16.1,26.25,16.0,9.68,14.0,21.0,17.95,223.0,74.3,2440.0,41.2,159.0,57.8,93.1,123.0,31.3,91.1,81.1,13.8,35.35,180.5,18.05,37.9,25.15,63.3,46.65,59.3,,93.9,177.0,40.7,78.6,17.55,10.7,126.5,51.7,79.9,76.4,219.0,214.0,268.5,,,72.5,,,33.0,84.7,219.0,83.3,232.0,52.2,38.6,79.5,53.9
44.85,41.9,51.3,76.7,75.2,69.2,10.7,37.1,71.7,33.05,30.8,301.5,151.5,36.45,51.3,287.0,10.5,15.0,31.85,59.7,185.5,63.1,25.1,15.15,25.9,42.3,288.5,377.5,41.6,73.5,67.1,46.15,27.65,372.0,310.5,282.0,48.85,13.1,205.5,36.5,17.95,104.5,26.15,42.35,20.3,121.0,7.64,10.15,17.35,45.2,15.6,25.05,72.6,25.6,294.0,84.9,9.61,39.45,42.15,106.0,83.0,35.45,83.6,242.0,7.99,13.8,91.4,158.5,70.5,26.2,102.0,491.5,287.0,11.0,125.0,71.9,16.8,46.05,10.05,15.5,14.4,,240.5,18.3,30.1,10.75,28.75,9.12,10.45,17.85,18.75,46.25,48.6,9.8,19.65,16.15,26.25,16.0,9.68,14.0,21.0,18.0,223.0,74.3,2440.0,41.2,159.5,57.8,93.2,122.5,31.3,91.1,81.1,13.8,35.35,180.5,18.05,37.95,25.15,63.3,46.65,59.3,,94.1,177.0,40.7,78.6,17.5,10.7,126.0,51.7,79.8,76.4,219.0,214.0,268.5,,,72.5,,,33.0,84.7,219.0,83.3,231.5,52.3,38.6,79.5,53.9
44.9,41.9,51.4,76.7,75.2,69.3,10.7,37.1,71.7,33.05,30.8,301.0,151.5,36.4,51.2,287.0,10.45,15.0,31.85,59.8,185.5,63.2,25.05,15.1,25.9,42.3,288.5,377.5,41.6,73.5,67.0,46.15,27.65,372.0,310.5,282.0,48.8,13.1,206.0,36.5,17.95,104.5,26.15,42.35,20.35,121.0,7.63,10.15,17.35,45.2,15.55,25.05,72.6,25.6,294.0,85.0,9.61,39.45,42.15,106.0,83.0,35.45,83.6,242.0,7.99,13.8,91.4,158.5,70.5,26.2,102.0,491.0,287.0,11.0,125.0,72.0,16.85,46.05,10.0,15.5,14.4,,240.5,18.3,30.1,10.75,28.8,9.12,10.45,17.85,18.75,46.3,48.6,9.8,19.65,16.15,26.3,16.0,9.68,14.0,21.0,18.0,223.0,74.3,2440.0,41.3,159.0,57.8,93.2,122.5,31.3,91.1,81.3,13.8,35.35,181.0,18.05,37.9,25.15,63.2,46.65,59.3,,94.0,177.0,40.7,78.7,17.5,10.7,126.5,51.7,79.9,76.9,219.0,214.0,268.5,,,72.5,,,33.0,84.7,219.5,83.3,231.5,52.2,38.65,79.4,53.9
44.9,41.9,51.4,76.7,75.3,69.3,10.7,37.1,71.7,33.05,30.8,301.5,151.5,36.4,51.2,287.0,10.45,15.0,31.85,59.7,185.5,63.2,25.05,15.1,25.9,42.3,288.5,377.0,41.6,73.5,67.0,46.15,27.7,372.0,310.5,282.0,48.8,13.1,206.0,36.5,17.95,104.5,26.15,42.35,20.3,121.5,7.63,10.15,17.35,45.15,15.55,25.0,72.6,25.6,293.5,85.0,9.61,39.45,42.15,106.0,83.1,35.4,83.6,242.5,7.99,13.8,91.4,158.5,70.5,26.2,102.0,491.5,287.0,11.0,124.5,72.0,16.85,46.05,10.0,15.5,14.4,,240.5,18.3,30.1,10.75,28.8,9.12,10.4,17.85,18.75,46.3,48.6,9.81,19.65,16.15,26.25,16.05,9.69,14.0,20.95,18.0,222.5,74.4,2440.0,41.3,159.0,57.8,93.2,123.0,31.3,91.1,81.3,13.75,35.4,181.0,18.05,37.9,25.15,63.2,46.65,59.3,,93.9,177.0,40.7,78.6,17.55,10.75,126.5,51.7,79.8,76.9,219.0,214.0,268.5,,,72.5,,,33.0,84.7,219.5,83.3,231.5,52.2,38.65,79.4,54.0
44.9,41.85,51.3,76.7,75.3,69.3,10.7,37.1,71.7,33.05,30.8,301.0,151.5,36.4,51.2,287.0,10.45,15.0,31.85,59.8,185.5,63.2,25.05,15.1,25.9,42.35,288.5,377.0,41.6,73.5,67.0,46.15,27.7,372.0,310.5,282.0,48.85,13.05,206.0,36.5,17.95,104.5,26.1,42.4,20.3,121.5,7.63,10.1,17.4,45.15,15.6,25.05,72.6,25.6,294.0,85.0,9.61,39.5,42.2,106.0,83.0,35.4,83.6,241.5,7.99,13.8,91.5,158.0,70.5,26.25,101.5,491.5,287.0,11.0,125.0,72.0,16.85,46.05,10.0,15.5,14.4,,240.5,18.3,30.1,10.75,28.8,9.12,10.4,17.85,18.75,46.35,48.55,9.8,19.65,16.15,26.25,16.0,9.68,14.0,20.95,18.0,222.5,74.4,2440.0,41.3,159.0,57.8,93.2,122.5,31.25,91.2,81.3,13.75,35.4,180.5,18.05,37.9,25.15,63.2,46.65,59.3,,94.1,177.0,40.7,78.6,17.5,10.75,126.5,51.7,79.9,76.4,219.0,214.0,268.5,,,72.5,,,33.0,84.7,219.5,83.3,231.5,52.2,38.65,79.4,54.0
44.9,41.9,51.4,76.7,75.2,69.3,10.7,37.1,71.6,33.05,30.8,301.0,151.5,36.45,51.2,287.0,10.5,15.0,31.85,59.8,185.5,63.2,25.05,15.1,25.9,42.3,288.5,377.0,41.6,73.4,67.0,46.15,27.7,372.0,310.5,282.0,48.85,13.05,206.0,36.5,17.95,104.5,26.1,42.4,20.35,121.5,7.63,10.15,17.35,45.2,15.55,25.05,72.6,25.65,294.5,85.0,9.61,39.45,42.2,106.0,83.0,35.45,83.9,241.5,7.99,13.8,91.4,158.0,70.7,26.25,101.5,491.5,287.0,11.0,125.0,72.0,16.85,46.05,10.0,15.5,14.4,,240.5,18.3,30.1,10.75,28.8,9.13,10.4,17.85,18.8,46.3,48.55,9.8,19.65,16.15,26.3,16.0,9.69,14.0,20.95,17.95,222.5,74.4,2440.0,41.3,159.0,57.8,93.2,122.5,31.3,91.2,81.3,13.8,35.4,180.5,18.1,37.95,25.15,63.3,46.65,59.3,,94.1,178.0,40.7,78.6,17.5,10.7,126.0,51.8,79.9,76.4,219.0,214.0,268.5,,,72.5,,,33.0,84.8,220.0,83.3,231.5,52.3,38.65,79.4,54.0
44.9,41.85,51.3,76.8,75.3,69.3,10.7,37.1,71.6,33.05,30.8,301.0,151.5,36.4,51.2,287.0,10.5,15.0,31.85,59.8,185.5,63.1,25.05,15.1,25.9,42.3,288.5,377.0,41.6,73.4,67.0,46.15,27.7,372.0,310.0,281.5,48.85,13.1,206.0,36.5,18.0,104.5,26.1,42.35,20.35,121.5,7.63,10.1,17.35,45.2,15.55,25.05,72.6,25.65,294.0,85.0,9.62,39.5,42.25,105.5,83.0,35.45,83.7,241.5,7.99,13.8,91.4,158.0,70.6,26.2,101.5,492.0,287.0,11.0,124.5,72.0,16.8,46.1,10.0,15.45,14.4,,240.5,18.3,30.1,10.75,28.8,9.12,10.4,17.8,18.8,46.3,48.55,9.8,19.65,16.15,26.3,16.05,9.69,14.0,20.95,17.95,222.5,74.3,2440.0,41.3,159.0,57.8,93.2,122.5,31.25,91.2,81.3,13.75,35.4,180.0,18.05,37.95,25.15,63.2,46.65,59.3,,94.0,178.0,40.7,78.6,17.5,10.75,126.0,51.8,79.9,76.4,219.0,214.0,268.5,,,72.5,,,33.0,84.8,220.0,83.3,231.5,52.3,38.65,79.4,54.0
44.9,41.85,51.4,76.8,75.3,69.3,10.7,37.1,71.7,33.05,30.8,301.0,151.5,36.4,51.2,287.0,10.45,15.0,31.85,59.8,185.5,63.1,25.05,15.1,25.9,42.3,288.5,377.0,41.55,73.4,66.9,46.15,27.7,372.0,310.0,281.5,48.85,13.1,206.0,36.5,17.95,105.0,26.1,42.35,20.35,121.5,7.63,10.15,17.35,45.15,15.5,25.05,72.6,25.65,294.5,84.9,9.61,39.55,42.3,105.5,83.0,35.45,83.7,241.5,7.99,13.8,91.4,158.5,70.5,26.2,101.5,492.0,287.0,11.0,124.5,71.9,16.85,46.1,10.0,15.5,14.4,,240.5,18.3,30.1,10.75,28.8,9.12,10.4,17.8,18.8,46.3,48.6,9.8,19.65,16.15,26.25,16.05,9.68,14.05,21.0,18.0,223.0,74.3,2440.0,41.3,159.0,57.8,93.2,123.0,31.3,91.2,81.3,13.75,35.4,180.5,18.1,37.9,25.15,63.2,46.7,59.3,,94.0,177.5,40.75,78.6,17.55,10.75,126.5,51.8,79.9,76.4,219.0,214.0,268.5,,,72.5,,,33.0,84.8,220.0,83.3,231.5,52.3,38.65,79.4,53.9
44.9,41.9,51.3,76.8,75.2,69.3,10.7,37.1,71.6,33.05,30.8,301.0,151.5,36.4,51.2,287.0,10.45,15.0,31.85,59.8,185.0,63.2,25.05,15.1,25.9,42.3,288.5,377.0,41.6,73.4,66.9,46.15,27.7,372.0,310.0,281.5,48.85,13.1,206.0,36.55,17.95,104.5,26.1,42.35,20.3,121.5,7.64,10.1,17.35,45.2,15.55,25.05,72.6,25.65,294.5,84.9,9.6,39.55,42.3,106.0,83.0,35.45,83.7,241.5,7.99,13.8,91.4,158.5,70.7,26.2,102.0,491.5,287.0,11.0,124.5,71.9,16.85,46.1,10.0,15.5,14.4,,240.5,18.25,30.1,10.75,28.75,9.13,10.4,17.8,18.75,46.3,48.55,9.8,19.65,16.15,26.25,16.05,9.68,14.0,21.0,17.95,222.5,74.3,2440.0,41.3,159.0,57.7,93.1,122.5,31.3,91.2,81.1,13.75,35.4,180.5,18.05,37.9,25.15,63.3,46.7,59.4,,94.0,177.5,40.75,78.7,17.5,10.7,126.0,51.8,79.9,76.4,219.0,214.0,268.5,,,72.5,,,33.0,85.0,220.0,83.3,231.5,52.3,38.65,79.4,53.9
44.9,41.9,51.4,76.8,75.2,69.3,10.7,37.1,71.7,33.05,30.8,301.0,151.5,36.45,51.2,287.0,10.45,15.0,31.85,59.8,185.0,63.2,25.05,15.1,25.95,42.3,288.5,377.5,41.6,73.4,66.9,46.15,27.7,372.0,310.0,281.5,48.85,13.1,206.0,36.55,17.95,104.5,26.1,42.35,20.3,121.0,7.64,10.15,17.35,45.2,15.5,25.05,72.7,25.6,294.0,84.9,9.6,39.55,42.3,106.0,83.1,35.45,83.7,241.5,7.99,13.75,91.4,158.5,70.7,26.25,102.0,492.0,287.0,11.0,124.5,72.0,16.85,46.1,10.0,15.5,14.45,,240.5,18.25,30.1,10.75,28.8,9.13,10.4,17.8,18.8,46.3,48.6,9.8,19.65,16.15,26.25,16.05,9.68,14.05,20.95,17.95,223.0,74.3,2440.0,41.3,159.0,57.7,93.1,123.0,31.35,91.2,81.1,13.75,35.4,180.5,18.05,37.95,25.15,63.3,46.7,59.3,,93.9,177.5,40.75,78.7,17.55,10.7,126.5,51.8,79.9,76.4,219.0,214.0,268.5,,,72.5,,,33.0,85.0,220.0,83.3,231.5,52.3,38.6,79.4,53.9
44.9,41.9,51.4,76.7,75.2,69.3,10.7,37.1,71.7,33.05,30.8,301.5,151.5,36.4,51.2,287.0,10.45,15.0,31.85,59.8,185.0,63.2,25.05,15.1,25.9,42.3,288.5,377.0,41.6,73.5,66.9,46.15,27.7,372.0,310.0,281.5,48.85,13.1,206.0,36.55,17.95,104.5,26.1,42.4,20.3,121.5,7.63,10.15,17.35,45.2,15.55,25.1,72.7,25.6,294.0,85.0,9.61,39.55,42.3,106.0,83.0,35.45,83.7,241.5,7.99,13.75,91.4,158.5,70.7,26.25,102.0,491.0,287.5,11.0,125.0,72.0,16.85,46.1,10.0,15.5,14.45,,240.5,18.25,30.1,10.75,28.8,9.13,10.4,17.8,18.75,46.35,48.55,9.8,19.65,16.1,26.25,16.05,9.68,14.05,20.95,17.95,223.0,74.3,2440.0,41.3,158.5,57.7,93.1,123.0,31.35,91.2,81.1,13.75,35.4,180.5,18.05,37.9,25.15,63.3,46.7,59.3,,93.9,177.5,40.75,78.7,17.55,10.7,126.5,51.7,79.9,76.4,219.0,214.0,268.5,,,72.5,,,33.0,85.0,220.0,83.3,232.0,52.3,38.6,79.4,54.0
44.9,41.9,51.4,76.7,75.2,69.2,10.7,37.1,71.7,33.05,30.8,301.5,151.5,36.45,51.2,287.0,10.45,15.0,31.85,59.8,185.0,63.2,25.05,15.1,25.9,42.3,288.5,377.0,41.6,73.5,66.9,46.15,27.7,372.0,310.0,281.5,48.9,13.05,206.0,36.55,17.95,105.0,26.1,42.35,20.3,121.5,7.63,10.15,17.4,45.2,15.55,25.1,72.7,25.6,294.0,85.0,9.61,39.5,42.25,106.0,83.0,35.45,83.7,241.5,7.99,13.8,91.5,158.5,70.7,26.25,102.0,491.5,287.0,11.0,124.5,72.0,16.85,46.1,10.0,15.5,14.45,,240.5,18.3,30.1,10.75,28.8,9.13,10.4,17.8,18.8,46.3,48.6,9.8,19.65,16.1,26.25,16.05,9.69,14.05,21.0,18.0,223.0,74.3,2440.0,41.3,159.0,57.7,93.1,122.5,31.35,91.2,81.1,13.8,35.4,180.5,18.05,37.95,25.15,63.3,46.65,59.4,,94.0,178.0,40.7,78.7,17.5,10.7,126.5,51.7,79.9,76.4,219.0,214.0,268.5,,,72.5,,,33.0,85.0,220.0,83.3,232.5,52.3,38.6,79.5,54.0
44.85,41.9,51.3,76.7,75.2,69.2,10.7,37.1,71.7,33.05,30.8,302.0,151.5,36.45,51.2,287.0,10.45,15.0,31.85,59.8,185.0,63.2,25.05,15.1,25.9,42.3,288.5,377.0,41.6,73.4,67.0,46.15,27.65,372.0,310.0,281.5,48.85,13.1,206.0,36.55,17.95,104.5,26.1,42.3,20.3,121.5,7.63,10.15,17.4,45.2,15.6,25.05,72.6,25.65,294.0,85.0,9.61,39.5,42.25,106.0,83.1,35.45,83.6,241.5,7.99,13.75,91.4,158.0,70.7,26.25,102.0,491.5,287.5,11.0,125.0,72.0,16.85,46.1,10.0,15.5,14.45,,240.5,18.3,30.1,10.75,28.75,9.12,10.4,17.8,18.75,46.3,48.55,9.8,19.65,16.1,26.25,16.05,9.68,14.05,20.95,17.95,223.0,74.4,2440.0,41.25,159.0,57.7,93.1,122.5,31.3,91.2,81.1,13.75,35.4,180.5,18.05,37.95,25.15,63.2,46.65,59.3,,93.9,178.0,40.7,78.7,17.5,10.7,126.5,51.8,79.8,76.9,219.0,214.0,268.5,,,72.4,,,33.0,85.0,220.0,83.3,232.5,52.2,38.65,79.5,54.0
44.9,41.9,51.3,76.8,75.2,69.3,10.7,37.1,71.7,33.05,30.8,302.0,151.5,36.4,51.2,287.0,10.5,15.0,31.85,59.8,185.0,63.3,25.05,15.1,25.9,42.3,288.5,377.0,41.6,73.5,67.0,46.15,27.65,372.0,310.5,281.5,48.85,13.05,206.0,36.5,17.95,104.5,26.15,42.3,20.35,121.0,7.64,10.15,17.4,45.2,15.55,25.1,72.7,25.6,294.5,84.9,9.61,39.5,42.3,105.5,83.0,35.45,83.6,241.5,7.99,13.8,91.4,158.0,70.6,26.2,101.5,491.5,287.5,11.0,125.0,72.0,16.85,46.1,10.0,15.5,14.45,,240.5,18.3,30.1,10.75,28.8,9.12,10.4,17.8,18.75,46.25,48.6,9.8,19.65,16.15,26.3,16.1,9.69,14.0,21.0,18.0,222.0,74.4,2440.0,41.3,159.0,57.7,93.3,123.0,31.35,91.2,81.1,13.8,35.4,180.5,18.05,37.95,25.15,63.2,46.65,59.3,,93.9,177.5,40.7,78.7,17.5,10.7,126.5,51.8,79.8,76.9,219.0,214.0,268.5,,,72.5,,,33.0,85.0,220.0,83.3,232.5,52.2,38.65,79.5,54.0
44.9,41.9,51.3,76.7,75.2,69.3,10.7,37.15,71.7,33.05,30.8,302.0,151.5,36.45,51.2,287.0,10.45,15.0,31.85,59.8,185.0,63.2,25.05,15.1,25.9,42.3,288.5,377.0,41.6,73.4,67.0,46.15,27.65,372.0,310.5,281.0,48.85,13.1,206.0,36.5,18.0,104.5,26.1,42.25,20.35,121.5,7.64,10.15,17.4,45.2,15.55,25.05,72.7,25.65,294.5,85.0,9.61,39.5,42.25,105.5,83.0,35.45,83.8,241.5,7.99,13.75,91.5,158.5,70.5,26.2,102.0,492.0,287.5,11.0,125.0,72.0,16.8,46.05,10.0,15.5,14.45,,240.5,18.3,30.1,10.75,28.8,9.12,10.4,17.8,18.75,46.25,48.55,9.8,19.6,16.1,26.25,16.05,9.68,14.0,20.95,17.95,222.0,74.4,2440.0,41.25,159.0,57.7,93.3,123.0,31.35,91.2,81.1,13.75,35.4,180.5,18.05,37.95,25.15,63.2,46.65,59.3,,94.0,177.5,40.7,78.7,17.5,10.7,126.5,51.7,79.8,76.4,219.0,214.0,268.5,,,72.5,,,33.0,85.0,220.0,83.3,232.5,52.2,38.6,79.5,53.9
44.9,41.9,51.4,76.7,75.2,69.2,10.7,37.15,71.7,33.05,30.8,302.0,151.5,36.4,51.2,287.0,10.45,15.0,31.85,59.8,185.0,63.2,25.05,15.15,25.9,42.3,288.5,377.0,41.6,73.4,67.0,46.15,27.65,372.0,310.5,281.0,48.85,13.1,205.5,36.5,17.95,104.5,26.1,42.25,20.35,121.5,7.63,10.1,17.4,45.2,15.55,25.05,72.7,25.65,294.0,85.0,9.61,39.5,42.25,106.0,83.0,35.45,83.8,241.5,7.99,13.7,91.4,158.0,70.6,26.2,101.5,492.0,287.5,11.0,125.0,72.0,16.85,46.05,10.0,15.5,14.45,,240.5,18.3,30.05,10.75,28.8,9.12,10.4,17.85,18.75,46.25,48.55,9.81,19.65,16.1,26.25,16.05,9.68,14.05,21.0,17.95,222.0,74.4,2440.0,41.2,159.0,57.7,93.3,123.0,31.4,91.2,81.1,13.75,35.4,180.5,18.0,37.95,25.15,63.2,46.65,59.4,,94.0,177.5,40.7,78.7,17.55,10.7,126.5,51.7,79.9,76.4,219.0,214.0,268.5,,,72.4,,,33.0,85.0,220.0,83.3,232.5,52.3,38.6,79.5,53.9
44.9,41.9,51.3,76.7,75.2,69.2,10.7,37.15,71.7,33.05,30.8,302.5,151.5,36.4,51.2,287.0,10.45,15.0,31.85,59.8,185.5,63.2,25.05,15.15,25.9,42.3,288.5,377.5,41.6,73.4,67.0,46.15,27.65,372.0,310.5,281.0,48.85,13.05,205.5,36.45,17.95,104.5,26.1,42.2,20.35,121.5,7.63,10.15,17.4,45.15,15.55,25.1,72.7,25.6,294.0,85.0,9.61,39.5,42.25,106.0,83.0,35.45,83.7,241.5,7.99,13.7,91.4,158.0,70.6,26.15,101.5,491.5,287.0,11.0,125.0,72.0,16.85,46.05,10.0,15.5,14.4,,240.5,18.3,30.05,10.75,28.8,9.12,10.4,17.85,18.8,46.25,48.55,9.8,19.6,16.15,26.3,16.05,9.68,14.0,20.95,17.95,222.0,74.4,2440.0,41.2,158.5,57.7,93.3,123.0,31.4,91.2,81.1,13.75,35.4,180.5,18.0,37.95,25.15,63.2,46.65,59.4,,94.0,177.5,40.7,78.7,17.5,10.7,126.5,51.7,79.9,76.9,219.0,214.0,268.5,,,72.5,,,33.0,85.0,220.0,83.3,232.5,52.3,38.6,79.5,53.9
44.85,41.9,51.4,76.8,75.2,69.2,10.7,37.15,71.7,33.05,30.8,302.5,151.5,36.4,51.2,287.0,10.45,15.0,31.85,59.7,185.5,63.2,25.05,15.1,25.9,42.2,288.5,377.0,41.6,73.4,67.0,46.15,27.65,372.0,310.5,281.0,48.85,13.1,206.0,36.45,18.0,104.5,26.15,42.2,20.35,121.0,7.63,10.15,17.4,45.15,15.55,25.1,72.7,25.6,294.0,85.0,9.61,39.5,42.25,106.0,83.0,35.45,83.7,241.5,7.99,13.7,91.4,158.5,70.6,26.15,101.5,492.0,287.5,11.0,125.0,72.0,16.85,46.05,10.0,15.5,14.4,,240.5,18.3,30.1,10.75,28.8,9.13,10.45,17.85,18.8,46.25,48.55,9.8,19.65,16.1,26.3,16.1,9.69,14.05,20.95,18.0,222.0,74.4,2440.0,41.2,159.0,57.7,93.3,122.5,31.35,91.2,81.1,13.75,35.4,180.5,18.0,37.95,25.15,63.2,46.65,59.3,,93.9,177.5,40.7,78.7,17.5,10.7,127.0,51.8,79.9,76.9,219.0,214.0,268.5,,,72.5,,,33.0,85.0,220.0,83.3,232.5,52.3,38.6,79.5,53.9
44.85,41.9,51.4,76.7,75.2,69.2,10.7,37.15,71.7,33.05,30.8,302.5,151.5,36.4,51.2,287.0,10.4,15.0,31.85,59.7,185.5,63.2,25.05,15.1,25.9,42.35,288.5,377.0,41.6,73.4,67.0,46.15,27.65,372.0,310.5,281.0,48.85,13.1,206.0,36.45,18.0,105.0,26.15,42.25,20.35,121.0,7.63,10.1,17.4,45.15,15.5,25.1,72.7,25.6,294.0,85.0,9.61,39.5,42.2,106.0,83.0,35.45,83.7,241.0,7.99,13.7,91.4,158.0,70.5,26.1,101.5,491.5,287.0,11.0,125.0,72.0,16.85,46.05,10.0,15.5,14.4,,240.5,18.25,30.1,10.75,28.75,9.13,10.45,17.85,18.8,46.25,48.6,9.8,19.65,16.1,26.3,16.1,9.68,14.05,21.0,18.0,221.5,74.4,2440.0,41.15,158.5,57.7,93.3,123.0,31.35,91.2,81.1,13.75,35.4,180.0,18.0,37.95,25.15,63.2,46.65,59.3,,93.9,177.5,40.7,78.6,17.55,10.7,126.5,51.8,79.9,76.4,219.0,214.0,268.5,,,72.5,,,33.0,85.0,219.5,83.3,232.5,52.4,38.6,79.5,53.9
44.85,41.9,51.4,76.7,75.2,69.4,10.7,37.15,71.7,33.05,30.8,302.5,151.5,36.4,51.2,287.0,10.4,15.0,31.85,59.8,185.0,63.2,25.05,15.1,25.9,42.35,288.5,377.0,41.6,73.4,67.0,46.15,27.65,372.0,310.5,281.0,48.9,13.1,205.5,36.45,17.95,105.0,26.15,42.2,20.35,121.0,7.63,10.15,17.4,45.15,15.5,25.1,72.7,25.65,294.0,85.0,9.61,39.5,42.15,106.0,83.0,35.45,83.7,241.0,7.99,13.7,91.4,158.5,70.6,26.1,101.5,491.5,287.0,11.0,125.0,72.0,16.85,46.05,10.0,15.5,14.4,,240.5,18.25,30.1,10.75,28.8,9.13,10.45,17.85,18.8,46.25,48.6,9.8,19.65,16.15,26.25,16.05,9.68,14.0,21.0,17.95,222.0,74.4,2440.0,41.15,159.0,57.7,93.3,123.0,31.35,91.2,81.1,13.8,35.4,180.0,18.0,37.9,25.15,63.3,46.65,59.4,,93.9,177.5,40.7,78.6,17.55,10.7,126.5,51.8,79.9,76.4,219.0,214.0,268.5,,,72.5,,,33.0,85.0,220.0,83.3,232.5,52.3,38.6,79.5,54.0
44.85,41.85,51.4,76.7,75.2,69.5,10.7,37.1,71.7,33.05,30.8,302.5,151.5,36.45,51.2,287.0,10.4,15.0,31.85,59.8,185.0,63.2,25.05,15.1,25.9,42.35,288.5,377.5,41.6,73.4,67.0,46.15,27.65,372.0,310.0,281.0,48.85,13.1,206.0,36.45,17.95,104.5,26.15,42.25,20.35,121.5,7.63,10.1,17.4,45.15,15.5,25.1,72.7,25.65,294.0,85.0,9.61,39.5,42.15,106.0,83.0,35.45,83.8,241.0,7.99,13.7,91.4,158.5,70.5,26.1,101.5,492.0,287.0,11.0,125.0,72.0,16.85,46.05,10.0,15.5,14.4,,240.5,18.3,30.1,10.75,28.8,9.13,10.45,17.85,18.8,46.25,48.6,9.8,19.65,16.15,26.3,16.1,9.69,14.0,21.0,17.95,222.0,74.4,2435.0,41.15,159.0,57.7,93.3,123.0,31.4,91.2,81.1,13.8,35.4,180.0,18.05,37.95,25.15,63.3,46.65,59.4,,93.9,177.5,40.7,78.6,17.5,10.7,126.5,51.7,79.9,76.4,219.0,214.0,268.5,,,72.5,,,33.0,85.0,220.0,83.3,232.5,52.3,38.6,79.5,54.0
44.85,41.9,51.4,76.7,75.2,69.4,10.7,37.1,71.7,33.05,30.8,302.5,151.5,36.45,51.2,287.0,10.4,15.0,31.85,59.9,185.5,63.2,25.05,15.1,25.95,42.35,288.5,377.0,41.55,73.4,66.9,46.15,27.65,372.0,310.0,280.5,48.85,13.05,206.0,36.45,17.95,104.5,26.15,42.25,20.35,121.5,7.63,10.1,17.45,45.1,15.5,25.15,72.8,25.6,294.0,85.1,9.61,39.45,42.3,106.0,83.0,35.45,83.8,241.0,7.99,13.7,91.4,158.5,70.5,26.15,102.0,491.5,287.0,11.0,125.0,71.9,16.85,46.05,10.0,15.5,14.45,,240.5,18.25,30.1,10.7,28.75,9.13,10.45,17.8,18.8,46.25,48.6,9.8,19.65,16.15,26.25,16.1,9.68,14.05,21.0,17.95,221.5,74.5,2440.0,41.15,158.5,57.7,93.3,123.0,31.4,91.2,81.1,13.75,35.4,180.5,18.0,37.95,25.15,63.2,46.65,59.4,,93.8,177.5,40.7,78.6,17.55,10.7,126.5,51.7,79.9,76.4,219.0,214.0,268.5,,,72.5,,,33.0,84.6,220.0,83.3,232.5,52.3,38.6,79.5,54.0
44.85,41.9,51.3,76.7,75.2,69.4,10.7,37.1,71.7,33.0,30.8,302.5,151.5,36.45,51.2,287.0,10.4,15.0,31.85,59.9,185.5,63.2,25.0,15.15,25.9,42.35,288.5,377.0,41.55,73.3,67.1,46.15,27.65,371.5,310.0,280.5,48.9,13.1,205.5,36.4,17.95,105.0,26.15,42.3,20.3,121.5,7.63,10.1,17.45,45.1,15.5,25.15,72.7,25.6,294.0,85.2,9.61,39.45,42.2,106.0,83.0,35.45,83.6,241.0,7.99,13.75,91.4,158.5,70.5,26.1,101.5,492.0,287.0,11.0,125.0,72.0,16.85,46.25,10.0,15.5,14.45,,240.5,18.25,30.05,10.7,28.75,9.13,10.45,17.8,18.75,46.25,48.6,9.8,19.65,16.15,26.3,16.1,9.68,14.0,20.95,17.95,221.5,74.4,2440.0,41.15,159.0,57.7,93.2,123.0,31.35,91.2,81.0,13.75,35.4,180.5,18.0,37.9,25.15,63.2,46.65,59.4,,93.8,177.5,40.7,78.7,17.5,10.7,126.5,51.7,79.8,76.9,219.0,214.0,268.5,,,72.5,,,33.0,84.6,220.0,83.3,232.5,52.3,38.6,79.5,54.0
44.85,41.9,51.4,76.7,75.2,69.5,10.65,37.1,71.7,33.0,30.85,303.0,151.5,36.5,51.2,287.0,10.4,15.0,31.85,59.8,185.5,63.2,25.0,15.1,25.9,42.35,288.5,377.0,41.55,73.4,67.1,46.15,27.6,371.5,310.0,280.5,48.85,13.1,205.5,36.35,18.0,105.0,26.15,42.3,20.3,121.0,7.63,10.1,17.45,45.1,15.55,25.2,72.7,25.6,294.0,85.1,9.61,39.45,42.35,106.0,83.0,35.45,83.6,241.0,7.99,13.75,91.4,158.0,70.6,26.1,101.5,492.0,286.5,11.0,125.0,72.0,16.85,46.25,10.0,15.45,14.45,,240.5,18.25,30.05,10.7,28.8,9.13,10.45,17.8,18.8,46.25,48.55,9.79,19.65,16.1,26.3,16.1,9.68,14.0,20.95,18.0,221.5,74.4,2435.0,41.2,159.0,57.7,93.3,123.0,31.35,91.2,81.0,13.75,35.4,180.5,18.05,37.95,25.15,63.3,46.65,59.4,,93.9,177.5,40.7,78.7,17.5,10.7,126.5,51.7,79.8,76.5,219.0,214.0,268.5,,,72.5,,,33.0,84.6,220.0,83.3,232.5,52.3,38.6,79.5,54.0
44.85,41.9,51.4,76.7,75.2,69.5,10.65,37.05,71.8,33.0,30.85,303.5,151.5,36.5,51.2,287.0,10.45,15.0,31.8,59.8,185.5,63.2,25.0,15.15,25.9,42.35,288.5,377.0,41.4,73.4,67.1,46.15,27.6,371.5,310.0,280.5,48.85,13.1,205.5,36.35,17.95,104.5,26.15,42.35,20.3,121.0,7.63,10.1,17.45,45.1,15.55,25.2,72.8,25.6,294.0,85.1,9.61,39.5,42.35,106.0,83.0,35.45,83.6,241.0,7.99,13.7,91.4,158.0,70.5,26.1,101.5,492.0,286.5,11.0,125.0,72.0,16.95,46.25,10.05,15.45,14.45,,240.5,18.25,30.05,10.7,28.8,9.13,10.45,17.8,18.8,46.25,48.5,9.79,19.65,16.15,26.3,16.1,9.69,14.0,21.0,18.0,221.5,74.4,2435.0,41.2,159.0,57.5,93.3,123.0,31.35,91.2,81.1,13.75,35.4,180.5,18.05,37.9,25.15,63.3,46.65,59.3,,93.9,177.5,40.7,78.7,17.5,10.7,126.5,51.7,79.9,76.5,219.0,214.0,268.5,,,72.5,,,33.0,84.9,220.0,83.3,232.5,52.3,38.6,79.5,54.0
44.9,41.9,51.4,76.7,75.2,69.5,10.65,37.05,71.8,33.0,30.8,304.0,151.5,36.5,51.2,287.0,10.45,15.0,31.8,59.8,185.5,63.1,25.0,15.15,25.9,42.35,288.5,377.0,41.4,73.4,66.8,46.1,27.6,371.5,310.0,280.5,48.8,13.05,205.5,36.35,17.95,104.5,26.15,42.35,20.3,121.0,7.63,10.15,17.45,45.1,15.55,25.3,72.8,25.6,294.0,85.1,9.61,39.5,42.35,105.5,83.0,35.45,83.6,241.5,7.99,13.7,91.5,158.0,70.6,26.1,101.5,492.0,286.5,11.0,125.0,72.0,16.95,46.25,10.0,15.45,14.4,,240.5,18.2,30.05,10.7,28.8,9.12,10.45,17.8,18.8,46.25,48.55,9.8,19.65,16.15,26.3,16.05,9.68,14.05,21.0,17.95,221.5,74.5,2435.0,41.2,158.5,57.5,93.2,123.0,31.35,91.2,81.1,13.7,35.4,180.0,18.0,37.9,25.15,63.2,46.6,59.4,,93.8,177.0,40.7,78.7,17.55,10.65,126.0,51.6,79.9,76.5,219.0,214.0,268.5,,,72.5,,,33.0,84.9,220.0,83.3,232.5,52.4,38.6,79.5,54.0
44.85,41.85,51.4,76.7,75.2,69.5,10.7,37.05,71.8,33.0,30.8,303.5,151.5,36.5,51.1,287.0,10.45,15.0,31.8,59.8,185.5,63.1,25.0,15.15,25.9,42.35,288.5,377.0,41.4,73.4,66.8,46.1,27.65,371.5,310.0,281.0,48.8,13.1,205.5,36.4,17.95,104.5,26.1,42.35,20.3,121.5,7.63,10.1,17.45,45.1,15.55,25.35,72.8,25.65,294.5,85.2,9.61,39.5,42.3,105.5,83.0,35.4,83.6,241.0,7.99,13.7,91.4,158.0,70.5,26.1,101.5,492.0,287.0,11.0,125.0,72.0,16.95,46.25,10.0,15.5,14.4,,240.5,18.2,30.05,10.7,28.8,9.13,10.45,17.8,18.8,46.25,48.5,9.79,19.65,16.15,26.3,16.1,9.69,14.0,20.95,18.0,221.5,74.5,2435.0,41.2,159.0,57.5,93.2,122.5,31.35,91.2,81.2,13.75,35.4,180.0,18.0,37.95,25.15,63.2,46.6,59.4,,93.8,177.0,40.7,78.7,17.5,10.65,126.5,51.6,79.9,76.8,219.0,214.0,268.5,,,72.5,,,33.0,84.9,220.0,83.3,232.5,52.4,38.6,79.5,54.0
44.85,41.85,51.4,76.7,75.2,69.5,10.7,37.05,71.8,33.0,30.8,303.5,151.5,36.55,51.1,287.0,10.45,15.0,31.8,59.8,185.5,63.1,25.0,15.1,25.9,42.35,288.5,377.0,41.4,73.4,66.8,46.1,27.65,371.5,310.0,281.0,48.8,13.1,205.5,36.4,17.95,105.0,26.15,42.35,20.3,121.5,7.64,10.1,17.4,45.05,15.55,25.35,72.8,25.6,294.5,85.2,9.61,39.45,42.3,105.5,83.0,35.4,83.6,241.0,7.99,13.75,91.4,158.0,70.5,26.1,101.5,491.5,286.5,11.0,124.5,72.0,16.95,46.25,10.0,15.5,14.4,,240.5,18.2,30.05,10.7,28.8,9.13,10.45,17.8,18.8,46.25,48.5,9.79,19.65,16.15,26.3,16.05,9.68,14.0,20.95,18.0,222.0,74.4,2440.0,41.15,159.0,57.5,93.2,123.0,31.3,91.2,81.2,13.75,35.4,180.5,18.05,37.95,25.15,63.3,46.6,59.4,,93.9,177.0,40.75,78.6,17.5,10.65,126.5,51.6,79.9,76.5,219.0,214.0,268.5,,,72.5,,,33.0,84.9,220.0,83.3,232.5,52.3,38.65,79.5,53.9
44.85,41.85,51.4,76.6,75.2,69.5,10.65,37.05,71.8,33.0,30.8,303.5,151.5,36.55,51.1,287.0,10.45,15.0,31.8,59.9,185.5,63.1,25.0,15.1,25.9,42.35,288.5,377.0,41.4,73.4,66.8,46.1,27.65,371.5,310.0,281.0,48.8,13.1,205.5,36.35,17.95,105.0,26.1,42.35,20.35,121.5,7.64,10.1,17.4,45.05,15.55,25.3,72.8,25.6,294.0,85.2,9.61,39.45,42.25,105.5,83.0,35.4,83.6,241.0,7.99,13.7,91.4,158.0,70.5,26.1,101.5,492.0,287.0,11.0,124.5,72.0,16.95,46.25,10.0,15.5,14.4,,240.5,18.2,30.05,10.7,28.8,9.12,10.45,17.8,18.8,46.3,48.55,9.79,19.65,16.1,26.25,16.05,9.68,14.0,20.95,18.0,222.0,74.4,2440.0,41.1,159.0,57.5,93.2,123.0,31.35,91.1,81.2,13.7,35.4,180.0,18.0,37.95,25.15,63.3,46.65,59.4,,93.8,177.0,40.75,78.7,17.5,10.65,126.0,51.7,79.9,76.5,219.0,214.0,268.5,,,72.5,,,33.0,84.9,220.0,83.3,232.5,52.3,38.65,79.5,54.0
44.85,41.85,51.4,76.6,75.2,69.6,10.65,37.05,71.8,33.0,30.8,303.5,151.5,36.55,51.1,287.0,10.45,15.0,31.85,59.8,185.5,63.1,25.0,15.1,25.95,42.25,288.5,377.0,41.4,73.4,67.0,46.1,27.7,371.5,310.5,281.0,48.8,13.1,206.0,36.4,17.95,104.5,26.15,42.4,20.35,121.5,7.64,10.1,17.4,45.1,15.6,25.3,72.8,25.6,294.0,85.2,9.61,39.45,42.3,105.5,83.0,35.4,83.6,241.0,7.99,13.75,91.4,157.5,70.5,26.15,101.5,492.0,286.5,11.0,124.5,72.0,16.95,46.25,10.0,15.45,14.4,,240.5,18.2,30.05,10.7,28.8,9.12,10.45,17.8,18.8,46.25,48.5,9.79,19.65,16.1,26.3,16.05,9.68,14.05,20.95,17.95,221.5,74.4,2440.0,41.15,159.0,57.5,93.2,122.5,31.35,91.1,81.2,13.75,35.4,180.0,18.05,37.95,25.15,63.3,46.6,59.4,,93.8,177.0,40.75,78.8,17.5,10.65,126.5,51.8,79.9,76.5,219.0,214.0,268.5,,,72.5,,,33.0,84.9,220.0,83.3,232.5,52.4,38.65,79.6,54.0
44.9,41.85,51.4,76.6,75.2,69.6,10.65,37.05,71.7,33.0,30.8,303.5,151.5,36.5,51.1,287.0,10.45,15.0,31.85,59.8,185.0,63.1,25.0,15.1,25.95,42.25,288.5,377.0,41.4,73.4,67.0,46.1,27.7,371.5,310.5,281.0,48.8,13.1,206.0,36.4,17.95,105.0,26.15,42.4,20.35,121.5,7.64,10.15,17.4,45.1,15.55,25.25,72.8,25.6,294.0,85.2,9.6,39.45,42.3,105.5,83.0,35.4,83.6,241.0,7.99,13.7,91.4,157.5,70.5,26.1,101.5,492.0,286.5,11.0,124.5,72.0,16.9,46.25,10.0,15.45,14.4,,240.5,18.2,30.05,10.7,28.75,9.13,10.45,17.8,18.8,46.25,48.55,9.79,19.65,16.15,26.3,16.05,9.67,14.0,21.0,18.0,221.5,74.4,2440.0,41.15,159.0,57.5,93.2,122.5,31.35,91.1,81.2,13.7,35.4,180.0,18.05,37.95,25.15,63.3,46.6,59.4,,93.9,177.0,40.75,78.8,17.5,10.65,126.5,51.8,79.9,76.5,219.0,214.0,268.5,,,72.5,,,33.0,84.9,220.0,83.3,232.5,52.3,38.6,79.6,54.0
44.9,41.85,51.4,76.6,75.2,69.5,10.65,37.1,71.7,33.0,30.85,303.5,151.5,36.5,51.1,287.0,10.45,15.0,31.8,59.8,185.5,63.2,25.0,15.1,25.9,42.25,288.5,377.0,41.4,73.4,67.0,46.15,27.7,371.5,310.5,281.0,48.85,13.1,205.5,36.35,17.95,104.5,26.15,42.35,20.35,121.5,7.64,10.1,17.4,45.15,15.55,25.25,72.7,25.6,294.0,85.3,9.6,39.45,42.3,105.5,83.0,35.4,83.7,241.0,7.99,13.75,91.4,157.5,70.6,26.1,101.5,492.0,286.5,11.0,124.5,72.0,16.9,46.25,10.0,15.45,14.4,,240.5,18.25,30.05,10.7,28.8,9.13,10.45,17.8,18.8,46.25,48.5,9.79,19.65,16.15,26.25,16.1,9.67,14.05,20.95,18.0,222.0,74.4,2440.0,41.15,159.0,57.5,93.2,122.5,31.3,91.1,81.2,13.75,35.4,180.5,18.0,37.95,25.2,63.3,46.65,59.3,,93.8,177.0,40.75,78.8,17.5,10.65,126.5,51.7,79.9,76.4,219.0,214.0,268.5,,,72.5,,,33.0,84.9,220.0,83.3,232.5,52.3,38.6,79.6,53.9
44.9,41.85,51.3,76.6,75.2,69.6,10.65,37.15,71.7,33.0,30.8,303.5,151.5,36.55,51.1,287.0,10.45,15.0,31.8,59.8,185.5,63.2,25.0,15.1,25.9,42.25,288.5,377.0,41.4,73.4,66.9,46.15,27.7,371.5,310.5,281.0,48.85,13.05,206.0,36.35,18.0,104.5,26.2,42.4,20.35,121.5,7.64,10.1,17.4,45.15,15.55,25.2,72.8,25.65,294.0,85.3,9.6,39.45,42.3,105.0,83.0,35.4,83.7,241.0,7.99,13.75,91.4,158.0,70.5,26.1,101.5,492.0,286.5,11.0,124.5,72.0,16.95,46.25,10.0,15.45,14.4,,240.5,18.25,30.1,10.7,28.75,9.13,10.45,17.8,18.8,46.25,48.5,9.79,19.65,16.1,26.25,16.05,9.68,14.0,21.0,17.95,222.0,74.4,2440.0,41.15,159.0,57.5,93.2,123.0,31.3,91.1,81.2,13.75,35.4,180.5,18.0,37.9,25.2,63.3,46.65,59.4,,93.8,177.0,40.75,78.7,17.5,10.65,126.5,51.8,79.9,76.9,219.0,214.0,268.5,,,72.5,,,33.0,84.9,220.0,83.4,232.5,52.3,38.6,79.6,53.9
44.9,41.85,51.4,76.6,75.2,69.6,10.7,37.15,71.7,33.0,30.8,303.5,151.5,36.5,51.1,287.0,10.45,15.0,31.8,59.8,185.5,63.2,25.0,15.15,25.9,42.25,288.5,377.0,41.35,73.3,66.9,46.15,27.7,371.5,310.5,281.0,48.85,13.1,206.0,36.4,17.95,105.0,26.15,42.4,20.35,121.0,7.65,10.1,17.4,45.15,15.55,25.2,72.7,25.65,294.0,85.4,9.6,39.45,42.3,103.5,83.0,35.4,83.7,241.0,7.99,13.75,91.4,158.5,70.6,26.1,101.5,492.0,286.5,11.0,124.5,72.0,16.9,46.25,10.0,15.45,14.4,,240.5,18.25,30.1,10.7,28.8,9.13,10.45,17.8,18.8,46.2,48.5,9.8,19.65,16.1,26.25,16.05,9.68,14.0,20.95,18.0,222.0,74.4,2435.0,41.15,159.0,57.5,93.3,122.5,31.35,91.1,81.2,13.75,35.4,180.5,18.05,37.95,25.2,63.4,46.6,59.4,,93.8,177.0,40.7,78.8,17.5,10.65,126.5,51.8,79.8,76.4,219.0,214.0,268.5,,,72.4,,,33.0,84.9,220.0,83.4,232.0,52.3,38.6,79.6,53.9
44.95,41.9,51.4,76.6,75.2,69.6,10.7,37.05,71.7,33.0,30.8,303.5,151.5,36.5,51.1,287.0,10.45,15.0,31.8,59.8,185.5,63.2,25.0,15.15,25.9,42.25,288.5,377.0,41.35,73.3,66.9,46.15,27.7,371.5,310.5,281.0,48.85,13.1,206.0,36.4,17.95,105.0,26.15,42.4,20.35,121.5,7.64,10.1,17.4,45.15,15.55,25.2,72.7,25.6,294.0,85.4,9.6,39.45,42.25,104.0,83.0,35.4,83.7,241.0,7.99,13.75,91.4,158.0,70.5,26.1,101.5,491.5,287.0,11.0,125.0,72.0,16.9,46.2,10.0,15.45,14.4,,240.5,18.25,30.1,10.7,28.75,9.13,10.45,17.8,18.8,46.25,48.55,9.79,19.65,16.15,26.3,16.05,9.68,14.0,20.95,17.95,221.5,74.4,2435.0,41.15,159.0,57.5,93.2,123.0,31.3,91.1,81.2,13.75,35.4,180.5,18.0,37.95,25.2,63.4,46.6,59.3,,93.8,177.0,40.7,78.8,17.5,10.65,126.5,51.7,79.8,76.4,219.0,214.0,268.0,,,72.5,,,33.0,85.1,220.0,83.4,232.0,52.3,38.6,79.6,53.9
44.9,41.9,51.3,76.6,75.2,69.5,10.7,37.05,71.8,33.05,30.8,303.0,151.5,36.5,51.1,287.0,10.45,15.0,31.8,59.8,185.5,63.1,25.0,15.15,25.95,42.25,288.5,377.0,41.35,73.3,66.9,46.15,27.7,371.5,310.5,281.0,48.85,13.1,206.0,36.35,17.95,104.5,26.15,42.4,20.35,121.5,7.64,10.1,17.4,45.2,15.55,25.2,72.8,25.6,293.5,85.4,9.6,39.5,42.25,104.5,82.9,35.4,83.7,241.0,7.99,13.75,91.4,158.5,70.7,26.1,101.5,491.0,286.5,11.0,124.5,72.0,16.95,46.2,10.0,15.45,14.45,,240.5,18.2,30.1,10.7,28.8,9.12,10.45,17.8,18.8,46.25,48.55,9.8,19.65,16.1,26.25,16.05,9.67,14.0,21.0,18.0,221.5,74.4,2435.0,41.1,159.0,57.5,93.2,123.0,31.35,91.0,81.2,13.7,35.4,180.5,18.05,37.95,25.2,63.4,46.6,59.3,,93.8,177.0,40.7,78.8,17.55,10.65,126.5,51.7,79.8,76.4,219.0,214.0,268.0,,,72.5,,,33.0,85.1,220.0,83.3,232.0,52.3,38.6,79.6,53.9
44.95,41.9,51.3,76.6,75.1,69.5,10.7,37.0,71.8,33.0,30.8,303.0,151.0,36.5,51.1,287.0,10.45,15.0,31.8,59.8,185.5,63.1,25.0,15.15,25.9,42.25,288.5,377.5,41.35,73.3,66.9,46.15,27.7,371.5,310.5,281.5,48.85,13.1,205.5,36.4,18.0,104.5,26.15,42.35,20.35,121.0,7.64,10.1,17.4,45.15,15.55,25.2,72.7,25.6,294.0,85.3,9.6,39.5,42.25,104.5,82.9,35.35,83.7,241.0,7.99,13.75,91.4,158.5,70.6,26.1,101.5,491.0,286.5,11.0,124.5,72.0,16.9,46.2,10.0,15.5,14.4,,240.5,18.2,30.1,10.7,28.8,9.12,10.45,17.8,18.75,46.2,48.5,9.79,19.65,16.1,26.25,16.05,9.67,14.05,21.0,17.95,221.5,74.4,2435.0,41.1,159.0,57.5,93.2,123.0,31.3,91.0,81.2,13.7,35.45,180.0,18.1,37.9,25.2,63.4,46.6,59.4,,93.8,177.0,40.7,78.8,17.5,10.65,126.0,51.7,79.8,76.8,219.0,214.0,268.0,,,72.5,,,33.0,85.1,220.0,83.3,232.0,52.3,38.6,79.7,53.9
44.95,41.85,51.3,76.7,75.1,69.5,10.65,37.0,71.7,33.0,30.8,303.0,151.0,36.5,51.2,287.0,10.45,15.0,31.8,59.8,185.0,63.2,25.0,15.15,25.9,42.25,288.5,377.0,41.3,73.4,66.9,46.15,27.7,371.5,310.5,281.0,48.85,13.1,205.5,36.4,17.95,104.5,26.15,42.35,20.35,121.5,7.64,10.15,17.4,45.15,15.55,25.2,72.7,25.6,294.0,85.3,9.6,39.5,42.25,104.5,82.9,35.4,83.7,241.0,7.99,13.75,91.4,158.0,70.5,26.1,101.5,491.0,286.5,11.0,124.5,72.0,16.95,46.2,10.0,15.5,14.4,,240.5,18.25,30.1,10.7,28.75,9.12,10.45,17.8,18.75,46.2,48.55,9.79,19.65,16.1,26.25,16.05,9.67,14.05,20.95,17.95,221.5,74.4,2435.0,41.15,158.5,57.5,93.1,123.0,31.3,91.0,81.2,13.75,35.45,180.0,18.05,37.9,25.2,63.3,46.6,59.3,,93.8,177.0,40.7,78.8,17.5,10.7,126.5,51.8,79.9,76.4,218.5,214.0,268.0,,,72.5,,,33.0,84.9,220.0,83.3,232.5,52.3,38.6,79.7,53.9
44.9,41.85,51.3,76.7,75.1,69.4,10.65,37.0,71.7,33.0,30.8,303.5,151.0,36.5,51.1,287.0,10.45,15.0,31.8,59.7,185.5,63.2,25.0,15.1,25.9,42.25,288.5,377.0,41.3,73.4,66.9,46.15,27.7,371.5,310.5,281.0,48.85,13.1,205.5,36.4,17.95,104.5,26.15,42.35,20.35,121.5,7.64,10.1,17.4,45.15,15.55,25.2,72.8,25.6,294.0,85.3,9.61,39.5,42.25,105.0,82.9,35.35,83.6,241.0,7.99,13.75,91.5,158.0,70.5,26.05,101.5,491.0,286.5,11.0,124.5,71.9,16.95,46.2,10.0,15.5,14.4,,240.5,18.2,30.1,10.7,28.75,9.12,10.4,17.8,18.75,46.25,48.55,9.8,19.65,16.1,26.25,16.05,9.68,14.0,21.0,17.95,221.5,74.4,2435.0,41.1,158.5,57.5,93.2,123.0,31.3,91.0,81.2,13.75,35.45,179.5,18.05,37.95,25.2,63.3,46.6,59.4,,93.8,177.0,40.75,78.9,17.5,10.65,126.5,51.8,79.9,76.4,218.5,214.0,267.5,,,72.5,,,33.0,84.9,220.0,83.3,232.5,52.3,38.55,79.7,54.0
44.95,41.8,51.4,76.7,75.1,69.4,10.65,37.05,71.7,33.05,30.8,303.5,151.0,36.5,51.1,287.0,10.45,15.0,31.8,59.7,185.5,63.2,25.0,15.1,25.9,42.3,288.5,377.0,41.3,73.4,66.9,46.15,27.7,371.5,310.5,281.0,48.85,13.1,206.0,36.4,18.0,105.0,26.15,42.4,20.3,121.5,7.63,10.15,17.4,45.15,15.55,25.2,72.8,25.6,294.0,85.3,9.61,39.45,42.3,104.5,82.9,35.35,83.9,241.0,7.99,13.8,91.4,158.5,70.5,26.05,102.0,490.5,286.5,11.0,124.5,72.0,16.95,46.2,10.0,15.5,14.4,,240.5,18.2,30.05,10.7,28.75,9.12,10.4,17.8,18.75,46.25,48.55,9.8,19.65,16.15,26.3,16.05,9.67,14.0,21.0,18.0,222.0,74.4,2435.0,41.1,159.0,57.3,93.2,123.0,31.35,91.0,81.2,13.7,35.45,179.5,18.05,37.95,25.2,63.3,46.5,59.3,,93.9,177.0,40.75,78.8,17.5,10.65,126.5,51.8,79.9,76.4,218.0,214.0,267.0,,,72.5,,,33.0,84.7,220.0,83.3,232.5,52.3,38.55,79.7,54.0
44.95,41.85,51.3,76.8,75.1,69.4,10.65,37.05,71.7,33.05,30.85,303.5,151.0,36.45,51.1,287.0,10.45,15.0,31.85,59.7,185.5,63.2,25.0,15.1,25.9,42.35,288.5,377.0,41.35,73.4,66.9,46.15,27.7,371.5,310.0,281.0,48.85,13.1,205.5,36.35,17.95,104.5,26.15,42.35,20.3,121.0,7.63,10.1,17.4,45.2,15.55,25.25,72.7,25.65,294.0,85.2,9.61,39.5,42.3,105.0,82.9,35.4,83.9,240.5,7.99,13.75,91.4,158.5,70.6,26.05,102.0,490.5,287.0,11.0,124.5,71.9,16.95,46.2,10.0,15.5,14.4,,240.5,18.25,30.05,10.75,28.75,9.12,10.45,17.8,18.8,46.25,48.55,9.8,19.65,16.1,26.3,16.05,9.69,14.0,21.0,18.0,222.0,74.4,2435.0,41.1,159.0,57.5,93.3,122.5,31.3,91.0,81.1,13.75,35.45,179.5,18.05,37.9,25.2,63.3,46.25,59.4,,93.9,177.0,40.75,78.9,17.55,10.65,126.0,51.7,79.9,76.4,218.0,214.0,267.0,,,72.5,,,33.0,84.7,220.0,83.3,232.5,52.3,38.6,79.7,54.0
44.95,41.85,51.4,76.8,75.2,69.4,10.65,37.05,71.6,33.05,30.85,303.5,151.0,36.55,51.1,287.0,10.45,15.0,31.85,59.8,185.5,63.2,25.05,15.1,25.9,42.35,288.5,377.0,41.35,73.4,66.9,46.15,27.7,372.0,310.0,280.5,48.85,13.1,205.5,36.4,17.95,105.0,26.2,42.35,20.3,121.0,7.63,10.1,17.4,45.15,15.55,25.2,72.7,25.6,294.0,85.2,9.62,39.5,42.25,104.5,83.0,35.35,83.9,240.5,7.95,13.8,91.5,158.5,70.6,26.05,102.0,490.5,287.0,11.0,124.5,72.0,16.95,46.2,10.0,15.5,14.4,,240.5,18.25,30.1,10.75,28.75,9.12,10.45,17.8,18.75,46.25,48.55,9.8,19.65,16.1,26.25,16.05,9.68,14.05,20.95,18.0,222.0,74.4,2435.0,41.15,159.0,57.5,93.2,122.5,31.3,91.0,81.1,13.75,35.45,179.5,18.05,37.9,25.2,63.3,46.1,59.3,,93.9,177.5,40.75,78.8,17.55,10.65,126.5,51.8,79.9,76.4,218.0,214.0,267.0,,,72.5,,,33.0,84.9,219.5,83.3,232.5,52.4,38.65,79.7,54.0
44.9,41.85,51.4,76.8,75.2,69.5,10.65,37.05,71.6,33.05,30.85,303.5,151.0,36.55,51.1,287.0,10.45,15.0,31.85,59.8,185.5,63.2,25.0,15.1,25.95,42.35,288.5,377.0,41.35,73.4,66.9,46.15,27.7,372.0,310.0,280.5,48.85,13.1,205.5,36.4,17.95,104.5,26.15,42.35,20.35,121.0,7.64,10.1,17.4,45.15,15.55,25.25,72.7,25.65,294.0,85.2,9.62,39.5,42.2,104.5,83.0,35.35,83.9,240.5,7.95,13.75,91.5,158.5,70.6,26.1,102.0,491.0,287.0,11.0,124.5,72.0,16.95,46.2,10.0,15.5,14.4,,240.5,18.25,30.05,10.75,28.75,9.12,10.45,17.8,18.75,46.25,48.55,9.8,19.65,16.1,26.3,16.05,9.68,14.05,20.95,18.0,222.0,74.4,2435.0,41.1,158.5,57.5,93.3,122.5,31.3,91.0,81.1,13.75,35.45,179.5,18.05,37.95,25.15,63.2,45.85,59.4,,93.9,177.0,40.75,78.8,17.5,10.65,126.5,51.8,79.9,76.4,218.0,214.0,267.0,,,72.5,,,33.0,84.7,220.0,83.3,232.5,52.3,38.65,79.7,53.9
44.95,41.8,51.3,76.8,75.2,69.7,10.65,37.05,71.6,33.05,30.8,303.5,151.0,36.5,51.1,286.5,10.45,15.0,31.85,59.8,185.5,63.3,25.05,15.1,25.9,42.35,288.5,377.0,41.35,73.3,66.9,46.15,27.7,372.0,310.0,280.5,48.85,13.1,205.5,36.4,17.95,104.5,26.15,42.35,20.35,121.0,7.64,10.1,17.4,45.15,15.55,25.2,72.6,25.6,294.0,85.2,9.61,39.5,42.2,104.5,83.0,35.3,84.0,240.5,7.95,13.8,91.4,158.0,70.6,26.05,101.5,491.0,287.5,11.0,124.5,72.0,16.95,46.2,10.0,15.5,14.4,,240.5,18.25,30.05,10.75,28.75,9.12,10.45,17.8,18.75,46.2,48.5,9.8,19.65,16.15,26.3,16.05,9.68,14.0,21.0,18.0,222.0,74.3,2435.0,41.1,159.0,57.5,93.3,122.5,31.3,91.0,81.1,13.8,35.45,180.0,18.05,37.85,25.15,63.3,46.0,59.4,,93.9,177.5,40.75,78.8,17.5,10.65,126.5,51.8,79.9,76.4,218.5,214.0,267.0,,,72.5,,,33.0,84.7,220.0,83.3,232.5,52.3,38.7,79.7,54.0
44.9,41.85,51.4,76.8,75.2,69.7,10.65,37.0,71.7,33.05,30.8,303.5,151.0,36.5,51.1,286.5,10.45,15.0,31.85,59.8,185.5,63.3,25.05,15.1,25.9,42.3,288.5,377.0,41.35,73.3,66.8,46.15,27.75,372.0,310.0,280.5,48.85,13.1,205.5,36.4,17.95,104.5,26.15,42.35,20.3,121.5,7.64,10.05,17.4,45.15,15.55,25.25,72.6,25.6,293.5,85.2,9.61,39.55,42.15,104.0,83.0,35.4,83.9,240.5,7.95,13.8,91.4,158.5,70.6,26.0,102.0,491.0,287.0,11.05,124.5,72.0,16.95,46.2,10.0,15.5,14.4,,240.5,18.25,30.05,10.75,28.75,9.12,10.45,17.8,18.75,46.2,48.5,9.79,19.65,16.1,26.25,16.05,9.68,14.05,21.0,17.95,222.0,74.3,2435.0,41.1,159.0,57.4,93.2,122.5,31.3,91.0,81.1,13.75,35.45,180.5,18.05,37.85,25.15,63.3,46.2,59.5,,93.9,177.5,40.75,78.8,17.5,10.65,126.0,51.8,79.9,76.3,218.5,214.0,267.0,,,72.5,,,33.0,84.4,219.5,83.3,232.5,52.3,38.7,79.7,53.9
44.9,41.85,51.4,76.8,75.2,69.7,10.65,37.0,71.7,33.05,30.8,303.5,151.0,36.5,51.1,286.5,10.45,15.0,31.85,59.8,185.5,63.3,25.05,15.1,25.9,42.3,288.5,377.0,41.35,73.3,66.8,46.15,27.75,372.0,310.0,280.5,48.8,13.05,205.5,36.4,18.0,104.5,26.15,42.35,20.35,121.5,7.64,10.05,17.4,45.15,15.55,25.2,72.6,25.65,294.0,85.5,9.61,39.5,42.1,104.0,83.0,35.4,83.9,240.5,7.95,13.8,91.4,158.5,70.5,26.05,102.0,491.0,287.5,11.05,124.5,72.0,16.95,46.1,10.05,15.5,14.45,,240.5,18.25,30.05,10.75,28.75,9.12,10.45,17.8,18.8,46.15,48.55,9.8,19.65,16.05,26.25,16.05,9.68,14.05,21.0,17.95,222.0,74.3,2435.0,41.1,159.0,57.4,93.3,123.0,31.25,91.0,81.1,13.8,35.45,180.0,18.0,37.85,25.15,63.3,46.25,59.5,,93.8,177.0,40.75,78.8,17.5,10.65,126.5,51.8,79.9,76.4,218.5,214.0,267.0,,,72.5,,,33.0,84.3,220.0,83.4,232.5,52.3,38.7,79.8,54.0
44.95,41.85,51.3,76.8,75.1,69.7,10.65,37.0,71.7,33.0,30.75,303.5,151.0,36.5,51.0,286.5,10.45,15.0,31.85,59.8,185.5,63.3,25.05,15.1,25.9,42.3,288.5,377.5,41.35,73.3,66.8,46.15,27.75,372.0,310.0,280.5,48.75,13.1,205.5,36.4,17.95,105.0,26.2,42.4,20.35,121.0,7.64,10.1,17.4,45.15,15.55,25.25,72.6,25.65,293.5,85.1,9.61,39.5,42.15,104.0,82.9,35.4,83.9,240.5,7.95,13.75,91.4,158.0,70.6,26.0,102.0,491.0,287.5,11.05,125.0,72.0,16.95,46.2,10.0,15.5,14.4,,240.5,18.25,30.05,10.75,28.75,9.12,10.45,17.8,18.8,46.2,48.55,9.8,19.65,16.05,26.25,16.0,9.68,14.0,21.0,18.0,222.0,74.3,2435.0,41.1,159.0,57.5,93.3,122.5,31.25,91.0,81.1,13.75,35.45,180.0,18.1,37.9,25.15,63.3,46.4,59.5,,93.8,177.0,40.75,78.8,17.5,10.65,126.5,51.8,79.9,76.6,218.5,214.0,267.0,,,72.5,,,33.0,83.5,220.0,83.2,232.5,52.3,38.7,79.8,53.9
44.9,41.85,51.4,76.8,75.1,69.7,10.65,37.0,71.7,33.0,30.75,304.0,151.0,36.5,51.0,286.5,10.45,15.0,31.85,59.8,185.0,63.3,25.0,15.1,25.9,42.3,288.5,377.0,41.35,73.3,66.9,46.15,27.75,372.0,310.0,280.5,48.85,13.1,205.5,36.4,17.95,104.5,26.2,42.4,20.35,121.5,7.64,10.1,17.4,45.15,15.55,25.25,72.6,25.6,293.5,85.1,9.61,39.5,42.15,104.5,83.0,35.35,83.6,240.5,7.95,13.75,91.4,158.0,70.6,26.0,102.0,491.0,287.5,11.0,125.0,72.0,16.95,46.2,10.0,15.45,14.4,,240.5,18.25,30.1,10.75,28.75,9.12,10.45,17.8,18.8,46.2,48.55,9.8,19.65,16.05,26.25,16.05,9.68,14.0,21.0,18.0,221.5,74.3,2435.0,41.05,159.0,57.5,93.3,122.5,31.25,91.0,81.1,13.75,35.45,180.0,18.1,37.9,25.15,63.3,46.55,59.5,,93.8,177.5,40.75,78.8,17.5,10.65,126.5,51.9,79.9,76.6,218.5,214.0,267.0,,,72.5,,,33.0,84.0,220.0,83.3,232.5,52.3,38.7,79.8,53.9
44.95,41.85,51.3,76.8,75.1,69.7,10.65,37.0,71.7,33.0,30.75,304.0,151.0,36.55,51.0,286.5,10.45,15.0,31.85,59.8,185.0,63.3,25.0,15.1,25.9,42.3,288.5,377.0,41.35,73.3,66.9,46.15,27.75,372.0,310.0,280.5,48.85,13.1,206.0,36.45,17.95,104.5,26.15,42.4,20.3,121.5,7.64,10.1,17.4,45.2,15.55,25.2,72.6,25.6,293.5,85.1,9.61,39.5,42.2,104.0,83.0,35.4,83.6,240.5,7.95,13.75,91.4,158.5,70.6,26.0,102.0,491.0,288.0,11.0,124.5,72.0,16.95,46.1,10.0,15.5,14.4,,240.5,18.25,30.15,10.75,28.75,9.12,10.45,17.8,18.8,46.2,48.5,9.8,19.65,16.05,26.25,16.05,9.68,14.0,21.0,18.0,222.0,74.3,2435.0,41.05,159.0,57.4,93.3,122.5,31.3,91.0,81.1,13.8,35.45,180.0,18.0,37.9,25.15,63.3,46.5,59.6,,93.9,177.0,40.75,78.8,17.5,10.6,126.5,51.9,79.9,76.4,218.5,214.0,267.0,,,72.5,,,33.0,84.0,220.0,83.4,232.5,52.3,38.7,79.8,53.9
44.95,41.85,51.4,76.8,75.2,69.7,10.65,37.0,71.7,33.0,30.75,304.0,151.0,36.5,51.1,286.5,10.45,15.0,31.85,59.8,185.0,63.3,25.0,15.1,25.95,42.3,288.5,377.0,41.4,73.4,66.8,46.15,27.75,372.0,310.5,280.5,48.85,13.1,206.0,36.45,17.95,104.5,26.15,42.4,20.3,121.0,7.64,10.05,17.4,45.2,15.55,25.2,72.6,25.65,293.5,85.1,9.61,39.5,42.15,104.0,82.9,35.4,83.6,240.5,7.95,13.75,91.4,158.5,70.6,26.0,102.0,491.0,288.0,11.0,124.5,72.0,16.95,46.1,10.0,15.5,14.4,,240.5,18.25,30.1,10.75,28.75,9.12,10.45,17.8,18.75,46.2,48.55,9.8,19.65,16.1,26.25,16.0,9.68,14.05,21.0,18.0,221.5,74.4,2435.0,41.05,158.5,57.4,93.3,122.5,31.3,91.0,81.1,13.8,35.45,180.0,18.0,37.9,25.1,63.3,46.35,59.5,,93.9,177.5,40.75,78.8,17.5,10.65,126.0,51.9,79.8,76.4,218.0,214.0,267.0,,,72.5,,,33.0,84.0,220.0,83.4,233.0,52.3,38.7,79.8,53.9
44.9,41.85,51.3,76.7,75.2,69.6,10.65,37.0,71.7,33.0,30.75,304.0,151.0,36.5,51.1,286.5,10.45,15.0,31.85,59.8,185.5,63.3,25.0,15.1,25.9,42.3,288.5,377.0,41.4,73.4,66.8,46.2,27.75,372.0,310.5,280.5,48.85,13.05,206.0,36.4,17.95,104.5,26.1,42.4,20.3,121.0,7.63,10.1,17.4,45.2,15.55,25.2,72.6,25.65,293.5,85.3,9.61,39.5,42.15,104.5,82.9,35.4,83.6,240.5,7.95,13.75,91.4,158.0,70.6,26.0,102.0,491.0,287.5,11.0,124.5,72.0,16.95,46.1,10.0,15.5,14.4,,240.5,18.25,30.1,10.75,28.75,9.12,10.45,17.8,18.8,46.2,48.55,9.8,19.65,16.05,26.25,16.0,9.67,14.0,21.0,18.0,222.0,74.3,2435.0,41.1,159.0,57.4,93.3,122.5,31.25,91.0,81.1,13.75,35.45,180.0,18.05,37.9,25.15,63.3,46.25,59.5,,93.9,177.5,40.75,78.8,17.5,10.65,126.0,51.9,79.8,76.4,218.0,214.0,267.0,,,72.5,,,33.0,84.0,220.0,83.4,233.0,52.3,38.65,79.8,54.0
44.9,41.85,51.4,76.7,75.2,69.6,10.65,37.05,71.7,33.0,30.75,303.5,151.0,36.5,51.1,286.5,10.5,15.0,31.85,59.8,186.0,63.4,25.0,15.05,25.9,42.3,288.5,377.0,41.4,73.3,66.8,46.2,27.75,372.0,310.5,280.5,48.75,13.05,206.0,36.35,17.95,104.5,26.15,42.4,20.3,121.0,7.63,10.1,17.4,45.2,15.55,25.2,72.6,25.6,293.5,85.3,9.61,39.5,42.1,104.5,83.0,35.35,83.6,240.5,7.95,13.75,91.4,158.0,70.6,26.0,102.0,491.0,287.5,11.0,124.5,72.0,16.95,46.1,10.0,15.5,14.4,,240.5,18.25,30.1,10.75,28.75,9.12,10.45,17.8,18.75,46.2,48.55,9.8,19.65,16.05,26.25,16.05,9.67,14.05,21.0,17.95,222.0,74.4,2440.0,41.05,158.5,57.4,93.3,122.0,31.25,91.0,81.1,13.75,35.45,180.0,18.0,37.9,25.15,63.3,46.3,59.5,,93.9,177.0,40.75,78.8,17.5,10.65,126.0,51.9,79.8,76.4,218.0,214.0,267.0,,,72.5,,,33.0,83.9,220.0,83.4,232.5,52.4,38.65,79.8,54.0
44.9,41.85,51.4,76.7,75.2,69.6,10.65,37.05,71.7,33.0,30.75,303.5,151.0,36.45,51.0,286.5,10.5,15.0,31.85,59.8,186.0,63.4,25.0,15.05,25.95,42.3,288.5,377.0,41.4,73.3,66.9,46.2,27.75,372.0,310.5,280.5,48.7,13.1,205.5,36.35,17.95,104.5,26.15,42.45,20.35,121.5,7.63,10.05,17.4,45.15,15.55,25.2,72.6,25.6,293.5,85.3,9.6,39.5,42.1,104.0,83.0,35.35,83.6,240.5,7.95,13.75,91.4,158.0,70.6,26.0,102.0,491.5,287.5,11.0,124.5,72.0,16.95,46.1,10.0,15.5,14.4,,240.5,18.2,30.1,10.75,28.75,9.12,10.45,17.75,18.8,46.2,48.6,9.8,19.65,16.05,26.2,16.05,9.67,14.05,20.95,17.9,222.0,74.4,2440.0,41.05,158.5,57.4,93.3,122.5,31.25,91.0,81.1,13.75,35.45,180.0,18.0,37.9,25.15,63.3,46.3,59.5,,93.9,177.0,40.75,78.8,17.5,10.65,126.0,52.0,79.8,76.4,218.5,214.0,267.0,,,72.5,,,33.0,83.9,220.0,83.3,232.5,52.3,38.65,79.8,53.9
44.9,41.8,51.4,76.7,75.2,69.6,10.65,37.0,71.7,33.0,30.75,304.5,151.0,36.45,51.0,286.5,10.45,15.0,31.85,59.8,185.5,63.4,25.0,15.05,25.9,42.25,288.5,377.0,41.4,73.4,66.9,46.2,27.75,372.0,310.0,280.5,48.7,13.1,206.0,36.3,17.95,105.0,26.15,42.4,20.3,121.5,7.64,10.05,17.4,45.15,15.55,25.2,72.6,25.6,293.5,85.3,9.6,39.5,42.15,104.0,83.0,35.35,83.6,240.5,7.95,13.7,91.4,158.5,70.6,26.05,102.0,491.0,287.5,11.0,124.5,72.0,16.95,46.1,10.0,15.5,14.4,,240.5,18.2,30.1,10.7,28.75,9.12,10.45,17.75,18.75,46.2,48.6,9.81,19.65,16.05,26.25,16.1,9.67,14.05,21.0,17.95,222.0,74.4,2440.0,41.05,159.0,57.3,93.3,122.0,31.25,91.0,81.2,13.8,35.45,179.5,18.05,37.85,25.15,63.3,46.25,59.5,,93.9,177.0,40.75,78.8,17.5,10.6,126.0,52.0,79.8,76.4,218.5,214.0,267.0,,,72.5,,,33.05,84.0,220.0,83.3,232.5,52.3,38.65,79.8,53.9
44.95,41.8,51.3,76.7,75.2,69.6,10.65,37.0,71.7,33.0,30.75,304.5,151.0,36.45,51.0,286.5,10.45,15.0,31.85,59.8,185.5,63.4,25.05,15.05,25.9,42.25,288.5,377.0,41.35,73.4,66.9,46.2,27.75,372.0,310.0,281.0,48.7,13.1,206.0,36.3,17.95,105.0,26.1,42.35,20.3,121.0,7.63,10.05,17.4,45.15,15.55,25.15,72.5,25.6,293.5,85.4,9.6,39.5,42.2,104.5,83.0,35.35,83.6,240.5,7.95,13.75,91.4,158.5,70.6,26.05,102.0,491.0,287.5,11.0,125.0,72.0,16.95,46.1,9.99,15.5,14.4,,240.5,18.2,30.1,10.7,28.75,9.12,10.45,17.75,18.75,46.2,48.6,9.8,19.65,16.1,26.25,16.05,9.67,14.0,21.0,17.95,222.0,74.4,2440.0,41.05,158.5,57.3,93.3,122.0,31.25,91.0,81.2,13.8,35.45,179.5,18.05,37.9,25.15,63.3,46.3,59.6,,93.9,177.0,40.75,78.7,17.45,10.6,126.0,52.0,79.8,76.3,218.5,214.0,267.0,,,72.5,,,33.0,84.0,220.0,83.3,232.5,52.3,38.65,79.7,53.9
44.9,41.85,51.4,76.7,75.2,69.7,10.65,37.0,71.7,33.0,30.75,304.5,151.0,36.4,51.0,286.5,10.45,15.0,31.85,59.8,185.5,63.4,25.05,15.05,25.95,42.25,288.5,377.0,41.4,73.4,67.0,46.2,27.7,372.0,310.0,281.0,48.75,13.05,205.5,36.3,17.95,104.5,26.15,42.35,20.35,121.5,7.63,10.1,17.4,45.15,15.55,25.15,72.4,25.6,293.5,85.3,9.6,39.5,42.2,105.0,83.0,35.4,83.6,240.5,7.95,13.75,91.4,158.0,70.6,26.05,102.0,491.5,288.0,11.0,124.5,72.0,16.95,46.1,10.0,15.5,14.4,,240.5,18.2,30.1,10.7,28.75,9.12,10.45,17.75,18.75,46.2,48.65,9.8,19.65,16.1,26.25,16.1,9.67,14.0,20.95,17.9,222.0,74.4,2440.0,41.0,158.5,57.3,93.2,122.5,31.3,91.1,81.3,13.8,35.45,180.0,18.05,37.9,25.15,63.2,46.3,59.5,,93.9,177.0,40.75,78.6,17.5,10.65,126.0,52.0,79.8,76.3,218.5,214.0,267.0,,,72.5,,,33.0,84.0,220.0,83.3,232.5,52.4,38.65,79.6,53.9
44.9,41.85,51.4,76.7,75.2,69.7,10.65,37.05,71.7,33.0,30.8,304.5,151.0,36.4,51.0,286.5,10.4,15.0,31.85,59.7,185.5,63.4,25.05,15.05,25.9,42.25,288.5,377.0,41.3,73.3,67.0,46.2,27.75,372.0,310.0,281.0,48.75,13.1,206.0,36.3,17.95,104.5,26.1,42.3,20.3,121.5,7.62,10.05,17.4,45.15,15.55,25.15,72.4,25.6,293.5,85.2,9.6,39.5,42.2,105.0,83.0,35.4,83.6,240.5,7.95,13.75,91.4,158.0,70.6,26.0,102.0,491.0,287.5,11.0,124.5,72.0,16.95,46.1,9.99,15.5,14.4,,240.0,18.2,30.15,10.7,28.75,9.12,10.45,17.75,18.75,46.15,48.6,9.79,19.65,16.05,26.25,16.05,9.67,14.0,21.0,17.95,222.0,74.4,2440.0,41.05,158.5,57.3,93.2,122.5,31.25,91.1,81.3,13.75,35.45,180.5,18.05,37.9,25.15,63.3,46.3,59.5,,93.9,177.5,40.7,78.6,17.5,10.6,126.0,52.1,79.8,76.2,218.5,214.0,267.0,,,72.5,,,33.0,84.0,219.5,83.3,232.5,52.4,38.65,79.6,53.9
44.9,41.9,51.4,76.7,75.2,69.7,10.65,37.0,71.7,33.0,30.8,304.5,151.0,36.4,51.0,287.0,10.4,15.0,31.85,59.7,185.0,63.4,25.05,15.05,25.9,42.25,288.5,377.0,41.3,73.3,66.9,46.15,27.75,372.0,310.0,280.5,48.75,13.1,206.0,36.3,18.0,104.5,26.1,42.3,20.35,121.5,7.62,10.1,17.4,45.2,15.55,25.15,72.4,25.6,293.5,85.2,9.6,39.45,42.2,105.0,83.0,35.4,83.6,240.5,7.95,13.75,91.4,158.5,70.6,25.95,101.5,490.5,287.5,11.0,124.5,72.0,16.9,46.1,9.99,15.5,14.4,,240.0,18.25,30.15,10.7,28.75,9.12,10.45,17.75,18.75,46.15,48.6,9.79,19.65,16.1,26.2,16.05,9.67,14.05,20.95,17.95,222.0,74.4,2440.0,41.0,158.5,57.4,93.2,122.0,31.25,91.1,81.3,13.75,35.45,180.0,18.0,37.85,25.15,63.2,46.35,59.4,,93.9,177.0,40.65,78.7,17.5,10.65,126.5,52.1,79.8,76.2,218.5,214.0,267.0,,,72.5,,,33.0,84.0,219.5,83.3,232.5,52.3,38.65,79.6,53.9
44.9,41.9,51.3,76.7,75.1,69.6,10.65,37.0,71.7,33.0,30.8,305.0,151.0,36.4,51.1,287.0,10.45,15.0,31.85,59.7,186.0,63.4,25.05,15.05,25.9,42.25,288.5,377.0,41.3,73.3,66.9,46.15,27.75,371.5,310.0,281.0,48.75,13.05,205.5,36.35,17.95,104.5,26.15,42.3,20.35,121.5,7.62,10.1,17.4,45.2,15.55,25.15,72.4,25.65,293.5,85.2,9.6,39.45,42.25,105.0,82.9,35.4,83.6,240.5,7.95,13.7,91.4,158.5,70.7,25.9,101.5,490.0,287.5,11.05,125.0,72.0,16.95,46.1,9.99,15.5,14.4,,240.0,18.25,30.15,10.7,28.7,9.11,10.45,17.75,18.75,46.15,48.6,9.8,19.65,16.1,26.2,16.05,9.66,14.0,21.0,17.95,222.0,74.4,2440.0,41.0,158.5,57.4,93.2,122.0,31.25,91.1,81.2,13.75,35.45,180.0,18.05,37.9,25.15,63.2,46.35,59.5,,93.9,177.5,40.65,78.6,17.5,10.65,126.0,52.1,79.7,76.1,218.5,214.0,267.0,,,72.5,,,33.0,84.0,219.5,83.3,232.5,52.3,38.65,79.6,53.9
44.9,41.9,51.3,76.8,75.1,69.7,10.65,37.0,71.8,33.0,30.8,305.0,151.0,36.4,51.1,287.0,10.45,15.0,31.85,59.7,186.0,63.4,25.05,15.05,25.95,42.25,288.5,377.0,41.3,73.3,66.9,46.15,27.75,371.5,310.0,280.5,48.75,13.05,205.5,36.35,18.0,104.5,26.1,42.35,20.35,121.5,7.63,10.1,17.4,45.2,15.5,25.1,72.4,25.6,294.0,85.2,9.6,39.45,42.25,104.5,82.9,35.35,83.7,240.5,7.95,13.75,91.4,158.0,70.7,25.9,101.5,490.0,287.5,11.05,125.0,72.0,16.95,46.1,9.99,15.5,14.45,,240.0,18.25,30.15,10.7,28.7,9.11,10.45,17.75,18.75,46.15,48.65,9.8,19.65,16.1,26.25,16.05,9.67,14.0,20.95,17.95,222.0,74.4,2440.0,41.05,158.5,57.4,93.3,122.5,31.25,91.0,81.2,13.75,35.45,180.0,18.0,37.9,25.15,63.2,46.35,59.6,,93.9,177.5,40.65,78.6,17.55,10.65,126.5,52.1,79.7,76.1,218.5,214.0,267.0,,,72.5,,,33.0,84.0,219.5,83.3,232.5,52.3,38.65,79.6,53.9
44.9,41.9,51.3,76.8,75.1,69.7,10.65,37.0,71.8,33.0,30.8,305.0,151.0,36.4,51.1,287.0,10.4,15.0,31.8,59.8,186.0,63.4,25.05,15.05,25.95,42.25,288.5,377.0,41.3,73.3,66.9,46.15,27.75,371.0,310.0,280.5,48.7,13.05,206.0,36.4,18.0,104.5,26.15,42.35,20.35,121.5,7.62,10.1,17.45,45.2,15.55,25.1,72.5,25.6,294.0,85.2,9.6,39.45,42.25,104.5,83.0,35.4,83.6,240.0,7.95,13.7,91.4,158.0,70.6,25.9,101.5,490.0,287.0,11.05,125.0,72.0,16.95,46.1,9.99,15.5,14.45,,240.0,18.2,30.15,10.7,28.7,9.11,10.45,17.75,18.75,46.2,48.6,9.8,19.65,16.1,26.2,16.05,9.66,14.0,20.95,17.95,222.0,74.4,2435.0,41.0,158.5,57.4,93.3,122.5,31.25,91.0,81.2,13.8,35.45,180.0,18.05,37.9,25.15,63.3,46.3,59.5,,94.0,177.0,40.65,78.6,17.5,10.6,126.5,52.1,79.8,76.1,218.5,214.0,267.0,,,72.5,,,33.05,84.0,219.0,83.3,232.5,52.3,38.65,79.6,53.9
44.9,41.85,51.4,76.8,75.2,69.7,10.65,37.0,71.7,33.0,30.8,305.0,151.0,36.35,51.1,287.0,10.4,15.05,31.8,59.8,186.0,63.4,25.0,15.05,25.95,42.25,288.5,377.0,41.3,73.3,66.9,46.15,27.75,371.0,310.0,281.0,48.75,13.05,206.0,36.4,17.95,104.5,26.1,42.35,20.35,121.0,7.62,10.1,17.45,45.2,15.55,25.05,72.5,25.6,294.0,85.2,9.59,39.45,42.25,104.5,83.0,35.4,83.6,240.5,7.95,13.75,91.5,158.5,70.7,25.85,101.5,490.0,287.0,11.05,125.0,72.0,16.95,46.1,9.97,15.5,14.45,,240.0,18.25,30.15,10.7,28.75,9.12,10.45,17.75,18.75,46.2,48.65,9.79,19.65,16.05,26.2,16.05,9.66,14.0,20.95,17.95,222.0,74.4,2435.0,41.0,158.5,57.4,93.3,122.5,31.25,91.0,81.2,13.8,35.45,179.5,18.05,37.9,25.15,63.3,46.35,59.5,,94.0,177.0,40.65,78.6,17.55,10.65,126.5,52.1,79.7,76.1,218.5,214.0,267.0,,,72.5,,,33.05,84.4,219.5,83.3,232.5,52.3,38.65,79.6,53.9
44.9,41.85,51.3,76.8,75.2,69.6,10.65,37.0,71.7,33.0,30.8,305.0,151.0,36.35,51.1,286.5,10.4,15.05,31.8,59.8,185.0,63.4,25.0,15.05,25.9,42.25,288.5,377.0,41.3,73.3,66.9,46.15,27.75,371.5,310.5,281.0,48.7,13.05,205.5,36.35,18.0,104.5,26.05,42.35,20.35,121.0,7.62,10.1,17.45,45.15,15.5,25.1,72.3,25.6,293.5,85.2,9.59,39.45,42.2,104.5,83.0,35.35,83.6,240.0,7.95,13.75,91.4,158.0,70.7,25.85,101.5,490.0,287.0,11.05,125.0,72.0,16.95,46.1,9.98,15.5,14.4,,240.0,18.25,30.15,10.7,28.75,9.11,10.45,17.75,18.75,46.15,48.6,9.8,19.65,16.05,26.2,16.05,9.66,14.0,20.95,17.9,222.0,74.4,2435.0,41.0,158.5,57.4,93.2,122.0,31.25,90.7,81.2,13.75,35.45,180.0,18.05,37.85,25.15,63.3,46.3,59.5,,94.0,177.0,40.65,78.6,17.5,10.6,126.5,52.1,79.7,76.1,218.5,214.0,267.0,,,72.5,,,33.0,84.3,219.5,83.3,232.5,52.3,38.65,79.6,53.9
44.9,41.9,51.4,76.8,75.2,69.6,10.65,37.0,71.7,32.95,30.8,305.5,151.0,36.35,51.0,286.5,10.4,15.05,31.8,59.8,185.0,63.4,25.0,15.05,25.9,42.25,288.5,377.0,41.35,73.4,66.9,46.15,27.75,372.0,310.5,281.0,48.7,13.05,205.5,36.4,18.0,104.5,26.1,42.35,20.3,121.0,7.62,10.05,17.45,45.15,15.55,25.05,72.3,25.6,294.0,85.1,9.6,39.45,42.25,104.5,82.9,35.35,83.6,240.0,7.95,13.75,91.4,158.0,70.6,25.9,102.0,490.0,287.5,11.05,125.0,72.0,17.0,46.15,9.97,15.55,14.4,,240.0,18.25,30.15,10.7,28.75,9.12,10.45,17.8,18.75,46.15,48.6,9.79,19.65,16.1,26.25,16.05,9.67,14.0,20.95,17.95,222.0,74.4,2435.0,41.05,158.0,57.4,93.3,122.5,31.25,90.7,81.2,13.75,35.45,180.0,18.05,37.9,25.1,63.3,46.3,59.5,,94.0,177.0,40.65,78.6,17.5,10.6,126.0,52.1,79.7,76.1,218.5,214.0,267.0,,,72.5,,,33.0,84.0,219.0,83.3,232.5,52.3,38.65,79.6,53.9
44.85,41.9,51.3,76.8,75.2,69.6,10.65,37.0,71.7,32.95,30.85,305.5,151.0,36.35,50.9,286.5,10.4,15.05,31.8,59.8,186.0,63.3,25.0,15.05,25.9,42.25,288.5,377.0,41.35,73.3,66.8,46.1,27.75,372.0,310.5,281.0,48.7,13.1,206.0,36.35,17.95,104.5,26.1,42.35,20.3,121.5,7.62,10.05,17.45,45.15,15.55,25.05,72.4,25.6,294.0,85.2,9.59,39.45,42.25,105.0,82.9,35.35,83.6,240.0,7.95,13.7,91.5,158.0,70.6,25.85,102.0,490.5,286.5,11.05,125.5,72.0,16.95,46.15,9.97,15.5,14.4,,240.0,18.25,30.1,10.7,28.75,9.12,10.45,17.8,18.8,46.2,48.6,9.79,19.65,16.05,26.25,16.05,9.67,14.0,21.0,17.95,221.5,74.4,2435.0,41.0,158.0,57.4,93.3,122.5,31.25,90.8,81.2,13.8,35.45,180.0,18.1,37.9,25.1,63.3,46.3,59.6,,94.0,177.0,40.65,78.6,17.5,10.6,126.0,52.0,79.7,76.1,218.5,213.5,267.0,,,72.5,,,33.0,84.5,219.5,83.3,232.5,52.3,38.65,79.6,53.8
44.9,41.9,51.3,76.8,75.2,69.7,10.65,37.0,71.7,33.0,30.85,305.5,151.0,36.35,50.9,286.5,10.45,15.05,31.8,59.8,186.0,63.3,25.0,15.05,25.9,42.25,288.5,376.5,41.35,73.3,66.8,46.15,27.75,372.0,310.5,280.5,48.7,13.05,206.0,36.35,18.0,104.5,26.1,42.35,20.35,121.0,7.63,10.05,17.45,45.15,15.5,25.1,72.4,25.6,293.5,85.1,9.59,39.45,42.2,105.0,82.9,35.3,83.6,240.0,7.95,13.7,91.5,158.0,70.6,25.8,102.0,490.5,286.5,11.05,125.5,72.0,16.9,46.15,9.98,15.5,14.4,,240.0,18.25,30.1,10.7,28.75,9.12,10.45,17.8,18.75,46.15,48.6,9.8,19.65,16.05,26.25,16.05,9.67,14.05,21.0,17.95,221.5,74.4,2440.0,41.0,158.0,57.4,93.3,122.5,31.25,90.8,81.2,13.75,35.45,180.0,18.1,37.9,25.1,63.3,46.3,59.5,,94.0,177.5,40.65,78.5,17.55,10.6,126.5,52.1,79.7,76.1,218.5,213.5,267.5,,,72.5,,,33.0,84.5,219.5,83.3,232.5,52.3,38.65,79.6,53.8
44.85,41.9,51.3,76.8,75.1,69.6,10.65,37.0,71.7,33.0,30.85,305.0,151.0,36.4,50.9,287.0,10.45,15.05,31.8,59.9,186.0,63.3,25.0,15.05,25.9,42.25,288.5,376.5,41.35,73.3,66.8,46.1,27.75,372.0,310.5,280.5,48.75,13.05,206.0,36.4,18.0,104.5,26.05,42.35,20.35,121.0,7.62,10.05,17.4,45.2,15.55,25.05,72.4,25.6,293.5,85.1,9.58,39.45,42.1,105.0,83.0,35.3,83.7,239.5,7.95,13.75,91.4,158.0,70.7,25.8,101.5,490.0,286.5,11.05,125.5,72.0,16.95,46.15,9.98,15.5,14.4,,240.0,18.2,30.1,10.7,28.75,9.12,10.45,17.8,18.8,46.15,48.6,9.79,19.65,16.0,26.2,16.05,9.66,14.05,20.95,17.9,222.0,74.4,2435.0,41.0,158.0,57.4,93.3,122.5,31.25,90.5,81.2,13.75,35.45,180.0,18.05,37.9,25.1,63.3,46.35,59.4,,93.9,177.0,40.65,78.5,17.5,10.6,126.0,52.0,79.7,76.1,218.5,213.5,267.0,,,72.5,,,33.0,84.0,219.5,83.3,232.5,52.4,38.65,79.6,53.8
44.85,41.85,51.4,76.8,75.2,69.6,10.65,37.0,71.7,33.0,30.85,305.0,151.0,36.35,50.9,287.0,10.45,15.05,31.8,59.8,186.0,63.3,25.0,15.05,25.95,42.25,288.5,376.5,41.35,73.3,66.8,46.15,27.75,372.0,310.5,280.5,48.75,13.05,206.0,36.4,17.95,104.5,26.05,42.3,20.35,121.0,7.62,10.1,17.4,45.2,15.5,25.1,72.4,25.6,293.5,85.1,9.58,39.45,42.1,105.0,82.9,35.35,83.7,239.5,7.95,13.75,91.5,158.0,70.7,25.8,101.5,490.5,286.5,11.05,125.5,71.9,16.9,46.2,9.98,15.5,14.4,,240.0,18.2,30.1,10.7,28.75,9.12,10.45,17.8,18.8,46.15,48.6,9.79,19.65,16.0,26.25,16.05,9.66,14.05,21.0,17.95,221.5,74.5,2435.0,40.9,158.0,57.4,93.2,122.5,31.2,90.7,81.2,13.75,35.45,180.0,18.05,37.9,25.1,63.2,46.3,59.4,,94.0,177.0,40.75,78.5,17.5,10.6,126.0,52.1,79.6,76.1,218.5,214.0,267.0,,,72.5,,,33.0,84.4,219.0,83.3,232.5,52.3,38.65,79.5,53.8
44.85,41.85,51.4,76.8,75.2,69.6,10.7,37.05,71.7,33.0,30.85,305.0,151.5,36.35,50.9,287.0,10.45,15.05,31.8,59.8,186.0,63.3,25.0,15.05,25.9,42.25,288.5,377.0,41.35,73.3,66.8,46.15,27.75,372.0,310.0,280.5,48.7,13.05,206.0,36.4,17.95,104.5,26.1,42.35,20.35,121.0,7.62,10.05,17.4,45.1,15.5,25.1,72.4,25.6,293.5,85.1,9.59,39.45,42.1,105.0,82.9,35.3,83.7,239.5,7.95,13.75,91.4,158.0,70.7,25.75,101.5,490.5,286.0,11.05,125.5,72.0,16.9,46.2,9.97,15.5,14.4,,240.0,18.2,30.1,10.7,28.75,9.12,10.45,17.8,18.75,46.2,48.55,9.8,19.65,16.05,26.25,16.0,9.66,14.0,20.95,17.95,222.0,74.5,2435.0,40.95,158.5,57.4,93.1,122.5,31.2,90.7,81.2,13.7,35.45,180.0,18.1,37.9,25.1,63.2,46.25,59.4,,94.0,177.0,40.7,78.5,17.5,10.6,126.0,52.1,79.7,76.5,218.5,214.0,266.0,,,72.4,,,33.0,84.4,219.0,83.3,232.5,52.3,38.65,79.5,53.9
44.9,41.9,51.5,76.8,75.2,69.7,10.7,37.0,71.8,33.0,30.8,304.0,151.5,36.3,50.9,286.5,10.45,15.05,31.8,59.9,186.0,63.3,25.0,15.05,25.9,42.25,288.5,377.0,41.35,73.3,66.8,46.15,27.75,372.0,310.0,280.5,48.7,13.05,206.0,36.4,17.95,104.5,26.05,42.3,20.35,121.5,7.63,10.05,17.4,45.2,15.5,25.05,72.4,25.65,293.5,85.1,9.59,39.45,42.1,105.0,82.9,35.3,83.7,239.5,7.95,13.7,91.5,158.0,70.7,25.8,101.5,490.5,286.0,11.05,126.0,72.0,16.95,46.2,9.97,15.5,14.45,,240.0,18.25,30.1,10.7,28.75,9.12,10.45,17.8,18.8,46.15,48.55,9.79,19.6,16.05,26.25,16.05,9.66,14.05,21.0,17.95,221.5,74.4,2435.0,40.9,158.0,57.3,93.1,122.5,31.2,90.5,81.2,13.7,35.45,180.0,18.1,37.95,25.1,63.3,46.2,59.5,,93.8,177.0,40.7,78.6,17.55,10.6,126.0,52.1,79.8,76.1,218.5,214.0,267.5,,,72.5,,,33.0,84.4,219.0,83.3,232.5,52.4,38.65,79.5,53.9
44.9,41.9,51.4,76.7,75.1,69.6,10.65,37.0,71.7,33.0,30.8,304.0,151.5,36.3,50.9,286.5,10.45,15.05,31.8,59.9,186.0,63.3,25.0,15.05,25.9,42.25,288.5,376.5,41.35,73.3,67.0,46.15,27.75,372.0,310.0,280.5,48.7,13.05,206.0,36.45,17.95,104.5,26.05,42.35,20.35,121.5,7.63,10.05,17.4,45.2,15.5,25.1,72.4,25.6,293.5,85.1,9.58,39.45,42.15,105.0,82.9,35.3,83.6,239.5,7.95,13.75,91.4,158.0,70.6,25.8,101.5,490.5,285.5,11.05,125.5,72.0,17.0,46.15,9.98,15.5,14.4,,240.0,18.2,30.1,10.7,28.7,9.11,10.4,17.8,18.8,46.15,48.5,9.79,19.65,16.05,26.2,16.0,9.66,14.05,20.95,17.9,221.5,74.3,2440.0,40.95,158.5,57.3,93.0,123.0,31.25,90.5,81.2,13.7,35.45,180.0,18.05,37.95,25.1,63.3,46.2,59.4,,93.9,177.0,40.7,78.6,17.5,10.6,126.0,52.0,79.8,76.1,218.5,214.0,267.5,,,72.5,,,33.05,84.4,219.0,83.3,232.5,52.0,38.65,79.5,53.9
44.85,41.85,51.5,76.7,75.1,69.6,10.65,37.0,71.7,33.05,30.8,303.5,151.5,36.3,50.9,286.5,10.45,15.05,31.8,59.8,186.0,63.3,25.0,15.05,25.9,42.25,288.5,376.5,41.35,73.3,67.0,46.15,27.75,372.0,310.0,280.5,48.75,13.05,206.0,36.45,17.95,104.5,26.05,42.3,20.35,121.5,7.63,10.05,17.4,45.15,15.5,25.1,72.4,25.65,293.5,85.1,9.58,39.45,42.15,105.0,82.9,35.3,83.6,240.0,7.95,13.75,91.4,157.5,70.7,25.8,102.0,490.5,285.5,11.05,125.5,72.1,17.0,46.2,9.96,15.5,14.4,,240.0,18.2,30.1,10.7,28.7,9.11,10.4,17.8,18.8,46.15,48.5,9.79,19.65,16.0,26.25,16.05,9.66,14.05,20.95,17.95,221.5,74.3,2440.0,40.95,158.0,57.3,93.2,123.0,31.25,90.5,81.3,13.75,35.45,180.5,18.1,37.95,25.1,63.3,46.15,59.5,,93.9,177.0,40.7,78.6,17.5,10.6,126.0,52.1,79.8,76.1,218.5,214.0,267.5,,,72.5,,,33.0,84.5,219.5,83.4,232.5,52.0,38.6,79.5,53.9
44.85,41.9,51.4,76.7,75.1,69.7,10.65,37.05,71.7,33.05,30.8,303.5,151.5,36.3,50.9,286.5,10.45,15.05,31.8,59.9,185.5,63.3,25.05,15.05,25.9,42.35,288.5,376.5,41.35,73.3,67.1,46.15,27.75,372.0,310.0,280.5,48.75,13.05,206.0,36.4,18.0,104.5,26.1,42.3,20.35,121.5,7.63,10.1,17.4,45.15,15.5,25.1,72.4,25.65,294.0,85.2,9.58,39.5,42.1,105.0,82.9,35.3,83.6,239.5,7.95,13.7,91.4,158.0,70.7,25.8,102.0,491.0,285.5,11.0,125.5,72.0,16.95,46.2,9.97,15.5,14.4,,240.0,18.2,30.15,10.7,28.7,9.11,10.4,17.8,18.75,46.15,48.5,9.8,19.65,16.05,26.2,16.05,9.66,14.0,21.0,17.9,221.5,74.3,2440.0,41.0,158.5,57.3,93.2,123.0,31.2,90.4,81.3,13.75,35.45,180.5,18.05,37.9,25.1,63.3,46.15,59.4,,93.9,177.0,40.7,78.8,17.5,10.6,126.5,52.0,79.8,76.2,218.5,214.0,267.5,,,72.5,,,33.0,84.5,219.5,83.4,232.5,52.0,38.6,79.5,53.9
44.9,41.85,51.4,76.7,75.1,69.7,10.7,37.0,71.7,33.05,30.8,303.5,151.5,36.3,50.9,287.0,10.5,15.05,31.8,59.9,185.5,63.3,25.05,15.05,25.9,42.35,288.5,376.5,41.35,73.3,67.1,46.15,27.8,372.0,310.5,280.0,48.75,13.1,206.0,36.45,17.95,104.5,26.15,42.3,20.35,121.0,7.63,10.1,17.4,45.1,15.5,25.1,72.4,25.65,294.0,85.2,9.58,39.5,42.1,105.0,82.9,35.3,83.5,239.5,7.95,13.7,91.4,157.5,70.7,25.8,102.0,491.0,285.0,11.0,125.5,72.1,16.95,46.2,9.97,15.5,14.4,,240.0,18.2,30.15,10.75,28.75,9.11,10.4,17.8,18.75,46.15,48.55,9.79,19.65,16.0,26.2,16.05,9.67,14.05,21.0,17.9,221.5,74.3,2440.0,41.1,158.0,57.3,93.2,123.0,31.2,90.5,81.3,13.75,35.45,180.5,18.1,37.95,25.15,63.3,46.1,59.4,,93.9,177.0,40.7,78.8,17.5,10.6,126.0,52.1,79.7,76.1,218.5,214.0,267.5,,,72.5,,,33.0,84.5,219.5,83.4,233.0,52.0,38.6,79.5,53.9
44.85,41.85,51.5,76.7,75.1,69.6,10.65,37.0,71.7,33.05,30.8,304.0,151.5,36.3,50.9,286.5,10.45,15.05,31.8,59.8,185.5,63.3,25.0,15.1,25.95,42.35,288.5,376.5,41.4,73.3,66.8,46.15,27.8,372.0,310.5,280.0,48.7,13.1,206.0,36.45,17.95,104.5,26.15,42.3,20.3,121.5,7.62,10.1,17.4,45.2,15.5,25.1,72.4,25.6,293.5,85.1,9.58,39.45,42.05,105.0,82.9,35.3,83.5,239.5,7.95,13.75,91.4,158.0,70.6,25.8,102.0,491.0,285.5,11.0,125.5,72.0,16.95,46.2,9.97,15.5,14.4,,240.0,18.2,30.1,10.75,28.7,9.11,10.4,17.8,18.8,46.1,48.55,9.8,19.65,16.0,26.25,16.05,9.67,14.05,21.0,17.9,221.5,74.3,2440.0,40.9,158.0,57.3,93.2,123.0,31.2,90.5,81.3,13.75,35.45,180.5,18.1,37.95,25.1,63.3,46.05,59.3,,93.9,177.0,40.7,78.8,17.5,10.6,126.0,52.1,79.6,76.1,218.5,214.0,267.5,,,72.4,,,33.0,84.5,219.5,83.3,232.5,52.0,38.6,79.5,53.9
44.9,41.9,51.5,76.7,75.1,69.7,10.7,37.0,71.7,33.05,30.8,304.5,151.0,36.3,51.0,286.5,10.5,15.05,31.8,59.7,186.0,63.3,25.0,15.1,25.95,42.35,288.5,376.5,41.4,73.3,67.0,46.15,27.7,372.0,310.0,280.0,48.75,13.1,205.5,36.45,18.0,104.5,26.1,42.25,20.3,121.0,7.63,10.05,17.4,45.2,15.5,25.1,72.5,25.6,293.5,85.2,9.59,39.5,42.05,105.0,82.9,35.3,83.6,240.0,7.95,13.75,91.4,158.0,70.7,25.8,102.0,490.5,285.5,11.0,125.5,72.1,16.95,46.2,9.97,15.5,14.4,,240.0,18.25,30.1,10.7,28.7,9.12,10.45,17.8,18.8,46.1,48.55,9.8,19.65,16.0,26.25,16.05,9.68,14.05,20.95,17.95,222.0,74.3,2440.0,40.9,157.5,57.3,93.2,123.5,31.2,90.5,81.2,13.8,35.45,180.5,18.1,37.9,25.15,63.2,46.1,59.4,,93.8,177.0,40.7,78.8,17.5,10.6,126.0,52.1,79.7,76.1,218.5,214.0,267.5,,,72.5,,,33.0,84.3,219.5,83.3,232.5,52.0,38.6,79.5,53.9
44.85,41.9,51.4,76.7,75.2,69.7,10.65,37.0,71.7,33.05,30.8,305.0,151.0,36.3,51.0,286.5,10.5,15.05,31.8,59.8,186.0,63.3,25.0,15.1,25.9,42.35,288.5,376.5,41.45,73.4,67.0,46.15,27.7,372.0,310.0,280.0,48.75,13.05,206.0,36.45,18.0,104.5,26.15,42.25,20.35,121.0,7.62,10.1,17.4,45.15,15.5,25.15,72.5,25.65,294.0,85.1,9.59,39.5,42.05,105.0,83.0,35.3,83.5,240.0,7.95,13.7,91.4,158.0,70.7,25.8,102.0,490.5,285.5,11.0,125.5,72.0,16.95,46.2,9.97,15.5,14.4,,240.0,18.25,30.15,10.7,28.7,9.12,10.45,17.8,18.8,46.15,48.55,9.79,19.65,16.0,26.2,16.0,9.67,14.0,21.0,17.9,221.5,74.3,2440.0,40.95,158.0,57.3,93.2,123.5,31.2,90.5,81.2,13.8,35.45,180.5,18.1,37.9,25.15,63.3,46.1,59.4,,93.8,177.0,40.7,78.8,17.5,10.6,126.0,52.1,79.7,76.1,218.0,214.0,267.5,,,72.4,,,33.0,84.3,219.5,83.3,232.5,52.0,38.6,79.5,53.9
44.9,41.95,51.5,76.7,75.2,69.7,10.65,37.0,71.8,33.0,30.8,305.0,151.0,36.3,51.0,286.5,10.5,15.05,31.8,59.7,186.0,63.3,25.0,15.05,25.95,42.35,288.5,376.5,41.45,73.4,66.9,46.1,27.8,372.0,310.5,278.5,48.75,13.05,205.5,36.5,17.95,105.0,26.1,42.2,20.35,121.0,7.62,10.05,17.4,45.15,15.45,25.15,72.4,25.65,294.0,85.2,9.6,39.45,42.0,105.0,83.0,35.3,83.6,240.0,7.95,13.7,91.5,157.5,70.8,25.8,102.0,490.0,286.0,11.0,125.0,72.1,16.95,46.15,9.96,15.5,14.45,,240.0,18.25,30.15,10.7,28.75,9.12,10.45,17.8,18.8,46.15,48.55,9.79,19.65,16.0,26.25,16.0,9.69,14.0,21.0,17.9,222.0,74.3,2440.0,40.95,157.5,57.3,93.2,123.5,31.2,90.6,81.2,13.8,35.45,180.0,18.1,37.9,25.15,63.2,46.1,59.4,,93.8,177.0,40.75,78.8,17.5,10.6,126.5,52.2,79.7,76.1,218.0,214.0,267.5,,,72.5,,,33.0,84.3,219.0,83.3,232.5,52.2,38.6,79.5,53.9
44.9,41.95,51.5,76.7,75.2,69.7,10.65,37.0,71.8,33.0,30.8,305.0,151.0,36.3,51.0,286.5,10.5,15.05,31.8,59.7,186.0,63.3,25.0,15.05,25.9,42.35,288.5,376.5,41.5,73.4,66.8,46.1,27.8,372.5,310.5,278.5,48.7,13.05,206.0,36.5,17.95,105.0,26.15,42.2,20.3,121.0,7.63,10.1,17.4,45.15,15.45,25.1,72.5,25.6,294.0,85.2,9.59,39.55,42.0,105.5,83.0,35.3,83.5,240.5,7.95,13.7,91.4,158.0,70.7,25.85,101.5,490.0,286.0,11.0,125.0,72.0,16.95,46.35,9.96,15.5,14.45,,240.0,18.2,30.1,10.7,28.75,9.12,10.45,17.8,18.8,46.2,48.55,9.8,19.65,16.0,26.25,16.05,9.68,14.05,21.0,17.95,221.5,74.3,2440.0,41.0,157.5,57.3,93.2,123.0,31.2,90.5,81.2,13.75,35.45,180.0,18.1,37.95,25.15,63.2,46.1,59.4,,93.8,177.0,40.7,78.9,17.5,10.6,126.0,52.3,79.7,76.1,218.5,214.0,267.5,,,72.5,,,33.0,84.3,219.5,83.3,232.5,52.2,38.6,79.5,53.9
44.9,41.95,51.4,76.7,75.2,69.7,10.65,37.0,71.8,33.05,30.8,305.0,151.0,36.3,50.9,286.5,10.5,15.05,31.85,59.7,186.0,63.2,25.0,15.1,25.9,42.35,288.5,377.0,41.5,73.3,66.8,46.1,27.8,372.5,310.5,278.5,48.75,13.05,206.0,36.45,17.95,105.0,26.15,42.2,20.3,121.0,7.63,10.05,17.4,45.2,15.4,25.15,72.5,25.6,294.0,85.2,9.58,39.55,42.0,105.0,83.0,35.3,83.5,240.5,7.95,13.7,91.4,158.0,70.7,25.85,101.5,490.0,286.0,11.0,125.0,72.1,16.95,46.35,9.97,15.5,14.45,,240.0,18.25,30.1,10.7,28.75,9.11,10.45,17.8,18.8,46.2,48.55,9.79,19.65,16.0,26.25,16.05,9.69,14.05,20.95,17.95,221.5,74.3,2440.0,41.0,158.0,57.3,93.2,123.5,31.2,90.5,81.2,13.75,35.45,180.5,18.1,37.9,25.1,63.3,46.1,59.4,,93.8,177.0,40.7,78.8,17.5,10.65,126.5,52.3,79.8,76.1,218.5,214.0,267.5,,,72.5,,,33.0,84.3,219.5,83.4,232.5,52.3,38.7,79.5,53.8
44.85,41.9,51.5,76.7,75.3,69.7,10.65,37.0,71.8,33.05,30.85,305.0,151.0,36.35,50.9,286.5,10.5,15.05,31.85,59.7,186.0,63.2,25.0,15.1,25.9,42.35,288.5,377.0,41.5,73.3,66.8,46.15,27.8,372.5,310.5,278.5,48.75,13.05,206.0,36.5,17.95,105.0,26.1,42.2,20.35,121.0,7.63,10.1,17.4,45.15,15.4,25.15,72.5,25.6,294.0,85.4,9.59,39.55,41.95,105.0,83.0,35.3,83.5,240.0,7.95,13.75,91.4,158.0,70.8,25.8,101.5,490.0,286.5,11.0,125.0,72.1,17.0,46.35,9.97,15.5,14.45,,240.0,18.2,30.1,10.7,28.75,9.12,10.45,17.8,18.8,46.2,48.55,9.79,19.65,16.0,26.3,16.05,9.68,14.0,20.95,17.9,221.5,74.3,2435.0,40.9,158.0,57.3,93.2,123.5,31.25,90.6,81.2,13.8,35.45,180.5,18.1,37.95,25.1,63.3,46.2,59.4,,93.9,177.0,40.7,78.9,17.5,10.6,126.5,52.2,79.8,76.1,218.5,214.0,267.5,,,72.5,,,33.05,84.3,219.5,83.4,232.5,52.2,38.7,79.5,53.9
44.9,41.9,51.5,76.7,75.3,69.7,10.65,37.0,71.8,33.05,30.8,305.0,151.0,36.3,50.9,286.5,10.45,15.05,31.85,59.7,186.0,63.2,25.0,15.05,25.9,42.35,288.5,377.0,41.5,73.3,66.8,46.2,27.8,372.5,310.5,279.0,48.7,13.05,205.5,36.5,18.0,104.5,26.1,42.25,20.35,121.5,7.63,10.1,17.4,45.15,15.4,25.15,72.5,25.6,294.0,85.2,9.6,39.5,41.95,105.0,83.0,35.3,83.5,240.0,7.95,13.7,91.5,158.0,70.7,25.85,101.5,490.5,286.5,11.0,125.0,72.0,17.0,46.35,9.97,15.5,14.4,,240.0,18.25,30.15,10.7,28.8,9.13,10.4,17.8,18.8,46.2,48.55,9.8,19.65,16.05,26.25,16.05,9.68,14.0,21.0,17.95,221.5,74.4,2440.0,40.9,158.0,57.3,93.2,123.0,31.25,90.6,81.2,13.75,35.45,180.5,18.1,37.95,25.1,63.2,46.15,59.4,,93.9,177.0,40.7,78.9,17.5,10.6,126.5,52.2,79.8,76.1,218.5,214.0,266.5,,,72.5,,,33.0,84.1,219.5,83.4,232.5,52.2,38.7,79.6,53.9
44.85,41.95,51.5,76.7,75.3,69.6,10.65,37.0,71.8,33.0,30.8,305.5,151.0,36.25,50.9,286.5,10.45,15.05,31.85,59.8,186.0,63.2,25.0,15.1,25.9,42.35,288.5,377.0,41.6,73.3,66.8,46.2,27.8,372.5,310.5,278.5,48.75,13.05,205.5,36.5,17.9,104.5,26.1,42.2,20.35,121.0,7.65,10.1,17.4,45.15,15.45,25.15,72.4,25.65,294.0,85.3,9.59,39.55,42.0,105.0,83.0,35.3,83.5,240.0,7.95,13.75,91.4,157.5,70.8,25.85,101.5,490.0,286.5,11.0,125.0,72.1,16.9,46.3,9.97,15.5,14.45,,240.0,18.2,30.15,10.7,28.75,9.12,10.45,17.8,18.8,46.2,48.55,9.79,19.65,16.0,26.25,16.05,9.68,14.0,21.0,17.9,221.5,74.4,2440.0,40.9,158.0,57.3,93.2,122.5,31.25,90.6,81.2,13.75,35.45,180.0,18.1,37.9,25.1,63.2,46.15,59.4,,93.9,176.5,40.7,78.9,17.5,10.6,126.0,52.3,79.7,76.1,218.0,214.0,266.5,,,72.5,,,33.0,84.1,219.5,83.3,232.5,52.3,38.7,79.6,53.8
44.9,41.95,51.5,76.7,75.3,69.7,10.65,37.05,71.7,33.05,30.8,305.5,151.0,36.25,50.8,286.5,10.45,15.05,31.85,59.7,185.5,63.2,25.05,15.1,25.9,42.35,288.5,377.0,41.6,73.3,66.8,46.25,27.7,372.5,310.0,278.5,48.7,13.05,205.5,36.5,17.9,104.5,26.1,42.2,20.35,121.0,7.65,10.1,17.4,45.2,15.4,25.15,72.4,25.6,294.5,85.3,9.57,39.55,42.0,105.0,83.0,35.3,83.5,240.0,7.95,13.75,91.4,158.0,70.7,25.8,101.5,490.5,286.5,11.0,125.0,72.1,16.9,46.3,9.96,15.5,14.4,,240.0,18.2,30.15,10.7,28.8,9.12,10.45,17.8,18.8,46.25,48.5,9.79,19.65,16.05,26.25,16.05,9.68,14.0,20.95,17.95,221.5,74.4,2435.0,40.95,158.0,57.3,93.1,123.0,31.25,90.6,81.2,13.8,35.45,180.0,18.1,37.9,25.15,63.3,46.1,59.4,,93.9,176.5,40.7,78.9,17.45,10.6,126.0,52.3,79.7,76.1,218.0,213.5,265.5,,,72.5,,,33.0,84.1,219.5,83.4,232.5,52.3,38.65,79.5,53.8
44.9,41.95,51.4,76.7,75.4,69.7,10.65,37.05,71.8,33.05,30.8,305.5,151.0,36.25,50.9,286.5,10.45,15.05,31.85,59.7,185.5,63.2,25.05,15.1,25.9,42.35,288.5,377.0,41.6,73.3,66.8,46.25,27.8,372.5,310.0,278.5,48.75,13.05,206.0,36.45,17.9,105.0,26.1,42.25,20.3,121.0,7.65,10.1,17.4,45.15,15.45,25.2,72.4,25.6,294.5,85.3,9.58,39.55,42.0,104.5,82.9,35.35,83.5,240.0,7.95,13.75,91.4,158.0,70.8,25.85,102.0,490.0,286.5,11.0,125.0,72.0,16.9,46.3,9.97,15.5,14.4,,240.0,18.2,30.15,10.7,28.75,9.12,10.45,17.8,18.8,46.25,48.55,9.79,19.65,16.0,26.25,16.05,9.68,14.0,21.0,17.95,221.5,74.4,2435.0,40.95,158.0,57.3,93.2,123.0,31.25,90.6,81.2,13.75,35.45,180.0,18.1,37.9,25.1,63.3,46.1,59.3,,93.8,176.5,40.65,79.0,17.45,10.65,126.0,52.2,79.7,76.1,218.0,213.5,265.5,,,72.5,,,33.0,84.1,219.5,83.4,232.5,52.3,38.65,79.5,53.8
44.9,41.9,51.5,76.7,75.2,69.7,10.65,37.05,71.8,33.05,30.8,305.5,151.5,36.25,50.9,286.5,10.5,15.05,31.85,59.7,187.0,63.3,25.05,15.05,25.95,42.35,288.5,377.0,41.6,73.3,66.8,46.25,27.8,372.5,310.0,278.5,48.7,13.1,205.5,36.45,17.95,104.5,26.1,42.2,20.3,121.5,7.65,10.1,17.4,45.15,15.45,25.2,72.5,25.6,294.0,85.4,9.58,39.5,42.05,105.0,82.9,35.35,83.5,240.0,7.95,13.7,91.5,157.5,70.8,25.85,101.5,490.0,286.5,11.0,125.0,72.0,16.9,46.3,9.96,15.5,14.45,,240.0,18.25,30.15,10.7,28.75,9.12,10.45,17.8,18.8,46.25,48.55,9.79,19.65,16.05,26.3,16.05,9.7,14.0,21.0,17.9,221.5,74.4,2435.0,41.0,158.0,57.3,93.2,123.0,31.25,90.6,81.2,13.8,35.45,180.0,18.1,37.9,25.1,63.3,46.15,59.4,,93.8,176.5,40.65,79.0,17.55,10.6,126.0,52.2,79.7,76.1,218.0,213.5,265.5,,,72.5,,,33.0,84.1,219.5,83.4,232.5,52.1,38.65,79.5,53.8
44.95,41.95,51.5,76.7,75.2,69.7,10.65,37.05,71.8,33.05,30.8,305.5,151.5,36.25,50.8,287.0,10.5,15.05,31.85,59.7,187.0,63.2,25.05,15.15,25.9,42.35,288.5,377.0,41.6,73.3,66.8,46.25,27.8,372.0,310.0,278.5,48.7,13.05,206.0,36.45,17.9,104.5,26.05,42.15,20.3,121.0,7.64,10.1,17.4,45.15,15.45,25.2,72.5,25.6,294.5,85.3,9.58,39.6,42.05,105.0,83.0,35.35,83.5,240.0,7.95,13.7,91.5,157.5,70.6,25.85,101.5,490.0,286.0,11.0,125.0,72.0,16.9,46.3,9.96,15.5,14.45,,240.0,18.2,30.2,10.75,28.75,9.13,10.45,17.8,18.8,46.25,48.5,9.79,19.65,16.05,26.3,16.05,9.69,14.0,20.95,17.95,221.5,74.4,2435.0,41.05,158.0,57.3,93.2,122.5,31.25,90.7,81.2,13.75,35.45,180.0,18.1,37.9,25.1,63.3,46.15,59.4,,93.9,176.5,40.65,79.1,17.55,10.6,126.0,52.2,79.7,76.1,218.0,213.5,267.0,,,72.5,,,33.0,84.1,219.5,83.3,232.5,52.3,38.65,79.5,53.8
44.95,41.9,51.4,76.8,75.3,69.7,10.65,37.05,71.8,33.05,30.8,305.5,151.5,36.25,50.8,287.0,10.5,15.05,31.85,59.6,187.0,63.2,25.05,15.15,25.95,42.4,288.5,376.5,41.55,73.4,66.8,46.15,27.8,372.0,310.0,278.5,48.7,13.05,205.5,36.4,17.95,104.5,26.05,42.15,20.35,121.5,7.63,10.1,17.4,45.2,15.5,25.2,72.4,25.6,294.0,85.4,9.58,39.55,42.05,105.5,82.9,35.3,83.7,240.0,7.95,13.75,91.5,158.0,70.7,25.85,101.5,490.0,286.0,11.0,125.0,72.1,16.9,46.35,9.97,15.55,14.45,,240.0,18.2,30.2,10.75,28.75,9.13,10.45,17.8,18.8,46.2,48.5,9.79,19.65,16.05,26.25,16.05,9.7,14.05,21.0,17.95,222.0,74.4,2435.0,41.05,158.0,57.3,93.2,122.5,31.25,90.7,81.1,13.8,35.45,180.0,18.1,37.9,25.1,63.3,46.2,59.4,,93.8,176.5,40.65,79.1,17.55,10.6,126.5,52.3,79.7,76.1,218.0,213.5,267.0,,,72.5,,,33.0,84.0,219.5,83.3,232.5,52.1,38.65,79.5,53.9
44.95,41.9,51.6,76.7,75.5,69.6,10.7,37.0,71.8,33.05,30.8,305.0,151.5,36.2,50.7,287.0,10.5,15.05,31.85,59.7,187.0,63.2,25.05,15.1,25.95,42.3,288.5,375.5,41.6,73.3,66.8,46.1,27.8,372.5,310.0,278.5,48.75,13.05,206.0,36.4,17.9,104.5,26.05,42.15,20.35,121.5,7.64,10.1,17.4,45.2,15.45,25.2,72.4,25.55,294.5,85.4,9.57,39.55,42.05,105.0,82.9,35.35,83.4,240.0,7.95,13.75,91.5,158.0,70.6,25.8,102.0,490.5,286.0,11.0,125.0,72.0,16.9,46.35,9.96,15.5,14.45,,240.0,18.25,30.2,10.65,28.75,9.13,10.45,17.8,18.8,46.2,48.5,9.79,19.65,16.0,26.25,16.05,9.69,14.05,21.0,17.95,221.5,74.4,2435.0,41.0,158.0,57.3,93.3,122.5,31.2,90.6,81.1,13.75,35.45,180.0,18.15,37.9,25.1,63.2,46.2,59.4,,93.9,176.5,40.65,79.2,17.55,10.6,126.0,52.2,79.7,76.1,218.0,213.5,267.0,,,72.5,,,33.0,84.0,219.5,83.3,232.0,52.3,38.7,79.5,53.9
45.0,41.9,51.6,76.7,75.5,69.7,10.65,37.0,71.9,33.05,30.8,305.0,151.5,36.2,50.7,287.0,10.5,15.05,31.9,59.7,187.5,63.4,25.05,15.1,25.9,42.4,288.5,377.0,41.6,73.3,66.8,46.2,27.8,373.0,309.5,280.0,48.7,13.1,206.0,36.4,17.9,104.5,26.0,42.1,20.35,121.5,7.63,10.05,17.4,45.2,15.45,25.2,72.4,25.55,294.5,85.5,9.56,39.5,42.05,105.5,82.9,35.35,83.4,239.5,7.95,13.75,91.5,158.0,70.7,25.8,102.0,490.5,286.0,11.0,125.0,72.0,16.95,46.35,9.96,15.55,14.45,,240.0,18.25,30.2,10.65,28.75,9.13,10.45,17.8,18.8,46.25,48.5,9.8,19.7,16.05,26.2,16.05,9.69,14.05,21.0,17.95,221.5,74.4,2440.0,40.95,158.0,57.3,93.3,122.5,31.2,90.6,81.1,13.8,35.45,180.0,18.15,37.9,25.1,63.3,46.2,59.4,,93.9,176.5,40.65,79.1,17.5,10.6,126.5,52.2,79.7,76.0,218.0,213.5,265.0,,,72.5,,,33.0,84.6,219.5,83.3,232.0,52.3,38.7,79.5,53.9
45.0,41.85,51.5,76.8,75.5,69.7,10.65,37.0,71.9,33.0,30.85,305.5,151.5,36.25,50.8,286.5,10.5,15.05,31.9,59.7,187.5,63.4,25.1,15.1,25.95,42.4,288.5,376.0,41.6,73.4,66.8,46.1,27.65,372.0,309.0,278.5,48.75,13.1,206.0,36.4,17.9,104.5,26.05,42.15,20.35,121.5,7.63,10.05,17.4,45.15,15.5,25.2,72.5,25.55,294.0,85.4,9.57,39.5,42.1,105.5,83.0,35.4,83.4,239.5,7.95,13.75,91.5,157.5,70.8,25.8,102.0,490.5,285.5,11.0,125.0,72.0,16.95,46.35,9.98,15.5,14.4,,240.0,18.25,30.15,10.65,28.75,9.13,10.45,17.8,18.8,46.25,48.5,9.8,19.7,16.1,26.25,16.05,9.7,14.0,20.9,17.9,221.0,74.4,2435.0,41.0,158.0,57.5,93.2,123.0,31.25,90.6,81.1,13.75,35.7,180.0,18.15,37.9,25.1,63.3,46.2,59.5,,93.8,176.5,40.65,79.1,17.5,10.65,126.0,52.2,79.7,76.0,218.0,213.5,265.0,,,72.5,,,33.0,84.6,219.5,83.3,232.0,52.1,38.7,79.6,53.8
45.0,41.85,51.5,76.8,75.5,69.7,10.65,37.0,71.9,33.0,30.85,305.5,151.5,36.25,50.8,286.5,10.5,15.05,31.9,59.7,187.5,63.4,25.1,15.1,25.95,42.4,288.5,376.0,41.6,73.4,66.8,46.1,27.65,372.0,309.0,278.5,48.75,13.1,206.0,36.4,17.9,104.5,26.05,42.15,20.35,121.5,7.63,10.05,17.4,45.15,15.5,25.2,72.5,25.55,294.0,85.4,9.57,39.5,42.1,105.5,83.0,35.4,83.4,239.5,7.95,13.75,91.5,157.5,70.8,25.8,102.0,490.5,285.5,11.0,125.0,72.0,16.95,46.35,9.98,15.5,14.4,,240.0,18.25,30.15,10.65,28.75,9.13,10.45,17.8,18.8,46.25,48.5,9.8,19.7,16.1,26.25,16.05,9.7,14.0,20.9,17.9,221.0,74.4,2435.0,41.0,158.0,57.5,93.2,123.0,31.25,90.6,81.1,13.75,35.7,180.0,18.15,37.9,25.1,63.3,46.2,59.5,,93.8,176.5,40.65,79.1,17.5,10.65,126.0,52.2,79.7,76.0,218.0,213.5,265.0,,,72.5,,,33.0,84.6,219.5,83.3,232.0,52.1,38.7,79.6,53.8
45.0,41.85,51.5,76.8,75.5,69.7,10.65,37.0,71.9,33.0,30.85,305.5,151.5,36.25,50.8,286.5,10.5,15.05,31.9,59.7,187.5,63.4,25.1,15.1,25.95,42.4,288.5,376.0,41.6,73.4,66.8,46.1,27.65,372.0,309.0,278.5,48.75,13.1,206.0,36.4,17.9,104.5,26.05,42.15,20.35,121.5,7.63,10.05,17.4,45.15,15.5,25.2,72.5,25.55,294.0,85.4,9.57,39.5,42.1,105.5,83.0,35.4,83.4,239.5,7.95,13.75,91.5,157.5,70.8,25.8,102.0,490.5,285.5,11.0,125.0,72.0,16.95,46.35,9.98,15.5,14.4,,240.0,18.25,30.15,10.65,28.75,9.13,10.45,17.8,18.8,46.25,48.5,9.8,19.7,16.1,26.25,16.05,9.7,14.0,20.9,17.9,221.0,74.4,2435.0,41.0,158.0,57.5,93.2,123.0,31.25,90.6,81.1,13.75,35.7,180.0,18.15,37.9,25.1,63.3,46.2,59.5,,93.8,176.5,40.65,79.1,17.5,10.65,126.0,52.2,79.7,76.0,218.0,213.5,265.0,,,72.5,,,33.0,84.6,219.5,83.3,232.0,52.1,38.7,79.6,53.8
45.0,41.85,51.5,76.8,75.5,69.7,10.65,37.0,71.9,33.0,30.85,305.5,151.5,36.25,50.8,286.5,10.5,15.05,31.9,59.7,187.5,63.4,25.1,15.1,25.95,42.4,288.5,376.0,41.6,73.4,66.8,46.1,27.65,372.0,309.0,278.5,48.75,13.1,206.0,36.4,17.9,104.5,26.05,42.15,20.35,121.5,7.63,10.05,17.4,45.15,15.5,25.2,72.5,25.55,294.0,85.4,9.57,39.5,42.1,105.5,83.0,35.4,83.4,239.5,7.95,13.75,91.5,157.5,70.8,25.8,102.0,490.5,285.5,11.0,125.0,72.0,16.95,46.35,9.98,15.5,14.4,,240.0,18.25,30.15,10.65,28.75,9.13,10.45,17.8,18.8,46.25,48.5,9.8,19.7,16.1,26.25,16.05,9.7,14.0,20.9,17.9,221.0,74.4,2435.0,41.0,158.0,57.5,93.2,123.0,31.25,90.6,81.1,13.75,35.7,180.0,18.15,37.9,25.1,63.3,46.2,59.5,,93.8,176.5,40.65,79.1,17.5,10.65,126.0,52.2,79.7,76.0,218.0,213.5,265.0,,,72.5,,,33.0,84.6,219.5,83.3,232.0,52.1,38.7,79.6,53.8
45.0,41.85,51.5,76.8,75.5,69.7,10.65,37.0,71.9,33.0,30.85,305.5,151.5,36.25,50.8,286.5,10.5,15.05,31.9,59.7,187.5,63.4,25.1,15.1,25.95,42.4,288.5,376.0,41.6,73.4,66.8,46.1,27.65,372.0,309.0,278.5,48.75,13.1,206.0,36.4,17.9,104.5,26.05,42.15,20.35,121.5,7.63,10.05,17.4,45.15,15.5,25.2,72.5,25.55,294.0,85.4,9.57,39.5,42.1,105.5,83.0,35.4,83.4,239.5,7.95,13.75,91.5,157.5,70.8,25.8,102.0,490.5,285.5,11.0,125.0,72.0,16.95,46.35,9.98,15.5,14.4,,240.0,18.25,30.15,10.65,28.75,9.13,10.45,17.8,18.8,46.25,48.5,9.8,19.7,16.1,26.25,16.05,9.7,14.0,20.9,17.9,221.0,74.4,2435.0,41.0,158.0,57.5,93.2,123.0,31.25,90.6,81.1,13.75,35.7,180.0,18.15,37.9,25.1,63.3,46.2,59.5,,93.8,176.5,40.65,79.1,17.5,10.65,126.0,52.2,79.7,76.0,218.0,213.5,265.0,,,72.5,,,33.0,84.6,219.5,83.3,232.0,52.1,38.7,79.6,53.8
45.0,41.85,51.5,76.8,75.5,69.7,10.65,37.0,71.9,33.0,30.85,305.5,151.5,36.25,50.8,286.5,10.5,15.05,31.9,59.7,187.5,63.4,25.1,15.1,25.95,42.4,288.5,376.0,41.6,73.4,66.8,46.1,27.65,372.0,309.0,278.5,48.75,13.1,206.0,36.4,17.9,104.5,26.05,42.15,20.35,121.5,7.63,10.05,17.4,45.15,15.5,25.2,72.5,25.55,294.0,85.4,9.57,39.5,42.1,105.5,83.0,35.4,83.4,239.5,7.95,13.75,91.5,157.5,70.8,25.8,102.0,490.5,285.5,11.0,125.0,72.0,16.95,46.35,9.98,15.5,14.4,,240.0,18.25,30.15,10.65,28.75,9.13,10.45,17.8,18.8,46.25,48.5,9.8,19.7,16.1,26.25,16.05,9.7,14.0,20.9,17.9,221.0,74.4,2435.0,41.0,158.0,57.5,93.2,123.0,31.25,90.6,81.1,13.75,35.7,180.0,18.15,37.9,25.1,63.3,46.2,59.5,,93.8,176.5,40.65,79.1,17.5,10.65,126.0,52.2,79.7,76.0,218.0,213.5,265.0,,,72.5,,,33.0,84.6,219.5,83.3,232.0,52.1,38.7,79.6,53.8
45.0,41.85,51.5,76.8,75.5,69.7,10.65,37.0,71.9,33.0,30.85,305.5,151.5,36.25,50.8,286.5,10.5,15.05,31.9,59.7,187.5,63.4,25.1,15.1,25.95,42.4,288.5,376.0,41.6,73.4,66.8,46.1,27.65,372.0,309.0,278.5,48.75,13.1,206.0,36.4,17.9,104.5,26.05,42.15,20.35,121.5,7.63,10.05,17.4,45.15,15.5,25.2,72.5,25.55,294.0,85.4,9.57,39.5,42.1,105.5,83.0,35.4,83.4,239.5,7.95,13.75,91.5,157.5,70.8,25.8,102.0,490.5,285.5,11.0,125.0,72.0,16.95,46.35,9.98,15.5,14.4,,240.0,18.25,30.15,10.65,28.75,9.13,10.45,17.8,18.8,46.25,48.5,9.8,19.7,16.1,26.25,16.05,9.7,14.0,20.9,17.9,221.0,74.4,2435.0,41.0,158.0,57.5,93.2,123.0,31.25,90.6,81.1,13.75,35.7,180.0,18.15,37.9,25.1,63.3,46.2,59.5,,93.8,176.5,40.65,79.1,17.5,10.65,126.0,52.2,79.7,76.0,218.0,213.5,265.0,,,72.5,,,33.0,84.6,219.5,83.3,232.0,52.1,38.7,79.6,53.8
45.0,41.85,51.5,76.8,75.5,69.7,10.65,37.0,71.9,33.0,30.85,305.5,151.5,36.25,50.8,286.5,10.5,15.05,31.9,59.7,187.5,63.4,25.1,15.1,25.95,42.4,288.5,376.0,41.6,73.4,66.8,46.1,27.65,372.0,309.0,278.5,48.75,13.1,206.0,36.4,17.9,104.5,26.05,42.15,20.35,121.5,7.63,10.05,17.4,45.15,15.5,25.2,72.5,25.55,294.0,85.4,9.57,39.5,42.1,105.5,83.0,35.4,83.4,239.5,7.95,13.75,91.5,157.5,70.8,25.8,102.0,490.5,285.5,11.0,125.0,72.0,16.95,46.35,9.98,15.5,14.4,,240.0,18.25,30.15,10.65,28.75,9.13,10.45,17.8,18.8,46.25,48.5,9.8,19.7,16.1,26.25,16.05,9.7,14.0,20.9,17.9,221.0,74.4,2435.0,41.0,158.0,57.5,93.2,123.0,31.25,90.6,81.1,13.75,35.7,180.0,18.15,37.9,25.1,63.3,46.2,59.5,,93.8,176.5,40.65,79.1,17.5,10.65,126.0,52.2,79.7,76.0,218.0,213.5,265.0,,,72.5,,,33.0,84.6,219.5,83.3,232.0,52.1,38.7,79.6,53.8
45.0,41.85,51.5,76.8,75.5,69.7,10.65,37.0,71.9,33.0,30.85,305.5,151.5,36.25,50.8,286.5,10.5,15.05,31.9,59.7,187.5,63.4,25.1,15.1,25.95,42.4,288.5,376.0,41.6,73.4,66.8,46.1,27.65,372.0,309.0,278.5,48.75,13.1,206.0,36.4,17.9,104.5,26.05,42.15,20.35,121.5,7.63,10.05,17.4,45.15,15.5,25.2,72.5,25.55,294.0,85.4,9.57,39.5,42.1,105.5,83.0,35.4,83.4,239.5,7.95,13.75,91.5,157.5,70.8,25.8,102.0,490.5,285.5,11.0,125.0,72.0,16.95,46.35,9.98,15.5,14.4,,240.0,18.25,30.15,10.65,28.75,9.13,10.45,17.8,18.8,46.25,48.5,9.8,19.7,16.1,26.25,16.05,9.7,14.0,20.9,17.9,221.0,74.4,2435.0,41.0,158.0,57.5,93.2,123.0,31.25,90.6,81.1,13.75,35.7,180.0,18.15,37.9,25.1,63.3,46.2,59.5,,93.8,176.5,40.65,79.1,17.5,10.65,126.0,52.2,79.7,76.0,218.0,213.5,265.0,,,72.5,,,33.0,84.6,219.5,83.3,232.0,52.1,38.7,79.6,53.8
45.0,41.85,51.5,76.8,75.5,69.7,10.65,37.0,71.9,33.0,30.85,305.5,151.5,36.25,50.8,286.5,10.5,15.05,31.9,59.7,187.5,63.4,25.1,15.1,25.95,42.4,288.5,376.0,41.6,73.4,66.8,46.1,27.65,372.0,309.0,278.5,48.75,13.1,206.0,36.4,17.9,104.5,26.05,42.15,20.35,121.5,7.63,10.05,17.4,45.15,15.5,25.2,72.5,25.55,294.0,85.4,9.57,39.5,42.1,105.5,83.0,35.4,83.4,239.5,7.95,13.75,91.5,157.5,70.8,25.8,102.0,490.5,285.5,11.0,125.0,72.0,16.95,46.35,9.98,15.5,14.4,,240.0,18.25,30.15,10.65,28.75,9.13,10.45,17.8,18.8,46.25,48.5,9.8,19.7,16.1,26.25,16.05,9.7,14.0,20.9,17.9,221.0,74.4,2435.0,41.0,158.0,57.5,93.2,123.0,31.25,90.6,81.1,13.75,35.7,180.0,18.15,37.9,25.1,63.3,46.2,59.5,,93.8,176.5,40.65,79.1,17.5,10.65,126.0,52.2,79.7,76.0,218.0,213.5,265.0,,,72.5,,,33.0,84.6,219.5,83.3,232.0,52.1,38.7,79.6,53.8
45.0,41.85,51.5,76.8,75.5,69.7,10.65,37.0,71.9,33.0,30.85,305.5,151.5,36.25,50.8,286.5,10.5,15.05,31.9,59.7,187.5,63.4,25.1,15.1,25.95,42.4,288.5,376.0,41.6,73.4,66.8,46.1,27.65,372.0,309.0,278.5,48.75,13.1,206.0,36.4,17.9,104.5,26.05,42.15,20.35,121.5,7.63,10.05,17.4,45.15,15.5,25.2,72.5,25.55,294.0,85.4,9.57,39.5,42.1,105.5,83.0,35.4,83.4,239.5,7.95,13.75,91.5,157.5,70.8,25.8,102.0,490.5,285.5,11.0,125.0,72.0,16.95,46.35,9.98,15.5,14.4,,240.0,18.25,30.15,10.65,28.75,9.13,10.45,17.8,18.8,46.25,48.5,9.8,19.7,16.1,26.25,16.05,9.7,14.0,20.9,17.9,221.0,74.4,2435.0,41.0,158.0,57.5,93.2,123.0,31.25,90.6,81.1,13.75,35.7,180.0,18.15,37.9,25.1,63.3,46.2,59.5,,93.8,176.5,40.65,79.1,17.5,10.65,126.0,52.2,79.7,76.0,218.0,213.5,265.0,,,72.5,,,33.0,84.6,219.5,83.3,232.0,52.1,38.7,79.6,53.8
45.0,41.9,51.5,76.8,75.7,69.9,10.6,37.0,72.2,33.15,30.95,305.0,152.0,36.0,50.7,287.0,10.4,15.05,31.9,59.7,187.5,63.5,25.15,15.05,26.0,42.4,288.5,372.5,41.55,73.4,66.8,46.15,27.8,373.0,309.0,278.5,48.9,13.05,206.0,36.4,17.9,104.5,26.2,41.95,20.3,121.5,7.62,10.05,17.4,45.2,15.45,25.25,72.4,25.6,295.5,85.6,9.56,39.4,42.1,105.5,82.8,35.4,83.8,239.5,7.99,13.7,91.8,157.0,70.6,25.9,101.5,489.5,285.5,11.0,125.5,72.2,17.0,46.45,9.96,15.5,14.4,,240.0,18.3,30.25,10.75,28.85,9.12,10.45,17.8,18.8,46.35,48.55,9.8,19.75,16.1,26.25,16.1,9.67,14.05,21.0,17.9,222.5,74.5,2430.0,40.9,157.5,57.5,93.3,122.0,31.3,90.3,81.1,13.7,35.7,179.5,18.1,37.9,25.1,63.2,46.1,59.5,,93.9,176.0,40.65,78.6,17.55,10.65,126.0,52.1,79.6,76.0,217.5,213.5,262.0,,,72.5,,,32.9,84.0,219.5,83.2,232.5,52.0,38.55,79.5,54.2
