1101,1102,1216,1227,1301,1303,1314,1319,1326,1402,1434,1476,1477,1504,1536,1590,1605,1704,1717,1722,1723,1789,1802,1909,2002,2015,2049,2059,2103,2105,2106,2201,2204,2207,2227,2231,2301,2303,2308,2311,2313,2317,2324,2325,2327,2330,2337,2344,2345,2347,2352,2353,2354,2356,2357,2360,2371,2376,2377,2379,2382,2383,2385,2395,2408,2409,2412,2439,2448,2449,2451,2454,2474,2492,2498,2542,2603,2606,2610,2615,2618,2633,2723,2801,2809,2812,2823,2834,2845,2867,2880,2881,2882,2883,2884,2885,2886,2887,2888,2890,2891,2892,2912,2915,3008,3019,3034,3044,3045,3189,3231,3406,3443,3481,3532,3673,3682,3702,3706,4904,4915,4938,4943,4958,5264,5522,5871,5880,6116,6176,6239,6269,6285,6409,6414,6415,6452,6456,6505,8454,8464,9904,9910,9914,9917,9921,9933,9938,9941,9945
45.8,41.1,56.5,82.0,77.6,71.0,12.0,39.55,72.0,33.0,32.9,340.0,157.0,34.15,50.2,275.0,11.25,25.2,32.05,59.3,194.5,73.1,25.3,15.85,25.0,40.5,348.0,428.0,42.75,77.7,64.0,49.3,30.0,381.0,388.0,401.0,53.4,15.85,206.5,39.6,19.35,105.0,26.2,51.0,20.55,134.5,8.35,12.15,18.9,48.5,14.8,21.55,75.5,29.35,327.5,86.0,9.75,48.0,51.7,95.0,88.0,32.5,85.3,245.0,8.35,12.9,96.1,169.0,76.9,28.3,108.0,522.0,278.0,12.3,137.0,68.0,16.6,50.5,10.25,15.65,14.6,,219.0,18.85,29.3,10.65,28.7,9.4,11.05,17.7,18.75,44.9,47.6,9.62,19.1,16.4,25.2,15.75,9.46,14.0,20.15,19.3,240.0,78.5,2395.0,35.9,153.5,56.9,91.1,134.5,29.5,97.5,90.5,14.9,36.05,269.5,18.0,42.5,26.75,67.7,46.05,59.1,,98.0,183.0,41.0,74.9,17.15,12.0,140.0,54.0,83.5,78.7,226.0,201.5,282.0,,,74.9,,,34.65,83.1,212.0,78.6,230.0,51.9,41.2,82.5,57.1
45.8,41.45,56.5,82.4,77.6,71.1,12.0,39.55,71.6,32.95,32.9,337.0,157.0,34.15,50.0,274.5,11.3,25.2,32.05,59.3,194.5,73.0,25.3,15.85,25.1,40.5,348.0,426.5,42.75,77.5,64.1,49.3,30.0,381.0,390.0,401.0,53.1,15.85,208.0,39.65,19.3,105.0,26.2,50.9,20.55,135.0,8.38,12.15,18.9,48.5,14.75,21.55,75.5,29.3,328.0,85.9,9.77,48.15,51.8,95.0,88.0,32.45,85.3,245.0,8.35,12.95,96.2,169.5,77.0,28.4,109.0,522.0,280.0,12.3,136.5,68.0,16.6,50.2,10.2,15.65,14.65,,219.0,18.8,29.2,10.65,28.7,9.4,11.0,17.65,18.75,44.9,47.7,9.63,19.1,16.35,25.25,15.8,9.44,14.0,20.2,19.25,240.0,78.7,2400.0,35.95,153.5,57.2,91.0,134.5,29.5,97.8,90.5,14.9,36.05,269.5,17.95,42.55,26.75,67.7,46.0,59.3,,98.1,182.5,41.0,75.0,17.1,12.05,139.5,54.0,83.5,78.8,226.0,201.5,282.0,,,74.8,,,34.65,83.1,211.0,78.6,233.5,51.9,41.2,82.5,57.2
45.75,41.45,56.4,82.4,77.5,71.1,12.05,39.65,71.7,32.95,32.9,337.0,157.5,34.1,50.0,274.5,11.3,25.25,32.05,59.4,194.0,73.2,25.15,15.85,25.05,40.5,350.0,426.5,42.75,77.6,64.1,49.2,30.0,381.0,390.0,401.0,53.3,15.85,208.0,39.65,19.35,105.0,26.2,50.4,20.6,135.0,8.47,12.15,18.9,48.55,14.8,21.55,75.5,29.3,329.0,85.9,9.78,48.05,51.4,95.0,88.0,32.4,84.8,246.0,8.35,13.0,96.2,170.0,77.0,28.35,108.0,522.0,280.0,12.35,136.5,68.0,16.55,50.2,10.15,15.7,14.65,,219.0,18.8,29.3,10.7,28.75,9.4,11.0,17.75,18.75,44.95,47.9,9.68,19.1,16.4,25.25,15.8,9.46,13.95,20.2,19.3,240.0,78.8,2405.0,36.0,153.5,57.2,91.0,134.5,29.5,98.0,90.5,14.85,36.05,270.0,17.95,42.5,26.75,67.7,46.0,59.2,,98.0,183.0,41.05,75.0,17.15,12.0,140.0,54.0,83.5,78.6,226.0,201.5,282.0,,,74.7,,,34.65,83.0,211.0,78.6,233.5,51.3,41.2,82.5,57.2
45.75,41.45,56.4,82.4,77.5,71.0,12.05,39.65,71.5,32.9,32.9,337.0,157.5,34.1,50.0,274.5,11.3,25.25,32.05,59.4,194.0,73.3,25.15,15.85,25.0,40.5,350.0,426.5,42.75,77.4,64.1,49.2,30.0,381.0,390.0,400.0,53.3,15.9,207.5,39.6,19.4,105.5,26.1,50.2,20.6,135.0,8.4,12.15,18.9,48.5,14.8,21.55,75.5,29.25,329.0,85.8,9.77,48.1,51.3,95.0,87.9,32.45,84.9,246.0,8.35,12.95,96.2,170.5,76.9,28.35,108.0,522.0,280.0,12.4,136.5,68.0,16.55,50.2,10.2,15.7,14.65,,219.0,18.8,29.3,10.65,28.75,9.4,11.05,17.8,18.75,44.95,48.2,9.72,19.05,16.4,25.25,15.8,9.45,14.0,20.15,19.25,239.0,78.8,2410.0,36.05,153.5,57.2,91.1,134.5,29.55,98.1,90.5,14.8,36.05,270.0,17.95,42.5,26.75,67.7,46.0,59.1,,98.1,182.0,41.0,75.0,17.1,12.05,140.0,54.1,83.6,78.4,226.0,201.5,282.0,,,74.7,,,34.5,82.9,211.5,78.6,233.5,51.4,41.15,82.5,57.2
45.75,41.3,56.4,82.4,77.5,71.1,12.0,39.6,71.6,32.9,32.85,338.5,157.5,33.95,50.1,274.5,11.3,25.3,32.05,59.5,194.0,73.2,25.15,15.8,25.05,40.5,350.0,428.0,42.65,77.4,64.0,49.15,30.0,380.0,387.5,400.5,53.3,15.85,207.5,39.6,19.4,105.0,26.15,50.3,20.6,135.0,8.37,12.15,18.9,48.5,14.8,21.55,75.5,29.3,328.0,85.8,9.72,48.1,51.2,95.0,87.8,32.45,84.9,246.0,8.35,12.95,96.2,172.0,76.8,28.2,108.0,522.0,280.5,12.4,136.5,67.9,16.6,50.2,10.15,15.7,14.65,,220.0,18.85,29.3,10.65,28.75,9.4,11.0,17.8,18.75,44.9,48.2,9.67,19.1,16.4,25.25,15.8,9.45,14.0,20.2,19.25,239.0,78.7,2410.0,35.9,153.0,57.2,91.1,134.5,29.55,97.9,90.5,14.85,36.05,269.5,17.95,42.5,26.7,67.7,45.95,59.1,,97.9,182.5,41.0,75.1,17.1,12.05,140.0,53.9,83.5,78.1,226.0,201.5,282.0,,,74.7,,,34.6,82.5,211.0,78.6,233.5,51.4,41.1,82.5,57.0
45.75,41.3,56.5,82.4,77.5,71.1,12.0,39.55,71.6,32.8,32.85,338.5,158.0,33.9,50.0,274.5,11.3,25.3,32.05,59.5,194.0,73.2,25.15,15.8,25.0,40.6,348.0,428.0,42.65,77.1,64.0,49.2,30.0,380.0,387.5,401.0,53.3,15.85,208.0,39.6,19.4,105.0,26.05,50.2,20.55,134.5,8.37,12.2,18.9,48.45,14.7,21.55,75.4,29.3,327.5,85.8,9.75,48.1,51.3,95.0,87.8,32.4,85.0,246.0,8.35,13.0,96.2,170.5,76.8,28.2,108.0,521.0,280.5,12.4,136.5,67.9,16.6,50.2,10.15,15.7,14.6,,220.0,18.8,29.25,10.65,28.8,9.4,11.0,17.8,18.7,44.9,48.4,9.67,19.05,16.35,25.2,15.8,9.45,14.0,20.15,19.25,240.0,78.7,2415.0,35.8,153.0,57.2,91.1,134.0,29.55,97.8,90.9,14.85,36.05,269.5,17.95,42.5,26.7,67.7,45.9,59.2,,97.9,182.5,41.0,75.1,17.1,12.05,140.5,54.1,83.4,78.1,226.0,201.5,282.0,,,74.8,,,34.55,82.5,211.0,78.6,233.0,51.6,40.95,82.5,57.0
45.7,41.15,56.5,82.4,77.4,71.1,12.0,39.6,71.5,32.95,32.85,339.0,158.0,33.85,50.5,274.0,11.3,25.3,32.05,59.5,194.0,73.2,25.15,15.8,25.05,40.6,349.0,427.0,42.7,77.1,64.0,49.2,30.0,380.0,387.5,400.0,53.2,15.85,207.5,39.65,19.4,105.0,26.1,50.2,20.55,135.0,8.37,12.2,18.9,48.45,14.65,21.6,75.3,29.3,327.5,85.9,9.73,48.1,51.3,95.0,87.8,32.45,85.0,246.0,8.35,12.95,96.2,170.5,76.7,28.15,108.0,522.0,280.5,12.4,136.5,67.8,16.6,50.3,10.2,15.7,14.6,,220.0,18.8,29.25,10.7,28.8,9.4,11.05,17.85,18.75,44.95,48.2,9.67,19.1,16.4,25.25,15.8,9.45,14.05,20.2,19.25,240.0,78.6,2415.0,35.8,153.5,57.2,91.2,134.5,29.55,97.8,90.9,14.85,36.05,269.0,17.95,42.55,26.7,67.6,45.9,59.2,,97.9,182.0,41.0,75.0,17.15,12.05,140.0,54.1,83.4,78.1,226.0,201.5,282.0,,,74.7,,,34.55,82.5,211.5,78.6,233.0,51.8,40.95,82.5,56.9
45.75,41.15,56.4,82.4,77.3,70.9,12.05,39.6,71.5,32.95,32.85,339.0,158.0,33.8,50.4,273.0,11.3,25.3,32.1,59.5,194.0,73.2,25.1,15.8,25.0,40.6,348.0,427.0,42.65,77.1,64.0,49.15,30.0,380.0,387.5,400.0,53.3,15.85,207.5,39.65,19.45,105.0,26.15,50.2,20.6,135.0,8.4,12.2,18.95,48.3,14.7,21.7,75.3,29.25,327.5,85.8,9.72,48.1,51.4,95.0,87.5,32.4,85.0,246.0,8.35,13.0,96.1,170.5,76.7,28.2,108.0,521.0,281.0,12.45,136.5,67.6,16.55,50.3,10.15,15.65,14.55,,220.0,18.85,29.3,10.7,28.8,9.39,11.05,17.85,18.7,44.95,48.2,9.68,19.1,16.45,25.2,15.85,9.44,14.0,20.2,19.25,239.0,78.6,2410.0,35.85,153.5,57.2,91.1,134.5,29.5,97.8,90.9,14.85,35.7,269.0,17.95,42.55,26.7,67.6,45.8,59.3,,97.9,182.0,41.0,75.1,17.15,12.05,140.0,54.0,83.4,78.2,226.0,201.5,282.0,,,74.5,,,34.5,82.1,211.5,78.6,233.0,51.7,41.0,82.5,56.8
45.75,41.15,56.5,82.4,77.2,70.9,12.05,39.6,71.5,32.95,32.85,338.0,158.0,33.75,50.3,273.0,11.3,25.35,32.1,59.5,194.0,73.2,25.15,15.8,25.05,40.6,348.5,427.0,42.65,77.2,64.0,49.15,30.0,380.0,387.5,398.5,53.2,15.8,207.5,39.6,19.45,105.0,26.2,50.5,20.65,135.0,8.39,12.2,18.9,48.2,14.7,21.85,75.3,29.3,327.5,85.8,9.75,48.0,51.4,95.0,87.5,32.4,85.0,245.0,8.35,13.0,96.1,170.5,76.6,28.25,108.0,521.0,281.0,12.45,136.5,67.7,16.55,50.3,10.15,15.65,14.6,,220.0,18.85,29.25,10.7,28.8,9.4,11.05,17.85,18.7,45.0,48.15,9.68,19.1,16.45,25.2,15.8,9.45,14.0,20.15,19.3,240.0,78.5,2410.0,35.8,153.5,57.2,91.1,134.5,29.5,97.9,91.0,14.9,35.7,269.0,17.95,42.6,26.7,67.6,45.8,59.4,,97.9,182.5,40.95,75.2,17.15,12.05,140.0,54.0,83.4,78.3,226.0,201.5,282.0,,,74.5,,,34.4,82.1,211.0,78.6,233.0,51.7,40.95,82.5,56.8
45.75,41.15,56.5,82.4,77.2,70.9,12.05,39.6,71.5,32.95,32.85,337.5,158.0,33.8,50.2,272.5,11.3,25.35,32.1,59.5,194.0,73.2,25.15,15.8,25.05,40.6,348.0,426.5,42.65,77.2,64.0,49.15,30.0,380.0,387.5,399.0,53.1,15.8,207.5,39.65,19.5,105.0,26.15,50.5,20.65,135.0,8.39,12.2,18.9,48.2,14.7,21.9,75.2,29.3,327.0,85.8,9.74,48.0,51.3,95.0,87.4,32.3,84.8,245.0,8.35,12.95,96.1,170.5,76.7,28.35,108.0,521.0,281.0,12.4,136.5,67.7,16.55,50.3,10.15,15.65,14.6,,220.0,18.8,29.25,10.7,28.85,9.4,11.0,17.85,18.7,45.2,48.1,9.68,19.15,16.45,25.2,15.8,9.44,14.0,20.2,19.3,240.0,78.3,2405.0,35.8,153.5,56.9,91.1,134.5,29.5,97.9,91.2,14.9,35.7,269.0,18.0,42.6,26.65,67.7,45.8,59.5,,97.8,182.5,40.95,75.2,17.15,12.0,140.0,54.0,83.3,78.5,226.0,201.5,282.0,,,74.4,,,34.4,82.1,211.0,78.6,233.0,51.7,40.95,82.5,56.9
45.75,41.1,56.4,82.4,77.1,70.9,12.0,39.6,71.5,32.9,32.85,338.0,158.0,33.75,50.1,273.0,11.3,25.35,32.1,59.5,194.0,73.2,25.1,15.8,25.05,40.6,348.5,426.5,42.65,77.1,64.0,49.1,30.0,380.0,387.5,399.0,53.1,15.8,207.0,39.6,19.5,105.0,26.05,50.5,20.6,134.5,8.38,12.2,18.95,48.3,14.75,21.95,75.1,29.25,327.0,85.8,9.74,48.0,51.3,95.0,87.3,32.3,84.8,244.5,8.35,12.95,96.2,170.5,76.6,28.3,108.0,520.0,281.0,12.4,136.5,67.6,16.6,50.3,10.15,15.65,14.6,,220.0,18.85,29.25,10.7,28.85,9.4,11.0,17.9,18.7,45.3,48.05,9.67,19.1,16.4,25.2,15.8,9.46,14.05,20.15,19.25,240.0,78.2,2405.0,35.8,153.5,56.9,91.2,134.5,29.5,97.8,91.2,14.9,35.7,269.0,17.95,42.6,26.65,67.7,45.85,59.5,,97.4,182.5,40.95,75.1,17.15,12.0,139.5,53.9,83.3,78.6,227.5,201.5,280.0,,,74.4,,,34.4,81.6,211.5,78.6,233.0,51.8,41.0,82.5,56.9
45.8,41.1,56.4,82.4,77.1,70.9,12.0,39.6,71.5,32.85,32.85,338.5,158.0,33.8,50.1,272.5,11.3,25.4,32.1,59.5,194.0,73.2,25.15,15.8,25.1,40.6,348.0,426.5,42.65,77.2,64.0,49.1,30.0,380.0,387.5,399.0,53.2,15.8,207.0,39.6,19.5,105.0,26.05,50.6,20.65,135.0,8.38,12.2,18.95,48.3,14.7,21.95,75.2,29.25,327.0,85.8,9.74,48.0,51.2,95.0,87.4,32.3,84.8,244.5,8.35,13.0,96.2,171.0,76.7,28.3,108.0,521.0,281.0,12.4,136.5,67.6,16.6,50.3,10.2,15.65,14.6,,220.0,18.85,29.3,10.7,28.85,9.4,11.0,17.85,18.7,45.25,48.05,9.66,19.1,16.4,25.2,15.8,9.46,14.0,20.1,19.25,240.0,78.4,2405.0,35.8,153.5,56.9,91.1,134.5,29.5,97.8,91.2,14.9,35.7,270.0,17.95,42.6,26.7,67.7,45.85,59.6,,97.7,182.5,40.85,75.1,17.1,12.0,139.5,53.9,83.3,78.6,228.5,201.5,279.0,,,74.4,,,34.35,81.5,211.5,78.6,233.0,51.7,41.0,82.5,57.0
45.75,41.1,56.4,82.1,77.1,70.9,12.05,39.65,71.5,32.85,32.85,339.0,158.5,33.8,50.1,272.0,11.3,25.4,32.1,59.5,194.0,73.2,25.15,15.8,25.05,40.6,348.5,427.0,42.65,77.2,64.0,49.05,30.0,380.0,387.5,399.0,53.2,15.75,207.0,39.6,19.5,105.0,26.05,50.7,20.6,134.5,8.38,12.2,19.0,48.2,14.7,21.9,75.2,29.3,326.5,85.8,9.72,47.95,51.0,95.0,87.3,32.3,84.8,244.5,8.35,12.95,96.1,170.5,76.6,28.25,108.0,520.0,281.0,12.45,136.5,67.8,16.6,50.3,10.2,15.65,14.6,,220.0,18.85,29.25,10.7,28.85,9.41,11.0,17.95,18.7,45.25,48.05,9.65,19.15,16.4,25.2,15.8,9.46,14.0,20.1,19.3,240.0,78.3,2405.0,35.8,154.0,57.2,91.1,134.5,29.5,97.9,91.2,14.85,35.7,270.0,17.95,42.6,26.7,67.7,45.95,59.6,,97.4,182.0,40.85,75.0,17.1,12.0,139.0,53.9,83.4,78.7,228.5,201.5,279.0,,,74.4,,,34.3,81.7,211.5,78.6,233.0,51.7,41.0,82.5,57.0
45.8,41.15,56.4,82.1,77.2,70.9,12.0,39.65,71.4,32.85,32.85,339.0,158.5,33.8,50.2,272.0,11.3,25.4,32.1,59.5,194.5,73.1,25.05,15.8,25.1,40.6,348.0,427.0,42.7,77.2,64.0,49.05,30.0,380.0,387.5,399.5,53.1,15.8,207.5,39.6,19.5,105.0,26.05,50.8,20.6,134.5,8.38,12.2,19.0,48.25,14.7,21.9,75.1,29.35,327.0,85.9,9.72,47.95,50.9,95.0,87.4,32.25,84.8,244.5,8.35,12.95,96.1,171.0,76.6,28.25,108.0,520.0,281.0,12.4,136.5,67.8,16.6,50.3,10.15,15.7,14.65,,220.0,18.85,29.3,10.7,28.85,9.41,11.0,18.0,18.75,45.2,48.0,9.65,19.1,16.45,25.2,15.8,9.46,14.0,20.15,19.3,239.5,78.5,2400.0,35.8,154.0,57.2,91.1,134.5,29.55,97.8,91.2,14.85,35.7,270.5,17.95,42.6,26.7,67.6,45.9,59.7,,97.2,182.5,40.85,75.1,17.1,12.0,139.5,53.8,83.4,78.8,228.5,201.5,279.0,,,74.5,,,34.25,81.5,211.5,78.6,233.0,51.7,41.0,82.5,57.0
45.75,41.2,56.5,82.1,77.2,70.9,12.0,39.65,71.4,32.95,32.85,339.0,158.5,33.8,50.2,272.0,11.3,25.35,32.1,59.5,194.5,73.1,25.05,15.8,25.1,40.6,348.0,427.0,42.7,77.2,64.0,49.1,30.0,380.0,387.5,400.0,53.2,15.8,207.5,39.55,19.5,105.5,26.0,51.1,20.6,134.5,8.38,12.25,18.95,48.3,14.7,21.85,75.1,29.35,326.0,85.8,9.71,47.95,50.7,95.1,87.3,32.25,84.8,244.5,8.35,12.95,96.2,171.5,76.5,28.3,108.0,521.0,282.0,12.4,136.5,67.9,16.6,50.3,10.15,15.65,14.6,,220.0,18.9,29.25,10.7,28.9,9.41,11.0,18.0,18.75,45.2,48.05,9.64,19.1,16.4,25.25,15.8,9.46,14.05,20.15,19.3,239.0,78.5,2400.0,35.85,154.0,57.2,91.2,134.5,29.5,97.7,91.2,14.9,35.7,270.5,17.95,42.65,26.7,67.6,45.95,59.8,,97.2,182.5,40.85,75.0,17.1,11.95,139.5,53.8,83.4,79.2,228.5,201.5,278.0,,,74.5,,,34.25,81.5,211.5,78.6,233.0,51.7,41.0,82.5,57.0
45.75,41.25,56.5,82.1,77.2,70.9,12.0,39.6,71.5,32.95,32.85,339.0,158.0,33.8,50.2,271.5,11.3,25.35,32.1,59.5,194.5,73.1,25.05,15.75,25.1,40.65,347.5,427.0,42.7,77.3,64.0,49.1,30.0,380.0,387.5,400.0,53.2,15.85,207.0,39.6,19.5,105.0,26.0,50.8,20.6,134.5,8.36,12.25,19.0,48.25,14.65,21.9,75.1,29.4,326.0,85.8,9.71,48.0,50.8,95.1,87.3,32.3,84.8,244.5,8.35,12.95,96.1,171.0,76.6,28.3,108.0,520.0,282.5,12.35,136.0,67.9,16.6,50.3,10.2,15.65,14.6,,220.0,18.9,29.25,10.65,28.85,9.42,11.05,18.0,18.75,45.15,48.1,9.64,19.15,16.4,25.25,15.85,9.46,14.05,20.15,19.3,239.0,78.5,2400.0,35.85,154.0,57.2,91.1,134.5,29.55,97.7,91.5,14.85,35.7,271.0,17.95,42.65,26.6,67.6,45.9,59.9,,97.7,182.5,40.85,75.1,17.1,11.95,139.0,53.8,83.3,79.4,229.0,202.0,278.0,,,74.5,,,34.2,81.4,211.5,78.6,233.0,51.6,41.0,82.5,57.0
45.8,41.25,56.5,82.4,77.2,70.8,12.0,39.6,71.4,32.95,32.85,339.0,158.0,33.85,50.2,271.5,11.3,25.4,32.1,59.4,194.0,73.1,25.05,15.8,25.1,40.65,347.5,426.5,42.7,77.3,64.1,49.1,30.0,380.0,388.0,400.0,53.2,15.85,207.0,39.6,19.5,105.0,26.05,51.0,20.6,135.0,8.36,12.25,18.95,48.35,14.65,21.9,75.2,29.4,326.5,85.9,9.71,48.0,50.8,95.1,87.2,32.25,84.8,244.5,8.35,12.9,96.2,170.5,76.7,28.3,108.0,521.0,282.5,12.35,136.5,67.9,16.65,50.3,10.15,15.65,14.6,,220.0,18.85,29.3,10.65,28.9,9.42,11.05,18.0,18.75,45.1,48.15,9.64,19.15,16.4,25.25,15.8,9.46,14.05,20.15,19.3,239.0,78.5,2400.0,35.8,153.5,57.2,91.1,135.0,29.5,97.7,91.5,14.85,35.7,271.0,17.95,42.65,26.6,67.6,45.9,60.0,,97.7,182.0,40.85,75.1,17.15,11.95,139.0,53.8,83.4,79.2,228.0,202.0,277.0,,,74.5,,,34.2,81.4,211.5,78.6,233.0,51.6,40.95,82.5,57.0
45.8,41.25,56.4,82.4,77.3,70.9,12.05,39.6,71.4,32.95,32.85,339.5,158.0,33.85,50.1,272.0,11.3,25.4,32.1,59.4,194.0,73.1,25.05,15.75,25.1,40.65,347.0,426.5,42.7,77.3,64.1,49.1,30.0,380.0,388.0,400.5,53.2,15.85,207.0,39.55,19.5,105.0,26.05,51.1,20.6,135.0,8.37,12.25,18.95,48.35,14.65,21.95,75.2,29.4,326.5,85.8,9.71,48.0,50.7,95.2,87.3,32.35,84.9,244.5,8.35,12.9,96.2,171.0,76.6,28.25,108.0,521.0,282.5,12.35,136.0,68.0,16.65,50.3,10.15,15.65,14.6,,220.0,18.85,29.3,10.65,28.85,9.42,11.05,18.05,18.75,45.15,48.1,9.64,19.15,16.45,25.25,15.85,9.46,14.0,20.15,19.3,239.0,78.6,2400.0,35.85,154.0,57.2,91.1,135.0,29.55,97.7,91.5,14.9,35.6,271.0,17.95,42.65,26.7,67.5,45.9,60.0,,97.7,182.5,40.85,75.1,17.1,11.95,139.5,53.8,83.4,79.0,228.0,202.0,275.0,,,74.5,,,34.25,81.4,211.5,78.6,233.0,51.6,40.95,82.5,57.0
45.8,41.25,56.4,82.4,77.3,70.9,12.0,39.6,71.4,32.9,32.85,338.5,158.0,33.85,50.1,272.5,11.3,25.4,32.1,59.4,194.0,73.1,25.05,15.8,25.1,40.65,346.0,427.0,42.65,77.4,64.1,49.15,30.0,380.0,388.0,402.0,53.2,15.8,207.0,39.55,19.5,105.5,26.1,51.0,20.6,134.5,8.36,12.2,18.95,48.3,14.6,21.9,75.1,29.35,326.5,85.9,9.71,48.0,50.8,95.2,87.3,32.25,84.9,244.5,8.35,12.95,96.2,171.5,76.7,28.3,108.0,521.0,282.0,12.4,136.0,68.0,16.65,50.3,10.15,15.65,14.6,,220.0,18.9,29.25,10.65,28.85,9.41,11.05,18.1,18.75,45.15,48.05,9.65,19.2,16.4,25.25,15.85,9.46,14.0,20.15,19.3,239.0,78.5,2400.0,35.95,154.5,57.2,91.1,135.0,29.55,97.8,91.5,14.85,35.6,271.0,17.95,42.65,26.7,67.5,45.9,60.0,,97.7,182.5,40.85,75.2,17.1,11.9,139.5,53.8,83.3,79.0,229.0,202.0,275.0,,,74.5,,,34.2,81.5,211.5,78.6,233.0,51.8,40.95,82.4,57.0
45.8,41.25,56.4,82.4,77.3,70.9,12.0,39.6,71.4,32.9,32.85,339.0,158.0,33.85,50.2,272.5,11.3,25.4,32.1,59.5,194.0,73.1,25.1,15.75,25.1,40.65,345.0,427.0,42.65,77.3,64.1,49.15,29.95,380.0,388.0,404.0,53.3,15.8,206.5,39.55,19.45,105.0,26.1,50.8,20.55,135.0,8.35,12.25,18.95,48.3,14.6,21.9,75.2,29.4,327.0,85.9,9.72,48.0,50.8,95.2,87.3,32.2,84.9,244.5,8.35,12.95,96.2,171.5,76.7,28.3,108.0,521.0,283.0,12.4,136.5,68.0,16.65,50.3,10.15,15.65,14.6,,220.0,18.85,29.25,10.65,28.8,9.42,11.05,18.1,18.7,45.2,48.1,9.65,19.15,16.4,25.2,15.8,9.47,14.05,20.15,19.3,239.0,78.4,2400.0,36.15,154.5,57.2,91.1,135.0,29.55,98.0,91.5,14.85,35.6,270.0,17.9,42.6,26.65,67.6,45.95,60.0,,97.4,182.0,40.8,75.2,17.15,11.95,139.0,53.8,83.3,78.8,228.0,202.0,275.0,,,74.5,,,34.25,81.5,211.0,78.6,233.0,51.8,40.95,82.4,57.0
45.85,41.25,56.5,82.4,77.3,70.9,12.0,39.6,71.4,32.85,32.85,339.5,158.0,33.85,50.2,272.5,11.35,25.35,32.1,59.5,194.0,73.1,25.1,15.75,25.05,40.55,344.5,427.5,42.65,77.4,64.1,49.15,29.95,380.0,388.0,405.0,53.3,15.8,207.0,39.5,19.5,105.0,26.05,51.0,20.6,135.0,8.35,12.25,18.95,48.25,14.6,21.9,75.2,29.4,327.5,85.9,9.72,48.0,50.7,95.1,87.3,32.2,84.8,244.5,8.35,13.0,96.2,171.0,76.7,28.3,108.0,521.0,283.0,12.4,136.5,68.2,16.65,50.3,10.2,15.65,14.6,,220.0,18.85,29.3,10.7,28.85,9.42,11.05,18.05,18.7,45.15,48.05,9.65,19.15,16.45,25.2,15.85,9.47,14.05,20.2,19.25,239.0,78.5,2400.0,36.35,154.5,57.2,91.1,134.5,29.6,98.0,91.5,14.85,35.6,269.5,17.95,42.65,26.65,67.5,46.0,59.9,,97.4,182.0,40.8,75.1,17.1,11.9,139.5,53.9,83.3,78.8,228.5,202.0,274.0,,,74.5,,,34.2,81.6,211.0,78.6,233.0,51.8,40.95,82.4,57.0
45.85,41.25,56.5,82.4,77.3,70.9,12.0,39.6,71.4,32.85,32.85,339.5,158.0,33.85,50.2,272.0,11.3,25.35,32.1,59.5,194.0,73.1,25.1,15.8,25.1,40.55,344.0,427.5,42.7,77.4,64.1,49.2,29.95,380.0,388.0,404.5,53.3,15.8,206.5,39.55,19.5,105.5,26.1,51.1,20.6,135.0,8.35,12.25,18.9,48.3,14.55,21.9,75.2,29.4,328.0,85.9,9.72,47.95,50.8,95.1,87.3,32.35,84.8,244.5,8.35,13.0,96.1,171.0,76.8,28.3,108.0,520.0,282.5,12.4,136.5,68.1,16.65,50.2,10.15,15.65,14.6,,220.0,18.85,29.3,10.7,28.8,9.42,11.05,18.05,18.7,45.1,48.1,9.66,19.2,16.45,25.25,15.85,9.46,14.0,20.2,19.3,239.0,78.5,2400.0,36.5,154.5,57.2,91.2,135.0,29.6,98.1,91.5,14.85,35.6,270.0,17.95,42.6,26.65,67.6,46.0,59.7,,97.4,182.0,40.85,75.0,17.15,11.95,139.0,53.9,83.3,78.8,228.5,202.0,274.0,,,74.5,,,34.2,81.7,211.0,78.6,233.0,51.7,41.0,82.4,56.9
45.85,41.25,56.4,82.4,77.2,70.9,12.0,39.65,71.4,32.85,32.85,339.0,158.0,33.9,50.2,272.5,11.3,25.4,32.1,59.5,194.5,73.1,25.1,15.8,25.1,40.55,344.5,426.5,42.7,77.5,64.1,49.2,29.95,380.0,388.0,403.5,53.3,15.8,207.0,39.5,19.5,105.0,26.05,51.1,20.55,135.0,8.33,12.25,19.0,48.3,14.6,21.9,75.2,29.4,328.0,85.8,9.72,47.95,50.5,95.2,87.3,32.35,84.9,244.5,8.35,13.0,96.2,171.0,76.8,28.3,108.0,521.0,283.0,12.4,136.0,68.1,16.65,50.3,10.15,15.65,14.65,,220.0,18.9,29.3,10.7,28.85,9.42,11.05,18.05,18.75,45.1,48.1,9.67,19.2,16.45,25.2,15.8,9.46,14.0,20.15,19.3,239.0,78.3,2400.0,36.45,154.5,57.2,91.1,135.0,29.6,98.2,91.5,14.85,35.6,270.0,17.95,42.6,26.65,67.5,46.0,59.8,,97.5,182.0,40.85,75.1,17.15,11.95,139.0,53.9,83.3,78.8,228.5,202.0,274.5,,,74.5,,,34.2,81.5,211.0,78.6,233.0,51.8,41.0,82.4,57.0
45.85,41.25,56.5,82.4,77.2,70.9,12.0,39.65,71.4,32.85,32.85,339.0,158.0,33.95,50.2,272.5,11.3,25.35,32.1,59.5,194.5,73.1,25.1,15.75,25.1,40.6,345.0,427.5,42.7,77.4,64.2,49.2,29.95,380.0,388.0,404.0,53.2,15.8,206.5,39.55,19.55,105.5,26.1,51.4,20.6,135.0,8.33,12.25,18.95,48.3,14.55,21.85,75.2,29.4,328.0,85.8,9.72,47.9,50.4,95.2,87.3,32.25,84.9,244.5,8.35,13.05,96.1,171.0,76.9,28.3,108.0,521.0,283.0,12.4,136.0,68.1,16.65,50.3,10.2,15.6,14.65,,220.0,18.9,29.3,10.7,28.85,9.42,11.05,18.05,18.75,45.1,48.05,9.67,19.2,16.45,25.25,15.85,9.46,14.0,20.2,19.3,239.0,78.4,2405.0,36.3,154.5,57.1,91.1,135.0,29.6,98.3,91.5,14.85,35.6,270.0,17.95,42.6,26.65,67.5,45.95,59.9,,97.4,182.0,40.85,75.1,17.15,11.95,139.5,53.8,83.4,78.7,228.5,202.0,274.5,,,74.4,,,34.15,81.5,211.0,78.7,233.0,51.8,41.0,82.4,57.0
45.9,41.25,56.4,82.4,77.2,70.9,12.0,39.75,71.4,32.9,32.85,339.0,158.0,33.95,50.1,273.0,11.3,25.35,32.1,59.4,194.5,73.1,25.1,15.8,25.1,40.6,344.5,427.5,42.75,77.4,64.0,49.2,29.95,380.0,388.0,404.0,53.2,15.8,206.5,39.5,19.55,105.5,26.05,51.5,20.65,135.0,8.32,12.25,18.95,48.3,14.55,21.9,75.2,29.35,328.0,85.8,9.72,47.9,50.2,95.2,87.4,32.25,84.8,244.5,8.35,13.0,96.2,171.0,76.8,28.3,108.0,521.0,282.5,12.45,136.0,68.2,16.65,50.3,10.15,15.6,14.65,,220.0,18.9,29.3,10.65,28.8,9.42,11.05,18.05,18.7,45.05,48.1,9.66,19.2,16.45,25.2,15.8,9.46,14.0,20.2,19.3,239.0,78.4,2405.0,36.4,154.5,57.1,91.1,135.0,29.65,98.3,91.6,14.85,35.6,270.0,18.0,42.6,26.65,67.5,45.95,59.8,,97.4,182.0,40.85,75.1,17.15,11.95,139.5,53.8,83.3,78.5,228.5,202.0,274.5,,,74.5,,,34.15,81.5,211.5,78.7,233.0,51.8,41.0,82.4,57.0
45.9,41.25,56.5,82.4,77.2,70.9,12.0,39.75,71.3,32.9,32.85,339.0,158.0,33.95,50.2,273.0,11.35,25.35,32.1,59.4,194.5,73.1,25.1,15.75,25.1,40.6,344.5,428.0,42.7,77.4,64.0,49.15,29.95,380.0,388.0,404.0,53.3,15.8,206.5,39.5,19.55,105.0,26.05,51.5,20.65,134.5,8.31,12.25,18.95,48.25,14.55,21.85,75.2,29.4,328.0,85.8,9.73,47.9,50.4,95.2,87.4,32.2,84.8,244.5,8.35,13.0,96.1,171.0,76.8,28.3,108.0,521.0,283.0,12.45,136.0,68.1,16.65,50.2,10.2,15.6,14.6,,220.0,18.9,29.3,10.7,28.8,9.42,11.05,17.95,18.7,45.1,48.1,9.65,19.15,16.45,25.25,15.85,9.46,14.05,20.2,19.25,239.0,78.5,2405.0,36.35,154.5,57.1,91.1,135.0,29.65,98.5,91.6,14.9,35.55,270.0,18.0,42.6,26.65,67.5,45.9,59.9,,97.5,182.0,40.85,75.0,17.15,12.0,139.0,53.8,83.3,78.5,228.5,202.0,275.0,,,74.5,,,34.15,81.7,211.5,78.7,233.5,51.7,41.0,82.4,57.0
45.85,41.25,56.5,82.4,77.1,70.9,12.0,39.8,71.3,32.9,32.85,339.0,158.0,33.95,50.1,274.0,11.3,25.35,32.1,59.4,194.5,73.1,25.1,15.8,25.1,40.5,345.0,428.0,42.7,77.3,64.0,49.15,29.95,380.0,388.0,404.0,53.2,15.8,207.0,39.55,19.55,105.0,26.05,51.6,20.65,134.5,8.33,12.25,18.95,48.25,14.6,21.85,75.2,29.4,328.0,85.8,9.73,47.8,50.6,95.3,87.4,32.2,84.9,244.5,8.35,13.0,96.2,171.0,76.8,28.3,108.0,521.0,283.0,12.45,136.0,68.1,16.7,50.2,10.2,15.6,14.6,,220.0,18.9,29.3,10.7,28.8,9.41,11.05,18.0,18.75,45.05,48.05,9.65,19.2,16.45,25.25,15.85,9.46,14.05,20.2,19.3,239.0,78.6,2405.0,36.2,154.0,57.1,91.1,135.0,29.65,98.6,91.6,14.9,35.55,269.5,18.0,42.6,26.65,67.6,45.95,59.9,,97.5,182.0,40.85,75.0,17.15,12.05,139.5,54.0,83.4,78.6,228.0,202.0,275.0,,,74.4,,,34.15,81.8,211.5,78.7,233.5,51.7,40.95,82.4,57.0
45.85,41.25,56.5,82.4,77.2,70.9,12.0,39.7,71.4,32.9,32.85,339.0,158.0,34.0,50.1,275.0,11.35,25.35,32.1,59.4,194.5,73.1,25.1,15.8,25.1,40.5,345.0,428.0,42.7,77.3,64.0,49.15,29.95,380.0,388.0,404.5,53.3,15.8,207.0,39.55,19.55,105.0,26.05,51.6,20.65,134.5,8.33,12.25,18.95,48.3,14.6,21.85,75.2,29.4,328.0,85.8,9.73,47.8,50.8,95.3,87.3,32.3,84.9,244.5,8.35,13.0,96.1,171.0,76.7,28.3,108.0,520.0,282.5,12.45,136.0,68.0,16.7,50.2,10.2,15.6,14.6,,220.0,18.95,29.25,10.7,28.8,9.42,11.0,18.0,18.7,45.05,48.05,9.64,19.15,16.4,25.2,15.85,9.46,14.0,20.15,19.3,239.0,78.5,2405.0,36.3,154.0,57.1,91.1,135.0,29.65,98.7,91.6,14.85,35.9,270.0,18.0,42.6,26.75,67.7,45.95,60.0,,97.5,182.0,40.85,75.1,17.1,12.05,139.5,54.0,83.3,78.5,228.5,202.0,275.0,,,74.4,,,34.2,81.8,211.5,78.7,234.0,51.7,40.95,82.4,57.0
45.85,41.25,56.5,82.4,77.1,71.0,12.0,39.7,71.4,32.9,32.85,339.5,158.0,33.95,50.1,275.5,11.3,25.35,32.1,59.4,194.5,73.1,25.1,15.8,25.1,40.6,345.5,428.0,42.7,77.3,64.0,49.15,29.95,380.0,388.0,403.0,53.2,15.85,206.5,39.5,19.55,105.0,26.05,51.7,20.7,134.5,8.33,12.25,18.95,48.3,14.6,21.85,75.1,29.4,328.0,85.8,9.73,47.8,50.8,95.4,87.4,32.2,84.8,245.0,8.35,13.0,96.1,171.0,76.8,28.3,108.0,521.0,283.0,12.45,136.0,67.9,16.7,50.2,10.2,15.6,14.6,,220.0,18.9,29.3,10.7,28.8,9.41,11.0,17.95,18.75,45.05,48.1,9.64,19.15,16.45,25.25,15.85,9.46,14.0,20.2,19.25,239.0,78.6,2405.0,36.3,154.5,57.2,91.2,135.0,29.65,98.9,91.6,14.85,35.9,269.5,17.95,42.6,26.7,67.7,45.95,60.0,,97.6,182.0,40.85,75.1,17.15,12.05,139.0,54.1,83.1,78.5,228.5,202.0,275.0,,,74.5,,,34.2,81.8,211.5,78.7,234.5,51.7,40.85,82.4,57.0
45.85,41.25,56.4,82.4,77.2,71.0,12.0,39.7,71.4,32.9,32.85,339.0,158.0,34.0,50.1,275.5,11.35,25.35,32.1,59.5,194.5,73.1,25.1,15.8,25.05,40.6,345.5,428.0,42.7,77.4,64.0,49.2,29.95,380.0,388.0,403.0,53.3,15.85,207.0,39.55,19.6,105.5,26.1,51.6,20.7,134.5,8.35,12.25,18.95,48.3,14.6,21.9,75.1,29.4,327.5,85.8,9.74,47.8,50.8,95.5,87.3,32.2,84.8,244.5,8.35,13.0,96.1,171.0,76.8,28.3,108.0,520.0,282.5,12.45,136.0,67.9,16.7,50.2,10.2,15.6,14.6,,220.0,18.95,29.3,10.7,28.8,9.41,11.0,17.95,18.75,45.0,48.05,9.65,19.2,16.45,25.25,15.85,9.47,14.0,20.2,19.25,239.0,78.5,2405.0,36.3,154.5,57.2,91.1,135.0,29.65,99.3,91.6,14.85,35.9,269.0,17.95,42.6,26.7,67.6,45.9,59.9,,97.7,182.0,40.8,75.0,17.1,12.05,139.0,54.1,83.0,78.4,228.5,202.0,275.0,,,74.5,,,34.15,81.8,211.5,78.7,234.5,51.7,40.85,82.4,57.0
45.9,41.25,56.5,82.7,77.2,71.0,12.0,39.7,71.4,32.9,32.85,339.5,158.5,33.95,50.0,275.5,11.35,25.3,32.1,59.5,194.5,73.0,25.1,15.8,25.1,40.5,346.0,427.5,42.75,77.4,64.2,49.2,29.95,380.0,388.0,403.0,53.3,15.85,206.5,39.55,19.6,105.5,26.05,51.5,20.75,135.0,8.36,12.25,18.95,48.3,14.6,21.85,75.3,29.35,327.5,85.8,9.74,47.8,50.6,95.4,87.3,32.3,84.6,244.5,8.35,13.0,96.1,171.0,76.7,28.35,108.0,521.0,283.0,12.45,136.0,67.8,16.7,50.2,10.2,15.6,14.6,,220.0,19.0,29.3,10.65,28.8,9.41,11.0,17.95,18.75,45.0,48.1,9.65,19.2,16.45,25.25,15.85,9.46,14.05,20.2,19.25,238.5,78.5,2410.0,36.3,154.0,57.2,91.2,135.0,29.65,99.3,91.6,14.85,35.9,268.5,18.0,42.6,26.7,67.6,45.9,59.9,,97.7,182.0,40.8,75.1,17.15,12.05,139.0,54.1,83.0,78.4,228.5,202.0,276.0,,,74.5,,,34.15,81.9,211.5,78.6,234.5,51.7,40.6,82.4,57.0
45.85,41.25,56.5,82.7,77.2,70.9,12.0,39.7,71.4,32.85,32.85,339.5,158.5,34.0,49.95,276.5,11.35,25.2,32.1,59.4,195.0,73.0,25.1,15.8,25.05,40.6,346.0,427.5,42.75,77.4,64.2,49.15,29.95,380.0,388.0,403.0,53.3,15.85,206.5,39.55,19.6,105.5,26.05,51.3,20.8,135.0,8.37,12.25,18.95,48.3,14.65,21.9,75.4,29.4,328.0,85.8,9.73,47.8,50.7,95.5,87.4,32.3,84.6,244.5,8.35,13.0,96.1,171.5,76.8,28.3,108.0,521.0,283.0,12.45,136.0,67.8,16.7,50.2,10.2,15.6,14.65,,220.0,19.0,29.3,10.65,28.8,9.41,11.05,17.9,18.75,45.05,48.05,9.65,19.15,16.45,25.25,15.85,9.46,14.05,20.2,19.3,238.5,78.6,2415.0,36.25,154.5,57.2,91.1,135.0,29.65,99.5,91.7,14.85,35.9,269.0,17.95,42.55,26.65,67.6,45.9,60.0,,97.7,182.0,40.8,75.0,17.15,12.1,139.0,54.1,83.0,78.4,228.5,202.0,276.0,,,74.4,,,34.15,81.9,211.5,78.6,234.5,51.6,40.55,82.4,57.0
45.9,41.2,56.4,82.7,77.1,71.0,12.0,39.7,71.4,32.9,32.85,339.0,158.0,34.05,49.8,276.0,11.3,25.1,32.1,59.5,195.0,72.9,25.1,15.75,25.0,40.6,346.5,427.5,42.75,77.4,64.2,49.15,29.95,380.0,388.0,403.0,53.3,15.85,206.5,39.55,19.65,105.5,26.05,51.2,20.8,134.5,8.37,12.3,18.95,48.35,14.65,21.9,75.5,29.4,328.5,85.8,9.73,47.8,51.0,95.5,87.3,32.3,84.6,244.5,8.35,13.0,96.2,172.0,76.8,28.3,107.5,521.0,282.5,12.45,136.0,67.8,16.7,50.2,10.2,15.6,14.6,,220.0,18.95,29.3,10.65,28.8,9.41,11.05,17.95,18.7,45.05,48.0,9.65,19.15,16.45,25.25,15.85,9.46,14.05,20.25,19.3,238.5,78.6,2425.0,36.25,154.5,57.2,91.1,135.0,29.65,99.5,91.7,14.85,35.9,269.5,17.95,42.55,26.65,67.6,45.9,60.1,,97.7,182.0,40.85,75.0,17.2,12.05,139.0,54.1,83.0,78.4,228.5,202.0,276.0,,,74.4,,,34.2,82.0,211.5,78.6,234.5,51.6,40.55,82.4,57.0
45.9,41.2,56.5,82.7,77.2,71.0,12.0,39.7,71.4,32.9,32.85,339.5,158.0,34.05,49.8,276.5,11.35,25.1,32.1,59.5,195.0,73.0,25.1,15.8,25.05,40.6,346.5,428.5,42.75,77.3,64.2,49.15,29.95,380.0,388.0,402.5,53.3,15.85,207.0,39.6,19.65,105.5,26.05,51.2,20.8,135.0,8.37,12.25,19.0,48.35,14.65,21.9,75.7,29.4,328.5,85.8,9.73,47.8,51.0,95.5,87.4,32.3,84.6,244.5,8.35,13.0,96.1,172.0,76.7,28.3,107.5,522.0,282.5,12.45,136.0,67.8,16.7,50.2,10.2,15.6,14.6,,220.0,19.0,29.3,10.7,28.85,9.41,11.05,17.95,18.75,45.05,48.0,9.65,19.15,16.45,25.25,15.85,9.47,14.05,20.25,19.3,239.0,78.6,2430.0,36.3,154.0,57.1,91.1,135.0,29.7,99.5,91.7,14.85,35.9,269.5,18.0,42.55,26.65,67.7,45.85,60.2,,97.7,181.5,40.85,75.0,17.2,12.05,139.0,54.1,83.1,78.4,228.5,202.0,276.0,,,74.5,,,34.2,82.1,211.5,78.6,234.5,51.5,40.6,82.4,57.0
45.9,41.25,56.5,82.7,77.1,71.0,12.05,39.7,71.3,32.9,32.85,339.5,158.0,34.0,49.85,276.5,11.3,25.2,32.1,59.4,195.0,73.0,25.1,15.8,25.05,40.55,346.0,428.5,42.75,77.3,64.1,49.15,29.95,380.0,388.0,402.0,53.3,15.85,207.0,39.6,19.7,105.5,26.05,51.2,20.8,135.0,8.37,12.3,18.95,48.3,14.65,21.9,75.8,29.4,329.0,85.8,9.73,47.8,50.9,95.7,87.4,32.3,84.6,244.5,8.35,13.0,96.1,172.5,76.7,28.35,107.5,521.0,283.0,12.45,136.0,67.9,16.65,50.2,10.15,15.6,14.65,,220.0,18.95,29.3,10.7,28.85,9.4,11.0,17.95,18.7,45.0,47.95,9.64,19.15,16.4,25.25,15.9,9.47,14.05,20.2,19.25,239.5,78.6,2430.0,36.25,154.5,57.2,91.2,135.0,29.7,99.8,91.7,14.85,35.9,270.0,18.0,42.5,26.65,67.8,45.85,60.2,,97.5,181.5,40.85,75.0,17.15,12.1,139.5,54.1,83.1,78.4,228.5,202.0,276.0,,,74.4,,,34.2,82.0,211.5,78.6,235.0,51.5,40.65,82.4,57.0
45.85,41.25,56.5,82.7,77.1,71.0,12.05,39.7,71.3,32.85,32.85,340.0,158.0,34.05,49.8,276.5,11.35,25.2,32.1,59.5,195.0,73.0,25.1,15.8,25.0,40.55,346.0,428.5,42.75,77.3,64.1,49.15,29.95,378.0,388.0,402.0,53.3,15.8,207.0,39.55,19.7,105.5,26.1,51.0,20.95,135.0,8.37,12.25,19.0,48.3,14.7,21.9,75.8,29.45,329.0,85.8,9.73,47.85,50.9,95.6,87.4,32.3,84.7,244.5,8.35,13.0,96.2,172.5,76.7,28.35,107.5,522.0,282.0,12.45,136.5,67.9,16.7,50.2,10.15,15.6,14.6,,220.0,19.0,29.35,10.7,28.8,9.4,11.0,17.95,18.7,45.1,47.9,9.65,19.2,16.45,25.25,15.85,9.46,14.05,20.25,19.3,239.5,78.5,2430.0,36.25,154.0,57.2,91.1,135.0,29.7,99.8,91.8,14.85,35.9,270.5,17.95,42.5,26.65,67.8,45.85,60.2,,97.7,181.5,40.85,75.1,17.2,12.1,139.5,54.0,83.1,78.4,228.5,202.0,275.0,,,74.5,,,34.2,82.1,211.5,78.6,235.0,51.5,40.6,82.4,57.0
45.85,41.25,56.6,82.7,77.1,71.0,12.0,39.7,71.3,32.85,32.85,340.0,157.5,34.0,49.85,277.0,11.35,25.2,32.1,59.5,195.0,73.0,25.1,15.8,25.05,40.55,346.5,428.5,42.75,77.3,64.1,49.2,29.95,378.0,388.0,401.0,53.3,15.8,207.0,39.6,19.75,105.5,26.1,51.0,21.0,135.0,8.37,12.25,18.95,48.3,14.7,21.9,75.8,29.4,329.5,85.8,9.73,47.85,50.9,95.7,87.4,32.15,84.7,244.5,8.35,13.0,96.2,173.0,76.8,28.4,107.5,522.0,282.0,12.45,136.5,67.9,16.7,50.2,10.15,15.6,14.6,,220.0,19.0,29.3,10.7,28.85,9.41,11.0,17.95,18.75,45.05,47.9,9.65,19.15,16.4,25.25,15.85,9.47,14.05,20.25,19.3,239.0,78.4,2430.0,36.2,154.5,57.2,91.1,135.0,29.7,99.9,91.8,14.85,35.9,271.0,17.95,42.55,26.65,67.8,45.8,60.2,,97.7,181.5,40.85,75.0,17.15,12.1,139.5,54.0,83.3,78.4,228.5,202.0,275.0,,,74.5,,,34.25,82.0,211.0,78.6,235.0,51.5,40.55,82.4,57.0
45.8,41.25,56.7,82.7,77.1,71.0,12.05,39.8,71.3,32.9,32.8,340.0,157.5,34.05,49.9,277.0,11.35,25.2,32.1,59.5,195.0,73.0,25.1,15.8,25.05,40.55,347.0,428.5,42.75,77.3,64.1,49.15,29.95,378.0,388.0,401.5,53.3,15.8,207.0,39.65,19.75,106.0,26.1,51.0,21.0,134.5,8.37,12.3,18.95,48.3,14.65,21.9,75.7,29.45,330.0,85.8,9.73,47.8,50.8,95.8,87.4,32.3,84.7,244.5,8.35,13.0,96.2,172.5,76.7,28.4,107.5,522.0,282.5,12.45,136.0,67.8,16.7,50.2,10.2,15.6,14.6,,220.0,19.0,29.35,10.7,28.8,9.41,11.05,17.95,18.75,45.1,47.9,9.65,19.2,16.45,25.25,15.85,9.47,14.05,20.25,19.3,239.0,78.6,2430.0,36.15,154.0,57.3,91.2,135.0,29.7,99.7,91.9,14.8,35.9,271.0,17.95,42.55,26.65,67.8,45.8,60.2,,97.7,182.0,40.85,75.1,17.2,12.05,139.5,54.0,83.3,78.5,228.5,202.0,275.0,,,74.5,,,34.25,82.2,211.0,78.6,235.5,51.5,40.65,82.4,57.0
45.8,41.25,56.6,82.7,77.1,71.0,12.05,39.8,71.3,32.9,32.85,341.0,158.0,34.0,49.9,277.5,11.4,25.2,32.1,59.4,195.0,73.0,25.1,15.8,25.05,40.55,347.0,428.0,42.75,77.2,64.1,49.15,29.95,380.0,388.0,401.5,53.3,15.8,207.0,39.6,19.7,106.0,26.1,51.0,21.15,135.0,8.38,12.3,18.95,48.3,14.7,21.9,75.8,29.45,330.0,85.8,9.74,47.8,50.8,95.9,87.4,32.3,84.8,244.5,8.35,13.0,96.1,173.0,76.8,28.4,107.5,521.0,282.5,12.45,136.0,68.0,16.75,50.3,10.2,15.6,14.55,,220.0,19.0,29.35,10.7,28.85,9.41,11.0,17.95,18.75,45.05,47.95,9.66,19.2,16.45,25.25,15.85,9.47,14.05,20.25,19.3,239.0,78.5,2425.0,36.05,154.0,57.4,91.2,135.0,29.7,99.7,91.8,14.8,35.9,270.5,18.0,42.55,26.7,67.7,45.75,60.2,,97.9,181.5,40.85,75.1,17.2,12.1,139.5,54.0,83.2,78.6,228.5,202.0,275.0,,,74.6,,,34.25,82.2,211.0,78.6,235.5,51.6,40.6,82.3,57.0
45.8,41.2,56.7,82.7,77.2,70.9,12.05,39.8,71.3,32.85,32.85,341.5,158.0,34.0,49.9,277.5,11.4,25.25,32.1,59.5,194.5,73.1,25.05,15.8,25.05,40.55,347.0,428.0,42.8,77.3,64.1,49.15,29.9,380.0,389.0,401.5,53.3,15.8,207.0,39.65,19.65,106.0,26.05,51.1,21.1,135.0,8.38,12.3,18.95,48.3,14.7,21.9,75.8,29.5,329.5,85.8,9.74,47.85,50.7,95.8,87.3,32.3,84.7,244.5,8.35,13.0,96.1,173.5,76.8,28.4,107.5,522.0,282.0,12.45,136.0,68.0,16.75,50.3,10.2,15.6,14.6,,220.0,19.0,29.35,10.65,28.8,9.42,11.0,17.95,18.75,45.0,47.95,9.66,19.15,16.45,25.25,15.85,9.47,14.05,20.25,19.3,239.0,78.4,2420.0,36.1,154.0,57.5,91.1,134.5,29.75,99.5,91.8,14.85,35.9,270.0,17.95,42.55,26.65,67.7,45.7,60.2,,98.0,182.0,40.9,75.1,17.2,12.05,139.5,54.1,83.2,78.7,228.5,202.0,275.0,,,74.6,,,34.25,82.1,211.0,78.6,236.0,51.6,40.6,82.3,57.0
45.8,41.2,56.7,82.7,77.2,71.0,12.1,39.8,71.4,32.9,32.85,341.0,158.0,34.05,49.9,277.0,11.4,25.25,32.1,59.5,194.5,73.1,25.05,15.8,25.1,40.55,346.5,427.5,42.8,77.3,64.1,49.15,30.0,380.0,389.0,401.5,53.3,15.75,207.0,39.7,19.7,106.0,26.1,51.2,21.1,135.5,8.4,12.3,18.95,48.3,14.7,21.9,75.9,29.45,330.0,85.7,9.73,47.85,50.7,95.8,87.3,32.3,84.8,244.5,8.35,13.0,96.1,173.0,76.9,28.35,107.5,522.0,282.0,12.45,136.5,68.0,16.7,50.3,10.2,15.6,14.55,,220.0,18.95,29.4,10.7,28.8,9.41,11.05,17.9,18.75,45.0,47.9,9.66,19.15,16.4,25.2,15.85,9.46,14.0,20.2,19.3,239.0,78.5,2420.0,36.15,154.0,57.6,91.1,134.5,29.7,99.5,91.8,14.8,35.9,270.0,17.95,42.55,26.65,67.7,45.7,60.0,,98.0,181.5,40.9,75.1,17.15,12.05,139.5,54.0,83.1,78.7,228.5,202.0,275.0,,,74.5,,,34.3,82.2,211.0,78.6,236.0,51.6,40.65,82.3,57.0
45.8,41.25,56.6,82.7,77.2,70.9,12.05,39.8,71.4,32.85,32.85,340.5,158.0,34.0,49.9,276.5,11.35,25.25,32.1,59.5,194.5,73.1,25.1,15.8,25.05,40.55,346.5,427.5,42.75,77.4,64.1,49.15,30.0,380.0,389.0,402.0,53.4,15.8,207.0,39.7,19.7,106.0,26.1,51.1,21.1,135.5,8.4,12.3,19.0,48.25,14.7,21.9,75.9,29.5,329.5,85.7,9.73,47.85,50.7,95.7,87.4,32.35,84.8,244.5,8.35,13.0,96.2,173.0,76.9,28.35,107.5,522.0,282.0,12.45,136.5,68.0,16.7,50.3,10.2,15.6,14.6,,220.0,18.95,29.4,10.7,28.75,9.41,11.05,17.9,18.75,45.0,47.9,9.66,19.15,16.45,25.25,15.9,9.46,14.05,20.25,19.3,239.0,78.5,2420.0,36.05,154.0,57.7,91.1,134.5,29.7,99.5,91.8,14.85,35.9,270.0,18.0,42.55,26.65,67.6,45.7,59.8,,98.1,181.5,40.9,75.1,17.2,12.05,139.5,54.0,83.1,78.8,228.5,202.0,277.0,,,74.5,,,34.35,82.2,211.5,78.6,236.0,51.6,40.65,82.3,57.0
45.8,41.25,56.7,82.7,77.2,71.0,12.05,39.75,71.4,32.85,32.85,341.0,158.0,34.05,49.95,276.0,11.3,25.3,32.1,59.5,194.5,73.1,25.1,15.8,25.1,40.55,346.0,427.0,42.75,77.4,64.1,49.1,30.0,380.0,389.0,402.5,53.4,15.8,207.5,39.7,19.75,106.0,26.05,51.1,21.1,135.5,8.44,12.3,19.0,48.25,14.75,21.95,75.9,29.5,329.5,85.7,9.74,47.8,50.7,95.7,87.4,32.35,84.8,244.5,8.35,13.0,96.2,172.5,76.7,28.35,107.5,522.0,282.0,12.45,136.0,68.0,16.7,50.2,10.2,15.6,14.6,,220.0,19.0,29.4,10.7,28.75,9.42,11.05,17.9,18.75,45.0,47.9,9.67,19.15,16.4,25.25,15.85,9.47,14.05,20.2,19.35,239.0,78.6,2420.0,36.05,154.0,58.0,91.1,135.0,29.7,99.5,91.7,14.8,35.9,269.0,17.95,42.55,26.7,67.6,45.7,59.9,,98.0,181.5,40.9,75.1,17.2,12.05,139.0,54.0,83.2,78.8,228.5,202.5,277.0,,,74.6,,,34.35,82.4,211.5,78.6,236.5,51.6,40.7,82.3,57.0
45.85,41.25,56.7,82.5,77.2,70.9,12.0,39.75,71.4,32.9,32.85,340.0,158.0,34.05,49.95,275.5,11.3,25.3,32.1,59.5,194.5,73.1,25.1,15.8,25.05,40.55,345.5,427.0,42.75,77.4,64.1,49.15,30.0,380.0,389.0,403.0,53.4,15.8,207.5,39.75,19.75,106.0,26.05,51.0,21.05,135.5,8.42,12.3,18.95,48.3,14.75,21.95,75.9,29.5,330.0,85.7,9.74,47.8,50.7,95.7,87.4,32.35,84.8,244.5,8.35,13.0,96.1,172.5,76.7,28.35,107.5,523.0,282.0,12.4,136.0,68.0,16.7,50.2,10.15,15.6,14.6,,220.0,19.0,29.45,10.7,28.8,9.42,11.05,17.9,18.7,45.0,47.9,9.67,19.15,16.45,25.25,15.85,9.46,14.0,20.2,19.3,239.0,78.7,2420.0,36.15,154.0,58.2,91.1,135.0,29.75,99.5,91.7,14.8,35.9,270.0,17.95,42.5,26.7,67.6,45.7,60.0,,98.1,181.5,40.9,75.1,17.15,12.0,139.5,53.9,83.2,78.8,228.5,203.0,277.0,,,74.6,,,34.35,82.3,212.0,78.6,236.5,51.7,40.75,82.3,57.1
45.8,41.25,56.8,82.5,77.1,70.9,12.05,39.75,71.3,32.9,32.85,341.0,158.0,34.05,50.0,275.5,11.35,25.25,32.1,59.5,194.5,73.1,25.1,15.8,25.05,40.6,346.0,427.0,42.75,77.4,64.1,49.15,30.0,380.0,389.0,403.0,53.4,15.85,208.0,39.7,19.75,106.0,26.05,51.1,21.1,135.5,8.41,12.35,18.95,48.3,14.75,22.0,75.9,29.5,329.0,85.7,9.73,47.8,50.8,95.6,87.4,32.35,84.8,244.5,8.35,13.0,96.1,172.5,76.9,28.4,107.5,523.0,282.0,12.45,136.0,67.9,16.7,50.3,10.2,15.6,14.55,,220.0,19.0,29.45,10.7,28.8,9.42,11.05,17.9,18.75,45.0,47.9,9.66,19.2,16.45,25.25,15.85,9.46,14.0,20.25,19.3,239.0,78.5,2420.0,36.1,154.0,58.2,91.1,135.0,29.7,99.5,91.7,14.8,35.9,270.0,17.95,42.5,26.7,67.6,45.6,60.0,,98.0,181.5,40.9,75.0,17.15,12.05,139.0,54.0,83.2,78.9,228.5,203.0,277.5,,,74.5,,,34.35,82.4,212.0,78.6,236.5,51.7,40.75,82.3,57.0
45.85,41.25,56.8,82.5,77.1,70.9,12.05,39.75,71.4,32.85,32.85,341.0,158.0,34.0,49.95,276.0,11.35,25.25,32.15,59.5,194.5,73.3,25.1,15.8,25.05,40.6,346.0,426.5,42.75,77.4,64.1,49.15,30.0,380.0,389.0,403.0,53.4,15.8,208.0,39.75,19.75,106.5,26.05,51.2,21.05,135.5,8.41,12.3,18.95,48.3,14.75,22.1,75.9,29.55,329.5,85.5,9.74,47.8,50.8,95.5,87.4,32.35,84.8,244.5,8.35,13.0,96.2,172.5,76.9,28.4,107.5,523.0,281.5,12.45,136.0,67.9,16.7,50.3,10.15,15.6,14.6,,220.0,19.0,29.45,10.7,28.75,9.42,11.05,17.95,18.75,45.0,47.9,9.67,19.2,16.45,25.3,15.9,9.46,14.0,20.25,19.35,239.0,78.5,2420.0,36.1,154.0,58.3,91.1,135.0,29.7,99.5,91.7,14.8,35.9,270.5,17.95,42.5,26.7,67.7,45.6,60.0,,98.0,181.5,40.9,75.1,17.2,12.0,139.0,54.0,83.2,78.8,228.5,203.0,277.5,,,74.4,,,34.45,82.7,211.5,78.6,237.0,51.6,40.7,82.3,57.0
45.85,41.25,56.8,82.5,77.1,71.0,12.05,39.75,71.4,32.9,32.85,341.0,158.0,34.1,49.95,275.5,11.3,25.3,32.15,59.5,194.5,73.3,25.1,15.8,25.05,40.6,346.0,426.0,42.75,77.4,64.1,49.15,30.0,380.0,389.0,403.0,53.4,15.8,209.0,39.75,19.8,106.5,26.05,51.2,21.1,135.5,8.4,12.35,18.95,48.25,14.8,22.15,75.9,29.55,329.5,85.5,9.73,47.75,50.7,95.5,87.5,32.25,84.7,244.5,8.35,13.0,96.1,172.5,76.9,28.4,107.5,523.0,282.0,12.4,136.0,67.9,16.7,50.4,10.2,15.6,14.6,,220.0,19.0,29.5,10.7,28.75,9.42,11.0,17.95,18.75,45.0,47.9,9.67,19.15,16.45,25.3,15.9,9.47,14.0,20.25,19.3,239.0,78.7,2420.0,36.1,154.0,58.0,91.1,134.5,29.7,99.6,91.7,14.75,35.9,270.0,17.95,42.5,26.7,67.7,45.6,60.0,,98.0,182.0,40.9,75.1,17.2,12.0,139.0,54.0,83.3,78.8,228.5,203.0,277.5,,,74.4,,,34.45,82.7,212.0,78.6,237.0,51.6,40.7,82.3,57.0
45.85,41.2,56.8,82.5,77.1,70.9,12.05,39.8,71.4,32.85,32.85,341.0,158.0,34.05,49.95,275.0,11.35,25.3,32.15,59.4,194.5,73.3,25.1,15.8,25.05,40.6,346.0,426.0,42.75,77.4,64.1,49.15,29.95,380.0,389.0,402.5,53.4,15.85,209.0,39.8,19.8,106.5,26.05,51.2,21.1,135.5,8.39,12.35,18.95,48.25,14.8,22.3,75.9,29.5,329.5,85.5,9.73,47.8,50.7,95.5,87.5,32.3,84.8,244.5,8.35,13.0,96.1,172.5,76.9,28.4,107.5,523.0,282.5,12.4,136.0,67.9,16.7,50.4,10.2,15.65,14.6,,220.0,18.95,29.5,10.7,28.8,9.42,11.0,17.95,18.75,45.0,47.95,9.67,19.15,16.45,25.3,15.85,9.46,14.05,20.2,19.3,239.5,78.7,2425.0,36.1,154.0,58.3,91.1,134.5,29.7,99.6,91.7,14.75,35.9,270.0,17.9,42.5,26.7,67.7,45.65,60.0,,98.1,182.0,40.9,75.0,17.2,12.0,139.5,54.0,83.3,78.8,228.5,203.5,276.0,,,74.6,,,34.45,82.5,212.0,78.6,237.0,51.6,40.7,82.3,57.0
45.85,41.2,56.8,82.5,77.1,71.0,12.0,39.8,71.4,32.85,32.85,341.0,158.0,34.1,49.95,275.0,11.35,25.3,32.15,59.5,194.5,73.3,25.1,15.8,25.05,40.6,346.0,426.0,42.75,77.4,64.2,49.1,29.95,380.0,389.0,402.5,53.4,15.8,209.0,39.75,19.8,107.0,26.1,51.0,21.1,135.0,8.38,12.35,18.95,48.25,14.9,22.15,76.0,29.5,329.5,85.5,9.73,47.75,50.5,95.5,87.5,32.25,84.8,244.0,8.35,13.0,96.1,172.0,77.0,28.4,107.5,523.0,282.0,12.4,136.5,67.9,16.7,50.4,10.2,15.65,14.6,,220.0,18.95,29.6,10.7,28.8,9.42,11.0,17.95,18.75,45.05,47.95,9.67,19.15,16.45,25.3,15.9,9.47,14.05,20.2,19.3,239.5,78.7,2425.0,36.2,154.0,58.1,91.1,134.5,29.65,99.6,91.8,14.75,35.9,270.0,17.95,42.5,26.65,67.7,45.7,60.0,,98.0,182.0,40.9,75.0,17.2,12.0,139.0,53.9,83.3,78.7,228.0,203.5,275.5,,,74.6,,,34.45,82.3,212.0,78.6,237.0,51.6,40.7,82.3,57.0
45.85,41.2,56.7,82.5,77.1,71.0,12.05,39.8,71.4,32.9,32.85,341.0,158.0,34.1,49.95,276.0,11.35,25.3,32.15,59.5,194.5,73.3,25.1,15.8,25.1,40.55,345.5,425.0,42.75,77.4,64.2,49.1,29.95,380.0,389.0,402.5,53.4,15.8,209.0,39.8,19.8,107.0,26.1,51.0,21.05,135.5,8.38,12.35,18.95,48.25,14.95,22.15,76.0,29.5,329.5,85.5,9.73,47.75,50.6,95.6,87.5,32.35,84.8,244.5,8.35,13.0,96.1,172.0,76.9,28.4,107.5,523.0,282.5,12.4,136.5,68.0,16.75,50.2,10.2,15.65,14.6,,220.0,18.95,29.65,10.7,28.8,9.42,11.0,17.95,18.7,45.0,47.9,9.67,19.2,16.45,25.3,15.85,9.47,14.05,20.25,19.3,239.5,78.7,2425.0,36.25,154.0,58.0,91.1,134.5,29.7,99.7,91.8,14.75,35.9,269.5,17.95,42.5,26.65,67.7,45.7,60.1,,98.0,182.0,40.9,75.0,17.2,12.0,139.0,53.9,83.3,78.7,228.0,203.5,275.0,,,74.6,,,34.45,82.2,212.0,78.6,237.0,51.6,40.7,82.3,57.1
45.85,41.25,56.7,82.4,77.1,71.0,12.0,39.8,71.4,32.85,32.85,340.5,158.0,34.1,49.95,275.0,11.35,25.25,32.15,59.5,194.5,73.2,25.1,15.8,25.05,40.55,345.5,425.0,42.75,77.4,64.2,49.15,29.9,380.0,389.0,402.5,53.4,15.8,209.5,39.8,19.8,106.5,26.05,51.0,21.1,135.5,8.37,12.4,18.95,48.25,14.95,22.15,76.0,29.55,329.5,85.5,9.73,47.75,50.6,95.6,87.5,32.2,84.8,244.5,8.35,13.0,96.1,172.0,76.9,28.4,108.0,522.0,282.0,12.4,136.0,67.9,16.75,50.2,10.2,15.65,14.6,,220.0,18.95,29.65,10.7,28.8,9.42,11.05,17.95,18.75,45.0,47.95,9.67,19.15,16.45,25.3,15.85,9.46,14.05,20.2,19.3,239.5,78.7,2425.0,36.45,154.0,58.0,91.2,134.5,29.65,99.7,91.8,14.7,35.9,269.0,17.95,42.5,26.65,67.6,45.7,60.1,,98.1,181.5,40.9,75.1,17.2,12.05,139.0,53.9,83.3,78.7,228.0,203.5,275.0,,,74.5,,,34.4,82.2,212.0,78.6,237.0,51.6,40.7,82.3,57.0
45.85,41.2,56.7,82.4,77.1,71.0,12.05,39.8,71.3,32.85,32.8,340.5,158.0,34.1,49.95,274.5,11.35,25.3,32.15,59.5,194.5,73.2,25.05,15.85,25.05,40.55,345.5,425.0,42.75,77.5,64.2,49.15,29.9,380.0,389.0,402.5,53.5,15.8,209.5,39.8,19.75,107.0,26.05,50.9,21.15,135.0,8.37,12.4,18.95,48.3,15.0,22.1,75.9,29.55,329.5,85.5,9.73,47.75,50.6,95.5,87.5,32.2,84.8,244.0,8.35,13.0,96.2,172.0,76.8,28.45,108.0,522.0,282.0,12.4,136.0,67.9,16.7,50.3,10.2,15.65,14.6,,220.0,19.0,29.65,10.7,28.8,9.43,11.05,17.9,18.7,45.0,47.9,9.67,19.15,16.45,25.3,15.85,9.46,14.05,20.25,19.3,239.5,78.7,2425.0,36.5,154.0,58.0,91.0,134.5,29.65,99.9,91.7,14.75,35.9,269.0,17.95,42.45,26.65,67.6,45.7,60.1,,98.1,182.0,40.9,75.0,17.2,12.0,139.0,53.9,83.4,78.7,228.0,203.5,275.0,,,74.5,,,34.4,82.2,212.0,78.6,237.0,51.6,40.75,82.3,57.1
45.85,41.2,56.8,82.3,77.2,71.1,12.05,39.7,71.3,32.85,32.8,340.0,158.0,34.1,50.0,274.5,11.35,25.3,32.15,59.5,195.0,73.2,25.1,15.8,25.05,40.55,346.0,425.0,42.75,77.5,64.2,49.15,29.9,380.0,389.0,402.5,53.5,15.8,208.0,39.8,19.75,106.5,26.05,50.9,21.2,135.5,8.37,12.35,18.95,48.25,15.0,22.05,75.9,29.55,329.5,85.5,9.73,47.8,50.6,95.6,87.5,32.2,84.7,244.5,8.35,13.0,96.2,172.0,76.8,28.45,108.0,522.0,282.0,12.4,136.5,67.9,16.75,50.3,10.2,15.65,14.55,,220.0,18.95,29.6,10.7,28.8,9.43,11.0,17.9,18.75,45.0,47.95,9.66,19.15,16.45,25.3,15.85,9.46,14.0,20.2,19.35,239.5,78.7,2425.0,36.6,154.0,58.0,91.1,135.0,29.65,99.8,91.7,14.75,35.9,269.0,17.95,42.5,26.65,67.6,45.65,60.2,,98.1,182.0,40.8,75.1,17.2,12.0,139.5,53.8,83.3,78.7,228.0,203.5,275.0,,,74.4,,,34.4,82.1,212.0,78.6,237.0,51.6,40.75,82.4,57.1
45.85,41.2,56.8,82.3,77.1,71.1,12.05,39.75,71.4,32.85,32.8,340.0,158.5,34.1,49.95,274.5,11.3,25.3,32.15,59.5,195.0,73.2,25.05,15.85,25.05,40.55,346.0,425.0,42.75,77.5,64.2,49.1,29.9,380.0,389.0,402.5,53.6,15.75,207.5,39.8,19.75,107.0,26.05,51.0,21.25,135.5,8.37,12.35,18.95,48.3,15.05,22.1,75.9,29.5,329.5,85.5,9.73,47.8,50.7,95.5,87.5,32.2,84.7,244.5,8.35,13.0,96.1,172.0,76.8,28.4,108.0,522.0,282.0,12.4,136.0,67.9,16.75,50.3,10.15,15.65,14.6,,220.0,18.95,29.65,10.7,28.8,9.42,11.0,17.9,18.75,45.0,47.9,9.66,19.15,16.45,25.3,15.9,9.46,14.05,20.2,19.3,239.5,78.7,2420.0,36.5,154.0,58.0,91.0,134.5,29.65,99.9,91.7,14.8,35.9,269.0,17.95,42.5,26.65,67.7,45.65,60.2,,98.1,182.0,40.8,75.0,17.2,12.0,139.0,53.9,83.4,78.6,228.0,203.5,276.0,,,74.5,,,34.4,82.1,213.0,78.6,237.0,51.6,40.7,82.4,57.0
45.85,41.2,56.9,82.3,77.1,71.0,12.1,39.65,71.4,32.85,32.8,340.0,158.0,34.15,49.95,274.5,11.3,25.3,32.15,59.5,195.0,73.2,25.05,15.85,25.05,40.55,346.0,425.0,42.75,77.6,64.1,49.1,29.9,380.0,389.0,402.0,53.6,15.8,207.5,39.8,19.75,107.0,26.1,51.0,21.25,135.5,8.38,12.3,18.95,48.3,15.1,22.05,76.0,29.55,330.0,85.5,9.73,47.8,50.8,95.5,87.5,32.2,84.7,244.5,8.35,13.0,96.2,172.0,76.8,28.4,108.0,522.0,282.0,12.4,136.0,67.9,16.75,50.3,10.2,15.65,14.6,,220.0,19.0,29.65,10.7,28.8,9.43,11.0,17.9,18.75,45.05,47.9,9.66,19.2,16.45,25.3,15.85,9.45,14.05,20.2,19.35,239.5,78.7,2420.0,36.5,154.0,58.1,91.0,135.0,29.65,99.8,91.7,14.8,35.9,268.5,17.95,42.5,26.65,67.7,45.65,60.1,,98.2,182.0,40.85,75.0,17.2,12.0,139.0,54.0,83.3,78.6,228.0,203.5,275.0,,,74.5,,,34.4,82.5,212.5,78.6,237.0,51.6,40.7,82.4,57.1
45.85,41.25,56.9,82.2,77.1,71.1,12.05,39.7,71.3,32.9,32.8,340.0,158.0,34.15,49.95,274.5,11.35,25.3,32.15,59.6,195.0,73.3,25.05,15.8,25.05,40.55,345.5,425.0,42.75,77.5,64.1,49.1,29.9,380.0,389.0,402.0,53.6,15.8,208.0,39.8,19.8,107.0,26.05,51.0,21.2,136.0,8.4,12.3,18.95,48.3,15.1,22.05,76.0,29.55,329.5,85.5,9.75,47.75,50.9,95.5,87.6,32.2,84.8,244.5,8.35,13.0,96.2,171.5,76.9,28.4,108.0,521.0,282.5,12.4,136.0,67.8,16.7,50.3,10.2,15.65,14.6,,220.0,19.0,29.6,10.65,28.8,9.43,11.0,17.9,18.7,45.05,47.9,9.65,19.15,16.45,25.25,15.9,9.45,14.05,20.2,19.3,239.5,78.8,2420.0,36.45,154.0,58.1,91.1,135.0,29.65,99.8,91.7,14.8,35.9,268.5,17.95,42.45,26.65,67.6,45.65,60.1,,98.3,182.0,40.85,75.0,17.2,12.0,139.5,54.0,83.3,78.5,228.0,203.5,276.0,,,74.5,,,34.4,82.5,212.5,78.6,236.5,51.6,40.7,82.4,57.1
45.85,41.2,56.8,82.1,77.1,71.1,12.1,39.7,71.4,32.85,32.8,339.5,157.5,34.15,49.95,274.5,11.35,25.3,32.15,59.5,195.0,73.2,25.05,15.8,25.05,40.6,345.5,425.5,42.7,77.5,64.1,49.1,29.95,378.5,389.0,402.0,53.7,15.8,208.0,39.8,19.75,106.5,26.05,51.0,21.2,136.0,8.4,12.35,18.95,48.3,15.0,22.05,75.9,29.5,329.5,85.5,9.75,47.75,50.9,95.6,87.5,32.2,84.7,244.5,8.35,13.0,96.1,171.5,76.8,28.45,108.0,521.0,282.0,12.4,136.0,67.8,16.7,50.2,10.15,15.65,14.6,,220.0,19.0,29.55,10.7,28.8,9.42,11.0,17.9,18.7,45.0,47.9,9.66,19.2,16.45,25.3,15.9,9.46,14.05,20.25,19.3,238.5,78.8,2420.0,36.55,154.0,58.1,91.1,134.5,29.7,99.9,91.7,14.8,35.9,269.0,17.95,42.45,26.65,67.6,45.65,60.1,,98.4,182.0,40.85,75.1,17.2,12.0,139.0,54.1,83.4,78.5,228.0,204.0,275.5,,,74.5,,,34.4,82.6,212.5,78.6,236.5,51.6,40.7,82.4,57.0
45.85,41.2,56.9,82.1,77.1,71.0,12.1,39.7,71.3,32.8,32.75,339.0,157.5,34.1,50.0,275.0,11.3,25.35,32.15,59.4,195.0,73.3,25.05,15.8,25.05,40.6,345.0,426.0,42.7,77.4,64.1,49.1,29.95,378.5,389.0,402.0,53.7,15.8,207.5,39.7,19.75,106.5,26.05,51.0,21.25,135.5,8.39,12.3,18.9,48.3,15.0,22.0,75.9,29.5,330.0,85.5,9.74,47.7,50.9,95.5,87.4,32.2,84.6,244.0,8.35,13.0,96.1,171.5,76.8,28.4,107.5,521.0,282.0,12.4,136.0,67.9,16.7,50.2,10.15,15.6,14.6,,219.5,19.0,29.6,10.65,28.8,9.43,11.0,17.9,18.7,44.95,47.85,9.66,19.15,16.45,25.25,15.85,9.45,14.0,20.25,19.3,239.5,78.8,2420.0,36.55,154.0,58.1,91.0,135.0,29.65,99.9,91.7,14.8,35.9,269.0,17.9,42.45,26.65,67.6,45.7,60.1,,98.5,182.0,40.85,75.0,17.15,12.0,139.5,54.0,83.3,78.5,227.5,204.0,276.0,,,74.4,,,34.4,82.6,212.0,78.6,237.0,51.5,40.7,82.4,57.1
45.85,41.15,56.9,82.1,77.1,71.1,12.1,39.7,71.3,32.8,32.75,340.5,157.5,34.05,49.95,275.0,11.35,25.3,32.15,59.4,195.0,73.3,25.0,15.8,25.05,40.6,345.5,426.0,42.7,77.4,64.1,49.1,29.95,378.5,389.0,402.0,53.7,15.8,207.5,39.7,19.75,106.5,26.05,51.0,21.3,135.5,8.39,12.3,18.9,48.3,14.95,22.0,75.8,29.45,330.0,85.6,9.74,47.7,50.8,95.5,87.4,32.3,84.7,244.0,8.35,13.0,96.1,171.5,76.7,28.4,108.0,522.0,282.0,12.4,135.5,67.9,16.7,50.2,10.2,15.6,14.6,,219.5,19.0,29.55,10.7,28.75,9.42,11.0,17.9,18.75,44.9,47.8,9.66,19.15,16.45,25.3,15.85,9.45,14.05,20.25,19.3,239.5,78.6,2420.0,36.6,154.0,58.0,91.0,135.0,29.6,99.6,91.5,14.8,35.9,269.0,17.95,42.4,26.65,67.6,45.7,59.9,,98.4,182.0,40.85,75.1,17.15,12.0,139.5,54.1,83.3,78.4,227.0,204.0,276.5,,,74.4,,,34.35,82.6,212.5,78.6,236.0,51.5,40.7,82.4,57.0
45.85,41.15,56.9,82.2,77.0,71.0,12.05,39.75,71.3,32.85,32.75,340.5,158.0,34.1,49.95,275.0,11.3,25.3,32.15,59.5,195.0,73.3,25.0,15.8,25.05,40.5,345.5,426.0,42.7,77.4,64.1,49.1,29.95,378.5,389.0,402.0,53.6,15.8,207.5,39.7,19.75,106.5,26.05,51.0,21.45,135.5,8.4,12.3,18.9,48.3,14.95,22.0,75.8,29.45,330.0,85.7,9.74,47.7,50.8,95.5,87.4,32.3,84.7,244.0,8.35,13.0,96.1,171.5,76.7,28.4,108.0,521.0,281.5,12.4,136.0,67.9,16.7,50.2,10.2,15.6,14.55,,219.5,18.95,29.55,10.7,28.75,9.42,11.0,17.9,18.7,44.95,47.85,9.65,19.15,16.4,25.3,15.9,9.46,14.05,20.3,19.35,239.5,78.7,2420.0,36.55,154.0,58.0,91.0,134.5,29.6,99.6,91.4,14.8,35.9,269.0,17.95,42.45,26.65,67.6,45.7,59.7,,98.4,182.0,40.85,75.0,17.2,12.0,139.0,54.1,83.2,78.4,227.0,204.0,276.5,,,74.4,,,34.35,82.5,212.5,78.6,236.0,51.4,40.7,82.4,57.0
45.85,41.15,56.8,82.2,77.0,71.0,12.05,39.75,71.3,32.8,32.75,340.0,158.0,34.05,50.0,274.5,11.35,25.3,32.15,59.4,195.0,73.4,25.05,15.8,25.05,40.5,345.0,426.0,42.7,77.5,64.2,49.05,29.95,378.5,389.0,401.5,53.7,15.8,207.5,39.6,19.75,106.5,26.05,51.0,21.55,135.5,8.4,12.3,18.9,48.3,15.0,22.05,75.8,29.45,330.0,85.8,9.73,47.7,50.8,95.4,87.3,32.15,84.7,244.0,8.35,12.95,96.1,171.5,76.8,28.4,108.0,522.0,282.0,12.35,136.0,67.9,16.7,50.2,10.2,15.6,14.55,,219.5,18.95,29.55,10.7,28.75,9.42,11.0,17.9,18.75,44.95,47.75,9.65,19.15,16.4,25.3,15.85,9.45,14.05,20.3,19.3,238.5,78.8,2420.0,36.5,154.0,58.0,91.0,134.5,29.6,99.6,91.4,14.8,35.9,269.0,17.95,42.4,26.65,67.6,45.7,59.7,,98.4,182.0,40.85,75.0,17.2,12.05,139.0,54.1,83.3,78.4,227.0,204.0,276.0,,,74.3,,,34.35,82.5,212.5,78.6,236.0,51.4,40.7,82.4,57.0
45.75,41.2,56.9,82.2,77.0,71.0,12.05,39.75,71.4,32.8,32.75,340.5,158.0,34.1,50.0,275.0,11.3,25.3,32.15,59.4,195.0,73.4,25.05,15.75,25.05,40.5,345.5,426.0,42.7,77.4,64.1,49.05,30.0,378.5,389.0,401.0,53.7,15.75,207.5,39.55,19.75,106.0,26.0,51.0,21.5,135.5,8.39,12.3,18.9,48.3,15.0,22.05,75.8,29.45,330.5,85.8,9.73,47.75,50.7,95.4,87.2,32.3,84.6,244.0,8.35,13.0,96.1,172.0,76.8,28.4,108.0,521.0,282.0,12.4,135.5,67.9,16.75,50.2,10.15,15.6,14.6,,219.5,18.95,29.5,10.7,28.75,9.42,11.0,17.9,18.75,44.95,47.75,9.65,19.1,16.4,25.3,15.85,9.45,14.0,20.3,19.3,238.5,78.8,2420.0,36.5,154.0,57.9,91.0,134.5,29.65,99.5,91.2,14.75,35.9,269.0,17.95,42.45,26.65,67.6,45.7,59.7,,98.3,182.0,40.85,75.1,17.2,12.05,139.5,54.1,83.2,78.1,227.0,204.0,276.5,,,74.4,,,34.35,82.5,212.5,78.6,236.0,51.3,40.7,82.4,57.0
45.75,41.2,56.9,82.2,77.0,71.0,12.05,39.75,71.3,32.8,32.75,340.5,158.0,34.05,50.0,275.0,11.3,25.3,32.15,59.4,195.0,73.4,25.05,15.85,25.05,40.5,345.5,426.0,42.7,77.4,64.1,49.05,29.95,378.5,389.0,401.0,53.6,15.8,208.0,39.55,19.75,106.0,26.0,50.9,21.45,135.5,8.38,12.3,18.9,48.3,15.05,22.05,75.6,29.5,330.5,85.8,9.72,47.7,50.6,95.4,87.3,32.2,84.6,244.0,8.35,13.0,96.1,171.5,76.8,28.35,108.0,520.0,281.5,12.4,136.0,68.0,16.7,50.2,10.15,15.6,14.6,,219.5,19.0,29.5,10.7,28.75,9.41,11.0,17.9,18.75,44.95,47.75,9.65,19.15,16.4,25.25,15.85,9.45,14.0,20.25,19.3,238.5,78.8,2420.0,36.5,154.0,57.9,91.0,135.0,29.6,99.5,91.2,14.75,35.9,269.0,17.95,42.45,26.65,67.6,45.7,59.7,,98.3,182.0,40.85,74.9,17.15,12.05,139.5,54.0,83.2,78.0,227.0,204.0,276.5,,,74.4,,,34.35,82.5,212.0,78.6,236.0,51.3,40.7,82.4,56.9
45.8,41.15,56.8,82.2,77.0,71.0,12.05,39.75,71.3,32.85,32.75,340.5,158.0,34.05,50.0,275.0,11.3,25.25,32.15,59.5,195.0,73.4,25.05,15.8,25.05,40.5,345.0,426.0,42.7,77.5,64.1,49.05,29.95,378.5,389.0,401.0,53.7,15.8,207.5,39.55,19.75,106.0,26.0,50.9,21.4,135.5,8.38,12.25,18.9,48.3,15.05,22.1,75.8,29.5,330.5,85.9,9.71,47.7,50.6,95.4,87.3,32.2,84.6,244.0,8.35,13.0,96.1,171.5,76.7,28.35,108.0,521.0,281.5,12.4,135.5,67.9,16.7,50.2,10.2,15.6,14.55,,219.5,18.95,29.5,10.7,28.75,9.42,11.0,17.9,18.7,45.0,47.75,9.65,19.15,16.45,25.3,15.8,9.45,14.0,20.25,19.3,238.5,78.8,2420.0,36.5,154.0,58.0,91.0,134.5,29.6,99.4,91.2,14.75,35.9,268.5,17.95,42.45,26.65,67.5,45.65,59.7,,98.2,182.5,40.85,75.0,17.15,12.05,139.0,54.1,83.2,78.0,226.5,204.0,276.0,,,74.4,,,34.35,82.5,212.5,78.6,236.0,51.3,40.7,82.4,56.9
45.8,41.15,56.8,82.2,77.0,71.1,12.0,39.8,71.3,32.8,32.75,340.5,158.0,34.05,50.0,275.0,11.3,25.25,32.15,59.4,195.5,73.4,25.05,15.8,25.05,40.5,345.0,426.0,42.7,77.6,64.1,49.05,29.95,378.5,389.0,401.0,53.6,15.75,208.0,39.55,19.75,106.0,26.05,50.9,21.45,135.5,8.4,12.3,18.9,48.3,15.1,22.05,75.7,29.5,330.0,85.8,9.71,47.65,50.6,95.4,87.3,32.15,84.7,244.0,8.35,12.95,96.2,171.5,76.7,28.35,107.5,520.0,281.0,12.4,135.5,67.9,16.7,50.3,10.2,15.6,14.6,,219.5,19.0,29.45,10.7,28.75,9.42,11.0,17.9,18.7,44.95,47.7,9.65,19.15,16.4,25.3,15.8,9.44,14.0,20.25,19.3,238.5,78.9,2420.0,36.45,153.5,57.9,91.0,134.5,29.6,99.4,91.2,14.75,35.9,268.5,17.95,42.35,26.65,67.5,45.65,59.8,,98.2,182.5,40.85,75.0,17.15,12.0,139.5,53.9,83.2,78.0,226.5,204.0,275.0,,,74.5,,,34.35,82.5,212.5,78.6,236.0,51.3,40.65,82.4,56.9
45.8,41.2,56.8,82.2,77.0,71.1,12.0,39.8,71.3,32.85,32.7,340.5,158.0,34.1,50.0,275.0,11.3,25.25,32.15,59.4,195.5,73.2,25.05,15.8,25.05,40.5,345.0,425.0,42.75,77.7,64.2,49.05,29.95,378.5,389.0,401.0,53.7,15.8,208.0,39.55,19.75,106.0,26.0,51.0,21.5,135.0,8.38,12.25,18.9,48.3,15.1,22.1,75.7,29.45,330.5,85.8,9.72,47.6,50.6,95.4,87.3,32.25,84.7,244.0,8.35,13.0,96.1,171.5,76.7,28.3,107.5,520.0,281.0,12.4,135.5,67.9,16.7,50.3,10.2,15.6,14.6,,219.5,19.0,29.5,10.7,28.8,9.42,11.0,17.85,18.7,45.0,47.7,9.65,19.15,16.4,25.25,15.85,9.44,14.0,20.25,19.3,239.5,78.9,2420.0,36.45,154.0,57.9,91.0,134.5,29.6,99.3,91.2,14.75,35.9,268.5,17.95,42.35,26.65,67.5,45.7,59.8,,98.3,182.5,40.85,75.0,17.15,12.05,139.5,54.0,83.2,78.0,226.5,204.0,275.0,,,74.5,,,34.35,82.5,212.5,78.6,236.0,51.1,40.65,82.4,56.9
45.75,41.2,56.8,82.2,77.1,71.1,12.05,39.75,71.3,32.85,32.75,340.0,158.0,34.1,50.0,274.5,11.3,25.25,32.15,59.4,195.5,73.2,25.05,15.85,25.05,40.5,345.0,426.5,42.75,77.6,64.2,49.05,29.95,378.5,389.0,401.0,53.6,15.8,208.0,39.55,19.8,106.5,26.05,51.0,21.5,135.0,8.4,12.25,18.9,48.3,15.2,22.1,75.7,29.45,331.0,85.8,9.71,47.6,50.6,95.3,87.3,32.25,84.7,244.0,8.35,13.0,96.1,171.5,76.6,28.3,107.5,520.0,280.5,12.4,135.5,68.0,16.7,50.3,10.2,15.6,14.6,,219.5,18.95,29.45,10.7,28.8,9.43,11.0,17.85,18.75,44.95,47.7,9.65,19.15,16.4,25.3,15.85,9.43,14.0,20.25,19.25,238.5,78.9,2420.0,36.4,154.0,58.0,90.9,135.0,29.6,99.2,91.2,14.7,35.9,268.5,17.9,42.35,26.6,67.5,45.65,59.8,,98.2,182.5,40.85,75.0,17.15,12.0,139.5,54.0,83.2,78.1,226.5,204.0,274.0,,,74.5,,,34.35,82.5,212.5,78.6,236.0,51.1,40.65,82.4,56.8
45.75,41.2,56.9,82.2,77.0,71.0,12.05,39.75,71.4,32.85,32.75,339.5,158.0,34.1,49.9,274.5,11.3,25.3,32.15,59.4,195.5,73.2,25.05,15.8,25.1,40.5,344.5,426.5,42.75,77.6,64.1,49.1,30.0,378.5,389.0,401.0,53.7,15.75,208.0,39.6,19.75,106.0,26.05,51.0,21.4,135.0,8.4,12.3,18.9,48.3,15.3,22.05,75.8,29.45,331.0,85.8,9.71,47.6,50.7,95.4,87.3,32.25,84.7,244.0,8.35,13.0,96.1,171.5,76.7,28.35,107.5,520.0,281.0,12.4,135.0,67.8,16.65,50.2,10.2,15.6,14.6,,219.5,18.95,29.45,10.7,28.75,9.43,11.0,17.85,18.75,45.0,47.7,9.64,19.15,16.4,25.3,15.85,9.43,14.0,20.25,19.3,239.5,79.0,2420.0,36.5,153.5,58.0,90.9,134.5,29.55,99.1,91.2,14.7,35.9,268.0,17.95,42.35,26.6,67.5,45.65,59.8,,98.2,182.5,40.9,75.0,17.15,12.0,139.0,53.9,83.2,78.1,226.0,204.0,273.0,,,74.4,,,34.35,82.5,212.5,78.6,236.0,51.2,40.65,82.4,56.8
45.75,41.15,56.9,82.2,77.0,71.1,12.0,39.8,71.4,32.8,32.75,340.0,158.0,34.1,49.95,274.5,11.3,25.25,32.15,59.4,195.5,73.2,25.05,15.8,25.05,40.5,344.0,425.0,42.7,77.6,64.1,49.1,30.0,378.5,389.0,401.0,53.7,15.75,208.0,39.6,19.8,106.5,26.05,51.0,21.4,135.0,8.4,12.25,18.9,48.25,15.3,22.15,75.7,29.45,331.0,85.7,9.71,47.6,50.7,95.4,87.3,32.25,84.7,244.0,8.35,12.95,96.1,171.5,76.6,28.35,107.5,521.0,281.0,12.4,135.5,67.8,16.7,50.2,10.15,15.6,14.6,,219.5,18.95,29.45,10.7,28.75,9.42,11.0,17.9,18.75,45.05,47.8,9.64,19.15,16.4,25.3,15.85,9.44,14.0,20.2,19.25,239.5,79.0,2420.0,36.4,153.5,58.0,90.9,135.0,29.6,99.2,91.2,14.65,35.9,268.0,17.95,42.35,26.6,67.6,45.7,59.8,,98.2,182.5,40.9,74.9,17.15,12.0,139.0,53.9,83.1,78.1,226.0,204.0,273.0,,,74.5,,,34.3,82.5,213.0,78.6,236.0,51.2,40.65,82.4,56.8
45.8,41.2,56.9,82.2,77.0,71.0,12.05,39.8,71.3,32.85,32.75,340.0,158.5,34.1,49.95,274.5,11.3,25.25,32.15,59.4,195.0,73.2,25.0,15.8,25.05,40.5,344.0,425.5,42.75,77.5,64.1,49.1,30.0,378.5,389.0,401.0,53.7,15.8,208.0,39.6,19.8,106.0,26.05,51.1,21.4,135.0,8.42,12.3,18.9,48.3,15.3,22.15,75.7,29.5,331.5,85.7,9.71,47.6,50.7,95.3,87.3,32.25,84.7,244.0,8.35,12.95,96.1,171.5,76.6,28.35,107.5,520.0,280.5,12.4,135.5,67.8,16.7,50.2,10.2,15.6,14.6,,219.5,18.95,29.45,10.7,28.75,9.42,11.0,17.9,18.75,45.05,47.75,9.64,19.2,16.4,25.3,15.85,9.44,14.0,20.2,19.25,239.5,79.4,2420.0,36.45,153.5,58.0,90.8,134.5,29.55,99.1,91.2,14.65,35.9,268.0,17.9,42.35,26.6,67.6,45.65,59.8,,98.2,182.5,40.9,74.9,17.15,12.0,139.5,53.9,83.2,78.1,226.0,204.0,273.0,,,74.5,,,34.3,82.5,213.0,78.6,236.0,51.1,40.65,82.4,56.9
45.8,41.2,56.8,82.2,77.0,71.0,12.05,39.8,71.3,32.85,32.75,340.0,158.5,34.05,50.0,274.5,11.3,25.25,32.15,59.4,195.0,73.2,25.1,15.8,25.05,40.5,343.5,425.5,42.75,77.5,64.1,49.1,30.0,378.5,389.0,402.0,53.7,15.75,208.0,39.55,19.75,106.5,26.05,51.0,21.4,135.0,8.42,12.3,19.0,48.25,15.4,22.15,75.6,29.5,331.5,85.7,9.71,47.6,50.7,95.2,87.2,32.2,84.6,244.5,8.35,13.0,96.1,171.5,76.6,28.35,107.5,520.0,280.5,12.4,135.5,67.8,16.7,50.2,10.15,15.6,14.6,,219.5,18.95,29.45,10.7,28.75,9.42,11.0,17.9,18.75,45.05,47.75,9.65,19.15,16.45,25.3,15.85,9.44,14.05,20.2,19.3,239.5,79.4,2420.0,36.45,153.5,57.9,90.9,134.5,29.6,99.2,91.2,14.6,35.75,268.0,17.9,42.4,26.6,67.6,45.7,59.9,,98.2,182.0,40.9,75.0,17.15,12.0,139.5,53.9,83.2,78.1,226.0,204.0,272.5,,,74.4,,,34.3,82.5,213.0,78.6,236.0,51.1,40.65,82.4,56.9
45.8,41.15,56.9,82.2,77.0,71.0,12.05,39.75,71.3,32.8,32.75,340.0,158.5,34.05,50.0,274.5,11.3,25.25,32.15,59.4,195.0,73.2,25.05,15.8,25.1,40.5,343.5,425.5,42.7,77.6,64.1,49.1,29.95,378.5,389.0,402.0,53.7,15.75,208.0,39.55,19.75,106.5,26.05,51.0,21.45,135.5,8.43,12.3,19.0,48.25,15.35,22.15,75.7,29.45,332.0,85.7,9.71,47.6,50.8,95.2,87.3,32.2,84.6,244.0,8.35,12.95,96.1,171.5,76.6,28.35,108.0,520.0,280.5,12.4,135.5,67.9,16.7,50.2,10.2,15.6,14.6,,219.5,18.95,29.45,10.7,28.8,9.41,11.05,17.9,18.8,45.05,47.8,9.65,19.1,16.45,25.3,15.85,9.44,14.0,20.25,19.25,239.5,79.3,2420.0,36.4,153.5,57.9,90.9,134.5,29.6,99.1,91.2,14.6,35.95,267.5,17.9,42.4,26.6,67.5,45.65,59.9,,98.2,182.5,40.85,75.0,17.15,12.0,139.0,53.9,83.1,78.1,227.0,204.0,272.5,,,74.4,,,34.3,82.4,213.0,78.6,236.0,51.1,40.65,82.4,56.9
45.85,41.15,56.8,82.2,77.0,71.0,12.05,39.8,71.3,32.8,32.75,340.0,158.5,34.05,50.0,275.0,11.35,25.25,32.15,59.4,195.0,73.2,25.05,15.8,25.05,40.5,343.5,425.5,42.7,77.6,64.1,49.05,30.0,378.5,389.0,402.0,53.7,15.75,208.0,39.55,19.75,106.0,26.05,51.0,21.4,135.5,8.42,12.3,19.05,48.25,15.35,22.2,75.6,29.45,332.0,85.8,9.7,47.6,50.9,95.2,87.2,32.2,84.6,244.0,8.35,12.95,96.1,171.5,76.6,28.3,108.0,519.0,280.5,12.4,135.0,67.9,16.7,50.2,10.2,15.6,14.6,,219.5,19.0,29.45,10.65,28.75,9.41,11.05,17.85,18.8,45.05,47.8,9.65,19.1,16.45,25.3,15.85,9.44,14.0,20.2,19.3,239.5,79.2,2420.0,36.35,153.5,57.9,90.9,134.5,29.6,99.2,91.2,14.6,36.0,267.5,17.9,42.4,26.6,67.5,45.7,59.8,,98.3,182.5,40.85,74.9,17.15,12.0,139.5,53.9,83.2,78.0,227.0,204.0,272.5,,,74.4,,,34.3,82.4,212.5,78.6,236.0,51.1,40.6,82.4,57.0
45.85,41.2,56.9,82.2,77.0,71.0,12.05,39.8,71.3,32.85,32.75,340.0,158.5,34.05,50.0,274.5,11.35,25.2,32.15,59.4,195.0,73.2,25.05,15.75,25.05,40.5,343.5,425.5,42.7,77.6,64.1,49.1,30.0,378.5,388.5,401.0,53.7,15.7,208.0,39.5,19.8,106.5,26.1,51.1,21.35,135.0,8.42,12.3,19.0,48.3,15.35,22.2,75.7,29.45,332.5,85.8,9.71,47.65,50.9,95.2,87.3,32.25,84.7,244.0,8.35,12.95,96.1,171.5,76.7,28.35,107.5,519.0,281.0,12.35,135.5,67.8,16.7,50.2,10.2,15.65,14.6,,219.5,18.95,29.45,10.7,28.75,9.41,11.0,17.85,18.8,45.05,47.8,9.65,19.1,16.45,25.3,15.85,9.44,14.0,20.25,19.3,239.0,79.1,2420.0,36.4,153.5,57.9,90.8,134.0,29.65,99.2,91.2,14.6,36.0,267.5,17.9,42.4,26.55,67.5,45.65,59.8,,98.2,182.5,40.85,75.0,17.15,12.0,139.0,54.0,83.1,78.1,227.0,204.0,272.0,,,74.5,,,34.3,82.6,213.0,78.6,236.0,51.0,40.6,82.4,56.9
45.85,41.15,56.8,82.2,77.0,71.0,12.05,39.65,71.3,32.85,32.75,340.0,158.0,34.0,50.0,274.5,11.35,25.2,32.15,59.4,195.0,73.2,25.1,15.75,25.05,40.5,343.5,425.5,42.7,77.6,64.2,49.15,30.0,378.5,388.5,402.0,53.7,15.75,208.0,39.5,19.75,106.0,26.05,51.0,21.4,135.5,8.41,12.3,19.05,48.25,15.3,22.2,75.6,29.45,333.0,85.7,9.71,47.65,51.0,95.2,87.2,32.25,84.6,244.0,8.35,12.95,96.1,171.5,76.6,28.35,107.5,519.0,281.0,12.35,135.5,67.8,16.7,50.2,10.15,15.6,14.6,,219.5,19.0,29.45,10.7,28.75,9.42,11.05,17.85,18.75,45.05,47.8,9.65,19.1,16.45,25.3,15.8,9.45,14.0,20.2,19.3,239.0,79.1,2420.0,36.35,153.5,57.9,90.9,134.0,29.65,99.2,91.2,14.6,36.0,267.5,17.95,42.4,26.55,67.5,45.6,59.8,,98.2,182.5,40.85,74.9,17.15,12.0,139.5,54.0,83.2,78.0,227.0,204.0,272.5,,,74.5,,,34.3,82.6,213.0,78.6,236.5,51.0,40.55,82.5,57.0
45.9,41.15,56.9,82.2,77.0,71.0,12.0,39.65,71.4,32.85,32.75,340.0,158.0,34.0,50.1,274.5,11.35,25.2,32.15,59.4,195.5,73.2,25.05,15.75,25.05,40.5,344.0,424.0,42.7,77.7,64.3,49.15,30.0,378.5,388.5,402.0,53.7,15.75,208.0,39.5,19.75,106.0,26.05,51.0,21.35,135.0,8.41,12.25,19.05,48.25,15.25,22.2,75.6,29.5,333.0,85.8,9.7,47.6,51.0,95.2,87.3,32.25,84.6,244.0,8.35,12.95,96.2,171.5,76.6,28.3,107.5,519.0,280.5,12.35,135.0,67.9,16.7,50.2,10.2,15.6,14.6,,219.5,18.95,29.45,10.7,28.8,9.42,11.05,17.85,18.75,45.1,47.8,9.65,19.1,16.4,25.25,15.85,9.44,14.0,20.2,19.3,239.0,79.2,2420.0,36.4,153.5,57.8,90.8,134.0,29.6,99.5,91.2,14.6,36.0,267.0,17.9,42.4,26.55,67.6,45.6,59.8,,98.3,182.5,40.85,74.9,17.15,12.0,139.5,54.0,83.2,78.0,227.0,204.0,275.0,,,74.5,,,34.3,82.7,213.0,78.6,236.5,51.0,40.55,82.5,57.0
45.85,41.15,56.9,82.2,77.0,70.9,12.0,39.65,71.3,32.85,32.75,340.0,158.0,34.0,50.1,274.0,11.35,25.2,32.15,59.4,195.5,73.2,25.05,15.8,25.05,40.5,344.0,424.0,42.7,77.6,64.2,49.15,30.0,378.5,388.5,402.0,53.6,15.75,208.0,39.5,19.7,106.5,26.05,50.9,21.35,135.5,8.4,12.3,19.0,48.25,15.2,22.15,75.6,29.45,333.5,85.7,9.71,47.6,51.1,95.2,87.3,32.25,84.6,244.0,8.35,12.95,96.1,171.5,76.6,28.35,107.5,518.0,281.0,12.35,135.5,67.9,16.7,50.2,10.15,15.6,14.6,,219.5,18.95,29.45,10.7,28.75,9.42,11.05,17.85,18.75,45.05,47.75,9.65,19.15,16.45,25.3,15.85,9.44,14.0,20.2,19.3,239.0,79.2,2420.0,36.4,153.5,57.8,90.9,134.0,29.65,99.5,91.2,14.6,36.0,266.5,17.95,42.4,26.5,67.5,45.65,59.8,,98.3,182.5,40.85,75.0,17.15,12.0,139.0,54.0,83.2,78.0,227.0,204.0,275.0,,,74.5,,,34.3,82.7,213.0,78.6,236.5,51.0,40.55,82.5,57.0
45.9,41.15,56.9,82.2,77.0,71.0,12.0,39.7,71.3,32.85,32.75,340.0,158.0,34.0,50.1,274.0,11.35,25.2,32.2,59.4,195.5,73.2,25.0,15.8,25.05,40.5,344.5,423.5,42.7,77.6,64.2,49.15,29.95,378.5,388.5,402.0,53.6,15.75,207.5,39.55,19.7,106.5,26.0,50.9,21.35,135.5,8.4,12.3,19.0,48.25,15.25,22.2,75.5,29.5,332.5,85.7,9.71,47.6,51.2,95.2,87.2,32.25,84.6,244.0,8.35,12.95,96.1,171.5,76.6,28.35,108.0,519.0,281.0,12.35,135.5,67.9,16.7,50.2,10.2,15.6,14.6,,219.5,19.0,29.5,10.7,28.75,9.42,11.05,17.85,18.8,45.05,47.8,9.65,19.15,16.45,25.3,15.85,9.44,14.0,20.25,19.3,239.0,79.2,2420.0,36.4,154.0,57.9,90.8,134.5,29.65,99.5,91.2,14.6,36.0,266.5,17.9,42.4,26.5,67.6,45.7,59.8,,98.3,182.5,40.85,74.9,17.15,12.0,139.0,54.0,83.2,78.0,227.0,204.0,275.0,,,74.5,,,34.3,82.6,213.0,78.6,236.5,51.0,40.6,82.5,57.1
45.9,41.15,56.9,82.2,77.0,71.0,12.05,39.7,71.4,32.85,32.75,340.0,158.0,34.0,50.1,274.0,11.35,25.2,32.2,59.5,195.5,73.2,25.0,15.8,25.1,40.5,345.0,423.5,42.7,77.6,64.2,49.15,29.95,378.5,388.5,402.0,53.6,15.75,207.5,39.55,19.7,106.5,26.0,51.0,21.35,135.5,8.4,12.3,18.95,48.25,15.25,22.2,75.5,29.45,332.5,85.7,9.71,47.65,51.1,95.3,87.2,32.3,84.6,244.0,8.35,12.95,96.2,171.5,76.6,28.4,108.0,518.0,280.5,12.35,135.5,67.9,16.7,50.2,10.15,15.6,14.55,,220.0,18.95,29.5,10.65,28.75,9.42,11.0,17.85,18.8,45.05,47.8,9.65,19.15,16.45,25.3,15.85,9.45,13.95,20.25,19.3,238.5,79.2,2420.0,36.4,154.0,57.9,90.8,134.5,29.6,99.5,91.2,14.6,36.0,266.5,17.9,42.4,26.5,67.6,45.7,59.8,,98.3,182.5,40.85,75.0,17.15,12.0,139.0,53.9,83.3,78.0,227.0,204.0,275.0,,,74.5,,,34.3,82.6,213.5,78.6,236.5,51.0,40.6,82.6,57.1
45.85,41.15,56.9,82.2,77.0,71.0,12.05,39.7,71.4,32.85,32.75,340.0,158.0,34.05,50.1,274.0,11.35,25.25,32.2,59.5,195.5,73.2,25.0,15.8,25.05,40.5,344.0,422.5,42.7,77.6,64.2,49.05,29.95,378.5,388.5,402.0,53.7,15.75,207.5,39.55,19.7,106.5,26.0,51.0,21.3,135.0,8.4,12.25,18.95,48.3,15.25,22.2,75.5,29.5,332.0,85.8,9.71,47.6,51.1,95.3,87.2,32.3,84.6,244.0,8.35,12.9,96.1,171.5,76.6,28.4,108.0,519.0,281.0,12.35,135.0,67.9,16.65,50.2,10.15,15.6,14.6,,220.0,18.95,29.5,10.65,28.8,9.42,11.0,17.85,18.75,45.05,47.8,9.66,19.15,16.45,25.3,15.8,9.44,13.95,20.25,19.3,238.5,79.1,2420.0,36.35,154.0,57.8,90.8,134.5,29.65,99.6,91.2,14.6,36.0,266.5,17.9,42.4,26.4,67.6,45.65,59.7,,98.3,182.5,40.85,74.9,17.15,12.0,139.5,53.9,83.2,78.0,227.0,204.0,275.0,,,74.5,,,34.3,82.6,213.5,78.6,236.5,51.1,40.6,82.7,57.1
45.85,41.2,56.9,82.2,77.0,71.0,12.0,39.7,71.4,32.85,32.75,339.5,158.0,34.0,50.0,274.0,11.4,25.25,32.2,59.5,195.5,73.1,25.0,15.8,25.1,40.5,344.0,422.5,42.65,77.7,64.3,49.05,29.95,378.5,388.5,402.0,53.6,15.75,208.0,39.55,19.7,106.5,26.0,51.0,21.25,135.5,8.4,12.25,18.95,48.25,15.3,22.15,75.5,29.45,331.5,85.7,9.71,47.6,51.0,95.3,87.1,32.35,84.6,244.0,8.35,12.95,96.1,171.5,76.7,28.4,107.5,518.0,281.5,12.35,135.5,67.9,16.65,50.2,10.25,15.6,14.55,,220.0,18.95,29.5,10.7,28.75,9.42,11.0,17.85,18.75,45.05,47.8,9.66,19.2,16.4,25.3,15.85,9.45,13.95,20.25,19.3,238.5,79.1,2420.0,36.35,154.0,57.8,90.8,134.0,29.65,99.6,91.2,14.6,36.0,266.5,17.9,42.4,26.4,67.5,45.65,59.7,,98.3,182.5,40.85,74.9,17.15,11.95,139.0,53.9,83.2,78.1,227.0,204.0,275.0,,,74.5,,,34.3,82.6,213.5,78.6,236.5,51.1,40.55,82.7,57.0
45.85,41.2,56.9,82.2,77.0,71.1,12.05,39.7,71.5,32.85,32.75,339.5,158.0,34.0,50.0,274.0,11.35,25.25,32.2,59.5,195.5,73.1,25.0,15.8,25.05,40.5,344.0,422.5,42.65,77.8,64.2,49.1,29.95,378.5,388.5,401.0,53.7,15.75,207.5,39.55,19.7,106.0,26.0,51.0,21.25,135.5,8.4,12.2,19.0,48.25,15.25,22.2,75.5,29.45,331.0,85.7,9.71,47.6,51.0,95.3,87.1,32.35,84.5,244.5,8.35,12.95,96.1,171.5,76.6,28.35,108.0,518.0,281.5,12.35,135.5,67.9,16.65,50.2,10.15,15.6,14.6,,220.0,18.95,29.5,10.7,28.8,9.42,11.0,17.85,18.75,44.95,47.8,9.66,19.15,16.4,25.3,15.85,9.44,13.95,20.25,19.3,239.0,79.1,2420.0,36.4,154.0,57.8,90.8,134.0,29.65,99.6,91.2,14.6,36.0,267.0,17.9,42.4,26.4,67.6,45.65,59.7,,98.3,182.5,40.85,75.0,17.15,12.0,139.0,53.9,83.2,78.2,227.0,204.0,275.5,,,74.6,,,34.3,82.7,213.5,78.6,236.5,51.1,40.55,82.7,57.0
45.8,41.15,56.9,82.2,77.1,71.1,12.05,39.75,71.4,32.85,32.75,339.5,158.0,34.0,50.0,274.0,11.3,25.25,32.2,59.5,195.5,73.1,25.0,15.8,25.05,40.5,344.0,422.5,42.65,77.8,64.3,49.05,29.95,378.5,388.5,402.0,53.7,15.75,207.5,39.5,19.7,106.5,25.9,51.0,21.25,135.5,8.4,12.2,18.95,48.25,15.25,22.2,75.5,29.45,331.5,85.7,9.71,47.6,51.0,95.3,87.1,32.2,84.5,244.0,8.35,12.95,96.1,171.5,76.5,28.35,108.0,519.0,281.5,12.35,135.5,67.9,16.7,50.2,10.25,15.6,14.6,,220.0,18.95,29.5,10.7,28.75,9.41,11.0,17.85,18.75,44.9,47.8,9.66,19.15,16.45,25.3,15.85,9.44,14.0,20.25,19.3,239.0,79.0,2415.0,36.45,154.0,57.8,90.8,134.5,29.6,99.2,91.2,14.6,36.0,266.5,17.9,42.4,26.4,67.6,45.65,59.7,,98.3,182.5,40.85,75.0,17.15,12.0,139.0,53.9,83.2,78.3,227.0,205.0,275.5,,,74.6,,,34.35,82.7,213.5,78.6,237.0,51.1,40.55,82.7,56.9
45.85,41.2,56.9,82.2,77.1,71.0,12.05,39.75,71.4,32.85,32.75,340.0,158.0,34.0,50.0,274.0,11.35,25.25,32.2,59.5,195.5,73.1,25.0,15.8,25.05,40.5,344.5,422.5,42.7,77.9,64.3,49.1,29.95,378.5,388.5,401.0,53.7,15.7,207.5,39.55,19.7,106.5,25.95,51.0,21.25,135.0,8.4,12.2,19.0,48.25,15.25,22.2,75.5,29.5,331.5,85.8,9.71,47.6,51.0,95.3,87.1,32.35,84.6,244.0,8.35,12.95,96.1,171.5,76.5,28.35,108.0,518.0,281.0,12.4,135.0,68.0,16.7,50.2,10.2,15.6,14.6,,220.0,18.95,29.5,10.7,28.75,9.42,11.0,17.85,18.8,44.95,47.8,9.65,19.1,16.45,25.3,15.85,9.44,13.95,20.25,19.3,239.0,79.0,2415.0,36.4,154.0,57.8,90.9,134.0,29.65,99.2,91.3,14.6,36.0,266.0,17.95,42.4,26.5,67.6,45.65,59.7,,98.2,182.5,40.85,74.9,17.15,12.0,139.0,53.8,83.1,78.4,227.0,205.0,277.0,,,74.6,,,34.3,82.7,213.0,78.6,237.0,51.1,40.55,82.8,57.0
45.8,41.1,56.9,82.3,77.0,71.0,12.0,39.75,71.4,32.85,32.75,340.0,158.0,34.0,50.0,273.5,11.35,25.3,32.2,59.5,195.0,73.1,25.05,15.75,25.0,40.5,344.5,423.0,42.7,77.9,64.4,49.05,30.0,378.5,388.5,401.0,53.7,15.7,208.0,39.5,19.65,106.0,25.95,51.0,21.25,135.0,8.41,12.2,19.0,48.25,15.2,22.2,75.6,29.45,331.5,85.8,9.7,47.55,51.0,95.3,87.2,32.35,84.6,244.0,8.35,13.0,96.2,171.5,76.6,28.35,108.0,519.0,281.0,12.35,135.5,67.9,16.75,50.2,10.25,15.6,14.6,,220.0,18.95,29.5,10.7,28.8,9.41,11.0,17.85,18.8,44.9,47.8,9.65,19.1,16.45,25.3,15.8,9.44,14.0,20.3,19.3,239.0,79.0,2420.0,36.4,154.0,57.7,90.9,134.5,29.6,99.0,91.3,14.55,36.0,266.0,17.9,42.4,26.5,67.6,45.65,59.7,,98.4,182.5,40.85,74.9,17.2,12.0,139.0,53.8,83.2,78.4,227.0,206.0,278.5,,,74.5,,,34.35,82.7,213.0,78.6,237.0,51.1,40.55,82.8,57.0
45.85,41.1,57.0,82.2,77.0,71.0,12.0,39.75,71.4,32.85,32.75,340.0,158.0,34.05,50.0,274.0,11.3,25.3,32.15,59.5,195.0,73.1,25.05,15.75,25.05,40.5,344.5,423.0,42.75,77.8,64.5,49.05,30.0,378.5,388.5,401.0,53.7,15.75,207.5,39.5,19.65,106.5,25.95,51.0,21.2,135.0,8.4,12.25,19.0,48.25,15.25,22.25,75.6,29.5,331.5,85.8,9.7,47.55,51.0,95.4,87.2,32.35,84.6,243.5,8.35,13.0,96.1,171.5,76.5,28.3,108.0,520.0,281.0,12.35,135.0,67.9,16.75,50.3,10.25,15.65,14.6,,220.0,18.95,29.5,10.7,28.75,9.42,11.0,17.85,18.8,44.95,47.8,9.66,19.1,16.45,25.25,15.85,9.43,13.95,20.3,19.35,239.0,78.9,2420.0,36.4,154.0,57.8,90.9,134.5,29.6,99.0,91.3,14.55,36.0,266.0,17.9,42.4,26.45,67.6,45.65,59.7,,98.4,182.5,40.85,75.0,17.2,11.95,139.0,53.8,83.1,78.6,227.0,207.0,278.5,,,74.6,,,34.35,82.6,213.0,78.6,237.0,51.2,40.5,82.8,57.0
45.8,41.1,57.0,82.1,77.0,71.0,12.0,39.75,71.4,32.85,32.75,340.0,158.0,34.05,50.0,274.0,11.3,25.3,32.15,59.5,195.0,73.0,25.05,15.75,25.05,40.5,344.0,423.0,42.75,77.9,64.4,49.05,30.0,378.5,388.5,401.0,53.8,15.75,207.5,39.55,19.7,106.5,25.95,51.0,21.2,135.5,8.41,12.2,19.0,48.25,15.25,22.25,75.6,29.45,331.5,85.8,9.7,47.55,51.0,95.4,87.1,32.2,84.5,243.5,8.35,12.95,96.1,171.5,76.5,28.35,108.0,519.0,281.0,12.4,135.0,67.9,16.8,50.3,10.25,15.65,14.6,,220.0,18.95,29.5,10.7,28.75,9.41,11.0,17.85,18.75,44.9,47.8,9.66,19.15,16.45,25.3,15.85,9.43,14.0,20.3,19.3,239.0,79.0,2420.0,36.35,154.0,57.7,90.9,134.0,29.65,99.0,91.3,14.5,36.0,266.5,17.9,42.4,26.5,67.6,45.6,59.7,,98.4,182.0,40.85,74.9,17.15,12.0,139.0,53.8,83.2,78.6,227.0,207.0,275.5,,,74.5,,,34.4,82.6,213.0,78.6,237.0,51.2,40.55,82.8,57.0
45.85,41.1,57.0,82.1,77.0,71.0,12.0,39.8,71.4,32.85,32.75,340.0,158.0,34.05,50.1,274.0,11.35,25.3,32.15,59.5,195.0,73.0,25.0,15.75,25.05,40.5,345.0,423.0,42.75,77.9,64.5,49.05,29.95,378.5,388.5,401.0,53.9,15.75,207.5,39.5,19.7,106.5,25.95,51.0,21.2,135.5,8.4,12.2,19.0,48.25,15.2,22.25,75.5,29.5,331.5,85.8,9.7,47.55,51.0,95.5,87.1,32.2,84.5,243.5,8.35,12.95,96.1,171.0,76.5,28.35,108.0,519.0,281.0,12.35,135.5,67.8,16.8,50.2,10.2,15.65,14.6,,220.0,19.0,29.55,10.7,28.75,9.41,11.0,17.85,18.75,44.95,47.75,9.65,19.1,16.45,25.3,15.85,9.44,13.95,20.25,19.35,239.0,78.9,2420.0,36.35,154.0,57.8,90.9,134.5,29.65,99.0,91.4,14.5,36.0,266.5,17.9,42.35,26.45,67.6,45.6,59.7,,98.4,182.5,40.85,74.9,17.15,11.95,139.0,53.9,83.2,78.6,227.0,208.0,275.5,,,74.6,,,34.4,82.6,213.0,78.6,237.0,51.1,40.55,82.8,57.0
45.85,41.1,56.9,82.1,77.0,71.0,12.0,39.8,71.4,32.85,32.75,340.0,158.0,34.05,50.0,274.0,11.35,25.3,32.15,59.5,195.0,73.0,25.05,15.75,25.05,40.5,345.5,422.5,42.75,77.8,64.5,49.0,29.95,378.5,388.5,401.0,54.0,15.8,207.5,39.55,19.7,106.5,25.95,51.0,21.2,135.5,8.4,12.2,19.05,48.25,15.2,22.25,75.5,29.45,332.0,85.9,9.7,47.55,50.9,95.5,87.2,32.35,84.5,243.5,8.35,12.95,96.1,171.5,76.5,28.35,108.0,520.0,281.0,12.3,135.5,67.8,16.8,50.2,10.2,15.65,14.6,,220.0,18.95,29.55,10.65,28.75,9.41,11.0,17.85,18.75,45.0,47.8,9.66,19.15,16.45,25.3,15.8,9.44,14.0,20.25,19.3,239.5,79.0,2420.0,36.3,154.0,57.7,90.8,134.0,29.65,99.0,91.4,14.5,36.0,266.5,17.9,42.4,26.45,67.6,45.6,59.6,,98.4,182.5,40.85,74.9,17.15,11.95,139.0,53.8,83.2,78.5,227.0,207.5,275.5,,,74.6,,,34.35,82.6,213.0,78.6,237.0,51.1,40.55,82.9,57.0
45.85,41.1,56.9,82.1,77.0,71.0,12.0,39.8,71.4,32.85,32.8,340.0,158.0,34.05,50.0,274.0,11.35,25.3,32.15,59.5,195.0,73.0,25.0,15.8,25.05,40.5,346.0,422.5,42.75,78.0,64.6,49.0,29.95,378.5,388.5,400.5,54.0,15.8,207.5,39.55,19.7,106.5,26.0,51.0,21.2,135.5,8.39,12.25,19.1,48.25,15.15,22.25,75.5,29.5,331.5,85.9,9.7,47.55,50.8,95.5,87.2,32.35,84.6,243.5,8.35,12.9,96.1,171.5,76.5,28.35,108.0,519.0,281.0,12.3,135.5,67.9,16.8,50.2,10.15,15.65,14.6,,220.0,18.95,29.55,10.65,28.8,9.42,11.0,17.85,18.75,45.0,47.8,9.66,19.1,16.45,25.3,15.85,9.44,13.95,20.25,19.35,239.5,79.1,2420.0,36.3,154.0,57.8,90.7,134.5,29.65,99.0,91.4,14.5,36.0,266.5,17.9,42.4,26.45,67.6,45.55,59.7,,98.3,182.5,40.85,74.9,17.15,11.95,139.0,53.8,83.2,78.5,227.0,207.0,275.5,,,74.6,,,34.35,82.6,213.0,78.6,237.0,51.2,40.6,82.9,57.0
45.85,41.15,56.9,82.1,77.0,71.0,12.0,39.8,71.4,32.8,32.8,340.0,158.0,34.0,49.95,275.0,11.35,25.25,32.15,59.5,195.0,73.0,25.0,15.8,25.05,40.5,346.5,422.5,42.75,77.9,64.8,49.0,29.95,378.5,388.5,400.5,54.3,15.75,208.0,39.55,19.7,106.5,25.95,51.1,21.2,135.5,8.4,12.2,19.05,48.3,15.15,22.2,75.5,29.45,332.0,86.0,9.7,47.55,50.9,95.5,87.2,32.2,84.5,243.5,8.35,12.9,96.1,171.5,76.5,28.35,108.0,519.0,281.0,12.3,135.5,67.9,16.85,50.2,10.15,15.65,14.55,,220.0,18.95,29.55,10.65,28.8,9.42,11.0,17.85,18.75,45.0,47.8,9.66,19.1,16.45,25.25,15.85,9.43,14.0,20.25,19.35,239.5,79.1,2420.0,36.3,154.0,57.8,90.8,134.0,29.65,99.0,91.4,14.5,36.05,266.5,17.9,42.35,26.45,67.6,45.6,59.8,,98.3,182.5,40.85,74.9,17.15,12.0,138.5,53.9,83.2,78.4,227.0,207.0,275.5,,,74.6,,,34.35,82.6,213.0,78.6,237.0,51.2,40.6,82.9,57.0
45.85,41.15,56.9,82.1,77.0,71.0,12.0,39.75,71.4,32.85,32.8,340.0,158.0,34.05,49.95,274.5,11.35,25.25,32.15,59.5,195.0,73.0,25.05,15.8,25.05,40.5,347.0,422.5,42.75,77.9,64.7,49.0,29.95,378.5,388.5,400.5,54.2,15.75,207.5,39.55,19.75,106.5,26.0,51.1,21.2,135.5,8.39,12.2,19.05,48.25,15.2,22.25,75.6,29.45,331.0,85.9,9.7,47.5,50.9,95.4,87.2,32.2,84.5,243.5,8.35,12.95,96.1,171.5,76.5,28.35,108.0,519.0,281.0,12.3,135.0,67.9,16.85,50.2,10.25,15.6,14.55,,220.0,18.95,29.55,10.65,28.8,9.41,11.0,17.85,18.75,45.0,47.8,9.66,19.1,16.45,25.3,15.85,9.44,13.95,20.3,19.35,239.5,79.1,2420.0,36.35,154.0,57.8,90.8,134.0,29.65,99.1,91.4,14.55,36.05,267.0,17.9,42.4,26.5,67.6,45.6,59.8,,98.4,182.5,40.85,74.9,17.2,11.95,138.5,53.9,83.3,78.4,227.0,206.0,276.0,,,74.6,,,34.35,82.6,213.5,78.6,237.0,51.3,40.6,83.0,57.0
45.8,41.1,56.9,82.1,77.0,71.0,12.05,39.75,71.4,32.85,32.8,340.0,158.0,34.0,50.0,275.0,11.35,25.3,32.15,59.5,195.0,73.0,25.0,15.8,25.1,40.5,346.5,422.5,42.75,77.9,64.8,49.0,29.95,378.5,388.5,400.0,54.2,15.8,207.5,39.5,19.7,106.0,25.95,51.1,21.2,135.5,8.39,12.25,19.0,48.25,15.15,22.2,75.6,29.45,331.0,86.0,9.7,47.5,51.0,95.4,87.1,32.2,84.6,243.5,8.35,12.95,96.1,171.5,76.5,28.35,107.5,519.0,281.0,12.3,135.5,67.9,16.85,50.3,10.25,15.6,14.6,,220.0,18.95,29.55,10.65,28.8,9.42,11.0,17.85,18.75,45.05,47.8,9.65,19.15,16.45,25.25,15.85,9.44,13.95,20.25,19.3,239.5,79.1,2415.0,36.35,154.0,57.8,90.8,134.5,29.65,99.1,91.4,14.6,36.0,267.0,17.9,42.4,26.5,67.6,45.55,59.8,,98.3,182.5,40.8,74.8,17.2,11.95,138.5,53.9,83.2,78.4,227.0,206.0,276.0,,,74.6,,,34.35,82.6,213.0,78.6,236.5,51.3,40.55,83.1,57.0
45.85,41.1,56.8,82.1,77.0,71.0,12.05,39.75,71.4,32.85,32.8,340.0,158.0,34.05,49.95,274.5,11.35,25.3,32.15,59.5,195.0,73.0,25.0,15.75,25.05,40.5,347.5,423.0,42.75,77.9,64.8,49.05,29.95,378.5,388.5,400.0,54.2,15.75,207.5,39.55,19.7,106.5,25.95,51.1,21.2,135.5,8.39,12.25,19.0,48.25,15.2,22.25,75.6,29.5,331.0,86.0,9.7,47.5,51.0,95.5,87.2,32.2,84.6,243.5,8.35,12.95,96.1,171.5,76.6,28.35,108.0,519.0,281.5,12.3,135.5,67.9,16.85,50.3,10.25,15.6,14.6,,220.0,18.95,29.5,10.7,28.8,9.42,11.0,17.9,18.75,45.05,47.8,9.66,19.1,16.4,25.25,15.85,9.44,13.95,20.3,19.3,239.5,79.1,2420.0,36.35,154.0,57.8,90.8,134.0,29.65,99.1,91.4,14.6,36.0,267.0,17.9,42.4,26.5,67.6,45.6,59.8,,98.3,182.0,40.8,74.8,17.2,11.95,138.5,53.9,83.2,78.4,227.0,206.5,276.0,,,74.6,,,34.35,82.6,213.5,78.6,236.5,51.3,40.55,83.1,57.0
45.8,41.15,56.9,82.1,77.0,71.0,12.05,39.75,71.4,32.85,32.8,340.0,158.0,34.0,49.95,275.0,11.3,25.25,32.15,59.5,195.0,73.0,25.0,15.75,25.0,40.5,348.0,423.0,42.7,77.9,64.8,49.05,29.95,378.5,389.0,400.0,54.3,15.8,207.5,39.55,19.7,106.0,26.0,51.0,21.2,135.0,8.39,12.25,19.0,48.25,15.15,22.2,75.6,29.5,330.5,85.9,9.7,47.5,50.9,95.4,87.0,32.3,84.6,243.5,8.35,12.95,96.1,171.0,76.6,28.35,108.0,519.0,281.5,12.3,135.5,67.8,16.85,50.3,10.25,15.65,14.6,,220.0,18.95,29.5,10.7,28.85,9.42,11.0,17.9,18.8,45.0,47.75,9.65,19.15,16.4,25.3,15.85,9.43,14.0,20.3,19.35,239.0,79.1,2420.0,36.35,154.0,57.8,90.8,134.5,29.65,99.1,91.4,14.6,36.0,267.0,17.9,42.4,26.5,67.6,45.55,59.7,,98.3,182.5,40.8,74.8,17.2,11.95,138.5,53.9,83.2,78.4,227.0,207.0,277.5,,,74.5,,,34.35,82.6,213.5,78.6,236.5,51.3,40.55,83.1,57.0
45.85,41.15,56.9,82.1,77.0,71.0,12.05,39.75,71.4,32.85,32.8,340.0,158.0,34.05,49.9,275.0,11.3,25.3,32.15,59.5,195.0,73.0,25.0,15.75,25.05,40.5,349.0,422.5,42.7,77.8,64.7,49.0,30.0,378.5,389.0,400.0,54.3,15.8,207.5,39.55,19.7,106.5,26.0,51.0,21.2,135.5,8.4,12.25,19.0,48.25,15.15,22.2,75.6,29.5,330.0,85.9,9.7,47.5,51.0,95.5,86.9,32.2,84.6,243.5,8.35,12.95,96.2,171.0,76.6,28.35,108.0,519.0,281.5,12.3,135.5,67.9,16.8,50.3,10.2,15.65,14.6,,220.0,18.95,29.5,10.7,28.85,9.41,11.0,17.9,18.75,45.0,47.75,9.65,19.15,16.45,25.25,15.9,9.44,13.95,20.25,19.3,239.0,79.1,2420.0,36.35,154.0,57.8,90.7,134.0,29.65,99.1,91.4,14.6,36.0,267.5,17.9,42.4,26.5,67.6,45.55,59.7,,98.4,182.5,40.8,74.9,17.2,11.95,138.5,53.9,83.1,78.3,227.0,208.0,277.5,,,74.6,,,34.3,82.6,214.0,78.6,236.5,51.4,40.55,83.1,57.0
45.8,41.15,56.9,82.1,77.0,71.1,12.05,39.75,71.3,32.85,32.8,340.0,158.0,34.05,49.9,275.0,11.3,25.35,32.1,59.5,195.0,73.0,25.0,15.75,25.05,40.5,348.0,422.5,42.7,77.8,64.8,49.0,29.95,378.5,389.0,400.0,54.3,15.75,208.0,39.5,19.7,106.5,26.0,51.0,21.2,135.0,8.39,12.2,19.0,48.25,15.15,22.15,75.6,29.5,329.5,85.9,9.7,47.45,50.9,95.5,86.9,32.2,84.5,243.5,8.35,12.95,96.1,171.0,76.5,28.35,108.0,519.0,281.5,12.3,135.5,67.9,16.85,50.3,10.2,15.6,14.6,,220.0,18.95,29.5,10.7,28.85,9.42,11.0,17.9,18.75,45.0,47.75,9.65,19.15,16.45,25.3,15.85,9.44,13.95,20.3,19.3,239.0,79.0,2420.0,36.35,154.0,57.8,90.7,134.5,29.65,99.2,91.4,14.6,36.0,267.5,17.9,42.4,26.5,67.6,45.6,59.8,,98.3,182.5,40.8,74.9,17.2,12.0,138.5,53.9,83.2,78.3,227.0,208.0,277.0,,,74.6,,,34.3,82.6,214.5,78.6,236.5,51.4,40.6,83.1,57.0
45.8,41.15,56.9,82.1,77.1,71.0,12.05,39.75,71.3,32.8,32.8,340.0,158.0,34.0,49.9,275.0,11.3,25.35,32.1,59.4,195.0,73.0,25.0,15.75,25.05,40.5,348.5,422.0,42.7,77.8,64.7,49.0,29.95,378.5,389.0,400.0,54.3,15.8,208.0,39.55,19.7,106.5,26.0,51.0,21.15,135.5,8.4,12.2,19.0,48.25,15.15,22.15,75.6,29.5,330.0,85.9,9.71,47.4,50.9,95.5,87.0,32.2,84.5,243.0,8.35,12.95,96.1,171.5,76.5,28.3,108.0,518.0,281.5,12.3,135.5,67.9,16.85,50.3,10.25,15.6,14.6,,220.0,18.95,29.5,10.7,28.85,9.42,11.0,17.9,18.75,45.0,47.75,9.65,19.1,16.4,25.3,15.85,9.43,13.95,20.25,19.3,239.0,79.0,2420.0,36.3,154.0,57.8,90.7,134.5,29.65,99.2,91.4,14.6,36.0,267.5,17.9,42.4,26.5,67.6,45.5,59.7,,98.4,182.5,40.8,74.9,17.15,11.95,138.5,53.9,83.2,78.3,227.0,207.5,278.5,,,74.6,,,34.3,82.6,214.5,78.6,236.5,51.4,40.55,83.1,57.0
45.8,41.15,56.9,82.1,77.1,71.0,12.05,39.75,71.3,32.85,32.8,340.0,158.0,34.05,49.9,275.0,11.35,25.35,32.1,59.4,195.0,73.0,25.0,15.75,25.0,40.5,348.5,422.0,42.75,77.8,64.7,49.05,29.95,378.5,389.0,400.0,54.3,15.75,207.5,39.5,19.65,106.5,25.95,51.0,21.15,135.0,8.39,12.25,19.05,48.25,15.15,22.2,75.6,29.45,329.5,85.9,9.71,47.4,50.9,95.4,87.0,32.3,84.5,243.0,8.35,12.95,96.1,171.5,76.6,28.35,108.0,518.0,281.0,12.3,135.5,67.8,16.85,50.3,10.25,15.6,14.6,,220.0,18.95,29.5,10.7,28.8,9.42,11.0,17.9,18.75,44.95,47.8,9.66,19.15,16.45,25.3,15.85,9.44,14.0,20.25,19.3,239.0,79.0,2420.0,36.3,154.0,57.8,90.7,134.5,29.65,99.1,91.4,14.6,36.0,267.5,17.9,42.4,26.5,67.6,45.5,59.7,,98.4,182.5,40.85,74.8,17.15,11.95,138.5,53.9,83.1,78.4,227.0,207.0,278.0,,,74.6,,,34.3,82.7,214.5,78.6,236.5,51.4,40.55,83.1,57.0
45.85,41.15,56.9,82.1,77.1,71.0,12.0,39.75,71.3,32.85,32.8,340.0,158.0,34.05,49.9,275.0,11.3,25.35,32.1,59.5,195.0,73.0,25.0,15.75,25.0,40.5,348.0,422.0,42.75,77.7,64.7,49.05,29.95,378.5,389.0,400.0,54.3,15.75,207.5,39.55,19.7,106.5,26.0,51.1,21.2,135.5,8.39,12.25,19.0,48.25,15.15,22.2,75.6,29.5,329.5,85.9,9.7,47.4,51.0,95.5,87.0,32.3,84.4,243.0,8.35,12.95,96.1,171.5,76.5,28.3,108.0,518.0,281.5,12.3,135.5,67.9,16.85,50.2,10.25,15.65,14.6,,220.0,18.9,29.5,10.65,28.8,9.41,11.0,17.9,18.75,44.95,47.8,9.65,19.15,16.45,25.3,15.85,9.44,13.95,20.25,19.3,239.0,79.0,2420.0,36.3,154.0,57.8,90.8,134.0,29.65,99.1,91.4,14.65,36.0,267.5,17.95,42.35,26.5,67.6,45.45,59.7,,98.4,182.5,40.8,74.8,17.2,11.95,139.0,53.9,83.1,78.4,227.0,207.0,278.0,,,74.5,,,34.3,82.7,214.5,78.6,236.0,51.4,40.55,83.1,57.0
45.8,41.15,56.8,82.1,77.1,71.0,12.0,39.75,71.4,32.85,32.8,340.0,158.0,34.05,49.9,275.0,11.3,25.35,32.1,59.5,195.0,72.9,25.0,15.75,25.05,40.5,348.0,422.0,42.75,77.8,64.6,49.0,29.95,378.5,389.0,400.0,54.4,15.8,207.5,39.55,19.75,107.0,26.0,50.9,21.15,135.5,8.38,12.25,19.0,48.3,15.15,22.15,75.6,29.5,329.5,85.9,9.7,47.4,51.0,95.5,87.0,32.2,84.4,243.0,8.35,12.95,96.1,171.5,76.5,28.35,108.0,518.0,281.5,12.3,135.5,67.9,16.8,50.2,10.2,15.65,14.6,,220.0,18.9,29.5,10.65,28.85,9.42,11.0,17.9,18.75,45.0,47.75,9.66,19.15,16.45,25.25,15.85,9.44,13.95,20.25,19.3,239.0,79.0,2420.0,36.3,154.0,57.8,90.7,134.5,29.65,99.1,91.2,14.6,36.0,267.5,17.95,42.35,26.5,67.6,45.4,59.8,,98.4,182.5,40.8,74.8,17.2,11.95,138.5,53.8,83.2,78.4,227.0,206.5,278.0,,,74.6,,,34.3,82.7,214.5,78.6,236.0,51.4,40.55,83.0,57.0
45.8,41.15,56.9,82.0,77.1,71.1,12.0,39.75,71.3,32.85,32.8,340.0,158.0,34.05,49.9,275.0,11.35,25.35,32.1,59.5,195.0,72.9,25.05,15.75,25.05,40.5,348.0,422.0,42.75,77.8,64.5,49.0,29.95,378.5,389.0,399.0,54.5,15.75,207.5,39.55,19.75,107.0,26.0,50.9,21.2,135.0,8.39,12.25,19.0,48.3,15.15,22.15,75.6,29.45,329.5,85.9,9.7,47.35,50.9,95.5,87.0,32.2,84.4,243.0,8.35,12.95,96.1,172.0,76.5,28.35,108.0,518.0,282.0,12.3,135.5,67.9,16.8,50.3,10.25,15.65,14.6,,220.0,18.9,29.5,10.65,28.85,9.42,11.0,17.9,18.75,45.0,47.75,9.66,19.15,16.45,25.25,15.85,9.44,14.0,20.25,19.35,239.0,79.0,2420.0,36.35,154.0,57.8,90.7,134.5,29.65,99.2,91.2,14.6,36.0,267.5,17.9,42.35,26.5,67.6,45.2,59.8,,98.4,182.5,40.8,74.8,17.2,11.95,138.5,53.9,83.2,78.4,227.0,206.5,277.0,,,74.6,,,34.3,82.7,214.5,78.6,236.0,51.4,40.6,83.0,57.0
45.8,41.1,56.9,82.0,77.1,71.1,12.0,39.75,71.4,32.85,32.8,340.0,158.0,34.0,49.9,275.0,11.3,25.35,32.15,59.4,195.0,72.9,25.0,15.75,25.05,40.5,348.5,422.0,42.75,77.7,64.5,49.0,29.95,378.5,389.0,400.0,54.6,15.75,207.5,39.55,19.7,106.5,26.05,50.9,21.15,135.0,8.4,12.2,19.0,48.25,15.15,22.15,75.7,29.45,329.0,85.8,9.7,47.35,51.0,95.4,87.0,32.2,84.5,243.0,8.35,13.0,96.1,171.5,76.5,28.3,107.5,519.0,282.0,12.3,135.5,67.9,16.8,50.3,10.25,15.65,14.65,,220.0,18.9,29.5,10.65,28.8,9.42,11.0,17.9,18.75,45.0,47.75,9.66,19.15,16.45,25.3,15.8,9.44,14.0,20.25,19.3,239.5,79.0,2425.0,36.3,154.0,57.8,90.8,134.0,29.6,99.3,91.2,14.6,36.0,267.5,17.9,42.35,26.5,67.5,45.2,59.9,,98.4,182.5,40.8,74.9,17.2,11.95,138.5,53.8,83.2,78.4,227.0,206.5,277.0,,,74.5,,,34.35,82.8,214.5,78.6,236.0,51.4,40.6,83.0,57.0
45.8,41.1,56.8,82.1,77.1,71.0,12.0,39.75,71.3,32.85,32.85,339.5,158.0,34.05,49.9,275.0,11.3,25.35,32.15,59.4,195.0,72.9,25.0,15.75,25.05,40.5,348.5,422.0,42.75,77.6,64.5,48.95,29.95,378.5,389.0,400.0,54.7,15.8,207.5,39.55,19.7,106.5,26.05,50.9,21.15,135.5,8.39,12.25,19.0,48.25,15.15,22.15,75.7,29.5,329.5,85.8,9.7,47.4,51.0,95.5,87.0,32.3,84.4,242.5,8.35,12.95,96.1,171.5,76.6,28.3,107.5,519.0,282.0,12.3,135.5,67.9,16.8,50.2,10.25,15.65,14.65,,220.0,18.9,29.55,10.7,28.85,9.41,11.05,17.9,18.75,45.0,47.8,9.65,19.15,16.4,25.3,15.85,9.44,13.95,20.25,19.3,239.5,79.0,2430.0,36.35,154.0,57.7,90.8,134.5,29.65,99.2,91.1,14.6,36.0,267.5,17.9,42.35,26.5,67.6,45.3,59.9,,98.4,182.5,40.8,74.8,17.15,12.0,138.5,53.8,83.3,78.4,227.0,206.5,277.0,,,74.5,,,34.35,82.9,214.5,78.7,236.0,51.4,40.6,83.0,57.0
45.8,41.1,56.8,82.1,77.1,71.0,12.0,39.75,71.4,32.8,32.85,339.5,158.0,34.05,49.85,275.0,11.3,25.35,32.15,59.5,195.0,72.9,25.05,15.75,25.05,40.5,348.5,422.0,42.75,77.7,64.5,48.95,29.95,378.5,389.0,400.0,54.7,15.75,208.0,39.6,19.75,106.5,26.0,51.0,21.15,135.5,8.4,12.25,19.0,48.25,15.15,22.15,75.7,29.5,329.0,85.8,9.7,47.4,51.0,95.5,87.0,32.3,84.4,242.5,8.35,12.95,96.1,171.5,76.6,28.3,108.0,519.0,281.5,12.3,135.5,67.9,16.8,50.2,10.2,15.65,14.65,,220.0,18.9,29.55,10.7,28.85,9.42,11.0,17.9,18.75,44.95,47.85,9.66,19.15,16.4,25.25,15.85,9.44,14.0,20.25,19.3,239.5,79.0,2430.0,36.35,154.0,57.7,90.8,134.0,29.65,99.2,91.1,14.6,36.0,267.5,17.85,42.4,26.4,67.6,45.35,59.9,,98.4,182.5,40.8,74.8,17.2,12.0,138.5,53.7,83.2,78.5,227.0,206.5,277.0,,,74.6,,,34.4,82.9,214.5,78.7,236.0,51.4,40.55,83.0,57.0
45.8,41.15,56.8,82.2,77.1,71.1,12.0,39.75,71.3,32.8,32.85,339.5,158.0,34.05,49.85,275.0,11.3,25.35,32.15,59.5,195.0,72.9,25.0,15.8,25.05,40.5,348.5,422.0,42.75,77.6,64.5,48.95,29.95,378.5,389.0,400.0,54.7,15.75,207.5,39.6,19.75,106.5,26.05,50.9,21.15,135.5,8.39,12.25,19.0,48.25,15.15,22.1,75.6,29.45,329.5,85.8,9.7,47.4,51.0,95.5,87.0,32.3,84.4,242.5,8.35,12.95,96.1,171.5,76.6,28.35,108.0,518.0,281.5,12.3,135.5,67.8,16.85,50.2,10.2,15.65,14.65,,220.0,18.9,29.55,10.7,28.85,9.42,11.0,17.9,18.75,45.0,47.85,9.66,19.1,16.4,25.25,15.85,9.44,14.0,20.2,19.35,239.5,78.9,2430.0,36.35,154.0,57.7,90.8,134.5,29.65,99.2,91.1,14.6,36.0,267.5,17.85,42.4,26.4,67.5,45.35,59.8,,98.4,182.5,40.8,74.9,17.2,11.95,138.5,53.7,83.2,78.5,227.0,206.0,277.0,,,74.5,,,34.35,83.0,214.5,78.7,236.5,51.4,40.6,83.0,57.0
45.8,41.15,56.9,82.2,77.0,71.0,12.0,39.75,71.3,32.85,32.8,339.0,158.5,34.05,49.9,275.0,11.35,25.35,32.1,59.4,195.0,72.9,25.0,15.75,25.05,40.5,349.0,422.0,42.75,77.7,64.5,48.95,29.95,378.5,389.0,400.0,54.7,15.75,208.0,39.6,19.7,107.0,26.0,51.0,21.15,135.0,8.39,12.2,19.0,48.25,15.2,22.1,75.6,29.45,330.0,85.8,9.7,47.45,51.1,95.5,87.0,32.2,84.3,242.5,8.35,12.95,96.1,171.5,76.6,28.35,108.0,518.0,281.5,12.3,135.5,67.9,16.85,50.2,10.15,15.65,14.65,,220.0,18.9,29.55,10.7,28.85,9.42,11.0,17.9,18.75,45.0,47.85,9.65,19.15,16.4,25.3,15.85,9.43,14.0,20.2,19.3,239.5,78.9,2425.0,36.3,154.0,57.7,90.8,134.0,29.65,99.2,91.0,14.6,36.0,267.5,17.9,42.4,26.4,67.6,45.35,59.8,,98.4,182.5,40.8,74.9,17.2,12.0,138.5,53.8,83.2,78.5,227.0,206.5,277.0,,,74.5,,,34.4,82.9,214.5,78.7,236.5,51.5,40.55,83.0,57.0
45.8,41.15,56.8,82.2,77.1,71.0,12.0,39.75,71.4,32.85,32.8,339.0,158.0,34.05,49.9,275.0,11.35,25.35,32.1,59.5,195.0,72.9,24.95,15.75,25.0,40.5,349.0,422.0,42.75,77.7,64.4,49.0,29.95,378.5,389.0,400.0,54.8,15.8,207.5,39.6,19.7,106.5,26.05,51.0,21.15,135.5,8.38,12.25,19.0,48.25,15.2,22.1,75.6,29.5,330.0,85.8,9.7,47.45,51.1,95.5,87.0,32.2,84.3,242.5,8.35,12.95,96.1,171.5,76.6,28.4,107.5,518.0,281.5,12.3,136.0,67.9,16.85,50.3,10.15,15.65,14.65,,220.5,18.9,29.55,10.7,28.9,9.42,11.0,17.9,18.75,45.0,47.85,9.66,19.15,16.45,25.3,15.85,9.45,13.95,20.2,19.3,239.5,78.9,2425.0,36.3,154.0,57.7,90.8,134.0,29.65,99.4,91.0,14.55,36.0,267.5,17.9,42.4,26.4,67.6,45.35,59.8,,98.4,182.5,40.8,74.9,17.2,11.95,139.0,53.8,83.2,78.5,227.0,206.5,277.0,,,74.6,,,34.35,82.8,214.5,78.7,236.5,51.4,40.55,82.9,57.0
45.8,41.15,56.8,82.2,77.0,71.0,12.0,39.75,71.3,32.85,32.8,339.0,158.0,34.0,49.9,275.0,11.35,25.35,32.1,59.5,195.0,72.9,25.0,15.75,25.05,40.5,349.0,422.0,42.75,77.7,64.4,49.0,29.95,378.5,389.0,400.5,54.8,15.75,208.0,39.6,19.7,106.5,26.05,50.9,21.15,135.0,8.38,12.25,18.95,48.25,15.2,22.1,75.6,29.45,329.5,85.8,9.69,47.4,51.0,95.5,87.0,32.25,84.3,242.5,8.35,13.0,96.1,171.5,76.6,28.35,108.0,518.0,281.5,12.3,135.5,67.9,16.8,50.3,10.15,15.65,14.65,,220.5,18.9,29.55,10.7,28.85,9.41,11.0,17.9,18.8,45.0,47.9,9.65,19.15,16.45,25.25,15.85,9.45,14.0,20.25,19.3,239.5,78.9,2425.0,36.3,154.0,57.7,90.7,134.5,29.65,99.4,91.0,14.55,36.0,267.5,17.9,42.4,26.4,67.6,45.35,59.8,,98.4,182.5,40.8,74.8,17.2,11.95,138.5,53.8,83.2,78.5,227.0,206.5,277.0,,,74.6,,,34.4,83.0,214.5,78.7,236.0,51.4,40.55,82.9,57.1
45.8,41.1,56.8,82.2,77.1,71.0,12.0,39.8,71.3,32.85,32.85,339.5,158.0,34.05,49.85,275.0,11.35,25.35,32.1,59.5,195.0,72.9,25.0,15.75,25.05,40.5,349.0,422.5,42.75,77.7,64.4,49.0,29.95,378.5,389.0,400.5,55.0,15.75,208.0,39.55,19.7,106.5,26.0,51.0,21.2,135.0,8.38,12.2,18.9,48.25,15.25,22.1,75.6,29.5,329.5,85.8,9.69,47.45,51.1,95.6,86.9,32.25,84.3,242.5,8.35,13.0,96.2,171.5,76.5,28.3,108.0,519.0,282.0,12.3,136.0,67.9,16.8,50.3,10.2,15.65,14.65,,220.5,18.9,29.55,10.7,28.85,9.42,11.0,17.9,18.75,45.0,47.9,9.66,19.1,16.45,25.3,15.85,9.45,13.95,20.25,19.3,239.5,79.0,2425.0,36.3,154.0,57.7,90.7,134.0,29.7,99.2,90.9,14.6,36.0,267.5,17.9,42.4,26.4,67.6,45.35,59.8,,98.4,182.5,40.8,74.8,17.2,11.95,139.0,53.8,83.2,78.5,226.5,206.5,277.0,,,74.6,,,34.35,83.0,214.5,78.7,236.0,51.4,40.55,82.9,57.0
45.85,41.15,56.9,82.2,77.1,71.0,12.05,39.8,71.3,32.85,32.85,339.0,158.0,34.05,49.8,274.5,11.3,25.35,32.1,59.5,195.0,72.9,25.0,15.75,25.05,40.5,348.5,422.5,42.75,77.6,64.4,49.0,30.0,378.5,389.0,400.5,54.9,15.75,207.5,39.6,19.7,106.5,26.05,50.9,21.2,135.0,8.38,12.25,18.9,48.25,15.3,22.1,75.6,29.5,329.0,85.8,9.69,47.45,51.0,95.6,87.0,32.15,84.3,242.5,8.35,13.0,96.1,171.5,76.6,28.35,108.0,518.0,282.0,12.3,136.0,67.8,16.8,50.3,10.15,15.65,14.65,,220.5,18.9,29.55,10.7,28.85,9.41,11.05,17.9,18.75,45.05,47.95,9.66,19.15,16.45,25.3,15.85,9.44,14.0,20.25,19.3,239.5,79.0,2425.0,36.3,154.0,57.7,90.7,134.5,29.65,99.2,91.0,14.55,36.0,266.5,17.9,42.4,26.4,67.6,45.4,59.8,,98.5,182.5,40.8,74.8,17.2,12.0,138.5,53.8,83.2,78.5,226.5,206.5,277.0,,,74.5,,,34.35,83.0,215.0,78.6,236.0,51.4,40.55,82.9,57.0
45.8,41.15,56.9,82.2,77.1,71.1,12.05,39.85,71.3,32.85,32.85,339.0,158.0,34.05,49.65,275.0,11.35,25.3,32.1,59.5,195.0,72.9,25.0,15.8,25.05,40.5,348.5,422.0,42.75,77.7,64.4,49.05,29.95,380.0,389.0,400.5,54.9,15.75,208.0,39.55,19.7,106.5,26.05,50.9,21.2,135.0,8.38,12.2,18.85,48.25,15.3,22.1,75.5,29.5,329.0,85.8,9.69,47.45,51.0,95.6,87.0,32.15,84.4,242.5,8.35,13.0,96.1,172.0,76.6,28.4,108.0,518.0,282.0,12.25,136.0,67.9,16.85,50.3,10.15,15.65,14.65,,220.5,18.9,29.55,10.7,28.9,9.42,11.05,17.9,18.8,45.05,48.0,9.66,19.1,16.45,25.3,15.85,9.44,13.95,20.25,19.3,239.5,79.0,2425.0,36.3,154.0,57.7,90.7,134.5,29.7,99.2,90.8,14.55,36.0,266.5,17.9,42.4,26.45,67.6,45.4,59.9,,98.5,182.5,40.8,74.9,17.2,11.95,138.5,53.8,83.2,78.5,226.0,206.5,277.0,,,74.6,,,34.35,83.0,214.5,78.6,236.0,51.4,40.55,83.0,56.9
45.8,41.15,56.9,82.2,77.1,71.0,12.05,39.8,71.4,32.85,32.85,339.0,158.0,34.0,49.7,275.0,11.3,25.3,32.1,59.5,195.0,72.9,25.0,15.8,25.0,40.5,348.5,422.0,42.75,77.6,64.5,49.05,29.95,382.0,389.0,400.5,54.9,15.75,208.0,39.55,19.65,106.5,26.05,50.9,21.2,135.5,8.38,12.25,18.8,48.25,15.3,22.05,75.5,29.5,329.0,85.8,9.7,47.4,51.0,95.6,87.0,32.15,84.4,242.5,8.35,13.0,96.1,172.0,76.5,28.4,108.0,518.0,282.0,12.25,136.0,67.9,16.8,50.3,10.2,15.65,14.6,,220.5,18.9,29.55,10.7,28.9,9.42,11.05,17.9,18.75,45.05,48.0,9.65,19.15,16.45,25.3,15.9,9.44,13.95,20.25,19.3,239.5,78.9,2425.0,36.3,154.0,57.8,90.8,134.0,29.65,99.3,90.8,14.55,36.0,266.5,17.9,42.4,26.45,67.6,45.4,59.9,,98.4,182.5,40.8,74.9,17.2,11.95,138.5,53.7,83.2,78.5,225.5,206.5,277.0,,,74.6,,,34.35,83.0,214.5,78.6,236.0,51.4,40.55,83.0,57.0
45.8,41.15,56.9,82.2,77.1,71.0,12.05,39.8,71.4,32.8,32.85,339.0,158.0,34.0,49.65,275.0,11.35,25.3,32.1,59.5,195.0,72.8,25.0,15.75,25.05,40.5,348.5,422.0,42.75,77.6,64.4,49.05,29.95,382.0,388.5,401.0,54.9,15.75,208.0,39.55,19.65,106.5,26.0,51.0,21.2,135.0,8.37,12.25,18.85,48.2,15.3,22.1,75.5,29.5,329.0,85.8,9.69,47.4,51.1,95.6,86.9,32.15,84.3,242.5,8.35,12.95,96.1,172.0,76.5,28.35,108.0,519.0,282.0,12.25,135.5,68.0,16.8,50.3,10.15,15.65,14.6,,220.5,18.9,29.55,10.7,28.9,9.42,11.05,17.9,18.75,45.1,48.0,9.66,19.1,16.45,25.3,15.85,9.44,14.0,20.25,19.35,239.5,78.9,2425.0,36.3,154.0,57.8,90.7,134.0,29.7,99.3,90.8,14.5,36.0,266.5,17.9,42.4,26.45,67.6,45.4,59.9,,98.4,182.5,40.8,74.9,17.2,11.95,138.5,53.7,83.2,78.5,225.0,206.0,277.0,,,74.7,,,34.35,83.0,214.5,78.6,236.0,51.4,40.55,83.0,57.0
45.9,41.15,56.9,82.3,77.1,71.0,12.0,39.85,71.4,32.85,32.85,339.0,158.0,34.05,49.7,275.0,11.3,25.3,32.1,59.5,195.0,72.8,25.0,15.75,25.05,40.5,348.5,422.5,42.75,77.6,64.4,49.05,30.0,382.0,388.5,401.0,54.9,15.8,207.5,39.55,19.65,107.0,26.0,51.0,21.2,135.5,8.38,12.2,18.8,48.2,15.3,22.1,75.5,29.45,329.5,85.9,9.69,47.45,51.0,95.6,87.0,32.25,84.4,243.0,8.35,12.95,96.1,172.0,76.5,28.35,108.0,518.0,282.0,12.25,136.0,68.0,16.85,50.3,10.2,15.65,14.6,,220.5,18.9,29.55,10.7,29.0,9.41,11.0,17.9,18.75,45.1,48.05,9.66,19.15,16.5,25.3,15.85,9.45,13.95,20.25,19.3,239.5,78.8,2430.0,36.25,154.0,57.8,90.7,134.0,29.7,99.3,90.8,14.55,36.0,266.5,17.9,42.4,26.45,67.6,45.4,59.9,,98.4,182.0,40.8,74.9,17.2,11.95,138.5,53.7,83.2,78.5,225.0,206.0,277.0,,,74.8,,,34.3,82.9,214.5,78.6,236.5,51.4,40.5,83.0,57.0
45.9,41.1,56.9,82.3,77.1,71.0,12.05,39.85,71.3,32.8,32.85,339.0,158.0,34.05,49.7,275.0,11.35,25.3,32.1,59.5,195.0,72.8,25.0,15.75,25.05,40.5,348.0,423.0,42.75,77.6,64.4,49.05,29.95,382.0,388.5,401.5,54.8,15.75,208.0,39.55,19.65,106.5,26.0,51.0,21.15,135.5,8.38,12.25,18.85,48.2,15.3,22.1,75.5,29.5,329.0,85.9,9.7,47.45,51.1,95.6,87.0,32.25,84.4,243.5,8.35,13.0,96.1,172.0,76.6,28.35,107.5,519.0,282.0,12.3,136.0,68.0,16.85,50.3,10.2,15.65,14.6,,220.5,18.9,29.55,10.7,29.2,9.42,11.0,17.9,18.75,45.05,48.0,9.66,19.15,16.5,25.3,15.9,9.45,13.95,20.25,19.35,239.5,78.8,2430.0,36.25,154.0,57.7,90.7,134.5,29.65,99.2,90.8,14.55,36.0,266.5,17.9,42.4,26.45,67.6,45.4,59.9,,98.5,182.0,40.8,74.9,17.2,11.95,138.5,53.7,83.2,78.5,225.0,206.5,277.5,,,74.8,,,34.3,82.9,214.5,78.6,236.5,51.4,40.5,83.0,57.0
45.9,41.1,56.9,82.3,77.1,71.0,12.05,39.85,71.3,32.85,32.9,339.0,158.0,34.05,49.7,275.5,11.35,25.25,32.1,59.5,195.0,72.8,25.0,15.75,25.05,40.5,347.5,423.0,42.75,77.6,64.4,49.05,29.95,382.5,388.5,401.5,54.6,15.75,208.0,39.6,19.65,107.0,26.0,51.0,21.15,135.5,8.37,12.25,18.85,48.2,15.3,22.1,75.6,29.45,329.0,85.9,9.7,47.5,51.1,95.6,86.9,32.15,84.4,243.5,8.35,13.0,96.1,171.5,76.6,28.35,107.5,519.0,282.5,12.25,135.5,68.0,16.8,50.3,10.2,15.65,14.6,,220.5,18.9,29.55,10.7,29.15,9.42,11.0,17.9,18.75,45.05,48.0,9.66,19.2,16.45,25.3,15.85,9.45,14.0,20.25,19.3,239.5,78.8,2430.0,36.25,154.0,57.7,90.7,134.0,29.65,99.3,90.8,14.55,36.0,267.0,17.9,42.4,26.5,67.6,45.4,59.9,,98.4,182.0,40.8,75.0,17.2,12.0,138.5,53.8,83.2,78.5,225.0,206.5,278.5,,,74.7,,,34.35,82.9,214.5,78.6,236.5,51.5,40.5,83.0,57.0
45.85,41.1,56.8,82.3,77.0,71.0,12.0,39.85,71.3,32.8,32.85,339.0,158.0,34.0,49.7,275.5,11.3,25.3,32.1,59.5,195.0,72.8,25.0,15.8,25.1,40.5,347.5,423.0,42.75,77.6,64.4,49.05,29.95,382.5,388.5,401.5,54.6,15.75,208.0,39.6,19.65,106.5,26.0,51.0,21.15,135.0,8.37,12.25,18.85,48.2,15.3,22.1,75.6,29.5,329.5,85.9,9.7,47.45,51.1,95.6,86.9,32.25,84.4,244.0,8.35,13.0,96.1,171.5,76.6,28.35,107.5,519.0,282.0,12.25,135.5,68.0,16.8,50.3,10.2,15.65,14.65,,220.5,18.9,29.55,10.7,29.1,9.42,11.0,17.9,18.75,45.0,48.0,9.67,19.15,16.45,25.3,15.85,9.45,13.95,20.3,19.3,239.5,78.8,2425.0,36.25,154.0,57.7,90.8,134.0,29.7,99.2,91.0,14.5,36.0,267.0,17.9,42.35,26.4,67.6,45.4,59.9,,98.5,181.5,40.8,74.9,17.2,11.95,138.5,53.8,83.2,78.5,225.0,206.5,279.0,,,74.8,,,34.35,82.9,214.5,78.6,236.5,51.4,40.55,83.0,57.0
45.85,41.1,56.9,82.4,77.0,71.1,12.05,39.85,71.3,32.8,32.85,338.5,158.0,34.05,49.75,275.5,11.3,25.25,32.1,59.5,195.0,72.8,25.0,15.75,25.1,40.5,348.0,423.0,42.7,77.6,64.4,49.05,29.95,382.5,388.5,401.5,54.6,15.75,208.0,39.55,19.65,107.0,26.0,51.0,21.15,135.5,8.38,12.2,18.9,48.2,15.3,22.1,75.6,29.5,329.0,85.9,9.7,47.4,51.2,95.6,87.0,32.25,84.4,244.0,8.35,13.0,96.2,171.5,76.6,28.35,108.0,519.0,282.5,12.25,136.0,68.0,16.85,50.3,10.2,15.65,14.65,,220.5,18.9,29.55,10.7,29.05,9.42,11.0,17.95,18.75,45.0,48.0,9.67,19.2,16.45,25.3,15.9,9.45,13.95,20.25,19.3,239.5,78.9,2425.0,36.25,154.0,57.7,90.7,134.0,29.7,99.2,91.0,14.55,36.0,267.0,17.9,42.35,26.4,67.7,45.45,59.9,,98.4,181.5,40.85,74.9,17.15,11.9,138.5,53.8,83.3,78.4,225.0,206.5,279.0,,,74.8,,,34.4,83.0,214.5,78.6,236.5,51.4,40.55,83.0,57.0
46.0,41.15,56.9,82.3,77.1,70.9,12.0,39.85,71.3,32.8,32.85,338.5,158.0,34.05,49.75,275.0,11.3,25.25,32.1,59.5,195.0,72.8,25.0,15.75,25.1,40.5,348.0,423.0,42.7,77.7,64.4,49.05,29.95,382.5,388.5,401.5,54.5,15.75,207.5,39.55,19.65,106.5,26.0,51.0,21.15,135.0,8.37,12.25,18.9,48.2,15.3,22.05,75.7,29.55,329.0,85.9,9.7,47.45,51.1,95.6,87.0,32.25,84.4,244.0,8.35,13.0,96.1,171.5,76.7,28.4,108.0,519.0,282.0,12.25,135.5,67.9,16.85,50.3,10.15,15.65,14.6,,220.5,18.9,29.55,10.65,29.1,9.43,11.0,17.95,18.75,45.0,47.95,9.66,19.15,16.5,25.25,15.85,9.45,14.0,20.3,19.3,239.5,78.8,2425.0,36.2,154.0,57.7,90.7,134.5,29.7,99.2,91.0,14.55,36.0,267.0,17.9,42.35,26.4,67.6,45.45,59.9,,98.4,181.5,40.8,74.8,17.2,11.95,138.5,53.8,83.3,78.5,225.0,206.5,279.0,,,74.8,,,34.4,83.0,214.5,78.6,236.5,51.4,40.5,83.0,57.0
46.1,41.15,56.9,82.3,77.1,70.9,12.0,39.9,71.4,32.8,32.9,338.5,158.0,34.05,49.75,275.0,11.35,25.25,32.1,59.4,195.0,72.8,25.0,15.75,25.05,40.5,348.0,422.0,42.7,77.7,64.3,49.05,29.95,382.5,388.0,401.5,54.3,15.75,208.0,39.55,19.65,107.0,26.0,51.0,21.15,135.5,8.38,12.25,18.85,48.2,15.3,22.1,75.7,29.5,329.5,85.8,9.69,47.4,51.1,95.6,87.0,32.25,84.4,244.5,8.3,13.0,96.1,171.5,76.6,28.35,108.0,518.0,282.5,12.3,135.5,68.0,16.85,50.3,10.15,15.65,14.6,,219.5,18.9,29.6,10.7,29.05,9.43,11.0,17.95,18.75,45.0,47.95,9.67,19.15,16.45,25.25,15.9,9.45,14.0,20.25,19.3,239.0,78.8,2430.0,36.2,153.5,57.8,90.8,134.0,29.7,99.2,91.0,14.6,36.0,267.0,17.95,42.35,26.5,67.7,45.5,59.9,,98.5,181.5,40.8,75.0,17.2,11.95,138.5,53.8,83.2,78.5,225.0,206.5,279.0,,,74.8,,,34.35,83.0,214.5,78.6,236.5,51.4,40.55,83.0,57.0
46.05,41.1,56.9,82.3,77.1,71.0,12.0,39.9,71.3,32.85,32.9,338.5,158.0,34.05,49.75,275.5,11.3,25.25,32.1,59.4,195.0,72.8,25.0,15.75,25.05,40.45,348.0,421.0,42.7,77.7,64.3,49.05,29.95,382.5,388.0,401.5,54.3,15.75,207.5,39.6,19.65,107.0,25.95,51.0,21.15,135.0,8.38,12.25,18.85,48.2,15.25,22.05,75.7,29.55,329.5,85.8,9.69,47.4,51.1,95.6,86.9,32.25,84.4,245.0,8.3,12.95,96.1,171.5,76.6,28.35,108.0,518.0,282.5,12.3,135.5,68.0,16.85,50.3,10.15,15.65,14.6,,219.5,18.9,29.6,10.65,29.05,9.43,11.0,17.95,18.75,45.0,48.0,9.66,19.1,16.45,25.25,15.85,9.45,13.95,20.3,19.25,238.5,78.8,2425.0,36.2,154.0,57.8,90.7,134.0,29.7,99.2,91.0,14.55,36.0,266.5,17.85,42.4,26.4,67.6,45.5,59.8,,98.5,181.5,40.8,74.9,17.15,11.9,138.5,53.8,83.2,78.4,225.0,206.5,279.0,,,74.9,,,34.4,83.0,214.5,78.6,236.5,51.5,40.55,83.0,57.0
46.05,41.1,56.9,82.3,77.1,71.0,12.0,39.85,71.4,32.85,32.85,338.5,158.0,34.05,49.75,275.0,11.3,25.25,32.1,59.5,195.0,72.8,25.0,15.75,25.05,40.5,347.5,421.0,42.75,77.7,64.3,49.05,29.95,382.5,388.0,401.5,53.7,15.75,207.5,39.6,19.65,106.5,26.0,51.0,21.15,135.0,8.39,12.25,18.85,48.15,15.3,22.05,75.6,29.55,329.5,85.8,9.69,47.4,51.1,95.6,87.0,32.25,84.3,245.0,8.3,12.95,96.1,171.5,76.6,28.35,108.0,519.0,282.0,12.3,135.5,68.0,16.85,50.3,10.15,15.65,14.6,,219.5,18.9,29.6,10.65,29.05,9.42,11.0,17.95,18.75,45.0,48.0,9.66,19.15,16.45,25.25,15.9,9.45,14.0,20.25,19.3,238.5,78.9,2430.0,36.2,154.0,57.8,90.8,134.5,29.65,99.2,90.9,14.55,36.0,266.5,17.9,42.4,26.4,67.6,45.55,59.8,,98.5,181.5,40.8,74.9,17.2,11.95,138.5,53.8,83.2,78.4,225.0,206.5,279.0,,,74.9,,,34.4,83.0,214.5,78.6,236.5,51.5,40.55,83.0,57.0
46.0,41.15,56.9,82.3,77.1,70.9,12.0,39.85,71.3,32.85,32.85,337.0,158.0,34.05,49.75,275.0,11.3,25.3,32.1,59.5,195.0,72.9,25.0,15.75,25.1,40.5,347.5,421.0,42.7,77.6,64.3,49.0,29.95,382.5,388.0,401.5,54.0,15.75,207.5,39.55,19.65,106.5,26.0,51.0,21.15,135.0,8.39,12.2,18.8,48.15,15.25,22.05,75.7,29.55,329.5,85.7,9.69,47.45,51.2,95.5,87.0,32.25,84.4,245.0,8.3,12.9,96.2,171.5,76.7,28.35,108.0,519.0,282.0,12.25,135.5,67.9,16.85,50.3,10.2,15.65,14.6,,219.5,18.9,29.6,10.65,29.05,9.43,11.0,17.95,18.75,45.0,47.95,9.66,19.15,16.45,25.25,15.9,9.45,14.0,20.3,19.3,239.0,78.7,2430.0,36.2,154.0,57.8,90.7,134.0,29.65,99.1,91.1,14.5,36.0,266.0,17.9,42.35,26.45,67.6,45.6,59.8,,98.7,181.5,40.85,75.0,17.2,11.95,138.5,53.8,83.2,78.4,225.0,206.5,279.0,,,74.9,,,34.3,83.0,214.5,78.7,236.5,51.5,40.45,83.1,57.0
46.0,41.15,56.9,82.3,77.1,71.0,12.0,39.85,71.4,32.85,32.85,337.0,158.0,34.05,49.75,275.0,11.3,25.3,32.1,59.5,195.0,72.9,25.0,15.7,25.1,40.5,347.5,421.0,42.7,77.6,64.3,49.05,29.95,382.5,388.0,401.0,54.0,15.75,207.5,39.6,19.7,106.5,26.0,50.9,21.15,135.0,8.39,12.2,18.85,48.15,15.2,22.05,75.7,29.55,329.5,85.7,9.7,47.4,51.2,95.5,86.9,32.25,84.3,244.5,8.3,12.95,96.1,171.5,76.7,28.35,108.0,518.0,282.0,12.25,135.5,67.8,16.85,50.3,10.2,15.65,14.65,,219.5,18.9,29.55,10.65,29.05,9.43,11.0,17.95,18.75,45.05,48.0,9.65,19.15,16.45,25.25,15.85,9.44,13.95,20.3,19.3,239.0,78.7,2425.0,36.2,154.0,57.7,90.7,134.5,29.65,99.1,90.8,14.55,36.0,265.5,17.9,42.35,26.45,67.7,45.6,59.8,,98.7,181.5,40.8,74.9,17.15,11.95,138.5,53.9,83.2,78.3,225.5,206.5,279.0,,,74.8,,,34.3,83.1,214.5,78.7,236.5,51.5,40.4,83.1,57.0
46.0,41.15,56.9,82.3,77.1,70.9,12.0,39.9,71.3,32.85,32.85,337.0,158.0,34.1,49.75,275.5,11.35,25.3,32.1,59.5,195.0,72.9,25.0,15.7,25.05,40.5,347.0,421.0,42.7,77.6,64.3,49.05,29.95,382.5,388.0,401.0,54.0,15.8,207.5,39.55,19.65,106.5,25.95,50.8,21.15,135.0,8.39,12.2,18.85,48.15,15.2,22.05,75.7,29.55,329.0,85.7,9.69,47.35,51.2,95.4,86.9,32.2,84.3,244.5,8.3,12.9,96.1,171.5,76.6,28.3,108.0,519.0,282.0,12.25,135.5,68.0,16.85,50.3,10.2,15.65,14.65,,219.5,18.9,29.6,10.65,29.0,9.43,11.0,17.95,18.75,45.05,47.95,9.65,19.1,16.45,25.25,15.9,9.44,14.0,20.3,19.3,239.0,78.7,2430.0,36.25,154.0,57.7,90.7,134.0,29.65,99.0,90.8,14.5,36.0,265.5,17.85,42.25,26.45,67.6,45.65,59.8,,98.7,181.5,40.8,75.0,17.15,11.9,138.5,53.8,83.2,78.3,225.5,207.0,279.0,,,74.9,,,34.3,83.1,215.5,78.7,236.5,51.4,40.4,83.1,57.0
46.0,41.15,56.9,82.3,77.1,70.9,12.0,39.85,71.3,32.85,32.85,337.0,158.0,34.05,49.65,275.5,11.35,25.25,32.1,59.5,195.0,72.9,25.0,15.7,25.05,40.5,347.0,420.5,42.7,77.6,64.5,49.05,29.9,382.5,388.0,400.5,54.1,15.75,207.5,39.55,19.65,107.0,25.95,50.9,21.1,135.0,8.39,12.2,18.85,48.15,15.25,22.05,75.7,29.55,329.0,85.6,9.69,47.35,51.2,95.5,86.9,32.2,84.3,244.5,8.3,12.95,96.1,171.5,76.6,28.35,108.0,519.0,282.5,12.25,135.5,68.0,16.85,50.3,10.2,15.65,14.65,,219.5,18.9,29.55,10.65,29.05,9.43,11.0,17.95,18.75,45.0,47.95,9.65,19.15,16.45,25.25,15.9,9.45,14.0,20.25,19.3,239.0,78.7,2430.0,36.25,154.0,57.7,90.8,134.0,29.6,99.0,90.8,14.55,36.0,265.5,17.9,42.2,26.45,67.6,45.65,59.8,,98.7,181.5,40.8,75.0,17.15,11.95,138.5,53.8,83.2,78.4,225.5,207.0,278.5,,,74.9,,,34.3,83.1,215.0,78.7,236.5,51.4,40.3,83.1,57.0
45.95,41.15,57.0,82.4,77.1,70.9,12.0,39.85,71.3,32.85,32.85,337.0,158.0,34.1,49.7,275.0,11.3,25.25,32.1,59.5,195.0,72.9,25.0,15.7,25.1,40.5,347.0,419.0,42.7,77.6,64.3,49.05,29.9,382.5,388.0,400.5,54.2,15.75,207.5,39.55,19.65,107.0,25.95,50.9,21.1,134.5,8.4,12.2,18.85,48.15,15.25,22.1,75.7,29.5,329.0,85.6,9.69,47.35,51.2,95.5,86.9,32.2,84.3,244.0,8.3,12.9,96.1,171.5,76.7,28.35,107.5,518.0,282.0,12.25,135.5,67.9,16.85,50.3,10.2,15.65,14.65,,219.5,18.9,29.6,10.65,29.0,9.42,11.0,17.95,18.75,45.05,47.95,9.65,19.1,16.45,25.25,15.9,9.44,13.95,20.3,19.3,239.0,78.8,2430.0,36.3,154.0,57.7,90.7,134.0,29.65,99.0,90.8,14.5,36.0,265.0,17.9,42.15,26.45,67.6,45.7,59.8,,98.6,181.5,40.8,74.8,17.2,11.95,138.5,53.8,83.2,78.3,225.5,207.0,278.5,,,74.8,,,34.3,83.1,215.0,78.7,236.5,51.4,40.3,83.1,57.0
45.95,41.15,56.9,82.4,77.0,71.0,12.0,39.85,71.3,32.85,32.8,337.0,158.0,34.1,49.7,275.5,11.3,25.3,32.1,59.5,195.0,72.9,24.95,15.7,25.1,40.5,346.5,418.0,42.7,77.6,64.3,49.05,29.9,382.5,388.0,400.5,54.2,15.75,207.0,39.55,19.65,107.0,25.95,50.8,21.1,135.0,8.39,12.25,18.85,48.1,15.2,22.1,75.7,29.5,329.5,85.7,9.7,47.35,51.2,95.4,86.8,32.2,84.3,244.0,8.3,12.95,96.1,171.5,76.7,28.3,107.5,518.0,281.5,12.25,135.5,67.9,16.8,50.3,10.2,15.65,14.65,,219.5,18.9,29.55,10.7,29.0,9.43,11.0,17.95,18.75,45.05,47.95,9.65,19.15,16.45,25.25,15.85,9.44,13.95,20.25,19.3,239.0,78.7,2425.0,36.3,154.0,57.7,90.8,134.0,29.6,99.0,90.8,14.55,36.0,265.0,17.9,42.1,26.45,67.6,45.65,59.8,,98.6,181.5,40.75,74.9,17.15,11.95,138.5,53.7,83.2,78.2,226.0,207.0,279.0,,,74.8,,,34.3,83.2,215.0,78.7,236.5,51.5,40.25,83.1,57.0
46.0,41.15,57.0,82.4,77.1,70.9,12.0,39.8,71.3,32.85,32.85,337.0,158.0,34.1,49.7,275.5,11.35,25.3,32.1,59.5,195.0,72.9,24.95,15.7,25.05,40.5,346.5,418.5,42.7,77.6,64.3,49.05,29.95,382.5,388.0,400.0,54.5,15.75,207.5,39.55,19.6,106.5,26.0,50.9,21.05,135.0,8.39,12.25,18.85,48.1,15.25,22.0,75.7,29.55,329.0,85.7,9.69,47.35,51.2,95.4,86.8,32.25,84.3,244.0,8.3,12.95,96.1,171.5,76.7,28.3,107.5,518.0,281.5,12.25,135.5,67.9,16.8,50.3,10.2,15.65,14.6,,219.5,18.9,29.55,10.7,29.05,9.42,11.0,17.95,18.75,45.0,47.95,9.65,19.1,16.45,25.25,15.85,9.44,14.0,20.3,19.25,239.0,78.7,2425.0,36.3,154.0,57.7,90.7,134.5,29.6,99.1,91.0,14.55,36.0,264.5,17.85,42.1,26.45,67.6,45.65,59.8,,98.6,181.0,40.75,74.9,17.2,11.9,138.5,53.7,83.3,78.2,225.5,206.0,279.0,,,74.8,,,34.3,83.2,215.0,78.7,236.5,51.4,40.25,83.1,57.0
45.95,41.15,56.9,82.4,77.1,70.9,12.0,39.85,71.3,32.85,32.85,337.0,158.0,34.05,49.7,276.0,11.3,25.3,32.1,59.5,195.0,72.9,24.95,15.7,25.1,40.5,346.5,418.5,42.7,77.6,64.3,49.05,29.9,382.5,388.5,400.0,54.5,15.7,207.5,39.5,19.6,107.0,25.95,51.0,21.15,134.5,8.39,12.2,18.85,48.1,15.2,22.05,75.7,29.5,329.5,85.7,9.69,47.4,51.1,95.4,86.7,32.25,84.4,244.0,8.3,12.95,96.1,171.0,76.6,28.3,107.5,518.0,282.0,12.3,135.5,68.0,16.8,50.2,10.2,15.65,14.6,,219.5,18.9,29.6,10.65,29.05,9.43,11.0,17.95,18.75,45.05,47.9,9.65,19.15,16.45,25.25,15.85,9.43,13.95,20.25,19.3,239.0,78.6,2425.0,36.3,154.0,57.7,90.8,134.0,29.6,99.0,91.0,14.55,36.0,264.5,17.9,42.15,26.45,67.6,45.65,59.8,,98.6,181.0,40.75,75.0,17.2,11.95,138.5,53.7,83.2,78.2,225.5,206.0,279.0,,,74.8,,,34.3,83.2,215.0,78.6,236.5,51.4,40.25,83.1,57.0
45.95,41.15,56.9,82.4,77.0,70.9,11.95,39.85,71.3,32.8,32.85,337.0,158.0,34.1,49.7,276.0,11.3,25.3,32.1,59.5,195.0,72.9,24.95,15.75,25.05,40.45,346.5,418.5,42.7,77.6,64.2,49.05,29.9,382.5,388.5,398.5,54.2,15.75,207.5,39.5,19.6,107.0,25.95,51.0,21.1,134.5,8.38,12.2,18.85,48.1,15.2,22.0,75.7,29.55,329.0,85.7,9.69,47.4,51.1,95.5,86.7,32.2,84.4,243.5,8.3,12.95,96.1,171.0,76.6,28.3,108.0,518.0,281.5,12.25,135.5,67.9,16.8,50.2,10.2,15.65,14.6,,219.5,18.95,29.6,10.65,29.05,9.43,11.0,17.9,18.75,45.0,47.95,9.65,19.1,16.45,25.25,15.85,9.44,13.95,20.25,19.3,238.5,78.6,2425.0,36.25,154.0,57.6,90.7,134.5,29.6,99.0,90.7,14.55,36.0,265.0,17.9,42.15,26.45,67.6,45.7,59.8,,98.5,181.0,40.75,74.9,17.2,11.9,138.5,53.7,83.2,78.2,225.5,206.0,279.0,,,74.8,,,34.35,83.4,215.0,78.6,236.5,51.4,40.3,83.1,57.0
45.95,41.15,56.9,82.4,77.0,70.9,12.0,39.85,71.3,32.85,32.85,337.0,158.0,34.05,49.7,275.5,11.3,25.3,32.1,59.5,195.0,72.9,24.95,15.75,25.05,40.45,346.5,418.0,42.7,77.6,64.2,49.05,29.9,382.5,388.0,398.5,54.7,15.7,208.0,39.5,19.65,106.5,25.95,51.0,21.0,135.0,8.38,12.2,18.8,48.05,15.2,22.05,75.7,29.55,329.5,85.7,9.69,47.4,51.1,95.5,86.6,32.25,84.4,243.5,8.3,12.95,96.1,171.5,76.6,28.3,107.5,518.0,282.0,12.25,135.5,68.0,16.8,50.2,10.2,15.65,14.65,,219.5,18.9,29.55,10.65,29.0,9.42,11.0,17.9,18.8,45.05,47.9,9.65,19.15,16.45,25.25,15.85,9.43,13.95,20.25,19.25,238.5,78.6,2425.0,36.25,154.0,57.6,90.8,134.0,29.6,99.0,90.7,14.55,36.0,265.5,17.85,42.15,26.45,67.6,45.75,59.8,,98.5,181.0,40.75,74.9,17.2,11.9,138.5,53.7,83.2,78.2,225.5,206.0,279.0,,,74.6,,,34.3,83.4,215.0,78.6,236.5,51.4,40.35,83.1,57.0
46.0,41.15,56.9,82.4,77.1,71.0,12.0,39.85,71.3,32.85,32.85,337.0,158.0,34.1,49.6,275.5,11.3,25.3,32.1,59.5,195.0,72.9,24.95,15.75,25.05,40.5,346.5,418.0,42.7,77.6,64.2,49.05,29.9,382.5,388.0,398.5,54.4,15.75,207.5,39.5,19.65,106.5,25.9,51.0,21.05,134.5,8.39,12.25,18.8,48.0,15.15,22.0,75.7,29.5,329.5,85.7,9.7,47.4,51.1,95.5,86.7,32.15,84.4,243.0,8.3,12.95,96.2,171.0,76.6,28.3,107.5,518.0,281.5,12.25,135.5,68.0,16.8,50.2,10.2,15.65,14.6,,219.5,18.9,29.6,10.65,29.0,9.42,11.0,17.9,18.75,45.05,47.9,9.66,19.1,16.4,25.25,15.85,9.43,13.95,20.3,19.3,238.5,78.7,2425.0,36.25,153.5,57.6,90.8,134.0,29.6,98.9,90.8,14.55,36.0,265.5,17.85,42.15,26.45,67.6,45.75,59.7,,98.5,180.5,40.75,74.9,17.2,11.9,138.5,53.8,83.2,78.2,225.5,206.0,279.0,,,74.8,,,34.25,83.4,215.0,78.6,236.5,51.5,40.3,83.1,57.0
45.95,41.15,56.9,82.4,77.0,71.0,11.95,39.85,71.4,32.85,32.85,337.0,158.0,34.1,49.6,275.5,11.3,25.25,32.1,59.5,195.0,72.9,24.95,15.75,25.05,40.5,346.5,417.5,42.7,77.6,64.1,49.05,29.85,382.5,388.0,398.5,54.6,15.7,208.0,39.45,19.6,106.5,25.95,51.0,21.1,134.5,8.38,12.25,18.8,47.95,15.15,22.0,75.7,29.55,329.0,85.7,9.7,47.4,51.1,95.5,86.7,32.25,84.4,243.0,8.3,12.95,96.1,171.0,76.6,28.3,107.5,518.0,281.5,12.25,135.5,68.0,16.85,50.2,10.2,15.6,14.6,,219.5,18.95,29.6,10.7,29.0,9.42,11.0,17.9,18.75,45.05,47.9,9.65,19.15,16.45,25.25,15.85,9.43,14.0,20.25,19.3,238.5,78.8,2425.0,36.25,153.5,57.6,90.8,134.0,29.55,98.9,90.8,14.55,36.0,266.0,17.9,42.2,26.4,67.6,45.75,59.8,,98.5,180.5,40.75,74.9,17.2,11.9,138.5,53.8,83.2,78.2,225.5,206.0,279.0,,,74.8,,,34.25,83.4,215.0,78.6,236.5,51.5,40.3,83.1,57.0
45.95,41.15,56.9,82.4,77.1,70.9,12.0,39.85,71.3,32.85,32.85,337.0,158.0,34.1,49.7,276.0,11.3,25.25,32.1,59.4,195.0,72.9,24.95,15.75,25.05,40.5,346.5,417.5,42.7,77.6,64.2,49.05,29.9,382.5,388.0,397.0,54.4,15.7,208.0,39.45,19.6,106.5,25.95,51.0,21.05,134.5,8.38,12.25,18.8,47.95,15.15,22.0,75.7,29.55,329.0,85.8,9.7,47.4,51.1,95.5,86.7,32.25,84.4,243.0,8.3,12.95,96.1,171.0,76.6,28.3,107.5,518.0,281.5,12.25,135.5,67.9,16.8,50.2,10.15,15.6,14.6,,219.5,18.95,29.6,10.7,29.0,9.42,11.0,17.95,18.75,45.05,47.9,9.65,19.1,16.4,25.25,15.85,9.43,13.95,20.25,19.3,238.5,78.8,2420.0,36.25,154.0,57.6,90.7,134.0,29.6,98.9,90.8,14.55,36.0,266.0,17.85,42.2,26.4,67.6,45.7,59.8,,98.5,180.5,40.75,74.9,17.15,11.9,138.5,53.8,83.2,78.2,225.5,206.0,279.0,,,74.8,,,34.25,83.4,215.0,78.6,236.5,51.5,40.35,83.1,57.0
45.95,41.15,56.9,82.4,77.1,70.9,11.95,39.85,71.3,32.85,32.85,337.0,158.0,34.1,49.6,276.0,11.3,25.25,32.1,59.4,195.0,72.9,24.95,15.7,25.05,40.5,346.5,419.0,42.7,77.5,64.2,49.05,29.9,382.5,388.0,396.5,54.4,15.75,208.0,39.45,19.6,107.0,25.95,51.0,21.05,134.5,8.39,12.25,18.8,47.95,15.15,22.05,75.6,29.55,329.5,85.7,9.7,47.4,51.0,95.4,86.7,32.25,84.3,243.0,8.3,12.95,96.1,171.0,76.6,28.25,108.0,518.0,281.5,12.25,135.0,67.9,16.85,50.2,10.2,15.6,14.6,,219.5,18.95,29.6,10.7,29.0,9.42,11.0,17.9,18.75,45.1,47.9,9.66,19.15,16.4,25.2,15.85,9.43,13.95,20.25,19.3,239.0,78.8,2420.0,36.25,154.0,57.6,90.7,133.5,29.6,98.9,90.8,14.6,36.0,266.0,17.85,42.15,26.5,67.6,45.7,59.8,,98.4,180.5,40.75,74.9,17.15,11.9,138.5,53.8,83.1,78.2,225.5,206.0,278.5,,,74.8,,,34.25,83.4,215.0,78.6,236.5,51.5,40.35,83.0,57.0
45.9,41.15,57.0,82.4,77.1,70.9,11.95,39.85,71.3,32.85,32.85,337.0,158.0,34.1,49.55,276.0,11.3,25.25,32.1,59.4,195.0,72.9,24.95,15.7,25.1,40.45,346.5,419.0,42.7,77.5,64.2,49.05,29.85,382.5,388.0,396.0,54.4,15.75,208.0,39.45,19.65,107.0,25.9,51.0,21.1,135.0,8.39,12.25,18.75,47.9,15.2,22.0,75.6,29.55,329.0,85.8,9.7,47.4,51.0,95.4,86.7,32.25,84.3,243.0,8.3,12.9,96.1,171.0,76.6,28.25,108.0,518.0,281.5,12.25,135.5,67.9,16.85,50.2,10.2,15.6,14.6,,219.5,18.95,29.6,10.7,29.0,9.42,11.0,17.9,18.75,45.1,47.85,9.66,19.1,16.45,25.2,15.85,9.43,13.95,20.25,19.3,239.0,78.6,2420.0,36.25,154.0,57.6,90.8,133.5,29.55,98.9,90.8,14.6,36.0,266.0,17.85,42.2,26.4,67.6,45.7,59.8,,98.5,180.5,40.75,74.9,17.2,11.9,139.0,53.8,83.1,78.2,225.5,206.0,278.5,,,74.8,,,34.3,83.4,215.0,78.6,236.5,51.4,40.4,83.0,57.0
45.9,41.15,56.9,82.4,77.1,70.9,11.95,39.9,71.3,32.8,32.85,337.5,158.0,34.1,49.55,276.0,11.3,25.25,32.1,59.4,195.0,72.9,24.95,15.7,25.05,40.45,346.5,420.0,42.7,77.5,64.2,49.0,29.85,382.5,388.0,395.5,54.5,15.75,207.5,39.5,19.6,107.0,25.95,51.1,21.1,135.0,8.39,12.25,18.8,47.85,15.2,22.0,75.7,29.55,329.0,85.8,9.7,47.4,51.0,95.4,86.7,32.25,84.2,243.0,8.3,12.95,96.1,171.0,76.6,28.25,108.0,519.0,281.5,12.25,135.0,67.9,16.85,50.2,10.2,15.65,14.55,,219.5,18.95,29.6,10.65,29.05,9.42,11.0,17.9,18.75,45.05,47.85,9.66,19.15,16.45,25.2,15.85,9.43,14.0,20.25,19.25,239.0,78.6,2420.0,36.25,154.0,57.5,90.8,133.5,29.6,98.9,90.8,14.6,36.0,265.5,17.85,42.15,26.5,67.7,45.7,59.8,,98.5,180.5,40.75,74.9,17.15,11.85,138.5,53.8,83.1,78.1,225.5,206.0,278.5,,,74.6,,,34.25,83.4,215.0,78.6,236.5,51.4,40.4,83.0,57.0
45.9,41.15,56.9,82.4,77.1,70.9,12.0,39.9,71.4,32.8,32.85,337.0,158.0,34.1,49.55,276.0,11.35,25.25,32.1,59.4,195.0,72.9,24.95,15.7,25.05,40.45,346.5,419.5,42.7,77.5,64.2,49.0,29.9,382.5,388.0,395.5,54.5,15.7,207.5,39.45,19.6,107.0,26.0,51.1,21.05,134.5,8.4,12.2,18.8,47.85,15.2,22.05,75.6,29.55,329.0,85.9,9.7,47.4,51.0,95.4,86.7,32.25,84.2,243.0,8.3,12.95,96.1,171.0,76.5,28.25,108.0,519.0,281.5,12.25,135.0,67.9,16.85,50.2,10.15,15.65,14.6,,219.5,18.95,29.55,10.65,29.0,9.42,11.0,17.9,18.75,45.05,47.9,9.66,19.1,16.4,25.25,15.9,9.44,13.95,20.3,19.3,239.0,78.6,2425.0,36.25,154.0,57.5,90.8,133.5,29.65,99.0,90.8,14.55,36.0,265.5,17.85,42.2,26.5,67.6,45.7,59.8,,98.5,180.0,40.75,74.9,17.15,11.85,138.5,53.8,83.1,78.2,225.5,206.0,278.5,,,74.8,,,34.25,83.4,215.0,78.6,236.5,51.4,40.4,83.0,57.0
45.9,41.15,56.9,82.4,77.1,71.0,11.95,39.9,71.3,32.85,32.85,337.0,157.5,34.1,49.6,275.5,11.3,25.25,32.1,59.4,195.0,72.9,24.95,15.75,25.05,40.45,346.5,419.5,42.7,77.5,64.2,49.0,29.85,382.5,388.0,397.0,54.5,15.7,208.0,39.5,19.65,107.0,25.95,51.0,21.05,134.5,8.4,12.2,18.8,47.9,15.2,22.0,75.6,29.55,329.0,85.9,9.7,47.4,51.0,95.4,86.7,32.25,84.2,243.0,8.3,12.9,96.1,171.0,76.5,28.25,108.0,518.0,281.5,12.25,135.5,67.9,16.8,50.2,10.2,15.65,14.6,,219.5,18.9,29.55,10.7,29.0,9.43,11.0,17.9,18.75,45.05,47.9,9.65,19.15,16.4,25.25,15.85,9.43,13.95,20.25,19.25,239.5,78.7,2425.0,36.25,154.0,57.5,90.7,133.5,29.65,99.0,90.8,14.6,36.0,265.5,17.9,42.2,26.45,67.6,45.7,59.8,,98.4,180.0,40.75,74.9,17.15,11.9,138.5,53.8,83.1,78.2,225.5,206.0,278.5,,,74.7,,,34.25,83.4,215.0,78.6,236.5,51.4,40.35,83.0,57.0
45.9,41.15,56.9,82.3,77.1,70.9,11.95,39.85,71.3,32.85,32.85,337.0,157.5,34.1,49.6,276.0,11.3,25.25,32.1,59.4,195.0,72.9,25.0,15.75,25.05,40.45,346.0,419.5,42.7,77.5,64.2,49.0,29.9,382.5,388.0,397.0,54.5,15.7,207.5,39.45,19.65,106.5,26.0,51.0,21.05,135.0,8.39,12.25,18.8,47.9,15.2,22.0,75.6,29.6,329.0,85.9,9.7,47.4,50.9,95.4,86.7,32.25,84.2,243.0,8.3,12.95,96.1,171.0,76.7,28.25,108.0,518.0,282.0,12.25,135.5,67.9,16.8,50.2,10.15,15.65,14.6,,219.5,18.9,29.6,10.7,29.0,9.42,11.0,17.9,18.75,45.05,47.85,9.66,19.1,16.4,25.2,15.85,9.44,14.0,20.3,19.3,239.0,78.6,2425.0,36.3,154.0,57.5,90.7,133.5,29.65,99.0,90.8,14.6,36.0,265.5,17.9,42.2,26.45,67.6,45.65,59.8,,98.5,180.0,40.75,75.0,17.2,11.9,138.5,53.7,83.1,78.2,225.5,206.0,278.5,,,74.7,,,34.25,83.2,214.5,78.6,236.5,51.4,40.35,83.0,57.0
45.9,41.15,56.9,82.3,77.1,70.9,11.95,39.85,71.3,32.85,32.85,337.0,158.0,34.1,49.6,276.0,11.3,25.25,32.1,59.4,195.0,72.9,25.0,15.75,25.05,40.5,346.5,419.5,42.7,77.5,64.2,49.0,29.85,382.5,388.0,397.5,54.4,15.7,208.0,39.5,19.65,106.5,25.95,51.1,21.05,135.0,8.39,12.25,18.8,47.9,15.2,22.0,75.6,29.6,329.0,85.9,9.7,47.4,50.9,95.4,86.7,32.25,84.2,243.0,8.3,12.9,96.2,171.5,76.5,28.25,108.0,519.0,281.5,12.2,135.5,68.0,16.8,50.2,10.2,15.65,14.6,,219.5,18.9,29.55,10.65,29.0,9.42,11.0,17.9,18.75,45.1,47.85,9.65,19.15,16.45,25.2,15.85,9.44,14.0,20.3,19.25,239.5,78.6,2420.0,36.3,154.0,57.6,90.7,133.5,29.6,99.0,90.8,14.6,36.0,265.0,17.9,42.2,26.45,67.6,45.65,59.8,,98.5,180.5,40.75,75.0,17.15,11.9,138.5,53.7,83.1,78.2,225.5,206.0,278.5,,,74.8,,,34.25,83.2,214.5,78.6,236.5,51.4,40.35,83.0,57.0
45.9,41.15,56.8,82.4,77.1,71.0,11.95,39.85,71.3,32.85,32.85,337.0,158.0,34.1,49.6,276.0,11.3,25.25,32.1,59.4,195.0,72.9,25.0,15.75,25.05,40.5,346.5,419.5,42.7,77.5,64.2,49.0,29.85,382.5,388.5,397.5,54.4,15.7,207.5,39.5,19.6,106.5,25.9,51.0,21.05,135.0,8.39,12.2,18.8,47.9,15.25,22.0,75.6,29.6,329.0,86.0,9.7,47.4,50.9,95.5,86.7,32.2,84.2,243.0,8.3,12.95,96.1,171.0,76.7,28.25,107.5,518.0,281.5,12.2,135.5,67.9,16.8,50.2,10.15,15.65,14.6,,219.5,18.95,29.6,10.7,29.0,9.42,11.0,17.9,18.75,45.05,47.85,9.66,19.1,16.45,25.2,15.85,9.44,13.95,20.3,19.3,239.0,78.6,2420.0,36.3,154.0,57.5,90.7,133.5,29.65,99.0,90.8,14.6,36.0,265.0,17.9,42.2,26.45,67.7,45.65,59.9,,98.6,180.5,40.75,75.0,17.2,11.9,138.5,53.7,83.1,78.2,225.5,206.0,278.5,,,74.7,,,34.25,83.4,214.5,78.6,236.5,51.4,40.4,83.0,57.0
45.9,41.15,56.8,82.4,77.1,70.9,11.95,39.85,71.3,32.85,32.85,337.5,158.0,34.1,49.6,276.0,11.3,25.25,32.1,59.3,195.0,72.8,24.95,15.75,25.05,40.5,346.5,419.5,42.7,77.5,64.2,49.0,29.85,382.5,388.5,397.5,54.3,15.7,207.5,39.45,19.6,107.0,26.0,51.0,21.05,135.5,8.4,12.2,18.75,47.85,15.25,22.05,75.6,29.6,329.0,86.0,9.7,47.4,50.9,95.5,86.7,32.2,84.3,243.0,8.3,12.9,96.1,171.0,76.6,28.3,107.5,518.0,281.5,12.2,135.5,67.8,16.8,50.2,10.2,15.65,14.6,,219.5,18.95,29.6,10.7,29.0,9.42,11.0,17.9,18.75,45.05,47.9,9.65,19.15,16.4,25.2,15.85,9.45,14.0,20.25,19.3,239.0,78.6,2420.0,36.3,154.0,57.5,90.8,133.5,29.6,99.0,90.8,14.6,36.0,265.0,17.9,42.2,26.45,67.6,45.65,59.9,,98.5,180.5,40.75,74.9,17.2,11.9,138.5,53.7,83.1,78.2,225.5,206.0,278.5,,,74.8,,,34.25,83.4,214.5,78.6,236.5,51.4,40.4,83.0,57.0
45.95,41.1,56.9,82.4,77.1,70.9,11.95,39.85,71.4,32.85,32.85,337.0,158.0,34.1,49.55,276.0,11.35,25.25,32.1,59.3,195.0,72.8,24.95,15.75,25.05,40.5,346.5,419.5,42.7,77.5,64.2,49.0,29.85,382.0,388.5,397.5,54.3,15.65,208.0,39.5,19.65,106.5,25.95,51.1,21.05,135.5,8.39,12.2,18.8,47.85,15.25,22.05,75.7,29.6,329.0,86.0,9.7,47.4,50.9,95.5,86.7,32.25,84.2,243.0,8.3,12.95,96.1,171.0,76.6,28.3,107.5,518.0,282.0,12.1,135.5,67.9,16.8,50.2,10.2,15.65,14.6,,219.5,18.95,29.55,10.65,28.95,9.42,11.0,17.9,18.75,45.1,47.9,9.66,19.1,16.45,25.2,15.9,9.45,13.95,20.3,19.25,239.0,78.6,2420.0,36.3,154.0,57.6,90.8,133.5,29.6,99.0,90.8,14.6,36.0,265.0,17.9,42.25,26.45,67.6,45.7,59.9,,98.6,180.5,40.75,74.9,17.2,11.9,138.5,53.8,83.1,78.2,225.5,206.0,278.5,,,74.8,,,34.25,83.4,213.5,78.6,236.5,51.4,40.4,83.0,57.0
45.85,41.15,56.9,82.4,77.1,70.9,11.95,39.85,71.4,32.85,32.8,337.0,158.0,34.1,49.5,276.5,11.3,25.25,32.1,59.4,195.0,72.8,25.0,15.75,25.05,40.45,346.5,420.5,42.75,77.6,64.2,49.0,29.85,382.0,388.0,397.5,54.3,15.7,208.0,39.5,19.65,106.5,25.95,51.0,21.1,135.5,8.4,12.25,18.8,47.9,15.2,22.0,75.7,29.6,329.0,86.1,9.7,47.4,50.9,95.5,86.7,32.25,84.2,243.0,8.3,12.95,96.1,171.0,76.6,28.3,107.5,518.0,281.5,12.25,135.5,67.8,16.8,50.2,10.2,15.65,14.6,,219.5,18.95,29.55,10.7,28.95,9.41,11.0,17.9,18.75,45.1,47.85,9.66,19.15,16.45,25.2,15.9,9.44,14.0,20.25,19.25,239.0,78.6,2420.0,36.35,154.0,57.6,90.7,134.0,29.65,99.0,90.8,14.6,36.0,265.5,17.85,42.25,26.5,67.6,45.65,59.9,,98.6,180.5,40.75,75.0,17.25,11.9,138.5,53.8,83.1,78.2,225.5,206.0,278.5,,,74.7,,,34.25,83.2,213.5,78.6,236.5,51.4,40.4,83.0,57.0
45.85,41.2,56.8,82.5,77.1,70.9,11.95,39.85,71.3,32.85,32.8,337.0,158.0,34.1,49.5,276.0,11.3,25.25,32.1,59.4,195.0,72.8,25.0,15.75,25.05,40.45,346.0,420.0,42.75,77.6,64.2,49.0,29.85,382.0,388.0,397.5,54.4,15.7,208.0,39.5,19.65,106.5,25.95,51.0,21.1,135.5,8.39,12.2,18.8,47.9,15.25,22.0,75.7,29.6,328.5,86.1,9.7,47.4,51.0,95.5,86.7,32.25,84.2,243.0,8.3,12.95,96.1,171.0,76.6,28.35,107.5,518.0,281.5,12.25,135.5,67.8,16.85,50.2,10.2,15.65,14.6,,219.5,18.9,29.6,10.7,28.95,9.41,11.0,17.9,18.75,45.05,47.85,9.66,19.1,16.45,25.25,15.85,9.44,13.95,20.3,19.3,239.0,78.6,2425.0,36.35,154.0,57.6,90.7,133.5,29.6,99.0,90.8,14.6,36.0,265.5,17.85,42.25,26.5,67.5,45.7,59.8,,98.5,180.5,40.75,74.9,17.25,11.85,138.5,53.8,83.1,78.2,225.5,205.5,278.5,,,74.8,,,34.2,83.2,214.0,78.6,236.5,51.4,40.4,83.1,57.0
45.95,41.3,56.9,82.4,77.1,71.0,11.95,39.85,71.3,32.85,32.8,337.0,158.0,34.1,49.5,275.5,11.35,25.25,32.1,59.4,195.0,72.8,25.0,15.75,25.0,40.45,346.0,420.0,42.75,77.6,64.2,48.95,29.85,382.0,388.0,397.5,54.3,15.7,208.0,39.55,19.65,106.5,25.95,50.9,21.05,135.5,8.4,12.2,18.75,47.85,15.3,22.0,75.6,29.6,328.5,86.2,9.7,47.4,51.0,95.5,86.7,32.25,84.2,243.0,8.3,12.95,96.1,170.5,76.6,28.35,108.0,518.0,281.5,12.25,135.5,67.8,16.85,50.2,10.2,15.65,14.6,,219.5,18.9,29.55,10.7,29.0,9.41,11.0,17.9,18.75,45.1,47.9,9.65,19.15,16.45,25.2,15.85,9.44,14.0,20.25,19.3,239.0,78.7,2425.0,36.4,154.0,57.6,90.7,133.5,29.65,98.9,91.0,14.6,36.0,266.0,17.85,42.25,26.45,67.5,45.7,59.8,,98.5,180.5,40.75,75.0,17.25,11.9,138.5,53.8,83.1,78.2,225.5,205.5,278.5,,,74.8,,,34.25,83.4,214.0,78.6,236.5,51.5,40.4,83.1,57.0
45.95,41.3,56.9,82.4,77.1,70.9,12.0,39.85,71.2,32.8,32.85,337.5,158.0,34.1,49.55,275.5,11.35,25.25,32.1,59.4,195.0,72.8,25.0,15.7,25.0,40.45,346.0,420.0,42.7,77.6,64.3,48.95,29.85,382.0,388.0,397.5,54.4,15.75,207.5,39.5,19.7,106.5,25.95,50.9,21.05,135.5,8.41,12.2,18.75,47.9,15.25,22.0,75.6,29.6,328.5,86.3,9.69,47.35,51.0,95.5,86.7,32.25,84.3,243.5,8.3,12.95,96.1,171.0,76.6,28.3,108.0,519.0,281.5,12.25,135.5,67.8,16.85,50.2,10.15,15.65,14.6,,219.5,18.9,29.55,10.7,28.95,9.41,11.0,17.9,18.8,45.05,47.85,9.66,19.1,16.45,25.25,15.85,9.44,13.95,20.3,19.3,239.0,78.7,2420.0,36.4,154.0,57.6,90.7,133.5,29.65,98.9,91.0,14.65,36.0,266.0,17.85,42.25,26.45,67.5,45.7,59.9,,98.6,180.5,40.75,74.9,17.2,11.85,139.0,53.8,83.1,78.3,225.5,205.5,278.5,,,74.8,,,34.2,83.4,213.5,78.6,237.0,51.5,40.4,83.1,57.0
45.9,41.3,56.9,82.4,77.1,70.9,12.0,39.85,71.3,32.85,32.85,337.5,158.0,34.1,49.55,276.0,11.35,25.25,32.1,59.4,195.0,72.9,24.95,15.75,25.0,40.45,346.0,420.0,42.7,77.7,64.2,48.95,29.9,382.0,388.0,397.5,54.3,15.75,208.0,39.55,19.65,106.5,25.95,51.0,21.0,135.5,8.4,12.25,18.75,47.85,15.25,22.05,75.7,29.6,328.0,86.5,9.69,47.35,51.0,95.5,86.8,32.25,84.1,243.0,8.3,12.95,96.1,171.0,76.6,28.35,108.0,518.0,281.5,12.25,135.0,67.8,16.85,50.2,10.2,15.65,14.6,,219.5,18.95,29.5,10.7,29.0,9.41,11.0,17.9,18.75,45.1,47.9,9.65,19.2,16.45,25.2,15.85,9.44,13.95,20.25,19.3,239.5,78.7,2425.0,36.35,154.0,57.6,90.8,133.5,29.65,98.8,91.0,14.65,36.0,266.0,17.85,42.25,26.45,67.5,45.7,59.9,,98.6,180.5,40.75,75.0,17.25,11.9,139.5,53.8,83.1,78.3,225.5,205.5,278.5,,,74.8,,,34.2,83.4,213.5,78.6,236.5,51.5,40.4,83.1,57.0
45.95,41.35,56.9,82.4,77.1,71.0,11.95,39.85,71.3,32.8,32.85,337.0,158.0,34.1,49.55,275.5,11.35,25.25,32.1,59.4,195.0,72.9,24.95,15.75,25.05,40.45,346.5,420.0,42.7,77.6,64.2,48.95,29.85,382.0,388.0,397.5,54.3,15.7,208.0,39.55,19.65,106.5,25.95,51.0,21.05,135.0,8.41,12.25,18.75,47.9,15.3,21.95,75.6,29.65,328.0,86.4,9.69,47.35,50.9,95.5,86.8,32.25,84.3,243.0,8.3,13.0,96.1,171.0,76.6,28.35,108.0,518.0,281.5,12.15,135.0,67.8,16.85,50.2,10.15,15.65,14.6,,219.5,18.95,29.55,10.7,28.95,9.41,11.0,17.9,18.8,45.05,47.9,9.66,19.2,16.45,25.2,15.8,9.44,14.0,20.25,19.3,239.5,78.8,2420.0,36.35,154.0,57.6,90.7,133.5,29.65,98.8,91.1,14.65,36.0,266.0,17.85,42.25,26.45,67.5,45.7,59.9,,98.6,180.5,40.7,75.0,17.25,11.9,140.0,53.8,83.1,78.3,225.5,205.5,278.5,,,74.9,,,34.2,83.4,213.5,78.6,236.5,51.5,40.45,83.1,57.0
45.9,41.35,56.9,82.4,77.1,70.9,12.0,39.85,71.3,32.85,32.85,337.0,158.0,34.1,49.55,275.5,11.35,25.3,32.1,59.3,195.0,72.9,25.0,15.75,25.05,40.45,346.5,420.0,42.7,77.6,64.2,49.0,29.85,382.0,388.0,397.5,54.4,15.7,208.0,39.55,19.65,107.0,25.95,51.0,21.05,135.5,8.42,12.25,18.75,47.85,15.25,21.95,75.6,29.65,328.5,86.4,9.69,47.4,50.9,95.5,86.8,32.25,84.3,243.0,8.3,13.0,96.1,171.0,76.6,28.35,108.0,518.0,281.5,12.15,135.5,67.8,16.8,50.2,10.15,15.65,14.6,,219.5,18.9,29.55,10.7,28.95,9.41,11.0,17.9,18.75,45.1,47.9,9.66,19.2,16.45,25.2,15.85,9.44,13.95,20.3,19.25,239.5,78.8,2425.0,36.35,154.0,57.6,90.7,133.5,29.65,98.8,91.1,14.65,36.0,266.0,17.9,42.3,26.45,67.6,45.7,59.9,,98.5,181.0,40.75,74.9,17.25,11.85,140.0,53.8,83.2,78.3,225.5,205.5,278.5,,,74.8,,,34.25,83.4,213.0,78.6,236.5,51.5,40.45,83.0,57.0
45.9,41.35,56.9,82.4,77.1,70.9,12.0,39.85,71.2,32.85,32.8,337.0,158.0,34.1,49.55,276.0,11.35,25.3,32.1,59.3,195.0,72.9,25.0,15.75,25.05,40.45,346.0,420.0,42.7,77.7,64.2,49.0,29.85,382.0,388.0,398.0,54.2,15.7,208.0,39.55,19.65,106.5,25.95,51.0,21.05,135.0,8.42,12.25,18.75,47.85,15.25,22.0,75.6,29.65,328.5,86.4,9.69,47.35,50.9,95.5,86.8,32.25,84.3,243.0,8.3,13.0,96.1,171.0,76.6,28.3,108.0,519.0,281.5,12.15,135.5,67.9,16.8,50.2,10.2,15.65,14.6,,219.5,18.9,29.55,10.7,29.0,9.42,11.0,17.85,18.75,45.05,47.9,9.66,19.15,16.45,25.2,15.85,9.44,13.95,20.25,19.3,239.5,78.7,2425.0,36.35,154.0,57.6,90.7,133.5,29.65,98.8,91.0,14.65,36.0,266.0,17.9,42.25,26.45,67.6,45.7,59.8,,98.5,181.0,40.7,74.9,17.25,11.9,140.5,53.8,83.2,78.2,225.5,205.5,278.5,,,74.9,,,34.2,83.4,213.5,78.6,236.5,51.5,40.45,83.1,57.0
45.9,41.35,56.9,82.4,77.1,70.9,12.0,39.85,71.3,32.85,32.85,337.0,158.5,34.1,49.5,276.0,11.3,25.3,32.1,59.3,195.0,72.9,24.95,15.75,25.05,40.45,346.0,420.0,42.7,77.6,64.2,48.95,29.85,382.0,388.0,398.0,54.2,15.7,208.0,39.5,19.7,106.5,26.0,51.0,21.1,135.5,8.41,12.2,18.75,47.9,15.25,22.0,75.6,29.65,328.0,86.3,9.69,47.35,50.9,95.5,86.8,32.25,84.2,243.0,8.3,13.0,96.1,171.0,76.6,28.3,107.5,518.0,281.5,12.15,135.5,67.9,16.8,50.2,10.2,15.65,14.6,,219.5,18.95,29.55,10.65,28.95,9.41,11.0,17.85,18.75,45.05,47.9,9.65,19.2,16.45,25.25,15.85,9.44,13.95,20.25,19.3,239.5,78.7,2430.0,36.4,154.0,57.6,90.8,133.5,29.6,98.8,91.0,14.65,36.0,266.0,17.85,42.3,26.45,67.6,45.7,59.8,,98.5,181.0,40.75,74.9,17.2,11.9,140.5,53.8,83.2,78.2,225.5,206.0,279.0,,,74.8,,,34.2,83.4,214.0,78.6,236.5,51.5,40.45,83.1,57.0
45.9,41.35,56.9,82.5,77.1,71.0,12.0,39.8,71.3,32.85,32.85,337.0,158.5,34.1,49.45,275.5,11.35,25.3,32.1,59.3,195.0,72.9,24.95,15.75,25.05,40.45,346.0,420.0,42.7,77.7,64.2,48.95,29.8,382.0,388.0,398.0,54.2,15.75,208.0,39.5,19.7,106.5,25.95,51.0,21.1,135.5,8.4,12.2,18.75,47.9,15.3,22.0,75.6,29.65,328.5,86.3,9.69,47.35,50.9,95.5,86.8,32.25,84.2,243.0,8.3,13.0,96.2,171.0,76.6,28.3,107.5,519.0,282.0,12.15,135.5,67.8,16.8,50.2,10.2,15.65,14.6,,219.5,18.9,29.55,10.7,28.95,9.41,11.0,17.85,18.8,45.1,47.85,9.66,19.15,16.45,25.2,15.9,9.44,14.0,20.25,19.3,239.5,78.7,2430.0,36.4,154.0,57.6,90.7,133.0,29.6,98.8,91.0,14.65,36.0,266.0,17.85,42.25,26.45,67.6,45.7,59.8,,98.5,181.0,40.7,75.0,17.25,11.9,140.5,53.8,83.3,78.2,225.0,206.0,278.5,,,74.9,,,34.25,83.4,214.0,78.6,236.5,51.5,40.45,83.1,57.0
45.9,41.35,56.9,82.5,77.1,71.0,12.0,39.8,71.2,32.85,32.85,337.5,158.0,34.05,49.45,276.0,11.3,25.3,32.1,59.4,194.5,72.9,24.95,15.75,25.05,40.45,346.0,420.0,42.7,77.7,64.3,49.0,29.8,382.0,388.0,398.0,54.2,15.7,208.0,39.5,19.7,107.0,25.95,51.0,21.05,135.5,8.4,12.2,18.75,47.85,15.3,21.95,75.6,29.65,328.5,86.2,9.7,47.4,50.9,95.5,86.8,32.25,84.2,243.0,8.3,13.0,96.2,171.0,76.6,28.3,108.0,519.0,281.5,12.2,135.0,67.8,16.8,50.2,10.15,15.65,14.6,,219.5,18.9,29.55,10.7,28.95,9.42,11.0,17.85,18.8,45.1,47.9,9.65,19.15,16.4,25.2,15.9,9.44,13.95,20.3,19.3,239.5,78.5,2430.0,36.4,153.5,57.6,90.7,133.5,29.6,98.8,91.0,14.65,36.0,266.0,17.9,42.3,26.45,67.7,45.65,59.8,,98.5,181.0,40.75,75.0,17.25,11.9,140.5,53.7,83.2,78.2,225.0,206.0,278.5,,,74.9,,,34.2,83.3,214.0,78.6,236.5,51.5,40.4,83.1,57.0
45.9,41.35,56.9,82.5,77.1,70.9,12.0,39.85,71.3,32.85,32.85,337.5,158.0,34.1,49.45,276.0,11.3,25.3,32.1,59.4,195.0,72.9,24.95,15.75,25.05,40.45,346.0,420.0,42.7,77.7,64.3,49.0,29.8,382.0,388.0,398.0,54.1,15.7,207.5,39.6,19.7,107.0,25.95,51.0,21.05,135.5,8.4,12.2,18.75,47.9,15.3,22.0,75.7,29.6,329.0,86.2,9.69,47.3,50.9,95.5,86.8,32.2,84.2,243.0,8.3,13.0,96.1,171.0,76.6,28.35,108.0,520.0,281.5,12.2,135.0,67.8,16.8,50.2,10.15,15.65,14.6,,219.5,18.9,29.55,10.65,29.0,9.41,11.0,17.85,18.75,45.1,47.9,9.65,19.15,16.4,25.2,15.85,9.44,14.0,20.3,19.3,239.5,78.5,2430.0,36.4,154.0,57.5,90.7,133.5,29.65,98.8,91.0,14.65,36.0,266.0,17.85,42.3,26.45,67.6,45.65,59.8,,98.5,181.0,40.75,74.9,17.25,11.85,141.0,53.8,83.2,78.2,225.0,206.0,278.5,,,74.8,,,34.2,83.3,214.0,78.6,237.0,51.5,40.45,83.0,56.9
45.9,41.35,56.8,82.5,77.0,71.0,12.0,39.85,71.3,32.9,32.85,337.5,158.0,34.1,49.5,275.5,11.35,25.3,32.1,59.4,195.5,72.9,24.95,15.75,25.05,40.45,346.0,420.0,42.7,77.7,64.3,49.0,29.8,382.0,388.0,398.0,54.1,15.75,208.0,39.5,19.75,107.0,25.95,51.0,21.05,135.5,8.4,12.2,18.75,47.85,15.35,22.0,75.6,29.65,328.5,86.2,9.69,47.3,50.9,95.4,86.8,32.25,84.2,243.0,8.3,13.0,96.1,171.0,76.6,28.35,108.0,520.0,282.0,12.2,135.5,67.9,16.8,50.3,10.15,15.65,14.6,,219.5,18.9,29.55,10.7,28.95,9.42,11.0,17.85,18.75,45.05,47.9,9.66,19.1,16.45,25.2,15.85,9.43,13.95,20.3,19.3,239.0,78.6,2430.0,36.3,154.0,57.5,90.8,133.0,29.6,98.9,91.0,14.6,36.0,266.0,17.9,42.3,26.45,67.6,45.65,59.9,,98.5,181.0,40.7,74.9,17.25,11.9,141.0,53.7,83.2,78.2,225.0,206.5,278.5,,,74.8,,,34.25,83.3,214.0,78.6,237.0,51.5,40.4,83.0,56.9
45.9,41.35,56.9,82.5,77.1,70.9,12.0,39.85,71.3,32.9,32.8,337.0,158.0,34.15,49.45,275.5,11.35,25.3,32.1,59.4,195.5,72.9,25.0,15.75,25.05,40.45,346.0,420.0,42.7,77.7,64.2,49.0,29.8,382.0,388.0,398.0,54.0,15.7,208.0,39.6,19.75,107.0,25.95,51.0,21.05,135.5,8.4,12.25,18.8,47.85,15.4,22.0,75.6,29.6,328.5,86.2,9.69,47.3,51.0,95.5,86.8,32.25,84.2,243.0,8.3,12.95,96.2,171.0,76.6,28.3,108.0,520.0,282.0,12.2,135.0,67.9,16.8,50.3,10.2,15.65,14.6,,219.5,18.95,29.55,10.65,28.95,9.42,11.0,17.85,18.75,45.1,47.85,9.65,19.1,16.4,25.2,15.9,9.43,14.0,20.3,19.3,239.0,78.6,2430.0,36.4,154.0,57.5,90.7,133.5,29.65,98.8,91.0,14.6,36.0,265.5,17.85,42.3,26.45,67.6,45.7,59.9,,98.5,181.0,40.7,74.9,17.2,11.9,141.0,53.7,83.2,78.2,225.0,206.5,278.5,,,74.9,,,34.25,83.3,214.0,78.5,237.0,51.5,40.4,83.0,57.0
45.9,41.35,57.0,82.5,77.1,70.9,12.0,39.85,71.2,32.9,32.8,337.0,158.0,34.1,49.5,276.0,11.35,25.3,32.1,59.4,195.5,72.8,25.0,15.75,25.05,40.45,346.5,420.0,42.7,77.7,64.4,49.0,29.85,382.0,388.0,398.0,54.0,15.7,208.0,39.6,19.75,106.5,26.0,50.9,21.1,135.0,8.4,12.25,18.8,47.85,15.4,22.0,75.7,29.6,328.5,86.2,9.71,47.3,50.9,95.4,86.8,32.25,84.2,243.0,8.3,13.0,96.1,171.0,76.6,28.3,108.0,520.0,281.5,12.2,135.0,67.8,16.8,50.3,10.2,15.65,14.6,,219.5,18.95,29.55,10.65,29.0,9.41,11.0,17.85,18.75,45.1,47.9,9.66,19.15,16.45,25.2,15.85,9.44,14.0,20.25,19.25,239.0,78.6,2430.0,36.4,154.0,57.5,90.8,133.5,29.65,98.8,91.0,14.65,36.0,265.5,17.9,42.3,26.45,67.6,45.65,60.0,,98.5,181.0,40.7,74.9,17.25,11.9,140.5,53.7,83.2,78.1,225.5,206.5,278.5,,,74.8,,,34.2,83.3,214.0,78.5,237.0,51.5,40.4,83.1,56.9
45.9,41.35,56.9,82.5,77.1,70.9,12.0,39.85,71.3,32.9,32.8,337.5,158.0,34.1,49.5,276.0,11.35,25.3,32.1,59.4,195.5,72.9,24.95,15.75,25.05,40.45,346.5,420.0,42.7,77.7,64.4,49.0,29.9,382.0,388.0,398.0,54.1,15.7,207.5,39.6,19.8,106.5,25.95,51.0,21.1,135.0,8.4,12.2,18.8,47.85,15.45,21.95,75.6,29.6,328.0,86.1,9.71,47.3,50.9,95.4,86.8,32.25,84.2,243.0,8.3,13.0,96.1,171.0,76.5,28.3,108.0,520.0,281.5,12.2,135.5,67.9,16.8,50.2,10.2,15.65,14.6,,219.5,18.95,29.55,10.7,29.0,9.42,11.0,17.85,18.75,45.1,47.85,9.66,19.1,16.45,25.25,15.85,9.43,13.95,20.3,19.3,239.0,78.6,2430.0,36.3,154.0,57.5,90.7,133.5,29.65,98.8,91.0,14.65,36.0,266.0,17.9,42.3,26.45,67.6,45.7,60.0,,98.6,181.0,40.7,75.0,17.2,11.9,140.0,53.7,83.2,78.1,225.5,206.5,278.0,,,74.9,,,34.2,83.3,213.5,78.5,237.0,51.5,40.4,83.1,56.9
45.9,41.35,56.9,82.5,77.1,70.9,12.0,39.85,71.3,32.85,32.85,337.5,158.0,34.1,49.5,275.5,11.35,25.3,32.1,59.4,195.5,72.9,24.95,15.75,25.0,40.45,346.5,420.0,42.7,77.7,64.4,48.95,29.85,382.0,388.0,398.5,54.1,15.7,208.0,39.55,19.8,107.0,25.95,51.0,21.15,135.5,8.4,12.25,18.8,47.85,15.45,22.0,75.6,29.55,328.0,86.1,9.7,47.3,50.9,95.5,86.8,32.25,84.2,242.5,8.3,13.0,96.1,171.0,76.6,28.3,108.0,521.0,282.0,12.2,135.5,67.9,16.8,50.2,10.2,15.65,14.6,,219.5,18.9,29.5,10.7,28.95,9.42,11.0,17.85,18.75,45.1,47.9,9.66,19.15,16.45,25.2,15.85,9.44,13.95,20.25,19.3,239.0,78.6,2430.0,36.3,154.0,57.5,90.8,133.0,29.65,98.8,91.0,14.65,36.0,265.5,17.95,42.3,26.45,67.6,45.7,60.0,,98.6,181.0,40.7,74.9,17.25,11.95,140.5,53.8,83.2,78.1,225.5,206.5,278.0,,,74.8,,,34.2,83.3,213.5,78.5,237.0,51.5,40.4,83.2,56.9
45.9,41.35,56.9,82.5,77.1,70.9,12.0,39.85,71.3,32.9,32.85,337.5,158.0,34.15,49.55,275.5,11.35,25.3,32.1,59.4,195.5,72.9,24.95,15.75,25.05,40.45,347.0,420.0,42.75,77.8,64.5,49.0,29.9,382.0,388.0,398.5,54.1,15.7,207.5,39.55,19.8,107.0,25.95,51.0,21.15,135.0,8.39,12.25,18.8,47.9,15.45,21.95,75.6,29.55,328.0,86.1,9.7,47.15,51.0,95.5,86.8,32.25,84.1,242.5,8.3,13.0,96.1,171.0,76.6,28.25,107.5,520.0,282.0,12.2,135.5,67.9,16.8,50.2,10.15,15.65,14.6,,219.5,18.95,29.55,10.7,29.0,9.42,11.0,17.85,18.8,45.1,47.85,9.66,19.1,16.45,25.2,15.9,9.44,14.0,20.25,19.25,239.0,78.6,2430.0,36.3,154.0,57.6,90.7,133.5,29.6,98.8,91.0,14.65,36.0,265.5,17.9,42.25,26.45,67.6,45.65,60.0,,98.6,181.0,40.7,74.9,17.2,11.9,140.5,53.8,83.2,78.2,225.5,206.5,278.5,,,74.9,,,34.2,83.4,213.5,78.5,237.0,51.5,40.4,83.2,57.0
45.9,41.35,56.9,82.5,77.1,70.9,12.0,39.85,71.3,32.9,32.85,337.5,158.0,34.1,49.55,275.0,11.3,25.3,32.1,59.4,195.5,72.9,24.95,15.75,25.05,40.45,347.0,420.5,42.75,77.7,64.4,48.95,29.85,382.0,388.0,398.5,54.0,15.7,207.5,39.55,19.8,107.0,25.95,51.0,21.15,135.5,8.39,12.25,18.8,47.9,15.4,22.0,75.6,29.6,328.0,86.2,9.7,47.1,51.0,95.5,86.8,32.25,84.2,242.5,8.3,13.0,96.1,171.0,76.6,28.3,108.0,520.0,281.5,12.2,135.5,67.9,16.8,50.3,10.15,15.65,14.6,,219.5,18.9,29.55,10.7,29.0,9.42,11.0,17.85,18.75,45.1,47.9,9.66,19.15,16.45,25.2,15.85,9.42,14.0,20.25,19.3,239.5,78.5,2435.0,36.3,154.5,57.4,90.7,133.5,29.6,98.9,91.0,14.65,36.0,265.5,17.85,42.3,26.4,67.6,45.6,60.1,,98.6,181.0,40.7,75.0,17.2,11.95,140.0,53.8,83.2,78.2,225.5,206.5,278.5,,,74.9,,,34.2,83.4,213.5,78.5,237.0,51.5,40.4,83.2,57.0
45.9,41.4,57.0,82.5,77.1,71.0,11.95,39.85,71.3,32.9,32.85,337.5,158.0,34.15,49.55,275.0,11.3,25.3,32.1,59.4,195.0,72.9,24.95,15.75,25.05,40.45,347.0,420.5,42.75,77.7,64.4,48.95,29.85,382.0,388.0,398.5,54.0,15.7,207.5,39.55,19.8,107.0,25.95,51.0,21.15,135.0,8.4,12.2,18.8,47.9,15.45,21.95,75.6,29.55,328.0,86.3,9.71,47.1,51.0,95.5,86.8,32.2,84.1,242.5,8.3,13.0,96.1,171.0,76.6,28.3,108.0,520.0,281.5,12.2,135.5,67.9,16.85,50.2,10.15,15.65,14.6,,219.5,18.9,29.55,10.7,29.05,9.41,10.95,17.85,18.75,45.1,47.9,9.66,19.1,16.4,25.2,15.85,9.44,13.95,20.25,19.25,239.5,78.5,2440.0,36.3,154.5,57.5,90.8,133.0,29.65,98.9,91.0,14.65,36.0,266.0,17.85,42.3,26.4,67.6,45.6,60.2,,98.6,180.5,40.7,74.9,17.25,11.9,140.0,53.8,83.2,78.2,225.5,206.5,278.5,,,74.9,,,34.2,83.4,213.5,78.5,237.0,51.5,40.4,83.2,57.0
45.95,41.4,56.9,82.5,77.0,71.0,11.95,39.85,71.2,32.85,32.85,337.5,158.0,34.1,49.55,275.0,11.35,25.3,32.1,59.4,195.0,72.9,24.95,15.75,25.05,40.45,347.0,420.5,42.75,77.7,64.2,48.95,29.85,382.0,388.0,398.5,54.0,15.75,207.5,39.55,19.8,107.0,25.95,51.0,21.15,135.0,8.4,12.25,18.8,47.9,15.4,21.95,75.6,29.6,328.0,86.4,9.71,47.0,51.0,95.5,86.9,32.25,84.2,242.5,8.3,13.0,96.1,171.0,76.5,28.3,107.5,521.0,282.0,12.2,135.0,67.9,16.85,50.2,10.15,15.65,14.55,,219.5,18.9,29.55,10.7,29.0,9.42,10.95,17.85,18.75,45.1,47.9,9.66,19.15,16.45,25.2,15.85,9.43,13.95,20.25,19.25,239.0,78.6,2440.0,36.3,154.0,57.5,90.7,133.0,29.6,99.0,91.0,14.65,36.0,266.0,17.85,42.3,26.4,67.7,45.6,60.3,,98.5,181.0,40.7,75.0,17.25,11.9,140.0,53.8,83.2,78.2,225.5,206.5,278.0,,,74.9,,,34.2,83.4,213.5,78.5,237.0,51.5,40.4,83.0,57.0
45.9,41.4,56.9,82.5,77.1,70.9,12.0,39.85,71.2,32.85,32.85,337.5,158.0,34.15,49.55,276.0,11.3,25.3,32.1,59.4,195.0,72.9,24.95,15.75,25.05,40.45,347.0,420.5,42.75,77.6,64.2,48.95,29.85,382.0,388.0,398.5,54.0,15.7,208.0,39.55,19.8,107.0,25.9,51.0,21.2,135.0,8.39,12.25,18.8,47.9,15.4,21.95,75.6,29.6,328.0,86.4,9.71,47.0,51.0,95.4,86.9,32.2,84.2,242.5,8.3,13.0,96.1,171.0,76.5,28.3,107.5,521.0,281.5,12.2,135.0,67.8,16.85,50.2,10.2,15.65,14.55,,219.5,18.9,29.55,10.7,29.0,9.43,11.0,17.85,18.75,45.1,47.95,9.65,19.1,16.45,25.25,15.9,9.43,14.0,20.25,19.3,239.0,78.5,2440.0,36.35,154.5,57.5,90.7,133.5,29.65,99.0,91.0,14.65,36.0,266.0,17.9,42.3,26.4,67.6,45.6,60.5,,98.5,181.0,40.7,75.0,17.2,11.9,139.5,53.8,83.2,78.2,225.5,206.5,278.0,,,74.9,,,34.2,83.4,213.5,78.5,237.0,51.5,40.45,83.0,57.0
45.9,41.35,56.9,82.5,77.0,70.9,11.95,39.85,71.3,32.9,32.85,338.0,158.0,34.1,49.55,276.0,11.3,25.3,32.1,59.4,195.0,72.9,24.95,15.75,25.05,40.45,347.0,420.5,42.75,77.7,64.2,48.95,29.8,382.0,388.0,398.5,54.0,15.7,207.5,39.6,19.8,107.0,25.95,51.1,21.2,135.5,8.39,12.25,18.8,47.9,15.4,21.95,75.6,29.6,328.0,86.5,9.72,47.05,51.0,95.4,86.9,32.2,84.2,242.5,8.3,13.0,96.1,171.0,76.5,28.25,108.0,520.0,281.5,12.2,135.0,67.8,16.85,50.2,10.15,15.65,14.6,,219.5,18.9,29.55,10.7,29.0,9.42,11.0,17.85,18.75,45.1,47.95,9.66,19.15,16.45,25.2,15.85,9.43,14.0,20.3,19.25,239.0,78.6,2440.0,36.35,154.5,57.5,90.8,133.5,29.6,98.9,91.1,14.65,36.0,266.0,17.9,42.25,26.4,67.6,45.6,60.5,,98.5,181.0,40.7,75.0,17.25,11.9,140.0,53.9,83.2,78.1,225.5,206.5,278.0,,,74.9,,,34.2,83.4,213.5,78.5,236.5,51.5,40.4,83.1,56.9
45.9,41.35,57.0,82.5,77.1,70.9,11.95,39.85,71.3,32.9,32.85,338.0,158.5,34.1,49.55,276.0,11.3,25.3,32.1,59.4,195.0,72.9,24.95,15.75,25.05,40.45,347.5,421.0,42.75,77.7,64.2,48.95,29.8,382.0,388.0,398.5,54.0,15.7,208.0,39.55,19.85,106.5,25.95,51.0,21.15,135.0,8.4,12.25,18.8,47.9,15.4,21.95,75.7,29.6,328.5,86.5,9.72,47.0,51.0,95.5,86.9,32.2,84.2,242.5,8.3,13.0,96.2,171.0,76.6,28.3,108.0,521.0,282.0,12.2,135.0,67.8,16.85,50.2,10.15,15.65,14.6,,219.5,18.9,29.5,10.7,29.0,9.42,11.0,17.85,18.75,45.1,47.9,9.65,19.1,16.4,25.2,15.85,9.43,13.95,20.25,19.25,239.0,78.5,2440.0,36.3,154.5,57.5,90.8,133.0,29.65,98.9,91.1,14.65,36.0,266.0,17.85,42.25,26.45,67.6,45.6,60.4,,98.4,181.0,40.7,75.0,17.25,11.9,140.5,53.8,83.2,78.2,225.5,206.5,278.0,,,74.9,,,34.2,83.4,213.5,78.5,237.0,51.5,40.4,83.1,57.0
45.9,41.35,57.0,82.4,77.0,70.9,11.95,39.85,71.3,32.9,32.85,338.0,158.5,34.1,49.5,275.5,11.3,25.3,32.1,59.4,195.0,72.9,25.0,15.75,25.05,40.4,347.5,420.5,42.75,77.7,64.1,48.95,29.8,382.0,388.0,398.5,54.1,15.7,208.0,39.55,19.85,107.0,25.95,51.1,21.15,135.5,8.4,12.2,18.8,47.9,15.4,21.95,75.7,29.6,328.0,86.5,9.72,47.05,50.9,95.5,86.9,32.2,84.2,242.5,8.3,13.0,96.1,170.5,76.7,28.25,108.0,521.0,281.5,12.2,135.0,67.9,16.85,50.2,10.2,15.65,14.6,,219.5,18.9,29.55,10.7,29.0,9.43,10.95,17.85,18.75,45.1,47.95,9.65,19.15,16.45,25.25,15.85,9.43,14.0,20.25,19.3,239.0,78.5,2440.0,36.3,154.0,57.5,90.8,133.5,29.6,98.9,91.1,14.65,36.0,266.0,17.9,42.25,26.45,67.7,45.6,60.4,,98.5,181.0,40.7,74.9,17.2,11.9,140.5,53.7,83.2,78.2,225.5,206.0,278.0,,,74.8,,,34.2,83.4,213.5,78.6,237.0,51.5,40.4,83.1,56.9
45.95,41.35,57.0,82.4,77.0,70.9,11.95,39.85,71.2,32.9,32.85,338.0,158.5,34.1,49.5,276.0,11.35,25.25,32.1,59.4,195.0,72.9,24.95,15.75,25.05,40.4,348.0,420.5,42.7,77.7,64.1,48.9,29.8,382.0,388.0,398.5,54.1,15.7,208.0,39.55,19.85,107.0,26.0,51.1,21.15,135.0,8.39,12.25,18.8,47.9,15.4,21.95,75.6,29.55,328.5,86.6,9.72,47.1,51.0,95.5,86.9,32.2,84.2,243.0,8.3,13.0,96.1,170.5,76.8,28.25,108.0,521.0,282.0,12.15,135.0,67.8,16.8,50.2,10.2,15.65,14.6,,219.5,18.9,29.55,10.65,29.0,9.43,10.95,17.9,18.75,45.05,47.9,9.65,19.1,16.4,25.25,15.9,9.43,13.95,20.3,19.3,240.0,78.6,2445.0,36.3,154.0,57.5,90.7,133.5,29.65,98.7,91.1,14.7,36.0,266.5,17.9,42.3,26.4,67.7,45.6,60.4,,98.6,181.0,40.7,75.0,17.2,11.9,140.0,53.7,83.2,78.2,225.5,206.0,278.0,,,74.9,,,34.15,83.4,213.5,78.6,237.0,51.5,40.4,83.1,56.9
45.9,41.35,56.9,82.4,77.0,70.9,11.95,39.85,71.2,32.9,32.85,338.0,158.5,34.1,49.55,276.0,11.3,25.25,32.1,59.4,195.0,72.9,25.0,15.75,25.05,40.4,347.5,420.5,42.75,77.7,64.1,48.95,29.8,382.0,388.0,398.5,54.2,15.7,208.0,39.6,19.85,107.0,26.0,51.0,21.15,135.5,8.39,12.2,18.8,47.9,15.45,22.0,75.6,29.6,328.0,86.5,9.72,47.05,50.9,95.5,87.0,32.2,84.2,243.0,8.3,13.0,96.1,171.0,76.8,28.25,108.0,520.0,282.0,12.15,135.0,67.8,16.8,50.2,10.2,15.65,14.55,,219.5,18.95,29.55,10.7,29.0,9.43,10.95,17.9,18.8,45.05,47.95,9.66,19.15,16.45,25.2,15.9,9.43,14.0,20.25,19.35,240.0,78.7,2445.0,36.3,154.0,57.4,90.7,133.0,29.65,98.9,91.1,14.7,36.0,266.5,17.9,42.3,26.4,67.8,45.6,60.4,,98.6,181.0,40.7,74.9,17.25,11.95,140.5,53.7,83.2,78.2,225.5,206.0,278.0,,,74.9,,,34.15,83.3,213.5,78.6,237.0,51.4,40.4,83.1,57.0
45.95,41.4,57.0,82.4,77.0,70.9,11.95,39.9,71.3,32.95,32.85,338.0,158.5,34.1,49.55,275.5,11.35,25.25,32.1,59.4,195.0,72.9,25.0,15.75,25.05,40.4,347.5,420.5,42.75,77.7,64.2,48.95,29.8,382.0,388.0,398.5,54.1,15.7,208.0,39.6,19.85,107.0,25.95,51.1,21.15,135.5,8.39,12.2,18.8,47.9,15.45,22.0,75.6,29.6,328.0,86.6,9.72,47.15,50.9,95.5,87.0,32.2,84.2,243.0,8.3,13.0,96.1,171.0,76.8,28.25,108.0,521.0,281.5,12.15,135.0,67.9,16.8,50.3,10.2,15.65,14.6,,219.5,18.95,29.6,10.65,29.0,9.43,10.95,17.9,18.8,45.05,47.9,9.65,19.1,16.45,25.2,15.9,9.44,13.95,20.3,19.3,240.0,78.7,2445.0,36.3,154.0,57.4,90.7,133.5,29.6,98.9,91.1,14.7,36.0,266.5,17.9,42.25,26.45,67.8,45.6,60.3,,98.6,181.0,40.7,74.9,17.2,11.95,140.5,53.7,83.2,78.2,225.5,206.0,278.0,,,74.9,,,34.2,83.3,213.5,78.6,237.0,51.4,40.4,83.1,56.9
45.9,41.35,56.9,82.4,77.0,70.9,11.95,39.9,71.2,32.95,32.85,338.0,158.0,34.1,49.55,276.0,11.35,25.25,32.1,59.4,195.0,72.9,24.95,15.8,25.05,40.4,347.5,420.5,42.75,77.7,64.2,48.95,29.8,382.0,388.0,398.5,54.2,15.7,208.0,39.55,19.8,107.0,25.95,51.0,21.15,135.0,8.39,12.2,18.8,47.95,15.5,21.95,75.6,29.55,328.0,86.8,9.72,47.2,50.9,95.5,87.0,32.2,84.2,243.0,8.3,13.0,96.1,171.0,76.8,28.3,108.0,520.0,282.0,12.15,135.0,67.9,16.8,50.3,10.2,15.65,14.6,,219.5,18.9,29.55,10.7,29.0,9.43,11.0,17.9,18.75,45.0,47.9,9.66,19.15,16.45,25.2,15.9,9.43,14.0,20.25,19.3,239.0,78.7,2445.0,36.3,154.0,57.4,90.8,133.5,29.65,98.9,91.1,14.7,36.0,266.0,17.9,42.25,26.4,67.8,45.65,60.3,,98.6,181.0,40.7,75.0,17.25,11.9,140.0,53.8,83.2,78.2,225.5,206.0,278.5,,,74.8,,,34.25,83.2,213.5,78.6,237.0,51.5,40.45,83.1,57.0
45.9,41.3,56.9,82.4,77.1,70.9,12.0,39.9,71.3,32.95,32.85,338.0,158.0,34.1,49.55,276.0,11.35,25.25,32.1,59.4,195.0,72.9,24.95,15.75,25.05,40.4,347.5,420.5,42.7,77.7,64.2,48.95,29.8,382.0,388.0,397.0,54.2,15.65,207.5,39.55,19.8,107.0,25.95,50.9,21.15,135.5,8.39,12.25,18.8,47.9,15.5,21.95,75.7,29.6,328.5,86.9,9.71,47.25,50.9,95.5,87.0,32.2,84.2,243.0,8.3,13.0,96.1,171.0,76.8,28.25,108.0,521.0,282.0,12.15,134.5,67.9,16.8,50.3,10.2,15.65,14.6,,219.5,18.9,29.6,10.65,29.0,9.42,11.0,17.9,18.75,45.0,47.9,9.66,19.1,16.4,25.25,15.85,9.43,14.0,20.3,19.3,239.5,78.7,2450.0,36.3,154.0,57.4,90.7,133.5,29.65,98.9,91.2,14.7,36.0,266.0,17.85,42.25,26.4,67.8,45.65,60.3,,98.6,181.0,40.7,74.9,17.25,11.95,140.0,53.7,83.2,78.3,225.5,206.0,279.0,,,74.8,,,34.3,83.2,213.5,78.6,237.0,51.5,40.45,83.1,56.9
45.9,41.3,56.9,82.4,77.1,70.9,11.95,39.9,71.3,32.95,32.85,338.0,158.0,34.1,49.55,275.5,11.35,25.3,32.1,59.4,195.0,72.9,25.0,15.75,25.05,40.4,347.5,420.5,42.7,77.7,64.1,48.95,29.8,382.0,388.0,397.0,54.2,15.65,208.0,39.6,19.8,107.0,25.95,50.9,21.15,135.5,8.39,12.25,18.85,47.95,15.5,22.0,75.7,29.6,328.5,87.0,9.71,47.25,50.9,95.5,86.9,32.25,84.2,243.0,8.3,13.0,96.1,171.0,76.8,28.25,107.5,520.0,281.5,12.15,135.0,67.8,16.85,50.3,10.2,15.65,14.6,,219.5,18.9,29.6,10.65,29.0,9.43,11.0,17.9,18.75,45.05,47.95,9.66,19.15,16.4,25.2,15.85,9.43,14.0,20.25,19.3,239.5,78.7,2445.0,36.3,154.0,57.4,90.8,133.5,29.65,98.9,91.1,14.7,36.0,266.0,17.9,42.25,26.4,67.7,45.6,60.3,,98.6,181.0,40.75,74.9,17.25,11.9,140.5,53.7,83.2,78.3,225.0,206.0,278.5,,,74.8,,,34.25,83.2,213.5,78.6,237.0,51.5,40.45,83.1,56.9
45.95,41.3,56.9,82.4,77.1,71.0,11.95,39.9,71.3,32.9,32.85,338.0,158.0,34.1,49.65,275.5,11.35,25.3,32.1,59.4,195.0,72.9,25.0,15.75,25.05,40.4,347.5,419.0,42.7,77.7,64.1,48.95,29.8,382.0,389.0,397.0,54.2,15.7,207.5,39.55,19.8,107.0,25.95,51.0,21.15,135.5,8.4,12.25,18.8,47.95,15.5,21.95,75.6,29.55,328.0,87.2,9.71,47.25,50.7,95.5,86.9,32.25,84.2,243.0,8.3,13.0,96.1,171.0,76.9,28.3,107.5,520.0,281.5,12.15,135.0,67.7,16.85,50.3,10.2,15.65,14.6,,219.5,18.9,29.55,10.7,28.95,9.43,11.0,17.9,18.8,45.0,47.9,9.65,19.1,16.4,25.2,15.85,9.43,13.95,20.3,19.3,239.5,78.7,2440.0,36.3,154.0,57.5,90.8,133.5,29.65,98.9,91.1,14.7,36.0,266.0,17.9,42.3,26.4,67.8,45.6,60.3,,98.5,181.0,40.75,74.9,17.25,11.9,140.0,53.7,83.2,78.3,225.0,206.0,278.5,,,74.9,,,34.25,83.2,213.5,78.6,237.0,51.5,40.45,83.1,56.9
46.0,41.3,56.9,82.4,77.0,70.9,11.95,39.85,71.3,32.9,32.85,338.0,158.0,34.1,49.65,276.0,11.35,25.3,32.1,59.3,195.0,72.9,24.95,15.75,25.0,40.45,347.5,419.0,42.7,77.6,64.1,48.95,29.8,382.0,389.0,396.0,54.1,15.7,208.0,39.6,19.8,107.0,25.95,51.0,21.15,135.5,8.39,12.25,18.85,47.95,15.5,22.0,75.7,29.6,328.0,87.2,9.71,47.2,50.7,95.5,86.9,32.25,84.2,243.5,8.3,13.0,96.1,171.0,76.8,28.3,108.0,520.0,282.0,12.15,135.0,67.8,16.85,50.3,10.2,15.65,14.6,,219.5,18.9,29.6,10.65,28.95,9.42,11.0,17.9,18.75,45.05,47.9,9.66,19.15,16.4,25.25,15.85,9.43,14.0,20.3,19.3,239.5,78.7,2440.0,36.3,154.5,57.4,90.8,133.5,29.65,98.7,91.1,14.7,36.0,266.0,17.9,42.25,26.4,67.8,45.6,60.4,,98.4,181.0,40.75,74.9,17.25,11.95,140.0,53.7,83.2,78.3,225.0,206.0,278.5,,,74.8,,,34.25,83.3,213.5,78.6,237.0,51.5,40.45,83.1,56.9
46.0,41.3,56.9,82.4,77.0,70.9,11.95,39.85,71.2,32.85,32.85,338.5,158.0,34.1,49.65,276.0,11.35,25.3,32.1,59.3,195.0,72.9,24.95,15.75,25.05,40.45,347.5,419.0,42.7,77.6,64.2,48.95,29.85,382.0,389.0,396.0,54.1,15.7,207.5,39.55,19.8,107.0,26.0,51.0,21.15,135.0,8.4,12.25,18.8,47.95,15.5,22.0,75.6,29.55,328.5,87.3,9.71,47.25,50.7,95.6,86.8,32.2,84.2,243.5,8.3,13.0,96.1,171.0,76.8,28.25,108.0,520.0,281.5,12.15,135.0,67.8,16.8,50.3,10.2,15.65,14.55,,219.5,18.9,29.55,10.7,28.95,9.42,11.0,17.9,18.75,45.05,47.95,9.65,19.1,16.4,25.25,15.9,9.43,13.95,20.3,19.35,239.5,78.6,2440.0,36.3,154.0,57.4,90.8,133.5,29.65,98.9,91.0,14.7,36.0,266.0,17.95,42.3,26.4,67.7,45.6,60.4,,98.5,181.0,40.7,74.9,17.2,11.95,140.0,53.7,83.1,78.3,225.0,206.0,278.5,,,74.9,,,34.25,83.3,213.5,78.6,237.0,51.5,40.45,83.1,56.8
45.95,41.3,56.9,82.4,77.1,71.0,11.95,39.85,71.2,32.9,32.85,339.5,158.0,34.1,49.65,275.5,11.35,25.3,32.1,59.4,195.0,72.9,24.95,15.75,25.0,40.45,348.0,419.0,42.7,77.6,64.2,48.95,29.85,382.0,389.0,395.5,54.2,15.7,208.0,39.55,19.75,106.5,25.95,50.9,21.15,135.0,8.39,12.25,18.85,47.9,15.5,22.0,75.5,29.55,328.5,87.3,9.72,47.2,50.8,95.6,86.8,32.2,84.2,243.5,8.2,13.0,96.1,171.0,76.8,28.3,107.5,520.0,281.5,12.15,135.5,67.8,16.85,50.2,10.2,15.65,14.55,,219.5,18.9,29.55,10.7,29.0,9.42,10.95,17.9,18.75,45.05,47.95,9.65,19.15,16.35,25.25,15.9,9.43,13.95,20.25,19.35,239.5,78.6,2440.0,36.35,154.5,57.4,90.8,133.5,29.65,98.9,91.0,14.7,36.0,266.0,17.9,42.25,26.4,67.7,45.6,60.4,,98.5,181.0,40.7,74.9,17.25,11.95,140.5,53.7,83.1,78.3,225.0,206.0,278.5,,,74.8,,,34.2,83.3,213.5,78.6,237.0,51.5,40.45,83.1,56.8
46.0,41.3,56.9,82.4,77.1,70.9,11.95,39.85,71.3,32.95,32.85,340.0,158.0,34.1,49.65,276.0,11.3,25.3,32.1,59.4,195.0,72.9,24.95,15.75,25.0,40.45,348.0,419.0,42.75,77.6,64.1,48.95,29.85,382.0,389.0,395.5,54.2,15.75,208.0,39.55,19.8,107.0,25.95,51.0,21.15,135.0,8.39,12.25,18.8,47.95,15.5,22.0,75.5,29.6,328.5,87.4,9.71,47.25,50.8,95.6,86.9,32.2,84.2,243.0,8.2,13.0,96.1,171.0,76.8,28.3,108.0,520.0,282.0,12.15,135.0,67.7,16.85,50.2,10.2,15.65,14.55,,219.5,18.95,29.6,10.7,29.0,9.42,10.95,17.9,18.75,45.0,47.9,9.65,19.1,16.4,25.2,15.9,9.43,13.95,20.25,19.35,239.5,78.6,2440.0,36.35,154.5,57.4,90.8,133.5,29.65,98.9,91.0,14.7,36.0,266.0,17.9,42.25,26.4,67.7,45.6,60.4,,98.6,181.0,40.7,75.0,17.25,11.95,140.5,53.8,83.1,78.2,225.0,206.0,278.5,,,74.9,,,34.2,83.3,213.5,78.6,237.0,51.4,40.45,83.2,56.9
45.95,41.3,56.9,82.4,77.1,70.9,11.95,39.85,71.3,32.95,32.9,339.5,158.0,34.05,49.55,275.5,11.3,25.3,32.1,59.4,195.0,72.9,25.0,15.75,25.05,40.45,348.5,419.0,42.75,77.7,64.1,48.95,29.85,382.0,389.0,395.5,54.1,15.75,208.0,39.55,19.75,107.0,25.95,51.0,21.15,135.0,8.38,12.25,18.8,47.9,15.5,22.0,75.6,29.55,329.0,87.5,9.72,47.3,50.8,95.6,87.0,32.2,84.2,243.5,8.2,13.0,96.1,171.0,76.8,28.25,108.0,520.0,282.0,12.15,135.0,67.8,16.85,50.3,10.15,15.65,14.55,,219.5,18.9,29.6,10.7,29.0,9.42,10.95,17.9,18.75,45.05,47.9,9.65,19.15,16.4,25.2,15.85,9.44,14.0,20.25,19.35,239.5,78.6,2445.0,36.35,154.0,57.4,90.8,134.0,29.65,98.9,91.0,14.7,36.0,266.5,17.9,42.25,26.4,67.8,45.6,60.3,,98.5,181.0,40.7,75.0,17.25,11.95,140.0,53.8,83.1,78.3,225.0,206.0,278.5,,,74.9,,,34.2,83.3,213.5,78.6,236.5,51.2,40.45,83.2,56.9
45.95,41.3,56.9,82.4,77.1,71.0,11.95,39.8,71.2,32.95,32.9,339.0,158.0,34.1,49.55,275.5,11.35,25.25,32.1,59.4,195.0,72.9,25.0,15.75,25.05,40.45,348.5,419.0,42.75,77.6,64.2,49.0,29.9,382.0,389.0,395.0,54.1,15.75,207.5,39.55,19.75,106.5,25.95,51.0,21.05,135.0,8.37,12.2,18.8,47.95,15.5,22.0,75.6,29.55,328.5,87.5,9.71,47.3,50.8,95.6,87.0,32.2,84.1,243.5,8.2,13.0,96.1,171.0,76.8,28.3,107.5,520.0,281.5,12.15,135.0,67.8,16.85,50.3,10.2,15.65,14.6,,220.0,18.9,29.55,10.65,29.0,9.42,10.95,17.9,18.75,45.1,47.9,9.66,19.1,16.4,25.25,15.85,9.43,13.95,20.3,19.3,239.5,78.7,2440.0,36.35,154.0,57.4,90.8,133.5,29.6,99.0,91.0,14.7,36.0,266.0,17.9,42.25,26.4,67.8,45.6,60.3,,98.6,181.0,40.7,75.0,17.25,11.9,140.0,53.8,83.1,78.3,225.0,206.0,278.5,,,74.9,,,34.25,83.3,213.5,78.6,236.5,51.0,40.45,83.1,56.9
45.95,41.25,56.9,82.4,77.0,70.9,11.95,39.85,71.2,32.95,32.9,339.0,158.0,34.1,49.5,275.5,11.35,25.25,32.1,59.4,195.0,72.9,25.0,15.75,25.05,40.45,348.5,419.0,42.75,77.6,64.1,49.0,29.85,382.0,389.0,395.0,54.2,15.7,208.0,39.6,19.75,107.0,25.95,51.1,21.05,135.0,8.37,12.25,18.85,47.95,15.5,22.0,75.6,29.55,328.5,87.5,9.71,47.25,50.8,95.6,87.0,32.25,84.2,243.5,8.2,13.0,96.1,171.0,76.9,28.25,107.5,520.0,281.5,12.1,135.0,67.8,16.85,50.3,10.2,15.65,14.6,,220.5,18.9,29.55,10.65,29.0,9.42,10.95,17.9,18.75,45.1,47.9,9.66,19.1,16.4,25.2,15.85,9.43,14.0,20.25,19.3,239.5,78.8,2440.0,36.35,154.5,57.4,90.8,133.5,29.6,99.0,91.0,14.75,36.0,266.0,17.9,42.25,26.45,67.7,45.6,60.4,,98.6,181.0,40.7,74.9,17.25,11.95,140.0,53.8,83.1,78.3,225.0,206.0,278.5,,,74.8,,,34.25,83.3,213.5,78.6,236.5,50.7,40.4,83.1,56.9
45.9,41.25,56.9,82.4,77.0,70.9,11.95,39.85,71.3,32.95,32.9,338.5,158.0,34.1,49.5,276.0,11.35,25.25,32.1,59.4,195.0,72.9,25.0,15.75,25.0,40.4,348.5,419.0,42.7,77.6,64.1,49.0,29.9,382.0,389.0,395.0,54.2,15.7,207.5,39.6,19.8,107.0,25.95,51.1,21.05,135.0,8.38,12.25,18.85,47.95,15.5,22.0,75.5,29.6,328.0,87.7,9.71,47.25,50.8,95.6,86.9,32.3,84.2,243.5,8.2,13.0,96.2,171.0,76.8,28.3,107.5,520.0,281.5,12.1,135.0,67.9,16.85,50.2,10.2,15.65,14.6,,220.5,18.9,29.55,10.7,29.0,9.42,10.95,17.9,18.75,45.05,47.9,9.66,19.1,16.4,25.25,15.85,9.43,13.95,20.3,19.3,240.0,78.8,2445.0,36.35,154.0,57.5,90.8,133.5,29.65,99.0,91.0,14.75,36.0,266.0,17.9,42.3,26.4,67.8,45.6,60.3,,98.6,181.0,40.7,74.9,17.3,11.95,140.0,53.8,83.1,78.3,225.0,206.0,278.5,,,74.9,,,34.25,83.3,213.5,78.6,236.5,50.8,40.4,83.2,56.9
45.95,41.25,56.9,82.4,77.0,70.9,11.95,39.85,71.2,32.95,32.9,338.5,158.0,34.1,49.5,276.0,11.35,25.3,32.1,59.3,195.0,72.9,25.0,15.75,25.05,40.4,348.5,419.0,42.7,77.7,64.1,49.0,29.9,382.0,389.0,395.0,54.1,15.75,207.5,39.6,19.8,107.0,25.9,51.1,21.05,135.0,8.38,12.25,18.85,47.9,15.5,22.0,75.6,29.55,328.5,88.2,9.71,47.25,50.7,95.6,87.0,32.3,84.2,244.0,8.2,13.05,96.1,171.0,76.8,28.3,107.5,519.0,281.5,12.15,135.0,67.9,16.85,50.2,10.15,15.65,14.6,,220.5,18.9,29.5,10.7,29.0,9.42,10.95,17.9,18.75,45.05,47.95,9.66,19.1,16.4,25.2,15.9,9.43,14.0,20.25,19.35,240.0,78.8,2455.0,36.35,154.0,57.5,90.8,133.5,29.65,99.0,91.0,14.75,36.0,266.0,17.9,42.3,26.4,67.7,45.65,60.4,,98.6,181.5,40.7,74.9,17.25,11.9,140.0,53.7,83.1,78.3,225.0,206.0,278.5,,,74.9,,,34.3,83.3,213.5,78.8,236.5,50.8,40.4,83.3,56.9
45.9,41.25,57.0,82.5,77.0,71.0,11.95,39.85,71.2,32.95,32.9,338.5,158.0,34.1,49.55,276.0,11.35,25.3,32.1,59.3,195.0,72.9,25.0,15.75,25.05,40.4,348.5,419.0,42.7,77.7,64.1,49.0,29.85,382.0,389.0,396.5,54.1,15.7,207.5,39.6,19.8,107.0,25.95,51.1,21.05,135.0,8.37,12.25,18.85,47.95,15.5,22.0,75.6,29.6,328.0,88.1,9.71,47.3,50.8,95.6,86.9,32.3,84.2,244.0,8.2,13.05,96.1,171.0,76.8,28.3,107.5,519.0,282.0,12.15,135.0,67.9,16.85,50.2,10.2,15.65,14.6,,220.5,18.9,29.5,10.65,28.95,9.41,11.0,17.85,18.75,45.05,47.95,9.66,19.1,16.4,25.25,15.85,9.43,13.95,20.3,19.3,240.0,78.8,2455.0,36.25,154.5,57.5,90.8,133.5,29.65,99.0,91.0,14.7,36.0,265.5,17.9,42.3,26.4,67.8,45.65,60.4,,98.6,181.5,40.75,74.9,17.25,11.95,140.0,53.7,83.1,78.4,225.0,206.0,278.5,,,74.9,,,34.25,83.3,213.5,78.6,236.5,50.8,40.4,83.3,56.9
45.95,41.25,56.9,82.4,77.0,71.0,11.95,39.85,71.3,32.95,32.9,338.5,158.0,34.1,49.55,276.5,11.35,25.3,32.1,59.3,195.0,72.9,25.0,15.75,25.05,40.4,348.5,419.0,42.7,77.8,64.1,49.0,29.85,382.0,389.0,396.5,54.1,15.75,207.5,39.6,19.8,107.0,25.9,51.1,21.1,135.0,8.38,12.25,18.85,47.95,15.5,22.0,75.5,29.65,328.0,88.0,9.71,47.3,50.8,95.6,86.9,32.3,84.1,243.5,8.2,13.05,96.1,171.0,76.8,28.25,107.5,520.0,281.5,12.15,135.0,67.9,16.85,50.2,10.15,15.65,14.6,,220.5,18.85,29.5,10.7,29.0,9.41,11.0,17.85,18.8,45.05,47.95,9.65,19.15,16.4,25.2,15.85,9.43,14.0,20.3,19.3,240.0,78.8,2455.0,36.25,154.0,57.5,90.8,133.5,29.65,99.0,91.0,14.75,36.0,266.0,17.9,42.3,26.4,67.8,45.65,60.4,,98.6,181.5,40.75,74.9,17.25,11.95,140.5,53.7,83.1,78.3,225.0,206.0,278.5,,,74.9,,,34.25,83.3,213.5,78.6,236.5,50.8,40.35,83.3,56.9
45.9,41.25,56.9,82.4,77.0,70.9,11.95,39.85,71.2,32.95,32.9,338.5,158.0,34.05,49.5,276.5,11.3,25.3,32.1,59.3,195.0,72.9,24.95,15.75,25.05,40.4,348.5,420.0,42.7,77.7,64.2,49.0,29.85,382.0,389.0,396.5,54.0,15.7,207.5,39.55,19.75,107.0,25.9,51.0,21.1,135.0,8.38,12.25,18.85,47.95,15.5,22.0,75.6,29.65,328.5,88.0,9.72,47.3,50.7,95.6,87.0,32.3,84.1,244.0,8.2,13.1,96.1,171.0,76.7,28.25,108.0,519.0,281.5,12.15,135.0,67.8,16.85,50.3,10.2,15.65,14.6,,220.5,18.85,29.6,10.7,29.0,9.42,11.0,17.85,18.75,45.0,47.95,9.66,19.15,16.4,25.2,15.9,9.43,13.95,20.3,19.3,239.5,78.8,2460.0,36.3,154.5,57.5,90.8,134.0,29.65,99.0,91.0,14.75,36.0,266.0,17.95,42.3,26.4,67.7,45.65,60.3,,98.6,181.5,40.75,75.0,17.25,11.95,140.0,53.8,83.2,78.3,225.0,206.0,278.5,,,74.9,,,34.25,83.2,213.5,78.6,236.5,50.8,40.4,83.3,56.9
45.9,41.25,56.9,82.4,77.0,70.9,11.95,39.8,71.3,32.95,32.9,338.5,158.0,34.05,49.55,276.0,11.3,25.25,32.1,59.3,195.0,73.0,24.95,15.75,25.05,40.4,348.5,420.0,42.75,77.7,64.2,49.0,29.9,382.0,389.0,396.5,54.0,15.75,207.5,39.6,19.8,106.5,25.9,51.0,21.1,135.0,8.37,12.25,18.85,47.95,15.5,22.05,75.6,29.65,328.0,88.0,9.71,47.3,50.7,95.6,87.0,32.3,84.1,244.0,8.2,13.1,96.1,171.0,76.7,28.25,108.0,520.0,281.5,12.15,135.0,67.8,16.85,50.3,10.15,15.65,14.6,,220.5,18.85,29.6,10.7,29.0,9.42,11.0,17.85,18.75,45.05,47.95,9.66,19.1,16.4,25.2,15.85,9.43,13.95,20.3,19.3,239.5,78.8,2460.0,36.3,154.0,57.5,90.8,133.5,29.65,99.0,91.0,14.8,36.0,266.0,17.95,42.3,26.4,67.7,45.6,60.4,,98.5,181.5,40.7,75.0,17.3,11.95,140.0,53.8,83.2,78.4,225.0,206.0,278.5,,,74.8,,,34.25,83.2,213.5,78.6,236.5,50.9,40.4,83.3,56.9
45.9,41.3,56.9,82.4,77.0,70.9,11.95,39.8,71.2,32.95,32.9,338.5,158.0,34.0,49.55,276.0,11.3,25.25,32.1,59.3,195.5,73.0,24.95,15.75,25.0,40.4,348.5,420.0,42.7,77.7,64.1,49.0,29.85,382.5,389.0,396.5,54.1,15.7,207.5,39.55,19.75,107.0,25.9,51.1,21.1,134.5,8.37,12.2,18.85,47.9,15.5,22.0,75.6,29.65,328.5,88.0,9.71,47.3,50.8,95.6,87.0,32.3,84.1,244.0,8.2,13.1,96.1,171.0,76.7,28.25,108.0,519.0,281.5,12.15,135.0,67.8,16.9,50.3,10.2,15.65,14.6,,220.5,18.85,29.6,10.7,29.0,9.42,11.0,17.85,18.75,45.05,47.95,9.65,19.1,16.4,25.25,15.9,9.42,13.95,20.3,19.3,239.5,78.8,2455.0,36.3,154.0,57.5,90.8,133.0,29.65,99.0,91.0,14.8,36.0,266.0,17.9,42.35,26.4,67.7,45.6,60.4,,98.5,181.5,40.7,75.0,17.35,11.95,140.0,53.8,83.2,78.4,225.0,206.0,278.5,,,74.9,,,34.25,83.3,213.5,78.6,236.0,50.8,40.35,83.3,57.0
45.9,41.25,57.0,82.4,77.0,70.9,12.0,39.8,71.2,32.95,32.9,338.5,158.0,34.0,49.5,276.5,11.3,25.25,32.1,59.3,196.0,73.0,24.95,15.75,25.0,40.4,348.5,419.0,42.7,77.8,64.3,49.0,29.75,382.5,388.0,396.5,54.1,15.75,208.0,39.6,19.75,106.5,25.95,51.0,21.1,135.0,8.37,12.2,18.85,47.95,15.5,22.0,75.6,29.65,328.5,88.0,9.71,47.35,50.8,95.6,86.9,32.3,84.1,243.5,8.2,13.1,96.2,171.0,76.8,28.25,108.0,519.0,282.0,12.15,135.0,67.8,16.85,50.2,10.2,15.65,14.6,,220.5,18.85,29.55,10.7,29.0,9.42,11.0,17.85,18.75,45.05,48.0,9.66,19.15,16.4,25.2,15.9,9.43,13.95,20.3,19.3,240.0,78.8,2455.0,36.3,154.0,57.5,90.8,133.0,29.65,99.0,91.0,14.8,36.0,266.5,17.95,42.35,26.45,67.7,45.6,60.5,,98.5,181.0,40.75,75.0,17.35,11.95,140.5,53.8,83.1,78.4,225.0,206.0,278.5,,,74.9,,,34.25,83.3,213.5,78.6,235.5,50.8,40.3,83.3,57.0
45.9,41.25,56.9,82.4,77.0,71.0,11.95,39.8,71.2,32.95,32.9,338.5,158.0,34.1,49.5,276.5,11.35,25.3,32.1,59.3,196.0,73.0,24.95,15.75,25.05,40.4,348.5,419.0,42.7,77.7,64.1,48.95,29.8,382.5,388.0,396.5,54.0,15.7,207.5,39.6,19.75,106.5,25.95,51.0,21.05,135.0,8.37,12.25,18.85,47.9,15.5,22.0,75.5,29.65,328.5,87.9,9.71,47.35,50.8,95.6,87.0,32.3,84.1,243.5,8.2,13.15,96.1,171.0,76.9,28.3,107.5,519.0,281.5,12.15,135.0,67.8,16.85,50.3,10.2,15.65,14.6,,220.5,18.9,29.55,10.65,29.0,9.43,11.0,17.85,18.8,45.05,47.95,9.66,19.1,16.4,25.25,15.85,9.43,13.95,20.3,19.3,240.0,78.9,2450.0,36.3,154.0,57.5,90.8,133.0,29.65,99.0,91.0,14.8,36.0,266.0,17.9,42.35,26.4,67.8,45.65,60.7,,98.5,181.0,40.75,75.0,17.3,11.95,140.0,53.8,83.1,78.4,225.0,206.0,278.5,,,74.9,,,34.25,83.3,214.0,78.6,235.5,51.0,40.3,83.3,57.0
45.9,41.25,57.0,82.4,77.0,70.9,11.95,39.75,71.3,33.1,32.9,338.5,158.5,34.1,49.55,276.5,11.3,25.3,32.1,59.4,196.0,73.0,25.0,15.75,25.05,40.4,348.5,419.0,42.75,77.7,64.1,48.95,29.8,382.5,388.5,396.5,54.0,15.75,207.5,39.55,19.75,107.0,25.9,51.1,21.05,135.0,8.37,12.25,18.85,47.9,15.5,22.0,75.6,29.65,328.0,87.8,9.71,47.35,50.8,95.6,87.0,32.3,84.0,243.5,8.2,13.15,96.1,171.0,76.8,28.3,107.5,519.0,282.0,12.15,135.0,67.8,16.85,50.3,10.2,15.65,14.6,,220.5,18.9,29.55,10.7,29.0,9.43,11.0,17.85,18.75,45.1,48.0,9.66,19.15,16.4,25.2,15.9,9.43,14.0,20.25,19.35,240.0,78.9,2450.0,36.2,154.5,57.5,90.9,133.5,29.65,99.0,91.0,14.8,36.0,266.5,17.9,42.35,26.4,67.8,45.65,60.8,,98.6,181.5,40.75,75.0,17.3,12.0,140.5,53.8,83.1,78.4,225.0,206.0,278.5,,,74.9,,,34.25,83.3,213.5,78.6,235.5,51.0,40.3,83.3,56.9
45.9,41.2,56.9,82.4,77.0,70.9,11.95,39.75,71.3,33.1,32.9,339.0,158.5,34.1,49.55,277.0,11.35,25.3,32.1,59.4,196.0,73.0,25.0,15.75,25.05,40.4,348.5,419.5,42.7,77.7,64.1,48.95,29.8,382.5,388.5,396.0,54.1,15.7,208.0,39.6,19.8,107.0,25.9,51.1,21.1,135.0,8.37,12.25,18.85,47.95,15.5,22.0,75.6,29.65,328.0,87.8,9.71,47.3,50.8,95.6,87.0,32.3,84.0,243.5,8.2,13.15,96.1,171.0,76.8,28.3,108.0,519.0,282.0,12.15,135.0,67.9,16.9,50.3,10.2,15.65,14.6,,220.5,18.85,29.55,10.7,29.0,9.42,11.0,17.85,18.75,45.1,47.95,9.66,19.15,16.4,25.25,15.85,9.43,14.0,20.25,19.3,240.0,78.9,2455.0,36.2,154.5,57.5,90.8,133.0,29.65,99.0,91.0,14.8,36.0,266.5,17.9,42.35,26.4,67.7,45.65,60.8,,98.6,181.5,40.7,75.0,17.3,12.0,140.5,53.8,83.1,78.3,225.0,206.0,278.5,,,74.9,,,34.25,83.3,213.5,78.6,235.0,51.0,40.4,83.3,56.9
45.9,41.2,56.9,82.4,77.0,70.8,11.95,39.75,71.2,33.1,32.9,339.5,158.0,34.1,49.55,277.0,11.3,25.3,32.1,59.4,196.0,73.0,24.95,15.75,25.0,40.4,348.5,419.5,42.7,77.6,64.2,48.95,29.8,382.5,388.5,396.0,54.0,15.75,208.0,39.55,19.75,107.0,25.9,51.1,21.05,135.0,8.37,12.2,18.85,47.95,15.5,22.0,75.5,29.6,328.0,87.9,9.71,47.3,50.8,95.7,87.0,32.3,83.9,243.5,8.2,13.15,96.2,171.0,76.8,28.25,108.0,519.0,281.5,12.15,134.5,67.9,16.9,50.3,10.2,15.65,14.6,,220.5,18.9,29.55,10.7,29.0,9.43,11.0,17.85,18.75,45.1,48.0,9.66,19.15,16.4,25.2,15.9,9.43,13.95,20.25,19.35,240.0,78.9,2455.0,36.2,154.5,57.5,90.8,133.5,29.6,99.0,91.0,14.8,36.0,266.5,17.9,42.35,26.4,67.7,45.65,60.9,,98.6,181.5,40.7,75.0,17.35,11.95,140.5,53.6,83.1,78.3,225.0,206.0,278.5,,,74.8,,,34.25,83.3,213.5,78.6,234.5,51.0,40.45,83.3,57.0
45.9,41.2,56.9,82.4,77.0,70.9,11.95,39.8,71.3,33.05,32.9,340.0,158.5,34.1,49.65,277.0,11.3,25.3,32.1,59.4,196.0,73.0,24.95,15.75,25.05,40.4,348.5,419.5,42.7,77.6,64.1,48.95,29.8,382.5,388.5,396.5,54.0,15.7,208.0,39.55,19.75,107.0,25.95,51.1,21.05,135.5,8.36,12.25,18.8,47.95,15.5,22.0,75.6,29.65,328.0,88.1,9.72,47.35,50.7,95.7,86.9,32.3,84.0,243.0,8.2,13.15,96.1,171.0,76.9,28.25,108.0,519.0,281.5,12.15,135.0,67.8,16.85,50.3,10.2,15.65,14.6,,220.5,18.85,29.55,10.7,29.05,9.42,11.0,17.85,18.75,45.1,47.95,9.66,19.1,16.4,25.25,15.85,9.43,14.0,20.3,19.35,239.5,78.8,2450.0,36.2,154.5,57.5,90.9,133.5,29.65,99.0,91.0,14.85,36.0,267.0,17.9,42.35,26.4,67.7,45.7,61.0,,98.6,182.0,40.7,75.0,17.35,12.0,140.0,53.7,83.1,78.4,225.0,206.0,278.5,,,74.9,,,34.3,83.3,213.5,78.6,234.5,51.0,40.45,83.3,56.8
45.95,41.2,56.9,82.4,77.0,70.9,11.95,39.8,71.2,33.05,32.9,340.0,158.0,34.1,49.65,277.0,11.35,25.3,32.1,59.4,195.5,72.9,24.95,15.75,25.0,40.4,348.5,419.5,42.7,77.7,64.1,49.0,29.85,382.5,388.0,396.5,54.1,15.7,208.0,39.6,19.75,107.0,25.95,51.0,21.1,135.5,8.36,12.25,18.85,47.9,15.5,22.0,75.5,29.65,328.0,88.2,9.72,47.35,50.8,95.7,87.0,32.25,84.0,243.0,8.2,13.15,96.1,171.0,76.9,28.25,107.5,519.0,282.0,12.15,135.0,67.9,16.85,50.3,10.2,15.65,14.55,,220.5,18.85,29.55,10.7,29.05,9.43,11.0,17.85,18.75,45.05,48.0,9.66,19.15,16.4,25.25,15.85,9.43,13.95,20.25,19.3,240.0,78.8,2450.0,36.25,154.5,57.5,90.9,133.0,29.65,99.0,91.0,14.85,36.0,267.0,17.95,42.35,26.4,67.7,45.7,61.0,,98.5,182.0,40.7,74.9,17.3,11.95,140.0,53.7,83.1,78.4,225.0,206.0,278.5,,,74.9,,,34.25,83.4,213.5,78.6,234.5,51.0,40.4,83.3,56.8
45.9,41.2,56.9,82.4,77.0,70.9,11.95,39.75,71.2,33.1,32.9,340.0,158.0,34.1,49.65,277.0,11.3,25.3,32.1,59.4,195.5,72.9,24.95,15.75,25.05,40.4,348.5,419.5,42.7,77.7,64.1,48.95,29.85,382.5,388.0,396.5,54.1,15.7,207.5,39.55,19.8,107.0,26.0,51.1,21.0,135.5,8.36,12.2,18.8,47.95,15.5,22.05,75.6,29.6,327.5,88.1,9.72,47.4,50.8,95.7,86.9,32.25,84.0,243.0,8.2,13.15,96.2,171.0,76.9,28.3,107.5,519.0,281.5,12.15,135.0,67.9,16.85,50.2,10.2,15.65,14.6,,220.5,18.9,29.6,10.65,29.1,9.43,11.0,17.85,18.8,45.05,48.0,9.66,19.1,16.4,25.2,15.85,9.43,13.95,20.25,19.3,240.0,78.8,2450.0,36.25,154.5,57.8,90.8,133.5,29.65,99.0,91.0,14.85,36.0,267.0,17.9,42.35,26.4,67.7,45.65,61.0,,98.6,182.0,40.7,74.9,17.3,12.0,140.0,53.7,83.2,78.5,225.0,205.5,278.5,,,74.9,,,34.25,83.4,214.0,78.6,234.5,51.0,40.45,83.3,56.8
45.9,41.2,57.0,82.4,77.0,70.9,11.95,39.8,71.3,33.1,32.9,340.0,159.0,34.05,49.65,277.0,11.3,25.3,32.1,59.4,195.5,72.9,24.95,15.75,25.05,40.45,348.5,420.0,42.7,77.7,64.1,48.95,29.85,382.5,388.0,396.5,54.1,15.7,208.0,39.55,19.75,107.0,25.95,51.0,21.0,135.5,8.37,12.2,18.8,47.9,15.5,22.0,75.6,29.6,328.0,88.0,9.74,47.4,50.8,95.7,87.0,32.25,84.0,243.0,8.2,13.15,96.1,171.0,77.1,28.25,107.5,519.0,281.5,12.15,135.0,67.9,16.85,50.2,10.2,15.65,14.6,,220.5,18.9,29.6,10.7,29.1,9.43,11.0,17.85,18.8,45.1,47.95,9.66,19.15,16.4,25.25,15.85,9.44,13.95,20.25,19.3,240.0,78.9,2450.0,36.25,154.0,57.6,90.9,133.0,29.6,98.9,91.0,14.85,36.0,267.0,17.9,42.35,26.4,67.7,45.65,61.2,,98.6,182.0,40.7,74.9,17.3,12.0,140.0,53.7,83.1,78.4,225.0,205.5,278.5,,,74.8,,,34.25,83.4,214.0,78.6,234.5,50.9,40.4,83.3,56.9
45.9,41.2,56.9,82.4,77.0,70.9,11.95,39.7,71.3,33.05,32.9,340.0,159.0,34.1,49.65,277.0,11.3,25.3,32.1,59.4,195.5,72.9,25.0,15.75,25.0,40.45,348.0,420.0,42.7,77.7,64.1,48.9,29.8,382.5,388.0,396.5,54.2,15.7,207.5,39.55,19.75,107.0,26.0,51.1,21.05,135.5,8.36,12.2,18.8,47.95,15.5,22.0,75.5,29.65,328.0,88.0,9.78,47.45,50.8,95.7,87.1,32.25,84.0,243.5,8.2,13.15,96.1,171.0,77.4,28.25,107.5,519.0,281.5,12.15,135.0,67.9,16.85,50.2,10.2,15.65,14.65,,220.5,18.9,29.6,10.7,29.1,9.42,11.0,17.85,18.8,45.05,48.0,9.67,19.1,16.4,25.25,15.85,9.44,13.95,20.3,19.35,239.5,78.8,2450.0,36.3,154.5,57.6,90.8,133.0,29.65,98.9,91.0,14.85,36.0,267.0,17.95,42.35,26.45,67.6,45.65,61.3,,98.5,181.5,40.7,74.9,17.35,12.0,140.5,53.7,83.2,78.4,225.0,205.5,278.5,,,74.8,,,34.3,83.4,213.5,78.6,234.5,50.9,40.45,83.3,56.8
45.9,41.2,57.0,82.4,77.0,70.9,11.95,39.8,71.2,33.05,32.9,340.0,158.5,34.1,49.65,277.5,11.3,25.3,32.1,59.4,195.5,72.9,25.0,15.75,25.05,40.45,348.0,419.5,42.7,77.7,64.1,48.9,29.8,382.5,388.0,396.5,54.1,15.75,207.5,39.55,19.7,106.5,26.0,51.1,21.0,135.5,8.35,12.2,18.8,48.0,15.5,22.05,75.5,29.65,328.5,87.9,9.77,47.5,50.7,95.7,87.1,32.25,84.0,243.5,8.2,13.15,96.2,171.0,77.4,28.25,107.5,519.0,281.5,12.2,135.0,67.8,16.85,50.3,10.15,15.65,14.65,,220.5,18.9,29.6,10.7,29.05,9.43,11.0,17.85,18.75,45.05,47.95,9.66,19.15,16.4,25.2,15.85,9.43,14.0,20.25,19.3,239.5,78.8,2450.0,36.35,154.5,57.6,90.9,133.0,29.65,98.9,91.0,14.85,36.0,267.0,17.9,42.35,26.45,67.6,45.65,61.2,,98.5,182.0,40.7,74.9,17.35,12.0,140.5,53.7,83.1,78.4,225.0,205.5,278.5,,,74.8,,,34.25,83.4,213.5,78.6,234.5,51.2,40.45,83.3,56.8
45.9,41.2,57.0,82.4,77.0,70.9,11.95,39.8,71.3,33.05,32.9,340.0,158.5,34.1,49.65,277.5,11.35,25.3,32.1,59.3,195.5,72.9,25.0,15.75,25.05,40.45,348.0,419.5,42.7,77.7,64.1,48.9,29.8,382.5,388.0,396.5,54.1,15.7,207.5,39.55,19.75,106.5,26.0,51.0,21.05,135.0,8.35,12.25,18.8,47.95,15.5,22.0,75.6,29.65,328.5,87.9,9.75,47.5,50.7,95.7,87.1,32.25,84.0,244.0,8.2,13.15,96.1,171.0,77.5,28.25,107.5,520.0,282.0,12.2,135.0,67.8,16.85,50.3,10.2,15.65,14.65,,220.5,18.9,29.6,10.7,29.05,9.43,11.0,17.85,18.8,45.05,47.95,9.67,19.15,16.4,25.25,15.85,9.43,13.95,20.25,19.3,239.5,78.8,2450.0,36.35,154.0,57.6,90.8,133.5,29.65,98.9,91.0,14.85,36.0,267.0,17.95,42.3,26.45,67.6,45.65,61.3,,98.5,182.0,40.7,74.9,17.3,12.0,140.5,53.7,83.1,78.4,225.0,205.5,278.5,,,74.9,,,34.25,83.4,213.5,78.6,235.0,51.2,40.45,83.3,56.9
45.85,41.2,56.9,82.4,77.0,70.9,11.95,39.7,71.3,33.05,32.9,340.0,158.5,34.1,49.65,277.5,11.3,25.3,32.1,59.3,195.5,72.9,25.0,15.75,25.05,40.45,348.0,419.5,42.7,77.7,64.1,48.9,29.8,382.5,388.0,396.5,54.2,15.75,207.5,39.6,19.7,107.0,25.95,51.0,21.05,135.5,8.35,12.2,18.8,47.95,15.5,22.0,75.6,29.65,328.0,87.9,9.75,47.5,50.7,95.7,87.1,32.25,83.9,243.5,8.2,13.15,96.2,171.0,77.5,28.3,107.5,519.0,282.0,12.2,135.0,67.8,16.85,50.2,10.2,15.65,14.65,,220.5,18.9,29.6,10.7,29.05,9.42,11.0,17.85,18.75,45.05,48.0,9.67,19.15,16.4,25.2,15.9,9.43,13.9,20.25,19.3,239.5,78.8,2455.0,36.35,154.0,57.7,90.8,133.5,29.65,98.9,90.9,14.85,36.0,266.5,17.95,42.35,26.4,67.6,45.65,61.5,,98.5,182.0,40.7,74.9,17.35,12.0,140.0,53.7,83.2,78.4,225.0,205.5,278.5,,,74.9,,,34.25,83.4,213.5,78.6,235.0,51.2,40.45,83.3,56.9
45.9,41.2,56.9,82.3,76.9,70.9,11.95,39.75,71.3,33.05,32.95,340.0,158.5,34.1,49.65,277.5,11.35,25.3,32.1,59.3,195.5,72.9,25.05,15.75,25.05,40.45,348.0,419.5,42.7,77.7,64.1,48.95,29.85,382.5,388.0,395.0,54.1,15.7,207.5,39.55,19.75,107.0,25.95,51.1,21.05,135.5,8.35,12.25,18.8,48.0,15.5,22.0,75.6,29.6,328.0,87.9,9.75,47.5,50.7,95.7,87.1,32.3,83.9,243.5,8.2,13.15,96.1,171.0,77.5,28.3,108.0,519.0,281.5,12.2,135.0,67.8,16.85,50.3,10.2,15.65,14.65,,220.5,18.9,29.6,10.7,29.1,9.43,11.0,17.85,18.75,45.05,47.95,9.66,19.1,16.4,25.2,15.9,9.43,13.9,20.25,19.35,239.5,78.9,2450.0,36.35,154.5,57.7,90.8,133.0,29.7,98.9,90.9,14.85,36.0,266.5,17.9,42.35,26.4,67.6,45.6,61.6,,98.5,182.0,40.7,75.0,17.35,11.95,140.5,53.7,83.2,78.4,225.0,205.5,278.5,,,74.9,,,34.25,83.4,213.5,78.6,235.0,51.2,40.45,83.3,56.8
45.85,41.2,56.9,82.3,77.0,70.9,11.95,39.75,71.3,33.05,32.95,340.0,158.5,34.1,49.65,277.0,11.35,25.3,32.1,59.3,195.5,72.9,25.05,15.75,25.05,40.45,348.0,419.5,42.7,77.7,64.1,48.95,29.8,382.5,388.0,395.0,54.1,15.7,207.5,39.6,19.75,106.5,25.95,51.1,21.0,135.5,8.35,12.25,18.8,48.0,15.5,22.0,75.6,29.65,328.0,87.9,9.75,47.5,50.7,95.7,87.1,32.3,84.0,243.5,8.2,13.15,96.1,171.0,77.6,28.3,108.0,519.0,281.5,12.2,135.0,67.8,16.8,50.3,10.2,15.65,14.65,,220.5,18.9,29.6,10.65,29.05,9.43,11.0,17.85,18.75,45.05,48.0,9.67,19.15,16.4,25.2,15.85,9.43,13.95,20.3,19.3,239.5,78.8,2455.0,36.3,154.0,57.7,90.8,133.0,29.65,98.9,90.9,14.85,36.0,267.0,17.9,42.35,26.4,67.6,45.6,61.5,,98.5,182.0,40.75,75.0,17.35,12.0,140.0,53.6,83.1,78.4,225.0,205.5,278.5,,,74.8,,,34.3,83.4,213.5,78.6,235.0,51.2,40.45,83.4,56.9
45.85,41.2,57.0,82.3,77.0,70.9,11.95,39.75,71.3,33.05,32.95,340.0,158.5,34.1,49.65,276.0,11.35,25.3,32.05,59.4,195.5,72.9,25.05,15.75,25.0,40.45,348.0,419.5,42.75,77.8,64.1,48.95,29.8,382.5,388.0,395.0,53.9,15.7,207.5,39.55,19.75,107.0,25.95,51.1,21.0,135.5,8.35,12.25,18.8,47.95,15.5,22.0,75.6,29.65,328.0,87.9,9.76,47.5,50.7,95.7,87.1,32.3,84.0,243.5,8.2,13.15,96.1,171.0,77.4,28.3,108.0,519.0,281.5,12.2,135.0,67.8,16.8,50.3,10.2,15.65,14.6,,220.5,18.9,29.55,10.7,29.05,9.43,11.0,17.9,18.75,45.05,47.95,9.67,19.1,16.4,25.25,15.9,9.43,13.9,20.3,19.35,240.0,78.8,2455.0,36.3,154.0,57.7,90.8,133.0,29.7,98.8,90.9,14.85,36.0,267.0,17.9,42.4,26.4,67.7,45.6,61.5,,98.6,182.0,40.7,74.9,17.3,12.0,140.5,53.8,83.1,78.4,225.0,205.5,278.5,,,74.9,,,34.2,83.4,213.5,78.6,234.5,51.2,40.45,83.3,56.9
45.85,41.2,56.9,82.3,77.0,70.9,11.95,39.75,71.3,33.05,32.95,340.0,158.5,34.1,49.6,275.5,11.35,25.3,32.05,59.4,195.5,72.9,25.05,15.75,25.05,40.45,348.0,420.0,42.75,77.7,64.1,48.95,29.8,382.5,388.0,395.0,53.9,15.7,207.5,39.6,19.75,107.0,25.95,51.0,21.05,135.0,8.36,12.25,18.8,47.95,15.5,22.0,75.6,29.65,328.0,87.8,9.76,47.5,50.7,95.7,87.1,32.3,84.0,244.0,8.2,13.15,96.1,171.0,77.3,28.3,108.0,519.0,281.0,12.2,135.0,67.8,16.9,50.3,10.2,15.6,14.65,,220.5,18.9,29.55,10.65,29.05,9.44,11.0,17.9,18.75,45.1,47.95,9.67,19.15,16.4,25.25,15.85,9.43,13.9,20.25,19.3,240.0,78.8,2455.0,36.3,154.5,57.7,90.8,133.5,29.7,98.8,90.9,14.85,36.0,267.0,17.9,42.4,26.4,67.7,45.6,61.4,,98.7,182.0,40.7,74.9,17.3,11.95,141.0,53.8,83.2,78.4,225.0,205.5,278.5,,,74.9,,,34.25,83.4,213.5,78.6,235.0,51.2,40.45,83.3,56.9
45.85,41.2,56.9,82.3,77.0,70.9,11.9,39.75,71.2,33.05,32.95,340.0,158.5,34.1,49.55,275.5,11.3,25.3,32.05,59.4,195.0,72.9,25.05,15.75,25.05,40.45,348.0,420.5,42.75,77.7,64.1,48.95,29.8,382.5,388.0,395.0,53.9,15.7,207.5,39.55,19.75,107.0,25.95,51.0,21.05,135.0,8.36,12.2,18.8,48.0,15.5,22.0,75.6,29.65,328.5,87.7,9.75,47.5,50.7,95.8,87.1,32.3,83.9,244.0,8.2,13.15,96.1,171.0,77.3,28.3,107.5,519.0,281.0,12.2,135.0,67.7,16.9,50.2,10.2,15.6,14.65,,220.5,18.9,29.55,10.65,29.05,9.44,11.0,17.9,18.75,45.05,48.0,9.66,19.1,16.4,25.2,15.85,9.44,13.95,20.3,19.3,240.0,78.8,2455.0,36.35,154.5,57.7,90.8,133.0,29.7,98.9,90.9,14.85,36.0,267.0,17.9,42.45,26.4,67.7,45.6,61.3,,98.7,182.0,40.7,74.9,17.3,11.95,141.0,53.9,83.1,78.4,225.0,205.5,278.5,,,74.9,,,34.25,83.4,213.5,78.7,235.0,51.2,40.45,83.3,56.8
45.85,41.2,56.9,82.3,77.0,71.0,11.9,39.75,71.2,33.1,32.95,340.5,158.5,34.05,49.6,275.5,11.3,25.3,32.05,59.4,195.5,72.9,25.05,15.75,25.05,40.45,347.5,420.5,42.75,77.7,64.2,48.9,29.8,382.5,388.0,395.0,54.0,15.7,207.5,39.55,19.8,107.0,25.95,51.0,21.0,135.0,8.35,12.25,18.8,48.0,15.5,22.0,75.6,29.65,328.0,87.8,9.73,47.5,50.7,95.8,87.1,32.3,83.9,244.0,8.2,13.15,96.1,171.0,77.2,28.3,107.5,519.0,281.5,12.2,135.0,67.8,16.9,50.2,10.2,15.6,14.65,,220.5,18.9,29.55,10.7,29.05,9.44,11.0,17.9,18.75,45.05,47.95,9.67,19.15,16.4,25.25,15.85,9.43,13.95,20.25,19.3,240.0,78.8,2450.0,36.35,154.0,57.7,90.9,133.0,29.65,98.9,91.0,14.85,36.0,267.0,17.9,42.45,26.4,67.7,45.55,61.3,,98.8,182.0,40.7,74.9,17.25,11.95,141.0,53.9,83.2,78.4,225.0,205.5,278.5,,,74.9,,,34.25,83.4,213.5,78.6,235.0,51.2,40.35,83.3,56.9
45.85,41.2,56.9,82.3,77.0,70.9,11.95,39.7,71.2,33.05,32.95,340.5,158.5,34.1,49.6,275.5,11.35,25.3,32.05,59.4,195.5,72.9,25.05,15.75,25.05,40.45,347.5,420.0,42.75,77.7,64.2,48.9,29.85,382.5,388.0,395.0,53.9,15.7,207.5,39.55,19.75,107.0,25.95,51.1,21.0,135.5,8.35,12.2,18.8,47.95,15.5,22.0,75.5,29.65,328.5,87.8,9.73,47.5,50.7,95.8,87.1,32.3,83.8,244.0,8.2,13.15,96.1,170.5,77.4,28.25,108.0,518.0,281.0,12.15,135.0,67.8,16.9,50.3,10.2,15.6,14.6,,220.5,18.9,29.55,10.7,29.05,9.44,11.0,17.9,18.75,45.05,48.0,9.67,19.1,16.4,25.2,15.9,9.43,13.9,20.3,19.3,240.0,78.8,2450.0,36.35,154.0,57.8,90.9,133.0,29.7,98.8,91.0,14.85,36.0,267.0,17.9,42.4,26.4,67.7,45.55,61.2,,99.0,182.0,40.7,74.9,17.25,11.95,140.5,53.9,83.2,78.5,225.0,205.5,278.5,,,74.9,,,34.3,83.4,213.5,78.6,235.0,51.2,40.4,83.3,56.9
45.85,41.2,56.9,82.3,77.0,70.9,11.9,39.7,71.2,33.05,32.95,340.5,158.5,34.05,49.6,275.5,11.35,25.3,32.05,59.4,195.0,73.0,25.05,15.75,25.05,40.45,347.5,420.0,42.75,77.7,64.1,48.9,29.85,382.5,388.0,395.0,53.9,15.65,207.5,39.55,19.8,106.5,25.95,51.1,21.0,135.0,8.35,12.25,18.8,47.9,15.5,22.0,75.5,29.65,328.0,87.9,9.74,47.5,50.6,95.8,87.1,32.3,83.9,244.0,8.2,13.15,96.1,171.0,77.3,28.3,107.5,518.0,281.0,12.15,134.5,67.8,16.9,50.3,10.2,15.6,14.6,,220.5,18.9,29.55,10.7,29.05,9.45,11.0,17.9,18.8,45.05,47.95,9.66,19.15,16.4,25.2,15.9,9.44,13.95,20.3,19.3,240.0,78.8,2450.0,36.35,154.0,57.8,90.9,133.5,29.65,98.9,91.0,14.85,36.0,267.0,17.9,42.45,26.4,67.7,45.6,61.1,,99.5,182.0,40.7,74.9,17.25,11.95,140.5,53.9,83.1,78.4,225.0,205.5,278.5,,,74.8,,,34.25,83.4,213.5,78.6,235.0,51.2,40.4,83.3,56.8
45.85,41.25,56.9,82.3,77.0,70.9,11.9,39.75,71.3,33.05,32.95,340.0,158.5,34.1,49.6,275.5,11.35,25.3,32.05,59.4,195.5,73.0,25.05,15.8,25.05,40.45,347.5,420.0,42.75,77.6,64.2,48.95,29.8,382.5,388.0,395.0,53.9,15.7,207.5,39.55,19.8,107.0,25.95,51.1,21.0,135.5,8.36,12.25,18.8,47.9,15.5,22.0,75.5,29.65,328.0,87.9,9.74,47.45,50.7,95.9,87.1,32.3,83.8,244.0,8.2,13.15,96.2,171.0,77.5,28.3,108.0,518.0,281.0,12.15,135.0,67.8,16.85,50.2,10.15,15.6,14.55,,220.5,18.9,29.55,10.7,29.0,9.45,11.0,17.9,18.8,45.1,47.95,9.66,19.15,16.35,25.25,15.85,9.44,13.9,20.3,19.3,240.0,78.8,2450.0,36.35,154.0,57.8,90.8,133.0,29.7,98.9,91.0,14.85,36.0,267.5,17.9,42.35,26.4,67.7,45.55,61.0,,99.6,182.0,40.7,74.9,17.25,11.95,140.5,53.9,83.1,78.4,225.0,205.5,278.5,,,74.8,,,34.25,83.4,213.0,78.6,235.0,51.2,40.4,83.3,56.8
45.85,41.2,56.8,82.3,77.0,70.9,11.9,39.6,71.2,33.0,32.95,339.0,158.5,34.1,49.6,275.5,11.3,25.3,32.05,59.4,196.0,72.9,25.0,15.75,25.05,40.45,347.5,420.0,42.75,77.6,64.1,48.95,29.8,382.5,388.0,395.0,53.9,15.7,207.5,39.6,19.75,106.5,25.95,51.1,21.0,135.5,8.35,12.2,18.8,47.9,15.5,22.0,75.6,29.65,328.5,87.9,9.74,47.45,50.7,95.9,87.1,32.3,83.9,244.0,8.2,13.15,96.1,171.0,77.3,28.3,108.0,519.0,281.5,12.2,135.0,67.7,16.85,50.2,10.2,15.6,14.55,,220.5,18.9,29.55,10.7,29.05,9.46,11.0,17.9,18.75,45.1,47.95,9.66,19.15,16.4,25.25,15.85,9.43,13.9,20.25,19.3,239.5,78.8,2445.0,36.35,154.0,57.7,90.9,133.0,29.65,98.8,91.0,14.85,36.0,267.0,17.9,42.4,26.4,67.8,45.6,61.0,,99.4,182.0,40.7,75.0,17.3,11.95,140.5,53.9,83.2,78.3,225.0,205.0,278.5,,,74.9,,,34.2,83.3,213.0,78.6,235.0,51.2,40.35,83.3,56.8
45.8,41.2,56.9,82.3,77.0,70.9,11.9,39.6,71.2,33.0,32.95,338.5,158.5,34.1,49.6,275.5,11.35,25.35,32.05,59.4,196.0,72.9,25.0,15.75,25.05,40.4,347.5,420.0,42.75,77.6,64.1,48.95,29.8,382.5,388.0,395.5,53.9,15.65,207.5,39.55,19.8,107.0,25.95,51.0,21.0,135.5,8.35,12.2,18.75,47.9,15.5,22.0,75.6,29.65,328.0,87.9,9.74,47.45,50.6,95.8,87.1,32.3,83.9,243.5,8.2,13.15,96.1,171.0,77.3,28.3,108.0,518.0,281.0,12.2,134.5,67.7,16.9,50.2,10.2,15.6,14.6,,220.5,18.9,29.55,10.65,29.05,9.46,11.0,17.9,18.75,45.05,48.0,9.66,19.1,16.4,25.25,15.85,9.43,13.95,20.25,19.25,239.5,78.9,2445.0,36.35,154.0,57.7,90.8,133.0,29.7,98.8,91.0,14.85,36.0,267.0,17.9,42.35,26.45,67.7,45.6,61.1,,99.4,182.0,40.7,75.0,17.25,11.95,140.5,53.9,83.2,78.3,225.0,205.0,278.5,,,74.8,,,34.25,83.4,213.0,78.6,235.0,51.3,40.35,83.3,56.9
45.85,41.2,56.9,82.3,77.0,70.9,11.9,39.55,71.3,33.0,32.9,338.5,158.5,34.1,49.55,275.5,11.35,25.35,32.05,59.4,196.0,72.9,25.0,15.8,25.05,40.4,347.0,420.0,42.75,77.6,64.1,49.0,29.85,382.5,388.0,396.0,53.9,15.65,207.5,39.55,19.8,106.5,25.95,51.1,21.0,135.5,8.35,12.25,18.75,47.9,15.5,22.05,75.6,29.65,328.0,87.9,9.74,47.4,50.6,95.9,87.1,32.3,83.9,243.5,8.2,13.15,96.1,171.0,77.3,28.3,108.0,519.0,281.0,12.2,135.0,67.8,16.9,50.3,10.15,15.6,14.6,,220.5,18.9,29.6,10.7,29.0,9.46,11.0,17.9,18.75,45.05,47.95,9.66,19.15,16.4,25.25,15.9,9.43,13.95,20.3,19.3,240.0,78.9,2445.0,36.35,154.5,57.7,90.8,133.5,29.7,98.8,91.0,14.85,36.0,267.5,17.9,42.35,26.45,67.7,45.6,61.1,,99.5,182.0,40.7,74.9,17.3,11.95,140.5,53.9,83.1,78.3,225.0,205.0,279.0,,,74.9,,,34.3,83.4,213.0,78.6,235.0,51.3,40.35,83.4,56.9
45.8,41.2,56.9,82.3,77.0,70.9,11.9,39.55,71.3,33.0,32.9,338.5,158.5,34.1,49.55,275.5,11.3,25.35,32.05,59.4,196.0,72.9,24.95,15.75,25.05,40.4,347.0,420.0,42.75,77.7,64.1,49.0,29.85,382.5,388.0,396.0,53.9,15.7,208.0,39.55,19.8,107.0,25.95,51.0,21.0,135.5,8.35,12.25,18.75,47.9,15.5,22.0,75.6,29.65,328.0,87.9,9.74,47.4,50.6,95.9,87.1,32.25,83.8,243.5,8.2,13.15,96.2,171.0,77.4,28.3,108.0,518.0,281.5,12.15,135.0,67.8,16.9,50.3,10.2,15.6,14.6,,220.5,18.9,29.6,10.7,29.0,9.46,11.0,17.9,18.75,45.05,47.95,9.66,19.15,16.4,25.25,15.85,9.44,13.9,20.3,19.25,240.0,78.9,2450.0,36.35,154.5,57.7,90.9,133.5,29.7,98.8,91.0,14.85,36.0,267.5,17.9,42.4,26.45,67.7,45.6,61.3,,99.5,182.0,40.7,74.9,17.3,12.0,141.0,53.9,83.2,78.3,225.0,205.0,279.0,,,74.9,,,34.25,83.3,213.0,78.6,235.0,51.2,40.4,83.4,56.9
45.85,41.2,56.9,82.3,77.0,70.8,11.9,39.55,71.2,33.0,32.9,338.5,158.5,34.1,49.55,275.5,11.35,25.35,32.05,59.4,196.0,72.9,24.95,15.75,25.05,40.45,347.0,419.5,42.75,77.7,64.2,49.0,29.85,382.5,388.0,396.0,54.0,15.7,207.5,39.6,19.8,107.0,25.95,51.1,21.0,135.5,8.35,12.2,18.75,47.9,15.5,22.0,75.6,29.65,327.5,87.9,9.73,47.4,50.6,95.9,87.1,32.25,83.8,243.5,8.2,13.15,96.2,171.0,77.3,28.3,107.5,518.0,281.0,12.2,135.0,67.8,16.9,50.3,10.2,15.6,14.6,,220.5,18.85,29.55,10.7,29.0,9.46,11.0,17.9,18.75,45.1,47.95,9.67,19.15,16.4,25.25,15.9,9.44,13.95,20.3,19.3,240.0,78.9,2450.0,36.35,154.0,57.7,90.8,133.5,29.7,98.8,91.0,14.85,36.0,267.5,17.9,42.35,26.45,67.8,45.6,61.4,,99.5,182.5,40.7,75.0,17.3,11.95,140.5,53.9,83.1,78.3,225.0,205.0,279.0,,,74.9,,,34.3,83.4,213.0,78.6,235.0,51.2,40.4,83.4,56.9
45.85,41.2,56.8,82.3,77.0,70.9,11.9,39.6,71.3,33.0,32.9,338.5,158.5,34.1,49.55,276.0,11.35,25.35,32.05,59.4,196.0,72.9,24.95,15.75,25.05,40.45,347.0,419.5,42.75,77.8,64.1,49.0,29.8,382.5,388.0,396.0,53.9,15.7,207.5,39.6,19.8,107.0,25.95,51.0,21.0,135.0,8.35,12.2,18.75,47.9,15.5,22.0,75.6,29.6,327.5,87.9,9.72,47.4,50.6,96.0,87.0,32.3,83.7,243.5,8.2,13.15,96.1,171.0,77.3,28.3,108.0,519.0,281.5,12.2,135.0,67.8,16.9,50.3,10.2,15.6,14.6,,220.5,18.85,29.6,10.7,29.05,9.46,11.0,17.9,18.75,45.05,47.95,9.67,19.1,16.4,25.2,15.9,9.43,13.9,20.3,19.25,240.0,78.8,2445.0,36.35,154.5,57.7,90.9,133.5,29.7,98.7,91.0,14.8,36.0,267.5,17.9,42.4,26.45,67.8,45.6,61.3,,99.3,182.5,40.7,75.0,17.3,11.95,141.0,53.9,83.1,78.3,225.0,205.0,279.0,,,74.9,,,34.3,83.4,213.0,78.6,235.0,51.2,40.4,83.4,56.9
45.85,41.25,56.8,82.3,77.0,70.9,11.9,39.6,71.3,33.0,32.9,340.0,158.5,34.1,49.55,276.0,11.3,25.35,32.1,59.4,196.0,72.9,24.95,15.75,25.05,40.45,347.0,420.0,42.75,77.7,64.1,48.95,29.8,382.5,388.5,396.0,53.9,15.7,207.5,39.55,19.85,107.0,25.95,51.0,21.0,135.5,8.34,12.2,18.75,47.9,15.5,22.0,75.6,29.6,328.0,87.9,9.72,47.4,50.6,96.0,87.1,32.3,83.8,243.5,8.2,13.15,96.1,171.0,77.4,28.3,108.0,519.0,281.0,12.15,134.5,67.8,16.9,50.3,10.15,15.6,14.6,,220.5,18.9,29.55,10.65,29.05,9.46,11.0,17.9,18.8,45.05,47.95,9.67,19.15,16.4,25.25,15.85,9.43,13.9,20.3,19.25,240.0,78.9,2440.0,36.35,154.0,57.7,90.9,133.5,29.7,98.7,91.0,14.8,36.0,267.0,17.95,42.4,26.45,67.7,45.65,61.1,,99.3,182.5,40.7,75.0,17.25,11.95,141.0,53.9,83.1,78.3,226.0,205.0,279.5,,,74.8,,,34.25,83.4,213.0,78.6,235.0,51.2,40.4,83.4,56.9
45.85,41.25,56.9,82.3,76.9,70.9,11.9,39.6,71.2,33.05,32.9,340.0,158.5,34.1,49.55,276.0,11.35,25.3,32.1,59.4,196.0,72.9,25.0,15.75,25.05,40.45,347.0,419.5,42.75,77.7,64.1,49.0,29.8,382.5,389.0,396.0,53.9,15.7,207.5,39.55,19.85,106.5,25.95,51.0,21.0,135.5,8.35,12.2,18.75,47.9,15.5,22.0,75.6,29.6,328.5,88.1,9.73,47.45,50.6,96.0,87.1,32.3,83.8,244.0,8.2,13.15,96.1,171.0,77.4,28.3,108.0,518.0,281.0,12.15,135.0,67.8,16.85,50.3,10.15,15.6,14.6,,220.5,18.9,29.6,10.7,29.05,9.46,11.0,17.9,18.75,45.1,48.0,9.67,19.1,16.4,25.2,15.85,9.43,13.95,20.3,19.3,240.0,78.9,2440.0,36.35,154.0,57.7,90.9,133.0,29.7,98.7,91.0,14.8,36.0,267.0,17.9,42.4,26.45,67.7,45.65,61.2,,99.2,182.5,40.7,75.0,17.3,11.95,140.5,53.9,83.1,78.3,226.0,205.5,279.5,,,74.9,,,34.2,83.5,213.0,78.6,235.0,51.2,40.4,83.4,56.9
45.9,41.25,56.9,82.3,77.0,70.8,11.95,39.55,71.2,33.0,32.9,340.0,158.5,34.1,49.55,276.0,11.35,25.3,32.05,59.4,196.0,72.8,25.0,15.75,25.0,40.45,347.0,419.5,42.75,77.8,64.2,49.0,29.8,382.5,389.0,396.0,53.9,15.65,207.5,39.6,19.85,106.5,25.95,51.1,21.0,135.5,8.36,12.2,18.75,47.9,15.5,22.0,75.6,29.65,328.0,87.9,9.73,47.45,50.7,96.0,87.1,32.3,83.8,244.0,8.2,13.15,96.1,171.0,77.3,28.3,108.0,518.0,281.0,12.2,135.0,67.8,16.85,50.3,10.2,15.6,14.6,,220.5,18.9,29.6,10.7,29.05,9.46,11.0,17.9,18.75,45.1,48.0,9.68,19.1,16.4,25.25,15.9,9.43,13.95,20.3,19.3,239.5,78.8,2440.0,36.35,154.0,57.7,90.8,133.5,29.7,98.9,91.0,14.8,36.0,267.0,17.9,42.4,26.4,67.7,45.65,61.3,,99.2,182.5,40.7,74.9,17.3,11.95,140.5,53.9,83.1,78.3,226.0,205.5,280.0,,,74.8,,,34.2,83.5,213.0,78.6,235.0,51.2,40.45,83.4,56.9
45.9,41.25,56.9,82.3,77.0,70.9,11.95,39.55,71.2,33.0,32.9,340.0,158.5,34.15,49.5,276.0,11.35,25.3,32.1,59.4,196.0,72.8,25.0,15.75,25.05,40.45,347.0,419.5,42.75,77.8,64.2,49.0,29.8,382.5,389.0,396.0,54.0,15.7,208.0,39.6,19.85,107.0,25.95,51.1,21.0,135.0,8.36,12.2,18.8,47.9,15.5,22.0,75.5,29.65,327.5,87.9,9.73,47.5,50.6,96.1,87.1,32.25,83.8,244.0,8.2,13.15,96.1,171.0,77.4,28.25,107.5,518.0,281.5,12.15,135.0,67.8,16.85,50.3,10.2,15.6,14.6,,220.5,18.9,29.6,10.65,29.05,9.46,11.0,17.85,18.75,45.05,47.95,9.67,19.1,16.4,25.25,15.9,9.42,13.95,20.3,19.3,239.5,78.8,2440.0,36.3,154.5,57.7,90.8,133.5,29.7,98.9,91.0,14.8,36.0,267.0,17.9,42.35,26.4,67.8,45.7,61.3,,99.2,182.0,40.7,75.0,17.25,11.95,141.0,53.9,83.1,78.3,226.0,205.5,280.0,,,74.8,,,34.25,83.5,213.0,78.6,236.0,51.3,40.45,83.4,56.9
45.8,41.25,56.9,82.3,77.1,70.8,11.95,39.6,71.2,33.0,32.9,339.0,158.5,34.15,49.55,276.0,11.35,25.3,32.1,59.4,196.0,72.8,25.0,15.75,25.0,40.45,347.5,419.0,42.75,77.7,64.2,49.0,29.8,382.5,389.0,396.0,54.0,15.7,208.0,39.6,19.8,107.0,26.0,51.0,20.95,135.5,8.35,12.2,18.8,47.9,15.5,22.0,75.6,29.65,328.0,87.9,9.73,47.5,50.6,96.1,87.0,32.3,83.7,244.0,8.2,13.15,96.1,171.0,77.4,28.3,107.5,519.0,281.5,12.15,135.0,67.8,16.85,50.3,10.2,15.6,14.6,,220.5,18.9,29.6,10.7,29.05,9.46,11.0,17.85,18.75,45.1,48.0,9.67,19.1,16.4,25.25,15.9,9.42,13.95,20.3,19.25,239.5,78.8,2450.0,36.3,154.5,57.7,90.9,133.0,29.7,98.8,90.9,14.8,36.0,267.0,17.95,42.4,26.4,67.7,45.7,61.3,,99.2,182.0,40.7,74.9,17.3,11.95,141.0,53.9,83.1,78.3,226.0,205.5,280.0,,,74.8,,,34.25,83.5,213.0,78.6,236.0,51.3,40.4,83.4,56.9
45.9,41.25,56.9,82.3,77.1,70.8,11.9,39.55,71.2,33.0,32.95,339.0,158.5,34.15,49.55,276.0,11.3,25.3,32.1,59.3,196.0,72.8,25.0,15.75,25.0,40.45,347.5,419.0,42.75,77.7,64.1,48.95,29.8,383.0,389.0,396.0,53.9,15.7,208.0,39.6,19.85,107.0,25.95,51.1,20.95,135.5,8.35,12.2,18.8,47.9,15.5,22.0,75.5,29.65,328.0,87.9,9.72,47.45,50.6,96.1,87.1,32.3,83.8,244.5,8.2,13.15,96.1,170.5,77.4,28.3,107.5,518.0,281.5,12.15,135.0,67.8,16.85,50.2,10.2,15.6,14.6,,220.5,18.9,29.55,10.7,29.05,9.46,11.0,17.85,18.75,45.05,48.0,9.67,19.15,16.4,25.2,15.9,9.43,13.9,20.25,19.3,239.5,78.8,2450.0,36.3,154.0,57.7,90.8,133.5,29.7,98.9,90.9,14.8,36.0,267.5,17.9,42.4,26.45,67.8,45.7,61.3,,99.1,182.0,40.7,74.9,17.3,11.95,141.0,53.9,83.1,78.3,226.0,205.5,280.0,,,74.8,,,34.25,83.5,213.0,78.6,236.0,51.3,40.4,83.4,56.9
45.9,41.2,56.9,82.4,77.0,70.8,11.9,39.6,71.2,33.0,32.95,339.0,158.5,34.15,49.55,276.5,11.3,25.3,32.1,59.4,196.0,72.8,25.0,15.75,25.05,40.45,347.5,419.0,42.75,77.7,64.1,48.95,29.8,383.5,389.0,396.0,54.0,15.7,208.0,39.6,19.8,107.0,25.95,51.1,20.95,135.5,8.35,12.2,18.75,47.95,15.5,22.05,75.5,29.6,327.5,87.9,9.72,47.5,50.7,96.2,87.1,32.25,83.8,244.5,8.2,13.15,96.1,171.0,77.4,28.3,107.5,518.0,281.5,12.2,135.0,67.8,16.85,50.3,10.2,15.6,14.6,,220.5,18.9,29.55,10.7,29.05,9.46,11.0,17.85,18.75,45.05,47.95,9.67,19.15,16.4,25.25,15.9,9.43,13.9,20.25,19.3,240.0,78.8,2440.0,36.3,154.5,57.6,90.8,133.5,29.7,98.9,90.9,14.75,36.0,267.0,17.9,42.4,26.45,67.7,45.7,61.3,,99.0,182.0,40.7,75.0,17.3,11.95,141.0,53.9,83.1,78.3,226.0,205.5,280.0,,,74.9,,,34.25,83.5,213.5,78.6,236.5,51.2,40.45,83.4,56.9
45.8,41.2,56.8,82.3,77.0,70.8,11.95,39.6,71.3,33.0,32.95,339.0,158.5,34.15,49.55,276.5,11.35,25.3,32.1,59.4,196.0,72.8,25.0,15.75,25.05,40.45,347.5,419.5,42.75,77.7,64.1,49.0,29.85,382.5,389.0,396.0,53.9,15.65,207.5,39.6,19.8,107.0,25.95,51.2,21.0,135.5,8.36,12.2,18.8,47.95,15.5,22.0,75.5,29.65,327.5,87.9,9.72,47.5,50.6,96.2,87.1,32.3,83.8,244.5,8.2,13.2,96.1,171.0,77.4,28.25,107.5,518.0,281.5,12.2,135.0,67.8,16.85,50.3,10.2,15.6,14.6,,220.5,18.9,29.6,10.7,29.0,9.45,11.0,17.85,18.75,45.05,48.0,9.68,19.1,16.4,25.2,15.9,9.44,13.9,20.3,19.3,240.0,78.8,2440.0,36.3,154.5,57.6,90.8,133.5,29.7,98.9,90.9,14.8,36.0,267.0,17.95,42.4,26.4,67.7,45.75,61.4,,98.8,182.0,40.7,74.9,17.3,11.95,141.0,54.0,83.1,78.2,226.0,205.5,280.0,,,74.8,,,34.25,83.6,213.5,78.6,236.5,51.2,40.45,83.4,56.9
45.85,41.2,56.9,82.3,77.0,70.8,11.95,39.6,71.2,33.0,32.95,340.0,159.0,34.15,49.55,276.5,11.35,25.3,32.1,59.4,196.0,72.8,25.0,15.75,25.05,40.45,347.5,419.5,42.75,77.7,64.2,48.95,29.85,382.5,389.0,396.0,53.9,15.7,207.5,39.6,19.8,107.0,26.0,51.2,20.95,135.5,8.36,12.2,18.8,47.95,15.5,22.0,75.5,29.65,327.5,87.9,9.72,47.5,50.6,96.2,87.1,32.3,83.8,244.5,8.2,13.2,96.1,171.0,77.3,28.3,107.5,518.0,281.0,12.2,135.0,67.8,16.85,50.3,10.2,15.6,14.6,,220.5,18.9,29.6,10.7,29.05,9.45,11.0,17.85,18.75,45.1,48.0,9.68,19.1,16.4,25.25,15.85,9.44,13.95,20.3,19.3,240.0,78.8,2450.0,36.3,154.0,57.6,90.8,133.0,29.75,98.9,91.0,14.85,36.0,267.0,17.9,42.35,26.4,67.7,45.75,61.3,,98.8,182.0,40.7,74.9,17.3,11.95,141.5,53.9,83.1,78.2,226.0,205.5,280.0,,,74.9,,,34.25,83.9,213.0,78.6,236.5,51.1,40.4,83.5,56.9
45.85,41.2,56.9,82.3,77.1,70.9,11.9,39.6,71.2,33.0,32.9,340.0,159.0,34.15,49.55,276.5,11.35,25.3,32.1,59.3,196.0,72.8,25.0,15.75,25.0,40.45,347.5,419.0,42.75,77.7,64.1,48.95,29.9,382.5,389.0,396.0,53.9,15.7,208.0,39.6,19.8,107.0,26.0,51.1,20.95,135.5,8.35,12.2,18.8,47.95,15.5,22.0,75.5,29.65,327.5,87.8,9.72,47.5,50.6,96.2,87.1,32.25,83.8,244.5,8.2,13.15,96.1,171.0,77.3,28.3,107.5,518.0,281.5,12.2,135.0,67.8,16.85,50.3,10.2,15.6,14.55,,220.5,18.9,29.55,10.7,29.05,9.45,11.0,17.85,18.75,45.05,47.95,9.67,19.1,16.4,25.25,15.85,9.44,13.9,20.3,19.3,239.5,78.9,2450.0,36.25,154.5,57.6,90.8,133.0,29.75,98.9,91.0,14.8,36.0,267.0,17.9,42.4,26.4,67.7,45.7,61.2,,98.9,182.0,40.7,74.9,17.25,12.0,141.5,53.9,83.1,78.2,226.0,205.5,280.0,,,74.8,,,34.25,83.6,213.0,78.6,237.0,51.1,40.4,83.5,56.9
45.8,41.2,56.9,82.3,77.0,70.8,11.95,39.6,71.3,33.0,32.9,339.5,158.5,34.15,49.6,276.5,11.3,25.3,32.1,59.3,196.0,72.8,24.95,15.75,25.05,40.45,347.5,419.0,42.75,77.7,64.1,49.0,29.85,382.5,389.0,396.0,53.9,15.7,208.0,39.65,19.8,107.0,26.0,51.2,20.95,135.5,8.36,12.2,18.8,47.95,15.5,22.0,75.5,29.65,327.5,87.8,9.72,47.45,50.5,96.3,87.1,32.25,83.8,244.5,8.2,13.2,96.1,171.0,77.3,28.25,107.5,519.0,281.5,12.2,135.0,67.9,16.85,50.3,10.2,15.6,14.55,,220.5,18.9,29.55,10.7,29.0,9.45,11.0,17.85,18.75,45.05,47.95,9.67,19.1,16.4,25.2,15.85,9.43,13.95,20.3,19.3,239.5,78.9,2450.0,36.25,154.0,57.6,90.8,133.0,29.7,98.8,91.0,14.8,36.0,267.0,17.9,42.35,26.4,67.7,45.7,61.2,,99.0,182.0,40.7,74.9,17.3,11.95,142.0,53.9,83.1,78.3,226.0,205.5,280.0,,,74.8,,,34.25,83.9,213.5,78.6,237.0,51.0,40.4,83.5,56.9
45.85,41.2,56.8,82.3,77.1,70.9,11.9,39.6,71.3,33.0,32.9,339.5,158.5,34.15,49.6,275.5,11.3,25.3,32.1,59.4,196.0,72.9,25.0,15.75,25.05,40.45,347.5,419.0,42.75,77.7,64.1,49.0,29.85,382.5,389.0,396.0,53.9,15.65,208.0,39.6,19.8,107.0,26.0,51.2,21.0,135.0,8.36,12.15,18.8,47.95,15.5,22.0,75.5,29.6,327.0,87.8,9.72,47.5,50.5,96.2,87.1,32.25,83.8,244.5,8.2,13.2,96.1,171.0,77.4,28.25,107.5,520.0,282.0,12.2,135.0,67.8,16.85,50.3,10.2,15.6,14.6,,220.5,18.9,29.6,10.7,29.0,9.45,11.0,17.85,18.75,45.05,47.95,9.68,19.1,16.4,25.25,15.85,9.43,13.9,20.3,19.3,239.5,78.8,2440.0,36.25,154.0,57.6,90.8,133.0,29.7,98.8,91.0,14.8,36.0,267.0,17.9,42.4,26.4,67.7,45.65,61.1,,98.9,182.0,40.7,75.0,17.3,11.95,141.5,53.9,83.1,78.2,226.0,205.5,280.0,,,74.9,,,34.25,83.9,213.0,78.6,237.0,51.0,40.4,83.5,56.9
45.8,41.2,56.8,82.3,77.0,70.8,11.95,39.6,71.2,32.95,32.9,340.0,158.5,34.1,49.6,275.5,11.3,25.3,32.15,59.4,196.0,72.9,25.0,15.75,25.05,40.45,347.5,419.0,42.75,77.7,64.1,49.0,29.9,382.5,389.0,396.0,54.0,15.7,207.5,39.65,19.8,106.5,26.0,51.2,20.9,135.0,8.37,12.15,18.8,47.9,15.5,22.0,75.5,29.65,327.0,88.0,9.72,47.45,50.5,96.3,87.0,32.25,83.8,244.5,8.2,13.15,96.1,171.0,77.3,28.3,108.0,520.0,281.5,12.2,135.0,67.8,16.85,50.3,10.2,15.6,14.6,,220.5,18.9,29.55,10.65,29.0,9.45,11.0,17.85,18.75,45.1,47.95,9.68,19.15,16.4,25.25,15.9,9.44,13.95,20.25,19.3,239.5,78.9,2450.0,36.25,154.0,57.6,90.8,133.5,29.7,98.8,91.0,14.8,36.0,267.0,17.9,42.35,26.4,67.8,45.6,61.1,,98.9,182.0,40.75,74.9,17.3,11.95,141.5,53.9,83.2,78.2,226.0,205.5,280.0,,,74.8,,,34.25,83.9,213.0,78.6,237.0,51.0,40.4,83.5,56.9
45.85,41.25,56.8,82.3,77.0,70.8,11.9,39.6,71.2,32.95,32.9,340.0,158.5,34.1,49.6,275.5,11.3,25.3,32.15,59.4,197.0,72.9,25.0,15.75,25.05,40.45,347.0,419.0,42.75,77.7,64.1,49.0,29.9,382.5,389.0,396.0,53.9,15.65,207.5,39.6,19.8,106.5,25.95,51.4,20.9,135.5,8.37,12.15,18.8,48.0,15.5,22.0,75.6,29.65,327.0,88.1,9.72,47.45,50.5,96.2,87.0,32.3,83.8,244.0,8.2,13.2,96.1,171.0,77.4,28.3,108.0,520.0,282.0,12.15,135.0,67.8,16.85,50.3,10.2,15.6,14.55,,220.5,18.9,29.6,10.7,29.0,9.45,11.0,17.85,18.75,45.1,48.0,9.68,19.1,16.4,25.3,15.85,9.44,13.9,20.3,19.3,239.5,78.8,2450.0,36.25,154.5,57.7,90.8,133.5,29.75,98.8,91.0,14.8,36.0,266.5,17.95,42.35,26.4,67.8,45.7,61.1,,98.9,182.0,40.7,74.9,17.3,11.95,142.0,53.9,83.1,78.2,226.0,205.5,280.0,,,74.8,,,34.2,83.9,213.5,78.6,237.0,51.1,40.4,83.5,56.8
45.8,41.25,56.8,82.3,77.0,70.9,11.9,39.6,71.2,32.95,32.95,340.0,158.5,34.1,49.6,275.5,11.35,25.3,32.15,59.3,197.0,72.9,25.05,15.75,25.0,40.45,347.5,419.0,42.75,77.7,64.1,48.95,29.9,382.5,389.0,396.0,54.0,15.7,207.5,39.6,19.85,107.0,26.0,51.5,20.9,135.5,8.36,12.2,18.85,48.0,15.5,22.05,75.5,29.65,327.0,88.4,9.72,47.45,50.5,96.2,87.0,32.25,83.8,244.0,8.2,13.15,96.1,171.0,77.4,28.25,108.0,520.0,281.5,12.15,135.0,67.8,16.9,50.3,10.2,15.6,14.55,,220.5,18.9,29.55,10.7,29.0,9.46,10.95,17.85,18.75,45.1,47.95,9.67,19.1,16.4,25.25,15.85,9.43,13.9,20.3,19.35,239.5,78.8,2450.0,36.25,154.5,57.7,90.8,133.5,29.75,98.9,91.0,14.8,36.0,267.0,17.9,42.35,26.4,67.7,45.6,61.1,,99.0,182.0,40.65,74.9,17.3,11.95,142.0,53.9,83.1,78.2,226.0,205.0,280.0,,,74.9,,,34.2,83.9,213.5,78.6,236.5,51.1,40.45,83.5,56.9
45.85,41.25,56.8,82.3,77.0,70.8,11.9,39.6,71.3,33.0,32.95,339.5,158.5,34.1,49.6,275.5,11.35,25.3,32.15,59.3,197.0,72.9,25.0,15.75,25.0,40.45,347.0,419.0,42.75,77.7,64.1,49.0,29.9,382.5,389.0,396.0,53.9,15.7,207.5,39.65,19.85,107.0,26.0,51.7,20.9,135.5,8.36,12.2,18.85,47.95,15.5,22.05,75.5,29.65,327.5,88.4,9.72,47.5,50.5,96.1,87.1,32.25,83.8,244.0,8.2,13.15,96.1,171.0,77.4,28.25,108.0,520.0,281.5,12.15,135.0,67.8,16.85,50.3,10.2,15.6,14.6,,220.5,18.9,29.6,10.7,29.05,9.46,11.0,17.85,18.75,45.05,47.95,9.67,19.1,16.4,25.3,15.9,9.43,13.9,20.3,19.3,239.5,78.8,2450.0,36.25,154.5,57.6,90.8,133.0,29.75,98.9,91.0,14.8,36.0,267.0,17.95,42.4,26.4,67.8,45.6,61.2,,99.1,182.0,40.65,74.9,17.3,11.95,142.0,53.9,83.1,78.3,226.0,205.0,280.5,,,74.9,,,34.25,83.9,213.0,78.6,236.5,51.0,40.45,83.5,56.9
45.8,41.25,56.8,82.3,77.0,70.8,11.9,39.6,71.2,33.0,32.95,339.5,158.5,34.1,49.6,275.5,11.35,25.3,32.15,59.3,197.0,72.9,25.0,15.75,25.0,40.35,347.0,419.0,42.75,77.7,64.1,49.0,29.85,382.5,389.0,396.5,53.9,15.7,207.5,39.7,19.85,107.0,26.0,51.7,20.85,135.5,8.35,12.2,18.85,48.0,15.5,22.05,75.5,29.7,327.0,88.3,9.72,47.5,50.5,96.1,87.1,32.25,83.8,244.0,8.2,13.15,96.1,171.0,77.5,28.25,108.0,519.0,281.5,12.15,135.0,67.8,16.9,50.3,10.2,15.6,14.55,,220.5,18.9,29.6,10.65,29.0,9.46,11.0,17.9,18.75,45.05,48.0,9.68,19.15,16.4,25.25,15.85,9.44,13.9,20.25,19.35,239.5,78.8,2450.0,36.2,154.0,57.6,90.8,133.5,29.75,98.9,91.0,14.8,36.0,267.0,17.9,42.35,26.4,67.8,45.6,61.1,,99.1,182.0,40.65,75.0,17.3,11.95,142.0,53.9,83.1,78.3,226.0,205.0,280.5,,,74.8,,,34.25,83.9,213.0,78.6,236.5,51.0,40.4,83.5,56.9
45.85,41.25,56.8,82.3,77.0,70.8,11.95,39.6,71.2,33.05,32.95,339.5,158.5,34.1,49.7,275.5,11.4,25.3,32.15,59.4,197.0,72.9,25.0,15.75,25.05,40.35,347.0,419.0,42.75,77.7,64.2,48.95,29.85,382.5,389.0,396.5,53.9,15.7,208.0,39.7,19.85,107.0,26.0,51.7,20.85,135.5,8.36,12.2,18.85,48.0,15.5,22.05,75.5,29.7,327.0,88.3,9.72,47.45,50.6,96.1,87.0,32.2,83.8,244.0,8.2,13.2,96.1,171.0,77.5,28.3,107.5,519.0,282.0,12.15,135.5,67.8,16.85,50.3,10.2,15.6,14.55,,220.5,18.9,29.6,10.65,29.0,9.47,11.0,17.9,18.75,45.05,47.95,9.67,19.1,16.4,25.3,15.85,9.43,13.9,20.25,19.3,239.5,78.9,2450.0,36.2,154.5,57.7,90.8,133.5,29.75,98.8,91.0,14.8,36.0,267.5,17.9,42.35,26.4,67.7,45.6,61.1,,99.0,182.0,40.65,74.9,17.3,11.95,143.0,53.9,83.1,78.2,226.0,205.0,280.5,,,74.8,,,34.25,83.9,213.0,78.6,236.5,51.0,40.45,83.5,56.8
45.8,41.25,56.9,82.3,77.0,70.9,11.9,39.6,71.2,33.0,32.95,339.5,158.0,34.05,49.7,275.5,11.4,25.25,32.15,59.4,197.0,72.9,25.0,15.75,25.0,40.35,347.5,419.0,42.75,77.7,64.1,49.0,29.85,382.5,389.0,396.5,54.0,15.65,208.0,39.7,19.85,107.0,26.0,51.8,20.9,135.5,8.37,12.2,18.85,47.95,15.5,22.05,75.5,29.7,327.5,88.3,9.73,47.5,50.6,96.1,87.1,32.3,83.8,244.0,8.2,13.15,96.2,171.0,77.5,28.25,108.0,519.0,281.5,12.15,135.5,67.8,16.85,50.3,10.2,15.6,14.6,,220.5,18.9,29.6,10.7,29.0,9.47,11.0,17.9,18.75,45.05,48.0,9.67,19.15,16.4,25.25,15.85,9.43,13.95,20.25,19.35,239.5,78.9,2450.0,36.2,154.5,57.6,90.8,133.5,29.75,98.8,91.0,14.8,36.0,267.0,17.9,42.35,26.4,67.7,45.65,61.1,,99.1,182.5,40.65,74.9,17.3,11.95,143.0,53.9,83.2,78.2,226.0,205.0,280.5,,,74.8,,,34.25,83.6,213.5,78.6,237.0,51.0,40.45,83.6,56.9
45.85,41.25,56.9,82.3,77.0,70.8,11.95,39.6,71.3,33.0,32.95,339.5,158.0,34.1,49.6,275.5,11.4,25.25,32.15,59.4,197.0,72.9,25.0,15.75,25.0,40.35,347.5,419.0,42.75,77.8,64.3,49.0,29.85,382.5,389.0,396.5,53.9,15.7,207.5,39.75,19.85,107.0,26.0,51.8,20.9,135.0,8.36,12.2,18.85,48.0,15.5,22.1,75.5,29.7,327.5,88.5,9.72,47.5,50.5,96.0,87.1,32.3,83.8,244.0,8.2,13.15,96.1,170.5,77.5,28.25,107.5,519.0,281.5,12.15,135.0,67.8,16.85,50.2,10.2,15.6,14.6,,220.5,18.9,29.6,10.7,29.0,9.47,11.0,17.9,18.75,45.05,48.0,9.67,19.1,16.4,25.3,15.85,9.43,13.95,20.25,19.3,239.5,78.9,2450.0,36.2,154.5,57.6,90.7,133.0,29.7,98.8,91.0,14.8,36.0,267.0,17.95,42.35,26.4,67.7,45.65,61.0,,99.1,182.0,40.65,74.9,17.3,11.95,142.5,53.9,83.1,78.2,226.0,204.5,280.5,,,74.8,,,34.25,83.9,213.5,78.6,237.0,51.0,40.45,83.6,56.9
45.85,41.25,56.9,82.3,77.0,70.8,11.95,39.6,71.2,33.0,32.9,339.5,158.5,34.05,49.6,275.5,11.4,25.25,32.15,59.4,197.0,72.9,25.0,15.75,25.0,40.4,347.5,419.0,42.75,77.8,64.1,49.0,29.85,382.5,389.0,396.5,53.9,15.65,207.5,39.75,19.85,107.0,26.05,51.7,20.85,135.0,8.36,12.2,18.85,47.95,15.5,22.05,75.5,29.7,327.0,88.6,9.72,47.5,50.6,96.0,87.1,32.3,83.8,243.5,8.13,13.2,96.1,170.5,77.5,28.25,107.5,519.0,281.5,12.15,135.0,67.8,16.9,50.3,10.2,15.6,14.6,,220.5,18.85,29.6,10.7,29.0,9.46,11.0,17.9,18.75,45.05,48.0,9.67,19.15,16.4,25.3,15.85,9.43,13.95,20.3,19.35,240.0,78.9,2455.0,36.2,154.0,57.6,90.7,133.5,29.75,98.8,91.0,14.8,36.0,267.0,17.9,42.45,26.4,67.7,45.65,61.0,,99.1,182.0,40.65,74.9,17.3,11.95,142.5,53.9,83.2,78.2,226.0,204.5,280.5,,,74.8,,,34.25,83.9,213.5,78.6,237.0,50.9,40.4,83.5,56.9
45.85,41.25,56.8,82.3,77.0,70.9,11.9,39.6,71.2,33.05,32.95,339.0,159.0,34.1,49.6,275.5,11.4,25.25,32.15,59.3,197.0,72.9,24.95,15.75,25.0,40.35,347.5,419.0,42.75,77.7,64.3,49.0,29.85,382.5,389.0,397.5,54.0,15.7,207.5,39.7,19.85,107.0,26.0,51.7,20.85,135.0,8.35,12.15,18.85,47.95,15.5,22.05,75.6,29.7,327.0,88.3,9.72,47.45,50.6,96.0,87.0,32.3,83.7,243.5,8.13,13.15,96.2,170.5,77.5,28.3,107.5,519.0,281.5,12.15,135.0,67.8,16.9,50.3,10.2,15.6,14.6,,220.5,18.85,29.6,10.7,29.0,9.47,11.0,17.9,18.75,45.1,47.95,9.67,19.15,16.4,25.3,15.9,9.43,13.95,20.3,19.3,240.0,78.9,2450.0,36.2,154.0,57.6,90.8,133.5,29.75,98.8,91.0,14.8,36.0,267.0,17.9,42.4,26.4,67.7,45.6,60.8,,99.0,182.0,40.65,75.0,17.3,11.95,142.5,54.0,83.2,78.1,226.0,204.5,280.5,,,74.8,,,34.2,83.9,213.5,78.6,237.0,50.9,40.4,83.4,56.9
45.8,41.25,56.8,82.3,77.0,70.8,11.9,39.55,71.2,33.0,32.95,339.0,159.0,34.1,49.6,275.5,11.4,25.25,32.15,59.4,197.0,72.9,24.95,15.75,25.05,40.35,347.5,419.0,42.75,77.7,64.1,49.0,29.85,383.0,389.0,397.5,53.9,15.7,207.5,39.7,19.85,107.0,26.0,51.6,20.85,135.5,8.35,12.2,18.85,47.95,15.5,22.05,75.6,29.7,327.0,88.3,9.72,47.45,50.6,96.0,87.1,32.3,83.8,243.5,8.13,13.15,96.2,170.5,77.6,28.25,107.5,519.0,281.5,12.15,135.0,67.8,16.9,50.3,10.2,15.6,14.6,,220.5,18.85,29.6,10.7,29.0,9.47,11.0,17.9,18.75,45.1,47.95,9.67,19.15,16.4,25.25,15.85,9.43,14.0,20.3,19.35,240.0,78.9,2450.0,36.2,154.0,57.6,90.9,133.0,29.7,98.7,91.0,14.8,36.0,267.5,17.9,42.4,26.4,67.7,45.7,60.8,,99.1,182.5,40.65,74.9,17.35,11.95,142.5,54.0,83.2,78.2,226.0,205.0,280.5,,,74.8,,,34.25,83.9,213.5,78.6,237.0,50.9,40.4,83.3,56.9
45.8,41.25,56.9,82.3,77.0,70.8,11.95,39.6,71.2,33.0,32.95,339.0,159.0,34.1,49.6,275.5,11.35,25.25,32.15,59.4,196.5,72.9,25.0,15.75,25.05,40.35,347.0,419.0,42.75,77.7,64.1,49.0,29.9,383.0,389.0,398.5,53.9,15.7,207.5,39.7,19.85,107.0,26.0,51.5,20.85,135.0,8.37,12.2,18.85,47.95,15.5,22.05,75.5,29.7,327.0,88.1,9.73,47.45,50.6,96.0,87.0,32.3,83.8,243.5,8.13,13.15,96.1,171.0,77.6,28.25,107.5,519.0,282.0,12.1,135.0,67.8,16.9,50.2,10.2,15.6,14.6,,221.0,18.85,29.6,10.7,29.0,9.47,11.0,17.9,18.75,45.1,47.95,9.67,19.1,16.4,25.3,15.85,9.42,14.0,20.3,19.3,240.0,78.9,2450.0,36.2,154.0,57.6,90.8,133.5,29.7,98.8,91.0,14.8,36.0,267.5,17.95,42.35,26.4,67.7,45.6,60.7,,99.1,182.5,40.65,75.0,17.3,11.95,142.5,54.0,83.1,78.2,226.0,205.0,280.5,,,74.8,,,34.2,83.8,213.5,78.6,237.0,50.9,40.4,83.3,56.9
45.8,41.2,56.9,82.3,77.0,70.7,11.95,39.6,71.3,33.0,32.95,339.0,158.5,34.1,49.65,275.5,11.35,25.25,32.15,59.4,196.5,72.9,25.0,15.75,25.05,40.35,347.0,419.0,42.75,77.7,64.2,49.0,29.9,383.0,389.5,398.0,53.9,15.7,207.5,39.7,19.8,107.0,26.05,51.4,20.85,135.5,8.35,12.2,18.85,47.95,15.5,22.05,75.5,29.7,327.0,88.0,9.73,47.45,50.6,96.0,87.1,32.3,83.8,243.5,8.13,13.15,96.1,171.0,77.6,28.3,107.5,519.0,281.5,12.1,135.0,67.8,16.85,50.3,10.2,15.6,14.55,,221.0,18.85,29.6,10.65,29.05,9.47,11.0,17.9,18.75,45.1,47.95,9.66,19.1,16.4,25.3,15.85,9.42,13.95,20.25,19.3,240.0,78.9,2450.0,36.2,154.0,57.6,90.8,133.5,29.75,98.8,91.0,14.8,36.0,267.5,17.9,42.4,26.4,67.8,45.6,60.7,,99.1,182.5,40.65,75.0,17.35,11.95,142.5,53.8,83.1,78.2,226.0,206.0,280.0,,,74.8,,,34.2,83.8,213.5,78.6,237.0,50.8,40.4,83.3,56.8
45.8,41.2,56.8,82.3,77.1,70.7,12.0,39.6,71.2,33.0,32.95,339.0,158.5,34.1,49.7,275.5,11.35,25.3,32.15,59.4,196.5,72.9,25.0,15.75,25.0,40.35,347.0,419.0,42.75,77.7,64.2,48.95,29.9,383.0,388.5,398.0,53.9,15.75,207.0,39.7,19.8,107.0,26.0,51.4,20.9,135.5,8.35,12.2,18.8,48.0,15.5,22.05,75.5,29.75,327.5,88.0,9.73,47.5,50.6,96.0,87.1,32.3,83.7,243.5,8.13,13.15,96.1,171.0,77.6,28.25,107.5,518.0,282.0,12.1,135.0,67.8,16.85,50.3,10.2,15.6,14.6,,221.0,18.9,29.6,10.65,29.05,9.47,11.0,17.9,18.75,45.05,47.95,9.67,19.15,16.4,25.3,15.9,9.43,13.95,20.3,19.3,240.0,78.9,2450.0,36.2,154.0,57.6,90.8,133.5,29.75,98.8,91.0,14.8,36.0,267.0,17.9,42.35,26.4,67.8,45.7,60.8,,99.0,182.0,40.65,74.9,17.3,11.95,142.5,53.9,83.1,78.2,226.0,206.0,280.5,,,74.8,,,34.25,83.8,213.5,78.6,237.0,50.8,40.4,83.3,56.9
45.8,41.2,56.8,82.3,77.1,70.7,12.0,39.6,71.3,33.0,32.95,339.0,158.5,34.1,49.7,275.5,11.35,25.3,32.1,59.4,196.5,72.9,25.0,15.75,25.05,40.35,347.5,418.5,42.75,77.7,64.2,48.95,29.85,383.0,388.5,398.0,53.9,15.75,207.5,39.75,19.8,107.5,26.0,51.4,20.85,135.0,8.36,12.2,18.8,48.05,15.5,22.1,75.6,29.7,327.5,88.0,9.73,47.5,50.6,96.0,87.1,32.3,83.7,243.5,8.13,13.15,96.2,171.0,77.6,28.2,107.5,518.0,281.5,12.1,135.0,67.8,16.85,50.3,10.2,15.55,14.6,,221.0,18.9,29.6,10.7,29.0,9.47,11.0,17.9,18.75,45.05,47.95,9.67,19.15,16.45,25.3,15.9,9.43,13.95,20.3,19.3,239.5,78.8,2450.0,36.2,154.0,57.7,90.8,133.5,29.75,98.8,91.0,14.8,36.0,267.0,17.9,42.35,26.45,67.7,45.6,60.8,,99.0,182.0,40.7,75.0,17.3,11.95,142.0,53.9,83.1,78.2,226.0,206.0,280.5,,,74.9,,,34.2,83.6,213.5,78.6,237.0,50.8,40.4,83.4,56.9
45.85,41.2,56.9,82.3,77.0,70.7,12.0,39.6,71.2,33.0,32.95,339.0,158.5,34.1,49.7,275.5,11.35,25.3,32.1,59.4,196.5,72.9,25.0,15.75,25.05,40.35,347.5,418.5,42.75,77.8,64.3,49.0,29.85,383.0,388.5,398.0,54.0,15.75,207.5,39.75,19.85,107.5,26.0,51.4,20.9,135.0,8.36,12.2,18.8,48.0,15.5,22.1,75.5,29.7,327.5,88.0,9.73,47.45,50.6,96.0,87.1,32.3,83.7,243.5,8.13,13.15,96.1,171.0,77.6,28.25,107.5,518.0,282.0,12.1,135.0,67.8,16.85,50.3,10.2,15.55,14.55,,221.0,18.9,29.6,10.7,29.0,9.47,11.0,17.9,18.75,45.1,47.95,9.68,19.15,16.45,25.3,15.9,9.43,13.9,20.3,19.35,240.0,78.9,2450.0,36.2,154.5,57.8,90.8,133.5,29.75,98.8,91.0,14.8,36.0,267.0,17.9,42.4,26.45,67.7,45.6,60.9,,98.9,182.0,40.7,75.0,17.35,11.95,142.0,53.9,83.1,78.2,226.0,206.0,281.0,,,74.9,,,34.25,83.7,213.5,78.6,237.0,50.8,40.4,83.4,56.9
45.8,41.25,56.9,82.3,77.1,70.7,12.0,39.6,71.2,33.0,32.95,339.0,158.5,34.1,49.7,275.5,11.35,25.3,32.15,59.3,196.5,73.0,25.0,15.75,25.05,40.35,347.5,418.5,42.75,77.7,64.3,49.0,29.9,383.0,389.5,398.0,53.9,15.7,207.5,39.75,19.85,107.5,26.05,51.4,20.9,135.5,8.35,12.2,18.8,48.05,15.5,22.05,75.5,29.7,328.0,88.0,9.72,47.45,50.7,96.0,87.1,32.3,83.7,244.0,8.13,13.15,96.2,171.0,77.5,28.25,107.5,518.0,282.0,12.1,135.0,67.8,16.85,50.3,10.2,15.55,14.55,,221.0,18.9,29.55,10.65,29.0,9.46,11.0,17.9,18.75,45.1,48.0,9.67,19.15,16.4,25.3,15.85,9.43,13.95,20.3,19.3,240.0,78.8,2450.0,36.2,154.0,57.8,90.9,133.0,29.8,98.8,91.0,14.8,36.0,267.0,17.9,42.45,26.4,67.8,45.7,61.1,,99.0,182.0,40.7,75.0,17.3,11.9,142.0,53.9,83.1,78.3,226.0,206.0,281.0,,,74.9,,,34.2,83.6,213.5,78.6,237.0,50.8,40.4,83.4,56.9
45.85,41.25,56.9,82.3,77.1,70.7,12.0,39.6,71.2,33.0,32.95,338.0,158.5,34.1,49.7,275.5,11.35,25.3,32.15,59.3,196.5,73.0,25.0,15.75,25.05,40.35,347.5,418.5,42.75,77.7,64.1,49.0,29.9,383.0,389.5,398.0,53.9,15.7,207.5,39.75,19.85,107.0,26.05,51.5,20.9,135.5,8.35,12.15,18.8,48.05,15.5,22.05,75.6,29.7,327.5,87.9,9.72,47.45,50.7,96.0,87.1,32.3,83.7,243.5,8.13,13.15,96.1,171.0,77.5,28.2,107.5,518.0,282.0,12.15,135.0,67.8,16.85,50.4,10.2,15.55,14.6,,221.0,18.9,29.55,10.7,29.0,9.48,11.0,17.9,18.75,45.1,47.95,9.67,19.15,16.4,25.3,15.85,9.43,13.95,20.3,19.35,240.0,78.8,2450.0,36.2,154.5,57.8,90.8,133.0,29.8,98.8,91.0,14.8,36.0,267.0,17.9,42.45,26.4,67.8,45.65,61.1,,99.1,182.0,40.7,75.0,17.35,11.9,141.5,53.9,83.0,78.3,226.0,206.0,281.0,,,74.9,,,34.2,83.7,213.5,78.6,236.5,50.9,40.4,83.4,56.9
45.85,41.2,56.9,82.3,77.1,70.7,11.95,39.6,71.2,33.0,32.95,338.0,158.5,34.1,49.7,276.0,11.35,25.3,32.15,59.3,196.5,73.0,25.0,15.75,25.05,40.35,347.5,418.5,42.75,77.7,64.1,49.0,29.9,383.0,389.5,398.0,53.9,15.7,207.0,39.8,19.85,107.5,26.05,51.5,20.85,135.5,8.35,12.15,18.8,48.05,15.5,22.05,75.5,29.7,327.5,88.0,9.72,47.45,50.7,96.0,87.1,32.3,83.7,243.5,8.13,13.2,96.2,171.0,77.6,28.2,107.5,518.0,281.5,12.15,135.0,67.8,16.85,50.4,10.2,15.55,14.55,,221.0,18.9,29.6,10.7,29.0,9.48,11.0,17.9,18.75,45.1,48.0,9.67,19.15,16.4,25.3,15.9,9.43,14.0,20.3,19.3,240.0,78.8,2450.0,36.25,154.5,57.8,90.8,133.0,29.8,98.8,91.1,14.85,36.0,267.0,17.9,42.5,26.4,67.7,45.65,61.1,,99.1,182.0,40.7,75.0,17.3,11.9,142.0,53.9,83.1,78.3,226.0,206.0,281.0,,,74.8,,,34.2,83.6,213.5,78.6,236.5,50.8,40.4,83.4,56.9
45.85,41.2,56.9,82.3,77.0,70.6,11.95,39.55,71.2,33.0,32.95,338.0,158.5,34.1,49.7,275.5,11.35,25.3,32.15,59.4,196.5,73.0,25.0,15.75,25.0,40.35,347.5,418.5,42.75,77.7,64.1,49.0,29.85,383.5,389.5,398.0,53.9,15.7,207.0,39.75,19.85,107.5,26.0,51.4,20.9,135.0,8.35,12.2,18.8,48.0,15.5,22.05,75.6,29.75,327.5,88.0,9.72,47.5,50.8,96.0,87.1,32.3,83.7,244.0,8.13,13.15,96.1,171.0,77.6,28.2,108.0,518.0,282.0,12.15,135.5,67.8,16.85,50.3,10.2,15.55,14.6,,221.0,18.9,29.6,10.65,29.0,9.47,11.0,17.9,18.8,45.05,48.0,9.67,19.1,16.4,25.25,15.85,9.43,13.95,20.3,19.35,240.0,78.9,2450.0,36.25,154.5,57.9,90.8,133.5,29.8,98.8,91.1,14.8,36.0,267.0,17.9,42.5,26.4,67.7,45.7,61.1,,99.0,181.5,40.65,74.9,17.3,11.95,142.0,53.9,83.1,78.3,226.0,206.0,281.0,,,74.9,,,34.2,83.8,213.5,78.6,236.5,50.8,40.4,83.4,56.9
45.75,41.2,56.9,82.3,77.1,70.6,11.95,39.55,71.2,33.0,32.95,338.0,158.5,34.1,49.7,275.5,11.35,25.3,32.15,59.4,196.5,73.0,25.0,15.75,25.05,40.35,347.5,419.0,42.75,77.7,64.2,48.95,29.9,383.5,389.5,398.0,53.9,15.7,207.0,39.8,19.85,107.5,26.0,51.4,20.9,135.5,8.35,12.15,18.85,48.0,15.5,22.05,75.5,29.7,327.5,88.0,9.72,47.45,50.8,96.0,87.0,32.3,83.7,244.0,8.13,13.15,96.1,170.5,77.5,28.2,107.5,518.0,282.0,12.15,135.0,67.8,16.85,50.4,10.2,15.55,14.6,,221.0,18.9,29.6,10.7,29.0,9.48,11.0,17.9,18.7,45.05,48.0,9.67,19.1,16.4,25.25,15.85,9.43,14.0,20.3,19.3,240.0,78.8,2450.0,36.25,154.0,57.8,90.8,133.0,29.8,98.8,91.1,14.8,36.0,267.0,17.95,42.5,26.4,67.7,45.65,61.2,,99.0,181.5,40.6,74.9,17.35,11.95,142.0,53.9,83.1,78.3,226.0,205.5,281.0,,,74.8,,,34.2,83.8,213.5,78.6,236.5,50.8,40.4,83.4,56.9
45.75,41.2,56.9,82.3,77.1,70.6,12.0,39.6,71.2,33.0,32.95,338.0,158.5,34.1,49.7,275.5,11.35,25.3,32.15,59.4,196.5,73.0,25.0,15.75,25.0,40.35,347.5,419.0,42.75,77.7,64.1,48.95,29.85,383.5,388.5,398.0,54.0,15.7,207.0,39.75,19.85,107.5,26.05,51.4,20.95,135.0,8.34,12.15,18.85,48.05,15.5,22.0,75.6,29.75,328.0,88.1,9.71,47.4,50.8,96.0,87.1,32.3,83.8,243.5,8.13,13.15,96.1,170.5,77.5,28.2,107.5,517.0,281.5,12.15,135.0,67.8,16.85,50.4,10.2,15.55,14.6,,221.0,18.9,29.6,10.65,29.05,9.47,11.0,17.9,18.7,45.05,48.0,9.67,19.15,16.45,25.25,15.9,9.43,13.95,20.25,19.35,240.0,78.8,2450.0,36.25,154.0,57.8,90.8,133.0,29.75,98.8,91.1,14.85,36.0,267.0,17.95,42.5,26.35,67.8,45.65,61.2,,99.1,181.5,40.6,75.0,17.3,11.9,141.5,53.9,83.1,78.3,226.0,205.5,281.0,,,74.9,,,34.2,83.8,213.5,78.6,236.5,50.9,40.45,83.3,56.8
45.75,41.2,56.9,82.4,77.1,70.7,12.0,39.6,71.3,32.95,32.95,338.0,158.5,34.1,49.7,275.0,11.3,25.3,32.1,59.4,196.5,73.0,25.0,15.75,25.05,40.35,347.5,419.0,42.75,77.7,64.1,48.95,29.85,383.5,388.5,398.0,53.9,15.7,207.0,39.75,19.85,107.5,26.05,51.4,20.95,135.5,8.34,12.2,18.8,48.0,15.5,22.0,75.6,29.75,327.5,88.0,9.72,47.4,50.7,95.9,87.1,32.25,83.8,243.5,8.13,13.15,96.1,170.5,77.5,28.2,107.5,518.0,281.5,12.15,135.0,67.9,16.8,50.4,10.15,15.55,14.6,,221.5,18.9,29.6,10.65,29.0,9.48,11.0,17.9,18.7,45.1,48.0,9.67,19.15,16.4,25.3,15.9,9.43,14.0,20.3,19.3,239.5,78.8,2450.0,36.3,154.0,57.8,90.8,133.0,29.75,98.8,91.1,14.85,35.8,266.5,17.95,42.55,26.4,67.7,45.65,61.3,,99.0,181.5,40.65,75.0,17.3,11.9,142.0,53.9,83.1,78.3,226.0,205.5,281.0,,,74.9,,,34.2,83.8,214.0,78.6,236.5,50.9,40.45,83.3,56.9
45.75,41.2,56.9,82.4,77.1,70.7,11.95,39.6,71.3,32.95,32.95,338.0,158.5,34.1,49.8,275.0,11.3,25.3,32.1,59.4,196.5,73.0,25.0,15.75,25.05,40.35,347.0,418.5,42.75,77.7,64.2,48.95,29.9,383.5,389.0,398.0,53.9,15.7,207.5,39.7,19.85,107.0,26.05,51.4,21.0,135.0,8.35,12.2,18.8,48.1,15.5,22.0,75.6,29.7,327.5,88.2,9.72,47.45,50.8,96.0,87.1,32.25,83.7,243.5,8.13,13.15,96.2,170.5,77.5,28.2,108.0,517.0,281.5,12.15,135.0,67.8,16.8,50.4,10.2,15.55,14.6,,222.0,18.9,29.6,10.65,29.05,9.47,11.0,17.95,18.7,45.1,48.0,9.68,19.1,16.4,25.3,15.9,9.43,13.95,20.3,19.3,240.0,78.8,2450.0,36.3,154.5,57.8,90.8,133.0,29.8,98.8,91.1,14.8,35.8,266.5,17.9,42.55,26.4,67.8,45.65,61.3,,99.1,181.5,40.65,75.0,17.35,11.95,142.0,53.9,83.1,78.3,226.0,205.5,281.0,,,74.8,,,34.2,83.9,213.5,78.6,236.5,50.9,40.45,83.3,56.9
45.75,41.2,56.9,82.4,77.1,70.8,11.95,39.6,71.3,32.95,32.95,337.5,158.5,34.1,49.8,275.0,11.3,25.3,32.1,59.4,196.5,73.0,25.0,15.75,25.0,40.35,347.0,418.5,42.7,77.7,64.4,48.95,29.9,383.5,389.0,398.0,54.0,15.7,207.5,39.7,19.85,107.5,26.0,51.4,20.95,135.5,8.34,12.15,18.8,48.1,15.5,22.0,75.5,29.7,327.5,88.2,9.72,47.45,50.8,96.0,87.2,32.25,83.7,243.5,8.13,13.15,96.1,170.5,77.5,28.2,108.0,517.0,282.0,12.15,135.0,67.8,16.85,50.4,10.2,15.55,14.6,,222.0,18.9,29.6,10.7,29.0,9.48,11.0,17.95,18.75,45.05,48.0,9.67,19.15,16.4,25.3,15.85,9.43,13.95,20.25,19.3,240.0,78.9,2450.0,36.3,154.5,57.8,90.8,133.0,29.8,98.8,91.1,14.85,35.8,267.0,17.9,42.55,26.4,67.8,45.65,61.2,,99.1,181.5,40.65,75.0,17.3,11.95,142.0,53.8,83.1,78.3,226.0,205.5,281.0,,,74.8,,,34.2,83.8,213.5,78.6,236.5,51.0,40.4,83.3,56.9
45.8,41.2,56.9,82.4,77.0,70.7,11.95,39.6,71.2,33.0,32.95,337.5,158.5,34.1,49.7,275.0,11.3,25.3,32.1,59.4,196.5,73.0,25.05,15.75,25.0,40.35,347.0,418.5,42.7,77.6,64.2,49.0,29.85,383.5,389.0,398.0,54.0,15.7,207.5,39.7,19.85,107.5,26.0,51.4,20.95,135.0,8.35,12.15,18.8,48.1,15.5,22.0,75.6,29.75,327.5,88.2,9.72,47.45,50.9,96.0,87.2,32.25,83.8,243.5,8.13,13.15,96.1,170.5,77.5,28.2,107.5,517.0,281.5,12.15,135.0,67.8,16.85,50.3,10.2,15.55,14.6,,222.0,18.9,29.6,10.7,29.0,9.48,11.0,17.95,18.7,45.05,48.0,9.67,19.1,16.4,25.25,15.85,9.43,13.95,20.3,19.3,240.0,78.9,2450.0,36.3,154.0,57.8,90.8,133.5,29.85,98.8,91.1,14.85,35.8,267.0,17.9,42.55,26.4,67.8,45.65,61.2,,99.1,181.5,40.65,75.0,17.35,11.95,142.0,53.9,83.1,78.3,226.0,205.5,281.0,,,74.8,,,34.25,83.9,214.0,78.6,236.5,51.0,40.4,83.3,57.0
45.8,41.2,56.9,82.4,77.1,70.7,11.95,39.6,71.2,33.0,32.95,337.5,158.0,34.1,49.7,275.0,11.3,25.3,32.1,59.4,196.5,73.0,25.0,15.75,25.05,40.35,347.5,418.5,42.7,77.6,64.2,49.0,29.85,383.5,389.0,398.0,53.9,15.7,207.0,39.7,19.85,107.5,26.0,51.4,21.0,135.0,8.34,12.2,18.8,48.0,15.5,22.0,75.5,29.7,327.5,88.2,9.72,47.5,50.9,96.0,87.2,32.25,83.7,243.5,8.13,13.15,96.1,170.5,77.7,28.2,108.0,517.0,282.0,12.15,135.0,67.9,16.85,50.4,10.2,15.6,14.55,,222.0,18.95,29.6,10.7,29.0,9.48,11.0,17.95,18.7,45.1,48.0,9.68,19.15,16.4,25.3,15.85,9.44,13.95,20.3,19.3,240.0,78.9,2450.0,36.3,154.0,57.8,90.8,133.5,29.85,98.8,91.0,14.8,35.8,267.0,17.9,42.55,26.4,67.7,45.7,61.2,,99.1,181.5,40.7,75.0,17.3,11.95,142.0,53.9,83.1,78.3,225.5,205.5,281.0,,,74.8,,,34.25,83.9,213.5,78.6,236.5,51.0,40.5,83.3,56.9
45.8,41.2,56.8,82.4,77.1,70.7,11.95,39.6,71.2,33.0,32.95,337.5,158.0,34.1,49.7,275.0,11.3,25.25,32.1,59.3,196.5,73.0,25.0,15.8,25.05,40.35,347.5,418.5,42.7,77.6,64.4,49.0,29.85,383.5,389.0,398.0,54.0,15.7,207.0,39.7,19.85,107.5,26.0,51.4,20.95,135.5,8.35,12.2,18.8,48.15,15.5,22.0,75.6,29.7,328.0,88.1,9.72,47.5,50.9,96.0,87.2,32.25,83.7,244.0,8.13,13.1,96.1,170.5,77.8,28.15,108.0,517.0,282.0,12.15,135.0,67.9,16.85,50.4,10.2,15.6,14.55,,222.0,18.9,29.6,10.7,29.0,9.48,11.0,17.95,18.7,45.1,48.0,9.67,19.15,16.4,25.25,15.85,9.44,13.9,20.25,19.3,240.0,78.9,2450.0,36.3,154.0,57.7,90.7,133.5,29.85,98.8,91.0,14.8,35.8,267.0,17.95,42.55,26.4,67.8,45.7,61.2,,99.0,181.5,40.7,75.0,17.35,11.95,142.0,53.8,83.1,78.3,225.5,205.5,281.0,,,74.9,,,34.2,83.8,213.5,78.6,236.5,51.0,40.7,83.3,57.0
45.85,41.2,56.8,82.4,77.1,70.7,11.95,39.6,71.2,33.0,32.95,337.5,158.5,34.05,49.7,275.0,11.3,25.25,32.1,59.4,196.5,73.0,25.0,15.8,25.0,40.3,347.5,418.5,42.7,77.7,64.1,49.0,29.9,383.5,389.0,398.0,53.9,15.7,207.0,39.7,19.85,107.5,26.05,51.4,20.95,135.5,8.35,12.15,18.8,48.15,15.5,22.0,75.5,29.75,327.5,88.1,9.73,47.5,50.9,96.0,87.1,32.25,83.7,244.0,8.13,13.15,96.1,170.5,77.8,28.15,108.0,517.0,282.0,12.15,135.0,67.8,16.85,50.3,10.15,15.6,14.6,,222.0,18.9,29.6,10.7,29.0,9.47,11.0,17.95,18.7,45.1,48.0,9.67,19.15,16.4,25.3,15.85,9.43,13.9,20.25,19.35,240.0,78.9,2450.0,36.3,154.0,57.7,90.8,133.5,29.85,98.8,91.0,14.8,35.8,267.0,17.9,42.5,26.4,67.8,45.75,61.1,,99.0,181.5,40.65,75.0,17.3,11.95,142.0,53.9,83.1,78.3,225.5,205.5,281.0,,,74.9,,,34.2,83.9,213.5,78.6,236.5,51.0,40.75,83.3,57.0
45.75,41.2,56.8,82.4,77.1,70.8,11.95,39.6,71.3,33.0,32.95,337.5,158.5,34.1,49.7,275.0,11.3,25.3,32.1,59.4,196.5,72.9,25.0,15.75,25.0,40.3,347.5,418.5,42.75,77.7,64.2,49.0,29.9,383.5,389.0,398.0,53.9,15.7,207.0,39.7,19.85,107.5,26.0,51.3,20.95,135.0,8.35,12.15,18.8,48.15,15.5,22.0,75.5,29.7,327.5,88.1,9.73,47.45,50.9,96.0,87.2,32.25,83.7,244.0,8.13,13.15,96.1,170.5,78.0,28.15,108.0,517.0,282.0,12.15,135.0,67.8,16.85,50.3,10.2,15.6,14.55,,222.0,18.95,29.6,10.65,29.0,9.47,11.0,17.95,18.75,45.1,48.0,9.67,19.15,16.45,25.25,15.9,9.43,13.95,20.3,19.3,240.0,78.9,2450.0,36.3,154.5,57.7,90.8,133.0,29.9,98.8,91.0,14.85,35.8,267.0,17.9,42.5,26.35,67.7,45.75,61.0,,98.9,181.5,40.65,74.9,17.3,11.95,142.0,53.9,83.0,78.3,225.5,205.5,281.0,,,74.9,,,34.2,83.9,213.5,78.6,236.5,51.0,40.85,83.3,57.0
45.85,41.25,56.9,82.4,77.1,70.7,11.95,39.55,71.3,33.0,32.9,338.0,158.5,34.1,49.7,275.0,11.35,25.3,32.1,59.4,196.5,72.9,25.05,15.75,25.05,40.3,347.5,418.5,42.75,77.7,64.2,49.0,29.9,383.5,389.0,398.0,53.9,15.7,207.0,39.7,19.85,107.5,26.05,51.4,20.9,135.5,8.35,12.2,18.8,48.15,15.5,22.05,75.4,29.75,327.0,88.1,9.73,47.5,50.9,95.9,87.2,32.3,83.8,244.0,8.13,13.15,96.1,170.5,78.2,28.2,108.0,516.0,281.5,12.15,135.0,67.8,16.85,50.3,10.2,15.65,14.6,,223.0,18.95,29.55,10.7,29.0,9.48,11.0,17.95,18.75,45.1,48.05,9.67,19.15,16.4,25.3,15.85,9.43,13.95,20.3,19.35,240.0,78.9,2450.0,36.3,154.0,57.7,90.8,133.5,29.9,98.8,91.0,14.85,35.8,267.0,17.9,42.5,26.4,67.8,45.7,61.1,,98.9,181.5,40.7,74.9,17.35,11.95,142.0,53.9,83.0,78.4,225.5,205.5,281.0,,,74.9,,,34.2,83.8,213.5,78.6,236.5,50.9,40.7,83.3,56.9
45.75,41.2,56.9,82.4,77.1,70.8,11.95,39.55,71.2,33.0,32.85,337.5,159.0,34.1,49.65,275.5,11.35,25.3,32.1,59.4,196.5,72.9,25.0,15.75,25.0,40.3,347.5,418.5,42.75,77.8,64.2,49.0,29.9,383.0,388.5,398.0,53.9,15.7,207.5,39.65,19.85,107.5,26.05,51.4,20.95,135.0,8.35,12.15,18.8,48.1,15.5,22.0,75.5,29.75,326.5,88.2,9.73,47.5,50.9,96.0,87.2,32.3,83.8,244.0,8.13,13.15,96.1,171.0,78.2,28.2,108.0,516.0,282.0,12.15,135.0,67.9,16.85,50.4,10.2,15.6,14.6,,223.0,18.9,29.55,10.7,29.05,9.47,11.0,17.95,18.75,45.1,48.0,9.68,19.1,16.45,25.3,15.9,9.43,13.9,20.3,19.3,240.5,78.9,2450.0,36.25,154.5,57.7,90.8,133.0,29.95,98.8,91.0,14.8,35.8,267.0,17.9,42.5,26.4,67.7,45.7,61.0,,98.9,181.5,40.7,74.9,17.35,11.95,142.0,53.8,83.1,78.4,225.5,205.5,281.0,,,74.9,,,34.25,83.9,213.5,78.6,237.0,50.9,40.7,83.3,56.9
45.8,41.25,56.9,82.4,77.1,70.8,11.95,39.6,71.2,33.0,32.9,338.0,158.5,34.1,49.65,275.5,11.35,25.3,32.15,59.4,196.5,73.0,24.95,15.8,25.0,40.35,347.0,418.5,42.7,77.7,64.2,49.0,29.9,383.0,388.5,398.0,53.9,15.7,207.5,39.65,19.8,107.0,26.1,51.3,20.95,135.5,8.36,12.15,18.8,48.1,15.5,22.05,75.4,29.7,327.0,88.2,9.73,47.5,50.9,96.0,87.2,32.3,83.8,244.0,8.13,13.1,96.1,171.0,78.2,28.15,108.0,516.0,281.5,12.2,135.5,67.9,16.85,50.4,10.2,15.6,14.6,,222.5,18.95,29.6,10.7,29.0,9.47,11.0,17.9,18.8,45.1,48.05,9.68,19.1,16.45,25.3,15.9,9.44,13.95,20.3,19.3,240.5,78.9,2450.0,36.25,154.0,57.7,90.9,133.0,29.95,98.8,91.0,14.85,35.8,266.5,17.9,42.55,26.4,67.8,45.8,61.0,,98.9,181.5,40.75,75.0,17.35,11.95,142.0,53.9,83.1,78.4,225.5,205.5,281.0,,,74.9,,,34.3,83.9,213.5,78.6,236.5,50.9,40.6,83.3,56.9
45.8,41.2,56.9,82.4,77.1,70.8,12.0,39.6,71.3,33.0,32.9,338.0,158.5,34.1,49.65,276.0,11.3,25.25,32.15,59.3,196.5,73.0,25.0,15.75,25.0,40.35,347.5,418.0,42.75,77.7,64.2,48.95,29.85,383.0,388.5,398.0,53.9,15.7,207.5,39.6,19.8,107.5,26.1,51.4,21.0,135.0,8.36,12.2,18.8,48.1,15.5,22.05,75.5,29.75,326.5,88.2,9.73,47.5,50.8,95.9,87.2,32.3,83.8,244.0,8.13,13.15,96.1,171.0,78.2,28.15,108.0,514.0,281.5,12.2,135.5,68.0,16.85,50.4,10.2,15.65,14.6,,223.0,18.95,29.6,10.7,29.05,9.47,11.0,17.95,18.8,45.15,48.05,9.68,19.1,16.4,25.3,15.9,9.44,13.9,20.25,19.35,240.5,79.0,2450.0,36.25,154.5,57.7,90.8,133.5,30.0,98.8,91.0,14.85,35.8,266.5,17.9,42.55,26.4,67.7,45.8,61.0,,98.9,181.5,40.7,74.9,17.35,11.9,142.0,53.9,83.0,78.4,225.5,205.5,281.0,,,74.9,,,34.25,83.9,213.5,78.6,236.5,50.9,40.6,83.3,57.0
45.75,41.2,56.8,82.4,77.1,70.7,11.95,39.6,71.3,33.0,32.9,338.0,158.0,34.1,49.65,275.5,11.3,25.25,32.15,59.3,196.5,73.0,25.0,15.75,25.0,40.3,347.5,418.0,42.75,77.7,64.4,49.0,29.85,383.0,388.5,398.0,54.0,15.7,207.5,39.6,19.8,107.5,26.1,51.4,20.95,135.5,8.37,12.15,18.8,48.15,15.5,22.05,75.5,29.7,326.5,88.1,9.73,47.45,50.9,95.9,87.2,32.25,83.7,244.0,8.13,13.15,96.1,171.0,78.1,28.2,108.0,513.0,282.0,12.2,135.5,68.0,16.85,50.3,10.25,15.6,14.6,,223.0,18.95,29.6,10.7,29.0,9.47,11.0,17.95,18.75,45.15,48.05,9.68,19.15,16.4,25.3,15.85,9.44,13.95,20.25,19.3,240.5,79.0,2450.0,36.25,154.0,57.7,90.8,133.0,30.0,98.8,91.0,14.8,35.8,266.5,17.85,42.55,26.4,67.8,45.9,61.0,,98.9,181.5,40.7,75.0,17.35,11.95,142.0,53.9,83.0,78.4,225.5,205.5,281.0,,,74.9,,,34.25,84.1,213.5,78.6,236.5,50.9,40.6,83.3,56.9
45.8,41.2,56.9,82.4,77.2,70.7,11.95,39.6,71.2,33.0,32.9,338.0,158.0,34.1,49.65,275.5,11.3,25.25,32.15,59.3,196.5,73.0,25.0,15.75,25.0,40.3,347.0,420.0,42.75,77.8,64.2,49.0,29.85,383.0,388.5,398.0,54.0,15.7,207.5,39.55,19.85,107.5,26.05,51.4,20.95,135.0,8.37,12.2,18.8,48.1,15.5,22.05,75.5,29.75,326.5,88.1,9.73,47.45,50.9,95.9,87.2,32.3,83.8,244.0,8.13,13.15,96.1,171.0,78.2,28.2,107.5,514.0,281.5,12.2,135.5,67.9,16.8,50.4,10.2,15.6,14.6,,223.0,18.95,29.6,10.7,29.0,9.47,11.0,17.95,18.75,45.15,48.0,9.68,19.1,16.4,25.25,15.9,9.44,13.95,20.3,19.3,240.5,78.9,2450.0,36.3,154.5,57.7,90.8,133.0,30.0,98.7,91.0,14.8,35.8,267.0,17.9,42.6,26.4,67.7,45.9,61.0,,98.9,181.0,40.7,75.0,17.35,11.95,142.0,53.8,83.1,78.4,225.5,205.5,281.0,,,74.9,,,34.25,84.1,213.5,78.6,236.5,50.9,40.6,83.3,56.9
45.75,41.15,56.9,82.4,77.2,70.7,11.95,39.6,71.2,33.0,32.9,337.5,158.0,34.1,49.65,276.0,11.35,25.25,32.15,59.3,196.5,73.0,25.0,15.75,25.0,40.3,347.0,420.0,42.75,77.6,64.2,49.0,29.9,383.5,388.5,398.0,53.9,15.7,207.0,39.6,19.8,107.0,26.05,51.4,20.95,135.5,8.36,12.2,18.8,48.1,15.5,22.1,75.5,29.7,327.0,88.1,9.72,47.45,50.8,96.0,87.2,32.3,83.8,243.5,8.13,13.15,96.1,171.0,78.3,28.2,107.5,514.0,281.5,12.2,135.0,67.9,16.85,50.4,10.2,15.6,14.6,,223.0,18.95,29.6,10.7,29.0,9.47,11.0,17.95,18.7,45.15,48.05,9.67,19.1,16.4,25.3,15.85,9.43,13.95,20.3,19.3,240.0,78.9,2455.0,36.3,154.5,57.7,90.8,133.0,30.0,98.7,91.0,14.8,35.8,266.5,17.9,42.6,26.4,67.7,45.95,61.0,,98.9,181.0,40.7,74.9,17.3,11.95,142.0,53.8,83.0,78.3,225.5,205.5,281.0,,,74.9,,,34.3,84.1,213.5,78.6,236.5,50.9,40.55,83.3,56.9
45.8,41.15,56.9,82.4,77.2,70.8,11.95,39.6,71.2,32.95,32.9,337.5,158.0,34.1,49.65,275.5,11.35,25.25,32.1,59.4,196.5,73.0,25.0,15.75,25.0,40.3,346.5,418.0,42.75,77.7,64.5,49.0,29.85,383.0,388.5,398.0,53.9,15.7,207.0,39.6,19.8,107.5,26.1,51.4,20.95,135.5,8.36,12.2,18.85,48.1,15.5,22.05,75.5,29.75,327.0,88.1,9.72,47.45,50.9,95.9,87.2,32.3,83.8,243.5,8.13,13.15,96.1,171.0,78.2,28.2,108.0,514.0,281.5,12.2,135.0,67.9,16.85,50.3,10.2,15.6,14.6,,223.0,18.95,29.55,10.65,29.0,9.46,11.05,17.95,18.8,45.15,48.0,9.68,19.15,16.45,25.3,15.9,9.44,13.9,20.3,19.3,240.0,78.9,2455.0,36.25,154.5,57.8,90.8,133.0,30.0,98.7,91.0,14.8,35.8,266.5,17.9,42.6,26.4,67.8,46.0,61.0,,98.9,181.0,40.7,75.0,17.35,11.95,142.0,53.8,83.0,78.3,225.5,205.5,281.0,,,74.9,,,34.3,84.0,213.5,78.6,236.5,50.9,40.6,83.3,56.9
45.75,41.15,56.8,82.4,77.2,70.8,11.95,39.6,71.2,33.0,32.9,337.5,158.0,34.1,49.6,275.5,11.35,25.25,32.15,59.4,196.0,73.0,25.0,15.75,25.05,40.35,346.5,418.0,42.75,77.6,64.2,49.0,29.9,383.0,388.5,398.0,53.9,15.7,207.5,39.65,19.8,107.5,26.05,51.4,20.95,135.5,8.35,12.2,18.85,48.1,15.5,22.05,75.5,29.7,327.0,88.1,9.72,47.45,50.9,96.0,87.2,32.3,83.8,243.5,8.13,13.1,96.1,170.5,78.2,28.2,108.0,514.0,282.0,12.2,135.0,67.9,16.85,50.3,10.25,15.6,14.6,,223.0,18.95,29.6,10.7,29.0,9.47,11.05,17.95,18.8,45.15,48.05,9.67,19.15,16.45,25.3,15.9,9.44,13.95,20.3,19.35,240.5,78.9,2455.0,36.25,154.5,57.7,90.9,133.5,30.1,98.7,91.0,14.8,35.8,267.0,17.9,42.55,26.4,67.8,46.0,61.0,,98.9,181.5,40.7,75.0,17.35,11.95,142.0,53.9,83.1,78.4,225.5,205.5,281.0,,,74.9,,,34.3,84.0,213.5,78.6,236.5,51.0,40.55,83.3,56.9
45.8,41.2,56.9,82.4,77.2,70.9,11.95,39.6,71.3,33.0,32.9,337.5,158.0,34.1,49.6,275.5,11.35,25.3,32.15,59.4,196.0,73.0,25.05,15.75,25.0,40.35,346.5,418.0,42.75,77.8,64.5,49.0,29.85,383.0,388.5,398.0,53.9,15.7,207.0,39.6,19.85,107.5,26.1,51.4,20.95,135.0,8.36,12.2,18.85,48.1,15.5,22.05,75.4,29.7,327.0,88.1,9.72,47.45,50.9,96.0,87.2,32.3,83.8,243.5,8.13,13.15,96.1,170.5,78.3,28.2,108.0,515.0,281.5,12.15,135.5,67.9,16.85,50.3,10.25,15.65,14.6,,223.0,18.95,29.6,10.7,29.0,9.46,11.05,17.95,18.8,45.2,48.05,9.68,19.15,16.4,25.3,15.9,9.44,13.95,20.3,19.35,240.5,78.9,2450.0,36.25,154.0,57.7,90.9,133.5,30.2,98.7,91.0,14.8,35.9,267.0,17.9,42.6,26.45,67.7,46.0,61.1,,98.9,181.5,40.75,75.0,17.3,11.95,142.0,53.9,83.1,78.4,225.5,205.5,281.0,,,75.0,,,34.3,84.0,213.5,78.7,237.0,51.0,40.55,83.3,56.9
45.8,41.2,56.9,82.3,77.2,70.8,11.95,39.6,71.3,32.95,32.9,338.0,158.0,34.1,49.6,275.5,11.35,25.3,32.15,59.3,196.0,72.9,25.0,15.75,25.05,40.35,346.0,418.0,42.75,77.8,64.2,49.0,29.9,383.0,388.5,398.0,54.0,15.65,207.5,39.6,19.85,107.5,26.1,51.4,21.0,135.5,8.36,12.2,18.85,48.1,15.5,22.05,75.5,29.75,327.0,88.2,9.72,47.45,50.9,96.0,87.2,32.3,83.8,243.5,8.13,13.15,96.1,170.5,78.3,28.2,107.5,515.0,282.0,12.15,135.5,68.0,16.85,50.3,10.25,15.65,14.6,,223.0,18.95,29.6,10.7,29.0,9.47,11.05,17.95,18.8,45.2,48.05,9.67,19.2,16.4,25.25,15.85,9.45,13.9,20.3,19.3,240.5,78.9,2450.0,36.3,154.0,57.8,90.8,133.0,30.15,98.7,91.0,14.8,35.9,266.5,17.9,42.6,26.4,67.8,46.0,61.0,,99.0,181.5,40.75,75.0,17.35,11.95,142.0,53.9,83.1,78.4,225.5,205.5,282.0,,,74.9,,,34.35,84.0,213.5,78.7,237.0,51.0,40.5,83.3,57.0
45.8,41.2,56.9,82.4,77.3,70.9,11.95,39.6,71.3,33.0,32.9,338.0,158.0,34.1,49.6,275.5,11.3,25.25,32.15,59.4,196.0,73.1,25.0,15.75,25.05,40.35,345.5,418.0,42.75,77.6,64.2,49.0,29.85,383.0,389.0,398.0,53.9,15.65,207.0,39.6,19.85,107.5,26.1,51.4,20.95,135.5,8.37,12.2,18.85,48.1,15.5,22.05,75.5,29.75,327.5,88.2,9.72,47.45,50.9,96.0,87.2,32.3,83.6,243.5,8.13,13.15,96.1,170.5,78.2,28.2,108.0,514.0,282.0,12.2,135.5,68.0,16.85,50.3,10.2,15.6,14.6,,223.0,18.9,29.6,10.7,29.05,9.46,11.05,17.95,18.75,45.2,48.1,9.67,19.15,16.45,25.3,15.9,9.44,13.9,20.35,19.35,240.5,79.0,2450.0,36.3,154.0,57.6,90.9,133.0,30.25,98.7,91.0,14.8,35.9,267.0,17.9,42.55,26.4,67.8,45.95,61.0,,99.0,181.5,40.75,75.0,17.35,11.95,142.0,53.9,83.1,78.4,225.5,205.5,282.5,,,75.0,,,34.35,83.9,213.5,78.7,237.0,51.0,40.6,83.3,56.9
45.8,41.15,56.9,82.4,77.2,70.8,11.95,39.6,71.3,33.0,32.85,338.5,158.0,34.1,49.6,275.5,11.3,25.25,32.15,59.4,196.0,73.0,24.95,15.75,25.0,40.35,345.0,418.0,42.75,77.6,64.2,49.0,29.85,383.0,388.5,398.0,54.0,15.7,207.5,39.65,19.85,107.5,26.1,51.3,20.95,135.0,8.36,12.2,18.85,48.1,15.5,22.05,75.5,29.75,327.0,88.2,9.72,47.45,50.9,96.0,87.2,32.3,83.6,243.5,8.13,13.15,96.1,170.5,78.2,28.2,107.5,515.0,282.0,12.2,135.5,68.0,16.8,50.3,10.2,15.6,14.6,,223.0,18.95,29.6,10.7,29.05,9.47,11.05,17.9,18.8,45.2,48.05,9.68,19.2,16.4,25.3,15.9,9.44,13.95,20.35,19.3,240.0,78.9,2450.0,36.3,154.0,57.8,90.8,133.5,30.25,98.7,91.0,14.8,35.9,267.0,17.9,42.55,26.4,67.7,45.95,61.0,,98.9,181.5,40.75,75.0,17.35,11.95,142.0,53.9,83.1,78.4,225.5,205.5,282.5,,,75.0,,,34.3,83.9,213.5,78.7,237.0,51.0,40.6,83.3,56.9
45.75,41.15,56.9,82.4,77.3,70.8,11.95,39.6,71.2,33.0,32.85,338.5,158.0,34.1,49.6,275.5,11.3,25.25,32.15,59.4,196.0,73.0,24.95,15.75,25.05,40.35,345.5,418.0,42.75,77.6,64.2,49.0,29.85,383.0,388.5,398.0,53.9,15.65,207.5,39.55,19.85,107.5,26.1,51.4,21.0,135.0,8.36,12.2,18.8,48.1,15.5,22.1,75.5,29.7,327.0,88.1,9.72,47.5,50.8,95.9,87.1,32.3,83.6,243.5,8.13,13.15,96.1,170.5,78.2,28.15,107.5,514.0,282.0,12.2,135.5,68.0,16.8,50.3,10.25,15.6,14.6,,223.0,18.95,29.6,10.7,29.0,9.46,11.05,17.9,18.75,45.2,48.05,9.68,19.15,16.4,25.3,15.9,9.44,13.9,20.3,19.3,240.0,78.9,2450.0,36.3,154.0,57.8,90.9,133.5,30.3,98.8,91.0,14.8,35.95,266.5,17.9,42.55,26.35,67.7,45.95,61.0,,99.0,181.5,40.75,74.9,17.3,12.0,142.0,53.8,83.1,78.4,225.5,205.5,283.0,,,75.0,,,34.35,83.9,213.5,78.6,237.0,51.0,40.5,83.3,56.9
45.75,41.15,56.9,82.4,77.3,70.9,11.95,39.6,71.3,33.0,32.9,338.5,158.0,34.1,49.6,275.5,11.3,25.25,32.15,59.4,196.0,73.0,24.95,15.75,25.05,40.35,345.5,418.0,42.75,77.7,64.2,49.0,29.85,383.5,388.5,398.0,53.9,15.7,207.5,39.55,19.85,107.5,26.1,51.4,20.95,135.0,8.36,12.2,18.8,48.05,15.5,22.05,75.4,29.7,327.0,88.2,9.72,47.45,50.8,95.9,87.1,32.3,83.8,243.5,8.13,13.15,96.1,170.5,78.2,28.2,107.5,514.0,281.5,12.2,135.5,68.0,16.85,50.3,10.25,15.6,14.6,,223.0,18.95,29.55,10.7,29.0,9.46,11.0,17.9,18.75,45.2,48.1,9.67,19.15,16.4,25.3,15.9,9.43,13.9,20.3,19.3,240.0,78.9,2455.0,36.3,154.0,57.6,90.8,133.5,30.25,98.8,91.0,14.8,35.95,267.0,17.9,42.5,26.4,67.7,46.0,61.0,,98.9,181.5,40.75,75.0,17.3,11.95,142.0,53.9,83.0,78.4,225.5,205.5,283.0,,,75.0,,,34.3,84.0,213.5,78.6,237.0,51.0,40.45,83.3,56.9
45.8,41.2,56.9,82.4,77.3,70.9,11.95,39.6,71.2,33.0,32.9,338.5,158.0,34.1,49.6,275.0,11.35,25.25,32.15,59.4,196.0,73.0,24.95,15.75,25.05,40.35,345.5,418.0,42.75,77.6,64.5,49.0,29.9,383.5,388.5,398.0,53.9,15.65,207.5,39.55,19.85,107.5,26.1,51.4,20.95,135.0,8.36,12.2,18.8,48.05,15.5,22.05,75.4,29.75,326.5,88.1,9.72,47.45,50.9,95.9,87.2,32.3,83.7,243.5,8.13,13.15,96.0,170.5,78.3,28.2,108.0,514.0,282.0,12.2,135.5,67.9,16.85,50.3,10.25,15.6,14.6,,223.0,18.9,29.6,10.65,29.0,9.47,11.05,17.9,18.75,45.2,48.1,9.67,19.15,16.45,25.25,15.9,9.44,13.95,20.3,19.35,240.0,78.9,2455.0,36.3,154.0,57.6,90.8,133.0,30.25,98.8,90.9,14.8,35.95,267.0,17.9,42.5,26.35,67.7,46.0,61.0,,99.0,181.5,40.75,74.9,17.3,12.0,142.0,53.9,83.1,78.4,225.5,205.5,283.0,,,75.0,,,34.35,84.0,213.5,78.6,237.0,51.0,40.45,83.3,56.9
45.8,41.15,56.9,82.4,77.3,70.8,11.95,39.6,71.3,32.95,32.9,338.5,158.5,34.1,49.6,275.0,11.35,25.25,32.15,59.4,196.0,73.0,25.0,15.75,25.05,40.35,345.5,418.0,42.75,77.7,64.4,49.0,29.85,384.0,388.5,398.0,54.0,15.7,207.0,39.55,19.85,107.5,26.05,51.4,21.0,135.0,8.36,12.2,18.85,48.05,15.5,22.05,75.4,29.7,326.5,88.2,9.72,47.45,50.9,95.9,87.2,32.3,83.6,244.0,8.13,13.1,96.0,170.5,78.2,28.2,107.5,514.0,282.0,12.2,135.0,67.9,16.85,50.3,10.25,15.65,14.6,,223.0,18.9,29.6,10.65,29.05,9.47,11.05,17.9,18.75,45.2,48.05,9.67,19.15,16.4,25.3,15.9,9.45,13.95,20.3,19.3,239.5,78.9,2450.0,36.3,154.0,57.6,90.9,133.5,30.25,98.8,90.9,14.8,35.95,267.0,17.9,42.45,26.35,67.7,46.0,61.0,,99.0,181.5,40.75,74.9,17.3,12.0,142.0,53.9,83.0,78.4,225.5,205.5,283.0,,,74.9,,,34.3,83.9,213.5,78.6,236.5,51.0,40.45,83.3,57.0
45.8,41.15,56.8,82.4,77.3,70.8,11.95,39.55,71.3,32.95,32.9,338.5,158.5,34.15,49.65,275.0,11.3,25.3,32.15,59.4,196.0,73.0,24.95,15.75,25.05,40.35,345.0,418.0,42.75,77.6,64.5,49.05,29.9,384.5,388.5,398.0,53.9,15.7,207.5,39.55,19.85,107.5,26.05,51.3,20.95,135.5,8.36,12.15,18.85,48.1,15.5,22.1,75.5,29.75,326.0,88.2,9.73,47.45,50.8,95.8,87.2,32.3,83.6,244.0,8.13,13.15,96.0,170.5,78.2,28.2,107.5,515.0,281.5,12.2,135.5,67.9,16.85,50.3,10.25,15.65,14.6,,223.0,18.9,29.6,10.7,29.0,9.46,11.05,17.9,18.8,45.15,48.1,9.67,19.15,16.4,25.3,15.9,9.45,13.9,20.35,19.35,239.5,78.8,2450.0,36.3,154.0,57.6,90.9,133.5,30.3,98.8,90.9,14.85,35.95,267.0,17.9,42.45,26.4,67.7,45.95,60.9,,99.0,181.5,40.75,75.0,17.3,12.0,142.0,53.9,83.1,78.4,225.5,205.5,282.5,,,75.0,,,34.3,83.9,213.5,78.6,236.5,51.0,40.45,83.3,56.9
45.8,41.2,56.9,82.4,77.3,70.8,11.95,39.6,71.3,33.0,32.9,338.5,158.5,34.15,49.65,275.5,11.3,25.3,32.15,59.4,196.0,73.0,24.95,15.75,25.0,40.35,345.0,419.5,42.75,77.6,64.3,49.05,29.85,384.0,388.5,398.0,54.0,15.7,207.5,39.55,19.85,107.5,26.05,51.3,20.95,135.5,8.36,12.15,18.85,48.1,15.5,22.05,75.5,29.75,326.5,88.2,9.72,47.45,50.9,95.9,87.2,32.25,83.6,244.0,8.13,13.15,96.0,170.5,78.2,28.15,107.5,515.0,281.5,12.2,135.0,67.9,16.85,50.3,10.25,15.65,14.55,,223.0,18.95,29.6,10.7,29.05,9.48,11.0,17.9,18.75,45.15,48.05,9.67,19.2,16.4,25.3,15.95,9.45,13.95,20.3,19.3,239.5,78.8,2455.0,36.3,154.0,57.6,90.8,133.0,30.25,98.8,90.9,14.8,35.95,267.0,17.85,42.45,26.4,67.7,46.0,60.9,,99.0,181.0,40.75,74.9,17.3,12.0,141.5,53.9,83.0,78.5,225.5,205.5,282.5,,,74.9,,,34.3,83.9,213.5,78.6,236.5,51.0,40.5,83.3,56.9
45.8,41.15,56.8,82.4,77.3,70.8,11.95,39.6,71.3,33.0,32.9,338.5,158.5,34.1,49.6,275.5,11.35,25.3,32.15,59.3,196.0,73.0,25.0,15.75,25.05,40.35,345.0,419.5,42.75,77.6,64.2,49.0,29.85,384.0,388.5,397.0,53.9,15.65,207.0,39.55,19.85,107.5,26.1,51.3,20.95,135.0,8.35,12.2,18.8,48.1,15.5,22.05,75.5,29.7,326.0,88.1,9.73,47.5,50.9,95.9,87.1,32.25,83.6,244.0,8.13,13.15,96.0,170.5,78.2,28.15,107.5,515.0,282.0,12.2,135.0,68.0,16.85,50.3,10.25,15.6,14.6,,223.0,18.95,29.6,10.65,29.0,9.47,11.0,17.9,18.7,45.15,48.1,9.68,19.2,16.4,25.3,15.95,9.45,13.9,20.3,19.3,239.5,78.9,2450.0,36.2,154.0,57.6,90.8,133.0,30.25,98.8,90.9,14.8,35.95,267.0,17.9,42.4,26.4,67.7,46.0,60.9,,98.9,181.5,40.75,74.9,17.3,12.0,142.0,53.9,83.1,78.5,225.5,205.5,282.5,,,74.9,,,34.3,83.9,214.0,78.6,236.5,51.0,40.6,83.3,56.9
45.8,41.15,56.9,82.3,77.3,70.8,11.95,39.6,71.2,33.05,32.9,338.5,158.5,34.1,49.65,275.5,11.35,25.25,32.15,59.3,196.0,73.0,25.0,15.75,25.05,40.35,345.5,417.5,42.75,77.6,64.2,49.05,29.85,384.0,388.5,397.0,53.9,15.65,207.0,39.55,19.85,107.5,26.1,51.3,21.0,135.5,8.35,12.2,18.85,48.1,15.5,22.05,75.5,29.75,326.0,88.1,9.73,47.45,50.8,95.9,87.1,32.25,83.6,243.5,8.13,13.15,96.0,170.5,78.1,28.15,107.5,515.0,281.5,12.15,135.0,68.0,16.8,50.3,10.25,15.6,14.6,,223.0,18.9,29.55,10.7,29.05,9.47,11.0,17.9,18.75,45.15,48.1,9.68,19.2,16.4,25.3,15.95,9.45,13.95,20.35,19.35,239.5,78.9,2450.0,36.2,154.0,57.6,90.8,133.0,30.2,98.8,90.9,14.8,35.95,267.0,17.9,42.45,26.4,67.7,46.0,60.9,,99.0,181.5,40.75,74.9,17.3,12.0,141.5,53.9,83.0,78.5,225.5,205.0,282.5,,,75.0,,,34.25,83.9,213.5,78.6,236.0,51.1,40.5,83.3,56.9
45.85,41.2,56.9,82.4,77.3,70.8,11.95,39.6,71.2,33.0,32.9,338.5,158.5,34.15,49.65,275.5,11.35,25.25,32.15,59.3,196.0,73.0,25.0,15.75,25.0,40.35,345.5,417.5,42.7,77.7,64.2,49.05,29.9,384.0,388.5,397.0,53.9,15.7,207.0,39.55,19.85,107.5,26.1,51.3,20.95,135.5,8.36,12.15,18.8,48.1,15.5,22.05,75.5,29.75,325.5,88.1,9.72,47.45,50.8,95.9,87.1,32.25,83.6,243.5,8.13,13.15,96.0,170.5,78.1,28.15,107.5,515.0,281.5,12.15,135.0,68.0,16.8,50.3,10.25,15.6,14.6,,223.0,18.95,29.6,10.7,29.0,9.47,11.0,17.9,18.7,45.1,48.05,9.69,19.2,16.4,25.3,15.95,9.45,13.9,20.3,19.35,239.5,78.9,2450.0,36.2,154.0,57.6,90.8,133.0,30.2,98.8,90.9,14.8,35.95,266.5,17.9,42.4,26.4,67.8,46.0,60.9,,98.8,181.5,40.75,74.9,17.3,11.95,141.5,53.8,83.1,78.5,225.0,205.0,282.5,,,74.9,,,34.25,83.9,214.0,78.6,235.5,51.0,40.5,83.3,56.9
45.85,41.2,56.9,82.4,77.2,70.8,11.95,39.6,71.3,33.0,32.9,338.5,158.5,34.15,49.65,275.5,11.35,25.25,32.15,59.4,196.0,73.0,25.0,15.75,25.05,40.35,345.5,417.5,42.75,77.7,64.2,49.0,29.85,384.0,388.5,397.0,54.0,15.7,207.0,39.55,19.85,107.5,26.05,51.3,20.95,135.5,8.36,12.2,18.85,48.1,15.5,22.05,75.5,29.75,326.0,88.1,9.72,47.45,50.8,95.8,87.1,32.2,83.6,243.5,8.13,13.15,96.0,170.5,78.2,28.15,107.5,515.0,282.0,12.15,135.0,67.9,16.8,50.3,10.25,15.6,14.6,,223.0,18.95,29.6,10.65,29.0,9.47,11.0,17.9,18.7,45.1,48.15,9.69,19.2,16.45,25.3,15.95,9.45,13.95,20.35,19.35,239.5,78.9,2455.0,36.2,154.0,57.7,90.9,133.0,30.15,98.8,90.9,14.8,35.8,266.5,17.9,42.45,26.35,67.8,46.0,60.9,,98.8,181.5,40.75,75.0,17.3,11.95,141.5,53.9,83.1,78.5,225.0,205.5,282.5,,,75.0,,,34.25,84.0,214.0,78.6,235.0,51.0,40.5,83.3,56.9
45.8,41.2,56.9,82.3,77.3,70.7,11.95,39.6,71.2,33.0,32.9,338.0,158.5,34.15,49.7,275.5,11.35,25.25,32.15,59.4,196.0,73.0,25.0,15.75,25.05,40.35,345.5,417.5,42.75,77.6,64.2,49.0,29.85,384.0,388.5,397.0,53.9,15.7,207.5,39.55,19.8,107.5,26.05,51.4,21.0,135.5,8.36,12.2,18.85,48.1,15.5,22.05,75.5,29.75,325.5,88.1,9.72,47.5,50.8,95.9,87.1,32.2,83.5,243.5,8.13,13.15,96.1,170.5,78.1,28.15,107.5,515.0,282.0,12.2,135.0,67.9,16.85,50.2,10.25,15.6,14.6,,223.0,18.95,29.6,10.7,29.0,9.47,11.0,17.9,18.7,45.1,48.1,9.69,19.15,16.4,25.3,15.9,9.45,13.9,20.35,19.35,239.5,78.8,2455.0,36.25,154.0,57.7,90.9,133.0,30.15,98.8,90.9,14.8,35.8,267.0,17.9,42.4,26.35,67.7,46.0,60.9,,98.8,181.5,40.75,75.0,17.3,12.0,141.5,53.9,83.2,78.5,225.0,205.5,283.0,,,75.0,,,34.25,83.9,214.0,78.7,235.0,51.0,40.5,83.3,56.9
45.75,41.2,56.9,82.3,77.2,70.7,11.95,39.55,71.2,33.0,32.9,338.0,158.5,34.15,49.7,276.0,11.35,25.25,32.15,59.4,196.0,73.0,25.0,15.75,25.05,40.35,345.0,418.0,42.75,77.6,64.2,49.0,29.85,384.0,388.5,397.0,54.0,15.75,207.5,39.55,19.85,108.0,26.05,51.3,21.0,135.5,8.36,12.15,18.8,48.1,15.5,22.0,75.5,29.75,326.0,88.1,9.72,47.5,50.8,95.9,87.2,32.25,83.6,243.5,8.13,13.2,96.1,170.5,78.2,28.1,108.0,515.0,282.0,12.2,135.0,67.9,16.85,50.2,10.25,15.6,14.55,,223.5,18.95,29.6,10.7,29.0,9.47,11.05,17.9,18.75,45.1,48.15,9.69,19.15,16.45,25.3,15.95,9.44,13.95,20.35,19.35,239.5,78.9,2450.0,36.25,154.0,57.6,90.9,133.5,30.15,98.8,90.9,14.8,35.8,267.0,17.9,42.45,26.35,67.7,46.0,60.9,,98.8,181.5,40.8,75.0,17.3,11.95,141.5,53.9,83.1,78.5,225.0,205.5,283.0,,,75.0,,,34.3,83.9,214.0,78.6,235.0,51.0,40.5,83.3,57.0
45.85,41.15,56.9,82.3,77.3,70.7,11.95,39.5,71.2,33.0,32.95,338.0,158.5,34.15,49.7,276.5,11.35,25.25,32.15,59.3,196.0,73.0,25.0,15.75,25.0,40.35,345.5,418.0,42.75,77.6,64.4,49.05,29.85,384.0,388.5,397.0,53.9,15.75,207.5,39.6,19.85,107.5,26.05,51.2,20.95,135.0,8.36,12.15,18.85,48.15,15.5,22.0,75.5,29.75,326.0,88.0,9.72,47.5,50.9,95.9,87.1,32.25,83.6,243.0,8.13,13.15,96.1,170.5,78.2,28.15,108.0,516.0,282.0,12.2,135.0,67.9,16.85,50.2,10.2,15.6,14.55,,223.5,18.95,29.6,10.65,29.0,9.47,11.05,17.9,18.75,45.1,48.15,9.68,19.15,16.4,25.25,15.9,9.44,13.95,20.35,19.35,239.5,78.9,2450.0,36.25,154.0,57.6,90.9,133.5,30.15,98.8,90.9,14.8,35.8,267.0,17.9,42.45,26.35,67.7,46.0,60.8,,98.8,181.5,40.8,75.0,17.3,11.95,141.5,53.9,83.0,78.5,225.0,205.5,283.0,,,75.0,,,34.25,83.9,214.0,78.6,235.0,51.0,40.5,83.3,57.0
45.75,41.2,56.8,82.3,77.2,70.8,11.95,39.5,71.2,33.0,32.95,338.0,158.0,34.15,49.7,276.5,11.35,25.25,32.15,59.3,196.0,73.0,25.0,15.75,25.05,40.35,345.5,418.0,42.75,77.6,64.2,49.05,29.9,384.0,388.5,397.0,53.9,15.7,207.5,39.55,19.85,107.5,26.1,51.2,20.95,135.5,8.36,12.15,18.85,48.15,15.5,22.0,75.5,29.7,326.0,87.7,9.72,47.5,50.8,95.9,87.1,32.25,83.5,243.0,8.13,13.15,96.1,170.5,78.1,28.1,108.0,516.0,282.0,12.2,135.0,67.9,16.85,50.2,10.25,15.6,14.55,,223.5,18.95,29.65,10.7,29.0,9.47,11.05,17.9,18.7,45.1,48.1,9.69,19.2,16.4,25.25,15.9,9.44,13.9,20.35,19.3,240.0,78.9,2450.0,36.2,154.0,57.6,90.8,133.0,30.15,98.8,90.9,14.8,35.8,266.5,17.9,42.4,26.4,67.7,45.95,60.9,,98.8,181.5,40.75,74.9,17.35,11.95,141.5,53.9,83.1,78.6,225.0,205.5,283.5,,,74.9,,,34.3,84.0,214.0,78.6,236.5,51.1,40.5,83.3,57.0
45.8,41.2,56.9,82.3,77.3,70.7,11.95,39.5,71.3,33.05,33.0,338.0,158.0,34.15,49.65,276.5,11.35,25.25,32.15,59.4,196.0,73.0,24.95,15.75,25.05,40.35,345.0,418.0,42.75,77.6,64.2,49.0,29.85,384.0,388.5,397.0,54.0,15.75,207.0,39.55,19.85,107.5,26.05,51.1,20.95,135.5,8.36,12.2,18.85,48.05,15.5,22.05,75.5,29.7,326.0,87.7,9.72,47.5,50.8,95.9,87.1,32.25,83.6,243.0,8.13,13.15,96.1,170.5,78.1,28.15,108.0,516.0,281.5,12.15,135.0,67.9,16.85,50.3,10.25,15.6,14.55,,224.0,18.95,29.65,10.7,29.0,9.46,11.05,17.9,18.7,45.15,48.1,9.69,19.15,16.4,25.25,15.9,9.44,13.95,20.35,19.35,240.0,79.0,2450.0,36.2,154.0,57.6,90.8,133.0,30.15,98.8,90.9,14.8,35.8,266.5,17.85,42.45,26.4,67.7,46.0,60.8,,98.8,181.5,40.75,74.9,17.35,12.0,141.5,53.9,83.2,78.5,225.0,205.5,283.5,,,75.0,,,34.25,83.8,214.0,78.6,236.5,51.0,40.5,83.3,56.9
45.8,41.2,56.9,82.3,77.2,70.7,11.95,39.55,71.3,33.0,33.0,338.0,158.0,34.15,49.6,276.5,11.3,25.25,32.15,59.4,196.0,73.0,24.95,15.75,25.05,40.35,345.0,418.0,42.75,77.6,64.2,49.0,29.85,384.0,389.5,397.0,53.9,15.7,207.0,39.6,19.85,107.5,26.05,51.1,20.95,135.5,8.36,12.15,18.85,48.05,15.5,22.05,75.5,29.75,326.0,87.8,9.71,47.55,50.8,95.9,87.2,32.25,83.6,243.5,8.13,13.15,96.1,170.5,78.0,28.15,108.0,516.0,281.5,12.15,135.0,67.9,16.85,50.3,10.25,15.6,14.6,,224.0,18.9,29.65,10.7,29.0,9.47,11.05,17.9,18.7,45.15,48.1,9.69,19.2,16.4,25.25,15.95,9.44,13.95,20.35,19.3,240.0,78.9,2455.0,36.15,154.0,57.6,90.8,133.0,30.1,98.8,90.9,14.8,35.8,266.5,17.9,42.45,26.45,67.7,46.0,60.8,,98.8,181.5,40.75,74.9,17.35,11.95,141.5,53.9,83.1,78.6,225.0,204.5,283.5,,,75.0,,,34.25,83.8,214.5,78.6,236.5,51.0,40.45,83.3,56.9
45.75,41.2,56.9,82.3,77.3,70.8,11.95,39.55,71.2,33.0,33.0,338.0,158.5,34.15,49.6,277.0,11.35,25.25,32.15,59.4,196.0,73.0,24.95,15.75,25.05,40.35,345.0,418.0,42.75,77.6,64.2,49.0,29.85,384.0,389.5,397.0,53.9,15.7,207.0,39.55,19.85,107.5,26.05,51.2,20.9,135.0,8.36,12.15,18.85,48.1,15.5,22.05,75.5,29.75,326.0,88.0,9.71,47.55,50.8,95.9,87.1,32.3,83.6,243.0,8.13,13.15,96.1,170.5,78.0,28.15,108.0,516.0,281.5,12.15,135.0,67.9,16.85,50.3,10.2,15.6,14.6,,224.0,18.95,29.65,10.7,29.0,9.46,11.05,17.9,18.7,45.15,48.15,9.69,19.2,16.45,25.3,15.9,9.45,13.95,20.35,19.3,240.0,79.0,2450.0,36.15,154.5,57.8,90.9,133.0,30.1,98.8,90.9,14.8,35.8,267.0,17.9,42.45,26.45,67.7,46.05,60.8,,98.7,181.5,40.75,74.9,17.3,11.95,141.5,53.9,83.1,78.5,225.0,204.5,283.5,,,74.9,,,34.25,83.8,214.5,78.6,236.5,51.0,40.45,83.3,56.9
45.75,41.2,56.9,82.4,77.3,70.8,11.95,39.55,71.3,33.0,33.0,338.5,158.5,34.1,49.65,277.0,11.35,25.25,32.15,59.3,196.0,73.0,25.0,15.75,25.0,40.35,345.5,418.0,42.8,77.7,64.2,49.0,29.9,385.0,389.5,397.0,53.9,15.7,207.0,39.55,19.8,108.0,26.0,51.1,20.9,135.5,8.36,12.15,18.85,48.05,15.5,22.1,75.5,29.7,326.0,88.0,9.71,47.55,50.8,95.9,87.1,32.3,83.6,243.0,8.13,13.15,96.2,170.5,78.0,28.15,108.0,516.0,281.5,12.15,135.0,67.8,16.85,50.3,10.25,15.6,14.6,,224.0,18.9,29.65,10.7,29.0,9.46,11.05,17.9,18.7,45.1,48.1,9.69,19.2,16.4,25.25,15.9,9.44,13.95,20.35,19.3,240.0,78.9,2455.0,36.2,154.0,57.6,90.9,133.5,30.15,98.8,90.9,14.8,35.8,267.0,17.9,42.4,26.45,67.8,46.05,60.8,,98.7,181.5,40.75,75.0,17.3,11.95,141.5,53.9,83.1,78.5,225.0,204.5,283.5,,,74.9,,,34.25,83.8,214.5,78.6,236.5,51.1,40.5,83.3,56.9
45.75,41.2,56.9,82.4,77.3,70.8,11.95,39.55,71.3,33.0,33.0,338.5,158.5,34.1,49.6,277.0,11.3,25.25,32.15,59.3,196.0,73.0,25.0,15.75,25.05,40.35,345.0,418.0,42.8,77.7,64.2,49.0,29.85,385.0,389.5,397.0,54.0,15.7,207.0,39.6,19.8,108.0,26.0,51.2,20.95,135.0,8.36,12.15,18.85,48.05,15.5,22.05,75.5,29.75,326.0,88.0,9.71,47.55,50.8,96.0,87.2,32.3,83.6,243.0,8.13,13.15,96.1,170.5,78.0,28.15,108.0,516.0,282.0,12.15,135.0,67.8,16.85,50.3,10.25,15.6,14.55,,224.0,18.9,29.65,10.65,29.05,9.47,11.05,17.9,18.75,45.15,48.15,9.68,19.2,16.4,25.25,15.9,9.44,13.9,20.35,19.35,240.0,79.0,2450.0,36.15,154.5,57.6,90.9,133.5,30.15,98.8,90.9,14.8,35.8,267.0,17.9,42.35,26.4,67.8,46.1,60.8,,99.0,181.5,40.75,74.9,17.3,11.95,141.5,53.9,83.1,78.4,225.0,204.5,283.5,,,75.0,,,34.25,83.8,214.5,78.6,236.5,51.1,40.5,83.3,56.9
45.8,41.2,56.8,82.4,77.3,70.8,11.95,39.6,71.2,33.05,33.0,338.0,158.0,34.1,49.6,277.0,11.3,25.25,32.15,59.4,196.0,73.0,25.0,15.75,25.05,40.35,345.0,418.0,42.75,77.6,64.2,49.0,29.9,386.0,389.5,397.0,53.9,15.7,207.0,39.55,19.85,107.5,26.0,51.1,20.95,135.5,8.36,12.15,18.85,48.1,15.5,22.05,75.6,29.75,326.0,88.0,9.72,47.55,50.8,96.0,87.2,32.3,83.6,243.0,8.13,13.15,96.1,170.5,78.0,28.15,107.5,516.0,281.5,12.15,135.5,67.9,16.8,50.3,10.25,15.6,14.55,,224.0,18.9,29.6,10.7,29.0,9.47,11.05,17.9,18.7,45.1,48.15,9.69,19.15,16.4,25.25,15.9,9.45,13.95,20.35,19.35,240.0,78.9,2450.0,36.15,154.5,57.8,90.8,133.0,30.15,98.8,90.9,14.8,35.8,267.0,17.85,42.4,26.4,67.7,46.1,60.8,,98.9,182.0,40.75,75.0,17.35,11.95,141.0,53.8,83.1,78.4,225.0,204.5,283.5,,,74.9,,,34.25,83.7,214.0,78.6,236.5,51.1,40.5,83.2,56.9
45.8,41.25,56.9,82.4,77.3,70.8,11.9,39.55,71.3,33.0,33.0,338.0,158.0,34.1,49.6,277.0,11.35,25.25,32.15,59.3,196.0,73.0,25.0,15.75,25.0,40.35,345.0,418.0,42.75,77.6,64.2,48.95,29.85,385.5,389.5,397.0,54.0,15.7,207.5,39.55,19.85,107.5,26.0,51.1,20.95,135.0,8.35,12.2,18.85,48.1,15.5,22.05,75.5,29.75,326.0,88.0,9.72,47.55,50.9,96.0,87.2,32.3,83.6,244.0,8.13,13.15,96.1,170.5,78.0,28.15,107.5,516.0,281.5,12.15,135.5,67.8,16.8,50.3,10.2,15.6,14.6,,224.0,18.95,29.6,10.7,29.0,9.47,11.05,17.9,18.75,45.15,48.1,9.7,19.15,16.4,25.25,15.9,9.44,13.9,20.35,19.35,240.0,79.0,2450.0,36.15,154.0,57.7,90.8,133.0,30.2,98.8,90.9,14.8,35.8,266.5,17.85,42.45,26.4,67.8,46.2,60.9,,98.9,182.0,40.75,74.9,17.35,11.95,141.0,53.8,83.1,78.4,225.0,204.5,283.5,,,75.0,,,34.25,83.7,214.0,78.6,236.5,51.1,40.5,83.3,57.0
45.8,41.25,56.8,82.4,77.3,70.8,11.95,39.55,71.3,33.05,33.0,338.0,158.0,34.05,49.6,276.5,11.3,25.25,32.15,59.4,196.0,73.0,25.0,15.75,25.0,40.35,345.0,418.0,42.75,77.7,64.2,49.0,29.85,386.0,389.5,397.0,54.0,15.7,207.0,39.55,19.8,107.5,26.05,51.2,20.95,135.5,8.35,12.2,18.85,48.15,15.5,22.05,75.6,29.75,326.0,87.9,9.72,47.55,50.9,96.0,87.2,32.3,83.6,244.0,8.13,13.15,96.2,170.5,77.9,28.1,107.5,516.0,281.5,12.15,135.5,67.8,16.85,50.3,10.2,15.6,14.6,,224.0,18.95,29.6,10.7,29.0,9.46,11.05,17.95,18.75,45.15,48.15,9.7,19.2,16.45,25.3,15.95,9.45,13.95,20.4,19.35,240.0,78.9,2450.0,36.15,154.5,57.7,90.9,133.5,30.2,98.8,90.9,14.85,35.8,267.0,17.9,42.45,26.4,67.8,46.25,60.8,,99.0,182.0,40.75,75.0,17.35,11.95,141.5,54.0,83.1,78.5,225.0,204.5,283.5,,,75.0,,,34.25,83.7,214.0,78.6,236.5,51.1,40.5,83.3,56.9
45.85,41.25,56.8,82.4,77.3,70.7,11.95,39.55,71.3,33.05,33.0,338.5,158.0,34.1,49.6,276.5,11.35,25.2,32.15,59.4,196.0,73.0,25.0,15.75,25.0,40.35,345.5,417.5,42.75,77.7,64.4,49.0,29.85,386.0,389.5,397.0,54.0,15.7,207.0,39.6,19.8,107.5,26.0,51.1,20.95,135.0,8.35,12.2,18.85,48.15,15.5,22.1,75.6,29.75,326.0,87.9,9.72,47.55,50.8,96.0,87.1,32.3,83.6,244.0,8.13,13.1,96.1,170.5,77.9,28.15,107.5,515.0,281.5,12.2,135.5,67.8,16.85,50.3,10.2,15.6,14.6,,224.0,18.95,29.6,10.7,29.0,9.47,11.0,17.95,18.75,45.15,48.1,9.7,19.15,16.45,25.3,15.95,9.44,13.95,20.4,19.35,240.0,78.9,2450.0,36.15,154.0,57.7,90.8,133.0,30.2,98.8,90.9,14.8,35.8,267.0,17.9,42.4,26.4,67.8,46.3,60.8,,99.0,182.0,40.75,75.0,17.35,11.95,141.5,54.0,83.1,78.5,225.0,204.5,283.5,,,75.0,,,34.25,83.7,214.0,78.6,236.0,51.1,40.5,83.3,56.9
45.75,41.25,56.9,82.4,77.3,70.7,11.9,39.55,71.3,33.0,33.0,338.5,158.0,34.1,49.6,276.5,11.3,25.2,32.15,59.4,196.0,73.0,25.0,15.75,25.0,40.35,345.5,417.5,42.7,77.6,64.2,49.0,29.85,386.0,389.5,397.0,53.9,15.65,207.5,39.6,19.8,108.0,26.05,51.1,20.9,135.5,8.35,12.2,18.85,48.05,15.5,22.05,75.6,29.75,326.0,88.0,9.72,47.5,50.8,96.0,87.1,32.3,83.6,244.0,8.13,13.15,96.2,170.5,77.9,28.15,107.5,516.0,281.5,12.2,135.5,67.8,16.85,50.3,10.2,15.6,14.55,,224.0,18.95,29.65,10.65,29.0,9.47,11.05,17.95,18.75,45.2,48.15,9.69,19.15,16.4,25.3,15.9,9.44,13.95,20.4,19.35,240.0,78.9,2450.0,36.1,154.0,57.7,90.8,133.0,30.2,98.7,90.8,14.8,35.8,267.0,17.9,42.4,26.4,67.8,46.4,60.8,,99.0,181.5,40.8,75.0,17.35,11.95,141.5,54.0,83.1,78.5,225.0,204.5,283.5,,,75.0,,,34.25,83.7,214.5,78.6,236.0,51.1,40.5,83.3,57.0
45.8,41.25,56.9,82.3,77.3,70.7,11.9,39.55,71.3,33.0,33.0,338.5,158.0,34.15,49.55,276.5,11.3,25.2,32.15,59.4,196.0,73.0,24.95,15.75,25.05,40.35,345.5,417.5,42.7,77.7,64.3,49.0,29.9,386.0,389.5,397.0,54.0,15.65,207.0,39.55,19.8,108.0,26.05,51.1,20.9,135.0,8.36,12.15,18.85,48.05,15.5,22.05,75.6,29.75,326.0,88.0,9.72,47.5,50.8,96.0,87.1,32.25,83.6,244.0,8.13,13.15,96.1,170.5,77.9,28.15,108.0,515.0,281.0,12.2,135.0,67.8,16.85,50.3,10.2,15.6,14.6,,224.0,18.95,29.65,10.7,29.05,9.47,11.05,17.95,18.75,45.15,48.15,9.7,19.15,16.4,25.3,15.95,9.44,13.9,20.4,19.35,240.0,78.9,2450.0,36.1,154.0,57.7,90.8,133.5,30.15,98.7,90.8,14.8,35.8,267.0,17.85,42.45,26.4,67.7,46.45,60.7,,99.0,181.5,40.8,75.0,17.35,11.95,141.0,54.0,83.1,78.5,225.0,204.5,283.5,,,75.0,,,34.25,83.7,214.5,78.6,236.0,51.1,40.5,83.3,56.9
45.75,41.2,56.8,82.3,77.3,70.7,11.9,39.55,71.3,33.0,33.0,338.5,158.5,34.1,49.55,277.5,11.3,25.2,32.15,59.3,196.0,72.9,24.95,15.75,25.05,40.35,346.0,418.0,42.7,77.7,64.3,48.95,29.9,386.0,389.5,397.0,54.0,15.65,207.5,39.6,19.85,108.0,26.0,51.2,20.95,135.5,8.35,12.15,18.85,48.05,15.5,22.05,75.6,29.75,326.0,88.0,9.71,47.5,50.9,96.0,87.1,32.25,83.6,243.0,8.13,13.15,96.1,170.5,77.9,28.15,107.5,515.0,281.5,12.15,135.0,67.9,16.8,50.3,10.2,15.6,14.6,,224.0,18.95,29.6,10.7,29.0,9.47,11.05,17.95,18.7,45.2,48.2,9.69,19.15,16.4,25.3,15.95,9.44,13.95,20.4,19.3,240.0,78.9,2450.0,36.1,154.5,57.7,90.8,133.0,30.15,98.8,90.8,14.8,35.8,267.0,17.85,42.45,26.45,67.7,46.5,60.7,,98.9,181.5,40.8,74.9,17.35,11.95,141.0,54.1,83.1,78.5,225.0,204.5,283.0,,,75.0,,,34.25,83.7,214.5,78.5,236.0,51.1,40.5,83.3,56.9
45.8,41.2,56.8,82.3,77.2,70.7,11.9,39.6,71.2,33.0,33.0,338.5,159.0,34.15,49.55,278.0,11.3,25.2,32.15,59.3,196.0,72.9,24.95,15.75,25.05,40.3,346.0,418.0,42.7,77.7,64.2,49.0,29.85,386.0,389.5,397.0,53.9,15.7,207.0,39.55,19.8,107.5,26.05,51.2,20.9,135.5,8.36,12.15,18.85,48.05,15.5,22.05,75.6,29.75,326.0,88.0,9.71,47.5,50.8,96.0,87.1,32.25,83.6,243.0,8.13,13.15,96.1,170.5,77.9,28.1,107.5,515.0,281.0,12.15,135.0,67.9,16.8,50.3,10.2,15.6,14.6,,224.0,18.95,29.6,10.7,29.05,9.46,11.05,17.95,18.8,45.15,48.15,9.69,19.15,16.4,25.3,15.95,9.45,13.9,20.4,19.35,240.0,78.9,2445.0,36.1,154.0,57.7,90.8,133.0,30.15,98.8,90.8,14.8,35.8,266.5,17.85,42.45,26.45,67.8,46.5,60.7,,99.0,181.5,40.85,74.9,17.35,11.95,141.0,54.1,83.0,78.5,225.0,204.5,283.0,,,75.0,,,34.25,83.7,214.0,78.5,236.0,51.1,40.5,83.3,56.9
45.75,41.2,56.8,82.3,77.2,70.7,11.9,39.6,71.3,33.05,32.95,338.5,158.5,34.15,49.55,279.5,11.3,25.2,32.15,59.4,196.0,72.9,25.0,15.75,25.05,40.3,345.0,418.0,42.7,77.7,64.2,49.0,29.85,386.0,389.5,397.0,53.9,15.7,207.0,39.55,19.8,107.5,26.05,51.2,20.9,135.5,8.35,12.2,18.85,48.1,15.5,22.1,75.5,29.75,326.0,88.1,9.72,47.55,50.8,96.0,87.0,32.25,83.6,243.0,8.13,13.15,96.1,170.5,77.9,28.1,107.5,515.0,281.5,12.2,135.5,67.8,16.8,50.4,10.2,15.6,14.6,,224.0,18.95,29.6,10.7,29.0,9.46,11.05,17.95,18.75,45.15,48.2,9.7,19.15,16.45,25.3,15.9,9.44,13.95,20.4,19.35,240.5,78.9,2445.0,36.1,154.5,57.6,90.9,133.5,30.15,98.9,90.8,14.85,35.8,266.5,17.9,42.45,26.4,67.7,46.45,60.7,,99.0,181.5,40.8,75.0,17.3,12.0,141.5,54.1,83.1,78.5,225.0,204.5,282.5,,,75.0,,,34.25,83.7,214.0,78.5,236.0,51.1,40.45,83.3,56.8
45.8,41.25,56.9,82.3,77.3,70.8,11.9,39.6,71.3,33.0,32.95,338.5,158.5,34.15,49.55,280.0,11.3,25.2,32.15,59.4,196.0,72.9,25.0,15.75,25.05,40.3,345.0,418.0,42.7,77.6,64.2,49.0,29.9,386.0,389.5,397.0,54.0,15.7,207.0,39.6,19.8,107.5,26.05,51.2,20.9,135.0,8.35,12.2,18.85,48.1,15.5,22.05,75.6,29.8,326.0,88.2,9.72,47.55,50.7,95.9,87.1,32.25,83.6,244.0,8.13,13.15,96.1,170.5,77.9,28.15,108.0,515.0,281.0,12.2,135.5,67.8,16.85,50.3,10.2,15.6,14.6,,224.0,18.95,29.65,10.7,29.05,9.47,11.05,17.95,18.8,45.2,48.2,9.7,19.2,16.4,25.3,15.95,9.44,13.95,20.4,19.35,240.0,78.9,2445.0,36.1,154.0,57.6,90.8,133.0,30.15,98.9,90.7,14.85,35.8,266.5,17.9,42.45,26.4,67.8,46.35,60.8,,99.0,181.5,40.8,74.9,17.35,12.0,141.0,54.3,83.1,78.5,225.0,204.5,282.5,,,75.0,,,34.25,83.7,214.0,78.5,236.0,51.1,40.45,83.3,56.8
45.75,41.25,56.9,82.3,77.3,70.7,11.9,39.6,71.3,33.05,32.95,338.5,158.0,34.15,49.6,281.0,11.3,25.2,32.15,59.4,196.0,72.9,25.0,15.75,25.05,40.3,346.0,417.5,42.7,77.7,64.2,49.0,29.9,385.5,389.5,397.0,54.0,15.7,207.0,39.55,19.85,108.0,26.0,51.2,20.9,135.5,8.35,12.2,18.85,48.05,15.5,22.1,75.5,29.8,326.0,88.0,9.72,47.55,50.7,95.9,87.1,32.3,83.6,244.0,8.13,13.15,96.1,170.5,77.9,28.15,107.5,515.0,281.0,12.2,135.0,67.8,16.85,50.4,10.2,15.6,14.55,,224.0,18.95,29.65,10.7,29.05,9.47,11.05,17.95,18.75,45.15,48.2,9.7,19.2,16.45,25.3,15.95,9.44,13.95,20.4,19.35,240.0,78.9,2450.0,36.1,154.5,57.6,90.9,133.5,30.15,98.9,90.7,14.8,35.85,267.0,17.9,42.45,26.4,67.8,46.3,60.7,,99.0,181.5,40.8,75.0,17.35,11.95,141.5,54.5,83.1,78.5,225.0,204.5,282.0,,,75.0,,,34.25,83.8,214.0,78.5,236.0,51.1,40.5,83.3,56.9
45.8,41.25,56.8,82.4,77.3,70.7,11.9,39.6,71.2,33.05,32.95,338.5,159.0,34.15,49.6,282.0,11.3,25.2,32.15,59.4,196.0,72.9,25.0,15.75,25.0,40.3,346.0,417.5,42.7,77.6,64.2,49.0,29.85,385.5,389.5,397.0,54.0,15.65,207.0,39.5,19.8,108.0,26.0,51.1,20.9,135.5,8.35,12.2,18.85,48.05,15.5,22.05,75.5,29.8,325.5,88.0,9.72,47.55,50.7,96.0,87.1,32.3,83.6,243.0,8.13,13.15,96.2,170.5,77.9,28.15,107.5,514.0,281.0,12.2,135.0,67.8,16.85,50.4,10.2,15.6,14.6,,224.0,18.95,29.65,10.7,29.05,9.47,11.05,18.0,18.8,45.2,48.2,9.71,19.2,16.4,25.25,15.95,9.44,13.95,20.4,19.35,240.0,78.9,2450.0,36.1,154.0,57.6,90.8,133.0,30.15,98.8,90.7,14.85,35.85,266.5,17.9,42.45,26.4,67.7,46.3,60.7,,99.0,181.5,40.8,74.9,17.35,11.95,141.0,54.6,83.0,78.5,225.0,204.5,282.0,,,74.9,,,34.25,83.8,214.0,78.5,236.0,51.1,40.5,83.3,56.9
45.75,41.2,56.8,82.3,77.3,70.8,11.95,39.6,71.3,33.05,32.95,338.5,159.0,34.15,49.6,281.5,11.3,25.2,32.15,59.4,196.0,73.0,25.0,15.75,25.0,40.3,346.0,417.0,42.7,77.6,64.2,48.95,29.85,385.5,389.5,396.5,53.9,15.7,207.0,39.5,19.85,107.5,26.0,51.1,20.85,135.5,8.35,12.15,18.85,48.05,15.5,22.05,75.5,29.75,326.0,88.1,9.71,47.5,50.7,96.0,87.0,32.3,83.6,243.0,8.13,13.15,96.1,170.5,77.9,28.1,107.5,515.0,281.5,12.2,135.0,67.9,16.85,50.4,10.15,15.6,14.6,,224.0,18.95,29.65,10.7,29.05,9.47,11.05,18.0,18.8,45.2,48.2,9.71,19.2,16.45,25.3,15.95,9.45,14.0,20.4,19.35,240.0,78.9,2450.0,36.1,154.5,57.6,90.8,133.0,30.15,98.8,90.7,14.8,35.85,266.5,17.9,42.45,26.4,67.8,46.35,60.8,,99.0,181.5,40.8,75.0,17.35,11.95,141.0,54.6,83.0,78.5,225.0,204.5,282.0,,,75.0,,,34.25,83.8,214.0,78.5,236.5,51.1,40.5,83.3,56.8
45.8,41.25,56.8,82.3,77.4,70.7,11.95,39.6,71.4,33.05,32.95,338.5,159.0,34.15,49.55,281.0,11.35,25.2,32.15,59.4,196.0,72.9,25.0,15.75,25.05,40.3,346.0,418.0,42.7,77.6,64.2,48.95,29.85,385.5,389.5,396.5,54.0,15.7,207.0,39.5,19.85,107.5,26.05,51.2,20.9,135.5,8.35,12.15,18.85,48.05,15.5,22.05,75.6,29.8,326.0,88.0,9.71,47.5,50.6,96.0,87.0,32.2,83.6,243.0,8.13,13.15,96.1,170.5,78.0,28.15,107.5,514.0,281.0,12.2,135.0,67.9,16.8,50.4,10.2,15.6,14.6,,224.0,18.95,29.6,10.7,29.05,9.48,11.05,18.0,18.75,45.2,48.2,9.72,19.15,16.45,25.3,15.95,9.45,14.0,20.4,19.35,240.0,78.9,2450.0,36.1,154.0,57.6,90.8,133.0,30.1,98.8,90.7,14.8,35.85,266.5,17.9,42.45,26.4,67.8,46.25,60.8,,99.0,181.5,40.8,75.0,17.35,12.0,141.0,54.5,83.0,78.5,225.0,204.5,282.5,,,75.0,,,34.25,83.7,214.0,78.5,236.5,51.1,40.5,83.3,56.8
45.8,41.2,56.9,82.3,77.4,70.7,11.95,39.6,71.3,33.0,32.95,338.5,158.5,34.1,49.55,280.5,11.35,25.2,32.15,59.4,196.0,72.9,24.95,15.75,25.05,40.3,346.0,418.0,42.7,77.6,64.2,48.95,29.85,385.5,389.5,396.5,53.9,15.7,207.0,39.55,19.85,107.5,26.05,51.1,20.85,135.5,8.35,12.2,18.85,48.0,15.5,22.05,75.5,29.8,326.0,88.0,9.71,47.5,50.6,96.0,87.1,32.15,83.6,244.0,8.13,13.15,96.2,170.5,78.1,28.15,107.5,515.0,281.0,12.2,135.0,67.9,16.8,50.4,10.2,15.6,14.55,,224.0,18.95,29.65,10.7,29.05,9.48,11.05,17.95,18.75,45.2,48.2,9.72,19.2,16.45,25.3,15.9,9.45,14.0,20.4,19.35,240.0,78.9,2455.0,36.1,154.0,57.6,90.8,133.0,30.15,98.9,90.7,14.8,35.85,266.5,17.9,42.4,26.4,67.8,46.3,60.8,,98.9,181.5,40.8,75.0,17.3,11.95,141.0,54.5,83.0,78.5,225.0,204.5,282.5,,,75.1,,,34.25,83.8,214.0,78.5,236.5,51.1,40.45,83.3,56.9
45.8,41.2,56.9,82.3,77.4,70.7,11.95,39.6,71.4,33.0,32.95,338.5,158.5,34.15,49.55,280.0,11.35,25.2,32.1,59.5,196.0,72.9,24.95,15.75,25.05,40.3,346.0,418.0,42.75,77.6,64.2,48.95,29.85,385.5,389.5,396.5,54.0,15.7,207.0,39.5,19.8,107.5,26.0,51.2,20.85,135.5,8.35,12.2,18.85,48.0,15.5,22.05,75.5,29.8,326.0,88.0,9.72,47.5,50.7,96.0,87.1,32.15,83.6,244.0,8.13,13.15,96.1,170.5,78.1,28.15,107.5,515.0,281.0,12.2,135.0,67.9,16.85,50.3,10.2,15.6,14.6,,224.0,18.95,29.6,10.7,29.05,9.47,11.05,17.95,18.8,45.2,48.15,9.71,19.15,16.4,25.3,15.95,9.44,13.95,20.4,19.35,240.0,78.9,2455.0,36.15,154.5,57.5,90.8,133.0,30.1,98.9,90.7,14.8,35.85,266.5,17.85,42.45,26.4,67.7,46.3,60.9,,98.9,181.5,40.8,75.0,17.35,12.0,141.0,54.4,83.0,78.5,225.0,204.5,282.5,,,75.2,,,34.25,83.8,214.0,78.5,236.5,51.1,40.45,83.3,56.9
45.8,41.2,56.8,82.3,77.4,70.7,11.95,39.6,71.4,33.0,32.95,338.5,158.0,34.1,49.55,280.0,11.35,25.2,32.1,59.5,196.0,72.9,25.0,15.75,25.05,40.3,346.0,418.0,42.75,77.6,64.2,49.0,29.9,385.5,389.5,396.5,54.0,15.65,206.5,39.5,19.8,107.5,26.05,51.1,20.9,135.5,8.35,12.2,18.85,48.0,15.5,22.05,75.5,29.8,326.0,88.0,9.72,47.55,50.7,96.0,87.1,32.15,83.6,243.5,8.13,13.15,96.1,170.5,78.1,28.15,107.5,515.0,281.0,12.2,135.0,67.8,16.85,50.3,10.2,15.6,14.6,,224.0,18.95,29.65,10.7,29.05,9.47,11.05,18.0,18.7,45.2,48.2,9.72,19.2,16.45,25.25,15.95,9.45,14.0,20.4,19.35,240.0,78.8,2455.0,36.15,154.5,57.5,90.8,133.5,30.1,98.9,90.7,14.8,35.85,266.5,17.85,42.45,26.4,67.7,46.5,60.8,,98.8,181.5,40.85,74.9,17.35,11.95,141.0,54.4,83.1,78.5,225.0,204.5,282.5,,,75.1,,,34.25,83.7,214.0,78.6,236.5,51.1,40.45,83.3,56.8
45.8,41.2,56.9,82.2,77.5,70.7,11.95,39.6,71.4,33.0,32.95,338.5,158.0,34.15,49.6,279.5,11.35,25.2,32.1,59.5,195.5,72.9,25.0,15.75,25.05,40.3,346.0,420.0,42.75,77.6,64.3,49.0,29.85,385.5,389.5,396.5,54.0,15.65,206.5,39.5,19.8,107.5,26.0,51.1,20.9,135.5,8.35,12.2,18.8,48.0,15.5,22.05,75.5,29.8,326.0,88.0,9.72,47.6,50.7,96.0,87.1,32.15,83.6,243.5,8.13,13.15,96.1,170.5,78.1,28.2,107.5,514.0,281.0,12.2,135.5,67.8,16.85,50.4,10.2,15.6,14.6,,224.0,18.95,29.6,10.7,29.05,9.47,11.05,18.0,18.8,45.25,48.2,9.72,19.15,16.4,25.3,15.95,9.45,14.0,20.4,19.35,239.5,78.9,2455.0,36.1,154.5,57.5,90.8,133.5,30.1,98.9,90.7,14.8,35.85,267.0,17.9,42.45,26.4,67.7,46.35,60.8,,98.8,181.5,40.85,75.0,17.35,11.95,141.0,54.4,83.0,78.4,225.0,204.5,282.0,,,75.2,,,34.25,83.7,214.0,78.6,236.5,51.1,40.5,83.3,56.8
45.85,41.25,56.9,82.3,77.4,70.7,11.95,39.6,71.4,32.95,32.95,338.5,158.0,34.1,49.6,280.0,11.35,25.2,32.1,59.5,195.5,72.9,25.0,15.75,25.05,40.3,346.0,420.0,42.8,77.6,64.3,49.0,29.85,385.5,389.5,396.5,54.0,15.7,206.5,39.6,19.85,107.5,26.0,51.2,20.9,135.0,8.34,12.2,18.85,48.0,15.5,22.05,75.5,29.8,326.0,88.0,9.71,47.6,50.7,96.0,87.0,32.15,83.6,243.5,8.13,13.15,96.1,170.5,78.1,28.15,107.5,515.0,281.5,12.2,135.0,67.8,16.85,50.4,10.2,15.6,14.6,,224.0,18.95,29.65,10.7,29.05,9.47,11.05,17.95,18.75,45.25,48.25,9.72,19.15,16.45,25.3,15.95,9.44,14.0,20.4,19.35,239.5,78.8,2455.0,36.1,154.0,57.5,90.8,133.0,30.15,98.8,90.6,14.85,35.85,267.0,17.9,42.45,26.4,67.8,46.55,60.9,,98.8,181.5,40.85,74.9,17.35,12.0,141.0,54.4,83.0,78.4,225.0,204.5,282.0,,,75.2,,,34.25,83.7,214.0,78.6,236.5,51.1,40.5,83.3,56.8
45.8,41.25,56.9,82.3,77.5,70.8,11.95,39.55,71.4,33.0,32.95,339.0,158.0,34.15,49.55,280.0,11.4,25.2,32.1,59.5,195.5,72.9,25.0,15.75,25.05,40.3,346.0,420.0,42.8,77.7,64.3,49.0,29.85,385.5,389.5,396.5,54.0,15.7,207.0,39.55,19.85,107.5,26.05,51.2,20.85,135.5,8.34,12.2,18.85,48.0,15.5,22.05,75.6,29.8,326.0,88.1,9.71,47.6,50.6,96.0,87.1,32.15,83.6,243.5,8.13,13.15,96.0,170.5,78.1,28.2,107.5,515.0,281.0,12.2,135.0,67.9,16.8,50.4,10.2,15.6,14.6,,224.0,18.95,29.65,10.7,29.05,9.47,11.05,17.95,18.75,45.3,48.3,9.73,19.15,16.4,25.3,15.95,9.45,14.0,20.4,19.35,240.5,78.9,2455.0,36.15,154.5,57.5,90.9,133.5,30.1,98.8,90.7,14.8,35.85,267.0,17.9,42.4,26.4,67.8,46.55,60.8,,98.8,181.5,40.85,75.0,17.3,12.0,141.5,54.4,83.0,78.5,225.0,204.5,281.5,,,75.2,,,34.25,83.7,214.5,78.6,236.5,51.1,40.6,83.3,56.9
45.85,41.25,56.9,82.3,77.5,70.8,11.95,39.6,71.4,33.0,32.95,339.0,158.5,34.1,49.55,280.0,11.45,25.2,32.1,59.5,195.5,72.9,25.0,15.75,25.05,40.3,345.5,420.0,42.8,77.7,64.5,49.0,29.85,385.5,389.5,396.5,53.9,15.7,207.0,39.6,19.85,107.5,26.0,51.1,20.85,135.5,8.34,12.2,18.85,48.0,15.5,22.05,75.6,29.9,326.0,88.0,9.71,47.55,50.7,96.0,87.1,32.1,83.7,243.0,8.13,13.15,96.0,170.5,78.0,28.15,107.5,515.0,281.5,12.2,135.0,67.8,16.85,50.5,10.2,15.6,14.6,,224.0,18.95,29.65,10.7,29.1,9.47,11.05,17.95,18.8,45.25,48.35,9.73,19.2,16.4,25.3,15.95,9.45,14.0,20.35,19.35,240.5,78.8,2460.0,36.15,154.5,57.5,90.8,133.5,30.1,98.8,90.5,14.8,35.85,267.0,17.9,42.4,26.4,67.8,46.5,60.8,,98.7,181.5,40.85,75.0,17.35,11.95,141.0,54.4,83.0,78.5,225.0,204.5,281.5,,,75.3,,,34.25,83.7,214.5,78.6,236.5,51.0,40.6,83.3,56.9
45.85,41.25,56.9,82.3,77.5,70.8,11.95,39.55,71.4,33.0,32.95,339.0,158.5,34.1,49.55,280.0,11.5,25.2,32.1,59.5,195.5,72.9,25.0,15.75,25.05,40.3,346.0,418.5,42.8,77.6,64.2,49.0,29.9,385.5,389.5,396.5,53.9,15.65,206.5,39.55,19.8,108.0,26.05,51.1,20.85,135.0,8.34,12.25,18.85,48.05,15.5,22.05,75.6,30.0,326.0,88.0,9.71,47.55,50.7,96.0,87.1,32.2,83.7,243.0,8.13,13.15,96.1,170.5,78.0,28.15,107.5,515.0,281.0,12.2,135.0,67.9,16.85,50.5,10.2,15.6,14.6,,224.0,18.95,29.65,10.7,29.05,9.47,11.05,17.95,18.8,45.25,48.4,9.73,19.15,16.45,25.3,15.9,9.45,13.95,20.4,19.4,240.5,78.8,2460.0,36.2,154.5,57.5,90.8,133.0,30.15,98.8,90.5,14.75,35.85,267.0,17.9,42.4,26.4,67.8,46.5,60.7,,98.7,181.5,40.85,75.0,17.35,11.95,141.0,54.4,83.0,78.4,225.0,204.5,281.0,,,75.3,,,34.25,83.7,214.5,78.6,236.5,51.1,40.65,83.2,56.8
45.85,41.25,56.9,82.4,77.5,70.7,11.95,39.55,71.5,33.0,32.95,339.0,158.5,34.15,49.6,279.0,11.55,25.2,32.15,59.5,196.0,73.0,25.0,15.75,25.05,40.3,346.0,418.5,42.8,77.7,64.5,49.0,29.9,385.5,389.5,396.5,53.9,15.65,207.0,39.6,19.8,107.5,26.05,51.1,20.9,135.5,8.34,12.25,18.85,48.05,15.5,22.1,75.6,30.0,326.0,88.0,9.72,47.6,50.6,96.0,87.1,32.2,83.7,243.0,8.13,13.2,96.0,170.5,78.0,28.2,107.5,515.0,281.0,12.15,135.0,67.9,16.85,50.5,10.2,15.65,14.6,,224.0,18.95,29.6,10.7,29.1,9.48,11.05,17.95,18.8,45.3,48.35,9.74,19.2,16.45,25.25,15.9,9.45,14.0,20.4,19.4,240.5,78.8,2460.0,36.2,154.5,57.5,90.8,133.0,30.1,98.8,90.5,14.75,35.85,267.0,17.9,42.4,26.4,67.7,46.4,60.8,,98.8,181.5,40.9,75.0,17.35,11.95,141.0,54.4,83.0,78.4,225.0,204.5,281.0,,,75.3,,,34.3,83.8,214.5,78.6,236.5,51.0,40.8,83.2,56.8
45.85,41.25,56.9,82.4,77.5,70.8,11.9,39.5,71.4,33.0,32.95,339.0,158.5,34.15,49.55,279.0,11.55,25.2,32.15,59.5,196.0,73.0,25.0,15.75,25.05,40.3,346.5,420.0,42.8,77.6,64.5,49.0,29.9,385.5,389.5,396.5,54.0,15.7,207.0,39.6,19.75,107.5,26.05,51.1,20.9,135.5,8.34,12.25,18.85,48.05,15.5,22.1,75.6,30.0,326.0,88.0,9.71,47.55,50.6,96.0,87.1,32.2,83.7,243.0,8.13,13.15,96.1,170.5,78.1,28.2,107.5,515.0,281.5,12.2,135.5,67.9,16.85,50.5,10.2,15.65,14.6,,224.0,18.95,29.65,10.65,29.1,9.47,11.05,17.95,18.8,45.25,48.35,9.75,19.15,16.45,25.3,15.9,9.44,13.95,20.4,19.4,240.5,78.7,2460.0,36.2,154.5,57.5,90.9,133.0,30.1,98.8,90.5,14.75,35.85,267.0,17.9,42.4,26.35,67.8,46.4,60.9,,98.8,181.5,40.9,75.0,17.35,12.0,141.0,54.4,83.0,78.5,225.0,204.5,281.0,,,75.4,,,34.3,83.8,214.0,78.6,236.5,51.1,40.7,83.2,56.8
45.8,41.25,56.8,82.4,77.5,70.8,11.9,39.5,71.5,33.0,32.95,339.0,158.5,34.1,49.55,279.0,11.55,25.2,32.15,59.5,196.0,73.0,25.0,15.75,25.05,40.3,346.5,420.0,42.8,77.7,64.5,49.0,29.85,385.5,388.5,396.5,53.9,15.65,207.0,39.6,19.8,108.0,26.0,51.2,20.85,135.5,8.35,12.25,18.85,48.05,15.5,22.05,75.6,29.95,326.0,88.0,9.71,47.55,50.6,96.0,87.1,32.2,83.8,244.5,8.13,13.15,96.1,170.5,78.1,28.2,107.5,515.0,281.5,12.2,135.5,67.9,16.85,50.5,10.2,15.6,14.6,,224.0,19.0,29.65,10.7,29.1,9.47,11.05,18.0,18.75,45.25,48.3,9.74,19.15,16.45,25.3,15.95,9.45,13.95,20.4,19.35,240.5,78.7,2460.0,36.2,154.5,57.5,90.8,133.5,30.1,98.8,90.5,14.75,36.0,267.0,17.9,42.35,26.4,67.7,46.45,60.8,,98.8,181.5,40.9,75.1,17.35,12.0,141.0,54.4,83.0,78.4,225.0,204.5,281.0,,,75.4,,,34.25,83.8,214.0,78.6,236.5,51.1,40.75,83.2,56.8
45.85,41.25,56.9,82.4,77.5,70.8,11.9,39.55,71.5,33.0,32.95,338.5,158.5,34.15,49.55,279.0,11.55,25.2,32.15,59.5,196.0,73.0,25.0,15.75,25.05,40.3,346.5,420.5,42.8,77.8,64.2,49.0,29.9,385.5,388.5,396.5,53.9,15.7,207.0,39.6,19.75,108.0,26.05,51.2,20.85,135.5,8.35,12.2,18.85,48.05,15.5,22.05,75.6,29.95,326.0,88.0,9.71,47.55,50.6,96.0,87.1,32.2,83.7,244.0,8.13,13.15,96.1,170.5,78.1,28.15,107.5,515.0,281.0,12.15,135.5,67.8,16.85,50.5,10.2,15.65,14.6,,224.0,19.0,29.65,10.7,29.1,9.47,11.05,18.0,18.8,45.25,48.3,9.75,19.15,16.5,25.3,15.9,9.45,13.95,20.4,19.4,240.5,78.7,2455.0,36.2,154.5,57.7,90.9,133.0,30.1,98.8,90.5,14.75,36.0,267.0,17.9,42.4,26.4,67.8,46.45,60.5,,98.8,181.5,40.9,75.1,17.35,12.0,141.0,54.4,83.1,78.4,225.5,204.5,281.0,,,75.4,,,34.3,83.7,214.0,78.6,236.5,50.9,40.7,83.2,56.8
45.8,41.25,56.9,82.4,77.5,70.8,11.9,39.55,71.4,33.0,32.95,339.0,158.5,34.15,49.55,279.0,11.55,25.2,32.15,59.5,196.0,73.0,25.0,15.75,25.05,40.3,346.5,420.5,42.8,77.7,64.5,48.95,29.9,385.5,388.5,396.5,54.0,15.7,207.5,39.6,19.75,107.5,26.0,51.2,20.85,135.5,8.35,12.25,18.85,47.95,15.5,22.05,75.6,29.9,326.0,87.8,9.72,47.55,50.6,95.9,87.1,32.25,83.7,243.0,8.13,13.15,96.1,170.5,78.1,28.2,107.5,515.0,281.0,12.2,135.5,67.8,16.85,50.5,10.2,15.65,14.6,,224.0,19.0,29.65,10.7,29.05,9.47,11.05,18.0,18.75,45.3,48.3,9.76,19.15,16.5,25.3,15.9,9.45,14.0,20.4,19.35,240.0,78.7,2460.0,36.15,154.0,57.7,90.9,133.0,30.05,98.9,90.5,14.75,36.0,267.0,17.9,42.35,26.4,67.7,46.45,60.6,,98.8,181.5,40.9,75.2,17.35,11.95,140.5,54.4,83.0,78.5,225.5,204.5,281.5,,,75.4,,,34.25,83.7,214.0,78.6,236.5,50.9,40.55,83.2,56.8
45.75,41.2,56.8,82.3,77.5,70.8,11.9,39.55,71.4,32.95,32.9,339.0,158.5,34.15,49.6,279.0,11.55,25.2,32.15,59.5,196.0,73.0,25.0,15.75,25.05,40.3,346.5,420.5,42.8,77.7,64.2,48.95,29.9,385.5,388.5,396.5,53.9,15.65,207.5,39.55,19.75,107.5,26.0,51.1,20.85,135.5,8.35,12.25,18.85,47.95,15.5,22.1,75.6,29.9,326.0,87.8,9.72,47.6,50.7,95.9,87.0,32.25,83.7,243.0,8.13,13.15,96.1,170.5,78.1,28.2,107.5,515.0,281.0,12.15,135.5,67.8,16.85,50.5,10.2,15.65,14.6,,224.0,19.0,29.6,10.7,29.1,9.47,11.05,18.0,18.75,45.25,48.3,9.77,19.15,16.5,25.3,15.95,9.45,14.0,20.4,19.4,240.0,78.7,2455.0,36.15,154.0,57.6,90.9,133.5,30.05,98.8,90.5,14.75,36.0,267.0,17.9,42.35,26.4,67.7,46.4,60.6,,98.7,181.5,40.9,75.3,17.35,11.95,140.5,54.4,83.1,78.5,225.5,204.5,281.5,,,75.3,,,34.25,83.7,214.0,78.6,236.5,50.9,40.55,83.2,56.9
45.75,41.25,56.9,82.3,77.5,70.8,11.95,39.55,71.4,33.0,32.9,339.0,158.5,34.1,49.55,279.0,11.55,25.2,32.15,59.5,196.0,73.0,25.0,15.75,25.05,40.3,346.5,419.0,42.8,77.8,64.2,49.0,29.85,385.5,388.5,396.5,53.9,15.7,207.5,39.6,19.75,108.0,26.05,51.2,20.85,135.5,8.34,12.25,18.85,47.95,15.5,22.1,75.5,29.85,326.0,88.0,9.72,47.6,50.6,95.9,87.1,32.25,83.7,244.0,8.13,13.2,96.1,170.5,78.1,28.2,107.5,515.0,281.0,12.15,135.0,67.8,16.85,50.5,10.2,15.65,14.6,,224.0,19.0,29.6,10.7,29.05,9.47,11.05,18.0,18.8,45.3,48.3,9.78,19.2,16.5,25.3,15.95,9.45,13.95,20.4,19.35,240.0,78.9,2455.0,36.15,154.0,57.6,90.9,133.5,30.1,98.7,90.7,14.75,36.0,267.0,17.9,42.4,26.4,67.7,46.35,60.8,,98.8,181.5,40.9,75.4,17.35,12.0,140.5,54.4,83.0,78.5,225.5,204.5,281.5,,,75.3,,,34.25,83.7,214.0,78.6,236.5,51.1,40.55,83.2,56.9
45.8,41.25,56.9,82.3,77.5,70.8,11.9,39.5,71.4,33.0,32.9,339.0,158.5,34.15,49.55,280.0,11.5,25.2,32.1,59.5,196.0,73.0,25.0,15.75,25.05,40.3,346.5,420.5,42.8,77.7,64.2,49.0,29.85,385.5,388.5,396.5,54.0,15.7,207.5,39.55,19.75,107.5,26.0,51.1,20.85,135.0,8.34,12.25,18.85,47.95,15.5,22.05,75.6,29.85,326.0,87.9,9.72,47.65,50.7,96.0,87.1,32.25,83.7,244.0,8.13,13.15,96.1,170.5,78.1,28.2,107.5,514.0,281.0,12.15,135.0,67.8,16.85,50.5,10.2,15.65,14.6,,224.0,19.0,29.65,10.7,29.05,9.48,11.05,18.0,18.8,45.3,48.3,9.78,19.2,16.5,25.3,15.95,9.45,13.95,20.4,19.4,240.0,78.9,2455.0,36.2,154.0,57.6,90.8,133.5,30.1,98.7,90.7,14.75,36.0,267.0,17.9,42.35,26.4,67.7,46.4,60.6,,98.8,181.5,40.9,75.4,17.35,12.0,140.5,54.4,83.0,78.4,225.5,204.5,282.0,,,75.4,,,34.2,83.7,214.5,78.6,236.5,50.9,40.55,83.2,56.8
45.8,41.2,56.9,82.3,77.5,70.8,11.9,39.5,71.5,33.0,32.9,339.0,158.5,34.15,49.55,280.0,11.5,25.2,32.1,59.4,196.0,73.0,25.0,15.75,25.0,40.3,346.5,419.5,42.8,77.7,64.2,48.95,29.85,385.5,388.5,396.5,54.0,15.7,207.5,39.6,19.75,108.0,26.0,51.1,20.85,135.5,8.34,12.25,18.85,47.95,15.5,22.05,75.5,29.85,326.5,87.9,9.72,47.65,50.6,95.9,87.1,32.1,83.8,244.5,8.13,13.15,96.2,170.5,78.1,28.2,107.5,515.0,281.0,12.15,135.5,67.8,16.85,50.5,10.25,15.6,14.6,,224.0,19.0,29.65,10.7,29.05,9.48,11.05,18.0,18.75,45.3,48.25,9.78,19.2,16.5,25.3,15.9,9.45,14.0,20.4,19.35,239.5,78.8,2460.0,36.2,154.0,57.6,90.9,133.5,30.05,98.7,90.8,14.75,36.0,267.0,17.9,42.4,26.35,67.7,46.4,60.6,,98.8,181.5,40.9,75.4,17.3,12.0,140.5,54.4,83.1,78.5,225.5,204.5,282.0,,,75.3,,,34.2,83.8,214.5,78.6,236.5,51.0,40.55,83.2,56.9
45.8,41.25,56.9,82.3,77.5,70.8,11.95,39.5,71.4,33.0,32.9,338.5,158.5,34.15,49.55,280.0,11.5,25.15,32.1,59.4,196.0,72.9,25.0,15.75,25.05,40.35,346.0,420.0,42.8,77.7,64.2,49.0,29.85,385.5,388.5,396.5,54.1,15.7,207.5,39.6,19.8,107.5,26.0,51.1,20.85,135.0,8.33,12.25,18.85,47.95,15.5,22.05,75.5,29.85,326.0,87.9,9.72,47.65,50.6,95.9,87.0,32.25,83.8,244.5,8.13,13.15,96.1,171.0,78.1,28.2,107.5,515.0,281.0,12.15,135.5,67.8,16.85,50.5,10.25,15.6,14.55,,224.0,19.0,29.65,10.7,29.05,9.47,11.05,18.0,18.75,45.3,48.3,9.78,19.15,16.5,25.35,15.9,9.45,13.95,20.4,19.4,239.5,78.8,2455.0,36.2,154.0,57.6,90.8,133.5,30.05,98.7,90.8,14.8,36.0,267.0,17.9,42.4,26.4,67.8,46.4,60.7,,98.8,181.5,40.9,75.4,17.35,11.95,141.0,54.4,83.0,78.5,225.5,204.5,281.0,,,75.3,,,34.25,83.7,214.5,78.6,236.5,50.9,40.55,83.2,56.9
45.75,41.25,56.9,82.3,77.5,70.7,11.9,39.5,71.4,33.0,32.85,338.5,158.5,34.15,49.6,280.0,11.45,25.2,32.1,59.4,196.0,72.8,25.0,15.75,25.05,40.35,345.5,420.0,42.85,77.7,64.2,49.0,29.85,385.5,389.5,396.5,54.1,15.7,207.5,39.65,19.75,107.5,26.05,51.2,20.85,135.5,8.34,12.25,18.85,47.95,15.5,22.05,75.5,29.85,326.5,88.0,9.73,47.65,50.6,95.8,87.1,32.25,83.7,244.5,8.13,13.15,96.1,171.0,78.0,28.15,107.5,515.0,281.5,12.15,135.5,67.8,16.85,50.5,10.25,15.6,14.6,,224.0,19.0,29.65,10.7,29.1,9.48,11.05,18.0,18.75,45.35,48.3,9.77,19.2,16.45,25.35,15.95,9.46,13.95,20.4,19.35,239.5,78.9,2455.0,36.15,154.0,57.6,90.8,133.0,30.05,98.7,90.8,14.75,36.0,267.5,17.9,42.4,26.4,67.8,46.4,60.7,,98.8,181.5,40.9,75.4,17.35,11.95,140.5,54.5,83.0,78.5,225.5,204.5,281.0,,,75.4,,,34.25,83.7,214.0,78.8,236.5,50.9,40.55,83.2,56.9
45.8,41.25,56.9,82.3,77.5,70.7,11.95,39.5,71.4,33.0,32.9,338.5,158.5,34.15,49.6,279.5,11.45,25.2,32.1,59.4,196.0,72.8,25.0,15.75,25.05,40.35,346.0,420.0,42.8,77.7,64.4,49.0,29.9,385.5,389.5,396.5,54.1,15.7,207.5,39.65,19.75,108.0,26.0,51.2,20.85,135.0,8.34,12.25,18.85,47.95,15.5,22.05,75.4,29.9,326.5,88.0,9.72,47.65,50.7,95.8,87.0,32.25,83.8,244.0,8.13,13.15,96.2,171.0,78.0,28.15,107.5,515.0,281.0,12.15,136.0,67.9,16.85,50.5,10.2,15.65,14.6,,224.0,18.95,29.65,10.7,29.05,9.48,11.05,18.0,18.8,45.35,48.35,9.76,19.2,16.5,25.35,15.9,9.46,13.95,20.45,19.4,239.5,78.9,2460.0,36.15,154.0,57.6,90.8,133.0,30.05,98.7,90.8,14.8,36.0,267.0,17.9,42.4,26.4,67.7,46.4,60.6,,98.9,181.5,40.9,75.4,17.35,11.95,141.0,54.4,83.1,78.4,225.5,204.5,281.0,,,75.3,,,34.25,83.7,214.0,78.8,237.0,50.9,40.55,83.2,56.9
45.8,41.25,56.9,82.3,77.4,70.8,11.9,39.5,71.5,33.0,32.9,338.5,158.5,34.1,49.55,279.5,11.5,25.2,32.1,59.4,196.0,72.9,25.0,15.75,25.05,40.35,346.0,420.0,42.8,77.7,64.4,49.0,29.9,385.5,389.5,396.0,54.0,15.65,207.5,39.65,19.75,108.0,26.0,51.2,20.9,135.5,8.34,12.25,18.85,47.95,15.5,22.05,75.4,29.9,326.5,88.1,9.73,47.65,50.7,95.9,87.1,32.25,83.8,244.0,8.13,13.2,96.1,171.0,78.1,28.2,108.0,515.0,281.0,12.15,136.0,67.9,16.85,50.5,10.2,15.6,14.6,,224.0,19.0,29.6,10.7,29.1,9.47,11.05,18.0,18.75,45.35,48.4,9.77,19.2,16.5,25.35,15.9,9.46,13.95,20.45,19.4,239.5,78.9,2465.0,36.1,154.5,57.6,90.9,133.5,30.1,98.7,90.8,14.8,36.0,267.0,17.9,42.4,26.35,67.8,46.4,60.6,,98.8,181.5,40.9,75.4,17.35,11.95,140.5,54.3,83.1,78.4,225.5,204.5,281.0,,,75.3,,,34.25,83.7,214.0,78.8,237.0,50.9,40.55,83.2,56.9
45.75,41.25,56.9,82.3,77.4,70.8,11.95,39.5,71.4,33.0,32.9,338.5,158.5,34.15,49.55,279.5,11.45,25.2,32.1,59.4,196.0,73.0,25.0,15.75,25.05,40.35,346.0,420.0,42.8,77.7,64.2,49.0,29.85,385.5,389.5,396.0,54.1,15.65,207.5,39.65,19.75,108.0,26.0,51.2,20.9,135.0,8.33,12.25,18.85,47.95,15.5,22.05,75.4,29.85,326.5,88.1,9.73,47.65,50.7,95.9,87.0,32.25,84.0,244.0,8.13,13.15,96.1,171.0,78.0,28.2,108.0,515.0,281.5,12.15,135.5,67.8,16.85,50.5,10.2,15.6,14.6,,224.0,18.95,29.6,10.7,29.05,9.47,11.05,18.0,18.75,45.35,48.4,9.77,19.2,16.55,25.35,15.9,9.46,13.95,20.45,19.35,240.0,78.9,2465.0,36.15,154.0,57.6,90.9,133.0,30.05,98.7,90.8,14.75,36.0,267.0,17.9,42.4,26.35,67.7,46.35,60.6,,98.9,181.0,40.85,75.4,17.35,11.95,140.5,54.4,83.1,78.4,225.5,204.5,281.0,,,75.3,,,34.25,83.7,214.0,78.8,237.0,51.0,40.55,83.2,56.9
45.75,41.25,56.9,82.3,77.4,70.8,11.95,39.55,71.4,33.0,32.9,338.5,158.5,34.1,49.55,279.5,11.45,25.2,32.15,59.4,196.0,73.0,25.0,15.75,25.05,40.3,346.0,421.5,42.85,77.8,64.2,49.0,29.9,385.5,389.5,396.0,54.0,15.7,207.5,39.6,19.75,108.0,26.05,51.2,20.85,135.5,8.34,12.25,18.85,47.95,15.5,22.05,75.4,29.9,327.0,88.2,9.73,47.65,50.7,95.9,87.1,32.25,84.0,244.0,8.13,13.15,96.1,171.0,77.9,28.2,108.0,515.0,281.5,12.15,136.0,67.9,16.85,50.5,10.2,15.65,14.6,,224.0,19.0,29.6,10.7,29.05,9.48,11.05,18.0,18.75,45.4,48.45,9.76,19.2,16.55,25.35,15.95,9.46,14.0,20.45,19.4,240.5,78.8,2470.0,36.15,154.0,57.6,90.8,133.0,30.05,98.7,90.8,14.8,36.0,267.5,17.9,42.4,26.35,67.7,46.35,60.7,,98.9,181.5,40.9,75.4,17.3,12.0,140.5,54.4,83.2,78.4,225.5,204.5,281.0,,,75.4,,,34.3,83.7,214.0,78.6,237.0,51.0,40.55,83.2,56.9
45.75,41.25,56.9,82.3,77.5,70.8,11.9,39.55,71.4,33.0,32.9,338.5,158.5,34.15,49.55,279.0,11.5,25.2,32.15,59.4,196.0,73.0,24.95,15.75,25.0,40.3,346.0,421.5,42.85,77.7,64.2,49.0,29.85,385.5,389.5,396.0,54.0,15.65,207.5,39.6,19.75,108.0,26.05,51.2,20.85,135.5,8.33,12.25,18.85,47.95,15.5,22.05,75.4,29.85,327.0,88.2,9.73,47.65,50.7,95.9,87.1,32.25,84.0,244.0,8.13,13.15,96.1,171.0,77.9,28.15,108.0,516.0,281.5,12.1,135.5,67.9,16.85,50.5,10.2,15.65,14.55,,224.0,19.0,29.65,10.65,29.1,9.48,11.05,18.0,18.75,45.4,48.45,9.76,19.2,16.5,25.3,15.95,9.47,14.0,20.45,19.4,240.5,78.8,2460.0,36.15,154.0,57.6,90.8,133.5,30.05,98.7,90.8,14.75,36.0,267.0,17.9,42.4,26.35,67.7,46.35,60.6,,98.8,181.5,40.9,75.3,17.35,11.95,140.5,54.4,83.2,78.4,225.5,204.5,281.0,,,75.4,,,34.3,83.7,214.0,78.6,237.0,50.9,40.55,83.2,56.9
45.75,41.25,56.9,82.3,77.4,70.9,11.9,39.55,71.4,33.0,32.9,339.0,159.5,34.15,49.55,280.0,11.5,25.2,32.1,59.4,196.0,73.0,24.95,15.75,25.05,40.3,346.0,420.0,42.85,77.7,64.1,49.0,29.9,385.5,389.5,396.0,54.1,15.65,207.5,39.65,19.8,108.0,26.0,51.2,20.85,135.5,8.32,12.2,18.85,47.95,15.5,22.05,75.4,29.9,327.0,88.2,9.73,47.65,50.8,95.8,87.1,32.3,84.0,243.5,8.13,13.2,96.1,171.0,77.9,28.15,108.0,516.0,281.5,12.1,135.5,67.9,16.85,50.5,10.2,15.65,14.55,,224.0,19.0,29.6,10.7,29.05,9.48,11.05,18.0,18.75,45.4,48.45,9.76,19.2,16.55,25.3,15.95,9.47,13.95,20.4,19.4,240.0,78.8,2470.0,36.15,154.5,57.6,90.8,133.5,30.05,98.7,90.8,14.75,36.0,267.0,17.85,42.4,26.35,67.8,46.35,60.6,,98.8,181.5,40.9,75.4,17.35,11.95,140.5,54.4,83.0,78.4,225.0,204.5,281.0,,,75.4,,,34.3,83.7,214.0,78.6,236.5,50.9,40.55,83.2,56.8
45.75,41.25,56.8,82.3,77.4,70.9,11.9,39.55,71.4,33.0,32.9,339.0,159.5,34.15,49.55,280.0,11.45,25.2,32.1,59.4,196.0,73.0,25.0,15.75,25.05,40.35,345.5,420.0,42.85,77.7,64.3,49.0,29.9,385.5,389.5,396.0,54.1,15.65,207.0,39.65,19.8,107.5,26.05,51.1,20.85,135.5,8.33,12.25,18.85,48.0,15.5,22.0,75.4,29.95,327.0,88.2,9.74,47.65,50.8,95.9,87.1,32.25,84.0,244.5,8.13,13.2,96.1,171.0,77.9,28.15,108.0,515.0,281.5,12.1,136.0,67.8,16.85,50.5,10.2,15.65,14.6,,224.0,19.0,29.6,10.65,29.1,9.47,11.05,18.0,18.75,45.35,48.4,9.75,19.2,16.55,25.35,15.95,9.47,13.95,20.45,19.4,240.0,78.9,2470.0,36.1,154.5,57.6,90.9,133.0,30.05,98.7,90.8,14.75,35.9,267.0,17.9,42.4,26.4,67.7,46.35,60.6,,98.9,181.5,40.9,75.4,17.35,11.95,141.0,54.4,83.0,78.4,225.0,204.5,281.0,,,75.4,,,34.25,83.9,214.0,78.6,236.5,50.9,40.55,83.2,56.9
45.75,41.25,56.9,82.3,77.5,70.8,11.9,39.55,71.4,33.0,32.9,339.0,159.5,34.15,49.55,280.0,11.5,25.2,32.1,59.4,196.0,73.0,25.0,15.75,25.05,40.3,346.0,420.0,42.85,77.7,64.1,49.0,29.9,385.5,389.5,396.0,54.0,15.7,207.5,39.65,19.8,108.0,26.05,51.1,20.9,135.5,8.32,12.25,18.9,48.0,15.5,22.05,75.5,29.95,327.0,88.2,9.73,47.6,50.7,95.8,87.1,32.25,83.9,244.5,8.13,13.2,96.2,171.0,78.0,28.2,107.5,515.0,281.5,12.1,135.5,67.8,16.8,50.5,10.2,15.65,14.6,,224.0,19.0,29.65,10.7,29.05,9.48,11.05,18.0,18.8,45.35,48.4,9.75,19.2,16.55,25.35,15.95,9.47,14.0,20.45,19.4,240.0,78.9,2470.0,36.1,154.0,57.6,90.9,133.5,30.05,98.7,90.8,14.8,35.9,267.0,17.9,42.4,26.4,67.7,46.4,60.6,,98.9,181.5,40.9,75.4,17.35,11.95,140.5,54.4,83.1,78.4,225.0,204.5,281.0,,,75.4,,,34.3,83.7,214.0,78.6,237.0,51.1,40.55,83.2,56.9
45.8,41.25,56.9,82.3,77.4,70.8,11.9,39.55,71.4,33.0,32.9,339.0,159.5,34.15,49.6,280.5,11.5,25.15,32.1,59.4,196.0,73.0,25.0,15.75,25.05,40.3,346.0,420.0,42.85,77.7,64.1,49.0,29.9,385.5,389.5,396.0,54.1,15.7,207.5,39.6,19.75,108.0,26.05,51.0,20.85,135.5,8.32,12.25,18.85,48.0,15.5,22.05,75.4,29.95,326.5,88.2,9.73,47.65,50.7,95.9,87.1,32.25,84.0,244.5,8.13,13.15,96.1,171.0,77.9,28.15,107.5,515.0,281.0,12.1,135.5,67.8,16.8,50.5,10.2,15.65,14.6,,224.0,18.95,29.65,10.7,29.05,9.47,11.05,18.0,18.7,45.3,48.35,9.74,19.2,16.5,25.35,15.9,9.47,14.0,20.4,19.4,240.0,78.9,2470.0,36.1,154.5,57.6,90.8,133.5,30.1,98.7,90.8,14.75,35.9,267.0,17.85,42.4,26.35,67.7,46.3,60.6,,98.9,181.5,40.9,75.4,17.35,11.95,141.0,54.4,83.1,78.4,225.0,204.5,281.0,,,75.4,,,34.25,83.7,214.0,78.6,237.0,50.9,40.55,83.2,56.9
45.8,41.2,56.9,82.3,77.4,70.8,11.95,39.55,71.5,33.0,32.9,338.5,158.5,34.15,49.55,280.0,11.5,25.15,32.1,59.4,196.0,73.0,24.95,15.75,25.0,40.3,346.0,420.0,42.8,77.7,64.1,49.0,29.9,385.5,389.5,396.0,54.1,15.65,207.5,39.6,19.8,108.0,26.0,51.0,20.85,135.5,8.32,12.2,18.85,48.0,15.5,22.0,75.5,29.95,326.5,88.3,9.73,47.6,50.8,95.9,87.1,32.25,84.0,243.5,8.13,13.15,96.2,171.0,77.9,28.2,107.5,514.0,281.0,12.1,135.5,67.8,16.8,50.4,10.2,15.65,14.6,,224.5,18.95,29.65,10.7,29.05,9.47,11.05,18.0,18.7,45.3,48.4,9.73,19.2,16.55,25.35,15.95,9.48,13.95,20.45,19.4,239.5,78.9,2470.0,36.1,154.5,57.6,90.8,134.0,30.05,98.7,90.8,14.75,35.9,267.0,17.9,42.35,26.35,67.8,46.35,60.5,,98.9,181.5,40.9,75.4,17.35,11.95,141.0,54.4,83.1,78.4,225.0,204.5,281.5,,,75.3,,,34.25,83.7,214.0,78.6,237.0,50.9,40.55,83.2,56.9
45.8,41.2,56.9,82.3,77.4,70.8,11.9,39.55,71.4,33.0,32.9,338.5,158.5,34.15,49.55,280.0,11.5,25.1,32.1,59.4,196.0,73.0,24.95,15.75,25.0,40.3,346.0,420.0,42.8,77.7,64.1,49.0,29.9,385.5,389.5,396.5,54.0,15.7,207.0,39.6,19.8,108.0,26.0,51.0,20.85,135.5,8.32,12.2,18.85,48.0,15.5,22.0,75.5,29.9,326.5,88.0,9.73,47.65,50.8,95.9,87.0,32.25,84.0,243.5,8.13,13.15,96.1,171.0,77.9,28.2,108.0,514.0,281.5,12.1,135.5,67.8,16.85,50.5,10.2,15.65,14.6,,224.5,18.95,29.65,10.7,29.05,9.48,11.05,17.95,18.7,45.3,48.4,9.73,19.2,16.5,25.35,15.9,9.48,13.95,20.45,19.4,239.5,78.8,2470.0,36.1,154.5,57.6,90.8,134.0,30.1,98.6,90.8,14.8,35.9,266.5,17.85,42.4,26.35,67.7,46.3,60.6,,98.9,181.5,40.85,75.4,17.35,11.95,140.5,54.4,83.1,78.4,225.0,204.5,281.5,,,75.4,,,34.25,83.7,214.0,78.6,236.5,50.9,40.55,83.2,56.8
45.75,41.25,56.9,82.3,77.4,70.8,11.95,39.55,71.4,33.0,32.85,338.5,158.5,34.1,49.55,280.0,11.5,25.15,32.1,59.4,196.0,73.0,24.95,15.75,25.05,40.3,346.0,419.0,42.75,77.7,64.1,49.0,29.9,385.5,389.5,396.5,54.0,15.7,207.0,39.65,19.8,107.5,26.05,51.0,20.85,135.5,8.33,12.2,18.85,47.95,15.5,22.05,75.5,29.9,326.5,88.0,9.73,47.6,50.7,95.9,87.0,32.25,84.0,243.5,8.13,13.2,96.1,171.0,78.0,28.2,108.0,515.0,281.0,12.1,135.5,67.8,16.8,50.5,10.2,15.65,14.6,,224.5,18.95,29.6,10.65,29.05,9.48,11.0,18.0,18.75,45.3,48.35,9.73,19.2,16.55,25.35,15.9,9.48,14.0,20.45,19.4,239.5,78.8,2465.0,36.1,154.5,57.6,90.9,134.0,30.05,98.6,90.8,14.75,35.9,267.0,17.85,42.4,26.35,67.7,46.3,60.5,,98.9,181.5,40.85,75.4,17.3,11.95,140.5,54.4,83.0,78.4,225.0,204.5,281.5,,,75.3,,,34.25,83.7,214.0,78.6,236.5,50.9,40.55,83.2,56.8
45.8,41.25,56.9,82.3,77.4,70.7,11.95,39.55,71.4,33.0,32.8,338.5,158.5,34.15,49.6,279.5,11.45,25.15,32.1,59.4,196.0,73.0,25.0,15.75,25.05,40.3,345.5,419.0,42.75,77.7,64.1,49.0,29.95,385.5,389.5,396.5,54.0,15.7,207.0,39.6,19.8,108.0,26.05,50.9,20.85,135.0,8.33,12.25,18.85,47.95,15.5,22.0,75.5,29.95,326.5,88.1,9.73,47.6,50.7,95.9,87.0,32.25,84.0,243.5,8.13,13.15,96.1,171.0,78.0,28.15,108.0,515.0,281.5,12.1,135.5,67.9,16.8,50.5,10.2,15.65,14.6,,224.5,18.95,29.65,10.7,29.0,9.48,11.05,18.0,18.75,45.3,48.35,9.73,19.25,16.55,25.35,15.95,9.48,13.95,20.45,19.4,239.5,78.8,2470.0,36.1,154.5,57.6,90.9,134.0,30.05,98.5,90.8,14.75,35.9,266.5,17.9,42.35,26.35,67.8,46.3,60.5,,98.9,181.5,40.85,75.5,17.35,11.95,140.5,54.4,83.0,78.4,225.0,204.5,281.5,,,75.4,,,34.25,83.7,214.5,78.6,236.5,51.0,40.55,83.2,56.9
45.75,41.25,56.8,82.3,77.4,70.7,11.95,39.55,71.4,33.0,32.8,338.5,158.5,34.15,49.6,279.0,11.5,25.15,32.1,59.4,196.0,72.9,25.0,15.75,25.05,40.3,345.5,418.5,42.75,77.7,64.1,49.0,29.95,385.5,389.5,396.5,54.0,15.65,207.0,39.65,19.75,107.5,26.05,51.0,20.85,135.5,8.33,12.2,18.85,48.0,15.5,22.05,75.5,29.9,326.5,88.1,9.72,47.65,50.8,95.9,87.1,32.25,84.0,243.5,8.13,13.15,96.1,171.0,78.0,28.15,108.0,514.0,281.5,12.1,136.0,67.8,16.85,50.5,10.2,15.65,14.6,,224.5,18.95,29.65,10.7,29.0,9.48,11.05,18.0,18.75,45.3,48.35,9.73,19.25,16.5,25.3,15.9,9.47,14.0,20.4,19.4,239.5,78.8,2470.0,36.1,154.5,57.5,90.8,133.5,30.05,98.4,90.8,14.75,35.9,266.5,17.9,42.35,26.35,67.7,46.3,60.5,,98.9,181.5,40.85,75.5,17.3,11.95,140.5,54.4,83.0,78.4,224.5,204.5,282.0,,,75.3,,,34.2,83.8,214.0,78.6,236.5,51.0,40.55,83.2,56.9
45.75,41.25,56.9,82.3,77.4,70.7,11.95,39.55,71.4,33.0,32.8,338.5,158.5,34.15,49.6,278.5,11.5,25.2,32.1,59.3,195.5,72.9,24.95,15.75,25.0,40.3,345.5,418.5,42.75,77.8,64.2,49.0,29.9,385.5,389.5,396.5,54.0,15.65,207.5,39.6,19.75,107.5,26.0,50.9,20.85,135.5,8.33,12.2,18.85,48.0,15.5,22.05,75.5,29.95,326.0,88.1,9.72,47.65,50.8,95.9,87.0,32.2,84.0,243.5,8.13,13.15,96.1,171.0,77.9,28.15,108.0,515.0,281.0,12.1,135.5,67.8,16.85,50.5,10.25,15.65,14.6,,224.5,18.95,29.6,10.7,29.0,9.49,11.05,17.95,18.7,45.35,48.35,9.73,19.25,16.5,25.3,15.9,9.47,14.0,20.45,19.4,239.5,78.8,2465.0,36.1,154.0,57.6,90.9,134.0,30.05,98.4,90.8,14.8,35.9,266.5,17.9,42.35,26.35,67.7,46.25,60.4,,98.8,181.5,40.85,75.4,17.3,11.9,141.0,54.4,83.1,78.4,224.0,204.5,282.0,,,75.3,,,34.2,83.8,214.5,78.6,236.5,51.0,40.6,83.2,56.9
45.8,41.2,56.9,82.3,77.4,70.7,11.95,39.55,71.4,33.0,32.75,338.5,158.5,34.15,49.55,278.0,11.5,25.2,32.1,59.4,196.0,72.9,24.95,15.75,25.0,40.3,345.5,418.5,42.8,77.7,64.1,49.0,29.95,385.5,389.5,396.5,54.0,15.65,207.0,39.6,19.7,107.5,26.0,51.0,20.85,135.5,8.33,12.2,18.85,47.9,15.5,22.0,75.5,29.95,326.0,88.1,9.72,47.65,50.8,95.9,87.1,32.1,83.9,243.5,8.13,13.15,96.1,171.0,77.9,28.2,107.5,514.0,281.5,12.1,135.5,67.9,16.8,50.5,10.25,15.6,14.6,,224.5,18.95,29.65,10.65,29.0,9.49,11.05,17.95,18.7,45.35,48.3,9.74,19.25,16.55,25.35,15.9,9.47,14.0,20.45,19.4,239.5,78.8,2465.0,36.1,154.0,57.6,90.8,134.0,30.1,98.5,90.8,14.8,35.9,267.0,17.9,42.35,26.4,67.7,46.25,60.5,,98.8,181.5,40.85,75.4,17.3,11.95,140.5,54.4,83.2,78.5,224.0,204.5,282.5,,,75.3,,,34.2,83.9,214.5,78.6,236.5,51.0,40.55,83.2,56.9
45.75,41.25,56.8,82.3,77.4,70.8,11.95,39.55,71.4,33.0,32.75,338.5,158.5,34.15,49.55,278.0,11.5,25.2,32.1,59.3,196.0,72.9,24.95,15.75,25.05,40.3,345.5,418.5,42.8,77.7,64.1,49.0,29.95,385.5,389.5,396.5,54.0,15.65,207.5,39.6,19.7,107.5,26.05,51.0,20.85,135.0,8.32,12.2,18.85,47.95,15.5,22.0,75.5,29.95,326.0,88.2,9.72,47.6,50.8,95.9,87.0,32.0,84.0,243.5,8.13,13.15,96.1,171.0,77.9,28.2,107.5,515.0,281.5,12.1,136.0,67.8,16.8,50.4,10.25,15.6,14.6,,224.5,18.95,29.65,10.65,29.0,9.49,11.05,17.95,18.75,45.3,48.35,9.74,19.2,16.5,25.3,15.95,9.47,13.95,20.45,19.4,240.5,78.8,2465.0,36.1,154.5,57.6,90.8,134.0,30.1,98.5,90.8,14.8,35.9,267.0,17.9,42.3,26.35,67.7,46.25,60.4,,98.8,181.5,40.85,75.5,17.3,11.95,141.0,54.4,83.1,78.5,224.0,204.5,282.5,,,75.3,,,34.2,83.7,215.0,78.6,237.0,51.0,40.55,83.2,56.8
45.8,41.25,56.8,82.3,77.5,70.7,11.95,39.55,71.5,33.0,32.75,338.5,159.0,34.15,49.55,278.0,11.5,25.2,32.1,59.3,196.0,72.9,25.0,15.75,25.0,40.25,345.0,418.5,42.8,77.7,64.1,49.0,29.95,385.5,389.5,396.5,54.0,15.65,207.5,39.55,19.7,107.5,26.05,51.0,20.85,135.5,8.32,12.2,18.85,47.95,15.5,22.0,75.6,29.95,326.0,88.2,9.72,47.65,50.8,95.9,87.0,32.0,84.0,243.0,8.13,13.15,96.1,171.0,77.9,28.2,107.5,515.0,281.0,12.1,136.0,67.8,16.8,50.4,10.2,15.6,14.6,,224.5,18.95,29.65,10.7,29.0,9.5,11.05,17.95,18.7,45.3,48.35,9.74,19.2,16.5,25.35,15.95,9.47,13.95,20.45,19.35,240.5,78.8,2465.0,36.1,154.5,57.6,90.8,134.0,30.1,98.5,90.8,14.75,35.9,267.0,17.9,42.3,26.35,67.7,46.3,60.4,,98.8,181.5,40.85,75.5,17.35,11.95,140.5,54.4,83.1,78.5,224.0,204.5,282.5,,,75.3,,,34.2,83.7,214.5,78.6,236.5,51.0,40.6,83.2,56.9
45.8,41.25,56.9,82.2,77.4,70.7,11.95,39.55,71.4,33.05,32.75,338.5,159.0,34.15,49.55,278.0,11.45,25.15,32.1,59.3,196.0,72.9,25.0,15.75,25.05,40.25,345.0,418.5,42.8,77.6,64.1,49.0,29.95,385.5,389.5,396.5,54.1,15.65,207.5,39.55,19.7,107.5,26.0,51.0,20.85,135.5,8.32,12.2,18.85,48.0,15.5,22.0,75.6,29.95,326.0,88.2,9.72,47.65,50.8,95.9,87.0,32.0,84.0,243.0,8.13,13.15,96.1,171.0,77.9,28.2,107.5,515.0,281.5,12.1,136.0,67.9,16.85,50.4,10.25,15.6,14.6,,224.5,18.9,29.65,10.7,29.0,9.49,11.05,17.95,18.75,45.3,48.35,9.74,19.2,16.55,25.35,15.9,9.47,14.0,20.4,19.35,240.5,78.9,2465.0,36.1,154.5,57.5,90.9,133.5,30.1,98.5,90.8,14.75,35.9,266.5,17.85,42.35,26.35,67.7,46.3,60.3,,98.9,181.5,40.85,75.4,17.35,11.9,140.5,54.4,83.0,78.5,224.0,204.5,283.5,,,75.3,,,34.25,83.7,214.5,78.6,236.5,51.0,40.5,83.2,56.9
45.8,41.25,56.8,82.2,77.4,70.7,11.95,39.55,71.4,33.0,32.75,338.5,158.5,34.15,49.55,278.0,11.45,25.15,32.1,59.3,196.0,72.9,25.0,15.75,25.05,40.25,345.0,418.5,42.8,77.7,64.1,49.0,29.95,385.0,389.5,396.5,54.0,15.65,207.5,39.55,19.7,107.5,26.0,51.0,20.85,135.5,8.32,12.2,18.85,47.95,15.5,22.05,75.5,29.9,326.0,88.2,9.72,47.6,50.8,95.8,87.1,32.1,83.9,243.0,8.13,13.15,96.1,170.5,77.9,28.2,107.5,514.0,281.5,12.1,136.0,67.8,16.85,50.5,10.25,15.6,14.6,,224.5,18.9,29.65,10.7,29.05,9.49,11.05,17.95,18.7,45.35,48.3,9.74,19.2,16.5,25.3,15.9,9.47,14.0,20.4,19.35,240.0,78.9,2465.0,36.1,154.5,57.5,90.9,133.5,30.05,98.3,90.8,14.75,35.9,266.5,17.85,42.3,26.35,67.8,46.25,60.3,,98.8,182.0,40.8,75.3,17.35,11.9,140.5,54.4,83.0,78.4,224.0,204.5,283.5,,,75.3,,,34.25,83.7,214.5,78.6,236.5,51.0,40.5,83.2,56.9
45.8,41.2,56.9,82.2,77.5,70.7,11.95,39.55,71.4,33.0,32.75,338.5,158.5,34.15,49.6,278.0,11.5,25.15,32.1,59.4,196.0,72.9,25.0,15.75,25.05,40.25,345.5,418.0,42.8,77.7,64.1,49.0,29.9,384.5,389.5,396.5,54.1,15.7,207.5,39.55,19.75,107.5,26.0,51.1,20.85,135.0,8.33,12.25,18.85,47.95,15.5,22.0,75.4,29.95,326.0,88.3,9.72,47.55,50.8,95.9,87.1,32.1,84.0,243.0,8.13,13.2,96.0,170.5,77.9,28.15,107.5,515.0,281.5,12.1,136.0,67.8,16.85,50.5,10.25,15.6,14.6,,224.5,18.95,29.65,10.7,29.0,9.49,11.05,17.95,18.7,45.3,48.3,9.74,19.25,16.55,25.35,15.95,9.47,13.95,20.4,19.35,240.0,78.9,2465.0,36.1,154.0,57.5,90.9,133.5,30.1,98.5,90.8,14.75,35.9,267.0,17.85,42.3,26.35,67.8,46.3,60.3,,98.9,181.5,40.8,75.4,17.35,11.9,140.5,54.4,83.0,78.4,224.0,204.5,283.5,,,75.3,,,34.25,83.7,214.5,78.6,236.5,51.0,40.5,83.2,56.9
45.75,41.2,56.9,82.2,77.4,70.8,11.95,39.55,71.4,33.0,32.8,338.5,159.0,34.15,49.6,278.0,11.45,25.15,32.1,59.4,196.0,72.9,24.95,15.75,25.05,40.25,345.5,418.0,42.8,77.7,64.1,49.0,29.9,384.5,389.5,396.5,54.1,15.65,207.5,39.55,19.75,107.5,26.0,51.0,20.85,135.5,8.32,12.25,18.85,47.9,15.5,22.0,75.4,29.9,326.0,88.3,9.71,47.6,50.8,95.7,87.0,32.1,84.0,243.0,8.13,13.2,96.0,170.5,77.9,28.15,107.5,515.0,282.0,12.1,136.0,67.8,16.85,50.5,10.2,15.6,14.6,,224.5,18.95,29.7,10.7,29.0,9.49,11.05,17.95,18.7,45.3,48.35,9.74,19.25,16.55,25.35,15.9,9.47,13.95,20.45,19.4,240.0,78.9,2465.0,36.1,154.0,57.5,90.8,134.0,30.1,98.5,90.8,14.75,35.9,266.5,17.85,42.35,26.35,67.7,46.3,60.3,,98.8,181.5,40.8,75.4,17.3,11.95,140.5,54.4,83.0,78.5,224.0,204.5,283.0,,,75.3,,,34.3,83.7,214.5,78.6,236.5,51.0,40.5,83.2,56.9
45.8,41.25,56.8,82.2,77.5,70.7,11.95,39.55,71.4,33.0,32.8,338.5,159.0,34.15,49.6,278.0,11.45,25.15,32.1,59.4,196.0,72.9,24.95,15.75,25.05,40.25,345.0,418.0,42.85,77.7,64.1,49.0,29.9,384.5,389.5,396.5,54.1,15.65,207.0,39.55,19.7,107.5,26.0,51.0,20.85,135.0,8.32,12.25,18.9,47.9,15.5,22.0,75.5,29.95,326.0,88.3,9.71,47.6,50.8,95.8,87.1,32.1,84.0,243.5,8.13,13.2,96.0,170.5,77.9,28.15,107.5,515.0,282.0,12.1,135.5,67.9,16.85,50.5,10.2,15.6,14.6,,224.5,18.95,29.7,10.7,29.0,9.5,11.0,17.95,18.7,45.35,48.3,9.74,19.2,16.55,25.35,15.95,9.47,14.0,20.45,19.4,239.5,78.9,2465.0,36.05,154.5,57.5,90.8,133.5,30.05,98.5,90.8,14.75,35.9,267.0,17.9,42.35,26.35,67.7,46.35,60.3,,98.6,181.5,40.8,75.4,17.3,11.95,140.5,54.3,83.0,78.5,224.0,204.5,283.5,,,75.2,,,34.25,83.8,214.5,78.6,236.5,51.0,40.5,83.2,56.9
45.75,41.25,56.8,82.2,77.4,70.7,11.95,39.55,71.4,33.0,32.8,338.5,159.0,34.1,49.6,279.0,11.5,25.15,32.1,59.3,196.0,72.9,24.95,15.75,25.05,40.25,345.5,418.5,42.85,77.8,64.1,49.0,29.9,384.5,389.5,396.5,54.0,15.65,207.5,39.55,19.75,108.0,26.0,51.1,20.85,135.5,8.33,12.2,18.9,47.95,15.5,22.0,75.3,29.9,326.0,88.3,9.71,47.6,50.8,95.8,87.1,32.15,84.0,243.5,8.13,13.2,96.1,170.5,78.0,28.2,107.5,515.0,282.0,12.1,135.0,67.8,16.85,50.5,10.2,15.6,14.55,,224.5,18.95,29.75,10.65,29.0,9.5,11.05,17.95,18.7,45.35,48.35,9.74,19.25,16.5,25.35,15.95,9.47,14.0,20.4,19.4,239.5,78.9,2465.0,36.05,154.0,57.5,90.9,134.0,30.05,98.3,90.6,14.75,35.9,266.5,17.9,42.35,26.35,67.7,46.3,60.3,,98.6,182.0,40.8,75.4,17.35,11.95,140.5,54.3,83.0,78.5,224.0,204.5,283.5,,,75.2,,,34.25,83.8,215.0,78.6,236.5,51.0,40.5,83.2,56.9
45.8,41.25,56.8,82.2,77.5,70.8,11.9,39.5,71.5,33.0,32.85,338.5,159.0,34.15,49.6,279.0,11.5,25.15,32.1,59.4,196.0,72.9,25.0,15.75,25.05,40.25,345.5,418.0,42.8,77.8,64.1,49.0,29.9,384.5,389.5,396.5,54.0,15.6,207.0,39.55,19.75,108.0,26.05,51.1,20.9,135.0,8.33,12.2,18.85,47.95,15.5,22.0,75.5,29.95,326.0,88.2,9.71,47.6,50.8,95.8,87.1,32.15,84.0,243.5,8.13,13.15,96.0,170.5,77.9,28.2,107.5,516.0,281.5,12.1,135.0,67.8,16.85,50.5,10.2,15.6,14.55,,224.5,18.95,29.75,10.7,29.05,9.49,11.05,17.95,18.75,45.3,48.3,9.73,19.2,16.55,25.35,15.95,9.46,14.0,20.4,19.4,239.5,78.8,2465.0,36.05,154.0,57.5,90.9,134.0,30.1,98.3,90.9,14.75,35.9,266.5,17.9,42.35,26.35,67.8,46.3,60.3,,98.8,182.0,40.8,75.4,17.35,11.95,140.5,54.3,83.1,78.6,224.0,204.5,283.5,,,75.3,,,34.25,83.8,214.5,78.6,236.5,51.0,40.5,83.2,57.0
45.75,41.2,56.8,82.2,77.5,70.7,11.9,39.5,71.4,33.0,32.9,338.5,158.5,34.15,49.6,279.0,11.45,25.15,32.1,59.4,196.0,72.9,25.0,15.75,25.05,40.25,345.5,418.0,42.85,77.8,64.1,49.0,29.9,384.5,389.5,396.5,54.0,15.6,207.5,39.55,19.75,108.0,26.05,51.0,20.85,135.0,8.32,12.2,18.85,47.9,15.5,22.0,75.5,29.9,326.0,88.2,9.71,47.6,50.8,95.8,87.1,32.1,84.0,244.0,8.13,13.15,96.0,170.5,77.9,28.15,108.0,515.0,281.5,12.1,135.5,67.8,16.85,50.5,10.2,15.6,14.55,,224.5,18.95,29.7,10.65,29.05,9.49,11.0,18.0,18.75,45.3,48.3,9.74,19.2,16.55,25.35,15.9,9.47,13.95,20.45,19.4,239.5,78.9,2465.0,36.05,154.0,57.5,90.9,133.5,30.05,98.3,90.9,14.75,35.9,266.5,17.9,42.35,26.35,67.8,46.2,60.3,,98.8,182.0,40.8,75.3,17.35,11.9,140.5,54.4,83.0,78.5,224.0,204.5,283.5,,,75.3,,,34.25,83.7,214.5,78.6,236.5,51.0,40.55,83.2,56.9
45.8,41.2,56.9,82.2,77.4,70.8,11.95,39.5,71.4,33.0,32.9,338.5,158.5,34.15,49.6,279.0,11.55,25.2,32.1,59.4,196.0,72.9,25.0,15.75,25.1,40.25,345.0,417.5,42.85,77.8,64.1,49.0,29.9,384.5,389.5,396.5,53.9,15.65,207.0,39.55,19.75,107.5,26.0,51.0,20.9,135.5,8.32,12.25,18.85,48.0,15.5,22.0,75.5,29.95,326.0,88.2,9.71,47.6,50.8,95.8,87.0,32.1,84.0,244.0,8.13,13.2,96.0,170.5,77.9,28.2,108.0,515.0,281.5,12.1,135.5,67.8,16.85,50.5,10.2,15.6,14.55,,224.5,18.95,29.7,10.7,29.05,9.49,11.0,18.0,18.7,45.3,48.25,9.73,19.2,16.55,25.35,15.95,9.47,13.95,20.45,19.4,239.5,78.9,2465.0,36.05,154.0,57.5,90.9,133.5,30.05,98.3,90.9,14.8,35.9,266.0,17.9,42.3,26.35,67.8,46.2,60.3,,98.9,182.0,40.8,75.3,17.3,11.95,140.5,54.4,83.0,78.5,224.0,204.5,283.5,,,75.3,,,34.3,83.8,214.5,78.6,236.5,50.9,40.55,83.2,57.0
45.75,41.2,56.9,82.2,77.4,70.7,11.95,39.5,71.4,33.0,32.9,338.5,158.5,34.15,49.55,279.0,11.5,25.2,32.1,59.3,196.0,72.9,25.0,15.75,25.1,40.25,345.5,417.5,42.85,77.8,64.1,49.0,29.9,384.5,389.5,396.5,53.9,15.65,207.0,39.55,19.7,108.0,26.0,51.1,20.85,135.5,8.32,12.25,18.85,48.0,15.5,22.0,75.5,29.9,325.5,88.1,9.71,47.6,50.9,95.7,87.1,32.15,84.0,244.0,8.13,13.15,96.1,170.5,77.8,28.2,107.5,515.0,282.0,12.15,135.5,67.8,16.85,50.5,10.2,15.6,14.6,,224.5,18.95,29.7,10.7,29.0,9.49,11.0,17.95,18.75,45.3,48.25,9.73,19.2,16.5,25.35,15.9,9.47,14.0,20.45,19.35,239.5,78.9,2465.0,36.05,154.0,57.5,90.9,133.0,30.1,98.2,90.9,14.8,35.9,266.0,17.9,42.3,26.35,67.7,46.15,60.4,,98.8,182.0,40.8,75.3,17.35,11.95,141.0,54.3,83.0,78.6,224.0,204.5,283.5,,,75.2,,,34.25,83.8,214.5,78.6,236.5,50.9,40.55,83.2,56.9
45.8,41.25,56.9,82.2,77.4,70.7,11.95,39.55,71.4,33.0,32.9,338.5,158.5,34.15,49.55,279.0,11.55,25.2,32.1,59.3,196.0,72.9,24.95,15.75,25.1,40.25,345.5,418.0,42.85,77.7,64.1,49.0,29.9,384.5,389.5,396.5,54.0,15.65,207.5,39.5,19.75,107.5,26.05,51.1,20.85,135.0,8.32,12.25,18.85,48.0,15.5,22.05,75.5,29.9,325.5,88.0,9.71,47.6,50.9,95.8,87.0,32.1,84.0,243.5,8.13,13.15,96.1,170.5,77.8,28.2,108.0,515.0,282.0,12.1,135.5,67.8,16.85,50.5,10.2,15.6,14.6,,224.5,18.95,29.7,10.65,29.0,9.49,11.0,17.95,18.75,45.35,48.3,9.73,19.2,16.55,25.3,15.95,9.46,13.95,20.45,19.4,239.5,78.9,2465.0,36.05,154.5,57.5,90.9,133.0,30.1,98.3,90.9,14.8,35.9,266.0,17.9,42.3,26.35,67.7,46.2,60.3,,98.9,181.5,40.8,75.3,17.3,11.95,141.0,54.3,83.1,78.5,224.0,204.5,284.0,,,75.3,,,34.3,83.7,214.5,78.6,236.5,51.0,40.55,83.2,57.0
45.8,41.25,56.8,82.2,77.5,70.8,11.95,39.55,71.4,33.0,32.9,338.5,158.5,34.15,49.6,279.0,11.55,25.2,32.1,59.4,196.0,72.9,25.0,15.75,25.05,40.25,345.5,417.5,42.8,77.7,64.3,49.05,29.9,384.5,389.5,396.5,53.9,15.65,207.5,39.5,19.75,108.0,26.0,51.1,20.85,135.5,8.32,12.2,18.85,47.95,15.5,22.0,75.4,29.9,325.5,88.0,9.72,47.6,50.8,95.8,87.0,32.1,84.0,243.5,8.13,13.2,96.1,170.5,77.8,28.2,107.5,515.0,282.0,12.1,135.5,67.8,16.85,50.5,10.25,15.6,14.6,,224.5,18.9,29.7,10.65,29.05,9.49,11.0,18.0,18.7,45.35,48.3,9.73,19.25,16.5,25.35,15.95,9.47,13.95,20.4,19.35,239.5,78.9,2470.0,36.05,154.0,57.5,90.9,133.5,30.1,98.3,90.9,14.8,35.9,266.5,17.85,42.3,26.35,67.8,46.2,60.3,,98.9,181.5,40.8,75.4,17.35,11.95,140.5,54.4,83.0,78.5,224.0,204.5,283.5,,,75.2,,,34.3,83.7,214.5,78.6,236.5,51.1,40.5,83.2,57.0
45.8,41.25,56.9,82.2,77.5,70.7,11.95,39.5,71.4,33.0,32.9,338.5,158.5,34.15,49.6,279.0,11.5,25.2,32.1,59.4,196.0,72.9,25.0,15.75,25.1,40.25,345.5,417.5,42.8,77.7,64.3,48.95,29.9,384.5,388.5,396.5,54.0,15.6,207.5,39.5,19.7,107.5,26.05,51.1,20.85,135.5,8.33,12.2,18.85,47.95,15.5,22.0,75.4,29.95,326.0,87.9,9.72,47.6,50.8,95.8,87.0,32.05,84.0,244.5,8.13,13.15,96.1,170.5,77.8,28.2,107.5,515.0,281.5,12.1,135.0,67.8,16.85,50.5,10.25,15.6,14.6,,224.5,18.95,29.65,10.7,29.0,9.5,11.05,18.0,18.75,45.4,48.25,9.73,19.2,16.55,25.3,15.95,9.47,13.95,20.4,19.35,240.0,78.9,2470.0,36.05,154.0,57.6,90.8,133.5,30.1,98.2,90.9,14.75,35.9,266.5,17.9,42.3,26.35,67.7,46.2,60.3,,98.9,181.5,40.8,75.3,17.35,11.95,140.5,54.4,83.0,78.5,224.0,204.5,283.5,,,75.3,,,34.25,83.7,214.5,78.6,236.5,51.1,40.5,83.2,57.0
45.75,41.25,56.9,82.2,77.4,70.8,11.9,39.55,71.5,33.0,32.9,338.5,158.5,34.15,49.6,279.0,11.5,25.2,32.1,59.4,196.0,73.0,24.95,15.75,25.05,40.25,345.5,417.5,42.85,77.7,64.3,49.0,29.95,384.5,388.5,396.0,53.9,15.65,207.0,39.6,19.75,108.0,26.05,51.1,20.85,135.5,8.32,12.25,18.85,47.9,15.5,22.0,75.4,29.95,326.0,87.9,9.72,47.65,50.9,95.7,87.1,32.0,84.0,244.5,8.13,13.15,96.1,170.5,77.8,28.2,107.5,516.0,282.0,12.1,135.5,67.8,16.85,50.4,10.2,15.6,14.6,,224.5,18.95,29.65,10.7,29.0,9.5,11.05,18.0,18.7,45.4,48.25,9.74,19.2,16.55,25.35,15.95,9.47,14.0,20.45,19.35,240.0,78.9,2465.0,36.05,154.0,57.5,90.8,133.5,30.1,98.2,90.9,14.8,35.9,266.5,17.85,42.3,26.35,67.8,46.3,60.4,,98.9,182.0,40.85,75.3,17.35,11.95,140.5,54.4,83.1,78.5,224.0,204.5,283.5,,,75.3,,,34.25,83.7,214.5,78.6,236.5,51.1,40.5,83.2,57.0
45.75,41.25,56.8,82.2,77.4,70.7,11.9,39.6,71.4,32.95,32.9,338.5,158.5,34.15,49.55,278.5,11.5,25.15,32.1,59.4,196.0,73.0,24.95,15.75,25.05,40.25,345.5,418.0,42.85,77.8,64.2,49.0,29.95,384.5,388.5,396.0,53.9,15.65,207.5,39.55,19.7,108.0,26.05,51.1,20.85,135.5,8.33,12.25,18.85,47.9,15.5,22.0,75.4,29.9,326.0,87.8,9.71,47.6,50.9,95.7,87.0,32.1,84.0,244.5,8.13,13.2,96.1,170.5,77.8,28.2,107.5,515.0,282.0,12.1,135.5,67.8,16.85,50.5,10.2,15.6,14.6,,224.5,18.95,29.7,10.65,29.05,9.5,11.05,18.0,18.75,45.35,48.3,9.74,19.2,16.55,25.3,15.95,9.47,13.95,20.4,19.4,240.0,78.9,2465.0,36.1,154.0,57.5,90.8,133.5,30.1,98.2,90.8,14.75,35.85,266.5,17.85,42.3,26.35,67.7,46.2,60.2,,98.9,182.0,40.85,75.3,17.35,11.95,140.5,54.4,83.1,78.6,224.0,204.5,283.5,,,75.3,,,34.3,83.7,214.5,78.6,236.5,51.1,40.5,83.2,56.9
45.75,41.25,56.8,82.2,77.4,70.8,11.9,39.6,71.4,32.95,32.9,338.5,158.5,34.15,49.55,278.0,11.5,25.2,32.1,59.4,196.0,73.0,24.95,15.75,25.05,40.3,345.5,417.5,42.85,77.8,64.1,49.0,29.95,384.5,388.5,396.0,53.9,15.6,207.0,39.6,19.75,108.0,26.1,51.1,20.85,135.5,8.32,12.2,18.85,47.9,15.5,22.0,75.4,29.95,326.0,87.8,9.72,47.65,50.8,95.7,87.0,32.1,84.0,244.0,8.2,13.1,96.0,170.5,77.8,28.2,108.0,515.0,282.0,12.1,135.5,67.8,16.85,50.5,10.25,15.6,14.6,,225.0,18.95,29.7,10.7,29.0,9.5,11.05,18.0,18.7,45.35,48.35,9.74,19.25,16.5,25.35,15.9,9.47,13.95,20.45,19.35,240.0,78.8,2465.0,36.15,154.0,57.5,90.9,133.5,30.1,98.2,90.8,14.75,35.85,266.5,17.9,42.25,26.4,67.7,46.25,60.1,,98.8,181.5,40.85,75.3,17.3,11.95,140.5,54.4,83.1,78.6,224.0,204.5,283.0,,,75.3,,,34.25,83.7,214.5,78.6,236.5,51.1,40.65,83.2,56.9
45.8,41.25,56.8,82.2,77.5,70.7,11.9,39.6,71.5,33.0,32.9,338.5,159.0,34.2,49.6,278.0,11.5,25.2,32.1,59.4,196.0,73.0,24.95,15.7,25.05,40.25,345.5,417.5,42.85,77.8,64.1,48.95,29.95,384.5,388.5,396.0,53.9,15.65,207.0,39.55,19.75,107.5,26.1,51.0,20.85,135.0,8.33,12.2,18.85,47.95,15.5,22.0,75.4,29.95,326.0,87.9,9.72,47.65,50.8,95.7,87.1,32.1,83.9,244.5,8.2,13.15,96.0,170.5,77.7,28.15,107.5,515.0,281.5,12.1,135.5,67.8,16.85,50.5,10.25,15.6,14.6,,225.0,18.95,29.7,10.7,29.05,9.5,11.0,18.0,18.7,45.45,48.3,9.74,19.2,16.5,25.35,15.9,9.46,13.95,20.45,19.4,240.0,78.8,2465.0,36.15,154.0,57.5,90.8,133.0,30.1,98.2,90.8,14.75,35.85,266.5,17.85,42.3,26.35,67.7,46.2,60.1,,98.9,181.5,40.85,75.3,17.3,11.95,140.5,54.4,83.1,78.6,224.0,204.5,283.5,,,75.3,,,34.25,83.7,214.5,78.6,236.5,51.1,40.65,83.2,56.9
45.75,41.25,56.9,82.2,77.4,70.8,11.9,39.6,71.4,33.0,32.9,338.5,158.5,34.2,49.6,278.5,11.45,25.2,32.15,59.4,196.5,73.0,25.0,15.7,25.1,40.25,345.5,418.0,42.85,77.8,64.1,49.0,29.95,384.5,388.5,396.0,54.0,15.65,207.0,39.6,19.75,108.0,26.15,51.0,20.85,135.5,8.32,12.2,18.85,47.95,15.5,22.0,75.4,29.95,326.0,87.9,9.72,47.65,50.8,95.8,87.0,32.0,83.9,244.5,8.2,13.15,96.1,171.0,77.8,28.2,107.5,516.0,282.0,12.1,135.5,67.8,16.85,50.5,10.25,15.65,14.6,,225.0,18.95,29.7,10.7,29.0,9.5,11.05,18.0,18.75,45.45,48.4,9.75,19.2,16.55,25.35,15.9,9.46,14.0,20.45,19.35,240.0,78.8,2465.0,36.1,154.5,57.5,90.9,133.0,30.1,98.2,90.8,14.8,35.85,266.5,17.9,42.3,26.35,67.7,46.3,60.1,,98.9,182.0,40.85,75.3,17.35,11.95,140.5,54.4,83.1,78.6,224.0,204.5,283.5,,,75.3,,,34.25,83.7,214.5,78.6,236.5,51.1,40.7,83.2,56.9
45.75,41.25,56.9,82.2,77.5,70.8,11.9,39.55,71.5,33.0,32.9,338.5,158.5,34.2,49.6,278.5,11.45,25.15,32.15,59.4,196.5,73.0,25.0,15.7,25.1,40.3,345.5,418.0,42.85,77.8,64.1,49.0,29.95,384.5,388.5,396.0,53.9,15.65,207.5,39.55,19.7,107.5,26.1,51.0,20.85,135.0,8.33,12.25,18.85,47.95,15.5,22.05,75.4,29.95,326.0,87.9,9.72,47.6,50.8,95.7,87.1,32.1,84.0,244.5,8.2,13.15,96.1,171.0,77.8,28.2,107.5,516.0,281.5,12.1,135.5,67.8,16.85,50.5,10.25,15.65,14.6,,225.0,18.95,29.7,10.7,29.05,9.5,11.05,18.0,18.7,45.5,48.35,9.75,19.2,16.5,25.35,15.9,9.47,14.0,20.5,19.4,240.0,78.8,2465.0,36.1,154.0,57.5,90.9,133.5,30.1,98.2,90.8,14.75,35.8,266.5,17.9,42.3,26.35,67.7,46.25,60.0,,99.0,182.0,40.85,75.4,17.35,11.95,140.5,54.4,83.1,78.6,224.0,204.5,283.5,,,75.3,,,34.3,83.7,214.5,78.6,236.5,51.1,40.7,83.2,56.9
45.75,41.25,56.9,82.3,77.4,70.8,11.9,39.55,71.4,33.0,32.9,338.5,159.0,34.2,49.6,279.0,11.45,25.15,32.15,59.3,196.5,73.0,25.0,15.7,25.1,40.3,345.5,418.0,42.85,77.8,64.1,49.0,29.95,384.5,388.5,396.0,53.9,15.7,207.5,39.6,19.75,108.0,26.1,51.0,20.85,135.5,8.32,12.2,18.9,47.95,15.5,22.0,75.4,29.95,326.0,87.9,9.72,47.65,50.8,95.7,87.1,32.15,84.0,244.5,8.2,13.15,96.0,171.0,77.7,28.2,108.0,515.0,281.5,12.05,135.0,67.8,16.85,50.4,10.2,15.65,14.6,,225.0,18.95,29.7,10.65,29.05,9.5,11.05,18.0,18.75,45.5,48.4,9.75,19.25,16.5,25.35,15.95,9.47,14.0,20.5,19.4,240.0,78.9,2465.0,36.1,154.5,57.5,90.8,133.5,30.1,98.2,90.8,14.75,35.8,266.5,17.9,42.25,26.35,67.7,46.25,60.0,,99.0,181.5,40.85,75.4,17.35,11.95,140.5,54.4,83.1,78.7,224.0,204.5,283.5,,,75.3,,,34.3,83.7,214.5,78.6,236.5,51.1,40.7,83.2,56.9
45.75,41.25,56.9,82.3,77.4,70.8,11.95,39.6,71.4,33.0,32.9,338.5,159.0,34.2,49.6,279.0,11.45,25.15,32.15,59.4,196.5,73.0,24.95,15.75,25.1,40.3,345.5,418.0,42.85,77.7,64.1,49.0,29.95,384.5,389.0,396.0,53.9,15.65,207.0,39.6,19.75,108.0,26.1,51.1,20.85,135.0,8.32,12.2,18.85,47.95,15.5,22.0,75.4,29.95,326.0,87.9,9.72,47.6,50.8,95.8,87.1,32.1,84.0,244.5,8.2,13.2,96.1,171.0,77.8,28.2,108.0,515.0,281.5,12.05,135.5,67.8,16.85,50.5,10.25,15.65,14.6,,225.0,18.95,29.7,10.65,29.05,9.49,11.05,18.0,18.7,45.5,48.4,9.75,19.2,16.5,25.3,15.9,9.46,13.95,20.5,19.35,240.0,78.9,2460.0,36.1,154.0,57.5,90.8,133.5,30.1,98.3,90.8,14.75,35.8,266.5,17.85,42.3,26.35,67.7,46.3,60.1,,99.0,181.5,40.85,75.4,17.35,11.95,140.5,54.4,83.1,78.7,224.0,204.5,283.5,,,75.3,,,34.2,83.7,214.5,78.6,236.5,51.1,40.7,83.2,56.9
45.75,41.2,56.8,82.3,77.4,70.8,11.9,39.55,71.5,33.0,32.9,338.5,159.0,34.2,49.6,279.0,11.5,25.15,32.15,59.4,196.0,73.0,25.0,15.75,25.1,40.25,345.5,418.0,42.85,77.8,64.2,48.95,29.95,384.5,390.0,396.0,53.9,15.65,207.0,39.55,19.7,107.5,26.1,51.0,20.85,135.5,8.33,12.2,18.85,47.95,15.5,22.05,75.4,29.95,326.0,87.9,9.72,47.65,50.8,95.8,87.1,32.15,84.0,244.5,8.2,13.15,96.0,170.5,77.8,28.15,108.0,515.0,281.5,12.05,135.0,67.8,16.85,50.5,10.2,15.65,14.6,,225.0,18.9,29.7,10.7,29.05,9.49,11.05,18.0,18.7,45.55,48.45,9.75,19.25,16.5,25.35,15.9,9.46,14.0,20.5,19.35,240.0,78.8,2460.0,36.1,154.0,57.5,90.9,133.5,30.1,98.3,90.8,14.75,35.9,266.5,17.9,42.3,26.35,67.8,46.3,60.1,,98.9,182.0,40.85,75.3,17.35,11.95,140.5,54.4,83.1,78.8,224.0,204.5,283.5,,,75.3,,,34.2,83.7,214.5,78.8,236.5,51.1,40.7,83.2,56.9
45.8,41.25,56.9,82.3,77.4,70.8,11.9,39.6,71.5,32.95,32.9,338.5,159.0,34.15,49.6,279.0,11.45,25.15,32.15,59.4,196.0,73.0,25.0,15.75,25.1,40.25,345.5,418.0,42.85,77.8,64.3,49.0,29.95,384.5,390.0,396.0,53.9,15.65,207.0,39.6,19.75,108.0,26.1,51.1,20.9,135.5,8.32,12.25,18.85,48.0,15.5,22.0,75.4,29.95,325.5,88.0,9.72,47.65,50.9,95.8,87.0,32.15,83.9,244.5,8.2,13.1,96.1,170.5,77.8,28.15,108.0,515.0,281.5,12.1,135.5,67.8,16.85,50.5,10.2,15.65,14.6,,225.0,18.95,29.7,10.7,29.05,9.5,11.05,18.0,18.75,45.55,48.4,9.74,19.25,16.5,25.35,15.95,9.46,14.0,20.5,19.35,240.0,78.8,2460.0,36.1,154.0,57.5,90.8,133.0,30.15,98.3,90.8,14.75,35.9,266.0,17.9,42.3,26.35,67.8,46.3,60.3,,99.0,181.5,40.85,75.4,17.35,11.95,140.5,54.4,83.1,78.9,224.0,204.5,284.0,,,75.4,,,34.25,83.7,214.5,78.8,236.5,51.1,40.7,83.2,56.9
45.75,41.25,56.9,82.3,77.5,70.7,11.9,39.6,71.4,33.0,32.9,338.5,159.0,34.15,49.6,279.0,11.5,25.15,32.15,59.3,196.5,72.9,25.0,15.75,25.05,40.25,345.0,418.0,42.85,77.7,64.3,49.0,29.95,384.5,390.0,396.0,53.9,15.65,207.5,39.6,19.7,108.0,26.1,51.1,20.85,135.0,8.33,12.2,18.85,47.95,15.5,22.0,75.5,29.95,325.5,88.0,9.72,47.65,50.9,95.8,87.1,32.15,83.9,244.0,8.2,13.15,96.0,170.5,77.8,28.15,107.5,515.0,282.0,12.05,135.5,67.8,16.85,50.5,10.2,15.65,14.55,,225.0,18.9,29.7,10.7,29.05,9.5,11.05,18.0,18.75,45.55,48.35,9.74,19.3,16.55,25.35,15.9,9.47,14.0,20.5,19.35,240.0,78.7,2455.0,36.1,154.0,57.5,90.8,133.0,30.15,98.2,90.9,14.8,35.9,266.0,17.85,42.3,26.35,67.7,46.35,60.2,,99.0,181.5,40.85,75.3,17.35,11.95,140.5,54.4,83.1,78.8,224.0,204.5,284.0,,,75.3,,,34.25,83.7,214.5,78.8,236.5,51.1,40.65,83.2,56.9
45.8,41.25,56.9,82.3,77.4,70.8,11.9,39.6,71.4,33.0,32.9,338.5,159.0,34.2,49.6,279.0,11.5,25.15,32.15,59.3,196.5,72.9,25.0,15.75,25.1,40.25,345.0,418.0,42.85,77.7,64.3,49.0,29.95,384.5,390.0,396.0,53.9,15.65,207.5,39.55,19.75,107.5,26.15,51.1,20.85,135.0,8.33,12.2,18.85,47.95,15.5,22.0,75.5,29.9,325.5,88.0,9.71,47.65,50.9,95.8,87.1,32.1,83.9,244.0,8.2,13.15,96.0,170.5,77.8,28.15,108.0,515.0,282.0,12.05,135.0,67.8,16.85,50.4,10.25,15.65,14.6,,225.0,18.95,29.75,10.65,29.05,9.49,11.05,18.0,18.75,45.6,48.35,9.74,19.25,16.55,25.3,15.95,9.46,13.95,20.5,19.4,240.0,78.8,2455.0,36.05,154.5,57.4,90.8,133.0,30.15,98.3,90.9,14.75,35.9,266.5,17.9,42.3,26.35,67.7,46.35,60.3,,99.0,181.5,40.85,75.3,17.35,11.95,140.5,54.4,83.1,78.9,224.0,204.5,284.0,,,75.3,,,34.3,83.7,214.0,78.8,236.5,51.2,40.65,83.2,56.9
45.75,41.25,56.8,82.3,77.5,70.8,11.9,39.6,71.4,33.0,32.9,338.5,159.5,34.2,49.6,279.5,11.5,25.15,32.15,59.4,196.5,72.9,25.0,15.75,25.05,40.3,345.5,418.0,42.85,77.8,64.2,49.0,29.95,385.0,390.0,396.0,53.9,15.7,207.0,39.55,19.75,108.0,26.1,51.0,20.85,135.0,8.33,12.2,18.85,47.95,15.5,22.0,75.5,29.95,326.0,88.0,9.71,47.65,50.8,95.8,87.1,32.0,83.9,244.5,8.2,13.15,96.1,170.0,77.8,28.15,108.0,514.0,282.0,12.05,135.0,67.8,16.85,50.4,10.25,15.65,14.6,,225.0,18.95,29.7,10.7,29.05,9.5,11.05,18.0,18.7,45.55,48.35,9.74,19.25,16.55,25.35,15.9,9.46,14.0,20.5,19.35,240.0,78.8,2455.0,36.05,154.0,57.4,90.8,133.0,30.15,98.3,90.8,14.75,35.9,266.5,17.85,42.25,26.35,67.7,46.35,60.3,,98.9,182.0,40.85,75.3,17.35,12.0,140.5,54.3,83.2,79.0,224.0,204.5,284.0,,,75.3,,,34.3,83.7,214.0,78.6,236.5,51.2,40.6,83.2,56.9
45.75,41.25,56.9,82.3,77.4,70.8,11.9,39.6,71.4,33.05,32.9,338.5,159.5,34.2,49.6,280.5,11.45,25.15,32.15,59.4,196.5,72.8,25.0,15.75,25.05,40.25,345.5,419.5,42.85,77.7,64.2,49.0,29.95,385.0,390.0,396.0,53.9,15.65,207.0,39.55,19.75,107.5,26.1,51.1,20.85,135.0,8.33,12.25,18.85,47.95,15.5,22.0,75.5,29.9,325.5,88.0,9.71,47.6,50.8,95.8,87.0,32.0,84.0,243.5,8.2,13.15,96.0,170.0,77.8,28.15,108.0,514.0,282.0,12.05,135.5,67.8,16.85,50.4,10.25,15.65,14.6,,225.0,18.95,29.75,10.65,29.05,9.49,11.05,18.0,18.75,45.6,48.4,9.74,19.25,16.5,25.35,15.9,9.46,14.0,20.45,19.4,240.0,78.8,2460.0,36.05,154.0,57.4,90.8,133.0,30.2,98.3,90.8,14.75,35.9,266.5,17.9,42.3,26.35,67.8,46.3,60.3,,99.0,182.0,40.85,75.3,17.3,11.95,140.5,54.3,83.1,79.1,224.0,204.5,284.0,,,75.4,,,34.25,83.7,214.0,78.6,236.5,51.2,40.6,83.2,56.9
45.75,41.25,56.8,82.3,77.4,70.8,11.9,39.6,71.4,33.05,32.9,338.5,158.5,34.15,49.6,280.5,11.5,25.2,32.15,59.4,196.5,72.8,24.95,15.75,25.05,40.25,345.5,417.5,42.85,77.8,64.2,49.0,29.95,385.0,390.0,396.0,54.0,15.65,207.0,39.55,19.75,108.0,26.1,51.1,20.9,135.5,8.33,12.2,18.85,47.95,15.5,22.0,75.5,29.95,325.5,88.2,9.71,47.65,50.8,95.8,87.1,32.0,84.0,243.0,8.2,13.1,96.1,170.0,77.9,28.15,108.0,515.0,281.5,12.05,135.5,67.8,16.85,50.4,10.25,15.6,14.55,,225.0,18.95,29.7,10.7,29.05,9.5,11.05,18.0,18.7,45.65,48.35,9.74,19.25,16.5,25.35,15.9,9.46,13.95,20.5,19.4,240.0,78.8,2460.0,36.05,154.0,57.4,90.8,133.0,30.2,98.3,90.8,14.75,35.9,267.0,17.9,42.3,26.4,67.7,46.35,60.2,,99.0,182.0,40.85,75.4,17.35,11.95,140.5,54.3,83.2,79.1,224.0,204.5,283.5,,,75.3,,,34.25,83.7,214.0,78.6,237.0,51.2,40.6,83.2,56.9
45.8,41.25,56.9,82.3,77.4,70.7,11.95,39.6,71.4,33.05,32.9,338.5,158.5,34.2,49.6,281.0,11.5,25.2,32.15,59.4,196.5,72.9,24.95,15.75,25.05,40.25,345.0,417.5,42.85,77.7,64.2,49.0,29.95,385.0,390.0,396.0,53.9,15.65,207.0,39.55,19.75,107.5,26.05,51.1,20.85,135.0,8.33,12.25,18.85,48.0,15.5,22.0,75.5,29.9,325.5,88.0,9.71,47.65,50.8,95.8,87.1,32.1,84.0,243.0,8.2,13.1,96.0,170.0,77.9,28.2,107.5,514.0,282.0,12.05,135.5,67.8,16.85,50.4,10.2,15.6,14.55,,225.0,18.95,29.7,10.65,29.0,9.5,11.0,18.0,18.7,45.65,48.35,9.74,19.25,16.55,25.35,15.9,9.47,14.0,20.45,19.35,240.0,78.8,2460.0,36.05,154.0,57.6,90.8,133.0,30.2,98.3,90.8,14.75,35.9,266.5,17.9,42.25,26.35,67.7,46.3,60.3,,98.9,181.5,40.9,75.4,17.3,11.95,140.5,54.3,83.1,79.1,224.0,204.5,283.5,,,75.4,,,34.25,83.7,214.0,78.6,236.5,51.2,40.6,83.2,56.9
45.75,41.2,56.9,82.3,77.4,70.8,12.0,39.6,71.5,33.05,32.9,339.0,158.5,34.2,49.6,280.0,11.5,25.2,32.15,59.4,196.5,72.9,25.0,15.75,25.05,40.3,345.0,417.5,42.8,77.8,64.2,49.0,29.95,385.0,390.0,396.0,53.9,15.65,207.0,39.55,19.7,108.0,26.05,51.0,20.9,135.0,8.33,12.2,18.85,47.95,15.5,22.0,75.5,29.95,325.5,88.0,9.71,47.65,50.8,95.7,87.0,32.0,84.0,243.0,8.2,13.15,96.1,170.0,77.9,28.2,107.5,514.0,282.0,12.05,135.5,67.8,16.85,50.3,10.25,15.6,14.55,,225.0,18.95,29.75,10.65,29.1,9.49,11.0,18.0,18.75,45.65,48.35,9.74,19.25,16.5,25.35,15.9,9.46,14.0,20.45,19.35,240.0,78.7,2460.0,36.05,154.0,57.6,90.8,133.0,30.2,98.5,90.8,14.75,35.9,266.5,17.9,42.3,26.35,67.7,46.35,60.3,,98.9,182.0,40.9,75.3,17.35,11.95,140.5,54.3,83.1,79.0,224.0,204.5,283.5,,,75.4,,,34.25,83.7,214.0,78.6,236.5,51.1,40.6,83.2,56.9
45.75,41.25,56.9,82.2,77.5,70.8,11.95,39.6,71.4,33.05,32.95,339.0,158.5,34.2,49.6,280.0,11.5,25.2,32.15,59.4,196.5,72.9,25.0,15.75,25.05,40.3,345.0,417.5,42.8,77.8,64.2,49.0,29.95,385.0,390.0,396.0,54.0,15.65,207.0,39.55,19.75,108.0,26.05,51.0,20.85,135.0,8.33,12.25,18.85,48.0,15.5,22.0,75.4,29.95,325.5,88.0,9.72,47.65,50.8,95.8,87.1,32.0,84.0,244.0,8.2,13.15,96.1,170.0,77.8,28.2,107.5,514.0,282.0,12.05,135.0,67.8,16.85,50.4,10.25,15.6,14.6,,225.0,18.95,29.7,10.7,29.1,9.49,11.1,18.0,18.7,45.65,48.35,9.74,19.3,16.5,25.3,15.95,9.47,13.95,20.45,19.35,240.0,78.7,2460.0,36.05,154.0,57.5,90.8,133.0,30.2,98.5,90.8,14.75,35.8,266.5,17.9,42.3,26.35,67.8,46.35,60.3,,98.8,182.0,40.9,75.4,17.35,11.95,140.5,54.3,83.1,78.9,224.0,204.5,283.5,,,75.4,,,34.25,83.7,214.0,78.6,236.5,51.2,40.6,83.2,56.9
45.8,41.25,56.9,82.2,77.4,70.8,11.95,39.6,71.5,33.05,32.95,339.0,158.5,34.2,49.6,280.5,11.5,25.2,32.15,59.4,196.5,72.8,25.0,15.75,25.05,40.3,345.5,417.5,42.8,77.8,64.3,49.0,29.9,385.5,390.0,396.0,54.0,15.6,207.5,39.6,19.75,107.5,26.1,51.1,20.85,135.0,8.34,12.2,18.9,48.0,15.5,22.05,75.4,29.95,325.5,88.0,9.71,47.6,50.7,95.8,87.0,32.0,84.0,244.0,8.2,13.1,96.1,170.0,77.8,28.15,108.0,514.0,282.5,12.05,135.0,67.9,16.85,50.4,10.25,15.6,14.6,,225.0,18.95,29.7,10.7,29.05,9.49,11.1,18.0,18.75,45.6,48.35,9.74,19.25,16.5,25.3,15.9,9.47,13.95,20.5,19.35,240.0,78.7,2455.0,36.0,154.0,57.5,90.9,133.5,30.2,98.5,90.8,14.75,35.9,267.0,17.85,42.3,26.35,67.7,46.35,60.3,,99.0,182.0,40.9,75.4,17.35,11.95,140.5,54.4,83.2,78.9,224.0,204.5,283.5,,,75.3,,,34.25,83.7,214.5,78.6,237.0,51.1,40.6,83.2,57.0
45.75,41.25,56.9,82.3,77.4,70.8,11.95,39.6,71.4,33.05,32.95,339.0,159.0,34.2,49.6,280.5,11.5,25.2,32.15,59.4,196.5,72.8,25.0,15.8,25.05,40.35,345.5,417.5,42.8,77.8,64.3,49.0,29.95,384.5,390.0,396.0,54.0,15.65,207.5,39.55,19.75,108.0,26.1,51.1,20.85,135.5,8.33,12.25,18.9,47.9,15.5,22.0,75.4,29.95,325.5,87.9,9.71,47.6,50.7,95.8,87.1,31.95,84.0,244.0,8.2,13.15,96.0,170.0,77.8,28.2,107.5,514.0,282.5,12.05,135.5,67.9,16.85,50.4,10.25,15.6,14.6,,225.0,18.95,29.75,10.7,29.0,9.5,11.1,18.0,18.75,45.6,48.4,9.74,19.3,16.55,25.35,15.9,9.47,13.95,20.45,19.4,240.0,78.7,2455.0,36.0,154.0,57.5,90.9,132.5,30.2,98.5,90.9,14.75,35.9,267.0,17.85,42.3,26.3,67.8,46.3,60.3,,99.0,182.0,40.9,75.5,17.35,11.95,141.0,54.4,83.0,78.9,224.0,204.5,283.0,,,75.4,,,34.25,83.7,214.5,78.8,237.0,51.2,40.6,83.2,57.0
45.75,41.25,56.9,82.3,77.4,70.8,11.95,39.6,71.4,33.05,32.9,339.0,159.0,34.2,49.6,280.5,11.5,25.15,32.15,59.4,196.5,72.9,25.0,15.75,25.05,40.3,345.5,417.5,42.8,77.8,64.3,49.0,29.95,384.5,390.0,396.0,54.0,15.65,207.0,39.6,19.75,108.0,26.1,51.0,20.85,135.0,8.34,12.25,18.9,47.95,15.5,22.05,75.4,29.9,325.5,87.9,9.72,47.6,50.6,95.8,87.0,31.9,84.0,244.5,8.2,13.15,96.1,170.0,77.7,28.15,108.0,513.0,282.5,12.05,135.0,67.9,16.85,50.5,10.25,15.6,14.6,,225.0,18.95,29.7,10.7,29.05,9.49,11.05,18.0,18.75,45.6,48.35,9.74,19.25,16.55,25.35,15.9,9.47,13.9,20.45,19.35,240.0,78.7,2455.0,36.0,154.0,57.5,90.8,133.0,30.15,98.7,90.9,14.75,35.9,267.0,17.9,42.3,26.35,67.7,46.35,60.2,,99.0,182.0,40.9,75.5,17.3,11.9,140.5,54.4,83.0,78.9,224.0,204.5,283.5,,,75.4,,,34.2,83.7,214.5,78.8,237.0,51.2,40.6,83.2,57.0
45.75,41.25,56.9,82.3,77.4,70.8,11.95,39.55,71.5,33.05,32.9,339.0,159.0,34.2,49.6,280.5,11.5,25.15,32.15,59.4,196.5,72.9,24.95,15.75,25.05,40.3,345.5,417.5,42.8,77.8,64.3,49.0,29.95,384.5,390.0,396.0,54.0,15.65,207.0,39.55,19.75,108.0,26.15,51.0,20.85,135.0,8.34,12.25,18.9,47.95,15.5,22.0,75.4,29.95,325.5,88.0,9.72,47.55,50.6,95.8,87.1,31.9,84.0,244.0,8.2,13.15,96.1,170.0,77.8,28.2,108.0,513.0,283.0,12.1,135.0,67.9,16.85,50.5,10.25,15.6,14.55,,225.0,18.95,29.75,10.7,29.05,9.49,11.05,18.0,18.75,45.55,48.4,9.74,19.25,16.5,25.3,15.9,9.46,13.95,20.45,19.35,240.0,78.8,2455.0,36.0,154.0,57.5,90.8,133.0,30.2,98.7,90.9,14.75,35.9,267.0,17.9,42.3,26.35,67.7,46.3,60.2,,99.0,182.0,40.9,75.4,17.35,11.95,140.5,54.3,83.1,78.9,224.0,204.5,283.0,,,75.4,,,34.25,83.6,214.5,78.8,236.5,51.2,40.6,83.2,56.9
45.75,41.25,56.9,82.3,77.4,70.8,11.95,39.55,71.5,33.05,32.9,339.0,158.5,34.2,49.6,280.5,11.45,25.15,32.1,59.4,196.5,72.9,24.95,15.75,25.05,40.3,345.5,417.5,42.8,77.8,64.2,49.0,29.95,384.5,390.0,396.0,53.9,15.65,207.0,39.55,19.8,108.0,26.15,51.0,20.85,135.0,8.34,12.25,18.9,47.95,15.5,22.0,75.3,29.95,325.5,88.2,9.72,47.6,50.6,95.8,87.0,31.95,84.0,244.0,8.2,13.15,96.1,170.0,77.7,28.2,108.0,513.0,283.0,12.05,135.0,67.9,16.85,50.5,10.2,15.6,14.6,,225.0,18.9,29.75,10.65,29.0,9.5,11.05,18.0,18.7,45.6,48.35,9.73,19.25,16.5,25.35,15.95,9.46,13.95,20.45,19.4,240.0,78.8,2460.0,36.0,154.0,57.5,90.8,133.0,30.2,98.7,90.9,14.7,35.9,267.0,17.9,42.3,26.35,67.7,46.3,60.3,,99.0,182.0,40.9,75.4,17.35,11.9,141.0,54.3,83.1,78.9,224.0,204.5,283.0,,,75.4,,,34.25,83.6,214.5,78.6,236.5,51.2,40.6,83.2,56.9
45.8,41.25,56.9,82.3,77.4,70.8,11.95,39.55,71.4,33.05,32.9,339.0,158.5,34.2,49.6,280.5,11.45,25.15,32.1,59.4,196.5,72.9,24.95,15.75,25.05,40.25,345.0,417.0,42.8,77.8,64.2,49.0,29.95,384.5,390.0,396.0,54.1,15.65,207.0,39.6,19.75,108.0,26.15,51.1,20.85,135.0,8.34,12.2,18.9,47.95,15.5,22.0,75.4,29.95,325.0,88.2,9.72,47.65,50.6,95.8,87.0,32.0,83.9,244.0,8.2,13.15,96.1,170.5,77.7,28.15,108.0,513.0,283.5,12.05,135.0,67.8,16.85,50.5,10.25,15.6,14.6,,225.0,18.9,29.75,10.7,29.0,9.49,11.05,18.0,18.7,45.55,48.35,9.74,19.25,16.5,25.3,15.9,9.47,13.95,20.45,19.4,240.0,78.8,2460.0,36.0,153.5,57.5,90.8,133.0,30.15,98.5,90.9,14.75,35.9,266.5,17.85,42.35,26.35,67.7,46.25,60.2,,99.0,182.0,40.9,75.4,17.35,11.9,140.5,54.3,83.1,78.9,224.0,204.5,283.0,,,75.4,,,34.2,83.6,214.5,78.6,236.5,51.2,40.6,83.2,56.9
45.75,41.25,56.9,82.2,77.4,70.7,11.95,39.55,71.4,33.0,32.9,339.0,158.5,34.2,49.65,280.0,11.45,25.15,32.1,59.4,196.5,72.9,25.0,15.75,25.05,40.25,345.0,417.0,42.75,77.8,64.2,49.0,29.95,384.5,390.0,396.0,54.0,15.65,207.0,39.6,19.75,108.0,26.15,51.1,20.9,135.5,8.34,12.2,18.85,47.9,15.5,22.0,75.4,29.95,325.5,88.2,9.71,47.65,50.6,95.8,87.1,32.0,83.9,244.5,8.2,13.15,96.1,170.5,77.7,28.2,108.0,513.0,283.5,12.05,135.0,67.8,16.9,50.4,10.2,15.6,14.6,,225.0,18.9,29.75,10.65,29.05,9.49,11.05,17.95,18.7,45.55,48.3,9.73,19.25,16.55,25.35,15.95,9.46,13.95,20.5,19.35,240.0,78.8,2460.0,36.0,154.0,57.5,90.8,132.5,30.2,98.5,90.9,14.75,35.9,266.5,17.9,42.35,26.35,67.7,46.25,60.3,,99.0,182.0,40.85,75.3,17.3,11.95,140.5,54.3,83.1,79.0,224.0,204.5,283.0,,,75.4,,,34.2,83.4,214.5,78.6,236.5,51.2,40.6,83.2,56.9
45.75,41.2,56.9,82.2,77.5,70.8,11.95,39.55,71.4,33.0,32.9,339.0,158.5,34.2,49.65,280.0,11.45,25.15,32.1,59.4,196.5,72.9,25.0,15.75,25.05,40.25,344.5,417.0,42.75,77.8,64.2,49.0,29.95,384.5,390.0,396.0,54.0,15.65,207.0,39.6,19.8,107.5,26.15,51.1,20.85,135.0,8.34,12.2,18.85,47.9,15.5,22.0,75.4,29.95,325.0,88.1,9.71,47.65,50.7,95.8,87.0,32.0,83.9,244.5,8.2,13.15,96.0,170.5,77.6,28.2,108.0,513.0,283.5,12.05,135.0,67.8,16.9,50.5,10.25,15.6,14.65,,224.5,18.95,29.7,10.7,29.0,9.49,11.05,17.95,18.75,45.55,48.3,9.74,19.25,16.5,25.35,15.9,9.45,13.95,20.45,19.35,240.0,78.8,2460.0,36.0,154.0,57.5,90.8,133.0,30.15,98.4,91.0,14.75,35.8,267.0,17.9,42.35,26.35,67.7,46.3,60.2,,99.0,182.0,40.85,75.4,17.3,11.95,140.5,54.3,83.2,78.9,224.0,204.5,283.0,,,75.4,,,34.2,83.4,214.5,78.6,236.5,51.1,40.6,83.1,56.9
45.75,41.2,56.9,82.2,77.4,70.7,11.95,39.55,71.4,33.05,32.9,339.0,158.5,34.2,49.6,280.0,11.45,25.15,32.1,59.4,196.0,72.9,25.0,15.75,25.05,40.25,344.5,417.0,42.75,77.8,64.3,49.0,29.95,384.5,390.0,396.0,54.0,15.65,207.0,39.6,19.8,108.0,26.15,51.0,20.85,135.5,8.34,12.25,18.85,47.9,15.5,22.0,75.3,29.9,325.0,88.1,9.71,47.65,50.7,95.8,87.1,32.0,83.9,244.5,8.2,13.15,96.1,170.5,77.7,28.15,108.0,513.0,283.5,12.05,135.0,67.8,16.9,50.5,10.2,15.6,14.6,,225.0,18.95,29.7,10.7,29.05,9.49,11.05,18.0,18.75,45.55,48.3,9.74,19.25,16.55,25.35,15.95,9.46,14.0,20.45,19.35,240.0,78.8,2465.0,36.0,154.0,57.5,90.8,133.0,30.15,98.3,91.0,14.7,35.8,267.0,17.85,42.35,26.35,67.7,46.3,60.2,,99.0,182.0,40.85,75.4,17.3,11.95,141.0,54.3,83.1,79.0,224.0,204.5,283.0,,,75.3,,,34.2,83.6,214.5,78.6,236.5,51.1,40.6,83.1,56.9
45.75,41.25,56.8,82.2,77.4,70.8,11.9,39.55,71.4,33.0,32.95,339.0,158.5,34.2,49.6,280.5,11.45,25.15,32.15,59.4,196.0,72.9,25.0,15.75,25.05,40.25,344.0,417.0,42.75,77.7,64.3,49.0,29.95,384.5,390.0,396.0,54.0,15.65,207.0,39.6,19.8,108.0,26.15,51.0,20.85,135.0,8.34,12.25,18.85,47.95,15.5,22.05,75.4,29.95,325.0,88.1,9.71,47.65,50.7,95.8,87.1,32.0,84.0,243.5,8.2,13.15,96.1,170.5,77.7,28.2,108.0,513.0,283.5,12.1,135.5,67.8,16.9,50.5,10.2,15.6,14.6,,225.0,18.9,29.7,10.65,29.0,9.49,11.05,18.0,18.75,45.55,48.35,9.74,19.25,16.55,25.35,15.9,9.46,14.0,20.45,19.35,240.5,78.8,2470.0,36.0,154.0,57.5,90.8,132.5,30.2,98.3,91.0,14.75,35.8,267.0,17.9,42.35,26.35,67.7,46.3,60.3,,99.0,182.0,40.85,75.4,17.35,11.9,140.5,54.4,83.1,79.0,224.0,204.5,283.0,,,75.4,,,34.2,83.6,214.5,78.6,236.5,51.0,40.6,83.1,56.8
45.75,41.25,56.8,82.2,77.4,70.8,11.9,39.55,71.5,33.0,32.95,339.0,158.5,34.2,49.6,280.0,11.45,25.15,32.15,59.4,196.0,72.9,24.95,15.75,25.05,40.25,344.0,417.0,42.75,77.8,64.2,49.0,29.95,384.5,389.5,396.0,53.9,15.7,207.0,39.6,19.75,108.0,26.15,51.0,20.85,135.0,8.35,12.2,18.85,47.95,15.5,22.0,75.4,29.95,325.0,88.1,9.71,47.65,50.6,95.8,87.1,32.0,84.0,243.5,8.2,13.1,96.1,170.5,77.6,28.15,108.0,513.0,284.0,12.1,135.5,67.8,16.9,50.5,10.2,15.6,14.6,,225.0,18.9,29.7,10.7,29.05,9.49,11.05,18.0,18.75,45.55,48.3,9.74,19.25,16.5,25.3,15.9,9.46,14.0,20.45,19.35,240.5,78.7,2470.0,36.0,154.0,57.5,90.9,132.5,30.15,98.3,91.0,14.75,35.8,267.0,17.9,42.35,26.35,67.7,46.3,60.3,,99.0,182.5,40.85,75.3,17.3,11.95,141.0,54.3,83.1,78.9,224.0,204.5,283.0,,,75.3,,,34.2,83.6,214.5,78.6,236.5,51.0,40.55,83.1,56.9
45.75,41.25,56.9,82.2,77.5,70.8,11.95,39.55,71.4,33.0,32.95,339.0,158.5,34.2,49.6,280.0,11.45,25.15,32.15,59.4,196.0,72.9,24.95,15.75,25.05,40.25,344.5,417.0,42.75,77.8,64.2,48.95,29.95,384.5,390.0,396.0,53.9,15.65,207.0,39.55,19.8,108.0,26.15,51.1,20.85,135.0,8.34,12.2,18.85,47.95,15.5,22.0,75.3,29.9,325.0,88.1,9.71,47.65,50.6,95.8,87.0,32.0,83.9,243.5,8.2,13.15,96.1,170.5,77.6,28.2,108.0,513.0,284.0,12.1,135.5,67.8,16.9,50.5,10.2,15.6,14.65,,225.0,18.95,29.7,10.7,29.05,9.49,11.05,18.0,18.7,45.6,48.3,9.73,19.3,16.55,25.3,15.95,9.46,13.95,20.45,19.3,240.5,78.7,2470.0,36.0,154.0,57.5,90.8,133.0,30.15,98.3,91.0,14.75,35.8,267.0,17.85,42.3,26.35,67.7,46.25,60.4,,99.0,182.5,40.9,75.4,17.35,11.9,141.0,54.2,83.1,79.0,224.0,204.5,283.0,,,75.3,,,34.2,83.4,214.5,78.6,236.5,51.0,40.55,83.1,56.9
45.7,41.25,56.9,82.2,77.4,70.7,11.9,39.55,71.5,33.0,32.95,339.0,158.5,34.2,49.6,279.5,11.45,25.15,32.15,59.4,196.5,72.9,25.0,15.75,25.05,40.25,344.5,417.0,42.75,77.9,64.3,49.0,29.95,384.5,390.0,396.0,53.9,15.65,207.5,39.55,19.8,108.0,26.15,51.0,20.85,135.5,8.35,12.25,18.85,47.9,15.5,22.0,75.3,29.95,325.0,88.1,9.71,47.65,50.6,95.8,87.0,32.0,83.9,243.5,8.2,13.15,96.1,170.5,77.6,28.2,108.0,513.0,284.5,12.1,135.0,67.9,16.9,50.5,10.2,15.6,14.6,,225.0,18.95,29.7,10.7,29.0,9.48,11.05,18.0,18.7,45.6,48.3,9.74,19.3,16.5,25.35,15.9,9.46,14.0,20.45,19.3,240.0,78.7,2470.0,36.0,153.5,57.5,90.9,133.0,30.15,98.3,91.1,14.75,35.8,266.5,17.85,42.3,26.35,67.7,46.3,60.3,,99.1,182.5,40.9,75.4,17.3,11.95,141.0,54.2,83.1,79.0,224.0,204.5,283.5,,,75.3,,,34.2,83.4,214.5,78.6,236.5,51.0,40.55,83.1,56.9
45.7,41.25,56.9,82.3,77.4,70.8,11.95,39.55,71.4,33.0,32.95,339.0,159.5,34.2,49.6,279.5,11.45,25.15,32.15,59.4,196.5,72.9,24.95,15.75,25.05,40.25,344.5,417.0,42.75,77.9,64.3,49.0,29.95,384.5,390.0,396.0,54.0,15.65,207.5,39.6,19.8,108.0,26.15,51.0,20.85,135.0,8.35,12.25,18.8,47.95,15.5,22.0,75.4,29.95,325.0,88.1,9.71,47.65,50.7,95.8,87.0,32.0,83.9,243.5,8.2,13.15,96.0,170.5,77.5,28.15,108.0,513.0,284.5,12.1,135.5,67.9,16.9,50.5,10.2,15.6,14.6,,225.0,18.9,29.75,10.7,29.0,9.48,11.05,18.0,18.7,45.55,48.35,9.74,19.25,16.55,25.35,15.95,9.46,13.95,20.5,19.35,240.0,78.7,2470.0,36.0,154.0,57.5,90.8,133.0,30.2,98.4,91.1,14.75,35.8,266.5,17.9,42.3,26.35,67.7,46.35,60.3,,99.1,183.0,40.9,75.4,17.35,11.9,141.5,54.2,83.1,78.9,224.0,204.5,283.5,,,75.4,,,34.2,83.5,214.5,78.6,236.5,51.0,40.55,83.2,56.9
45.7,41.25,56.9,82.2,77.4,70.8,11.95,39.55,71.4,33.0,32.95,338.5,159.5,34.2,49.6,279.0,11.45,25.15,32.15,59.4,197.0,72.8,24.95,15.75,25.05,40.25,344.5,417.5,42.75,77.9,64.2,49.0,29.95,384.5,389.0,396.0,53.9,15.65,207.5,39.55,19.75,108.0,26.15,51.0,20.85,135.0,8.34,12.2,18.85,47.9,15.5,22.0,75.3,29.95,325.0,88.0,9.71,47.65,50.6,95.8,87.0,32.1,84.0,243.5,8.2,13.15,96.0,170.5,77.5,28.15,108.0,513.0,284.5,12.1,135.5,67.8,16.9,50.5,10.2,15.6,14.6,,225.0,18.9,29.7,10.65,29.05,9.49,11.05,18.0,18.7,45.6,48.3,9.75,19.25,16.55,25.35,15.9,9.46,13.95,20.45,19.35,239.5,78.7,2470.0,36.0,153.5,57.4,90.8,133.0,30.2,98.3,91.1,14.75,35.75,267.0,17.9,42.25,26.3,67.7,46.35,60.3,,99.0,183.5,40.9,75.3,17.35,11.9,141.5,54.2,83.2,79.0,224.0,204.5,282.5,,,75.2,,,34.2,83.5,214.5,78.6,236.5,51.0,40.55,83.2,56.8
45.7,41.25,56.9,82.3,77.5,70.8,11.95,39.55,71.4,33.0,32.95,339.0,159.5,34.2,49.6,279.0,11.4,25.15,32.15,59.3,197.0,72.8,25.0,15.75,25.05,40.25,344.0,417.5,42.75,77.9,64.2,49.0,29.95,384.5,389.0,396.0,54.2,15.65,207.0,39.6,19.8,107.5,26.15,51.1,20.85,135.5,8.34,12.2,18.85,47.95,15.5,22.0,75.4,30.0,325.0,88.0,9.71,47.65,50.6,95.8,86.9,32.1,83.9,243.5,8.2,13.15,96.1,170.5,77.6,28.15,108.0,513.0,284.5,12.05,135.0,67.8,16.9,50.5,10.2,15.6,14.55,,225.0,18.95,29.75,10.65,29.05,9.49,11.05,18.0,18.75,45.55,48.25,9.75,19.3,16.55,25.3,15.95,9.47,14.0,20.5,19.35,239.5,78.7,2470.0,36.0,153.5,57.4,90.8,133.0,30.15,98.3,91.1,14.75,35.75,267.0,17.9,42.25,26.3,67.7,46.3,60.3,,99.2,184.0,40.9,75.4,17.35,11.95,141.5,54.2,83.2,79.0,224.0,204.5,283.0,,,75.3,,,34.2,83.4,214.5,78.6,236.5,51.0,40.55,83.2,56.9
45.7,41.25,56.9,82.4,77.4,70.8,11.9,39.55,71.4,33.05,32.95,339.0,159.5,34.2,49.6,279.0,11.45,25.15,32.15,59.4,197.0,72.8,25.0,15.75,25.1,40.25,344.0,417.5,42.8,77.9,64.2,49.0,29.95,384.5,389.0,396.0,54.0,15.65,207.5,39.6,19.8,107.5,26.05,51.0,20.85,135.0,8.35,12.25,18.85,47.95,15.5,22.05,75.3,29.95,325.0,88.0,9.71,47.65,50.7,95.8,87.0,32.0,84.0,243.5,8.2,13.15,96.0,170.5,77.6,28.15,107.5,513.0,284.5,12.05,135.0,67.8,16.95,50.5,10.2,15.6,14.6,,225.0,18.95,29.7,10.7,29.0,9.49,11.05,18.0,18.75,45.6,48.25,9.74,19.3,16.55,25.3,15.9,9.46,14.0,20.5,19.4,240.0,78.6,2470.0,36.05,154.0,57.4,90.9,133.0,30.15,98.3,91.1,14.7,35.75,267.0,17.9,42.25,26.3,67.7,46.35,60.4,,98.8,184.0,40.9,75.4,17.3,11.95,141.5,54.3,83.2,79.0,224.0,204.5,283.5,,,75.2,,,34.25,83.5,214.5,78.6,236.5,51.1,40.55,83.2,56.8
45.75,41.2,56.9,82.4,77.5,70.8,11.9,39.6,71.4,33.0,32.95,339.0,159.5,34.2,49.6,279.0,11.45,25.2,32.15,59.4,197.0,72.8,25.0,15.75,25.05,40.25,344.0,417.5,42.8,78.0,64.3,49.0,29.95,384.5,389.0,396.0,54.0,15.65,207.0,39.65,19.8,108.0,26.1,51.1,20.8,135.0,8.34,12.2,18.85,47.95,15.5,22.0,75.3,29.95,325.0,88.1,9.71,47.65,50.6,95.8,86.9,32.15,84.0,243.5,8.2,13.15,96.0,170.5,77.5,28.15,108.0,513.0,284.0,12.05,135.0,67.8,16.95,50.5,10.2,15.6,14.6,,225.0,18.95,29.7,10.7,29.0,9.49,11.05,18.0,18.75,45.55,48.3,9.73,19.3,16.5,25.35,15.95,9.46,13.95,20.45,19.4,240.0,78.6,2470.0,36.05,154.0,57.4,90.8,133.0,30.1,98.5,91.1,14.75,35.75,267.0,17.9,42.3,26.3,67.8,46.35,60.3,,99.0,183.5,40.9,75.4,17.3,11.95,142.0,54.3,83.3,79.1,224.0,204.5,283.5,,,75.3,,,34.2,83.5,214.5,78.6,236.5,51.1,40.6,83.2,56.9
45.75,41.25,56.8,82.4,77.4,70.8,11.9,39.6,71.4,33.05,32.9,339.0,158.5,34.2,49.6,279.0,11.5,25.15,32.15,59.4,197.0,72.8,25.0,15.75,25.1,40.25,344.0,417.5,42.8,78.0,64.3,49.05,29.95,384.5,389.0,396.0,54.0,15.65,207.0,39.65,19.8,108.0,26.1,51.1,20.8,135.5,8.35,12.2,18.85,47.95,15.5,22.05,75.3,30.0,325.0,88.0,9.71,47.65,50.7,95.8,87.0,32.15,84.0,243.5,8.2,13.15,96.1,170.5,77.6,28.1,108.0,513.0,284.0,12.05,135.5,67.8,16.95,50.5,10.2,15.6,14.6,,225.0,18.9,29.7,10.7,29.05,9.49,11.1,18.0,18.7,45.6,48.3,9.73,19.3,16.55,25.35,15.9,9.46,13.95,20.45,19.4,240.0,78.7,2470.0,36.05,154.0,57.5,90.8,133.0,30.15,98.3,91.0,14.75,35.75,266.5,17.9,42.3,26.3,67.7,46.3,60.5,,99.0,183.5,40.9,75.3,17.35,11.95,141.5,54.2,83.3,79.1,224.0,204.0,284.5,,,75.3,,,34.25,83.4,214.0,78.6,237.0,51.1,40.6,83.2,56.9
45.7,41.25,56.9,82.4,77.5,70.7,11.9,39.6,71.4,33.0,32.9,339.0,158.5,34.2,49.6,279.0,11.5,25.15,32.15,59.3,197.0,72.9,24.95,15.75,25.05,40.25,343.5,418.5,42.8,77.9,64.3,49.05,29.95,384.5,389.0,396.0,54.1,15.65,207.5,39.65,19.8,108.0,26.1,51.1,20.85,135.0,8.35,12.2,18.85,47.95,15.5,22.05,75.4,29.95,325.0,88.0,9.71,47.6,50.6,95.8,87.0,32.15,84.0,243.5,8.2,13.15,96.1,170.0,77.6,28.1,108.0,513.0,284.0,12.05,135.5,67.8,16.9,50.5,10.2,15.6,14.6,,225.0,18.9,29.65,10.7,29.05,9.48,11.1,18.0,18.7,45.6,48.3,9.74,19.25,16.5,25.35,15.95,9.47,13.95,20.5,19.35,240.0,78.6,2470.0,36.05,154.0,57.5,90.8,133.5,30.1,98.3,91.0,14.75,35.8,266.5,17.9,42.25,26.3,67.7,46.35,60.4,,99.0,183.5,40.9,75.4,17.35,11.9,142.0,54.2,83.3,79.0,223.5,204.0,285.0,,,75.2,,,34.25,83.6,214.0,78.6,237.0,51.1,40.6,83.2,56.9
45.7,41.25,56.9,82.4,77.4,70.8,11.95,39.6,71.4,33.0,32.9,339.0,158.5,34.2,49.6,278.5,11.45,25.15,32.15,59.4,197.0,72.9,24.95,15.75,25.05,40.25,343.0,418.0,42.8,77.9,64.3,49.0,29.95,384.5,389.0,396.0,54.0,15.65,207.5,39.65,19.8,107.5,26.1,51.0,20.85,135.0,8.35,12.2,18.85,47.9,15.5,22.05,75.4,30.0,325.5,88.1,9.71,47.6,50.6,95.8,87.0,32.15,84.0,244.0,8.2,13.15,96.1,170.0,77.7,28.1,108.0,513.0,284.0,12.05,135.5,67.8,16.9,50.5,10.2,15.6,14.6,,225.0,18.9,29.7,10.7,29.05,9.49,11.1,17.95,18.75,45.6,48.25,9.73,19.3,16.55,25.35,15.9,9.47,14.0,20.5,19.35,239.5,78.6,2470.0,36.05,153.5,57.5,90.9,133.0,30.1,98.3,91.0,14.75,35.8,266.5,17.85,42.25,26.35,67.7,46.3,60.4,,99.0,183.5,40.9,75.5,17.35,11.9,141.5,54.1,83.3,79.0,223.5,204.5,284.5,,,75.2,,,34.2,83.7,214.0,78.6,237.0,51.1,40.55,83.2,56.9
45.7,41.2,56.9,82.4,77.4,70.7,11.9,39.6,71.4,33.0,32.9,339.0,158.5,34.2,49.6,278.5,11.45,25.15,32.15,59.4,197.0,72.9,25.0,15.75,25.1,40.25,342.5,418.0,42.8,77.9,64.3,49.0,29.95,384.5,389.0,396.0,54.1,15.65,207.0,39.6,19.8,108.0,26.1,51.1,20.85,135.0,8.35,12.25,18.8,47.9,15.5,22.0,75.4,29.95,325.5,88.0,9.71,47.6,50.7,95.8,87.0,32.15,83.9,243.5,8.2,13.15,96.1,170.0,77.8,28.1,108.0,513.0,283.5,12.05,135.0,67.8,16.95,50.5,10.2,15.6,14.55,,225.0,18.9,29.65,10.7,29.0,9.48,11.1,18.0,18.75,45.55,48.25,9.74,19.25,16.5,25.35,15.95,9.47,13.95,20.5,19.35,239.5,78.6,2470.0,36.05,154.0,57.6,90.8,133.5,30.1,98.3,91.0,14.75,35.8,266.5,17.9,42.25,26.35,67.7,46.3,60.3,,99.1,183.5,40.9,75.5,17.35,11.9,141.5,54.2,83.4,79.0,223.5,204.5,285.0,,,75.3,,,34.2,83.7,214.0,78.6,237.0,51.0,40.55,83.2,56.9
45.75,41.2,56.8,82.4,77.4,70.7,11.9,39.6,71.4,33.0,32.9,339.0,158.5,34.2,49.6,278.5,11.4,25.15,32.15,59.4,197.0,72.9,25.0,15.75,25.05,40.25,342.0,418.0,42.8,77.9,64.3,48.95,29.9,384.5,389.0,396.0,54.1,15.65,207.5,39.6,19.8,108.0,26.05,51.1,20.85,135.5,8.35,12.25,18.85,47.9,15.5,22.05,75.3,30.0,325.5,88.0,9.71,47.6,50.7,95.9,87.0,32.15,83.9,243.5,8.2,13.15,96.1,170.5,77.7,28.1,107.5,513.0,283.5,12.05,135.0,67.8,16.95,50.5,10.2,15.6,14.6,,225.0,18.95,29.7,10.7,29.05,9.48,11.05,17.95,18.75,45.6,48.25,9.73,19.3,16.55,25.35,15.9,9.46,14.0,20.5,19.35,240.0,78.6,2470.0,36.05,153.5,57.6,90.8,133.5,30.1,98.3,91.0,14.75,35.8,266.5,17.9,42.25,26.35,67.7,46.3,60.4,,99.0,183.5,40.9,75.5,17.35,11.9,141.5,54.1,83.4,79.1,223.5,204.5,285.5,,,75.3,,,34.2,83.7,214.0,78.6,237.0,51.0,40.6,83.1,56.9
45.7,41.2,56.9,82.4,77.5,70.8,11.95,39.55,71.5,33.05,32.9,339.0,158.5,34.2,49.6,279.0,11.45,25.15,32.15,59.4,197.0,72.9,25.0,15.75,25.05,40.25,341.0,418.0,42.8,77.8,64.3,48.95,29.9,384.5,389.0,396.0,54.1,15.6,207.5,39.65,19.8,107.5,26.1,51.1,20.85,135.0,8.35,12.2,18.85,47.95,15.5,22.05,75.4,29.95,325.5,88.2,9.71,47.6,50.6,95.8,87.0,32.15,84.0,243.5,8.2,13.15,96.1,170.5,77.7,28.1,107.5,513.0,283.5,12.05,135.0,67.8,16.95,50.5,10.25,15.6,14.6,,225.0,18.95,29.7,10.7,29.0,9.49,11.05,17.95,18.75,45.6,48.3,9.74,19.25,16.55,25.4,15.9,9.47,13.95,20.5,19.4,240.0,78.6,2470.0,36.05,153.5,57.4,90.9,133.5,30.15,98.3,91.0,14.75,35.8,266.5,17.9,42.25,26.3,67.8,46.3,60.4,,99.0,183.5,40.9,75.4,17.35,11.95,141.5,54.1,83.4,79.1,223.5,204.5,284.5,,,75.3,,,34.2,83.7,214.0,78.6,237.0,51.0,40.6,83.1,56.9
45.7,41.25,56.8,82.4,77.4,70.8,11.9,39.55,71.4,33.05,32.9,339.0,158.5,34.15,49.6,278.5,11.45,25.15,32.15,59.3,196.5,72.9,25.0,15.75,25.05,40.25,341.5,418.0,42.8,77.8,64.3,48.95,29.9,384.5,389.0,396.0,54.1,15.65,207.5,39.6,19.8,108.0,26.1,51.1,20.85,135.5,8.35,12.25,18.85,47.95,15.5,22.05,75.3,30.0,325.5,88.1,9.7,47.55,50.7,95.8,87.0,32.15,84.0,243.5,8.2,13.15,96.1,170.5,77.7,28.1,108.0,513.0,283.5,12.05,135.5,67.8,16.9,50.5,10.2,15.6,14.6,,225.0,18.9,29.7,10.7,29.05,9.49,11.1,17.95,18.7,45.6,48.25,9.74,19.25,16.5,25.4,15.95,9.46,14.0,20.5,19.4,240.0,78.6,2470.0,36.05,153.5,57.4,90.9,133.5,30.1,98.3,91.0,14.75,35.8,266.5,17.9,42.25,26.3,67.7,46.3,60.4,,99.1,183.5,40.9,75.3,17.35,11.95,141.5,54.1,83.3,79.0,223.5,204.5,284.0,,,75.2,,,34.2,83.4,214.0,78.6,237.0,51.0,40.55,83.1,56.9
45.7,41.25,56.9,82.4,77.4,70.8,11.9,39.55,71.4,33.05,32.9,338.5,158.5,34.2,49.6,279.0,11.45,25.15,32.15,59.3,196.5,72.8,25.0,15.75,25.05,40.25,341.5,417.5,42.8,77.9,64.3,48.95,29.9,384.5,390.0,396.0,54.0,15.65,207.5,39.6,19.85,108.0,26.1,51.1,20.85,135.0,8.34,12.2,18.85,47.95,15.5,22.05,75.3,30.0,325.5,88.2,9.7,47.6,50.6,95.9,87.0,32.15,84.0,244.0,8.2,13.15,96.1,170.5,77.6,28.1,108.0,513.0,283.5,12.05,135.0,67.8,16.95,50.5,10.2,15.6,14.6,,225.0,18.95,29.65,10.7,29.0,9.49,11.1,17.95,18.7,45.55,48.25,9.74,19.25,16.55,25.35,15.9,9.47,13.95,20.5,19.4,240.0,78.7,2470.0,36.05,154.0,57.4,90.8,133.5,30.15,98.3,91.0,14.75,35.8,266.5,17.9,42.25,26.35,67.7,46.3,60.5,,99.1,183.5,40.85,75.3,17.35,11.9,141.5,54.1,83.3,79.0,223.5,204.5,284.5,,,75.3,,,34.2,83.9,214.0,78.6,237.0,51.0,40.55,83.1,57.0
45.75,41.25,56.9,82.4,77.4,70.7,11.9,39.55,71.4,33.0,32.9,338.5,158.5,34.15,49.6,279.0,11.45,25.15,32.15,59.3,196.5,72.8,25.0,15.75,25.05,40.25,342.5,417.5,42.8,77.9,64.3,48.95,29.95,384.5,390.0,396.0,54.0,15.65,207.5,39.6,19.85,107.5,26.1,51.1,20.9,135.5,8.34,12.25,18.85,47.95,15.5,22.0,75.4,30.0,325.5,88.2,9.71,47.6,50.6,95.9,87.0,32.15,83.9,245.0,8.2,13.15,96.1,170.5,77.6,28.15,108.0,513.0,283.5,12.05,135.0,67.8,16.95,50.5,10.2,15.6,14.55,,225.0,18.95,29.65,10.7,29.05,9.48,11.1,17.95,18.75,45.6,48.25,9.73,19.25,16.55,25.35,15.9,9.46,14.0,20.5,19.35,240.0,78.7,2460.0,36.05,154.0,57.4,90.8,133.0,30.15,98.3,91.0,14.75,35.8,266.0,17.9,42.25,26.35,67.7,46.25,60.5,,99.1,183.5,40.85,75.4,17.35,11.9,141.5,54.2,83.3,79.1,223.5,204.5,284.0,,,75.3,,,34.25,83.9,214.0,78.6,237.0,50.9,40.55,83.1,56.9
45.7,41.25,56.9,82.4,77.4,70.8,11.9,39.55,71.4,33.0,32.9,338.5,158.5,34.2,49.6,279.0,11.45,25.15,32.15,59.4,196.5,72.8,25.0,15.75,25.05,40.3,342.5,417.5,42.8,77.9,64.3,49.0,29.95,384.5,390.0,396.0,54.0,15.65,207.5,39.6,19.85,108.0,26.1,51.1,20.85,135.5,8.34,12.25,18.8,47.95,15.5,22.0,75.3,30.0,325.0,88.1,9.71,47.6,50.6,95.9,87.0,32.15,83.9,245.0,8.2,13.15,96.0,170.5,77.6,28.15,108.0,513.0,283.0,12.05,135.5,67.8,16.95,50.5,10.2,15.6,14.6,,225.0,18.95,29.65,10.7,29.05,9.48,11.1,17.95,18.75,45.55,48.2,9.74,19.25,16.55,25.35,15.9,9.47,13.95,20.5,19.4,240.0,78.7,2460.0,36.0,154.0,57.4,90.8,133.0,30.15,98.3,91.0,14.75,35.8,266.5,17.9,42.3,26.3,67.7,46.3,60.4,,99.2,183.5,40.85,75.3,17.35,11.9,141.5,54.2,83.4,79.1,224.0,204.5,283.5,,,75.2,,,34.2,83.5,214.0,78.8,237.0,50.9,40.55,83.1,56.9
45.75,41.25,56.9,82.4,77.3,70.8,11.9,39.55,71.4,33.05,32.9,338.0,158.5,34.2,49.6,279.0,11.45,25.15,32.15,59.4,196.5,72.8,25.0,15.75,25.05,40.3,343.0,417.5,42.8,77.9,64.3,49.0,29.95,384.5,390.0,396.0,54.0,15.6,207.5,39.6,19.85,108.0,26.1,51.3,20.85,135.0,8.34,12.25,18.8,47.9,15.5,22.0,75.3,30.0,325.0,88.1,9.7,47.65,50.6,95.9,87.0,32.15,84.0,245.0,8.2,13.15,96.0,170.0,77.7,28.15,108.0,513.0,283.0,12.05,135.5,67.8,16.95,50.5,10.25,15.6,14.6,,225.0,18.9,29.65,10.7,29.05,9.49,11.1,17.95,18.75,45.6,48.2,9.73,19.25,16.55,25.4,15.9,9.47,13.95,20.5,19.4,240.0,78.7,2470.0,36.0,153.5,57.5,90.9,133.0,30.1,98.3,91.0,14.75,35.8,266.0,17.85,42.3,26.3,67.7,46.3,60.3,,99.2,183.0,40.85,75.3,17.3,11.9,141.5,54.2,83.3,79.2,224.0,204.5,283.5,,,75.2,,,34.2,83.9,214.0,78.8,236.5,50.9,40.55,83.1,56.9
45.75,41.25,56.9,82.4,77.4,70.8,11.9,39.55,71.4,33.0,32.9,338.0,158.5,34.2,49.6,280.0,11.45,25.15,32.15,59.3,196.5,72.8,25.0,15.75,25.1,40.3,343.5,417.5,42.8,77.8,64.3,49.0,29.95,385.0,390.0,396.0,54.0,15.6,207.0,39.6,19.85,107.5,26.1,51.3,20.85,135.0,8.34,12.25,18.85,47.9,15.5,22.05,75.3,30.0,325.0,88.1,9.71,47.65,50.6,95.9,87.0,32.15,84.0,245.0,8.2,13.15,96.1,170.0,77.7,28.1,107.5,514.0,283.5,12.05,135.0,67.8,16.9,50.5,10.25,15.6,14.6,,225.0,18.95,29.65,10.7,29.05,9.49,11.05,18.0,18.75,45.6,48.25,9.73,19.25,16.55,25.4,15.9,9.47,13.95,20.45,19.4,240.0,78.7,2470.0,36.0,154.0,57.4,90.9,133.0,30.1,98.5,91.0,14.75,35.8,266.0,17.85,42.3,26.35,67.7,46.3,60.3,,99.3,183.0,40.85,75.3,17.35,11.9,141.5,54.2,83.4,79.1,224.0,204.5,283.5,,,75.3,,,34.2,83.9,214.0,78.8,236.5,50.9,40.55,83.1,56.9
45.7,41.25,56.9,82.4,77.4,70.7,11.9,39.55,71.4,33.0,32.85,338.0,158.5,34.2,49.6,280.5,11.45,25.15,32.15,59.3,196.5,72.8,24.95,15.75,25.1,40.25,343.0,417.5,42.8,78.0,64.3,49.0,29.95,385.0,390.0,396.0,54.1,15.65,207.5,39.65,19.8,108.0,26.1,51.2,20.8,135.0,8.35,12.25,18.85,47.9,15.5,22.05,75.4,29.95,325.0,88.2,9.71,47.65,50.6,95.8,87.0,32.15,84.0,244.5,8.2,13.15,96.0,170.0,77.7,28.1,108.0,513.0,283.5,12.0,135.0,67.8,16.9,50.5,10.25,15.6,14.65,,225.0,18.95,29.65,10.75,29.05,9.49,11.05,18.0,18.7,45.6,48.25,9.73,19.25,16.55,25.35,15.9,9.47,14.0,20.5,19.35,240.0,78.7,2470.0,36.0,154.0,57.4,90.9,133.5,30.15,98.4,91.0,14.75,35.8,266.0,17.9,42.3,26.35,67.7,46.25,60.3,,99.3,183.5,40.85,75.4,17.35,11.95,141.0,54.1,83.3,79.1,224.0,204.5,283.5,,,75.2,,,34.2,83.5,214.0,78.8,236.5,50.9,40.55,83.1,56.9
45.7,41.3,56.9,82.4,77.4,70.7,11.9,39.55,71.4,33.0,32.85,338.0,158.5,34.2,49.6,280.0,11.45,25.15,32.15,59.3,196.5,72.8,24.95,15.75,25.05,40.25,343.5,417.5,42.8,78.0,64.4,49.0,29.95,385.0,390.0,396.0,54.0,15.6,207.0,39.6,19.85,108.0,26.1,51.3,20.8,135.0,8.34,12.3,18.85,47.9,15.5,22.05,75.4,30.0,325.0,88.2,9.71,47.65,50.5,95.8,87.0,32.15,83.9,244.5,8.2,13.15,96.0,170.0,77.7,28.1,108.0,513.0,283.5,12.0,135.0,67.8,16.9,50.5,10.2,15.6,14.6,,225.0,18.9,29.65,10.7,29.1,9.49,11.05,18.0,18.75,45.6,48.25,9.73,19.25,16.5,25.4,15.9,9.46,13.95,20.5,19.35,240.0,78.6,2460.0,36.0,154.0,57.4,90.9,133.5,30.1,98.4,91.0,14.75,35.8,266.0,17.85,42.25,26.35,67.7,46.25,60.4,,99.3,183.0,40.85,75.3,17.35,11.95,141.0,54.2,83.3,79.0,224.0,204.5,283.5,,,75.3,,,34.2,83.5,214.0,78.8,236.5,51.0,40.65,83.1,56.9
45.65,41.3,56.9,82.4,77.4,70.8,11.9,39.55,71.4,33.0,32.85,338.0,158.5,34.2,49.65,280.0,11.45,25.15,32.15,59.4,196.5,72.8,24.95,15.75,25.05,40.25,343.5,419.0,42.8,78.1,64.3,49.0,30.0,385.0,389.5,396.0,54.1,15.65,207.0,39.65,19.85,108.0,26.1,51.2,20.85,135.5,8.33,12.3,18.85,47.9,15.5,22.05,75.3,30.0,325.5,88.2,9.71,47.6,50.6,95.8,87.0,32.05,83.9,244.5,8.2,13.15,96.0,170.0,77.6,28.15,108.0,513.0,283.5,12.0,135.0,67.9,16.9,50.5,10.25,15.6,14.6,,225.0,18.95,29.65,10.7,29.05,9.49,11.05,18.0,18.7,45.6,48.25,9.73,19.25,16.55,25.4,15.9,9.46,14.0,20.5,19.35,240.0,78.7,2465.0,36.0,153.5,57.5,90.8,134.0,30.1,98.4,91.0,14.8,35.8,266.5,17.9,42.25,26.3,67.7,46.3,60.6,,99.5,183.5,40.85,75.3,17.35,11.95,141.0,54.2,83.3,78.9,224.0,204.5,283.5,,,75.3,,,34.2,83.9,214.0,78.8,236.5,51.0,40.55,83.1,56.9
45.65,41.3,56.8,82.4,77.4,70.7,11.9,39.55,71.3,32.95,32.9,338.0,158.5,34.2,49.6,279.5,11.45,25.15,32.15,59.4,196.5,72.8,25.0,15.75,25.05,40.25,343.0,419.0,42.8,78.0,64.4,49.0,30.0,385.0,389.5,396.0,54.0,15.65,207.0,39.65,19.85,107.5,26.1,51.3,20.85,135.0,8.33,12.3,18.85,47.95,15.5,22.05,75.3,30.0,325.5,88.1,9.71,47.65,50.5,95.8,87.0,32.15,84.0,244.5,8.2,13.15,96.0,170.5,77.6,28.1,108.0,513.0,283.0,12.1,135.5,67.9,16.9,50.5,10.25,15.6,14.65,,225.0,18.95,29.65,10.7,29.1,9.49,11.1,18.0,18.75,45.6,48.25,9.74,19.25,16.5,25.4,15.95,9.46,13.95,20.5,19.35,240.0,78.7,2465.0,36.0,153.5,57.4,90.8,133.0,30.15,98.4,91.0,14.75,35.8,266.5,17.9,42.25,26.35,67.7,46.25,60.5,,99.5,183.5,40.85,75.3,17.35,11.9,141.0,54.2,83.3,78.9,224.0,204.5,284.0,,,75.2,,,34.2,83.5,214.0,78.8,236.5,51.0,40.55,83.1,56.8
45.65,41.3,56.9,82.4,77.4,70.8,11.9,39.55,71.3,33.0,32.9,338.0,158.5,34.2,49.6,279.5,11.45,25.2,32.15,59.4,196.5,72.8,25.0,15.75,25.05,40.25,343.0,417.5,42.8,78.0,64.4,49.0,30.0,385.0,389.5,396.0,54.0,15.65,207.5,39.65,19.8,108.0,26.1,51.3,20.85,135.0,8.33,12.35,18.85,47.95,15.5,22.05,75.4,30.0,325.0,88.2,9.71,47.6,50.5,95.9,87.0,32.15,84.0,244.5,8.2,13.15,96.0,170.5,77.7,28.15,107.5,513.0,283.0,12.1,135.5,67.9,16.9,50.5,10.25,15.55,14.6,,225.0,18.95,29.65,10.7,29.1,9.49,11.05,18.0,18.7,45.55,48.2,9.73,19.3,16.55,25.4,15.95,9.47,13.95,20.5,19.4,240.0,78.7,2465.0,36.0,154.0,57.5,90.8,133.0,30.15,98.4,91.0,14.8,35.8,266.5,17.9,42.25,26.35,67.7,46.3,60.5,,99.5,184.0,40.9,75.3,17.3,11.9,141.5,54.1,83.3,78.9,224.0,204.5,284.0,,,75.3,,,34.2,83.5,214.0,78.6,237.0,51.0,40.55,83.1,56.9
45.6,41.3,56.8,82.4,77.4,70.7,11.9,39.55,71.4,33.0,32.9,338.0,158.5,34.2,49.6,279.5,11.45,25.2,32.15,59.4,196.5,72.8,25.0,15.75,25.05,40.3,342.5,417.5,42.8,78.0,64.4,49.0,30.0,385.0,390.0,396.0,54.0,15.6,207.5,39.65,19.85,107.5,26.15,51.3,20.85,135.0,8.34,12.35,18.85,47.95,15.5,22.05,75.4,30.0,325.0,88.0,9.71,47.65,50.5,95.8,87.0,32.15,84.0,245.0,8.2,13.15,96.0,170.5,77.7,28.2,107.5,513.0,283.0,12.1,135.5,67.8,16.9,50.5,10.25,15.55,14.6,,225.0,18.9,29.65,10.7,29.1,9.49,11.05,18.0,18.75,45.6,48.25,9.73,19.25,16.55,25.4,15.9,9.46,14.0,20.55,19.35,240.0,78.7,2465.0,36.0,154.0,57.5,90.8,133.5,30.15,98.4,91.0,14.75,35.8,266.5,17.9,42.25,26.3,67.7,46.3,60.5,,99.5,184.0,40.9,75.3,17.35,11.9,141.0,54.2,83.3,78.9,224.0,204.5,283.5,,,75.3,,,34.2,83.5,214.0,78.7,237.0,51.0,40.55,83.1,56.9
45.6,41.3,56.8,82.4,77.4,70.8,11.9,39.55,71.4,33.0,32.85,338.0,158.5,34.2,49.6,279.5,11.45,25.2,32.15,59.4,196.5,72.8,25.0,15.75,25.05,40.25,342.5,417.0,42.8,78.1,64.4,49.0,30.0,385.0,390.0,396.0,54.1,15.6,207.5,39.65,19.8,107.5,26.1,51.2,20.8,135.0,8.34,12.35,18.85,47.9,15.5,22.1,75.3,30.05,325.0,88.1,9.71,47.6,50.4,95.8,87.0,32.15,84.0,245.0,8.2,13.2,96.0,170.0,77.7,28.15,107.5,513.0,283.5,12.1,135.0,67.8,16.85,50.5,10.25,15.55,14.6,,225.0,18.95,29.7,10.7,29.1,9.48,11.05,18.0,18.75,45.6,48.25,9.73,19.3,16.55,25.4,15.9,9.46,14.0,20.55,19.35,240.0,78.7,2465.0,36.05,154.0,57.5,90.9,133.5,30.15,98.4,91.0,14.75,35.8,266.0,17.9,42.25,26.3,67.7,46.3,60.5,,99.4,184.0,40.9,75.3,17.3,11.95,141.0,54.2,83.4,78.8,224.0,204.5,283.5,,,75.3,,,34.15,83.5,214.0,78.7,237.0,50.9,40.55,83.1,56.9
45.65,41.3,56.9,82.4,77.4,70.8,11.9,39.55,71.5,33.0,32.85,338.0,158.5,34.2,49.6,279.5,11.45,25.2,32.15,59.5,196.0,72.8,25.0,15.75,25.05,40.25,343.0,417.0,42.8,78.0,64.4,49.05,30.0,385.0,389.5,396.0,54.1,15.65,207.0,39.7,19.85,108.0,26.15,51.2,20.85,135.5,8.34,12.35,18.85,47.95,15.5,22.1,75.3,30.1,325.0,88.2,9.7,47.6,50.4,95.8,87.0,32.15,84.0,244.5,8.2,13.1,96.1,170.0,77.7,28.1,107.5,513.0,283.0,12.1,135.5,67.8,16.85,50.5,10.25,15.6,14.6,,225.0,18.95,29.75,10.7,29.05,9.48,11.05,18.0,18.7,45.55,48.2,9.74,19.25,16.55,25.4,15.9,9.47,13.95,20.55,19.35,240.0,78.7,2460.0,36.05,154.0,57.4,90.8,133.0,30.1,98.3,91.0,14.75,35.8,266.0,17.9,42.25,26.35,67.7,46.3,60.5,,99.4,184.0,40.9,75.3,17.35,11.95,141.0,54.2,83.4,78.8,224.0,204.5,283.5,,,75.3,,,34.15,83.9,214.0,78.7,237.0,50.9,40.5,83.1,56.9
45.6,41.3,56.9,82.4,77.4,70.8,11.95,39.55,71.4,33.0,32.85,338.0,158.5,34.2,49.6,279.5,11.45,25.15,32.15,59.5,196.0,72.8,24.95,15.75,25.05,40.25,342.5,417.0,42.8,78.0,64.4,49.05,30.0,385.0,389.5,396.0,54.0,15.6,207.5,39.65,19.85,108.0,26.15,51.3,20.8,135.0,8.34,12.35,18.85,47.95,15.5,22.05,75.3,30.05,325.0,88.2,9.7,47.65,50.5,95.8,87.0,32.15,84.0,244.5,8.2,13.15,96.1,170.0,77.7,28.15,108.0,513.0,283.0,12.1,135.5,67.8,16.9,50.5,10.25,15.6,14.55,,225.0,18.95,29.7,10.7,29.1,9.48,11.05,18.0,18.7,45.6,48.25,9.74,19.25,16.5,25.4,15.95,9.47,14.0,20.6,19.35,240.0,78.7,2460.0,36.05,153.5,57.5,90.9,133.0,30.15,98.3,91.0,14.75,35.8,266.0,17.9,42.25,26.35,67.7,46.35,60.5,,99.3,184.0,40.85,75.3,17.3,11.95,141.0,54.2,83.3,79.0,224.5,204.5,283.5,,,75.2,,,34.15,83.9,214.0,78.7,237.0,50.9,40.45,83.1,56.9
45.65,41.3,56.8,82.4,77.4,70.7,11.9,39.6,71.4,33.0,32.85,338.0,158.5,34.2,49.6,279.5,11.45,25.15,32.15,59.5,196.0,72.8,25.0,15.75,25.05,40.25,341.5,417.0,42.8,78.0,64.4,49.0,29.95,385.0,389.5,396.0,54.0,15.6,207.0,39.65,19.85,108.0,26.15,51.3,20.8,135.0,8.34,12.3,18.85,47.9,15.5,22.1,75.3,30.05,325.0,88.2,9.71,47.65,50.4,95.8,87.0,32.05,84.0,245.0,8.2,13.15,96.1,170.5,77.6,28.1,108.0,513.0,283.5,12.1,135.5,67.8,16.9,50.5,10.25,15.6,14.55,,225.0,18.95,29.7,10.7,29.1,9.49,11.05,18.0,18.7,45.55,48.2,9.74,19.3,16.55,25.4,15.9,9.47,13.95,20.6,19.4,240.0,78.7,2460.0,36.1,154.0,57.5,90.8,133.0,30.1,98.4,91.1,14.75,35.8,266.0,17.9,42.25,26.35,67.7,46.3,60.6,,99.2,184.5,40.85,75.4,17.35,11.9,141.0,54.2,83.3,79.0,224.5,204.5,283.5,,,75.3,,,34.15,83.5,214.0,78.7,237.0,50.9,40.45,83.1,56.9
45.6,41.3,56.8,82.4,77.4,70.8,11.9,39.55,71.4,33.0,32.9,338.5,158.5,34.2,49.6,279.5,11.45,25.15,32.15,59.5,196.0,72.8,25.0,15.75,25.05,40.25,341.5,417.0,42.8,78.0,64.4,49.0,29.95,385.0,389.5,396.0,54.0,15.6,207.5,39.65,19.8,108.0,26.1,51.3,20.8,135.0,8.35,12.35,18.85,47.9,15.5,22.05,75.4,30.05,325.0,88.2,9.71,47.6,50.4,95.8,87.0,32.05,84.0,244.5,8.2,13.15,96.1,170.5,77.6,28.1,107.5,513.0,283.0,12.1,135.5,67.8,16.9,50.5,10.25,15.6,14.55,,225.0,18.95,29.7,10.75,29.05,9.49,11.05,18.0,18.75,45.55,48.2,9.75,19.3,16.5,25.4,15.9,9.47,14.0,20.6,19.4,240.0,78.7,2465.0,36.1,154.0,57.6,90.8,133.5,30.1,98.4,91.1,14.8,35.8,266.5,17.9,42.25,26.35,67.7,46.35,60.5,,99.2,184.5,40.85,75.4,17.35,11.9,141.0,54.3,83.4,78.9,224.5,204.5,283.5,,,75.3,,,34.15,83.9,214.0,78.7,237.0,50.9,40.45,83.2,56.9
45.65,41.3,56.8,82.4,77.4,70.8,11.9,39.55,71.5,33.0,32.9,338.5,158.5,34.15,49.6,279.5,11.45,25.15,32.15,59.5,196.0,72.8,24.95,15.75,25.05,40.25,342.0,417.0,42.8,78.0,64.4,49.0,29.95,385.0,389.5,396.0,54.0,15.6,207.0,39.7,19.8,108.0,26.15,51.3,20.8,135.5,8.34,12.35,18.85,47.95,15.5,22.1,75.3,30.05,325.0,88.1,9.71,47.65,50.4,95.7,87.0,32.15,84.0,244.5,8.2,13.15,96.1,170.0,77.7,28.1,107.5,513.0,283.0,12.1,135.5,67.8,16.9,50.5,10.2,15.6,14.55,,225.0,18.95,29.7,10.75,29.05,9.48,11.05,18.0,18.7,45.55,48.2,9.75,19.3,16.5,25.35,15.9,9.47,13.95,20.6,19.35,240.0,78.7,2465.0,36.1,154.0,57.5,90.8,133.0,30.15,98.4,91.1,14.75,35.8,266.5,17.85,42.25,26.35,67.7,46.35,60.5,,99.3,184.5,40.85,75.4,17.35,11.95,141.0,54.3,83.3,78.9,224.5,204.5,283.5,,,75.3,,,34.15,83.5,214.0,78.7,237.0,50.9,40.45,83.2,56.8
45.6,41.3,56.8,82.3,77.3,70.8,11.95,39.55,71.4,33.0,32.9,338.5,158.5,34.15,49.6,279.5,11.45,25.2,32.1,59.5,196.0,72.8,25.0,15.75,25.05,40.25,342.0,417.5,42.8,78.0,64.4,49.0,30.0,385.0,390.0,396.0,54.1,15.6,207.5,39.7,19.85,108.0,26.1,51.2,20.8,135.5,8.35,12.3,18.85,47.95,15.5,22.05,75.3,30.05,325.0,88.1,9.71,47.6,50.4,95.5,87.0,32.15,84.0,244.5,8.2,13.15,96.1,170.0,77.7,28.1,107.5,513.0,283.0,12.1,135.5,67.8,16.9,50.5,10.2,15.6,14.55,,225.0,18.95,29.7,10.7,29.05,9.49,11.05,18.0,18.75,45.6,48.15,9.74,19.3,16.55,25.35,15.9,9.47,14.0,20.6,19.4,240.0,78.7,2465.0,36.05,154.0,57.5,90.9,133.0,30.1,98.4,91.1,14.8,35.8,266.5,17.9,42.25,26.35,67.7,46.35,60.5,,99.3,184.5,40.8,75.3,17.35,11.95,141.0,54.3,83.4,78.9,224.5,204.5,283.5,,,75.3,,,34.15,83.5,214.0,78.7,237.0,50.9,40.45,83.2,56.9
45.65,41.3,56.9,82.3,77.3,70.8,11.95,39.55,71.5,32.95,32.9,338.5,158.5,34.2,49.6,279.5,11.45,25.2,32.1,59.5,196.0,72.8,25.0,15.75,25.05,40.25,342.5,417.5,42.8,77.9,64.4,49.0,30.0,385.0,390.0,396.0,54.0,15.65,207.5,39.65,19.8,108.0,26.1,51.3,20.85,135.5,8.35,12.3,18.85,47.95,15.5,22.05,75.3,30.05,325.0,88.1,9.71,47.6,50.4,95.2,87.0,32.15,84.0,244.0,8.2,13.15,96.1,170.0,77.7,28.1,108.0,513.0,283.0,12.1,135.5,67.9,16.9,50.5,10.2,15.6,14.55,,224.5,18.95,29.65,10.75,29.05,9.49,11.05,18.0,18.75,45.6,48.15,9.75,19.3,16.55,25.4,15.9,9.47,14.0,20.55,19.4,240.0,78.7,2465.0,36.05,154.0,57.6,90.8,133.5,30.1,98.4,91.1,14.75,35.8,266.5,17.9,42.25,26.35,67.7,46.4,60.5,,99.3,184.5,40.8,75.3,17.35,11.95,141.0,54.3,83.3,78.9,224.5,204.5,284.0,,,75.3,,,34.15,83.5,214.0,78.7,237.0,50.9,40.45,83.2,56.9
45.6,41.3,56.8,82.3,77.4,70.8,11.9,39.55,71.4,33.0,32.9,339.0,158.0,34.2,49.6,279.5,11.45,25.2,32.1,59.5,196.0,72.8,25.0,15.75,25.05,40.25,342.5,417.5,42.8,78.0,64.4,49.0,30.0,385.0,390.0,396.0,54.0,15.65,207.5,39.65,19.85,108.0,26.05,51.2,20.8,135.5,8.35,12.3,18.85,47.95,15.5,22.1,75.3,30.05,325.0,88.2,9.7,47.6,50.5,95.3,87.0,32.15,84.0,244.0,8.27,13.15,96.1,170.0,77.6,28.15,108.0,513.0,283.0,12.05,135.5,67.8,16.9,50.5,10.2,15.6,14.55,,224.5,18.95,29.65,10.7,29.1,9.49,11.05,17.95,18.7,45.6,48.2,9.74,19.3,16.55,25.4,15.95,9.46,13.95,20.55,19.4,240.0,78.7,2460.0,36.05,154.0,57.5,90.9,133.5,30.15,98.4,91.1,14.8,35.8,266.5,17.9,42.25,26.35,67.7,46.4,60.6,,99.3,184.5,40.8,75.3,17.3,11.9,141.0,54.3,83.3,78.9,224.5,204.5,283.5,,,75.3,,,34.15,83.8,213.5,78.7,237.0,51.0,40.45,83.2,56.8
45.6,41.3,56.8,82.3,77.3,70.8,11.9,39.55,71.5,33.0,32.85,339.0,158.0,34.2,49.65,279.5,11.45,25.2,32.1,59.4,196.0,72.8,24.95,15.75,25.05,40.25,342.5,417.0,42.8,77.9,64.3,49.0,30.0,385.0,390.0,396.0,54.1,15.6,207.0,39.65,19.8,108.0,26.1,51.3,20.8,135.5,8.34,12.35,18.85,47.95,15.5,22.1,75.3,30.1,325.0,88.1,9.7,47.7,50.5,95.2,87.0,32.15,84.0,244.0,8.27,13.15,96.2,170.0,77.6,28.15,108.0,514.0,283.5,12.05,135.5,67.9,16.9,50.5,10.2,15.6,14.6,,224.5,18.95,29.7,10.75,29.1,9.48,11.05,17.95,18.7,45.55,48.2,9.74,19.3,16.5,25.35,15.9,9.46,13.95,20.55,19.4,239.5,78.6,2460.0,36.05,154.0,57.6,90.8,133.5,30.15,98.3,91.1,14.75,35.8,266.5,17.85,42.25,26.35,67.7,46.45,60.7,,99.4,184.0,40.8,75.4,17.3,11.9,141.0,54.3,83.3,78.9,224.5,204.5,283.5,,,75.3,,,34.15,83.5,213.5,78.7,237.0,51.0,40.45,83.2,56.9
45.65,41.25,56.8,82.3,77.4,70.9,11.9,39.55,71.4,32.95,32.85,339.0,158.0,34.2,49.65,279.5,11.45,25.2,32.1,59.4,196.0,72.8,24.95,15.75,25.1,40.25,342.5,417.0,42.8,78.0,64.3,49.05,30.0,385.0,390.0,396.0,54.0,15.6,207.0,39.65,19.8,108.0,26.1,51.3,20.85,135.5,8.35,12.35,18.85,47.95,15.5,22.1,75.2,30.1,325.0,88.2,9.71,47.7,50.5,95.2,87.1,32.15,83.9,244.0,8.27,13.15,96.1,170.0,77.7,28.15,107.5,513.0,283.5,12.05,135.5,67.8,16.95,50.5,10.15,15.6,14.55,,224.5,18.95,29.7,10.75,29.05,9.49,11.05,17.95,18.75,45.55,48.15,9.74,19.3,16.5,25.4,15.9,9.47,14.0,20.55,19.35,239.5,78.6,2460.0,36.05,154.0,57.6,90.8,133.0,30.1,98.3,91.1,14.75,35.8,266.5,17.85,42.25,26.35,67.7,46.45,60.7,,99.3,184.5,40.8,75.3,17.35,11.9,141.0,54.3,83.3,78.8,224.5,204.0,283.5,,,75.3,,,34.15,83.5,213.5,78.6,237.0,51.0,40.5,83.2,56.8
45.65,41.25,56.8,82.3,77.3,70.9,11.9,39.6,71.5,32.95,32.85,339.0,158.0,34.2,49.65,279.5,11.45,25.2,32.1,59.5,196.5,72.8,24.95,15.75,25.05,40.3,342.5,417.0,42.8,77.9,64.3,49.05,30.0,385.0,390.0,396.0,54.0,15.6,207.0,39.7,19.85,108.0,26.1,51.3,20.8,135.0,8.34,12.3,18.85,47.95,15.5,22.15,75.2,30.1,325.0,88.1,9.71,47.7,50.5,95.1,87.1,32.15,84.0,244.0,8.27,13.1,96.1,170.0,77.7,28.15,107.5,513.0,283.0,12.05,135.0,67.8,16.9,50.5,10.2,15.6,14.55,,224.5,18.95,29.7,10.7,29.05,9.48,11.05,17.95,18.75,45.55,48.15,9.74,19.3,16.5,25.4,15.95,9.47,14.0,20.55,19.35,239.5,78.6,2460.0,36.0,154.0,57.6,90.8,133.0,30.15,98.3,91.1,14.8,35.8,266.5,17.85,42.25,26.35,67.7,46.5,60.6,,99.3,184.5,40.8,75.3,17.3,11.9,141.0,54.3,83.3,78.8,224.5,204.0,284.0,,,75.2,,,34.15,83.5,213.5,78.6,237.0,51.0,40.5,83.2,56.8
45.6,41.3,56.9,82.3,77.3,70.9,11.95,39.55,71.6,32.95,32.9,339.0,158.0,34.2,49.65,279.5,11.4,25.15,32.1,59.4,196.0,72.8,24.95,15.75,25.05,40.25,343.0,417.0,42.8,77.9,64.3,49.0,30.0,385.0,390.0,395.5,54.1,15.6,207.5,39.65,19.85,108.0,26.1,51.4,20.8,135.5,8.35,12.35,18.85,47.95,15.5,22.2,75.2,30.1,325.0,88.2,9.71,47.7,50.5,95.1,87.1,32.15,83.9,244.0,8.27,13.1,96.1,170.0,77.6,28.15,107.5,513.0,283.5,12.05,135.0,67.9,16.9,50.5,10.2,15.6,14.6,,224.5,18.9,29.65,10.7,29.05,9.49,11.1,17.95,18.75,45.55,48.15,9.74,19.3,16.55,25.4,15.9,9.47,14.0,20.55,19.35,239.5,78.7,2460.0,36.0,154.0,57.6,90.8,133.0,30.15,98.3,91.1,14.8,35.8,266.5,17.9,42.25,26.4,67.7,46.55,60.6,,99.2,184.0,40.8,75.3,17.35,11.9,141.0,54.3,83.2,78.8,224.0,204.0,284.0,,,75.2,,,34.1,83.8,213.5,78.6,237.0,51.0,40.45,83.2,56.8
45.65,41.3,56.8,82.3,77.4,70.8,11.9,39.55,71.6,32.95,32.9,339.0,158.0,34.15,49.7,279.5,11.5,25.15,32.1,59.4,196.0,72.8,25.0,15.75,25.05,40.25,342.5,417.0,42.75,78.0,64.4,49.0,30.0,385.0,390.0,395.5,54.0,15.6,207.0,39.65,19.8,108.0,26.1,51.3,20.8,135.0,8.34,12.3,18.85,47.95,15.5,22.2,75.1,30.0,325.0,88.1,9.71,47.7,50.5,95.1,87.1,32.05,83.9,243.5,8.27,13.15,96.1,169.5,77.7,28.15,107.5,514.0,283.5,12.05,135.5,67.8,16.9,50.5,10.25,15.6,14.6,,224.5,18.95,29.7,10.75,29.05,9.49,11.1,17.95,18.7,45.55,48.15,9.73,19.3,16.5,25.4,15.95,9.47,14.0,20.55,19.35,239.5,78.7,2465.0,36.05,154.0,57.6,90.8,133.0,30.15,98.3,91.1,14.75,35.8,266.0,17.9,42.25,26.4,67.8,46.55,60.7,,99.6,184.0,40.85,75.3,17.35,11.9,141.0,54.3,83.2,78.8,224.0,204.0,284.0,,,75.3,,,34.15,83.8,213.5,78.6,237.0,51.1,40.45,83.2,56.9
45.6,41.3,56.8,82.3,77.3,70.9,11.95,39.55,71.5,32.95,32.9,339.0,158.0,34.2,49.7,279.5,11.4,25.2,32.1,59.4,196.0,72.8,25.0,15.75,25.1,40.25,343.0,419.0,42.75,77.8,64.4,49.0,30.0,385.0,390.0,395.5,54.0,15.65,207.5,39.65,19.8,108.0,26.1,51.4,20.85,135.5,8.34,12.3,18.85,48.0,15.5,22.2,75.1,29.95,325.0,88.2,9.71,47.7,50.5,95.0,87.1,32.05,83.9,243.5,8.27,13.15,96.1,169.0,77.7,28.15,107.5,513.0,283.0,12.05,135.5,67.8,16.9,50.5,10.2,15.6,14.65,,224.5,18.95,29.7,10.75,29.05,9.48,11.1,17.95,18.75,45.5,48.15,9.73,19.3,16.5,25.35,15.95,9.47,14.0,20.55,19.4,239.5,78.7,2465.0,36.05,154.0,57.5,90.8,133.0,30.15,98.3,91.1,14.75,35.8,266.5,17.85,42.2,26.35,67.7,46.8,60.7,,99.5,184.0,40.85,75.3,17.35,11.9,141.0,54.3,83.2,78.8,224.0,204.0,284.0,,,75.3,,,34.1,83.8,213.5,78.6,237.0,51.1,40.45,83.2,56.8
45.65,41.3,56.8,82.3,77.4,70.8,11.9,39.55,71.6,32.95,32.9,339.0,158.0,34.2,49.7,279.5,11.45,25.2,32.1,59.4,196.0,72.8,25.0,15.75,25.05,40.25,342.0,417.0,42.75,77.8,64.3,49.0,30.0,385.0,390.0,395.5,54.0,15.6,207.5,39.65,19.85,108.0,26.05,51.4,20.8,135.0,8.34,12.3,18.85,47.95,15.5,22.2,75.2,29.9,325.0,88.2,9.7,47.7,50.6,95.0,87.1,32.15,83.9,243.5,8.27,13.15,96.1,169.5,77.6,28.15,107.5,514.0,283.5,12.05,135.5,67.8,16.9,50.4,10.2,15.6,14.6,,224.5,18.95,29.7,10.75,29.05,9.49,11.1,17.95,18.75,45.5,48.15,9.74,19.3,16.55,25.35,15.95,9.46,14.0,20.55,19.35,239.5,78.6,2465.0,36.0,154.0,57.6,90.9,133.0,30.1,98.3,91.1,14.8,35.8,266.5,17.9,42.25,26.35,67.7,46.75,60.7,,99.6,184.0,40.85,75.3,17.35,11.95,141.0,54.3,83.3,78.8,224.0,204.0,284.0,,,75.3,,,34.1,83.5,213.5,78.6,237.0,51.1,40.45,83.2,56.9
45.6,41.25,56.8,82.3,77.4,70.8,11.9,39.55,71.5,32.95,32.9,338.5,158.5,34.15,49.65,279.5,11.4,25.2,32.1,59.5,196.0,72.8,24.95,15.75,25.05,40.3,342.0,417.0,42.75,77.8,64.3,49.0,29.95,385.0,390.0,396.0,54.0,15.6,207.5,39.65,19.8,108.0,26.1,51.2,20.8,135.0,8.34,12.3,18.85,47.95,15.5,22.25,75.1,29.95,325.0,88.3,9.7,47.65,50.6,94.9,87.1,32.15,83.9,243.5,8.27,13.15,96.1,169.5,77.7,28.15,107.5,513.0,283.0,12.05,135.0,67.8,16.9,50.4,10.25,15.6,14.65,,224.5,18.95,29.7,10.7,29.05,9.49,11.1,17.95,18.75,45.5,48.15,9.73,19.25,16.55,25.4,15.9,9.47,14.0,20.55,19.35,239.5,78.6,2465.0,35.95,154.0,57.6,90.8,132.5,30.1,98.3,91.1,14.75,35.8,266.5,17.9,42.25,26.35,67.7,46.85,60.7,,99.8,184.0,40.85,75.3,17.3,11.95,141.0,54.2,83.2,78.8,224.0,204.0,284.0,,,75.2,,,34.1,83.8,213.5,78.6,236.5,51.1,40.45,83.2,56.9
45.65,41.25,56.9,82.3,77.4,70.8,11.95,39.55,71.5,33.0,32.9,338.5,158.5,34.2,49.65,279.5,11.45,25.15,32.1,59.5,196.0,72.8,24.95,15.75,25.05,40.25,342.5,419.0,42.75,77.8,64.3,49.0,29.95,385.0,390.0,396.0,54.0,15.6,207.0,39.65,19.85,108.0,26.1,51.3,20.85,135.5,8.34,12.25,18.8,47.95,15.5,22.25,75.2,29.95,325.0,88.2,9.7,47.7,50.5,94.9,87.1,32.15,83.9,243.5,8.27,13.15,96.1,169.5,77.7,28.15,107.5,513.0,282.5,12.05,135.5,67.8,16.9,50.4,10.2,15.6,14.6,,224.5,18.95,29.7,10.7,29.1,9.49,11.1,17.95,18.75,45.5,48.2,9.74,19.3,16.55,25.35,15.9,9.47,13.95,20.55,19.35,239.5,78.6,2465.0,36.0,154.0,57.6,90.8,132.5,30.1,98.3,91.1,14.75,35.8,266.5,17.9,42.25,26.35,67.6,46.8,60.7,,99.6,184.5,40.85,75.3,17.3,11.95,141.0,54.2,83.2,78.8,224.0,204.5,284.0,,,75.3,,,34.1,83.8,213.5,78.6,237.0,51.1,40.45,83.2,56.9
45.6,41.3,56.9,82.3,77.4,70.8,11.9,39.55,71.5,33.0,32.9,338.5,158.5,34.2,49.65,279.5,11.45,25.15,32.1,59.5,196.0,72.8,24.95,15.75,25.05,40.25,342.0,417.5,42.75,77.8,64.3,49.0,29.95,385.0,390.0,396.0,54.0,15.6,207.5,39.65,19.8,108.0,26.1,51.2,20.8,135.0,8.34,12.25,18.8,47.95,15.5,22.25,75.1,29.9,325.0,88.4,9.7,47.7,50.5,94.9,87.1,32.15,83.9,243.5,8.27,13.1,96.1,169.5,77.7,28.15,107.5,513.0,282.5,12.05,135.5,67.8,16.9,50.4,10.25,15.6,14.6,,224.5,18.9,29.7,10.7,29.1,9.49,11.1,17.95,18.75,45.5,48.15,9.73,19.3,16.5,25.35,15.9,9.47,14.0,20.55,19.35,239.5,78.6,2465.0,36.0,154.0,57.6,90.7,133.0,30.1,98.2,91.1,14.75,35.75,266.5,17.9,42.2,26.35,67.6,46.8,60.6,,99.8,184.0,40.85,75.3,17.35,11.9,141.0,54.2,83.2,78.8,224.0,204.5,284.0,,,75.2,,,34.1,83.5,213.5,78.6,237.0,51.1,40.45,83.2,56.8
45.6,41.3,56.8,82.3,77.4,70.8,11.95,39.55,71.5,32.95,32.85,338.5,158.5,34.2,49.65,279.5,11.45,25.15,32.1,59.5,196.0,72.8,24.95,15.75,25.1,40.25,342.0,419.5,42.75,77.9,64.3,49.0,30.0,385.0,390.0,396.0,54.0,15.6,207.5,39.65,19.8,108.0,26.1,51.2,20.8,135.0,8.33,12.25,18.8,47.95,15.5,22.2,75.2,29.9,325.0,88.6,9.7,47.7,50.6,95.0,87.1,32.1,83.9,243.5,8.27,13.15,96.1,169.5,77.7,28.1,107.5,513.0,282.5,12.05,135.0,67.8,16.9,50.4,10.2,15.6,14.6,,224.5,18.9,29.7,10.7,29.05,9.49,11.1,17.95,18.75,45.5,48.15,9.73,19.3,16.5,25.35,15.9,9.47,13.95,20.55,19.35,239.5,78.6,2465.0,36.0,154.5,57.6,90.7,132.5,30.1,98.1,91.1,14.75,35.75,266.5,17.9,42.25,26.4,67.6,46.75,60.6,,100.0,184.0,40.85,75.3,17.35,11.9,141.0,54.2,83.2,78.8,224.0,204.5,284.0,,,75.3,,,34.15,83.5,213.5,78.6,237.0,51.1,40.45,83.2,56.9
45.55,41.3,56.8,82.3,77.3,70.9,11.9,39.55,71.5,32.95,32.85,338.5,158.5,34.2,49.65,279.5,11.4,25.15,32.1,59.5,196.0,72.7,25.0,15.75,25.05,40.25,342.0,420.0,42.75,77.9,64.3,49.0,30.0,385.0,390.0,396.0,54.0,15.6,207.5,39.65,19.8,108.0,26.1,51.1,20.8,135.0,8.34,12.25,18.85,47.95,15.5,22.2,75.1,29.9,325.0,88.8,9.7,47.65,50.5,94.9,87.1,32.15,83.9,243.5,8.27,13.15,96.1,169.5,77.7,28.15,108.0,513.0,282.5,12.05,135.0,67.9,16.9,50.4,10.2,15.6,14.65,,224.5,18.9,29.7,10.7,29.1,9.49,11.1,17.95,18.75,45.55,48.2,9.73,19.25,16.5,25.4,15.9,9.47,14.0,20.55,19.35,239.5,78.6,2465.0,36.0,154.0,57.6,90.8,133.0,30.15,98.0,91.1,14.75,35.75,266.5,17.9,42.25,26.4,67.6,46.7,60.5,,100.0,184.0,40.85,75.3,17.35,11.9,141.0,54.2,83.2,78.8,224.0,204.5,284.0,,,75.3,,,34.1,83.5,213.5,78.6,237.0,51.1,40.45,83.2,56.9
45.6,41.3,56.8,82.2,77.4,70.8,11.9,39.55,71.6,32.9,32.9,338.0,158.5,34.2,49.65,279.5,11.45,25.15,32.1,59.5,196.0,72.7,25.0,15.75,25.05,40.25,341.5,419.5,42.7,77.9,64.3,49.0,30.0,385.0,390.0,396.0,54.0,15.6,207.5,39.7,19.85,108.0,26.15,51.1,20.8,135.0,8.35,12.25,18.85,47.95,15.5,22.2,75.1,29.95,325.0,88.7,9.69,47.7,50.5,94.8,87.0,32.15,83.8,243.5,8.27,13.15,96.2,169.5,77.6,28.15,108.0,513.0,283.0,12.05,135.0,67.8,16.9,50.4,10.2,15.6,14.65,,224.5,18.9,29.7,10.7,29.1,9.48,11.1,17.95,18.75,45.5,48.15,9.73,19.3,16.5,25.4,15.95,9.47,14.0,20.55,19.4,240.0,78.6,2465.0,36.0,154.5,57.7,90.7,132.5,30.15,98.0,91.1,14.75,35.75,266.5,17.9,42.25,26.35,67.6,46.75,60.5,,100.0,184.0,40.85,75.3,17.35,11.95,141.0,54.3,83.2,78.8,224.0,204.5,283.5,,,75.2,,,34.1,83.8,213.5,78.6,237.0,51.1,40.45,83.2,56.9
45.6,41.3,56.9,82.2,77.4,70.9,11.9,39.6,71.5,32.9,32.9,338.0,158.5,34.2,49.65,280.0,11.4,25.15,32.1,59.5,196.0,72.8,25.0,15.75,25.05,40.25,341.5,420.0,42.7,77.9,64.3,49.0,30.0,385.0,390.0,396.0,54.0,15.6,207.5,39.7,19.85,107.5,26.1,51.1,20.8,135.5,8.35,12.25,18.85,47.95,15.5,22.2,75.2,29.95,325.0,88.9,9.69,47.7,50.6,94.9,87.1,32.15,83.7,243.5,8.27,13.15,96.1,169.5,77.6,28.15,108.0,513.0,282.5,12.05,135.5,67.8,16.9,50.4,10.2,15.6,14.6,,224.5,18.9,29.7,10.7,29.1,9.49,11.05,17.95,18.75,45.55,48.15,9.72,19.3,16.55,25.4,15.9,9.46,14.0,20.55,19.35,240.0,78.7,2465.0,36.0,154.5,57.7,90.8,133.0,30.15,98.0,91.1,14.75,35.75,266.5,17.9,42.25,26.4,67.6,46.65,60.5,,99.9,183.5,40.8,75.3,17.35,11.95,141.0,54.3,83.2,78.8,224.0,204.5,283.5,,,75.3,,,34.1,83.4,213.5,78.6,237.0,51.1,40.5,83.2,56.9
45.6,41.3,56.8,82.2,77.4,70.9,11.9,39.6,71.5,32.9,32.9,338.0,158.5,34.2,49.6,280.0,11.45,25.15,32.1,59.5,196.0,72.8,24.95,15.75,25.05,40.25,341.5,420.0,42.7,77.8,64.3,49.05,30.0,385.0,390.0,396.0,54.0,15.65,207.5,39.65,19.85,107.5,26.1,51.1,20.8,135.0,8.33,12.3,18.85,48.0,15.5,22.2,75.2,29.95,325.0,88.8,9.69,47.7,50.6,94.9,87.1,32.05,83.7,244.0,8.27,13.1,96.1,169.5,77.7,28.15,108.0,512.0,283.0,12.05,135.5,67.8,16.9,50.5,10.25,15.6,14.6,,224.5,18.95,29.7,10.7,29.05,9.49,11.05,17.95,18.75,45.5,48.15,9.73,19.3,16.55,25.4,15.9,9.47,13.95,20.55,19.4,240.0,78.7,2465.0,36.0,154.0,57.7,90.7,133.0,30.15,97.9,91.1,14.75,35.75,266.5,17.9,42.3,26.4,67.6,46.7,60.5,,100.0,183.5,40.8,75.3,17.35,11.9,141.0,54.3,83.3,78.8,224.0,204.5,284.0,,,75.3,,,34.05,83.4,213.5,78.6,237.0,51.2,40.5,83.2,56.9
45.6,41.3,56.8,82.2,77.4,70.8,11.9,39.6,71.4,32.95,32.85,338.0,158.0,34.2,49.6,280.0,11.4,25.15,32.1,59.5,196.0,72.7,24.95,15.75,25.1,40.3,341.5,420.0,42.8,77.8,64.3,49.0,30.0,385.0,390.0,396.0,54.1,15.65,207.5,39.7,19.85,107.5,26.1,51.1,20.8,135.5,8.34,12.25,18.85,48.0,15.5,22.15,75.2,30.0,325.0,88.6,9.69,47.75,50.5,94.9,87.1,32.05,83.7,243.0,8.27,13.15,96.1,169.5,77.6,28.15,107.5,512.0,282.5,12.05,135.0,67.9,16.9,50.5,10.25,15.6,14.65,,224.5,18.9,29.7,10.7,29.05,9.49,11.05,17.95,18.75,45.5,48.15,9.72,19.3,16.55,25.35,15.95,9.46,14.0,20.6,19.4,240.0,78.7,2465.0,36.0,154.5,57.7,90.8,133.0,30.1,98.0,91.1,14.75,35.75,267.0,17.9,42.3,26.4,67.6,46.65,60.4,,100.0,183.5,40.8,75.3,17.35,11.9,141.0,54.3,83.3,78.8,224.0,204.5,284.0,,,75.2,,,34.05,83.8,213.5,78.6,237.0,51.2,40.5,83.2,56.9
45.65,41.3,56.8,82.2,77.4,70.8,11.9,39.6,71.5,32.95,32.85,338.0,158.0,34.2,49.7,280.0,11.45,25.15,32.1,59.5,196.0,72.6,25.0,15.75,25.05,40.3,341.5,419.5,42.8,77.8,64.3,49.0,30.0,385.0,390.0,396.0,54.1,15.6,207.5,39.65,19.8,108.0,26.1,51.1,20.85,135.0,8.34,12.3,18.85,48.0,15.5,22.15,75.2,30.0,325.0,88.7,9.69,47.75,50.5,94.8,87.0,32.0,83.6,243.0,8.27,13.15,96.1,169.5,77.7,28.15,107.5,513.0,282.5,12.05,135.0,67.8,16.95,50.5,10.25,15.6,14.65,,224.5,18.9,29.7,10.7,29.05,9.48,11.05,17.95,18.75,45.5,48.15,9.73,19.3,16.5,25.35,15.95,9.46,13.95,20.55,19.35,240.0,78.7,2465.0,36.0,154.5,57.7,90.7,132.5,30.15,98.0,91.1,14.75,35.75,267.5,17.9,42.3,26.35,67.6,46.65,60.4,,100.0,183.5,40.8,75.4,17.35,11.95,141.0,54.2,83.2,78.8,224.0,204.5,284.0,,,75.3,,,34.05,83.5,213.0,78.6,237.0,51.2,40.5,83.2,56.9
45.6,41.3,56.8,82.2,77.4,70.8,11.9,39.6,71.5,32.95,32.85,338.0,159.0,34.2,49.7,280.0,11.45,25.15,32.1,59.5,196.0,72.6,24.95,15.75,25.1,40.25,341.5,419.5,42.8,77.8,64.2,49.05,30.0,385.0,390.0,396.5,54.1,15.65,207.5,39.7,19.8,108.0,26.1,51.0,20.8,135.0,8.34,12.25,18.85,48.0,15.5,22.15,75.2,30.0,325.0,88.7,9.69,47.75,50.5,94.8,87.1,32.15,83.6,243.0,8.27,13.1,96.2,169.5,77.7,28.15,107.5,513.0,282.5,12.1,135.0,67.8,16.95,50.5,10.25,15.6,14.65,,224.5,18.9,29.7,10.7,29.1,9.49,11.05,17.95,18.75,45.45,48.15,9.72,19.3,16.55,25.4,15.9,9.46,13.95,20.55,19.35,240.0,78.7,2465.0,35.95,154.5,57.7,90.8,132.5,30.15,98.0,91.1,14.75,35.75,267.5,17.85,42.3,26.35,67.6,46.65,60.3,,100.0,183.5,40.8,75.3,17.35,11.9,141.0,54.3,83.2,78.8,224.0,204.5,284.0,,,75.2,,,34.05,83.5,213.5,78.6,237.0,51.2,40.5,83.2,56.8
45.55,41.3,56.9,82.2,77.4,70.8,11.9,39.6,71.6,32.95,32.85,338.0,159.0,34.2,49.7,279.5,11.45,25.15,32.15,59.5,196.0,72.6,24.95,15.8,25.05,40.25,341.5,419.5,42.75,77.8,64.2,49.0,30.0,385.0,390.0,396.5,54.1,15.65,207.5,39.7,19.8,108.0,26.15,51.1,20.8,135.0,8.34,12.3,18.8,47.95,15.5,22.2,75.2,30.0,325.5,88.7,9.69,47.7,50.6,95.0,87.1,32.15,83.6,243.0,8.27,13.1,96.1,170.0,77.6,28.15,108.0,513.0,282.0,12.1,135.0,67.8,16.9,50.5,10.25,15.6,14.65,,224.5,18.9,29.7,10.7,29.05,9.48,11.05,17.95,18.75,45.45,48.15,9.72,19.25,16.55,25.4,15.9,9.46,13.95,20.6,19.35,240.0,78.7,2470.0,35.95,154.0,57.7,90.7,132.5,30.15,98.0,91.1,14.75,35.75,268.0,17.9,42.3,26.35,67.6,46.65,60.3,,99.9,183.0,40.8,75.3,17.35,11.9,141.0,54.3,83.3,78.8,224.0,204.5,284.0,,,75.2,,,34.05,83.6,213.5,78.6,237.5,51.2,40.45,83.1,56.9
45.55,41.3,56.8,82.2,77.4,70.8,11.9,39.7,71.5,32.95,32.85,338.0,158.0,34.2,49.65,279.5,11.45,25.15,32.15,59.5,196.0,72.6,24.95,15.75,25.1,40.25,342.0,420.0,42.75,77.8,64.2,49.0,30.0,385.0,390.0,396.5,54.1,15.65,207.5,39.7,19.8,108.0,26.1,51.0,20.8,135.0,8.34,12.25,18.8,47.95,15.5,22.15,75.2,29.95,325.0,88.7,9.7,47.7,50.6,95.0,87.1,32.15,83.6,243.0,8.27,13.15,96.2,169.5,77.6,28.15,108.0,513.0,282.0,12.05,135.0,67.8,16.9,50.5,10.25,15.65,14.65,,224.5,18.95,29.75,10.75,29.05,9.49,11.05,18.0,18.7,45.45,48.15,9.72,19.25,16.5,25.4,15.9,9.47,13.95,20.55,19.4,240.0,78.7,2475.0,35.95,154.0,57.7,90.9,133.0,30.15,98.0,91.1,14.75,35.75,268.0,17.9,42.3,26.35,67.7,46.65,60.4,,100.0,183.0,40.8,75.3,17.35,11.9,141.0,54.3,83.3,78.8,224.0,204.5,284.0,,,75.3,,,34.0,83.8,213.5,78.6,237.5,51.2,40.5,83.1,56.9
45.6,41.3,56.9,82.2,77.4,70.8,11.9,39.7,71.6,32.95,32.85,338.0,158.0,34.2,49.65,279.5,11.45,25.2,32.15,59.4,196.0,72.6,25.0,15.75,25.05,40.25,342.0,419.0,42.75,77.9,64.2,49.0,30.0,385.0,390.0,396.5,54.1,15.6,207.5,39.65,19.8,108.0,26.1,51.1,20.8,134.5,8.34,12.3,18.8,47.95,15.5,22.15,75.2,30.0,325.5,88.7,9.7,47.75,50.5,95.0,87.1,32.15,83.8,243.5,8.27,13.15,96.1,169.5,77.5,28.2,108.0,513.0,282.5,12.05,135.0,67.8,16.9,50.5,10.25,15.65,14.65,,224.5,18.95,29.75,10.75,29.05,9.48,11.1,17.95,18.75,45.45,48.1,9.72,19.3,16.5,25.4,15.9,9.47,13.95,20.55,19.35,240.0,78.7,2480.0,35.95,154.0,57.7,90.9,132.5,30.15,98.0,91.0,14.75,35.75,268.0,17.9,42.3,26.35,67.7,46.65,60.3,,100.0,183.5,40.8,75.4,17.35,11.9,141.0,54.3,83.3,78.8,224.0,204.5,283.5,,,75.3,,,34.0,83.8,214.0,78.6,237.5,51.2,40.5,83.1,56.9
45.55,41.3,56.9,82.2,77.4,70.9,11.9,39.7,71.5,32.95,32.85,338.0,158.0,34.2,49.65,279.5,11.45,25.2,32.15,59.4,196.0,72.6,25.0,15.75,25.05,40.3,342.5,419.0,42.75,77.9,64.2,49.0,29.95,385.5,390.0,396.5,54.2,15.6,207.5,39.7,19.8,108.0,26.15,51.1,20.8,135.0,8.34,12.25,18.8,47.95,15.5,22.2,75.3,30.0,325.5,88.7,9.7,47.75,50.5,95.0,87.1,32.15,83.6,243.5,8.27,13.1,96.2,169.5,77.5,28.15,108.0,513.0,282.0,12.05,135.0,67.8,16.9,50.5,10.2,15.65,14.65,,224.5,18.95,29.7,10.7,29.05,9.49,11.1,17.95,18.75,45.4,48.15,9.72,19.3,16.55,25.4,15.9,9.47,14.0,20.6,19.35,240.0,78.7,2470.0,35.95,154.0,57.6,90.9,132.5,30.15,97.9,91.0,14.7,35.75,268.0,17.85,42.25,26.35,67.6,46.6,60.3,,100.0,183.5,40.8,75.4,17.35,11.9,141.0,54.3,83.3,78.8,224.0,204.5,283.5,,,75.3,,,34.05,83.6,213.5,78.6,237.5,51.2,40.45,83.2,56.9
45.65,41.3,56.8,82.2,77.4,70.8,11.9,39.7,71.5,32.95,32.85,338.0,158.0,34.2,49.65,279.5,11.45,25.2,32.15,59.4,196.0,72.6,25.0,15.75,25.1,40.25,343.0,419.0,42.75,77.9,64.2,49.0,30.0,385.5,390.0,396.5,54.2,15.6,207.5,39.7,19.8,108.0,26.1,51.1,20.8,134.5,8.34,12.25,18.85,47.95,15.5,22.15,75.3,30.0,325.5,88.6,9.69,47.75,50.5,95.0,87.1,32.2,83.7,244.0,8.27,13.15,96.1,169.5,77.5,28.1,108.0,513.0,282.0,12.05,135.0,67.8,16.9,50.5,10.2,15.65,14.65,,224.5,18.95,29.75,10.7,29.05,9.48,11.1,17.95,18.75,45.4,48.15,9.71,19.3,16.5,25.35,15.9,9.47,13.95,20.55,19.35,240.0,78.7,2470.0,35.95,154.0,57.7,90.9,132.5,30.15,97.9,90.9,14.7,35.75,267.5,17.85,42.25,26.35,67.7,46.6,60.3,,100.0,183.5,40.8,75.3,17.35,11.9,140.5,54.2,83.3,78.8,224.0,204.5,284.0,,,75.3,,,34.0,83.6,213.5,78.6,237.5,51.1,40.45,83.2,56.9
45.55,41.3,56.8,82.2,77.4,70.9,11.95,39.7,71.6,32.95,32.85,338.0,158.0,34.2,49.7,280.0,11.45,25.2,32.15,59.5,196.0,72.6,25.0,15.75,25.1,40.25,343.0,420.0,42.7,77.8,64.2,49.0,30.0,385.5,390.0,396.5,54.2,15.65,207.5,39.7,19.8,108.0,26.1,51.1,20.8,135.0,8.34,12.25,18.85,47.95,15.5,22.2,75.2,29.95,325.5,88.7,9.7,47.75,50.6,95.0,87.1,32.15,83.7,243.5,8.27,13.1,96.2,169.5,77.5,28.1,108.0,513.0,282.0,12.05,135.0,67.8,16.95,50.5,10.25,15.65,14.65,,224.5,18.95,29.75,10.7,29.05,9.49,11.1,17.95,18.75,45.45,48.1,9.73,19.3,16.55,25.35,15.9,9.47,14.0,20.55,19.4,239.5,78.6,2475.0,35.95,154.5,57.7,90.9,133.0,30.15,97.8,90.9,14.75,35.75,267.5,17.9,42.3,26.4,67.7,46.6,60.3,,100.0,183.5,40.85,75.4,17.35,11.9,140.5,54.2,83.3,78.8,224.0,205.0,284.0,,,75.2,,,34.0,83.6,213.5,78.7,237.5,51.1,40.45,83.2,56.9
45.55,41.3,56.9,82.2,77.4,70.8,11.95,39.7,71.5,32.95,32.85,338.5,158.0,34.25,49.6,280.0,11.4,25.25,32.15,59.5,196.0,72.6,25.0,15.75,25.05,40.25,343.5,420.5,42.7,77.9,64.3,49.0,30.0,385.5,390.0,396.5,54.2,15.65,207.5,39.7,19.8,108.0,26.1,51.1,20.8,134.5,8.31,12.25,18.85,47.95,15.5,22.2,75.3,30.0,325.5,88.6,9.69,47.75,50.6,95.1,87.1,32.15,83.6,243.5,8.27,13.1,96.2,169.5,77.5,28.1,107.5,513.0,282.0,12.05,135.5,67.8,16.95,50.5,10.25,15.65,14.6,,224.5,18.95,29.75,10.75,29.05,9.49,11.1,17.95,18.75,45.4,48.1,9.72,19.3,16.5,25.35,15.9,9.47,13.95,20.55,19.4,240.0,78.7,2475.0,35.95,154.0,57.6,90.9,132.5,30.15,98.0,90.9,14.75,35.9,267.5,17.9,42.3,26.35,67.7,46.6,60.3,,99.9,183.5,40.8,75.3,17.35,11.95,140.5,54.3,83.2,78.8,224.0,204.5,284.0,,,75.2,,,34.0,83.5,213.5,78.6,237.5,51.1,40.45,83.2,56.9
45.55,41.3,56.8,82.2,77.4,70.8,11.95,39.7,71.5,32.95,32.85,338.5,158.0,34.25,49.6,280.0,11.45,25.2,32.15,59.4,196.0,72.7,25.0,15.75,25.05,40.25,344.0,420.5,42.7,77.8,64.2,49.0,30.0,385.5,390.0,396.5,54.1,15.6,207.5,39.65,19.8,108.0,26.1,51.0,20.75,135.0,8.31,12.25,18.8,48.0,15.5,22.15,75.3,30.0,325.0,88.6,9.69,47.7,50.5,95.1,87.1,32.2,83.7,243.5,8.27,13.1,96.1,169.5,77.6,28.1,108.0,513.0,282.5,12.05,135.0,67.8,16.95,50.5,10.25,15.65,14.65,,224.5,18.95,29.7,10.7,29.0,9.49,11.05,17.95,18.75,45.45,48.1,9.72,19.3,16.55,25.35,15.9,9.47,14.0,20.6,19.35,240.0,78.7,2475.0,35.95,154.5,57.6,90.8,132.5,30.15,98.0,90.9,14.75,35.9,268.0,17.85,42.3,26.35,67.7,46.6,60.4,,99.9,183.5,40.8,75.3,17.35,11.9,140.5,54.3,83.2,78.8,224.0,204.5,284.0,,,75.2,,,34.05,83.4,213.5,78.6,237.5,51.2,40.5,83.2,56.9
45.6,41.3,56.8,82.2,77.4,70.8,11.95,39.7,71.6,32.95,32.85,338.5,158.0,34.25,49.6,279.5,11.4,25.2,32.15,59.4,196.0,72.7,24.95,15.75,25.1,40.25,345.0,420.5,42.7,77.8,64.3,49.0,30.0,385.5,390.0,396.5,54.2,15.6,207.5,39.65,19.8,108.0,26.1,51.1,20.8,134.5,8.31,12.25,18.8,48.0,15.5,22.15,75.3,30.0,325.5,88.5,9.69,47.7,50.5,95.1,87.1,32.15,83.7,243.5,8.27,13.15,96.2,169.5,77.6,28.15,108.0,513.0,282.0,12.05,135.0,67.8,16.95,50.5,10.25,15.65,14.65,,224.5,18.95,29.75,10.7,29.05,9.49,11.05,17.95,18.75,45.45,48.1,9.71,19.3,16.55,25.35,15.85,9.47,14.0,20.6,19.35,240.0,78.6,2480.0,35.95,154.5,57.6,90.8,132.5,30.1,98.0,90.9,14.75,35.9,268.0,17.9,42.3,26.35,67.7,46.6,60.4,,99.8,183.5,40.8,75.3,17.35,11.9,140.5,54.2,83.3,78.8,224.0,204.5,284.0,,,75.1,,,34.05,83.4,213.5,78.6,237.5,51.2,40.45,83.2,56.9
45.65,41.25,56.8,82.2,77.4,70.9,11.95,39.7,71.5,32.95,32.85,338.5,158.5,34.25,49.6,279.5,11.4,25.2,32.15,59.4,196.0,72.7,24.95,15.75,25.1,40.25,345.0,418.0,42.7,77.8,64.3,49.0,29.95,385.5,389.0,396.5,54.2,15.6,207.5,39.7,19.8,108.0,26.1,51.0,20.75,134.5,8.31,12.25,18.8,47.9,15.5,22.15,75.2,30.0,325.5,88.6,9.69,47.75,50.5,95.1,87.0,32.2,83.6,243.5,8.27,13.1,96.1,169.5,77.6,28.1,107.5,514.0,282.0,12.05,135.0,67.8,16.95,50.5,10.25,15.65,14.65,,224.5,18.95,29.75,10.7,29.0,9.49,11.05,17.95,18.75,45.4,48.15,9.72,19.3,16.5,25.35,15.85,9.47,14.0,20.55,19.35,240.0,78.6,2480.0,35.95,154.5,57.6,90.8,133.0,30.1,98.0,90.9,14.75,35.9,268.0,17.85,42.3,26.35,67.8,46.6,60.4,,99.8,183.5,40.85,75.3,17.35,11.95,140.5,54.2,83.3,78.8,224.0,204.5,284.0,,,75.1,,,34.05,83.4,213.5,78.6,237.5,51.2,40.45,83.2,56.8
45.6,41.3,56.9,82.2,77.4,70.8,11.95,39.7,71.5,32.95,32.85,338.5,158.5,34.25,49.6,279.5,11.4,25.2,32.15,59.4,196.0,72.7,25.0,15.75,25.05,40.3,344.5,418.0,42.7,77.7,64.3,49.0,29.95,385.5,389.0,396.5,54.1,15.6,207.5,39.65,19.8,108.0,26.1,51.0,20.75,135.0,8.3,12.25,18.8,48.0,15.5,22.15,75.2,30.0,326.0,88.6,9.68,47.75,50.5,95.1,87.0,32.15,83.7,243.5,8.27,13.1,96.1,169.5,77.6,28.1,107.5,513.0,283.0,12.1,135.0,67.8,16.95,50.5,10.25,15.6,14.65,,224.5,18.95,29.7,10.7,29.0,9.49,11.05,17.95,18.75,45.4,48.15,9.72,19.25,16.5,25.35,15.9,9.47,13.95,20.55,19.35,240.0,78.6,2480.0,36.0,154.5,57.6,90.8,133.0,30.15,98.1,90.9,14.75,35.9,268.0,17.9,42.3,26.35,67.7,46.6,60.3,,99.8,183.0,40.8,75.3,17.35,11.9,140.5,54.1,83.2,78.8,224.0,204.5,284.0,,,75.2,,,34.05,83.4,213.5,78.6,237.5,51.2,40.45,83.2,56.8
45.6,41.3,56.9,82.2,77.4,70.8,11.95,39.7,71.5,32.95,32.8,338.5,158.0,34.25,49.6,279.5,11.4,25.2,32.15,59.4,196.5,72.7,25.0,15.75,25.1,40.25,344.5,418.0,42.7,77.7,64.2,49.0,29.95,385.5,389.0,396.5,54.1,15.6,207.5,39.7,19.8,108.0,26.1,51.0,20.8,134.5,8.3,12.2,18.8,47.95,15.5,22.2,75.3,29.95,326.0,88.5,9.68,47.75,50.5,95.1,87.1,32.2,83.6,244.0,8.27,13.1,96.1,169.5,77.6,28.1,107.5,513.0,282.5,12.1,135.0,67.8,16.95,50.5,10.2,15.6,14.65,,224.5,18.95,29.7,10.7,29.0,9.48,11.05,17.95,18.75,45.45,48.15,9.72,19.3,16.5,25.35,15.85,9.47,14.0,20.55,19.35,240.0,78.6,2475.0,35.95,154.0,57.6,90.9,133.0,30.15,97.8,90.9,14.75,35.9,268.0,17.85,42.3,26.35,67.7,46.6,60.3,,99.8,183.5,40.8,75.2,17.35,11.9,140.5,54.1,83.3,78.8,224.0,204.5,284.0,,,75.1,,,34.05,83.4,214.0,78.6,237.5,51.2,40.45,83.2,56.9
45.6,41.3,56.8,82.2,77.4,70.8,11.95,39.7,71.5,32.95,32.75,338.5,158.0,34.25,49.6,280.0,11.4,25.2,32.15,59.4,196.5,72.7,25.0,15.75,25.1,40.25,343.5,418.0,42.7,77.7,64.2,49.0,30.0,385.5,388.5,396.5,54.1,15.6,207.5,39.65,19.8,107.5,26.15,51.0,20.75,135.0,8.3,12.25,18.85,47.95,15.5,22.15,75.3,30.0,325.5,88.6,9.69,47.75,50.5,95.1,87.1,32.2,83.6,244.0,8.27,13.15,96.1,169.5,77.6,28.1,107.5,513.0,283.0,12.1,135.0,67.8,16.9,50.5,10.25,15.6,14.6,,224.5,18.9,29.7,10.7,29.0,9.49,11.1,17.95,18.8,45.35,48.15,9.72,19.3,16.5,25.35,15.85,9.47,13.95,20.55,19.4,240.0,78.6,2475.0,36.0,154.5,57.6,90.9,133.0,30.15,97.8,90.9,14.7,35.9,268.0,17.9,42.3,26.4,67.7,46.6,60.2,,99.9,183.5,40.8,75.3,17.35,11.9,140.5,54.1,83.3,78.8,224.0,204.5,284.0,,,75.2,,,34.05,83.4,214.0,78.6,237.5,51.2,40.45,83.2,56.9
45.6,41.3,56.9,82.2,77.4,70.8,11.9,39.7,71.5,32.95,32.75,338.5,158.5,34.25,49.65,280.0,11.4,25.2,32.1,59.4,196.5,72.7,24.95,15.75,25.05,40.25,343.0,418.0,42.7,77.8,64.2,49.05,29.95,385.5,389.0,396.5,54.1,15.55,207.5,39.7,19.8,108.0,26.1,51.0,20.75,134.5,8.3,12.25,18.85,48.0,15.5,22.15,75.3,30.0,326.0,88.6,9.69,47.75,50.5,95.1,87.0,32.2,83.7,244.0,8.27,13.1,96.1,169.5,77.5,28.1,108.0,513.0,283.0,12.05,135.0,67.7,16.9,50.5,10.25,15.6,14.65,,224.5,18.95,29.7,10.75,29.05,9.48,11.1,17.95,18.75,45.4,48.15,9.72,19.3,16.5,25.35,15.9,9.47,14.0,20.55,19.4,240.0,78.5,2475.0,36.0,154.5,57.6,90.9,132.5,30.15,97.8,90.9,14.75,35.9,267.5,17.9,42.3,26.35,67.8,46.55,60.2,,99.9,183.5,40.85,75.3,17.35,11.9,140.5,54.1,83.3,78.8,224.0,204.5,284.0,,,75.2,,,34.05,83.4,214.0,78.7,237.5,51.2,40.45,83.2,56.9
45.65,41.3,56.9,82.2,77.4,70.9,11.9,39.75,71.5,32.95,32.8,338.5,158.5,34.25,49.65,280.5,11.4,25.15,32.1,59.4,196.5,72.7,25.0,15.75,25.1,40.25,343.0,418.0,42.75,77.8,64.3,49.05,30.0,385.5,389.0,396.5,54.1,15.6,207.5,39.7,19.8,108.0,26.05,50.8,20.75,134.5,8.29,12.3,18.8,48.0,15.5,22.15,75.3,30.0,326.0,88.5,9.69,47.7,50.6,95.1,87.1,32.2,83.7,243.5,8.27,13.15,96.2,169.5,77.5,28.1,108.0,514.0,282.5,12.05,135.0,67.8,16.95,50.5,10.25,15.65,14.65,,224.5,18.95,29.7,10.7,29.05,9.49,11.1,17.95,18.8,45.35,48.2,9.72,19.3,16.5,25.35,15.9,9.47,13.95,20.55,19.4,240.0,78.5,2475.0,36.0,154.5,57.6,90.9,133.0,30.1,97.8,90.9,14.75,35.8,268.0,17.9,42.3,26.35,67.7,46.5,60.2,,99.9,183.5,40.85,75.2,17.35,11.9,140.5,54.2,83.2,78.8,224.0,204.5,284.0,,,75.2,,,34.05,83.5,213.5,78.7,237.0,51.2,40.45,83.2,56.9
45.6,41.3,56.9,82.2,77.4,70.9,11.95,39.6,71.5,32.95,32.8,338.5,158.5,34.25,49.65,280.0,11.4,25.2,32.1,59.4,196.5,72.7,25.0,15.75,25.05,40.25,343.0,419.0,42.7,77.7,64.2,49.0,30.0,385.5,389.0,396.5,54.1,15.6,207.5,39.7,19.75,108.0,26.05,50.9,20.8,135.0,8.3,12.25,18.8,47.95,15.5,22.15,75.3,30.0,326.0,88.4,9.68,47.75,50.5,95.2,87.1,32.2,83.7,243.5,8.27,13.1,96.1,169.5,77.5,28.15,107.5,513.0,282.5,12.05,135.5,67.8,16.95,50.5,10.2,15.65,14.6,,224.5,18.95,29.7,10.7,29.05,9.48,11.1,17.95,18.75,45.4,48.15,9.72,19.3,16.55,25.35,15.9,9.47,14.0,20.5,19.35,240.0,78.5,2470.0,36.0,154.5,57.6,90.9,133.0,30.15,97.8,90.9,14.75,35.8,268.0,17.9,42.3,26.35,67.7,46.55,60.2,,99.8,184.0,40.85,75.3,17.3,11.9,140.5,54.2,83.2,78.8,224.0,204.5,284.0,,,75.2,,,34.0,83.4,214.0,78.7,237.0,51.2,40.45,83.2,56.8
45.6,41.3,56.9,82.2,77.4,70.9,11.9,39.65,71.6,32.95,32.8,338.5,158.5,34.25,49.6,280.5,11.4,25.2,32.1,59.4,196.5,72.7,25.0,15.8,25.05,40.25,342.5,419.0,42.75,77.7,64.2,49.0,30.0,385.5,389.0,396.5,54.1,15.55,207.5,39.7,19.75,107.5,26.1,50.9,20.8,134.5,8.3,12.25,18.8,48.0,15.5,22.15,75.2,30.0,326.5,88.4,9.68,47.75,50.5,95.2,87.0,32.2,83.6,243.5,8.27,13.15,96.1,169.5,77.5,28.15,107.5,513.0,282.5,12.05,135.0,67.8,16.9,50.5,10.2,15.65,14.6,,224.5,18.95,29.75,10.75,29.05,9.48,11.1,17.95,18.75,45.4,48.15,9.72,19.3,16.5,25.4,15.85,9.47,14.0,20.6,19.35,240.0,78.5,2470.0,35.9,154.5,57.6,90.8,133.0,30.1,97.8,91.0,14.75,35.8,267.5,17.9,42.3,26.35,67.7,46.5,60.2,,99.9,184.0,40.85,75.3,17.35,11.9,140.5,54.1,83.3,78.8,224.0,204.5,284.0,,,75.3,,,34.0,83.4,214.0,78.7,237.0,51.2,40.45,83.2,56.9
45.6,41.3,56.9,82.2,77.4,70.8,11.95,39.6,71.5,32.95,32.8,338.5,158.0,34.25,49.6,280.5,11.4,25.15,32.1,59.4,197.0,72.7,25.0,15.75,25.05,40.25,342.5,419.0,42.75,77.7,64.3,49.0,30.0,385.5,389.0,396.5,54.1,15.6,207.5,39.7,19.75,108.0,26.05,50.9,20.8,135.0,8.31,12.25,18.8,48.0,15.5,22.15,75.3,30.0,326.5,88.4,9.68,47.7,50.6,95.2,87.0,32.2,83.7,243.5,8.27,13.15,96.2,169.0,77.5,28.15,107.5,513.0,282.5,12.05,135.0,67.8,16.95,50.5,10.2,15.65,14.6,,224.5,18.95,29.75,10.75,29.0,9.49,11.05,17.95,18.75,45.4,48.15,9.73,19.3,16.55,25.35,15.85,9.47,14.0,20.55,19.4,239.5,78.5,2475.0,35.9,154.5,57.6,90.8,133.0,30.1,97.8,91.0,14.75,35.8,267.5,17.9,42.3,26.35,67.7,46.45,60.2,,99.9,184.0,40.85,75.3,17.35,11.9,141.0,54.1,83.2,78.9,224.0,204.5,284.0,,,75.3,,,34.05,83.4,214.0,78.7,237.0,51.2,40.45,83.2,56.8
45.6,41.3,56.8,82.2,77.5,70.9,11.95,39.6,71.6,32.95,32.8,338.0,158.0,34.25,49.6,280.5,11.4,25.15,32.1,59.4,197.0,72.7,25.0,15.75,25.05,40.3,342.0,419.0,42.75,77.8,64.3,49.0,30.0,385.5,389.0,396.5,54.1,15.6,207.5,39.7,19.75,107.5,26.05,50.9,20.8,135.0,8.32,12.25,18.8,48.05,15.5,22.15,75.3,30.0,326.5,88.4,9.68,47.7,50.5,95.2,87.1,32.2,83.7,243.5,8.27,13.1,96.1,169.0,77.6,28.1,108.0,513.0,282.5,12.05,135.5,67.8,16.95,50.5,10.2,15.65,14.6,,224.5,18.95,29.75,10.75,29.0,9.48,11.05,17.95,18.75,45.4,48.15,9.73,19.3,16.5,25.35,15.9,9.47,13.95,20.6,19.35,239.5,78.5,2475.0,35.9,154.5,57.6,90.8,132.5,30.15,98.0,91.0,14.75,35.8,267.5,17.9,42.25,26.4,67.8,46.45,60.2,,99.9,184.0,40.85,75.3,17.35,11.9,140.5,54.1,83.3,78.8,224.0,204.5,284.0,,,75.3,,,34.05,83.4,214.5,78.7,237.0,51.2,40.45,83.1,56.8
45.6,41.3,56.8,82.2,77.4,70.9,11.9,39.55,71.5,32.95,32.8,338.0,158.0,34.25,49.6,280.5,11.4,25.2,32.1,59.4,197.0,72.7,25.0,15.75,25.05,40.25,342.5,419.0,42.75,77.8,64.3,49.0,30.0,385.5,389.0,396.5,54.1,15.55,207.5,39.7,19.75,108.0,26.05,50.9,20.8,134.5,8.32,12.2,18.75,47.95,15.5,22.1,75.2,30.05,327.0,88.2,9.69,47.7,50.5,95.2,87.0,32.2,83.7,243.5,8.27,13.1,96.1,169.5,77.6,28.15,107.5,513.0,283.0,12.05,135.0,67.8,16.95,50.4,10.2,15.65,14.6,,224.5,18.95,29.65,10.75,29.05,9.48,11.1,17.95,18.75,45.4,48.15,9.72,19.3,16.5,25.4,15.9,9.47,14.0,20.6,19.35,239.5,78.5,2475.0,35.95,154.0,57.6,90.8,133.0,30.15,98.0,91.0,14.75,35.8,267.5,17.9,42.3,26.35,67.8,46.45,60.3,,99.9,184.0,40.85,75.3,17.35,11.95,140.5,54.1,83.3,78.7,224.0,204.5,284.0,,,75.3,,,34.0,83.4,214.5,78.7,237.0,51.2,40.45,83.1,56.9
45.6,41.3,56.8,82.2,77.4,70.9,11.95,39.55,71.5,32.95,32.8,338.0,158.0,34.25,49.6,280.5,11.4,25.2,32.1,59.3,197.0,72.7,25.0,15.75,25.05,40.25,342.5,419.0,42.75,77.8,64.3,49.0,30.0,385.5,389.0,396.5,54.1,15.6,207.5,39.7,19.75,108.0,26.05,50.9,20.8,134.5,8.34,12.2,18.8,48.05,15.5,22.15,75.3,30.0,327.5,88.2,9.68,47.7,50.5,95.2,87.1,32.15,83.7,244.0,8.27,13.15,96.1,169.5,77.6,28.15,108.0,514.0,282.5,12.05,135.0,67.8,16.9,50.5,10.2,15.65,14.6,,224.5,18.95,29.7,10.75,29.0,9.48,11.05,17.95,18.75,45.4,48.15,9.72,19.3,16.5,25.4,15.9,9.47,13.95,20.6,19.35,240.0,78.5,2475.0,35.9,154.0,57.6,90.8,133.0,30.15,98.0,91.0,14.75,35.8,267.0,17.85,42.25,26.35,67.7,46.45,60.2,,100.0,184.0,40.85,75.3,17.35,11.9,140.5,54.1,83.3,78.7,224.0,204.5,284.5,,,75.3,,,34.0,83.4,214.5,78.7,237.0,51.2,40.45,83.1,56.9
45.55,41.3,56.9,82.2,77.4,70.8,11.9,39.55,71.5,32.95,32.8,338.0,158.0,34.25,49.65,280.5,11.4,25.2,32.1,59.3,197.0,72.7,25.0,15.75,25.05,40.25,343.0,419.0,42.75,77.9,64.2,49.0,30.0,385.5,389.0,396.5,54.1,15.6,207.5,39.7,19.7,107.5,26.05,51.0,20.8,135.0,8.33,12.2,18.8,47.95,15.5,22.15,75.2,29.95,327.5,88.1,9.68,47.65,50.5,95.1,87.1,32.15,83.7,244.0,8.27,13.15,96.2,169.5,77.5,28.15,108.0,513.0,282.5,12.05,135.0,67.8,16.9,50.5,10.2,15.65,14.55,,224.5,18.95,29.7,10.7,29.1,9.48,11.05,17.9,18.75,45.35,48.15,9.72,19.3,16.5,25.35,15.85,9.47,14.0,20.6,19.35,240.0,78.6,2475.0,35.9,154.0,57.5,90.8,133.0,30.1,98.0,91.0,14.75,35.8,267.5,17.85,42.25,26.35,67.8,46.5,60.1,,100.0,184.0,40.85,75.2,17.3,11.9,140.5,54.1,83.3,78.7,224.0,204.5,284.5,,,75.2,,,34.05,83.5,214.5,78.6,237.0,51.2,40.5,83.1,56.8
45.55,41.3,56.9,82.2,77.5,70.8,11.95,39.55,71.5,32.95,32.8,338.0,159.0,34.25,49.65,280.5,11.45,25.15,32.15,59.4,197.0,72.7,25.0,15.75,25.05,40.25,343.0,419.0,42.75,77.8,64.3,49.0,30.0,385.5,389.0,396.5,54.1,15.55,207.0,39.7,19.7,107.5,26.05,50.9,20.75,134.5,8.33,12.2,18.8,48.0,15.5,22.1,75.1,30.0,327.0,88.1,9.68,47.65,50.5,95.2,87.0,32.15,83.7,244.0,8.27,13.1,96.1,169.5,77.6,28.15,107.5,513.0,282.5,12.05,135.0,67.8,16.95,50.5,10.2,15.65,14.55,,224.5,18.95,29.7,10.7,29.05,9.49,11.05,17.9,18.8,45.4,48.15,9.72,19.3,16.5,25.35,15.85,9.47,13.95,20.6,19.4,240.0,78.6,2475.0,35.9,154.5,57.6,90.8,133.5,30.15,98.0,91.0,14.7,35.8,267.5,17.85,42.25,26.35,67.7,46.45,60.1,,100.0,184.0,40.85,75.2,17.35,11.9,140.5,54.1,83.2,78.7,224.0,204.5,285.0,,,75.3,,,34.0,83.4,215.0,78.6,237.5,51.1,40.45,83.1,56.8
45.55,41.3,56.9,82.2,77.4,70.8,11.9,39.55,71.5,32.9,32.8,338.0,159.0,34.25,49.6,280.5,11.4,25.15,32.15,59.4,197.0,72.7,24.95,15.75,25.05,40.25,343.0,419.0,42.7,77.9,64.3,49.05,30.0,385.5,389.0,396.5,54.1,15.55,207.5,39.65,19.7,108.0,26.05,51.0,20.75,135.0,8.32,12.25,18.8,47.95,15.5,22.1,75.1,30.0,327.5,88.0,9.65,47.65,50.5,95.0,87.0,32.15,83.7,244.0,8.27,13.1,96.1,169.5,77.6,28.15,108.0,513.0,282.5,12.0,135.0,67.8,16.9,50.5,10.15,15.65,14.55,,224.5,18.9,29.7,10.75,29.1,9.48,11.05,17.9,18.8,45.4,48.15,9.72,19.3,16.55,25.35,15.9,9.46,14.0,20.6,19.35,240.0,78.5,2470.0,35.9,154.5,57.6,90.9,133.5,30.1,98.0,91.0,14.75,35.8,267.5,17.85,42.2,26.35,67.7,46.5,60.0,,100.0,184.0,40.85,75.3,17.35,11.9,140.5,54.0,83.2,78.7,224.0,204.5,285.0,,,75.3,,,34.05,83.5,215.0,78.6,237.5,51.2,40.45,83.1,56.9
45.6,41.3,56.9,82.2,77.4,70.9,11.95,39.6,71.6,32.95,32.8,338.0,159.0,34.25,49.65,280.5,11.4,25.15,32.15,59.4,197.0,72.8,24.95,15.75,25.1,40.3,343.0,418.0,42.75,77.9,64.3,49.05,30.0,385.5,389.0,396.5,54.2,15.6,207.5,39.7,19.7,107.5,26.0,51.0,20.75,134.5,8.32,12.2,18.8,47.95,15.5,22.15,75.2,29.95,327.5,88.2,9.65,47.7,50.5,95.2,87.1,32.15,83.7,244.0,8.27,13.15,96.2,169.5,77.7,28.15,108.0,513.0,283.0,12.0,135.0,67.8,16.95,50.5,10.2,15.6,14.6,,224.5,18.95,29.7,10.7,29.1,9.48,11.05,18.0,18.8,45.4,48.15,9.73,19.35,16.5,25.4,15.9,9.47,13.95,20.55,19.35,240.0,78.5,2470.0,35.9,154.5,57.6,90.9,133.5,30.15,98.0,91.0,14.75,35.8,267.5,17.9,42.25,26.35,67.8,46.45,59.9,,100.0,184.0,40.85,75.3,17.35,11.9,140.5,54.0,83.2,78.7,224.0,204.5,285.0,,,75.3,,,34.0,83.5,214.5,78.8,237.5,51.2,40.45,83.1,56.8
45.6,41.3,56.8,82.2,77.5,70.9,11.9,39.55,71.5,32.95,32.8,338.0,158.5,34.3,49.65,279.5,11.45,25.15,32.15,59.4,197.0,72.7,25.0,15.75,25.1,40.25,343.0,418.0,42.75,77.9,64.3,49.05,30.0,385.5,389.0,396.5,54.1,15.55,207.5,39.65,19.7,108.0,26.0,51.0,20.8,135.0,8.32,12.25,18.8,47.95,15.5,22.1,75.2,30.0,327.0,88.2,9.68,47.65,50.5,95.2,87.0,32.15,83.7,243.5,8.27,13.1,96.1,169.5,77.7,28.15,107.5,513.0,282.5,12.0,135.0,67.8,16.95,50.4,10.25,15.6,14.6,,224.5,18.95,29.7,10.75,29.05,9.47,11.05,18.0,18.8,45.4,48.2,9.73,19.3,16.55,25.35,15.9,9.47,14.0,20.6,19.4,240.0,78.5,2475.0,35.9,154.0,57.6,90.9,133.5,30.1,98.0,91.1,14.75,35.8,267.0,17.85,42.2,26.35,67.8,46.45,59.8,,99.9,184.0,40.85,75.3,17.35,11.9,140.5,54.0,83.2,78.7,224.0,204.5,285.0,,,75.4,,,34.05,83.5,214.5,78.8,237.0,51.2,40.45,83.1,56.9
45.55,41.3,56.9,82.2,77.4,70.9,11.9,39.55,71.5,32.95,32.8,338.0,158.5,34.3,49.65,279.5,11.45,25.15,32.15,59.4,197.0,72.7,24.95,15.75,25.1,40.25,343.0,417.5,42.75,77.8,64.3,49.05,29.95,385.5,389.0,396.5,54.1,15.6,207.0,39.65,19.7,107.5,26.0,51.0,20.75,135.0,8.31,12.25,18.8,48.0,15.5,22.15,75.2,29.95,327.5,88.0,9.66,47.65,50.5,95.2,87.0,32.15,83.7,243.5,8.27,13.1,96.1,169.5,77.6,28.15,107.5,513.0,283.0,12.0,135.0,67.8,16.95,50.4,10.2,15.6,14.6,,224.5,18.95,29.7,10.7,29.05,9.48,11.1,18.0,18.8,45.4,48.15,9.73,19.3,16.5,25.4,15.85,9.47,13.95,20.6,19.4,240.0,78.5,2470.0,35.9,154.5,57.6,90.8,133.5,30.15,98.0,91.1,14.75,35.85,267.5,17.9,42.25,26.4,67.8,46.45,59.9,,99.9,184.0,40.85,75.3,17.35,11.9,140.0,54.1,83.3,78.7,224.0,204.5,285.0,,,75.4,,,34.05,83.5,214.5,78.8,237.0,51.2,40.45,83.1,56.9
45.6,41.3,56.8,82.2,77.5,70.9,11.9,39.55,71.5,32.95,32.8,338.0,158.0,34.25,49.65,279.5,11.4,25.2,32.15,59.4,197.0,72.7,24.95,15.75,25.1,40.25,343.0,417.5,42.75,77.8,64.2,49.05,30.0,385.5,388.5,396.5,54.2,15.6,207.5,39.7,19.7,108.0,26.05,51.0,20.75,135.0,8.32,12.25,18.8,48.0,15.5,22.15,75.2,29.95,327.0,88.0,9.68,47.7,50.5,95.2,87.0,32.15,83.8,244.0,8.27,13.1,96.1,170.0,77.6,28.1,108.0,512.0,282.5,12.0,135.0,67.7,16.95,50.5,10.25,15.6,14.6,,224.5,18.95,29.65,10.7,29.1,9.47,11.1,18.0,18.8,45.45,48.15,9.73,19.3,16.5,25.35,15.85,9.46,14.0,20.6,19.4,240.0,78.4,2470.0,35.9,154.0,57.7,90.9,133.0,30.1,98.1,91.1,14.75,35.85,267.5,17.9,42.25,26.35,67.8,46.45,59.9,,99.9,184.0,40.85,75.2,17.35,11.9,140.0,54.1,83.2,78.7,224.0,204.5,285.0,,,75.4,,,34.05,83.5,215.0,78.7,237.0,51.2,40.5,83.1,56.8
45.55,41.3,56.8,82.2,77.5,70.9,11.9,39.55,71.5,32.95,32.8,338.0,158.0,34.3,49.65,279.5,11.4,25.2,32.15,59.4,197.0,72.7,24.95,15.75,25.1,40.25,343.0,417.5,42.75,77.8,64.2,49.05,30.0,385.5,389.0,396.5,54.3,15.55,207.0,39.7,19.7,107.5,26.05,51.0,20.75,134.5,8.32,12.25,18.8,48.0,15.5,22.1,75.1,30.0,327.0,88.0,9.68,47.7,50.6,95.2,87.0,32.2,83.8,244.0,8.27,13.05,96.1,170.0,77.7,28.15,108.0,512.0,282.5,12.05,135.5,67.7,16.95,50.5,10.25,15.65,14.6,,224.5,18.95,29.65,10.7,29.1,9.47,11.1,18.0,18.75,45.45,48.15,9.73,19.3,16.55,25.35,15.9,9.47,13.95,20.6,19.4,240.0,78.5,2470.0,35.95,154.0,57.7,90.9,133.5,30.1,97.6,91.1,14.75,35.85,267.5,17.9,42.25,26.4,67.8,46.45,59.8,,100.0,184.0,40.85,75.2,17.3,11.9,140.0,54.0,83.3,78.6,224.0,204.5,285.0,,,75.4,,,34.05,83.5,215.0,78.6,237.0,51.2,40.45,83.1,56.9
45.6,41.3,56.9,82.2,77.4,70.9,11.9,39.55,71.5,32.95,32.8,338.0,158.0,34.3,49.65,279.5,11.45,25.2,32.15,59.4,196.5,72.7,25.0,15.75,25.05,40.25,343.0,417.5,42.75,77.8,64.2,49.05,30.0,385.0,389.0,396.5,54.2,15.6,207.5,39.7,19.7,108.0,26.1,51.0,20.75,135.0,8.33,12.25,18.8,47.95,15.5,22.1,75.1,30.0,327.0,88.1,9.68,47.7,50.5,95.2,87.1,32.1,83.7,244.5,8.27,13.1,96.1,170.0,77.7,28.15,108.0,513.0,282.5,12.05,135.0,67.7,16.95,50.5,10.25,15.65,14.6,,224.5,18.9,29.7,10.7,29.05,9.47,11.1,17.9,18.8,45.45,48.15,9.73,19.3,16.55,25.35,15.85,9.46,14.0,20.6,19.35,239.5,78.5,2470.0,35.95,154.5,57.8,90.9,133.5,30.1,97.6,91.1,14.75,35.85,267.5,17.9,42.3,26.35,67.7,46.45,59.8,,99.9,184.0,40.85,75.2,17.35,11.95,140.5,54.1,83.3,78.6,224.0,204.5,285.0,,,75.4,,,34.05,83.5,214.5,78.6,237.0,51.2,40.45,83.1,56.9
45.6,41.3,56.8,82.2,77.5,70.9,11.9,39.55,71.6,32.95,32.8,338.0,158.0,34.3,49.65,279.5,11.45,25.2,32.15,59.4,196.5,72.7,25.0,15.7,25.05,40.25,342.5,417.5,42.75,77.9,64.2,49.05,30.0,384.5,389.0,396.5,54.3,15.55,208.0,39.7,19.7,108.0,26.1,51.0,20.75,135.0,8.32,12.25,18.8,48.0,15.5,22.15,75.2,29.95,327.0,88.0,9.68,47.65,50.5,95.2,87.1,32.1,83.6,244.5,8.27,13.15,96.1,170.0,77.7,28.15,108.0,512.0,282.5,12.05,135.0,67.7,16.95,50.5,10.25,15.65,14.6,,224.5,18.95,29.7,10.75,29.05,9.48,11.05,17.9,18.8,45.4,48.15,9.73,19.3,16.5,25.35,15.9,9.47,13.95,20.6,19.4,239.5,78.4,2470.0,36.0,154.5,57.7,90.8,133.5,30.05,97.6,91.1,14.8,35.85,267.5,17.85,42.2,26.35,67.7,46.45,59.7,,100.0,184.0,40.85,75.2,17.35,11.9,140.0,54.1,83.3,78.6,224.0,204.5,285.0,,,75.4,,,34.05,83.4,214.5,78.8,237.0,51.1,40.45,83.1,56.9
45.6,41.35,56.8,82.1,77.4,70.9,11.95,39.55,71.8,32.95,32.8,338.0,158.0,34.3,49.6,279.5,11.45,25.2,32.15,59.4,196.5,72.7,25.0,15.75,25.05,40.25,343.0,417.5,42.75,77.9,64.2,49.05,30.0,386.0,389.0,396.5,54.2,15.6,208.0,39.7,19.7,108.0,26.05,51.0,20.8,134.5,8.32,12.3,18.8,48.0,15.5,22.15,75.1,29.95,326.5,88.0,9.68,47.65,50.5,95.2,87.1,32.15,83.7,245.0,8.27,13.15,96.1,170.0,77.6,28.1,108.0,513.0,283.0,12.05,135.0,67.8,16.95,50.5,10.25,15.65,14.6,,224.5,18.95,29.7,10.7,29.05,9.48,11.05,17.95,18.8,45.45,48.2,9.73,19.3,16.5,25.35,15.9,9.47,14.0,20.6,19.35,240.0,78.5,2470.0,36.0,154.5,57.6,90.9,133.0,30.05,97.6,91.1,14.75,35.85,267.5,17.9,42.25,26.4,67.8,46.45,59.7,,100.0,184.0,40.85,75.2,17.3,11.9,140.0,54.1,83.3,78.6,224.0,204.5,285.0,,,75.4,,,34.0,83.6,214.5,78.6,237.5,51.3,40.45,83.1,56.9
45.55,41.35,56.9,82.1,77.5,70.9,11.9,39.55,71.9,32.95,32.8,338.0,158.0,34.3,49.6,279.5,11.45,25.2,32.15,59.4,196.5,72.7,25.0,15.7,25.1,40.25,343.0,417.5,42.75,77.8,64.2,49.05,30.0,386.0,389.0,396.5,54.3,15.55,208.0,39.65,19.7,108.0,26.05,51.0,20.75,134.5,8.32,12.25,18.8,48.0,15.5,22.15,75.0,29.95,326.5,88.1,9.67,47.65,50.5,95.2,87.1,32.15,83.7,244.5,8.27,13.1,96.1,170.0,77.6,28.15,108.0,513.0,282.5,12.05,135.0,67.8,16.9,50.5,10.2,15.65,14.55,,224.0,18.95,29.7,10.7,29.05,9.48,11.1,17.95,18.8,45.5,48.2,9.73,19.3,16.5,25.4,15.9,9.46,14.0,20.6,19.35,239.5,78.5,2470.0,36.0,154.5,57.7,90.9,133.0,30.1,97.6,91.1,14.8,35.85,267.5,17.85,42.3,26.35,67.7,46.5,59.9,,100.0,184.0,40.8,75.2,17.35,11.9,140.0,54.1,83.3,78.5,224.0,204.5,285.5,,,75.4,,,34.0,83.5,214.5,78.6,237.5,51.3,40.4,83.1,56.8
45.55,41.35,56.8,82.1,77.4,70.9,11.9,39.55,71.6,32.9,32.75,338.0,158.0,34.3,49.6,280.0,11.4,25.2,32.15,59.4,196.5,72.7,25.0,15.7,25.05,40.25,343.0,419.0,42.75,77.8,64.2,49.05,30.0,386.0,389.0,396.5,54.2,15.6,208.0,39.7,19.7,108.0,26.05,50.9,20.8,135.0,8.3,12.25,18.8,48.0,15.5,22.15,75.0,29.95,327.0,88.1,9.68,47.65,50.4,95.2,87.1,32.15,83.7,245.0,8.27,13.1,96.1,170.0,77.6,28.1,108.0,513.0,283.0,12.05,135.0,67.7,16.9,50.5,10.2,15.65,14.6,,224.0,18.95,29.7,10.7,29.05,9.48,11.1,17.95,18.8,45.5,48.15,9.73,19.3,16.5,25.35,15.9,9.47,14.0,20.6,19.35,239.5,78.5,2470.0,36.0,154.5,57.7,90.8,133.5,30.1,97.9,91.1,14.8,35.85,268.0,17.85,42.25,26.35,67.7,46.5,59.9,,100.0,184.0,40.8,75.3,17.35,11.9,140.0,54.2,83.3,78.5,224.0,204.5,285.5,,,75.4,,,34.0,83.5,214.5,78.6,237.5,51.3,40.4,83.1,56.9
45.6,41.35,56.9,82.1,77.5,70.9,11.9,39.55,71.6,32.95,32.75,338.0,158.0,34.3,49.6,280.0,11.4,25.2,32.15,59.4,196.5,72.7,24.95,15.7,25.05,40.25,343.0,418.0,42.75,77.9,64.2,49.05,30.0,385.5,389.0,396.5,54.3,15.55,208.0,39.7,19.7,107.5,26.1,50.9,20.75,134.5,8.3,12.25,18.8,48.0,15.5,22.1,75.0,29.9,326.5,88.1,9.68,47.65,50.5,95.2,87.0,32.15,83.7,245.5,8.27,13.15,96.1,170.0,77.6,28.15,108.0,513.0,282.5,12.05,134.5,67.7,16.9,50.5,10.2,15.65,14.6,,224.0,18.95,29.75,10.7,29.05,9.48,11.1,17.95,18.8,45.45,48.15,9.73,19.3,16.5,25.35,15.9,9.47,13.95,20.6,19.35,239.5,78.5,2475.0,36.0,154.5,57.7,90.8,133.0,30.1,97.9,91.1,14.8,35.85,268.0,17.85,42.2,26.35,67.8,46.5,59.9,,100.0,184.0,40.8,75.3,17.35,11.9,140.5,54.1,83.3,78.5,224.0,204.5,286.0,,,75.4,,,34.0,83.5,215.0,78.6,237.5,51.3,40.5,83.1,56.9
45.55,41.35,56.9,82.1,77.4,70.9,11.9,39.55,71.6,32.9,32.75,338.0,159.0,34.3,49.6,280.0,11.4,25.2,32.15,59.4,197.0,72.7,24.95,15.75,25.05,40.25,343.0,417.5,42.75,77.9,64.2,49.05,30.0,385.5,389.0,396.0,54.2,15.6,208.0,39.7,19.7,107.5,26.05,50.9,20.8,135.0,8.3,12.25,18.8,48.0,15.5,22.15,75.0,29.95,327.0,88.1,9.68,47.65,50.4,95.2,87.1,32.15,83.7,245.5,8.27,13.15,96.1,170.0,77.6,28.1,108.0,512.0,282.5,12.05,135.0,67.7,16.9,50.4,10.25,15.65,14.6,,224.0,18.95,29.7,10.7,29.05,9.48,11.1,17.95,18.8,45.45,48.15,9.72,19.3,16.55,25.35,15.85,9.47,13.95,20.6,19.35,240.0,78.5,2475.0,36.0,154.5,57.7,90.9,133.5,30.1,97.9,91.1,14.75,35.85,268.0,17.9,42.2,26.35,67.8,46.5,59.8,,100.0,184.0,40.8,75.2,17.35,11.9,140.0,54.1,83.3,78.5,224.0,204.5,286.0,,,75.4,,,34.05,83.6,215.0,78.6,237.5,51.3,40.45,83.1,56.9
45.6,41.3,56.9,82.2,77.4,70.9,11.9,39.55,71.6,32.9,32.75,338.0,159.0,34.3,49.6,280.0,11.45,25.2,32.15,59.4,197.0,72.7,24.95,15.75,25.1,40.25,343.5,417.5,42.75,77.8,64.2,49.05,30.0,385.5,389.5,396.0,54.2,15.6,208.0,39.7,19.75,108.0,26.05,50.9,20.75,135.0,8.3,12.25,18.8,47.95,15.5,22.15,75.0,29.95,326.5,88.1,9.67,47.65,50.5,95.2,87.1,32.15,83.7,245.0,8.27,13.15,96.1,170.0,77.6,28.1,107.5,513.0,283.0,12.05,135.0,67.8,16.9,50.4,10.25,15.65,14.6,,224.0,18.95,29.75,10.7,29.05,9.49,11.1,17.95,18.8,45.4,48.15,9.74,19.3,16.55,25.35,15.9,9.46,13.95,20.6,19.4,240.0,78.5,2470.0,36.0,154.5,57.8,90.8,133.0,30.1,97.9,91.1,14.75,35.85,268.0,17.9,42.2,26.35,67.7,46.5,59.7,,100.5,184.0,40.8,75.2,17.35,11.9,140.0,54.2,83.3,78.5,224.0,204.5,287.0,,,75.4,,,34.0,83.5,215.0,78.6,237.5,51.3,40.45,83.1,56.8
45.6,41.35,56.9,82.2,77.4,70.9,11.9,39.55,71.6,32.95,32.8,338.0,159.0,34.3,49.6,280.0,11.4,25.2,32.15,59.4,197.0,72.7,24.95,15.75,25.1,40.25,343.5,417.5,42.75,77.8,64.3,49.05,30.0,385.5,389.5,396.0,54.3,15.55,207.5,39.7,19.7,108.0,26.05,50.9,20.75,134.5,8.3,12.25,18.8,48.0,15.5,22.15,75.0,29.95,327.0,88.0,9.68,47.65,50.4,95.2,87.1,32.15,83.7,245.5,8.27,13.15,96.2,170.0,77.6,28.1,108.0,513.0,282.5,12.05,135.0,67.8,16.95,50.5,10.25,15.65,14.55,,224.0,18.95,29.75,10.75,29.05,9.49,11.1,18.0,18.8,45.45,48.2,9.74,19.3,16.55,25.4,15.85,9.47,14.0,20.6,19.4,240.0,78.5,2475.0,35.95,154.5,57.8,90.9,133.0,30.1,97.9,91.1,14.8,35.85,267.5,17.9,42.2,26.4,67.8,46.5,59.8,,100.0,184.0,40.8,75.2,17.35,11.95,140.0,54.2,83.2,78.6,224.0,204.5,286.0,,,75.5,,,34.0,83.5,214.5,78.6,237.5,51.3,40.5,83.1,56.9
45.55,41.35,56.9,82.2,77.4,71.0,11.9,39.55,71.6,32.95,32.75,338.0,159.0,34.3,49.55,280.0,11.4,25.2,32.15,59.4,197.0,72.7,24.95,15.75,25.1,40.3,343.5,417.5,42.75,77.9,64.2,49.0,30.0,385.5,389.5,396.0,54.2,15.6,208.0,39.65,19.7,107.5,26.05,51.0,20.75,135.0,8.31,12.25,18.8,48.0,15.5,22.15,75.1,29.95,327.0,88.0,9.68,47.6,50.4,95.2,87.1,32.15,83.7,245.5,8.27,13.1,96.2,170.0,77.6,28.1,108.0,513.0,282.5,12.05,134.5,67.7,16.95,50.5,10.25,15.65,14.6,,224.0,18.95,29.75,10.7,29.05,9.48,11.1,18.0,18.8,45.45,48.2,9.74,19.3,16.5,25.35,15.9,9.46,14.0,20.6,19.35,239.5,78.5,2475.0,36.0,154.5,57.8,90.8,133.0,30.1,97.9,91.0,14.8,35.85,267.5,17.9,42.15,26.35,67.7,46.55,60.0,,100.0,184.0,40.8,75.2,17.35,11.9,140.5,54.2,83.3,78.5,224.0,204.5,286.0,,,75.5,,,34.0,83.5,215.0,78.6,237.5,51.2,40.45,83.1,56.8
45.55,41.35,56.9,82.1,77.5,70.9,11.9,39.55,71.6,32.9,32.75,338.0,158.5,34.3,49.55,280.0,11.45,25.2,32.15,59.4,197.0,72.7,25.0,15.7,25.05,40.3,343.5,417.5,42.7,77.8,64.2,49.05,30.0,385.5,389.5,396.0,54.2,15.6,207.5,39.75,19.75,108.0,26.1,50.9,20.75,134.5,8.31,12.3,18.8,48.0,15.5,22.15,75.0,30.0,327.0,88.0,9.68,47.6,50.4,95.2,87.1,32.15,83.7,245.0,8.27,13.1,96.1,169.5,77.6,28.15,108.0,513.0,282.5,12.05,134.5,67.7,16.9,50.5,10.2,15.65,14.6,,224.0,18.95,29.75,10.75,29.05,9.48,11.05,17.95,18.8,45.45,48.2,9.74,19.3,16.5,25.35,15.85,9.47,13.95,20.6,19.4,240.0,78.5,2475.0,36.0,154.5,57.8,90.9,133.0,30.05,97.9,91.0,14.75,35.85,267.5,17.85,42.15,26.35,67.8,46.5,59.9,,100.5,184.0,40.8,75.3,17.3,11.9,140.0,54.1,83.3,78.5,224.0,204.5,286.0,,,75.5,,,34.05,83.4,215.0,78.6,237.5,51.1,40.4,83.1,56.9
45.55,41.35,56.9,82.1,77.4,70.9,11.9,39.55,71.6,32.9,32.75,338.0,158.5,34.25,49.55,280.0,11.45,25.25,32.15,59.3,197.0,72.5,25.0,15.7,25.1,40.3,343.5,418.0,42.7,77.8,64.2,49.0,30.0,385.5,389.5,396.0,54.3,15.6,207.0,39.7,19.75,108.0,26.0,50.9,20.75,135.0,8.31,12.3,18.8,47.95,15.5,22.15,75.1,30.0,327.0,88.0,9.67,47.6,50.4,95.2,87.1,32.15,83.7,245.0,8.27,13.15,96.1,169.5,77.6,28.15,107.5,512.0,282.5,12.05,134.5,67.7,16.9,50.4,10.2,15.65,14.6,,224.0,18.95,29.75,10.7,29.05,9.49,11.1,17.95,18.8,45.45,48.15,9.74,19.3,16.55,25.35,15.85,9.47,14.0,20.6,19.4,240.0,78.5,2475.0,35.95,154.5,57.8,90.8,133.0,30.1,97.9,91.0,14.8,35.85,268.0,17.85,42.15,26.35,67.7,46.55,59.9,,100.5,184.0,40.8,75.2,17.35,11.9,140.0,54.1,83.3,78.5,224.0,204.5,286.0,,,75.5,,,34.0,83.4,215.0,78.6,237.5,51.1,40.4,83.1,56.9
45.6,41.35,56.9,82.1,77.4,70.8,11.9,39.55,71.6,32.9,32.75,338.5,158.0,34.3,49.55,280.0,11.4,25.25,32.15,59.3,197.0,72.5,24.95,15.75,25.05,40.25,343.5,419.0,42.7,77.8,64.2,49.05,29.95,385.5,389.5,396.0,54.2,15.55,207.0,39.7,19.75,108.0,26.0,50.9,20.8,135.0,8.31,12.25,18.8,47.95,15.5,22.15,75.1,29.95,326.5,88.0,9.68,47.65,50.4,95.2,87.1,32.15,83.7,245.0,8.27,13.05,96.1,169.5,77.6,28.15,107.5,513.0,282.5,12.05,134.5,67.7,16.95,50.4,10.2,15.65,14.6,,224.0,18.95,29.75,10.7,29.0,9.49,11.05,17.95,18.75,45.45,48.15,9.74,19.3,16.55,25.35,15.9,9.47,14.0,20.6,19.4,240.0,78.6,2475.0,35.95,154.5,57.8,90.8,133.5,30.1,97.9,91.0,14.75,35.85,267.5,17.9,42.15,26.35,67.7,46.6,59.9,,100.0,184.0,40.8,75.2,17.35,11.9,140.0,54.1,83.3,78.5,224.0,204.5,286.0,,,75.4,,,34.05,83.5,215.0,78.6,237.5,51.1,40.4,83.1,56.9
45.55,41.35,56.9,82.2,77.5,70.9,11.9,39.55,71.6,32.95,32.8,338.0,159.0,34.3,49.55,280.0,11.45,25.25,32.15,59.3,197.5,72.5,25.0,15.7,25.1,40.25,344.0,419.5,42.7,77.8,64.2,49.05,30.0,385.5,389.5,396.0,54.3,15.55,207.5,39.7,19.75,108.0,26.05,50.9,20.85,134.5,8.31,12.3,18.8,48.0,15.5,22.15,75.1,29.95,327.0,88.1,9.68,47.6,50.4,95.2,87.1,32.15,83.7,245.5,8.27,13.1,96.2,169.5,77.6,28.1,107.5,513.0,282.5,12.05,135.0,67.7,16.95,50.4,10.2,15.65,14.6,,224.0,18.95,29.7,10.75,29.05,9.48,11.1,18.0,18.8,45.4,48.15,9.73,19.35,16.5,25.4,15.85,9.47,14.0,20.65,19.35,240.0,78.6,2475.0,35.9,154.5,57.8,90.8,133.0,30.1,97.9,91.0,14.75,35.85,268.0,17.9,42.2,26.35,67.7,46.55,59.9,,100.5,183.5,40.85,75.2,17.3,11.95,139.5,54.1,83.2,78.6,224.0,204.5,286.0,,,75.5,,,34.0,83.1,215.0,78.8,238.0,51.2,40.4,83.1,56.8
45.6,41.35,56.9,82.2,77.4,70.9,11.95,39.55,71.6,32.95,32.8,337.5,158.0,34.25,49.55,280.0,11.4,25.25,32.15,59.3,197.5,72.5,24.95,15.7,25.1,40.25,344.0,418.0,42.7,77.9,64.2,49.05,30.0,386.0,389.5,396.0,54.2,15.55,207.5,39.75,19.75,108.0,26.0,50.9,20.85,135.0,8.31,12.3,18.8,48.0,15.5,22.1,75.1,29.95,327.0,88.2,9.68,47.65,50.4,95.2,87.1,32.15,83.7,245.5,8.27,13.1,96.1,169.5,77.7,28.1,108.0,513.0,282.0,12.05,134.5,67.7,16.95,50.4,10.25,15.65,14.6,,224.0,18.95,29.75,10.7,29.05,9.49,11.1,18.0,18.8,45.4,48.15,9.74,19.3,16.55,25.35,15.85,9.47,14.0,20.6,19.35,240.0,78.6,2475.0,35.9,154.0,57.7,90.9,133.0,30.1,98.0,91.0,14.75,35.85,268.0,17.9,42.15,26.4,67.8,46.55,59.9,,100.5,183.5,40.8,75.2,17.35,11.9,139.5,54.1,83.3,78.5,224.0,204.5,285.5,,,75.5,,,34.0,83.1,215.0,78.8,238.0,51.2,40.4,83.1,56.9
45.55,41.35,56.9,82.2,77.4,70.8,11.95,39.55,71.5,32.95,32.8,337.5,158.0,34.3,49.55,280.0,11.45,25.25,32.15,59.3,197.5,72.5,24.95,15.7,25.1,40.25,344.0,418.0,42.75,77.8,64.2,49.05,30.0,385.0,389.5,396.0,54.2,15.6,207.5,39.7,19.75,108.0,26.05,51.0,20.85,135.0,8.31,12.25,18.8,48.0,15.5,22.15,75.1,29.95,327.0,88.2,9.68,47.65,50.4,95.1,87.0,32.15,83.7,246.0,8.27,13.1,96.1,169.5,77.6,28.1,107.5,513.0,282.0,12.05,134.5,67.7,16.9,50.4,10.2,15.65,14.6,,224.0,18.95,29.8,10.7,29.0,9.48,11.1,18.0,18.8,45.45,48.15,9.74,19.3,16.5,25.35,15.9,9.47,14.0,20.6,19.35,240.0,78.6,2475.0,35.9,154.5,57.7,90.8,133.5,30.1,98.0,91.0,14.75,35.85,268.5,17.9,42.1,26.4,67.8,46.6,59.9,,100.5,183.5,40.8,75.2,17.35,11.9,140.0,54.1,83.2,78.5,224.0,204.5,285.0,,,75.5,,,34.05,83.1,215.0,78.8,237.5,51.2,40.4,83.1,56.8
45.55,41.35,56.9,82.1,77.4,70.9,11.95,39.55,71.5,32.9,32.75,337.5,158.0,34.3,49.55,280.0,11.45,25.25,32.15,59.3,197.5,72.5,25.0,15.7,25.05,40.25,343.5,420.5,42.75,77.9,64.3,49.05,30.0,385.0,389.5,396.0,54.2,15.55,207.5,39.7,19.75,108.0,26.05,50.9,20.85,135.0,8.3,12.25,18.8,48.0,15.5,22.1,75.0,30.0,327.0,88.2,9.68,47.65,50.5,95.1,87.0,32.2,83.7,246.0,8.27,13.05,96.1,169.5,77.6,28.1,107.5,512.0,282.5,12.05,134.5,67.7,16.9,50.4,10.2,15.6,14.6,,224.0,18.9,29.8,10.75,29.0,9.49,11.1,17.95,18.75,45.45,48.15,9.73,19.3,16.5,25.4,15.85,9.47,14.0,20.6,19.4,239.5,78.6,2475.0,35.9,154.0,57.8,90.8,133.5,30.05,98.0,91.0,14.75,35.85,268.5,17.85,42.2,26.35,67.7,46.55,59.9,,100.5,183.5,40.8,75.2,17.35,11.9,139.5,54.1,83.3,78.6,224.0,204.5,285.0,,,75.5,,,34.0,83.1,215.0,78.8,237.5,51.2,40.4,83.1,56.9
45.55,41.3,56.8,82.1,77.5,70.8,11.95,39.55,71.5,32.9,32.75,337.5,158.0,34.3,49.55,280.0,11.45,25.25,32.15,59.3,197.5,72.5,25.0,15.7,25.05,40.25,343.5,420.0,42.75,77.9,64.3,49.05,30.0,385.0,389.5,396.0,54.3,15.6,207.5,39.7,19.75,108.0,26.05,51.0,20.85,135.0,8.3,12.25,18.75,48.05,15.5,22.1,75.0,30.0,327.0,88.2,9.67,47.65,50.4,95.1,87.0,32.2,83.7,245.5,8.27,13.05,96.1,169.5,77.7,28.1,107.5,513.0,282.0,12.05,134.5,67.8,16.9,50.4,10.25,15.6,14.6,,224.0,18.9,29.8,10.7,29.05,9.49,11.1,17.95,18.75,45.4,48.15,9.73,19.3,16.55,25.4,15.85,9.46,13.95,20.6,19.4,239.5,78.6,2475.0,35.9,154.0,57.8,90.8,133.5,30.1,98.0,91.0,14.75,35.85,269.0,17.85,42.1,26.35,67.7,46.55,59.9,,100.5,183.5,40.8,75.2,17.3,11.9,140.0,54.1,83.3,78.6,223.5,204.5,285.0,,,75.5,,,34.0,83.1,215.0,78.8,237.5,51.1,40.5,83.1,56.8
45.55,41.3,56.9,82.1,77.4,70.9,11.95,39.5,71.6,32.95,32.75,338.0,158.0,34.35,49.55,279.5,11.45,25.25,32.15,59.3,197.5,72.5,25.0,15.7,25.05,40.25,343.5,420.0,42.75,77.8,64.3,49.05,30.0,385.0,389.5,396.0,54.2,15.6,208.0,39.65,19.75,108.0,26.0,50.9,20.85,135.0,8.3,12.25,18.8,48.05,15.5,22.1,75.1,30.0,326.5,88.2,9.67,47.6,50.4,95.1,87.1,32.2,83.7,245.5,8.27,13.05,96.1,169.5,77.7,28.1,108.0,512.0,282.5,12.05,135.0,67.8,16.9,50.4,10.25,15.6,14.6,,224.0,18.95,29.8,10.7,29.0,9.48,11.1,17.95,18.8,45.4,48.15,9.73,19.3,16.5,25.4,15.85,9.46,13.95,20.6,19.35,239.5,78.6,2475.0,35.9,154.5,57.8,90.8,133.0,30.1,98.0,91.0,14.75,35.85,269.5,17.9,42.1,26.35,67.8,46.6,59.8,,100.5,183.5,40.8,75.1,17.3,11.9,140.0,54.0,83.2,78.6,223.5,204.5,285.0,,,75.5,,,34.0,83.1,215.0,78.8,237.5,51.1,40.5,83.1,56.9
45.55,41.35,56.9,82.1,77.4,70.8,11.95,39.5,71.6,32.9,32.75,337.5,158.0,34.35,49.5,280.0,11.4,25.25,32.15,59.3,197.5,72.5,25.0,15.7,25.05,40.2,343.5,421.5,42.75,77.8,64.3,49.05,30.0,385.0,389.5,396.0,54.3,15.55,208.0,39.65,19.75,108.0,26.0,51.0,20.85,134.5,8.29,12.25,18.8,48.05,15.5,22.1,75.1,30.0,326.5,88.2,9.67,47.65,50.4,95.2,87.1,32.1,83.7,245.5,8.27,13.1,96.1,169.5,77.6,28.1,108.0,513.0,282.0,12.05,134.5,67.7,16.95,50.4,10.25,15.6,14.6,,224.0,18.95,29.8,10.7,29.0,9.48,11.1,17.95,18.8,45.4,48.2,9.73,19.3,16.55,25.4,15.85,9.46,13.95,20.55,19.4,239.5,78.6,2475.0,35.9,154.5,57.8,90.9,133.0,30.1,98.0,91.0,14.75,35.7,269.5,17.9,42.2,26.35,67.7,46.6,59.9,,100.0,183.5,40.8,75.2,17.35,11.9,140.0,54.0,83.2,78.5,223.5,204.5,285.5,,,75.5,,,34.0,83.1,215.0,78.8,237.5,51.1,40.5,83.1,56.9
45.55,41.3,56.8,82.2,77.5,70.9,11.95,39.5,71.6,32.9,32.75,337.5,159.0,34.35,49.55,280.0,11.45,25.25,32.15,59.3,197.5,72.5,25.0,15.7,25.05,40.2,343.0,421.5,42.7,77.9,64.4,49.05,30.0,385.0,389.5,396.0,54.3,15.6,207.5,39.65,19.75,108.0,26.05,50.8,20.85,134.5,8.3,12.25,18.8,48.05,15.5,22.1,75.0,29.95,327.0,88.4,9.67,47.6,50.5,95.2,87.1,32.1,83.7,246.0,8.27,13.05,96.1,169.5,77.6,28.1,108.0,512.0,282.0,12.05,135.0,67.7,16.9,50.4,10.2,15.6,14.6,,224.0,18.9,29.8,10.75,29.0,9.47,11.1,17.95,18.75,45.45,48.15,9.74,19.35,16.55,25.4,15.85,9.46,14.0,20.55,19.35,239.5,78.6,2475.0,35.95,154.0,57.8,90.9,133.5,30.1,98.0,91.0,14.75,35.7,269.5,17.9,42.2,26.4,67.8,46.55,59.9,,100.0,183.5,40.8,75.2,17.3,11.85,140.0,54.0,83.3,78.5,223.5,204.5,286.0,,,75.5,,,34.0,83.4,214.5,78.8,237.5,51.1,40.45,83.1,56.8
45.6,41.3,56.9,82.2,77.4,70.9,11.9,39.5,71.6,32.9,32.75,337.5,159.0,34.3,49.55,280.0,11.4,25.25,32.1,59.3,197.5,72.5,25.0,15.7,25.05,40.2,343.0,421.5,42.7,77.9,64.3,49.05,30.0,385.0,389.5,396.0,54.2,15.55,207.5,39.65,19.75,108.0,26.05,50.9,20.85,135.0,8.29,12.25,18.8,48.0,15.5,22.15,75.1,30.0,327.0,88.4,9.67,47.6,50.5,95.2,87.0,32.2,83.7,246.0,8.27,13.05,96.1,170.0,77.6,28.1,108.0,513.0,282.5,12.05,135.0,67.7,16.95,50.4,10.25,15.6,14.55,,224.0,18.95,29.8,10.7,29.0,9.48,11.1,17.95,18.75,45.45,48.15,9.73,19.3,16.55,25.4,15.85,9.45,13.95,20.6,19.35,239.5,78.5,2475.0,35.95,154.0,57.8,90.8,133.5,30.05,98.0,90.9,14.75,35.7,269.0,17.9,42.2,26.4,67.8,46.55,59.8,,100.0,183.5,40.8,75.1,17.3,11.85,140.0,54.0,83.3,78.5,223.5,204.5,286.0,,,75.4,,,34.0,83.1,214.5,78.8,237.5,51.1,40.5,83.1,56.9
45.65,41.3,56.9,82.2,77.4,70.9,11.9,39.5,71.7,32.9,32.75,338.0,159.0,34.35,49.55,280.5,11.45,25.25,32.15,59.3,197.5,72.3,24.95,15.7,25.05,40.2,343.0,421.5,42.7,77.9,64.3,49.05,30.0,385.0,389.5,396.0,54.2,15.6,208.0,39.65,19.75,108.0,26.05,50.9,20.85,135.0,8.29,12.25,18.75,48.0,15.5,22.1,75.0,30.0,326.5,88.3,9.67,47.6,50.5,95.2,87.0,32.2,83.7,246.0,8.27,13.1,96.1,169.5,77.6,28.15,108.0,513.0,282.5,12.0,135.0,67.7,16.9,50.4,10.2,15.6,14.55,,224.0,18.95,29.8,10.7,29.0,9.48,11.1,17.95,18.75,45.45,48.2,9.74,19.3,16.55,25.35,15.9,9.45,14.0,20.55,19.35,239.5,78.5,2475.0,35.95,154.0,57.8,90.8,133.5,30.1,97.9,91.0,14.75,35.7,269.0,17.9,42.2,26.4,67.8,46.6,59.8,,100.5,183.5,40.8,75.1,17.35,11.85,140.5,54.0,83.3,78.7,223.5,204.5,286.0,,,75.4,,,34.0,83.0,214.5,78.6,237.5,51.1,40.5,83.0,56.9
45.65,41.35,56.8,82.2,77.5,70.8,11.9,39.5,71.7,32.85,32.75,338.0,159.0,34.35,49.5,280.0,11.4,25.25,32.15,59.3,197.0,72.3,24.95,15.7,25.1,40.2,343.0,421.0,42.7,77.9,64.3,49.05,30.0,385.0,389.5,396.0,54.3,15.6,208.0,39.65,19.75,108.0,26.05,50.9,20.85,134.5,8.29,12.3,18.75,48.05,15.5,22.1,75.1,30.0,327.0,88.3,9.67,47.65,50.5,95.0,87.0,32.2,83.7,246.0,8.27,13.1,96.1,170.0,77.6,28.1,107.5,512.0,282.5,12.05,134.5,67.7,16.9,50.4,10.25,15.6,14.6,,224.0,18.95,29.75,10.7,29.0,9.48,11.1,17.95,18.75,45.45,48.15,9.72,19.3,16.55,25.35,15.85,9.45,13.95,20.55,19.4,239.5,78.5,2480.0,35.95,154.0,57.8,90.8,133.5,30.05,97.9,91.0,14.75,35.7,268.5,17.9,42.15,26.4,67.8,46.55,59.8,,100.5,183.5,40.8,75.2,17.3,11.85,140.0,54.1,83.2,78.7,223.5,204.0,286.0,,,75.4,,,33.9,83.0,214.5,78.6,237.5,51.1,40.4,83.0,56.9
45.6,41.4,56.9,82.2,77.4,70.8,11.9,39.5,71.6,32.85,32.75,338.0,159.0,34.4,49.5,280.0,11.4,25.3,32.15,59.3,197.0,72.3,25.0,15.7,25.1,40.2,342.5,421.0,42.7,77.9,64.3,49.05,29.95,385.5,389.5,396.5,54.2,15.55,208.0,39.65,19.75,108.0,26.05,50.9,20.85,135.0,8.28,12.25,18.75,48.05,15.5,22.1,75.1,30.0,326.5,88.3,9.66,47.65,50.6,95.0,87.1,32.1,83.7,246.0,8.27,13.1,96.0,169.5,77.6,28.1,107.5,512.0,282.0,12.05,134.5,67.8,16.9,50.5,10.25,15.65,14.55,,224.0,18.9,29.75,10.7,29.05,9.48,11.1,17.95,18.75,45.5,48.15,9.72,19.3,16.55,25.35,15.9,9.45,14.0,20.6,19.4,239.5,78.4,2475.0,35.9,154.0,57.8,90.9,133.0,30.05,97.9,91.0,14.75,35.7,269.0,17.9,42.2,26.4,67.7,46.55,59.8,,100.5,183.5,40.8,75.1,17.3,11.85,140.0,54.1,83.2,78.7,223.5,204.0,286.0,,,75.5,,,33.85,83.4,214.5,78.6,237.5,51.0,40.4,83.0,56.9
45.65,41.4,56.8,82.2,77.4,70.9,11.9,39.5,71.6,32.85,32.75,338.0,159.0,34.4,49.5,280.0,11.45,25.3,32.15,59.4,197.0,72.3,24.95,15.7,25.05,40.2,342.5,421.0,42.7,77.9,64.3,49.05,29.95,385.5,389.5,396.5,54.2,15.55,207.5,39.65,19.8,108.0,26.0,50.9,20.85,134.5,8.3,12.25,18.75,48.05,15.5,22.1,75.1,30.0,326.5,88.4,9.66,47.6,50.6,95.0,87.1,32.1,83.6,245.5,8.27,13.15,96.0,170.0,77.6,28.1,108.0,513.0,282.5,12.05,134.5,67.8,16.9,50.4,10.2,15.65,14.55,,224.0,18.9,29.8,10.7,29.05,9.48,11.1,17.95,18.75,45.5,48.15,9.72,19.3,16.55,25.35,15.9,9.45,13.95,20.55,19.35,240.0,78.4,2470.0,35.9,154.5,57.7,90.9,133.5,30.1,97.9,91.0,14.8,35.7,269.0,17.85,42.15,26.35,67.7,46.55,59.8,,100.0,183.5,40.8,75.1,17.3,11.9,140.0,54.1,83.2,78.6,223.5,204.0,286.0,,,75.5,,,33.85,82.9,214.5,78.6,237.5,51.0,40.45,83.0,56.8
45.6,41.4,56.9,82.2,77.4,70.9,11.9,39.55,71.6,32.85,32.75,338.0,159.0,34.45,49.5,280.0,11.4,25.3,32.15,59.4,197.5,72.3,24.95,15.7,25.05,40.2,342.5,420.5,42.7,77.9,64.3,49.05,30.0,385.5,389.5,396.5,54.2,15.55,207.5,39.7,19.8,107.5,26.0,50.9,20.85,135.0,8.29,12.3,18.75,48.0,15.5,22.15,75.1,30.0,326.5,88.4,9.67,47.65,50.5,95.1,87.1,32.05,83.7,245.5,8.27,13.1,96.0,170.0,77.5,28.1,108.0,513.0,282.5,12.0,134.5,67.8,16.85,50.4,10.2,15.65,14.6,,224.0,18.9,29.8,10.7,29.05,9.48,11.1,17.95,18.75,45.45,48.15,9.73,19.3,16.5,25.4,15.85,9.46,13.95,20.55,19.35,240.0,78.4,2470.0,35.9,154.0,57.7,90.9,133.5,30.1,98.0,91.0,14.8,35.7,269.0,17.9,42.2,26.4,67.7,46.6,59.8,,100.5,184.0,40.8,75.2,17.35,11.85,140.0,54.1,83.3,78.7,223.5,204.0,286.0,,,75.4,,,33.9,82.9,214.5,78.6,237.5,51.1,40.4,83.0,56.9
45.6,41.4,56.9,82.2,77.4,70.9,11.95,39.55,71.6,32.9,32.75,338.0,158.5,34.45,49.55,280.0,11.45,25.3,32.15,59.4,197.5,72.5,24.95,15.7,25.05,40.25,342.5,421.0,42.7,77.9,64.3,49.05,29.95,385.5,389.5,396.0,54.2,15.6,207.5,39.65,19.75,108.0,26.05,50.9,20.85,134.5,8.3,12.25,18.75,48.0,15.5,22.1,75.1,29.95,327.0,88.4,9.66,47.6,50.6,95.1,87.1,32.05,83.7,245.0,8.27,13.1,96.0,170.0,77.6,28.05,108.0,513.0,282.0,12.0,134.5,67.8,16.85,50.4,10.25,15.65,14.6,,224.0,18.9,29.75,10.7,29.0,9.48,11.05,17.95,18.75,45.45,48.15,9.73,19.3,16.5,25.35,15.9,9.45,13.95,20.55,19.35,240.0,78.4,2475.0,35.9,154.5,57.8,90.8,133.5,30.05,97.9,91.1,14.75,35.7,269.5,17.85,42.2,26.4,67.7,46.55,59.8,,100.0,184.0,40.8,75.2,17.3,11.85,140.0,54.1,83.3,78.6,223.5,204.0,286.0,,,75.4,,,33.85,82.9,214.5,78.6,237.5,51.1,40.4,83.0,56.8
45.6,41.4,56.9,82.2,77.4,70.8,11.9,39.55,71.6,32.85,32.75,338.0,158.5,34.45,49.55,280.0,11.45,25.3,32.15,59.3,197.5,72.5,25.0,15.7,25.05,40.25,342.0,421.0,42.7,77.8,64.3,49.0,29.95,385.5,389.5,396.0,54.0,15.6,208.0,39.65,19.75,108.0,26.05,50.9,20.85,135.0,8.29,12.25,18.75,48.0,15.5,22.15,75.1,29.95,327.0,88.4,9.66,47.65,50.6,95.1,87.0,32.05,83.7,245.0,8.27,13.1,96.0,170.0,77.6,28.05,108.0,512.0,282.0,12.05,135.0,67.8,16.85,50.4,10.2,15.65,14.6,,225.0,18.9,29.75,10.75,29.05,9.49,11.05,17.95,18.8,45.45,48.15,9.72,19.3,16.5,25.35,15.85,9.45,14.0,20.5,19.35,240.0,78.4,2475.0,35.9,154.0,57.8,90.8,133.5,30.1,97.7,91.1,14.75,35.7,269.0,17.9,42.2,26.4,67.7,46.55,59.9,,100.0,184.0,40.8,75.2,17.3,11.85,140.0,54.0,83.3,78.6,223.5,204.0,285.5,,,75.4,,,33.85,83.3,214.5,78.6,237.5,51.0,40.4,83.0,56.8
45.55,41.4,56.9,82.2,77.4,70.9,11.9,39.55,71.6,32.85,32.8,338.0,158.5,34.4,49.55,280.0,11.45,25.3,32.15,59.3,197.5,72.5,24.95,15.75,25.1,40.25,342.0,420.5,42.7,77.8,64.2,49.0,29.95,385.5,389.5,396.0,54.0,15.6,208.0,39.65,19.75,107.5,26.05,50.9,20.85,134.5,8.29,12.2,18.75,48.0,15.5,22.15,75.1,30.0,327.0,88.6,9.66,47.6,50.5,95.1,87.1,32.05,83.7,245.0,8.27,13.15,96.1,170.5,77.6,28.05,108.0,513.0,282.5,12.05,135.0,67.8,16.85,50.4,10.2,15.65,14.6,,225.0,18.95,29.75,10.75,29.0,9.48,11.1,17.95,18.8,45.45,48.15,9.72,19.3,16.5,25.35,15.9,9.45,13.95,20.5,19.35,240.0,78.4,2475.0,35.85,154.5,57.7,90.8,133.0,30.05,97.9,91.1,14.75,35.7,268.5,17.85,42.2,26.4,67.7,46.55,59.9,,99.9,184.0,40.8,75.2,17.3,11.85,140.0,54.1,83.4,78.7,223.5,203.5,285.5,,,75.5,,,33.85,83.3,215.5,78.6,237.5,51.0,40.4,83.0,56.9
45.6,41.4,56.9,82.2,77.4,70.8,11.9,39.55,71.6,32.9,32.8,338.0,158.5,34.45,49.55,280.0,11.45,25.3,32.15,59.4,197.5,72.5,24.95,15.75,25.05,40.25,342.0,420.5,42.7,77.8,64.2,49.0,30.0,385.5,388.5,396.0,54.0,15.6,208.0,39.65,19.75,107.5,26.05,50.9,20.85,134.5,8.29,12.25,18.75,48.0,15.5,22.1,75.0,29.95,327.0,88.5,9.66,47.65,50.5,95.1,87.0,32.05,83.6,245.0,8.27,13.1,96.0,170.0,77.6,28.05,108.0,513.0,282.0,12.0,134.5,67.8,16.85,50.4,10.2,15.65,14.6,,225.0,18.9,29.75,10.7,29.0,9.49,11.05,17.95,18.8,45.45,48.2,9.72,19.3,16.5,25.35,15.85,9.46,14.0,20.5,19.35,240.0,78.4,2470.0,35.9,154.0,57.7,90.9,133.5,30.05,97.9,91.1,14.75,35.8,269.0,17.85,42.15,26.4,67.7,46.5,59.9,,99.9,184.0,40.8,75.2,17.3,11.9,140.0,54.0,83.3,78.7,223.5,203.5,286.0,,,75.5,,,33.8,83.3,215.0,78.6,237.5,50.9,40.4,83.0,56.8
45.55,41.4,56.8,82.2,77.4,70.8,11.95,39.55,71.6,32.85,32.8,338.0,158.5,34.45,49.55,279.5,11.4,25.3,32.1,59.4,197.5,72.5,24.95,15.75,25.05,40.25,342.0,420.5,42.75,77.8,64.2,49.0,30.0,385.0,388.5,396.0,54.0,15.6,208.0,39.65,19.8,108.0,26.05,50.8,20.85,135.0,8.29,12.25,18.8,48.0,15.5,22.1,75.0,29.95,327.0,88.5,9.66,47.65,50.5,95.1,87.0,32.05,83.7,245.0,8.27,13.15,96.0,170.0,77.6,28.1,108.0,513.0,282.5,12.0,134.5,67.8,16.85,50.4,10.2,15.65,14.6,,224.0,18.9,29.75,10.7,29.0,9.49,11.05,17.9,18.8,45.45,48.15,9.72,19.25,16.55,25.35,15.85,9.45,13.95,20.55,19.35,240.0,78.4,2470.0,35.9,154.0,57.7,90.9,133.5,30.05,97.9,91.1,14.75,35.8,269.0,17.85,42.1,26.4,67.8,46.55,59.8,,100.0,183.5,40.75,75.2,17.35,11.9,140.5,54.1,83.3,78.8,223.5,203.5,286.0,,,75.4,,,33.8,83.0,215.0,78.6,237.5,50.9,40.4,83.0,56.9
45.55,41.35,56.8,82.1,77.4,70.9,11.95,39.55,71.7,32.85,32.75,338.0,158.5,34.45,49.55,279.5,11.45,25.3,32.15,59.4,197.0,72.3,24.95,15.75,25.1,40.2,341.5,420.0,42.75,77.8,64.2,49.0,29.95,386.0,388.5,396.0,54.0,15.6,207.5,39.65,19.8,108.0,26.0,50.9,20.85,134.5,8.3,12.2,18.8,48.0,15.5,22.1,75.1,29.95,326.5,88.6,9.66,47.65,50.5,95.1,87.1,32.05,83.7,244.0,8.27,13.1,96.0,170.0,77.5,28.1,108.0,512.0,282.5,12.0,134.5,67.7,16.9,50.4,10.2,15.6,14.55,,224.0,18.95,29.75,10.7,29.05,9.49,11.05,17.9,18.75,45.5,48.15,9.73,19.25,16.5,25.35,15.85,9.45,14.0,20.55,19.35,239.5,78.5,2470.0,35.85,154.5,57.7,90.9,133.5,30.05,97.9,91.0,14.75,35.8,269.0,17.9,42.15,26.4,67.7,46.5,59.8,,99.9,184.0,40.75,75.2,17.35,11.85,140.0,54.1,83.3,78.8,224.0,203.5,286.5,,,75.5,,,33.8,83.1,215.0,78.6,237.5,50.9,40.35,83.0,56.9
45.6,41.35,56.8,82.1,77.5,70.8,11.95,39.55,71.6,32.8,32.75,338.0,158.5,34.4,49.55,279.5,11.45,25.3,32.15,59.4,197.0,72.3,24.95,15.75,25.05,40.2,341.5,420.0,42.7,77.8,64.2,49.0,29.95,386.0,388.5,396.0,54.0,15.6,207.5,39.6,19.8,108.0,26.0,50.8,20.9,135.0,8.3,12.2,18.8,48.05,15.5,22.1,75.1,29.95,327.0,88.5,9.66,47.6,50.5,95.1,87.0,32.0,83.7,244.0,8.27,13.1,96.0,171.0,77.6,28.05,107.5,512.0,282.5,12.0,134.5,67.7,16.9,50.5,10.25,15.6,14.6,,224.0,18.95,29.75,10.7,29.05,9.48,11.05,17.9,18.75,45.5,48.15,9.73,19.25,16.55,25.35,15.85,9.46,13.95,20.55,19.35,240.0,78.4,2475.0,35.85,154.0,57.7,90.8,133.5,30.05,97.9,91.0,14.75,35.8,269.5,17.85,42.1,26.4,67.7,46.45,59.9,,99.9,184.0,40.75,75.3,17.35,11.85,140.0,54.1,83.3,78.8,224.0,203.0,286.5,,,75.4,,,33.8,83.1,215.0,78.6,237.5,51.0,40.35,83.0,56.9
45.55,41.35,56.8,82.1,77.4,70.8,11.9,39.55,71.6,32.85,32.8,338.0,158.5,34.45,49.5,280.0,11.4,25.3,32.15,59.3,197.5,72.3,25.0,15.75,25.05,40.2,341.5,421.0,42.7,77.7,64.2,49.0,30.0,386.0,388.0,396.0,54.0,15.6,207.5,39.6,19.8,108.0,26.0,50.8,20.85,134.5,8.29,12.2,18.75,48.0,15.5,22.1,75.1,30.0,327.0,88.6,9.66,47.6,50.5,95.2,87.1,32.0,83.7,244.0,8.27,13.1,96.1,170.5,77.6,28.05,107.5,513.0,282.0,12.05,135.0,67.7,16.9,50.5,10.2,15.6,14.55,,224.0,18.95,29.75,10.75,29.0,9.49,11.05,17.95,18.75,45.5,48.15,9.73,19.3,16.5,25.35,15.9,9.45,13.95,20.55,19.35,240.0,78.4,2475.0,35.9,154.5,57.7,90.8,133.5,30.05,97.7,91.0,14.75,35.9,269.0,17.9,42.1,26.4,67.8,46.45,60.1,,100.0,184.0,40.75,75.2,17.35,11.85,140.0,54.1,83.3,78.9,224.0,203.0,285.5,,,75.4,,,33.75,82.9,215.0,78.6,237.0,51.0,40.35,83.0,56.9
45.6,41.35,56.8,82.1,77.5,70.9,11.95,39.5,71.6,32.85,32.8,338.0,158.5,34.45,49.5,279.0,11.45,25.25,32.15,59.3,197.5,72.4,25.0,15.75,25.1,40.2,342.0,421.0,42.7,77.8,64.2,49.05,30.0,386.0,389.0,396.0,54.0,15.6,207.5,39.6,19.75,108.0,26.0,50.7,20.85,134.5,8.29,12.2,18.8,48.05,15.5,22.1,75.1,30.0,326.5,88.6,9.66,47.65,50.4,95.1,87.1,32.05,83.6,244.5,8.27,13.1,96.1,171.0,77.6,28.1,107.5,512.0,282.0,12.05,134.5,67.7,16.9,50.5,10.25,15.6,14.6,,224.0,18.95,29.8,10.7,29.05,9.49,11.05,17.95,18.75,45.5,48.15,9.72,19.3,16.55,25.35,15.9,9.45,13.95,20.55,19.35,239.5,78.4,2475.0,35.9,154.5,57.6,90.8,133.5,30.05,97.7,91.0,14.75,35.9,269.0,17.85,42.05,26.4,67.8,46.4,60.1,,100.0,184.0,40.75,75.2,17.3,11.9,140.0,54.1,83.3,78.9,224.0,203.0,285.5,,,75.5,,,33.75,82.9,215.0,78.6,237.5,50.9,40.35,83.0,56.9
45.55,41.35,56.9,82.1,77.4,70.8,11.9,39.5,71.7,32.8,32.8,338.0,158.5,34.4,49.5,279.0,11.4,25.2,32.15,59.4,197.5,72.5,24.95,15.8,25.05,40.25,341.5,421.0,42.7,77.8,64.2,49.05,30.0,386.0,389.0,396.0,54.0,15.6,207.5,39.6,19.75,107.5,26.05,50.7,20.9,135.0,8.28,12.2,18.8,48.05,15.5,22.1,75.1,30.0,326.5,88.5,9.65,47.65,50.4,95.1,87.1,32.05,83.6,244.5,8.27,13.1,96.0,170.5,77.6,28.1,107.5,513.0,282.5,12.05,134.5,67.7,16.9,50.5,10.2,15.6,14.6,,224.0,18.9,29.8,10.7,29.05,9.49,11.05,17.95,18.8,45.5,48.15,9.72,19.3,16.5,25.35,15.9,9.45,14.0,20.55,19.4,239.5,78.4,2475.0,35.9,154.5,57.6,90.8,133.5,30.05,97.7,91.0,14.75,35.9,269.0,17.9,42.05,26.4,67.7,46.45,60.1,,99.9,184.5,40.75,75.3,17.3,11.85,140.5,54.1,83.2,78.9,224.0,203.5,286.0,,,75.4,,,33.7,83.0,215.0,78.6,237.5,50.9,40.35,83.0,56.9
45.55,41.35,56.9,82.3,77.4,70.8,11.9,39.5,71.6,32.8,32.8,338.0,158.5,34.45,49.5,280.0,11.4,25.2,32.15,59.3,197.5,72.5,24.95,15.8,25.05,40.2,341.5,422.0,42.7,77.7,64.2,49.0,30.0,386.0,389.0,396.0,54.0,15.6,207.5,39.65,19.75,108.0,26.0,50.7,20.9,134.5,8.29,12.2,18.8,48.05,15.5,22.1,75.0,30.0,327.0,88.6,9.66,47.6,50.4,95.1,87.0,32.0,83.7,244.5,8.27,13.1,96.0,170.5,77.6,28.1,107.5,513.0,282.5,12.05,134.5,67.7,16.85,50.5,10.25,15.6,14.6,,224.0,18.95,29.8,10.7,29.0,9.49,11.05,17.95,18.8,45.5,48.15,9.72,19.3,16.5,25.35,15.85,9.45,13.95,20.55,19.35,239.5,78.4,2475.0,35.9,154.5,57.6,90.8,133.5,30.05,97.7,91.0,14.75,35.9,270.0,17.85,42.05,26.45,67.8,46.45,60.0,,99.9,184.0,40.75,75.2,17.35,11.85,140.0,54.1,83.3,78.8,224.0,203.5,286.0,,,75.5,,,33.7,83.0,215.0,78.6,237.5,50.9,40.35,83.0,57.0
45.55,41.35,56.8,82.2,77.4,70.8,11.9,39.5,71.6,32.8,32.75,338.0,158.5,34.45,49.5,280.0,11.4,25.2,32.15,59.3,197.5,72.4,25.0,15.8,25.1,40.25,341.5,420.0,42.65,77.7,64.2,49.0,30.0,386.0,389.0,395.5,54.1,15.6,207.5,39.6,19.75,108.0,26.0,50.7,20.85,135.0,8.29,12.2,18.8,48.1,15.5,22.1,75.1,30.0,326.5,88.7,9.66,47.6,50.4,95.2,87.1,32.05,83.7,244.5,8.27,13.1,96.1,171.0,77.6,28.1,107.5,513.0,282.0,12.05,134.5,67.7,16.85,50.5,10.2,15.6,14.55,,224.0,18.9,29.75,10.75,29.05,9.48,11.1,17.95,18.8,45.5,48.15,9.72,19.3,16.5,25.35,15.9,9.45,14.0,20.5,19.4,239.5,78.3,2475.0,35.9,154.0,57.6,90.8,133.5,30.05,97.8,91.0,14.75,35.9,271.0,17.85,42.1,26.4,67.8,46.45,60.1,,99.9,184.0,40.75,75.2,17.35,11.85,140.0,54.2,83.3,78.8,224.0,203.5,286.0,,,75.4,,,33.65,83.1,215.0,78.6,237.5,50.9,40.35,83.0,56.9
45.55,41.35,56.8,82.2,77.4,70.9,11.9,39.5,71.7,32.8,32.75,338.0,158.5,34.45,49.5,280.0,11.4,25.25,32.15,59.3,197.5,72.3,25.0,15.8,25.05,40.25,341.5,422.0,42.65,77.8,64.2,49.0,30.0,386.0,389.0,395.5,54.1,15.6,207.5,39.6,19.75,107.5,26.0,50.6,20.85,135.0,8.29,12.2,18.8,48.05,15.5,22.1,75.1,30.0,326.5,88.6,9.66,47.65,50.5,95.1,87.1,32.05,83.7,244.5,8.27,13.1,96.0,171.0,77.7,28.1,107.5,513.0,282.5,12.0,134.5,67.7,16.9,50.4,10.25,15.6,14.55,,224.0,18.9,29.8,10.75,29.1,9.49,11.05,17.95,18.8,45.5,48.15,9.72,19.3,16.5,25.35,15.85,9.46,13.95,20.5,19.4,239.5,78.4,2475.0,35.85,154.5,57.6,90.8,133.5,30.05,97.8,91.0,14.75,35.9,271.0,17.85,42.1,26.4,67.8,46.45,60.0,,99.9,184.0,40.75,75.2,17.35,11.85,140.0,54.2,83.3,78.8,224.0,203.5,286.0,,,75.5,,,33.65,83.2,214.5,78.6,237.5,50.9,40.4,83.0,57.0
45.55,41.35,56.8,82.2,77.4,70.9,11.9,39.6,71.6,32.85,32.8,338.0,158.5,34.4,49.5,280.0,11.45,25.25,32.15,59.4,197.5,72.3,25.0,15.75,25.1,40.25,341.5,422.0,42.7,77.8,64.3,49.0,30.0,386.0,389.0,395.5,54.1,15.55,208.0,39.65,19.8,108.0,25.95,50.5,20.9,134.5,8.29,12.25,18.75,48.1,15.5,22.1,75.0,30.0,326.5,88.2,9.66,47.6,50.4,95.1,87.0,32.0,83.7,245.0,8.27,13.1,96.1,171.0,77.6,28.1,107.5,513.0,282.5,12.0,134.5,67.7,16.9,50.4,10.25,15.65,14.6,,224.0,18.95,29.8,10.75,29.05,9.49,11.05,17.9,18.75,45.55,48.15,9.72,19.3,16.5,25.35,15.85,9.46,14.0,20.5,19.35,240.0,78.5,2480.0,35.85,154.5,57.6,90.8,133.5,30.05,97.8,91.0,14.75,35.95,271.0,17.85,42.0,26.45,67.8,46.5,60.1,,100.0,184.0,40.75,75.2,17.35,11.85,140.0,54.1,83.2,78.8,224.0,203.5,286.5,,,75.4,,,33.7,83.2,214.5,78.6,237.5,51.0,40.45,83.0,57.0
45.55,41.35,56.9,82.1,77.3,70.9,11.95,39.6,71.6,32.85,32.8,338.0,158.5,34.45,49.5,280.0,11.45,25.25,32.15,59.4,197.5,72.4,25.0,15.75,25.05,40.2,341.5,422.0,42.7,77.8,64.2,49.05,30.0,386.0,389.0,395.5,54.1,15.55,207.5,39.65,19.8,108.0,26.0,50.5,20.85,134.5,8.28,12.2,18.75,48.1,15.5,22.1,75.0,30.0,326.5,88.0,9.65,47.6,50.4,95.1,87.0,32.1,83.7,244.5,8.27,13.15,96.1,171.0,77.6,28.1,107.5,513.0,282.0,12.0,135.0,67.7,16.9,50.4,10.25,15.55,14.55,,224.0,18.95,29.8,10.75,29.1,9.49,11.05,17.9,18.8,45.5,48.15,9.71,19.3,16.5,25.3,15.85,9.46,13.95,20.5,19.4,239.5,78.5,2480.0,35.9,154.5,57.6,90.8,133.5,30.05,97.9,91.1,14.75,35.95,270.5,17.85,42.0,26.4,67.7,46.5,60.0,,100.0,184.5,40.75,75.3,17.3,11.9,140.5,54.1,83.2,78.8,224.0,203.0,286.5,,,75.4,,,33.65,83.2,214.5,78.6,237.5,50.9,40.45,83.0,56.9
45.55,41.35,56.9,82.1,77.4,70.9,11.9,39.55,71.6,32.85,32.8,338.0,158.5,34.4,49.5,280.0,11.45,25.25,32.15,59.4,197.5,72.3,25.0,15.75,25.1,40.25,341.5,422.0,42.65,77.8,64.2,49.0,30.0,386.0,389.0,395.5,54.1,15.6,208.0,39.65,19.75,108.0,26.0,50.5,20.9,135.0,8.28,12.2,18.8,48.1,15.5,22.1,75.1,30.0,326.5,88.0,9.66,47.6,50.4,95.2,87.0,32.1,83.7,244.5,8.27,13.15,96.0,171.0,77.7,28.15,108.0,513.0,282.0,12.0,134.5,67.7,16.9,50.5,10.25,15.55,14.6,,224.0,18.95,29.85,10.75,29.05,9.49,11.1,17.95,18.75,45.55,48.15,9.72,19.3,16.5,25.3,15.9,9.46,14.0,20.55,19.4,239.5,78.5,2475.0,35.9,154.0,57.5,90.9,133.5,30.1,98.0,91.1,14.75,35.95,270.5,17.9,42.0,26.4,67.8,46.5,60.1,,100.0,184.0,40.8,75.2,17.35,11.85,140.5,54.1,83.3,78.8,224.5,203.0,286.5,,,75.5,,,33.65,83.2,215.0,78.6,238.0,50.9,40.45,83.0,56.9
45.55,41.35,56.9,82.2,77.4,70.9,11.9,39.55,71.5,32.9,32.8,338.0,158.5,34.4,49.5,280.0,11.4,25.25,32.15,59.4,197.5,72.4,25.0,15.75,25.05,40.25,341.5,422.0,42.7,77.8,64.2,49.05,30.0,386.0,389.0,395.5,54.0,15.6,207.5,39.65,19.75,108.0,26.0,50.5,20.9,135.0,8.29,12.2,18.8,48.1,15.5,22.1,75.1,30.0,327.0,88.1,9.65,47.6,50.4,95.2,87.1,32.0,83.7,244.5,8.27,13.1,96.0,171.0,77.6,28.15,108.0,513.0,282.0,12.0,134.5,67.7,16.9,50.5,10.25,15.65,14.6,,224.0,18.9,29.8,10.75,29.0,9.49,11.05,17.95,18.8,45.5,48.15,9.72,19.35,16.5,25.35,15.9,9.46,13.95,20.5,19.4,239.5,78.4,2475.0,35.9,154.5,57.6,90.8,133.5,30.05,97.9,91.0,14.75,35.95,270.5,17.9,42.05,26.45,67.8,46.5,60.1,,100.5,184.0,40.75,75.2,17.35,11.85,140.0,54.1,83.3,78.8,224.5,203.0,286.5,,,75.5,,,33.65,83.3,215.0,78.6,238.0,51.0,40.4,83.0,57.0
45.55,41.4,56.8,82.2,77.3,70.8,11.9,39.6,71.5,32.85,32.75,338.0,159.0,34.45,49.5,279.5,11.4,25.25,32.15,59.4,197.0,72.4,25.0,15.75,25.1,40.25,342.0,422.0,42.7,77.8,64.2,49.05,30.0,386.0,389.0,395.5,54.0,15.6,208.0,39.65,19.75,108.0,26.05,50.5,20.9,134.5,8.29,12.2,18.8,48.1,15.5,22.1,75.0,30.0,326.5,88.1,9.66,47.6,50.5,95.3,87.0,32.15,83.7,245.0,8.27,13.1,96.0,171.5,77.6,28.15,107.5,512.0,282.0,12.0,134.5,67.7,16.9,50.5,10.25,15.65,14.6,,225.0,18.9,29.85,10.75,29.05,9.49,11.1,17.95,18.75,45.55,48.15,9.72,19.35,16.5,25.3,15.9,9.46,13.95,20.5,19.4,239.0,78.4,2480.0,35.9,154.0,57.5,90.8,133.5,30.05,97.9,91.1,14.7,35.95,270.5,17.85,42.05,26.45,67.9,46.5,60.0,,100.0,184.0,40.8,75.2,17.35,11.85,140.0,54.1,83.2,78.8,224.5,203.0,287.0,,,75.5,,,33.65,83.3,215.0,78.6,238.0,50.9,40.45,83.0,56.9
45.5,41.4,56.9,82.2,77.5,70.8,11.9,39.6,71.5,32.85,32.8,338.0,159.0,34.45,49.5,278.0,11.45,25.25,32.15,59.4,197.0,72.2,25.0,15.8,25.1,40.25,341.5,421.0,42.7,77.8,64.2,49.0,30.0,385.0,389.0,395.5,54.0,15.6,208.0,39.65,19.8,108.0,26.0,50.5,20.9,134.5,8.28,12.2,18.8,48.1,15.5,22.1,75.0,29.95,326.5,88.1,9.65,47.65,50.5,95.5,87.1,32.15,83.7,244.5,8.27,13.1,96.1,171.5,77.6,28.1,108.0,513.0,282.0,12.0,134.5,67.7,16.9,50.4,10.25,15.65,14.55,,225.0,18.9,29.85,10.75,29.05,9.49,11.1,17.95,18.75,45.5,48.2,9.72,19.35,16.5,25.35,15.9,9.46,13.95,20.5,19.4,239.0,78.4,2475.0,35.85,154.0,57.6,90.8,133.5,30.05,97.9,91.1,14.75,35.95,270.5,17.85,42.2,26.45,67.9,46.6,60.0,,100.5,184.0,40.75,75.2,17.35,11.85,140.0,54.1,83.3,78.8,224.5,203.0,287.0,,,75.4,,,33.65,83.5,215.0,78.6,238.0,50.9,40.45,83.0,56.9
45.55,41.4,56.9,82.2,77.5,70.8,11.9,39.6,71.5,32.95,32.85,338.0,159.0,34.45,49.5,278.0,11.45,25.3,32.15,59.3,197.0,72.2,25.0,15.75,25.05,40.25,342.0,421.0,42.7,77.9,64.2,49.0,30.0,385.0,389.0,395.5,54.0,15.55,208.0,39.7,19.8,108.0,26.0,50.6,20.95,134.5,8.28,12.25,18.75,48.15,15.5,22.05,75.1,30.0,327.0,88.1,9.65,47.6,50.4,95.5,87.1,32.0,83.7,244.5,8.27,13.1,96.0,171.5,77.6,28.1,108.0,512.0,282.0,12.0,134.5,67.7,16.9,50.4,10.25,15.65,14.55,,225.5,18.95,29.85,10.75,29.0,9.49,11.1,17.95,18.8,45.55,48.15,9.72,19.3,16.5,25.35,15.9,9.45,13.95,20.55,19.4,239.5,78.4,2475.0,35.85,154.5,57.6,90.8,133.5,30.05,97.9,91.0,14.75,35.95,270.5,17.9,42.05,26.4,67.9,46.55,60.1,,100.5,184.0,40.75,75.3,17.35,11.85,140.5,54.0,83.3,78.6,224.5,203.5,287.0,,,75.5,,,33.65,83.5,215.0,78.6,237.5,50.9,40.45,83.0,56.9
45.5,41.4,56.9,82.2,77.5,70.8,11.9,39.7,71.5,32.95,32.85,338.0,159.0,34.45,49.5,278.0,11.4,25.25,32.15,59.3,197.0,72.2,25.0,15.75,25.1,40.25,341.5,422.0,42.7,77.9,64.2,49.05,30.0,386.0,389.0,395.5,54.0,15.6,208.0,39.65,19.8,107.5,26.05,50.6,20.9,134.5,8.28,12.25,18.8,48.1,15.5,22.05,75.2,30.0,327.0,88.1,9.67,47.55,50.4,95.2,87.1,32.0,83.7,244.5,8.27,13.1,96.0,171.5,77.7,28.1,107.5,513.0,282.0,12.0,134.5,67.7,16.9,50.4,10.2,15.65,14.55,,225.5,18.9,29.85,10.75,29.05,9.49,11.1,17.95,18.8,45.55,48.15,9.72,19.3,16.55,25.35,15.9,9.45,13.95,20.5,19.4,239.5,78.4,2475.0,35.85,154.0,57.6,90.8,133.5,30.0,97.9,91.0,14.75,35.95,270.0,17.9,42.1,26.4,67.9,46.6,60.0,,100.5,184.0,40.75,75.2,17.35,11.85,140.5,54.1,83.2,78.6,224.5,203.5,287.0,,,75.5,,,33.65,83.5,215.0,78.6,237.5,50.9,40.45,83.0,57.0
45.5,41.4,56.9,82.2,77.4,70.8,11.9,39.7,71.5,32.85,32.95,338.0,159.0,34.4,49.5,278.5,11.4,25.25,32.15,59.4,197.0,72.3,25.0,15.75,25.05,40.2,341.5,422.0,42.7,77.7,64.2,49.05,30.0,386.0,389.0,395.5,54.0,15.55,208.0,39.7,19.75,108.0,26.05,50.7,20.9,135.0,8.3,12.25,18.8,48.15,15.5,22.05,75.2,30.0,327.0,88.1,9.67,47.55,50.3,95.0,87.2,32.0,83.7,245.0,8.27,13.1,96.1,171.0,77.6,28.15,107.5,513.0,281.5,12.0,135.0,67.6,16.9,50.4,10.25,15.6,14.55,,225.5,18.9,29.85,10.75,29.05,9.49,11.1,17.95,18.8,45.55,48.15,9.72,19.35,16.5,25.4,15.9,9.45,14.0,20.55,19.4,239.5,78.4,2480.0,35.85,154.5,57.6,90.8,133.5,30.05,97.9,91.0,14.75,35.95,270.0,17.85,42.05,26.4,67.8,46.55,59.9,,100.0,184.0,40.75,75.2,17.35,11.85,140.5,54.1,83.2,78.6,224.5,203.0,287.0,,,75.4,,,33.6,83.5,214.5,78.6,237.5,50.9,40.4,83.0,56.9
45.5,41.4,56.8,82.2,77.4,70.9,11.95,39.7,71.5,32.95,32.95,338.0,159.0,34.4,49.5,278.5,11.45,25.25,32.15,59.3,197.0,72.3,25.0,15.75,25.1,40.2,341.5,422.0,42.7,77.8,64.2,49.05,30.0,386.0,389.0,395.0,54.0,15.6,208.0,39.7,19.8,108.0,26.05,50.8,20.85,134.5,8.29,12.25,18.75,48.15,15.5,22.05,75.2,30.0,326.5,88.1,9.66,47.55,50.4,95.3,87.2,32.0,83.7,245.0,8.27,13.1,96.0,171.0,77.6,28.15,107.5,512.0,281.5,12.0,135.0,67.6,16.9,50.5,10.25,15.65,14.6,,225.5,18.9,29.9,10.75,29.05,9.49,11.1,17.95,18.8,45.55,48.15,9.72,19.3,16.55,25.35,15.85,9.45,13.95,20.5,19.4,239.5,78.4,2480.0,35.9,154.0,57.6,90.8,133.5,30.05,98.0,91.0,14.75,35.95,269.5,17.9,42.2,26.4,67.9,46.55,59.9,,100.0,184.0,40.75,75.3,17.35,11.85,140.5,54.0,83.3,78.6,224.5,203.0,287.0,,,75.5,,,33.65,83.5,214.5,78.6,237.5,51.0,40.5,83.0,56.9
45.55,41.4,56.9,82.2,77.5,70.8,11.95,39.7,71.5,32.95,32.9,338.0,159.0,34.4,49.55,278.5,11.45,25.25,32.15,59.4,197.5,72.3,25.0,15.75,25.1,40.25,341.5,422.0,42.7,77.8,64.2,49.05,30.0,385.0,388.0,395.0,53.8,15.6,208.0,39.7,19.75,108.0,26.05,50.8,20.85,134.5,8.29,12.2,18.8,48.1,15.5,22.1,75.2,30.0,327.0,88.1,9.66,47.5,50.5,95.3,87.2,32.0,83.7,245.0,8.27,13.1,96.0,171.0,77.5,28.1,107.5,513.0,281.5,12.0,134.5,67.6,16.9,50.5,10.2,15.65,14.6,,225.5,18.9,29.85,10.75,29.05,9.49,11.1,17.95,18.8,45.55,48.15,9.71,19.3,16.55,25.35,15.9,9.45,13.95,20.5,19.35,239.5,78.5,2480.0,35.9,154.0,57.6,90.8,133.5,30.05,98.1,91.0,14.75,35.95,270.0,17.9,42.2,26.4,67.8,46.55,59.9,,100.0,184.0,40.75,75.3,17.35,11.85,140.5,54.1,83.2,78.6,224.5,203.0,286.5,,,75.5,,,33.6,83.5,214.5,78.6,237.5,51.0,40.35,83.0,56.9
45.55,41.4,56.8,82.2,77.6,70.8,11.9,39.7,71.5,32.95,32.9,338.0,159.0,34.45,49.55,278.0,11.4,25.2,32.15,59.3,197.5,72.3,25.0,15.75,25.05,40.2,341.0,422.0,42.7,77.8,64.2,49.05,30.0,386.0,388.0,395.0,53.8,15.55,208.0,39.7,19.75,108.0,26.05,50.7,20.9,135.0,8.28,12.2,18.8,48.1,15.5,22.1,75.2,30.0,326.5,88.1,9.66,47.5,50.5,95.3,87.2,32.1,83.7,245.5,8.27,13.15,96.0,171.5,77.5,28.1,108.0,513.0,281.5,12.0,134.5,67.6,16.9,50.5,10.25,15.55,14.6,,225.5,18.95,29.85,10.7,29.05,9.48,11.1,17.9,18.8,45.55,48.15,9.72,19.3,16.5,25.35,15.85,9.46,13.95,20.5,19.4,239.5,78.5,2485.0,35.85,154.0,57.6,90.8,133.5,30.1,98.0,90.9,14.75,35.95,270.0,17.85,42.1,26.4,67.9,46.55,59.9,,100.0,184.0,40.75,75.3,17.3,11.85,140.0,54.1,83.2,78.7,224.0,203.0,287.0,,,75.5,,,33.65,83.5,214.5,78.6,238.0,51.0,40.45,83.0,56.9
45.55,41.4,56.8,82.2,77.5,70.9,11.9,39.7,71.5,32.95,32.9,338.0,159.0,34.45,49.55,278.0,11.4,25.25,32.15,59.3,197.5,72.3,24.95,15.75,25.05,40.3,341.0,421.0,42.7,77.7,64.2,49.05,30.0,385.0,388.5,395.5,53.8,15.6,208.0,39.65,19.8,108.0,26.05,50.8,20.9,134.5,8.3,12.2,18.8,48.15,15.5,22.1,75.0,30.0,327.0,88.0,9.66,47.55,50.4,95.2,87.2,32.15,83.7,245.5,8.27,13.1,96.0,171.0,77.6,28.1,108.0,514.0,282.0,12.0,134.5,67.7,16.9,50.5,10.25,15.6,14.55,,225.5,18.95,29.9,10.75,29.05,9.48,11.1,17.9,18.75,45.5,48.15,9.72,19.3,16.5,25.4,15.85,9.45,13.95,20.55,19.4,239.5,78.5,2485.0,35.85,154.0,57.6,90.9,133.0,30.05,98.0,90.9,14.75,35.95,270.0,17.9,42.1,26.45,67.9,46.55,59.9,,100.0,184.0,40.75,75.3,17.35,11.85,140.0,54.1,83.3,78.6,224.0,203.5,287.0,,,75.5,,,33.65,83.5,214.0,78.6,237.5,51.0,40.45,83.0,56.9
45.5,41.4,56.9,82.2,77.5,70.9,11.9,39.75,71.5,32.95,32.95,338.0,159.0,34.45,49.55,278.0,11.45,25.25,32.15,59.3,198.0,72.3,25.0,15.75,25.05,40.3,341.0,421.0,42.7,77.7,64.2,49.05,29.95,385.0,389.0,395.0,53.9,15.6,208.0,39.65,19.8,108.0,26.05,50.7,20.9,135.0,8.29,12.2,18.75,48.1,15.5,22.15,75.3,30.0,327.0,88.4,9.66,47.6,50.5,95.2,87.2,32.0,83.7,245.5,8.27,13.15,96.1,171.5,77.5,28.1,108.0,514.0,281.5,11.95,134.5,67.6,16.85,50.5,10.25,15.6,14.55,,225.5,18.95,29.85,10.75,29.05,9.49,11.1,17.95,18.8,45.55,48.1,9.73,19.3,16.5,25.4,15.85,9.46,13.95,20.5,19.35,239.5,78.5,2485.0,35.85,154.0,57.6,90.8,133.0,30.1,98.0,91.0,14.75,35.95,270.5,17.9,42.1,26.45,67.9,46.5,59.8,,100.0,184.0,40.8,75.2,17.35,11.85,141.0,54.1,83.2,78.7,224.0,203.5,288.0,,,75.5,,,33.65,83.5,214.5,78.7,237.5,51.0,40.45,83.0,56.9
45.5,41.4,56.8,82.2,77.5,70.8,11.9,39.75,71.6,32.95,32.95,338.0,159.0,34.4,49.55,278.0,11.4,25.2,32.15,59.3,198.0,72.4,25.0,15.75,25.05,40.25,341.0,420.5,42.7,77.8,64.2,49.0,30.0,385.5,389.0,395.0,53.9,15.6,207.5,39.65,19.75,108.0,26.05,50.6,20.9,135.0,8.28,12.2,18.75,48.1,15.5,22.1,75.2,30.0,326.5,88.0,9.65,47.6,50.5,95.2,87.2,32.0,83.7,245.5,8.27,13.1,96.0,171.5,77.6,28.1,108.0,513.0,281.5,11.95,134.5,67.6,16.85,50.5,10.25,15.55,14.5,,225.5,18.95,29.85,10.75,29.05,9.49,11.1,17.95,18.75,45.55,48.1,9.73,19.3,16.5,25.4,15.85,9.45,13.95,20.55,19.35,239.5,78.6,2485.0,35.8,154.0,57.6,90.8,133.5,30.1,98.0,91.0,14.75,35.95,270.0,17.9,42.1,26.45,67.9,46.45,59.8,,100.0,184.0,40.8,75.3,17.35,11.85,141.0,54.1,83.2,78.7,224.0,203.5,288.0,,,75.5,,,33.65,83.5,214.5,78.7,237.5,51.1,40.4,83.0,57.0
45.5,41.35,56.8,82.2,77.5,70.9,11.9,39.75,71.5,32.95,32.95,338.5,159.0,34.4,49.55,278.0,11.45,25.3,32.15,59.3,198.0,72.3,25.0,15.75,25.05,40.2,341.0,421.0,42.7,77.8,64.2,49.05,30.0,385.5,389.0,395.0,53.9,15.6,207.5,39.7,19.75,108.0,26.1,50.6,20.9,135.0,8.29,12.2,18.75,48.1,15.5,22.1,75.1,30.0,327.0,88.1,9.65,47.6,50.4,95.1,87.3,32.05,83.7,245.5,8.27,13.15,96.1,171.5,77.6,28.1,107.5,514.0,281.5,11.95,135.0,67.7,16.85,50.4,10.2,15.55,14.5,,225.5,18.95,29.85,10.75,29.0,9.48,11.1,17.95,18.75,45.5,48.1,9.73,19.3,16.55,25.4,15.9,9.46,13.95,20.5,19.4,239.5,78.6,2490.0,35.9,154.0,57.5,90.8,133.5,30.05,98.0,91.2,14.7,35.8,270.0,17.85,42.1,26.45,67.9,46.45,59.9,,100.0,184.0,40.8,75.2,17.3,11.85,140.5,54.0,83.2,78.6,224.0,203.5,288.0,,,75.4,,,33.65,83.5,214.5,78.7,237.5,51.2,40.4,83.0,57.0
45.5,41.4,56.9,82.2,77.6,70.9,11.9,39.75,71.6,32.9,32.95,338.5,159.0,34.45,49.55,277.5,11.45,25.2,32.15,59.4,198.0,72.4,24.95,15.75,25.1,40.2,341.0,421.0,42.7,77.8,64.3,49.05,30.0,386.0,389.0,395.0,53.9,15.6,207.5,39.7,19.75,108.0,26.1,50.5,20.9,135.0,8.28,12.15,18.8,48.15,15.5,22.1,75.2,30.0,327.0,88.1,9.66,47.6,50.5,95.3,87.4,32.05,83.7,246.0,8.27,13.1,96.1,171.5,77.5,28.1,108.0,514.0,281.5,11.95,134.5,67.7,16.9,50.4,10.2,15.6,14.6,,225.5,18.95,29.8,10.7,29.05,9.48,11.1,17.95,18.75,45.55,48.1,9.73,19.35,16.55,25.4,15.9,9.46,13.95,20.55,19.35,239.5,78.6,2490.0,35.85,154.0,57.6,90.8,133.0,30.1,97.9,91.0,14.75,35.8,270.0,17.9,42.1,26.45,67.8,46.5,60.0,,100.0,184.0,40.8,75.3,17.3,11.9,140.5,54.0,83.2,78.6,223.5,204.0,289.0,,,75.5,,,33.6,83.5,214.5,78.7,237.5,51.2,40.35,83.0,57.0
45.55,41.35,56.8,82.2,77.5,70.9,11.9,39.8,71.5,32.85,32.95,338.0,159.0,34.45,49.5,277.5,11.4,25.2,32.1,59.4,198.0,72.4,25.0,15.75,25.1,40.2,340.5,420.5,42.7,77.7,64.3,49.05,30.0,386.0,389.0,395.0,53.9,15.6,208.0,39.65,19.8,108.0,26.05,50.4,20.9,135.0,8.3,12.15,18.7,48.1,15.5,22.1,75.2,30.0,327.0,88.1,9.66,47.6,50.5,95.3,87.4,32.05,83.8,246.0,8.27,13.1,96.0,171.5,77.6,28.1,107.5,514.0,281.0,11.95,134.5,67.6,16.85,50.4,10.2,15.6,14.6,,226.0,18.95,29.85,10.7,29.05,9.49,11.1,17.9,18.8,45.55,48.15,9.73,19.35,16.55,25.4,15.9,9.46,14.0,20.55,19.4,239.5,78.5,2490.0,35.8,154.0,57.6,90.8,133.0,30.1,97.9,91.2,14.75,35.8,270.0,17.9,42.05,26.45,67.9,46.5,60.0,,100.0,184.0,40.8,75.3,17.3,11.9,140.5,54.1,83.2,78.6,223.5,203.5,292.0,,,75.5,,,33.65,83.4,214.5,78.7,237.5,51.2,40.35,83.0,57.0
45.5,41.4,56.8,82.2,77.6,70.9,11.9,39.8,71.6,32.9,32.95,338.0,159.0,34.45,49.5,278.0,11.45,25.2,32.1,59.3,198.0,72.4,25.0,15.75,25.1,40.2,340.0,421.0,42.7,77.8,64.2,49.0,30.0,386.0,388.0,395.0,53.9,15.55,208.0,39.7,19.85,108.0,26.1,50.5,20.9,135.0,8.29,12.2,18.7,48.1,15.5,22.1,75.1,30.0,326.5,88.2,9.67,47.6,50.5,95.2,87.4,32.0,83.8,246.0,8.27,13.15,96.1,171.5,77.6,28.15,107.5,514.0,281.0,11.95,134.5,67.6,16.85,50.4,10.2,15.6,14.6,,226.0,18.95,29.85,10.75,29.05,9.49,11.1,17.9,18.75,45.55,48.15,9.73,19.35,16.55,25.4,15.85,9.45,13.95,20.55,19.4,239.5,78.6,2485.0,35.8,154.0,57.6,90.8,133.0,30.05,97.8,91.2,14.7,35.8,270.0,17.9,42.1,26.5,67.9,46.5,59.9,,100.0,184.0,40.8,75.3,17.35,11.9,140.5,54.0,83.3,78.6,223.5,203.5,293.0,,,75.5,,,33.65,83.5,214.5,78.7,237.5,51.1,40.4,83.0,57.0
45.4,41.4,56.8,82.2,77.6,70.9,11.95,39.8,71.6,32.9,32.95,338.0,159.0,34.4,49.5,278.0,11.45,25.2,32.1,59.3,197.5,72.4,25.0,15.75,25.1,40.2,340.0,421.0,42.7,77.8,64.2,49.0,29.95,386.0,388.0,395.0,54.0,15.6,208.0,39.7,19.8,108.0,26.05,50.4,20.9,134.5,8.28,12.2,18.65,48.1,15.5,22.15,75.1,30.0,327.0,88.4,9.67,47.6,50.6,95.1,87.4,32.0,83.8,246.5,8.27,13.1,96.0,171.5,77.5,28.15,108.0,514.0,281.0,11.95,134.5,67.6,16.85,50.4,10.2,15.6,14.55,,226.0,18.95,29.8,10.75,29.05,9.49,11.1,17.9,18.8,45.55,48.1,9.73,19.3,16.5,25.4,15.9,9.44,13.95,20.5,19.4,240.0,78.6,2485.0,35.85,154.5,57.6,90.8,133.0,30.05,98.1,91.2,14.7,35.8,270.0,17.85,42.15,26.5,67.8,46.5,59.8,,99.9,184.5,40.8,75.2,17.3,11.85,140.5,54.0,83.2,78.7,223.5,203.5,293.0,,,75.5,,,33.65,83.0,215.0,78.7,238.0,51.2,40.5,83.0,57.0
45.4,41.4,56.8,82.2,77.5,71.0,11.9,39.8,71.5,32.85,32.95,338.0,159.0,34.45,49.5,277.5,11.4,25.2,32.1,59.3,197.5,72.4,25.0,15.75,25.05,40.25,340.0,420.5,42.7,77.9,64.2,49.0,30.0,386.0,388.0,395.0,54.0,15.6,207.5,39.65,19.8,108.0,26.0,50.3,20.85,134.5,8.28,12.25,18.65,48.1,15.5,22.05,75.1,29.95,327.0,88.4,9.68,47.5,50.5,95.1,87.5,32.0,83.6,246.5,8.27,13.1,96.0,172.0,77.4,28.1,107.5,514.0,281.5,11.95,134.5,67.7,16.8,50.4,10.25,15.6,14.55,,226.0,18.95,29.8,10.75,29.05,9.48,11.1,17.95,18.8,45.6,48.15,9.73,19.3,16.55,25.4,15.85,9.45,13.95,20.55,19.4,240.0,78.6,2485.0,35.8,154.0,57.6,90.7,133.0,30.05,97.7,91.0,14.75,35.8,269.5,17.9,42.15,26.5,67.9,46.55,59.8,,100.0,184.5,40.75,75.2,17.35,11.85,140.5,54.0,83.2,78.9,223.5,203.0,292.5,,,75.5,,,33.65,83.6,214.5,78.7,237.5,51.2,40.45,83.1,57.0
45.45,41.35,56.8,82.2,77.5,71.0,11.9,39.8,71.8,32.8,32.9,338.0,159.0,34.45,49.5,277.0,11.45,25.2,32.1,59.3,197.5,72.3,25.0,15.75,25.1,40.25,341.0,421.0,42.7,77.8,64.2,49.05,29.95,385.5,388.0,395.5,54.0,15.6,208.0,39.7,19.75,108.0,26.0,50.3,20.85,135.0,8.3,12.2,18.6,48.15,15.5,22.1,75.3,29.95,326.5,88.5,9.68,47.5,50.5,95.3,87.5,32.05,83.7,246.0,8.27,13.15,96.0,171.5,77.4,28.1,108.0,515.0,281.5,11.95,134.5,67.7,16.8,50.4,10.2,15.6,14.6,,226.0,18.95,29.8,10.75,29.1,9.48,11.05,17.95,18.8,45.6,48.15,9.72,19.3,16.55,25.4,15.95,9.44,13.95,20.55,19.4,240.0,78.6,2485.0,35.85,154.0,57.7,90.8,132.5,30.05,97.8,91.0,14.75,35.8,269.5,17.9,42.25,26.55,67.9,46.5,59.7,,100.0,185.0,40.8,75.3,17.35,11.85,141.0,54.0,83.2,78.9,223.5,203.0,293.0,,,75.5,,,33.65,83.6,215.0,78.7,238.0,51.2,40.45,83.1,57.0
45.45,41.35,56.8,82.2,77.5,71.0,11.9,39.8,71.8,32.8,32.9,338.0,159.0,34.45,49.5,277.0,11.45,25.2,32.1,59.3,197.5,72.3,25.0,15.75,25.1,40.25,341.0,421.0,42.7,77.8,64.2,49.05,29.95,385.5,388.0,395.5,54.0,15.6,208.0,39.7,19.75,108.0,26.0,50.3,20.85,135.0,8.3,12.2,18.6,48.15,15.5,22.1,75.3,29.95,326.5,88.5,9.68,47.5,50.5,95.3,87.5,32.05,83.7,246.0,8.27,13.15,96.0,171.5,77.4,28.1,108.0,515.0,281.5,11.95,134.5,67.7,16.8,50.4,10.2,15.6,14.6,,226.0,18.95,29.8,10.75,29.1,9.48,11.05,17.95,18.8,45.6,48.15,9.72,19.3,16.55,25.4,15.95,9.44,13.95,20.55,19.4,240.0,78.6,2485.0,35.85,154.0,57.7,90.8,132.5,30.05,97.8,91.0,14.75,35.8,269.5,17.9,42.25,26.55,67.9,46.5,59.7,,100.0,185.0,40.8,75.3,17.35,11.85,141.0,54.0,83.2,78.9,223.5,203.0,293.0,,,75.5,,,33.65,83.6,215.0,78.7,238.0,51.2,40.45,83.1,57.0
45.45,41.35,56.8,82.2,77.5,71.0,11.9,39.8,71.8,32.8,32.9,338.0,159.0,34.45,49.5,277.0,11.45,25.2,32.1,59.3,197.5,72.3,25.0,15.75,25.1,40.25,341.0,421.0,42.7,77.8,64.2,49.05,29.95,385.5,388.0,395.5,54.0,15.6,208.0,39.7,19.75,108.0,26.0,50.3,20.85,135.0,8.3,12.2,18.6,48.15,15.5,22.1,75.3,29.95,326.5,88.5,9.68,47.5,50.5,95.3,87.5,32.05,83.7,246.0,8.27,13.15,96.0,171.5,77.4,28.1,108.0,515.0,281.5,11.95,134.5,67.7,16.8,50.4,10.2,15.6,14.6,,226.0,18.95,29.8,10.75,29.1,9.48,11.05,17.95,18.8,45.6,48.15,9.72,19.3,16.55,25.4,15.95,9.44,13.95,20.55,19.4,240.0,78.6,2485.0,35.85,154.0,57.7,90.8,132.5,30.05,97.8,91.0,14.75,35.8,269.5,17.9,42.25,26.55,67.9,46.5,59.7,,100.0,185.0,40.8,75.3,17.35,11.85,141.0,54.0,83.2,78.9,223.5,203.0,293.0,,,75.5,,,33.65,83.6,215.0,78.7,238.0,51.2,40.45,83.1,57.0
45.45,41.35,56.8,82.2,77.5,71.0,11.9,39.8,71.8,32.8,32.9,338.0,159.0,34.45,49.5,277.0,11.45,25.2,32.1,59.3,197.5,72.3,25.0,15.75,25.1,40.25,341.0,421.0,42.7,77.8,64.2,49.05,29.95,385.5,388.0,395.5,54.0,15.6,208.0,39.7,19.75,108.0,26.0,50.3,20.85,135.0,8.3,12.2,18.6,48.15,15.5,22.1,75.3,29.95,326.5,88.5,9.68,47.5,50.5,95.3,87.5,32.05,83.7,246.0,8.27,13.15,96.0,171.5,77.4,28.1,108.0,515.0,281.5,11.95,134.5,67.7,16.8,50.4,10.2,15.6,14.6,,226.0,18.95,29.8,10.75,29.1,9.48,11.05,17.95,18.8,45.6,48.15,9.72,19.3,16.55,25.4,15.95,9.44,13.95,20.55,19.4,240.0,78.6,2485.0,35.85,154.0,57.7,90.8,132.5,30.05,97.8,91.0,14.75,35.8,269.5,17.9,42.25,26.55,67.9,46.5,59.7,,100.0,185.0,40.8,75.3,17.35,11.85,141.0,54.0,83.2,78.9,223.5,203.0,293.0,,,75.5,,,33.65,83.6,215.0,78.7,238.0,51.2,40.45,83.1,57.0
45.45,41.35,56.8,82.2,77.5,71.0,11.9,39.8,71.8,32.8,32.9,338.0,159.0,34.45,49.5,277.0,11.45,25.2,32.1,59.3,197.5,72.3,25.0,15.75,25.1,40.25,341.0,421.0,42.7,77.8,64.2,49.05,29.95,385.5,388.0,395.5,54.0,15.6,208.0,39.7,19.75,108.0,26.0,50.3,20.85,135.0,8.3,12.2,18.6,48.15,15.5,22.1,75.3,29.95,326.5,88.5,9.68,47.5,50.5,95.3,87.5,32.05,83.7,246.0,8.27,13.15,96.0,171.5,77.4,28.1,108.0,515.0,281.5,11.95,134.5,67.7,16.8,50.4,10.2,15.6,14.6,,226.0,18.95,29.8,10.75,29.1,9.48,11.05,17.95,18.8,45.6,48.15,9.72,19.3,16.55,25.4,15.95,9.44,13.95,20.55,19.4,240.0,78.6,2485.0,35.85,154.0,57.7,90.8,132.5,30.05,97.8,91.0,14.75,35.8,269.5,17.9,42.25,26.55,67.9,46.5,59.7,,100.0,185.0,40.8,75.3,17.35,11.85,141.0,54.0,83.2,78.9,223.5,203.0,293.0,,,75.5,,,33.65,83.6,215.0,78.7,238.0,51.2,40.45,83.1,57.0
45.45,41.35,56.8,82.2,77.5,71.0,11.9,39.8,71.8,32.8,32.9,338.0,159.0,34.45,49.5,277.0,11.45,25.2,32.1,59.3,197.5,72.3,25.0,15.75,25.1,40.25,341.0,421.0,42.7,77.8,64.2,49.05,29.95,385.5,388.0,395.5,54.0,15.6,208.0,39.7,19.75,108.0,26.0,50.3,20.85,135.0,8.3,12.2,18.6,48.15,15.5,22.1,75.3,29.95,326.5,88.5,9.68,47.5,50.5,95.3,87.5,32.05,83.7,246.0,8.27,13.15,96.0,171.5,77.4,28.1,108.0,515.0,281.5,11.95,134.5,67.7,16.8,50.4,10.2,15.6,14.6,,226.0,18.95,29.8,10.75,29.1,9.48,11.05,17.95,18.8,45.6,48.15,9.72,19.3,16.55,25.4,15.95,9.44,13.95,20.55,19.4,240.0,78.6,2485.0,35.85,154.0,57.7,90.8,132.5,30.05,97.8,91.0,14.75,35.8,269.5,17.9,42.25,26.55,67.9,46.5,59.7,,100.0,185.0,40.8,75.3,17.35,11.85,141.0,54.0,83.2,78.9,223.5,203.0,293.0,,,75.5,,,33.65,83.6,215.0,78.7,238.0,51.2,40.45,83.1,57.0
45.45,41.35,56.8,82.2,77.5,71.0,11.9,39.8,71.8,32.8,32.9,338.0,159.0,34.45,49.5,277.0,11.45,25.2,32.1,59.3,197.5,72.3,25.0,15.75,25.1,40.25,341.0,421.0,42.7,77.8,64.2,49.05,29.95,385.5,388.0,395.5,54.0,15.6,208.0,39.7,19.75,108.0,26.0,50.3,20.85,135.0,8.3,12.2,18.6,48.15,15.5,22.1,75.3,29.95,326.5,88.5,9.68,47.5,50.5,95.3,87.5,32.05,83.7,246.0,8.27,13.15,96.0,171.5,77.4,28.1,108.0,515.0,281.5,11.95,134.5,67.7,16.8,50.4,10.2,15.6,14.6,,226.0,18.95,29.8,10.75,29.1,9.48,11.05,17.95,18.8,45.6,48.15,9.72,19.3,16.55,25.4,15.95,9.44,13.95,20.55,19.4,240.0,78.6,2485.0,35.85,154.0,57.7,90.8,132.5,30.05,97.8,91.0,14.75,35.8,269.5,17.9,42.25,26.55,67.9,46.5,59.7,,100.0,185.0,40.8,75.3,17.35,11.85,141.0,54.0,83.2,78.9,223.5,203.0,293.0,,,75.5,,,33.65,83.6,215.0,78.7,238.0,51.2,40.45,83.1,57.0
45.45,41.35,56.8,82.2,77.5,71.0,11.9,39.8,71.8,32.8,32.9,338.0,159.0,34.45,49.5,277.0,11.45,25.2,32.1,59.3,197.5,72.3,25.0,15.75,25.1,40.25,341.0,421.0,42.7,77.8,64.2,49.05,29.95,385.5,388.0,395.5,54.0,15.6,208.0,39.7,19.75,108.0,26.0,50.3,20.85,135.0,8.3,12.2,18.6,48.15,15.5,22.1,75.3,29.95,326.5,88.5,9.68,47.5,50.5,95.3,87.5,32.05,83.7,246.0,8.27,13.15,96.0,171.5,77.4,28.1,108.0,515.0,281.5,11.95,134.5,67.7,16.8,50.4,10.2,15.6,14.6,,226.0,18.95,29.8,10.75,29.1,9.48,11.05,17.95,18.8,45.6,48.15,9.72,19.3,16.55,25.4,15.95,9.44,13.95,20.55,19.4,240.0,78.6,2485.0,35.85,154.0,57.7,90.8,132.5,30.05,97.8,91.0,14.75,35.8,269.5,17.9,42.25,26.55,67.9,46.5,59.7,,100.0,185.0,40.8,75.3,17.35,11.85,141.0,54.0,83.2,78.9,223.5,203.0,293.0,,,75.5,,,33.65,83.6,215.0,78.7,238.0,51.2,40.45,83.1,57.0
45.45,41.35,56.8,82.2,77.5,71.0,11.9,39.8,71.8,32.8,32.9,338.0,159.0,34.45,49.5,277.0,11.45,25.2,32.1,59.3,197.5,72.3,25.0,15.75,25.1,40.25,341.0,421.0,42.7,77.8,64.2,49.05,29.95,385.5,388.0,395.5,54.0,15.6,208.0,39.7,19.75,108.0,26.0,50.3,20.85,135.0,8.3,12.2,18.6,48.15,15.5,22.1,75.3,29.95,326.5,88.5,9.68,47.5,50.5,95.3,87.5,32.05,83.7,246.0,8.27,13.15,96.0,171.5,77.4,28.1,108.0,515.0,281.5,11.95,134.5,67.7,16.8,50.4,10.2,15.6,14.6,,226.0,18.95,29.8,10.75,29.1,9.48,11.05,17.95,18.8,45.6,48.15,9.72,19.3,16.55,25.4,15.95,9.44,13.95,20.55,19.4,240.0,78.6,2485.0,35.85,154.0,57.7,90.8,132.5,30.05,97.8,91.0,14.75,35.8,269.5,17.9,42.25,26.55,67.9,46.5,59.7,,100.0,185.0,40.8,75.3,17.35,11.85,141.0,54.0,83.2,78.9,223.5,203.0,293.0,,,75.5,,,33.65,83.6,215.0,78.7,238.0,51.2,40.45,83.1,57.0
45.45,41.35,56.8,82.2,77.5,71.0,11.9,39.8,71.8,32.8,32.9,338.0,159.0,34.45,49.5,277.0,11.45,25.2,32.1,59.3,197.5,72.3,25.0,15.75,25.1,40.25,341.0,421.0,42.7,77.8,64.2,49.05,29.95,385.5,388.0,395.5,54.0,15.6,208.0,39.7,19.75,108.0,26.0,50.3,20.85,135.0,8.3,12.2,18.6,48.15,15.5,22.1,75.3,29.95,326.5,88.5,9.68,47.5,50.5,95.3,87.5,32.05,83.7,246.0,8.27,13.15,96.0,171.5,77.4,28.1,108.0,515.0,281.5,11.95,134.5,67.7,16.8,50.4,10.2,15.6,14.6,,226.0,18.95,29.8,10.75,29.1,9.48,11.05,17.95,18.8,45.6,48.15,9.72,19.3,16.55,25.4,15.95,9.44,13.95,20.55,19.4,240.0,78.6,2485.0,35.85,154.0,57.7,90.8,132.5,30.05,97.8,91.0,14.75,35.8,269.5,17.9,42.25,26.55,67.9,46.5,59.7,,100.0,185.0,40.8,75.3,17.35,11.85,141.0,54.0,83.2,78.9,223.5,203.0,293.0,,,75.5,,,33.65,83.6,215.0,78.7,238.0,51.2,40.45,83.1,57.0
45.45,41.35,56.8,82.2,77.5,71.0,11.9,39.8,71.8,32.8,32.9,338.0,159.0,34.45,49.5,277.0,11.45,25.2,32.1,59.3,197.5,72.3,25.0,15.75,25.1,40.25,341.0,421.0,42.7,77.8,64.2,49.05,29.95,385.5,388.0,395.5,54.0,15.6,208.0,39.7,19.75,108.0,26.0,50.3,20.85,135.0,8.3,12.2,18.6,48.15,15.5,22.1,75.3,29.95,326.5,88.5,9.68,47.5,50.5,95.3,87.5,32.05,83.7,246.0,8.27,13.15,96.0,171.5,77.4,28.1,108.0,515.0,281.5,11.95,134.5,67.7,16.8,50.4,10.2,15.6,14.6,,226.0,18.95,29.8,10.75,29.1,9.48,11.05,17.95,18.8,45.6,48.15,9.72,19.3,16.55,25.4,15.95,9.44,13.95,20.55,19.4,240.0,78.6,2485.0,35.85,154.0,57.7,90.8,132.5,30.05,97.8,91.0,14.75,35.8,269.5,17.9,42.25,26.55,67.9,46.5,59.7,,100.0,185.0,40.8,75.3,17.35,11.85,141.0,54.0,83.2,78.9,223.5,203.0,293.0,,,75.5,,,33.65,83.6,215.0,78.7,238.0,51.2,40.45,83.1,57.0
45.7,41.55,57.0,82.1,77.5,71.0,11.9,39.8,71.5,32.8,33.0,338.0,158.5,34.5,49.4,276.5,11.4,25.15,32.1,59.5,198.0,72.3,25.0,15.8,25.1,40.35,341.0,421.0,42.8,77.8,64.1,49.15,30.0,387.0,388.0,393.5,54.3,15.7,208.0,39.95,19.8,108.5,25.95,50.3,20.7,134.5,8.28,12.2,18.55,48.1,15.5,22.1,75.0,30.1,327.5,88.6,9.66,47.7,50.6,95.1,87.4,32.05,83.5,247.0,8.27,13.2,96.0,171.0,77.3,28.2,107.5,515.0,282.5,11.95,134.5,67.8,16.9,50.3,10.2,15.6,14.55,,226.0,19.0,29.85,10.75,29.05,9.5,11.05,17.9,18.85,45.7,48.3,9.72,19.3,16.6,25.4,15.95,9.46,14.0,20.6,19.45,240.0,78.6,2480.0,35.8,154.5,57.4,90.8,132.5,30.1,97.5,90.9,14.8,35.8,269.5,17.9,42.1,26.5,68.0,46.95,59.6,,100.0,184.5,40.85,75.5,17.35,11.8,141.5,54.0,83.2,78.9,223.5,204.5,292.0,,,75.9,,,33.4,83.5,215.0,78.6,238.5,51.2,40.5,83.1,56.9
