1101,1102,1216,1227,1301,1303,1314,1319,1326,1402,1434,1476,1477,1504,1536,1590,1605,1704,1717,1722,1723,1789,1802,1909,2002,2015,2049,2059,2103,2105,2106,2201,2204,2207,2227,2231,2301,2303,2308,2311,2313,2317,2324,2325,2327,2330,2337,2344,2345,2347,2352,2353,2354,2356,2357,2360,2371,2376,2377,2379,2382,2383,2385,2395,2408,2409,2412,2439,2448,2449,2451,2454,2474,2492,2498,2542,2603,2606,2610,2615,2618,2633,2723,2801,2809,2812,2823,2834,2845,2867,2880,2881,2882,2883,2884,2885,2886,2887,2888,2890,2891,2892,2912,2915,3008,3019,3034,3044,3045,3189,3231,3406,3443,3481,3532,3673,3682,3702,3706,4904,4915,4938,4943,4958,5264,5522,5871,5880,6116,6176,6239,6269,6285,6409,6414,6415,6452,6456,6505,8454,8464,9904,9910,9914,9917,9921,9933,9938,9941,9945
45.4366666666667,37.95,52.0045248868778,89.5,78.0,68.8,13.45,46.5145161290323,84.9829787234043,33.8222222222222,35.1,342.0,156.0,33.0,44.2578431372549,239.0,9.52,35.7,27.8,66.8,162.5,88.5333333333333,30.85,15.0,26.0990774907749,53.4,236.72602739726,343.583333333333,44.1,75.4,62.8,50.5,27.95,347.5,415.0,134.625,45.7907407407407,12.0974616292798,164.153448275862,27.2544228949858,17.4080056179775,79.1967426710098,21.7889830508475,35.0009328358209,10.65,101.501841136244,6.58115942028985,7.42952991452991,15.15,43.7595744680851,6.6,17.1746606334842,68.8,25.6,269.026595744681,59.7,8.15,38.2146341463415,24.7,78.5088607594937,67.6170212765958,24.5,73.1105263157895,196.0,3.79,8.96004081632653,92.3,153.85,54.64,18.75,82.1777777777778,429.96332046332,194.476439790576,7.79,142.0,63.0,17.35,51.2,10.6484251968504,14.7,16.5008928571429,,199.0,18.0,27.0066137566138,10.85,29.4991631799163,8.98,12.1,20.75,17.3,41.8513986013986,46.6442735042735,8.82,19.4505154639175,16.65,24.4455338809035,14.4,10.1989559164733,14.5464583333333,19.6992063492064,18.0,204.5,78.9684210526316,1164.85714285714,29.2946808510638,120.53125,51.5,95.9904761904762,95.9428571428571,24.7935567010309,88.6625,72.7,10.4975590551181,28.6,172.12676056338,15.45,33.1,25.9594827586207,63.9,27.8867549668874,37.0511111111111,,72.8675675675676,153.666666666667,50.7058823529412,80.8840579710145,16.25,10.5,108.0,44.3388888888889,94.9018867924529,76.8507462686567,,,235.1875,,,81.0076923076923,,,43.1922077922078,66.6285714285714,216.0,75.4,198.5,46.3,36.5,77.2,58.4142857142857
45.3413043478261,37.95,52.1,89.5,78.05,68.8,13.5,46.3642857142857,84.75,33.6,35.0166666666667,342.0,155.5,32.9391304347826,44.424,239.0,9.55,35.7,27.8,66.7,162.5,88.3,30.8625,15.0,26.0478723404255,53.4,236.0,341.0,44.1,75.375,62.8,50.5,27.95,347.5,415.0,134.625,45.5138888888889,12.1132911392405,165.318333333333,27.1934090909091,17.3925266903915,79.1,21.725,35.0866666666667,10.65,101.825842696629,6.59,7.43237623762376,15.15,43.6611111111111,6.68225680933852,17.1,68.55,25.6572633552015,268.5625,59.7,8.15,38.55625,24.7928571428571,78.5681818181818,67.6,24.5,73.4,196.0,3.79,8.98039325842697,92.3,152.758064516129,54.6,18.75,82.2,429.254098360656,193.85,7.79,142.0,63.0,17.35,51.2,10.65,14.7,16.4529411764706,,199.0,17.9666666666667,27.0347222222222,10.85,29.4626315789474,8.98,12.1,20.75,17.3,42.05,46.3,8.81885964912281,19.45,16.6794117647059,24.45,14.4,10.1916666666667,14.45,19.6824675324675,17.95,204.0,78.9684210526316,1155.0,29.35,120.852941176471,51.5916666666667,95.9,95.6,24.7101754385965,88.8,72.7,10.3727272727273,28.6,172.0,15.45,33.15,26.025,63.9,27.8794117647059,37.0471428571429,,73.0,154.0,50.8111111111111,81.0461538461538,16.25,10.4655737704918,108.0,44.25,94.6125,76.884,,,234.666666666667,,,81.0076923076923,,,43.1591549295775,67.0,216.0,75.4,198.5,46.3,36.4,77.2,58.4433333333333
45.2916666666667,37.9,52.1342857142857,89.5,78.0153846153846,68.8,13.4725806451613,46.25,84.6,33.65,35.0,341.944444444445,155.5,32.8214285714286,44.7232142857143,239.0,9.53869565217391,35.7,27.9,66.75,162.5,88.8,30.85,14.9892857142857,26.0306818181818,53.4,236.0,342.75,44.05,75.375,62.5,50.5,28.0,347.0,415.0,134.625,45.5425925925926,12.1015337423313,166.788043478261,27.0527884615385,17.3221153846154,79.0,21.7681818181818,35.0625,10.6115384615385,101.905594405594,6.59807692307692,7.45836734693878,15.15,43.75,6.71550432276657,17.0886363636364,68.8,25.3725913621262,267.338028169014,59.7,8.14,38.55,24.75,78.4736842105263,67.6,24.5,73.425,196.0,3.79,8.98194029850746,92.3285714285714,152.9,54.5212765957447,18.75,82.2,428.192307692308,193.944444444444,7.79,142.0,63.0,17.35,51.2,10.65,14.7980392156863,16.4038461538462,,199.0,17.9666666666667,27.0421052631579,10.85,29.4041666666667,8.98,12.1,20.75,17.3,41.98,46.37,8.8019696969697,19.4,16.7,24.5,14.4,10.15,14.45,19.6571428571429,17.9,203.9,78.6,1158.23529411765,29.2326086956522,120.5,51.5916666666667,95.9,95.6,24.628239608802,88.76,72.7,10.4,28.6,172.0,15.5,33.15,26.0,63.9,27.9,36.98125,,72.98,154.0,50.9,81.0533333333333,16.25,10.45,108.0,44.2,94.5,76.5740740740741,,,234.0,,,81.0076923076923,,,43.0722222222222,67.2,216.0,75.4,198.5,46.3,36.4,77.2,58.4
45.25,37.9,52.2137931034483,89.5,78.0,68.7,13.45,46.25,84.675,33.75,35.0,340.884615384615,155.5,32.8,44.7302631578947,236.5,9.523125,35.7,27.95,66.7,162.5,88.6,30.85,15.0,26.0,53.4,234.860759493671,342.75,44.05,75.3357142857143,62.5,50.5,28.0,346.0,415.0,134.625,45.5,12.1,166.0,26.9938262195122,17.377,79.0,21.825,35.1910714285714,10.6115384615385,102.2,6.59,7.48492857142857,15.15,43.7,6.73549668874172,17.0772727272727,68.8,25.2507352941176,266.753846153846,59.7,8.14,38.5,24.775,78.4,67.6,24.6,73.3,196.0,3.79,8.98088607594937,92.3285714285714,153.0,54.516393442623,18.75,82.4,428.5,193.5,7.72,141.917475728155,63.0,17.35,51.2,10.6625,14.7,16.4,,199.0,17.9666666666667,27.05,10.85,29.3908284023669,8.99,12.15,20.75,17.3,42.0,46.4,8.81,19.4,16.7,24.45,14.4,10.15,14.45,19.65,17.9912698412698,203.15625,78.9,1160.83333333333,28.975641025641,120.5,51.5916666666667,95.9,95.575,24.5652956298201,88.7,72.9333333333333,10.35,28.6,172.410714285714,15.4604166666667,33.15,26.0,63.8,27.9138888888889,36.8522727272727,,73.0,154.0,50.9,80.9625,16.2983870967742,10.45,108.0,44.2,94.5645161290323,76.5575757575757,,,231.666666666667,,,81.0076923076923,,,42.9952380952381,67.3,216.0,75.4,198.5,46.3,36.38,77.3,58.4363636363636
45.275,37.9,52.3,89.5,78.0,68.3333333333333,13.4166666666667,46.47,84.6,33.75,34.98125,339.0,153.966666666667,32.74,44.7152173913043,236.5,9.523125,35.55,27.95,66.8,162.5,88.5,30.8,14.95,26.0357142857143,53.4,233.5,341.5,44.05,75.3777777777778,62.5,50.5,28.0,346.5,416.0,134.625,45.4815789473684,12.1055555555556,166.0,26.9684931506849,17.3204545454545,78.9913636363636,21.8444444444445,35.225,10.6,102.212765957447,6.58333333333333,7.48754237288136,15.15,43.675,6.73,17.0735294117647,68.9636363636364,25.4261904761905,267.0,59.7,8.14,38.4852941176471,24.71875,78.4,67.5216216216216,24.6,73.3,196.0,3.79,8.96445086705202,92.3285714285714,153.0,54.53,18.7,82.4,429.15,193.5,7.72,141.267441860465,63.1,17.35,51.4,10.63,14.75,16.4,,199.0,17.9666666666667,27.05,10.85,29.2360975609756,8.99925925925926,12.15,20.75,17.3,42.0451612903226,46.4875,8.8,19.4,16.7,24.45,14.4,10.15,14.4421052631579,19.65,17.9,203.5,78.7,1160.0,28.5842465753425,120.666666666667,51.5916666666667,96.0,95.5,24.5,88.6129032258064,72.9333333333333,10.4135294117647,28.6,172.5,15.49,33.2,26.0455882352941,63.8,27.8529914529914,36.8522727272727,,72.9857142857143,153.0,50.8,80.7714285714286,16.25,10.4222222222222,108.5,44.2,94.5,76.5347826086957,,,231.0,,,81.0076923076923,,,42.9073619631902,67.5714285714286,216.0,75.9,198.5,46.3,36.38,77.3,58.3184210526316
45.275,37.9,52.3684210526316,89.5,78.0,68.4333333333333,13.45,46.4166666666667,84.6,33.75,34.9833333333333,339.0,153.966666666667,32.7888888888889,44.65,237.833333333333,9.5216129032258,35.55,27.95,66.8,163.0,88.5,30.8,14.95,26.00125,53.4,234.75,340.5,44.05,75.3333333333333,62.3,50.5196078431373,28.1,346.5,416.0,134.625,45.5,12.1055555555556,166.0,27.0713114754098,17.3235294117647,78.9,21.835,35.2352941176471,10.6,102.217391304348,6.58428571428571,7.48582089552239,15.15,43.6571428571429,6.7236320754717,17.0565217391304,69.0875,25.4,267.5,59.7,8.13090909090909,38.3571428571429,24.7,78.5212765957447,67.4,24.6,73.15,196.0,3.79,8.97054726368159,92.3285714285714,153.0,54.5222222222222,18.7,82.4,429.5,193.5,7.72,140.87610619469,63.0,17.35,51.4,10.65,14.75,16.4428571428571,,199.0,17.9990196078431,27.0625,10.85,29.3448717948718,8.99,12.15,20.75,17.3,42.0115384615385,46.5,8.8,19.40625,16.7,24.45,14.4,10.15,14.4357142857143,19.7,17.9,204.0,78.6,1163.0,28.8423076923077,120.5,51.5,96.0,95.5,24.3930428134557,88.2947368421053,73.2,10.4130434782609,28.6,172.5,15.4583333333333,33.15,26.01,63.8,27.8,36.8611111111111,,72.9666666666667,153.0,50.8,80.6678571428571,16.25,10.4,108.5,44.15,94.5,76.3789473684211,,,231.0,,,81.0076923076923,,,42.8432835820896,67.7777777777778,217.166666666667,76.0,200.0,46.25,36.3333333333333,77.3,58.559375
45.2058823529412,37.9,52.4551724137931,89.6,78.0,68.5,13.45,46.4,84.6,33.7,34.9,338.625,155.0,32.8,44.5735294117647,239.0,9.52384615384615,35.55,27.95,66.7,163.0,88.5,30.8,14.95,26.05,53.4,237.090909090909,342.5,44.05,75.3,62.4,50.5,28.1,346.5,416.0,134.625,45.4897058823529,12.1,166.0,27.0596638655462,17.35,78.8115068493151,21.85,35.25,10.65,102.15625,6.6,7.476,15.15,43.6571428571429,6.72,17.0847222222222,69.0090909090909,25.34,267.5,59.7,8.14,38.4625,24.665,78.8338028169014,67.46,24.6,73.1,196.0,3.79,8.98,92.5,153.571428571429,54.5409090909091,18.7,82.4,429.5,193.5,7.71,140.565068493151,63.0,17.35,51.4,10.65,14.75,16.4,,199.0,17.95,27.0166666666667,10.85,29.3,8.99,12.15,20.75,17.3,41.9694690265487,46.5,8.8,19.45,16.652380952381,24.45,14.4,10.2,14.4035714285714,19.6611111111111,17.9,204.0,78.55,1160.0,28.9,120.5,51.6,96.02,95.5,24.2210998877666,88.5,73.2,10.4125,28.6,172.5,15.5,33.1428571428571,26.05,63.8,27.7928571428571,36.85,,72.9833333333333,154.0,50.8,80.4909090909091,16.25,10.4,108.5,44.15,94.46,76.3714285714286,,,230.227272727273,,,81.0076923076923,,,42.7511111111111,67.7,217.166666666667,76.0,201.0,46.25,36.25,77.5,58.5
45.2666666666667,37.9,52.4346534653465,89.6,77.8470588235294,68.545,13.45,46.4,84.62,33.65,34.9,338.5,153.5,32.7875,44.6583333333333,239.5,9.53,35.55,27.95,66.7,163.0,89.184,30.75,14.95,26.0295918367347,53.4,238.638888888889,343.857142857143,44.05,75.2,62.4,50.5,28.1,346.5,416.5,135.0,45.55,12.15,166.029411764706,27.0613496932515,17.35,78.8,21.8596153846154,35.225,10.65,101.994623655914,6.6,7.47977272727273,15.15,43.65,6.71429223744292,17.1,68.8,25.34375,267.166666666667,59.7,8.13,38.43,24.7,79.1418032786885,67.39,24.6,73.1,196.0,3.79,8.97793103448276,92.4826086956522,153.5,54.6269841269841,18.7,82.6,430.0,193.5,7.71,140.55421686747,63.0,17.35,51.4,10.65,14.75,16.4,,199.0,17.95,27.05,10.85,29.3,8.99,12.15,20.75,17.3,41.975,46.525,8.79106382978723,19.4,16.65625,24.45,14.4,10.15,14.4176470588235,19.65,17.9,204.0,78.5,1162.0,28.8875,120.5,51.6,96.0,95.2125,24.2764150943396,88.4875,73.2,10.4311475409836,28.6,172.1,15.4875,33.15,26.0769230769231,63.8,27.75,36.8204545454545,,72.8157894736842,153.071428571429,50.8363636363636,80.4304347826087,16.25,10.4,108.5,44.15,94.5,76.46,,,230.5,,,81.0076923076923,,,42.65,67.7148148148148,218.0,75.9,201.0,46.25,36.25,77.5,58.4666666666667
45.2625,37.9,52.4,89.6,77.8,68.6,13.45,46.3,84.7666666666667,33.65,34.9,338.5,153.5,32.9611111111111,44.6,240.7,9.53142857142857,35.55,27.95,66.7,163.0,89.184,30.75,14.95,26.0,53.4,238.5,341.4,44.05,75.2,62.4,50.5,28.1,346.0,416.5,135.0,45.6,12.1,166.142857142857,27.0804545454545,17.339603960396,78.8509090909091,21.81,35.2,10.65,101.5,6.6,7.47,15.15,43.65,6.72196721311475,17.1,68.8,25.3304597701149,267.067415730337,59.7,8.14,38.4142857142857,24.7,79.4834862385321,67.3,24.6,73.1,196.0,3.79,8.98045454545455,92.5,153.5,54.4953125,18.7,82.6,430.811320754717,193.035714285714,7.71,140.875,63.0,17.35,51.4,10.65,14.7,16.4,,200.0,17.95,27.05,10.85,29.3358695652174,8.99,12.15,20.7,17.3,41.9659090909091,46.5046296296296,8.8004,19.35,16.7,24.4074324324324,14.4,10.15,14.45,19.675,17.9,204.083333333333,78.5,1160.0,28.9,120.7,51.5,96.08,95.0551724137931,24.35,88.38,73.2,10.4,28.6,172.457142857143,15.4625,33.1076923076923,26.071875,63.8,27.746,36.85,,72.73,153.0,50.8722222222222,80.4677419354839,16.25,10.3668674698795,109.0,44.15,94.396,76.3473684210526,,,230.5,,,81.0076923076923,,,42.6166666666667,67.9716981132076,217.0,75.9,201.0,46.25,36.1642857142857,77.5,58.4277777777778
45.24375,37.9,52.3666666666667,89.6,77.8,68.6,13.45,46.4,84.7,33.65,34.9,338.5,153.5,32.9836956521739,44.5730769230769,242.78947368421,9.53,35.55,27.95,66.7,163.0,88.9,30.75,14.95,26.0255555555555,53.4,238.277777777778,342.0,44.05,75.07,62.4,50.4714285714286,28.1,346.0,416.5,135.0,45.6,12.121568627451,166.020833333333,27.1366310160428,17.36125,78.9230769230769,21.8230769230769,35.1552631578947,10.65,101.75,6.58512195121951,7.460375,15.15,43.65,6.7312,17.0823529411765,68.7,25.362037037037,266.375,59.7,8.14,38.4142857142857,24.7,79.2,67.3454545454546,24.6,73.16,196.166666666667,3.79,8.99,92.5,153.6,54.5,18.7,83.0,431.268518518519,192.888888888889,7.71,141.0,63.0,17.4,51.4,10.65,14.7,16.4,,200.0,17.95,27.0107142857143,10.85,29.3961538461538,8.99,12.15,20.7,17.3,41.95,46.45,8.81,19.3515151515151,16.7,24.4474178403756,14.4,10.15,14.4166666666667,19.65625,17.9,204.083333333333,78.3,1160.0,28.8125,121.0,51.5,96.08,95.0333333333333,24.35,88.3,73.0,10.4,28.6,172.5,15.5,33.1,26.0266666666667,63.5933333333333,27.75,36.8722222222222,,72.6222222222222,153.0,50.8,80.3666666666667,16.25,10.4,109.0,44.13,94.32,76.2838383838384,,,230.5,,,81.0076923076923,,,42.6263157894737,68.0,217.0,75.9,201.0,46.25,36.05,77.5,58.375
45.25,37.9,52.4,89.6,77.8,68.6615384615385,13.45,46.4,84.7,33.7166666666667,34.9,338.5,154.166666666667,32.9826923076923,44.5019230769231,241.8125,9.54324324324324,35.55,28.0,66.7,163.0,88.7714285714286,30.8,14.95,26.05,53.4,238.533333333333,343.0,44.05,75.0,62.4,50.5,28.1,346.0,416.5,135.0,45.6,12.125,166.0,27.15,17.3644736842105,78.9,21.8444444444445,35.1089285714286,10.65,101.735294117647,6.58,7.45086538461538,15.15,43.65,6.7288961038961,17.1,68.6333333333333,25.4,266.0,59.7,8.14,38.4142857142857,24.6533018867924,79.4329341317365,67.3,24.6,73.1478260869565,196.5,3.79,8.98008474576271,92.5,154.181818181818,54.5,18.7,83.0,432.0,193.0,7.71,141.5,63.0,17.4,51.4,10.65,14.7,16.4,,200.0,17.95,27.022,10.85,29.4,8.99,12.15,20.7,17.2,41.9361111111111,46.4876712328767,8.81,19.35,16.65,24.4,14.4,10.15,14.4,19.65,17.9,204.5,78.3,1162.5,28.8,120.75,51.5,96.0666666666667,95.3,24.35,88.3571428571429,73.0,10.4254716981132,28.6,172.5,15.4916666666667,33.1,26.0166666666667,63.4555555555556,27.7166666666667,36.85,,72.6769230769231,153.0,50.8,80.2,16.25,10.4,108.625,44.1,94.25,76.0323529411765,,,233.0,,,81.0076923076923,,,42.65,67.7166666666667,217.5,75.9,201.0,46.25,36.05,77.5,58.3666666666667
45.2538461538461,37.9,52.4,89.6,77.9,68.725,13.5,46.15,84.7,33.75,35.0,338.583333333333,154.5,33.0003125,44.5551724137931,241.0,9.54666666666667,35.55,28.0,66.7125,163.0,88.7,30.8,14.95,26.0951175406872,53.4,239.0,343.0,44.05,75.0,62.5,50.5,28.1,346.0,416.5,135.0,45.63125,12.1286666666667,166.261904761905,27.1470394736842,17.3382352941177,78.9,21.8125,35.0652777777778,10.65,102.0,6.59,7.4408,15.15,43.65,6.72157142857143,17.075,68.675,25.4104838709677,265.959183673469,59.5,8.14,38.45,24.65,79.8159874608151,67.3666666666667,24.6,73.1333333333333,196.0,3.79,8.99,92.5,155.279569892473,54.575,18.6730769230769,83.0,432.511538461538,192.681818181818,7.71,141.5,63.0,17.35,51.3666666666667,10.7,14.7,16.45,,200.0,18.0,27.0,10.85,29.35,8.99,12.1,20.7,17.2,41.95,46.5409090909091,8.81,19.35,16.6822916666667,24.4317708333333,14.4,10.15,14.4489795918367,19.65,17.9479166666667,204.0,78.3,1162.5,28.8,121.0,51.32,96.125,95.2,24.35,88.6666666666667,72.7,10.4285714285714,28.6,172.5,15.5,33.15,26.0166666666667,63.5,27.75,36.8208333333333,,72.75,153.0,50.8,80.1715517241379,16.254347826087,10.4,108.571428571429,44.1,94.3454545454545,76.044,,,232.0,,,81.0076923076923,,,42.6826086956522,67.6,217.5,75.9,201.0,46.25,36.05,77.5,58.3875
45.2538461538461,37.9,52.4,89.7,77.8,68.7916666666667,13.45,46.15,84.6333333333333,33.65,35.0,338.777777777778,154.5,33.1964285714286,44.65,241.25,9.55,35.55,28.0,66.7111111111111,163.0,88.8,30.8,14.95,26.1,53.4,239.0,343.0,44.04,74.8285714285714,62.4,50.5,28.1,346.0,416.5,134.333333333333,45.7,12.1,166.448979591837,27.1159090909091,17.2823275862069,78.8722222222222,21.8,35.05,10.65,101.907407407407,6.58027777777778,7.44179856115108,15.15,43.75,6.74488888888889,17.1,68.775,25.4214285714286,265.322580645161,59.5,8.14,38.45,24.7,80.2258064516129,67.3,24.6,73.2,196.0,3.79,8.99576271186441,92.5,155.829268292683,54.6,18.6730769230769,83.1,433.0,192.909090909091,7.72,141.733333333333,63.0,17.35,51.36,10.65,14.7,16.45,,199.0,18.0,27.0,10.85,29.3511627906977,8.99,12.1,20.7,17.2,41.95,46.5692857142857,8.81,19.35,16.6506493506493,24.4332402234637,14.4,10.1621212121212,14.45,19.65,17.95,204.0,78.3,1165.0,28.7642857142857,121.0,51.2,96.125,95.2,24.3546511627907,89.0,72.6333333333333,10.4052631578947,28.6,172.19696969697,15.5,33.15,26.0033333333333,63.3,27.75,36.8416666666667,,72.88,153.0,50.8,80.2094339622642,16.3,10.3886904761905,108.571428571429,44.1,94.4,76.2,,,232.5,,,81.0076923076923,,,42.7578947368421,67.7,217.5,75.9,201.0,46.25,36.25,77.5,58.4
45.3566666666667,37.7928571428571,52.4,89.7,77.7,68.8,13.5,46.15,84.6333333333333,33.75,34.9,339.0,154.5,33.3245173745174,44.625,242.0,9.53877192982456,35.5,28.0,66.7111111111111,163.0,88.9,30.8,14.95,26.1,53.4,238.9,343.0,44.0,74.75,62.5,50.5,28.1,346.0,416.5,134.333333333333,45.65,12.05,166.5,27.1675438596491,17.2594936708861,78.9,21.7903846153846,35.07,10.65,101.814814814815,6.59,7.45561983471074,15.15,43.7,6.78444444444444,17.0581081081081,68.9,25.3713004484305,265.5,59.5,8.143125,38.4,24.7,80.3166666666667,67.2,24.55,73.2454545454545,196.3125,3.79,8.9984,92.3938775510204,156.771739130435,54.6675675675676,18.65,83.16,432.596774193548,192.95,7.72,141.56,63.0,17.35,51.4,10.65,14.7,16.45,,199.0,18.0,27.0,10.85,29.34875,8.98,12.1,20.7,17.2,41.975,46.6,8.81,19.35,16.7,24.43125,14.4,10.153125,14.45,19.615625,17.95,203.75,78.4,1163.75,28.8125,121.3,51.2,96.0,95.2,24.4,89.0,72.6666666666667,10.4127777777778,28.6,172.05,15.5,33.1416666666667,26.0125,63.4,27.75,36.8611111111111,,72.9555555555556,153.0,50.8,80.4038461538462,16.2833333333333,10.3749169435216,108.75,44.1,94.4888888888889,76.28,,,232.0,,,81.0076923076923,,,42.8529411764706,67.5,217.0,75.9,201.0,46.25,36.25,77.575,58.3333333333333
45.3,37.9,52.4,89.7,77.7434782608696,68.8,13.5,46.195,84.6,33.75,34.95,339.0,155.0,33.2862903225806,44.6934782608696,241.5,9.53,35.5,28.0,66.8,163.0,89.0,30.8,14.95,26.0610169491525,53.4,238.5,343.0,44.0,74.695,62.4666666666667,50.5,28.1,346.0,416.5,134.5,45.7,12.0583333333333,166.538461538462,27.2,17.2623188405797,78.9192307692308,21.7666666666667,35.0958333333333,10.65,101.9,6.59777777777778,7.47,15.15,43.7,6.81573913043478,17.0666666666667,68.7,25.3382352941176,266.071428571429,59.5,8.143125,38.497619047619,24.7,80.0,67.2,24.55,73.3214285714286,196.5,3.79,8.99689655172414,92.3,156.871428571429,54.6,18.65,83.2,430.519230769231,192.5,7.72,141.5,63.0,17.35,51.4,10.6844827586207,14.7294117647059,16.4,,199.0,17.9777777777778,27.0,10.85,29.3074626865672,8.98,12.15,20.7,17.2,42.0015151515152,46.57,8.80206349206349,19.35,16.6791666666667,24.45,14.4,10.15,14.45,19.6336956521739,17.95,203.5,78.5,1160.0,28.8,121.5,51.3,96.0,95.34,24.4,89.0,72.8,10.4259259259259,28.6,172.5,15.5,33.1416666666667,26.0346153846154,63.3,27.6509803921569,36.95,,73.019512195122,153.0,50.7,80.6711111111111,16.2785714285714,10.3884259259259,108.75,44.1,94.5,76.3,,,232.0,,,81.0076923076923,,,42.8647727272727,67.4727272727273,217.0,75.9,201.0,46.25,36.35,77.7,58.4333333333333
45.385,37.9,52.4875,89.7,77.8,68.7692307692308,13.4694444444444,46.2833333333333,84.4285714285714,33.7875,34.9666666666667,339.4,155.0,33.2741379310345,44.7775,241.25,9.53029411764706,35.5,27.95,66.7,163.0,88.9857142857143,30.8,15.0,26.0890625,53.4,238.5,343.0,44.0,74.6,62.4666666666667,50.4,28.05,346.0,416.5,134.5,45.75,12.0972222222222,166.673913043478,27.2550537634409,17.25,78.9,21.8,35.125,10.65,101.977715877437,6.6,7.4840350877193,15.15,43.65,6.83349809885932,17.1,68.9666666666667,25.3,266.136363636364,59.6,8.14905660377358,38.5444444444445,24.725,80.0529411764706,67.2,24.55,73.4,196.375,3.79,8.99763250883392,92.3,156.521276595745,54.6,18.65,83.2,430.527777777778,192.6,7.72,141.269230769231,62.975,17.35,51.4,10.65,14.75,16.45,,200.0,18.0,26.9916666666667,10.85,29.3,8.98,12.15,20.75,17.2,42.0,46.55,8.80714285714286,19.3939393939394,16.65,24.45,14.4,10.15,14.4875939849624,19.6076923076923,17.95,203.909090909091,78.325,1161.66666666667,28.8,121.5,51.3333333333333,96.0,95.4,24.4236842105263,89.0,72.8,10.4155172413793,28.6,172.166666666667,15.5,33.15,26.0090909090909,63.4,27.6586956521739,36.8785714285714,,73.0833333333333,153.4,50.7,80.7352941176471,16.2833333333333,10.3619718309859,108.5,44.0583333333333,94.52,76.236,,,232.0,,,80.8,,,42.8788461538461,67.3,217.0,75.9,200.5,46.25,36.35,77.7,58.4777777777778
45.35,37.8181818181818,52.4705882352941,89.7,77.7777777777778,68.7769230769231,13.5,46.2,84.3928571428571,33.7684210526316,34.85,341.714285714286,155.0,33.234375,44.9295918367347,241.0,9.53,35.5,27.95,66.8,163.0,89.0,30.8,15.0,26.0868421052632,53.4,238.5,343.0,44.0,74.6,62.4666666666667,50.4,28.05,346.0,416.5,134.5,45.75,12.0886363636364,166.090163934426,27.3632794457275,17.2435344827586,78.9,21.8125,35.1,10.65,101.667567567568,6.6,7.49,15.15,43.6857142857143,6.85,17.05,68.9,25.3,266.0,59.6,8.14,38.5738095238095,24.75,80.2,67.2,24.55,73.5,196.541666666667,3.79,8.99747252747253,92.3,156.5,54.6,18.65,83.2,430.888888888889,192.5,7.72,141.5,63.0,17.35,51.3166666666667,10.65,14.75,16.45,,200.0,18.0,26.958064516129,10.85,29.3,8.98,12.15,20.75,17.2,42.0,46.55,8.79242424242424,19.3535714285714,16.6520833333333,24.4356828193833,14.4,10.15,14.4949152542373,19.6235294117647,17.95,204.0,78.3,1161.66666666667,28.85,121.5,51.2166666666667,96.0,95.4,24.45,88.8,72.95,10.4177419354839,28.6,172.25,15.5,33.1,26.0048780487805,63.3857142857143,27.65,36.925,,73.0,153.0,50.7,80.9614035087719,16.2477941176471,10.3826086956522,108.5,44.05,94.5,76.1,,,231.375,,,80.8,,,42.8292682926829,67.5,217.0,75.9,200.0,46.25,36.35,77.7,58.4263157894737
45.35,37.9,52.5188235294118,89.7,77.7,68.8188679245283,13.45,46.2071428571429,84.3,33.7782608695652,34.85,342.277777777778,154.5,33.1938775510204,45.2674157303371,241.0,9.53,35.5,28.0,66.7333333333333,163.0,89.0,30.7944444444444,14.95,26.1,53.4,238.5,343.5,44.0,74.778431372549,62.4666666666667,50.4,28.0,345.0,416.5,134.5,45.8458333333333,12.0863636363636,166.0,27.3981958762887,17.25,78.9,21.825,35.12,10.65,102.0,6.59238095238095,7.49191570881226,15.15,43.7,6.85043165467626,17.0605263157895,68.8,25.283883248731,266.0,59.6,8.14090909090909,38.6078947368421,24.7166666666667,80.1011235955056,67.2,24.55,73.5,196.785714285714,3.79,9.0,92.375,156.08,54.5,18.65,82.9545454545455,431.076923076923,192.625,7.72,141.333333333333,63.0,17.35,51.3166666666667,10.65,14.75,16.45,,200.0,18.0,26.9461538461538,10.85,29.25,8.99,12.15,20.75,17.2,41.9762820512821,46.4787878787879,8.79172413793103,19.35,16.6631578947368,24.43125,14.4,10.15,14.4949152542373,19.61,17.95,204.0,78.4,1160.0,28.85,121.5,51.2,96.0,95.4,24.4459677419355,88.8,73.2,10.45,28.6,172.0,15.5,33.125,26.0,63.3,27.65,36.95,,72.98125,153.0,50.7,81.1,16.2666666666667,10.4,108.5,44.01,94.59375,76.1,,,231.375,,,80.54,,,42.7885135135135,67.5,217.0,76.0,200.0,46.25,36.35,77.7,58.4125
45.3916666666667,37.75,52.575,89.7,77.7058823529412,68.9,13.5,46.15,84.3,33.7666666666667,34.87,342.863636363636,154.5,33.14,45.2059523809524,240.5,9.52904761904762,35.5,28.0,66.7,163.0,89.0,30.7944444444444,14.95,26.0525,53.4,238.0,343.5,44.0,74.9,62.4666666666667,50.3833333333333,28.0,345.0,421.5,134.5,45.8,12.0916666666667,166.07,27.3434937611408,17.25,78.8623376623377,21.85,35.1,10.65,101.979166666667,6.59833333333333,7.49084656084656,15.1,43.65,6.85703125,17.0521739130435,68.7833333333333,25.2936274509804,266.0,59.6,8.14,38.6307692307692,24.7,80.0714285714286,67.2,24.55,73.5,197.0,3.79,8.9987037037037,92.375,156.038461538462,54.5134146341464,18.65,82.8,431.0,192.666666666667,7.72,141.333333333333,63.0,17.35,51.3166666666667,10.65,14.75,16.4,,200.0,18.0,26.9461538461538,10.85,29.25,8.99,12.15,20.75,17.2,41.9583333333333,46.45,8.790625,19.3945945945946,16.68515625,24.4,14.4,10.2,14.4949152542373,19.6411764705882,17.95,204.0,78.4,1161.66666666667,28.8,121.357142857143,51.2,96.0,95.4545454545454,24.4377551020408,88.7,73.2,10.409649122807,28.6,171.0,15.4954545454545,33.13,25.9511627906977,63.3,27.65,36.95,,72.8739130434783,153.0,50.7,81.088,16.2666666666667,10.4,108.6,44.0,94.6,76.2,,,231.5,,,80.2,,,42.785,67.5,217.0,76.0,200.0,46.1909090909091,36.3625,77.7,58.375
45.375,37.8590909090909,52.5266666666667,89.7,77.6181818181818,68.80625,13.5,46.3,84.3,33.8,34.8,344.041666666667,154.5,33.165,45.119512195122,240.7,9.52,35.55,28.0,66.7833333333333,162.5,88.9,30.7944444444444,14.95,26.0678571428571,53.4,238.0,343.5,44.0,75.0,62.6,50.4,28.0,345.0,421.5,134.5,45.8,12.1,165.538461538462,27.260071942446,17.2520833333333,78.8090909090909,21.85,35.1,10.7,101.92523364486,6.580625,7.48621212121212,15.1,43.6375,6.85911016949153,17.0546153846154,68.6111111111111,25.2683098591549,265.5625,59.6,8.14,38.65,24.71,79.9769696969697,67.1333333333333,24.55,73.5,196.611111111111,3.79,9.00286852589642,92.375,156.227272727273,54.5961538461539,18.7,82.72,430.928571428571,192.5,7.72,141.461538461538,63.0,17.35,51.3166666666667,10.67,14.75,16.4,,200.0,18.0,26.9,10.8,29.25,8.99,12.15,20.75,17.2,41.9989795918367,46.4633333333333,8.79,19.4,16.65,24.4318181818182,14.4,10.15,14.45,19.6486928104575,17.95,203.5,78.5,1165.0,28.8038461538462,121.0,51.4,96.025,95.5166666666667,24.42875,88.64375,73.2,10.4043165467626,28.6,170.7375,15.4504310344828,33.1,25.95,63.3384615384615,27.65,36.941935483871,,72.8739130434783,153.0,50.7041666666667,80.9892857142857,16.2666666666667,10.3554945054945,108.25,44.025,94.6,76.2,,,231.5,,,80.2,,,42.85,67.74,217.0,75.5,200.0,46.1909090909091,36.3,77.7,58.4
45.3725,37.8625,52.5975609756098,89.6333333333333,77.6277777777778,68.8,13.4541666666667,46.2884615384615,84.45,33.8,34.8,345.0,154.25,33.2,45.2183333333333,240.7,9.52,35.55,28.0,66.8,162.5,88.9,30.75,14.95,26.0884615384615,53.4,238.0,343.1,44.0,75.0,62.6,50.4,28.0,345.0,421.5,134.5,45.8,12.1091478696742,166.0,27.25,17.2954545454545,78.834693877551,21.85,35.1,10.6,102.052083333333,6.59428571428571,7.47622222222222,15.1,43.6375,6.85197802197802,17.0518518518519,68.6,25.2961538461538,265.75,59.9,8.14333333333333,38.65,24.6777777777778,79.7758620689655,67.1,24.55,73.6,196.5,3.79,9.01685393258427,92.3,156.803921568627,54.6,18.65,82.5,431.0,192.5,7.72,141.5,63.0,17.3568965517241,51.3166666666667,10.67,14.75,16.4,,200.0,18.0,26.85,10.8,29.25,8.99,12.15,20.75,17.2,42.0166666666667,46.475,8.79,19.3933333333333,16.6753623188406,24.4357142857143,14.4,10.15,14.45,19.6483606557377,17.95,203.5,78.6,1165.0,28.8636363636364,121.0,51.4,96.0,95.6,24.45,88.6166666666667,73.2,10.4,28.6,171.314814814815,15.45,33.1,25.945,63.3,27.65,36.9791666666667,,72.9,153.0,50.7041666666667,80.8,16.25,10.388,108.25,44.025,94.5,76.2333333333333,,,231.5,,,80.2,,,42.8194444444444,68.01,217.5,75.5,200.0,46.15,36.2583333333333,77.7,58.4
45.4,37.9,52.63,89.7,77.6,68.89,13.49,46.2260869565217,84.45,33.8,34.8,345.0,155.0,33.2,45.1935897435898,240.5,9.5135632183908,35.55,28.0,66.9,162.5,88.9,30.75,15.0,26.0621951219512,53.4,238.903846153846,343.0,44.0933333333333,74.9545454545455,62.7,50.4,28.0,345.0,421.5,135.0,45.8,12.1218446601942,166.0,27.25,17.3,78.9,21.85,35.1,10.6857142857143,102.111111111111,6.59984615384615,7.48070422535211,15.1,43.5866666666667,6.84628019323671,17.05,68.6,25.328947368421,266.0625,59.875,8.14333333333333,38.65,24.6611111111111,79.9772727272727,67.0833333333333,24.6,73.6,196.5,3.79,9.01,92.375,157.5,54.6088235294118,18.65,82.5,431.222222222222,192.414285714286,7.72,141.088888888889,63.0,17.3568965517241,51.3,10.675,14.75,16.45,,200.0,18.0,26.8578947368421,10.8,29.2571428571429,8.99,12.1,20.7,17.2,42.0666666666667,46.55,8.79019230769231,19.4021739130435,16.65,24.45,14.4,10.15,14.45,19.6552845528455,17.95,203.833333333333,78.55,1170.1724137931,28.9,121.0,51.3,96.0,95.6333333333333,24.45,88.74,73.2,10.4,28.6,171.4375,15.475,33.1,25.95,63.3,27.7,37.0081081081081,,72.7727272727273,153.0,50.6,80.8,16.25,10.3836206896552,108.5,44.0,94.55,76.3,,,232.0,,,80.2,,,42.8761904761905,68.1,216.6,75.5,200.0,46.15,36.25,77.7,58.4
45.4260869565217,37.9,52.7,89.7,77.65,68.81875,13.45,46.2,84.3,33.8,34.8,344.566666666667,155.0,33.2,45.2,240.6,9.5135632183908,35.55,28.0,66.8,162.5,88.8909090909091,30.7,15.05,26.05,53.4,239.2,342.5,44.0933333333333,75.0,62.7,50.4,28.0,345.0,422.0,134.5,45.8,12.1346153846154,166.057971014493,27.2145833333333,17.3454545454545,78.8533333333333,21.85,35.1,10.6069078947368,102.08064516129,6.604,7.48,15.1,43.575,6.83661764705882,17.05,68.6,25.3344827586207,266.0,59.85,8.15,38.65,24.7,80.2487804878049,67.1761904761905,24.6,73.6,196.5,3.79,9.0154347826087,92.3384615384616,157.84756097561,54.7,18.65,82.5,431.5,192.5,7.72,141.5,63.0,17.4056603773585,51.3,10.675,14.7,16.4142857142857,,200.0,18.0,26.9,10.8,29.2583333333333,8.99,12.1,20.7,17.2,42.05,46.571052631579,8.79047619047619,19.4,16.65,24.45,14.4,10.1565217391304,14.45,19.6785714285714,17.95,203.5,78.5,1170.0,28.90625,121.0,51.3,96.0875,95.7,24.45,88.975,73.2,10.4,28.6,171.1,15.4807692307692,33.15,25.9552631578947,63.45,27.7,37.0138888888889,,72.7416666666667,153.0,50.6,80.8,16.25,10.4,108.5,44.0,94.4666666666666,76.3,,,232.0,,,80.2,,,42.9140845070423,68.1966666666667,216.5,75.5,200.0,46.15,36.2,77.7,58.4
45.475,37.9,52.7,89.8125,77.6769230769231,68.9,13.5,46.21875,84.3,33.8,34.715,343.15,154.0,33.2,45.1934782608696,241.0,9.51,35.55,27.9382352941176,66.8,162.5,88.8,30.7,15.1109042553192,26.087037037037,53.4,239.615384615385,342.0,44.0933333333333,75.05,62.7,50.4,28.0,345.5,423.6,134.5,45.8675,12.1067567567568,166.333333333333,27.235546875,17.3,78.8470588235294,21.9,35.1,10.63,102.0,6.63,7.49036144578313,15.1,43.6,6.83,17.0106382978723,68.6,25.35,266.0,59.75,8.15,38.65,24.7,80.4706382978723,67.2428571428571,24.6,73.5157894736842,196.5,3.79,9.01141176470588,92.3714285714286,158.0,54.6978260869565,18.7,82.5,431.5,192.5,7.72,141.5,63.0,17.45,51.3,10.675,14.69375,16.45,,200.0,18.0,26.9,10.8,29.25,8.99,12.15,20.7,17.2,42.05,46.6,8.8,19.45,16.6404166666667,24.45,14.4,10.15,14.45,19.7,17.95,203.5,78.45,1170.0,28.95,121.0,51.3666666666667,96.0045454545454,95.7,24.45,89.1744680851064,73.2,10.4,28.6,171.25,15.5,33.15,25.975,63.4,27.75,37.05,,72.9,153.0,50.6,80.9,16.25,10.4,108.5,44.0166666666667,94.4142857142857,76.2888888888889,,,232.2,,,80.2,,,43.0148148148148,68.1,217.0,75.4,200.0,46.15,36.0611111111111,77.7,58.4333333333333
45.4982142857143,37.95,52.7828220858896,89.9,77.7,68.9,13.5,46.35,84.3,33.8,34.8,341.833333333333,154.0,33.1884615384615,45.1285714285714,241.5,9.51210526315789,35.55,27.9,66.8,162.5,88.8,30.7,15.1528169014084,26.055,53.4,240.142857142857,340.928571428571,44.0933333333333,74.804347826087,62.7,50.4,28.0,346.5,425.0,134.5,45.9,12.106,166.0,27.2046666666667,17.2703703703704,78.8297297297297,21.9,35.0617647058824,10.6093023255814,102.0,6.62,7.50142857142857,15.1,43.6,6.82490196078431,17.05,68.6166666666667,25.35125,266.0,59.7,8.14045454545455,38.65,24.7461538461538,80.7,67.2,24.6,73.4,196.5,3.79,9.0,92.3714285714286,157.642857142857,54.7625,18.7,82.5,431.75,192.5,7.72,141.5,63.0,17.45,51.3,10.65,14.7,16.45,,200.0,18.0,26.85,10.8,29.2883928571429,9.0,12.15,20.702380952381,17.2,42.1,46.5625,8.8,19.45,16.6192307692308,24.4369565217391,14.4,10.1833333333333,14.4763157894737,19.7,17.95,204.0,78.3875,1170.0,28.95,121.0,51.4,96.1,95.6,24.45,89.88,73.2,10.4005597014925,28.6,171.0,15.5,33.1524390243902,26.0,63.4,27.79375,37.065,,72.7,152.75,50.6,80.8,16.25,10.3935567010309,108.5,43.95,94.35,76.3,,,233.0,,,80.4,,,43.1851923076923,68.1,216.5,75.4,200.0,46.15,36.0,77.6,58.4404761904762
45.5106060606061,37.95,52.8,89.875,77.7488888888889,68.9,13.45,46.4352941176471,84.5,33.7388888888889,34.7,340.9,155.0,33.1642857142857,45.1,242.0,9.53,35.55,27.9,66.8,163.0,88.6,30.75,15.15,26.0853658536585,53.35,240.955555555556,340.5,44.0933333333333,74.8233333333333,62.7,50.4,28.05,347.333333333333,425.0,134.5,45.8888888888889,12.1040650406504,166.238095238095,27.2370689655172,17.2954545454545,78.8518987341772,21.9166666666667,35.0162921348315,10.65,102.0,6.62,7.51510948905109,15.1,43.6,6.82319444444444,17.0131578947368,68.65,25.4,266.0,59.7,8.14,38.55,24.7461538461538,80.4802919708029,67.36,24.6,73.45,196.0,3.79,9.01397849462365,92.3728813559322,157.5,54.8153846153846,18.6842592592593,82.5,431.5,192.5,7.72,141.5,63.0,17.45,51.3,10.65,14.7,16.45,,200.0,18.0,26.8576923076923,10.8,29.2842592592593,8.99,12.1315789473684,20.7,17.3,42.1,46.610153256705,8.8,19.437,16.65,24.4322164948454,14.4,10.178125,14.4970588235294,19.6888888888889,17.98,204.0,78.5857142857143,1170.0,29.055,121.0,51.4166666666667,96.0068181818182,95.6,24.4652173913043,89.932,73.2,10.45,28.6,171.071428571429,15.5,33.2,26.0,63.4,27.8694444444444,37.0627906976744,,72.8,152.5,50.6,80.8,16.25,10.4,108.5,43.95,94.4,76.325,,,231.5,,,80.4,,,43.4678843226788,68.2,216.5,75.35,200.0,46.15,36.05,77.4,58.5
45.54,37.95,52.8756097560975,89.875,77.8166666666667,68.9,13.5,46.4583333333333,84.4,33.6875,34.7,340.5,155.0,33.19375,45.1,242.357142857143,9.53,35.5,27.9,66.75,163.0,88.5857142857143,30.75,15.15,26.1,53.35,242.0,340.5,44.0933333333333,74.9,62.7,50.4,28.0,347.5,425.0,134.5,45.85,12.15,166.361111111111,27.2245614035088,17.3,78.9,21.95,35.0625,10.6666666666667,102.0,6.61944444444444,7.50747899159664,15.1,43.55,6.81378787878788,17.05,68.7,25.4743553008596,266.0,59.8,8.14,38.55,24.7461538461538,80.4353658536585,67.225,24.6,73.5,196.5,3.79,9.01423076923077,92.4,158.0,54.9655601659751,18.6842592592593,82.7,431.541666666667,192.5,7.72,141.5,63.0,17.475,51.3,10.65,14.7,16.45,,200.0,18.0464285714286,26.9,10.8,29.3214601769911,8.9948275862069,12.15,20.75,17.25,42.15,46.6909090909091,8.81,19.4,16.65,24.45,14.4,10.15,14.45,19.6673076923077,17.95,204.0,78.5,1170.0,29.06,120.75,51.4166666666667,96.0,95.6,24.45,89.8548387096774,73.2,10.4490476190476,28.6,171.0,15.4666666666667,33.2,26.0,63.4,27.9,37.0301587301587,,72.825,152.875,50.5176470588235,80.86,16.25,10.4,108.5,43.95,94.5272727272727,76.3,,,231.5,,,80.4,,,43.7698795180723,68.095,216.5,75.5,200.0,46.15,36.05,77.4,58.5
45.55,37.95,52.875,89.84,77.9,68.8121951219512,13.4545454545455,46.5,84.4,33.7,34.7,340.5,155.0,33.1722222222222,45.075,242.714285714286,9.53285714285714,35.5,27.9,66.8,163.0,88.5,30.75,15.15,26.0605263157895,53.35,241.935483870968,341.0,44.0933333333333,74.925,62.7,50.4,28.0,348.875,425.666666666667,134.5,45.8979166666667,12.1301369863014,166.0,27.2030487804878,17.3,79.0,21.95,35.05,10.7,102.0,6.61,7.51,15.1,43.55,6.81484375,17.0152173913044,68.7125,25.5616959064328,266.060975609756,60.0,8.14,38.55,24.7,80.475,67.2666666666667,24.6,73.4875,196.5,3.79,9.02,92.4428571428572,157.821428571429,55.0,18.6842592592593,82.7,431.5,192.916666666667,7.72,141.727272727273,63.0,17.5,51.3,10.65,14.7,16.5,,200.0,18.0579439252336,26.9,10.8,29.4,8.99,12.15,20.7142857142857,17.25,42.1477777777778,46.65,8.80328042328043,19.45,16.65,24.4555023923445,14.45,10.15,14.48,19.6611111111111,17.95,204.0,78.5142857142857,1170.0,29.05,120.75,51.4,96.0,95.6,24.4476635514019,89.8272727272727,73.2,10.45,28.6,171.045454545455,15.475,33.2583333333333,26.05,63.4,27.9587719298246,36.9894736842105,,72.9583333333333,153.0,50.5176470588235,80.9153846153846,16.2875,10.4467289719626,108.642857142857,43.9833333333333,94.68,76.3,,,231.5,,,80.4,,,43.7103674540682,68.0,216.0,75.3,200.0,46.15,36.15,77.4,58.55
45.5555555555556,37.95,52.9,89.84,77.8666666666667,68.8666666666667,13.5,46.475,84.5,33.65,34.6388888888889,341.125,155.0,33.1868421052631,45.0277777777778,242.4,9.54,35.5,27.9,66.8,163.5,88.5,30.75,15.15,26.05,53.3333333333333,240.807692307692,341.5,44.1,74.9923076923077,62.7,50.4,28.1,348.0,425.666666666667,134.5,45.95,12.1166666666667,166.071428571429,27.25,17.35,79.0,21.925,35.05,10.7,102.0,6.60905660377359,7.50260377358491,15.1,43.5833333333333,6.8251724137931,17.05,68.8,25.6138068181818,266.5,59.8,8.14,38.575,24.7428571428571,80.3722222222222,67.2,24.6,73.475,196.5,3.79,9.035656424581,92.45,157.916666666667,55.0648275862069,18.6842592592593,82.7,431.388888888889,193.0,7.72,141.6875,62.9,17.47,51.3,10.65,14.8,16.5,,200.0,18.0519230769231,26.9,10.8,29.3988636363636,8.98909090909091,12.15,20.7142857142857,17.25,42.1,46.6541666666667,8.80259259259259,19.4441176470588,16.7,24.45,14.4,10.15,14.48,19.69,17.95,204.0,78.5333333333333,1170.0,29.08125,120.9,51.4,95.9666666666666,95.6,24.4453703703704,89.7111111111111,73.0,10.45,28.6,171.2,15.5,33.3,26.05,63.4,27.95,37.0,,73.0,153.0,50.5176470588235,81.0185185185185,16.2875,10.45,108.75,44.05,94.7,76.3,,,231.5,,,80.4,,,43.7,68.0,216.0,75.3,200.0,46.15,36.2,77.5,58.6
45.55,37.9625,52.9,89.84,77.8,68.9,13.5,46.5772727272727,84.5,33.65,34.6388888888889,342.833333333333,154.5,33.1928571428571,45.0184210526316,242.375,9.53323529411765,35.5,27.9,66.8,163.5,88.5,30.75,15.15,26.094512195122,53.3333333333333,240.666666666667,341.0,44.1,75.1,62.7,50.3888888888889,28.1,348.0,424.0,135.0,46.0407407407407,12.1119047619048,166.25,27.2534246575343,17.325,79.0731707317073,21.91,35.05,10.7,102.0,6.6,7.5075,15.1,43.65,6.8370652173913,17.05,68.8666666666667,25.565625,266.54347826087,59.8,8.14,38.6,24.75,80.4,67.2708333333333,24.6,73.5,196.25,3.79,9.04690253671562,92.3875,157.583333333333,55.0222222222222,18.6842592592593,82.8,431.6,193.266666666667,7.72,142.0,62.8,17.455,51.3,10.65,14.825,16.5,,200.0,18.05,26.9,10.8,29.3712643678161,8.98909090909091,12.15,20.7142857142857,17.25,42.1,46.6642857142857,8.80769230769231,19.4,16.65,24.45,14.45,10.1964285714286,14.45,19.7,17.95,203.75,78.55,1170.0,29.06,121.0,51.4,95.9666666666666,95.6,24.4053571428571,89.6875,72.9,10.45,28.6,171.5,15.5,33.35,26.05,63.4,27.9428571428571,37.05,,73.090625,152.75,50.5176470588235,81.3068965517241,16.3,10.45,108.5,44.05,94.7,76.34,,,231.5,,,80.4,,,43.6931034482759,67.8666666666667,216.0,75.3,200.0,46.15,36.21,77.4,58.6348484848485
45.5944827586207,38.0,52.9,89.84,77.9,68.9967741935484,13.5,46.6071428571428,84.4,33.7772727272727,34.6,343.083333333333,154.375,33.2,45.05,242.5,9.53,35.5,27.9,66.8,163.5,88.6,30.75,15.15,26.09125,53.3333333333333,241.0,340.5,44.1,75.0105263157895,62.6,50.4,28.1,348.0,424.0,135.0,46.07,12.15,166.267857142857,27.25,17.28,79.0875,21.95,35.0785714285714,10.65,102.0,6.6,7.52,15.15,43.65,6.83646153846154,17.05,69.0071428571429,25.5547101449275,266.642857142857,59.8,8.14,38.6,24.75,80.3777777777778,67.3,24.6,73.5,196.5,3.8,9.05224416517056,92.3875,157.5,54.9848214285714,18.7,82.8,431.833333333333,193.5,7.72,142.0,62.8,17.45,51.3,10.65,14.8,16.5,,200.0,18.075,26.9,10.8,29.4,9.0,12.15,20.7142857142857,17.25,42.1,46.68125,8.81,19.4466216216216,16.696875,24.45,14.45,10.15,14.4592592592593,19.675,17.95,203.75,78.6,1170.0,29.05,121.0,51.4,95.95,95.8,24.4030120481928,89.65,72.9,10.4713859910581,28.6,171.561403508772,15.5,33.3964285714286,26.01875,63.4,27.9,36.9328571428571,,73.2642857142857,153.0,50.5176470588235,81.3244186046512,16.3,10.4386973180077,108.5,44.0615384615385,94.64,76.3,,,231.5,,,80.4,,,43.6970238095238,68.0,216.5,75.3,200.0,46.1,36.2,77.6,58.6754098360656
45.6,38.0,53.0,89.84,77.9,69.0,13.45,46.55,84.5,33.8,34.6285714285714,343.333333333333,154.5,33.2,45.0892857142857,242.222222222222,9.53,35.5,27.9,66.8,163.5,88.65,30.75,15.1390625,26.1,53.4,241.055555555556,340.5,44.1,75.1,62.6,50.4,28.1,349.5,423.0,134.6875,46.05,12.15,166.0,27.2697183098592,17.2833333333333,79.0781818181818,21.95,35.1,10.65,102.0,6.60375,7.52096153846154,15.15,43.6785714285714,6.8300826446281,17.1,69.0,25.55,267.0,59.8,8.14,38.5574074074074,24.8,80.3,67.4,24.6,73.56,196.0,3.8,9.06387900355872,92.3,157.035714285714,54.8,18.7,82.8,431.928571428571,193.5,7.72,142.0,62.7,17.45,51.3,10.65,14.8,16.5,,200.0,18.075,26.945,10.8,29.4,8.98,12.15,20.7142857142857,17.3,42.1363636363636,46.6625,8.81,19.4515151515152,16.65,24.453125,14.4,10.15,14.4916666666667,19.7,17.95,203.833333333333,78.6,1170.0,29.0,121.0,51.4,95.9,95.6090909090909,24.4207547169811,89.5,72.9,10.520255560814,28.6,171.7,15.5,33.35,26.01875,63.3,27.8583333333333,37.0,,73.2551724137931,153.0,50.5176470588235,81.28,16.2833333333333,10.45,108.25,44.05,94.8210526315789,76.3,,,232.0,,,80.3333333333333,,,43.6961267605634,68.0,216.5,75.3,200.0,46.1,36.25,77.6,58.6741935483871
45.6,38.0,52.9926829268293,89.7666666666667,77.9,69.0,13.5,46.5875,84.5,33.75,34.7214285714286,343.5,154.5,33.2,45.0857142857143,242.222222222222,9.53,35.5,27.9,66.8,163.5,88.65,30.8,15.1,26.1,53.4,241.0,340.5,44.1,75.0,62.6,50.3944444444444,28.1,348.0,426.0,134.125,46.0,12.1561473237944,165.944444444444,27.2672413793103,17.3,79.0520547945205,21.9,35.1,10.65,102.0,6.60375,7.5225641025641,15.15,43.6615384615385,6.83964285714286,17.0052369077307,69.0238095238095,25.55,266.75,59.8,8.14,38.5291666666667,24.78,80.25,67.4,24.6,73.55,196.125,3.8,9.07,92.312,157.035714285714,54.8538461538461,18.7,82.9,432.0,193.0,7.72,142.0,62.7,17.4,51.3,10.65,14.85,16.5,,200.0,18.05,26.9,10.8,29.4,8.98,12.15,20.7142857142857,17.3,42.1,46.6506172839506,8.8,19.4991452991453,16.65,24.45,14.4025641025641,10.1552631578947,14.45,19.6528368794326,17.95,203.666666666667,78.5875,1170.0,29.0,121.0,51.4,95.975,95.7,24.4381818181818,89.475,72.9,10.55,28.7,171.5,15.4545454545455,33.35,26.01875,63.3,27.8583333333333,36.95,,73.1583333333333,152.833333333333,50.5176470588235,81.2428571428571,16.28,10.4635220125786,108.5,44.07,94.8,76.2923076923077,,,232.0,,,80.3333333333333,,,43.6544117647059,68.0,216.1,75.3,200.0,46.1,36.2,77.6,58.6923076923077
45.6291666666667,38.05,52.930303030303,89.7666666666667,77.9,68.9892857142857,13.5,46.5625,84.5,33.8136363636364,34.75,343.0,154.666666666667,33.16875,45.1038461538462,241.666666666667,9.53,35.5,27.85,66.8,163.5,88.6,30.75,15.1333333333333,26.1,53.4,240.5,340.5,44.1,75.084,62.6,50.4285714285714,28.1,348.0,426.0,134.0,46.0227272727273,12.2,166.0,27.25,17.3,79.0142857142857,21.9,35.1,10.7,102.0,6.60333333333333,7.51,15.15,43.75,6.83833333333333,17.0,69.0,25.5086956521739,266.5,59.8,8.14,38.55,24.8,80.2235294117647,67.5,24.6,73.6,196.25,3.8,9.06947530864198,92.3,157.0,54.9021739130435,18.7,83.0,431.547619047619,193.5,7.72,142.0,62.7,17.4,51.3,10.65,14.8,16.4615384615385,,200.0,18.05,26.9,10.8,29.4,8.98,12.2,20.7142857142857,17.3,42.1,46.6353658536585,8.80357142857143,19.5166666666667,16.65,24.4535714285714,14.4,10.2,14.45,19.7,17.95,203.666666666667,78.6,1170.0,29.0,121.0,51.4,95.96,95.7,24.45,89.36,72.9,10.5435574229692,28.7,171.483333333333,15.4923357664234,33.35,26.0944444444445,63.4,27.85,36.9571428571429,,73.1,152.75,50.725,81.2384615384615,16.29,10.4982857142857,108.5,44.0538461538462,94.8,76.2333333333333,,,232.0,,,80.26,,,43.5762711864407,68.0,216.25,75.3,200.5,46.1,36.2,77.6,58.6833333333333
45.65,38.05,53.0,89.8,77.9,69.0,13.45,46.5566666666667,84.64,33.8,34.64,342.7,154.666666666667,33.196875,45.15,242.0,9.53,35.4833333333333,27.85,66.8,163.5,88.7,30.75,15.15,26.1,53.4,240.4375,340.7,44.1,75.0,62.6,50.4875,28.1,349.5,426.0,133.5,46.0464285714286,12.1709677419355,166.0,27.2833333333333,17.2583333333333,79.0,21.92,35.1,10.600495049505,102.0,6.61,7.512,15.15,43.8,6.83078947368421,16.9872549019608,69.0,25.5111842105263,266.5,59.8,8.14,38.55,24.75,80.225,67.3535714285714,24.6,73.6,195.5,3.8,9.05748691099476,92.325,157.0,54.9315789473684,18.7,83.0,431.5,193.491379310345,7.72,142.0,62.7,17.4,51.3,10.65,14.8,16.4615384615385,,200.0,18.05,26.9,10.8,29.3603448275862,8.98,12.2,20.7045454545455,17.25,42.1,46.6,8.80833333333333,19.5441176470588,16.6848837209302,24.4578947368421,14.4,10.15,14.45,19.684375,17.95,203.75,78.5,1170.0,28.9444444444444,121.0,51.4,95.9714285714286,95.7,24.4544117647059,89.46,72.9,10.520652173913,28.7,171.5,15.5,33.3,26.0944444444445,63.3823529411765,27.85,36.9557692307692,,73.0642857142857,153.0,50.725,81.2909090909091,16.3,10.5,108.5,44.05,94.7,76.3441176470588,,,232.0,,,80.1285714285714,,,43.5529411764706,68.0,216.0,75.24,200.0,46.1,36.2,77.6,58.6
45.65,38.025,52.9454545454545,89.8,77.9,69.015,13.45,46.4,84.6,33.75,34.75,343.5,154.5,33.15,45.122972972973,242.0,9.53,35.4833333333333,27.85,66.7025641025641,163.5,88.65,30.775,15.15,26.1,53.4,240.205882352941,340.7,44.1,75.0,62.6,50.4,28.0,349.5,426.5,132.822580645161,46.0021739130435,12.1777777777778,166.0,27.2625,17.3394736842105,79.0666666666667,21.92,35.1,10.6,102.0,6.61,7.52,15.15,43.8,6.83938461538462,17.0194444444444,68.9888888888889,25.5161290322581,266.5,59.8,8.14,38.55,24.75,80.1214285714286,67.27,24.6,73.6,195.5,3.8,9.04392592592593,92.4,157.0,54.9,18.725,83.0117647058824,431.111111111111,193.3,7.72,142.0,62.7,17.4,51.3,10.65,14.81875,16.45,,200.0,18.05,26.9214285714286,10.8,29.4,8.98,12.2,20.75,17.25,42.1,46.6,8.8,19.5,16.65,24.4755555555555,14.4,10.1520833333333,14.45,19.654132231405,17.95,203.5,78.6666666666667,1170.0,28.9,121.0,51.475,95.9,95.7,24.4601851851852,89.5,72.9,10.5109756097561,28.7,171.5,15.5,33.3,26.0,63.4,27.825,36.9423076923077,,73.1,153.0,50.725,81.2615384615385,16.3,10.4856837606838,108.5,44.0333333333333,94.8,76.4,,,232.0,,,80.1,,,43.5268292682927,68.0,216.0,75.24,200.0,46.1,36.1,77.5,58.6
45.6144736842105,38.025,52.9518518518519,89.85,77.9,69.0818181818182,13.45,46.4,84.6,33.75,34.6,343.0,155.0,33.15,45.15,241.666666666667,9.53833333333333,35.4833333333333,27.9,66.6,163.5,88.6,30.75,15.1019230769231,26.1,53.4,240.5,340.5,44.1,75.1,62.7,50.5,28.0,349.5,425.0,132.086206896552,46.04,12.15,166.0,27.25,17.3227272727273,79.048,21.9,35.1,10.6,102.0,6.62,7.51,15.15,43.8513513513514,6.83702127659575,17.0448717948718,68.9888888888889,25.5,266.5,59.9,8.14,38.55,24.7,80.1,67.32,24.6,73.6,195.166666666667,3.8,9.03855072463768,92.3333333333333,156.666666666667,54.86,18.72,83.1,431.15,193.25,7.72,142.0,62.7666666666667,17.4,51.4,10.65,14.81,16.45,,200.0,18.05,26.9,10.8,29.361797752809,8.98,12.1,20.75,17.2666666666667,42.1,46.575,8.8,19.5441176470588,16.6472222222222,24.4570063694268,14.4,10.15,14.4931818181818,19.678125,17.9963235294118,203.5,78.5875,1170.0,28.9,121.0,51.3,95.9,95.6111111111111,24.4368932038835,89.55,72.9,10.5,28.7,171.886363636364,15.55,33.3,26.0,63.3227272727273,27.8,36.8833333333333,,73.16,153.0,50.725,81.3142857142857,16.3,10.4821428571429,108.5,44.025,94.6230769230769,76.3444444444445,,,231.5,,,80.0,,,43.5084507042253,68.0,216.375,75.28,200.0,46.1,36.1,77.6,58.55
45.628125,38.0071428571429,52.93125,89.85,77.9,69.1,13.4015625,46.3818181818182,84.6333333333333,33.815625,34.6,342.6,155.0,33.1512820512821,45.1,241.0,9.53,35.4833333333333,27.9,66.6333333333333,163.5,88.7,30.75,15.1,26.0766666666667,53.3,240.571428571429,340.5,44.1,75.2,62.7,50.5,28.0,349.5,424.5,131.5,46.05,12.15,166.0,27.2725,17.3,79.0,21.9013888888889,35.1,10.6,102.0,6.62,7.51,15.1,43.825,6.82046875,17.0,68.8333333333333,25.5,266.25,59.9125,8.14,38.55,24.7,80.1,67.32,24.6,73.7,195.5,3.8,9.03767441860465,92.3,156.5,54.825,18.72,83.0,430.947368421053,193.5,7.72,142.0,62.7666666666667,17.4,51.4,10.65,14.8,16.5,,200.0,18.1,26.9,10.8,29.3543859649123,8.98,12.1,20.75,17.2666666666667,42.1,46.5746478873239,8.80406779661017,19.5,16.6142857142857,24.49625,14.4,10.1555555555556,14.45,19.6920454545455,17.95,203.583333333333,78.6,1170.0,28.9,121.0,51.39,96.0,95.7,24.4133333333333,89.52,72.8,10.5,28.7,172.0,15.55,33.3,26.0,63.3,27.8,36.8541666666667,,73.0769230769231,152.75,50.7,81.2,16.29,10.5,108.5,44.05,94.6,76.3,,,231.5,,,80.0,,,43.5614285714286,68.0,216.2,75.3,200.0,46.1,36.1,77.5,58.6
45.6125,38.01,52.9,89.85,77.9333333333333,69.1,13.45,46.325,84.6166666666667,33.7529411764706,34.6,343.0,154.666666666667,33.2,45.0625,241.0,9.54,35.4833333333333,27.9,66.7438596491228,163.5,88.6,30.75,15.1,26.1,53.3,240.0,340.833333333333,44.1,75.2,62.6,50.4916666666667,28.15,349.5,424.5,132.5,46.05,12.1785714285714,165.96511627907,27.2612068965517,17.262962962963,79.054347826087,21.85,35.1,10.6,102.0,6.62,7.52598958333333,15.1,43.85,6.82,17.0,68.9,25.5,266.454545454545,60.0,8.14,38.55,24.7125,80.0,67.3625,24.65,73.65,195.5,3.8,9.0447311827957,92.3,156.5,54.8,18.65,82.9,430.555555555555,193.5,7.77,142.05,62.9,17.4,51.4,10.65,14.8,16.45,,200.0,18.0545454545455,26.95,10.8,29.35,8.99,12.1,20.75,17.2666666666667,42.1138888888889,46.6045454545455,8.80909090909091,19.5,16.645652173913,24.4718181818182,14.4,10.2,14.45,19.7,17.95,203.5,78.7,1167.5,28.8657894736842,121.0,51.5,95.9,95.6,24.4385416666667,89.5,72.8,10.5054347826087,28.7,172.1,15.55,33.25,26.0,63.3,27.8,36.8625,,73.15,152.75,50.7,81.1888888888889,16.2833333333333,10.4840909090909,108.5,44.0125,94.50625,76.3,,,231.5,,,80.0,,,43.672,68.0,216.0,75.4,200.0,46.1,36.15,77.6,58.6
45.6,38.0,52.8,89.85,77.8777777777778,69.1,13.45,46.53,84.6333333333333,33.8396551724138,34.6214285714286,342.75,154.666666666667,33.19375,45.09,241.5,9.54,35.4,27.9,66.7,163.5,88.6,30.75,15.1,26.0953488372093,53.3,240.5,341.0,44.05,75.1,62.6,50.5,28.0,349.75,424.5,132.125,46.05,12.15,165.9375,27.25,17.2884615384615,79.0269230769231,21.8382352941176,35.1,10.6,102.0,6.6,7.53624113475177,15.1,43.8,6.82233333333333,17.0,68.9,25.5,266.666666666667,60.0,8.14,38.55,24.7125,79.9,67.4,24.65,73.65,195.0,3.8,9.04688888888889,92.3,156.428571428571,54.8071428571429,18.65,82.9333333333333,430.388888888889,193.94,7.73,142.315789473684,62.7181818181818,17.45,51.4,10.65,14.8,16.45,,200.0,18.0545454545455,26.9971428571429,10.8,29.358,8.99,12.1,20.75,17.2884615384615,42.115,46.6,8.80125,19.5,16.6222222222222,24.471,14.4166666666667,10.15,14.45,19.65,17.95,203.5,78.7,1170.0,28.9,121.0,51.4333333333333,96.0,95.7,24.45,89.34,72.8,10.5,28.7,171.987804878049,15.55,33.3,26.0045454545455,63.4,27.8014285714286,36.85,,73.16,153.0,50.7,81.1,16.29,10.45,108.5,44.0636363636364,94.5,76.3,,,232.0,,,80.0,,,43.6510869565217,68.0,216.0,75.4,200.0,46.1,36.15,77.6,58.6
45.5834459459459,38.05,52.8,89.8,77.8777777777778,69.1,13.4238095238095,46.3071428571429,84.6,33.8878787878788,34.6214285714286,342.7,154.5,33.15,45.2512048192771,241.25,9.54466666666667,35.4,27.9,66.7,163.5,88.6,30.75,15.1,26.062962962963,53.3,240.5,341.5,44.05,75.1909090909091,62.6,50.4,28.1,349.75,424.5,132.083333333333,46.05,12.2,166.0,27.2590476190476,17.3,79.0740740740741,21.85,35.1,10.6,102.0,6.606,7.53839506172839,15.1,43.8,6.82,17.0,68.9,25.45,266.5,60.0,8.14,38.5516129032258,24.7,79.83,67.1625,24.65,73.7,195.1875,3.8,9.04,92.4,156.5,54.8444444444444,18.65,82.9333333333333,430.0,193.833333333333,7.73,142.363636363636,62.74,17.45,51.4,10.6794117647059,14.8,16.47,,200.0,18.05,27.05,10.8,29.35,8.99,12.1,20.75,17.25,42.0944444444444,46.6,8.80318181818182,19.5348837209302,16.6425531914894,24.4847826086956,14.4,10.152380952381,14.45,19.7,17.9576923076923,203.444444444444,78.7666666666667,1170.0,28.9,121.0,51.4333333333333,96.0,95.6,24.45,89.45,72.8,10.5,28.7,171.55,15.53,33.3,26.0333333333333,63.3055555555556,27.7666666666667,36.85,,73.0,152.875,50.7666666666667,80.9818181818182,16.3,10.5,108.5,44.02,94.4,76.25,,,232.0,,,80.1,,,43.65,68.1,216.0,75.4,200.0,46.1,36.15,77.6,58.6
45.5052083333333,38.05,52.7076923076923,89.8,77.9,69.1,13.4045454545455,46.25,84.5923076923077,33.8576923076923,34.6,342.5,154.5,33.1,45.2758333333333,242.0,9.54,35.4,27.9,66.8,163.5,88.6,30.7833333333333,15.0884615384615,26.0783783783784,53.3,240.5,341.0,44.05,75.2,62.7,50.4,28.15,349.5,424.5,132.0,46.05,12.1585714285714,166.0,27.2655737704918,17.3,79.0036363636364,21.85,35.0956521739131,10.6,102.232876712329,6.612,7.53,15.1,43.75,6.80831261101243,17.0,68.9,25.445871559633,266.5,60.0,8.15,38.59,24.7,79.7794117647059,67.1666666666667,24.65,73.7,195.1875,3.8,9.04,92.3,156.0,54.8,18.65,82.9333333333333,429.793103448276,193.714285714286,7.74,142.125,62.75,17.45,51.3,10.6794117647059,14.8,16.5,,200.0,18.05,27.05,10.8,29.35,8.99,12.1,20.75,17.25,42.05,46.6,8.80318181818182,19.5,16.64,24.4698113207547,14.4064356435644,10.15,14.45,19.68,17.95,203.0,78.7166666666667,1170.0,28.8642857142857,121.05,51.4,96.0,95.64,24.4636363636364,89.3,72.8,10.5,28.7,171.5,15.5428571428571,33.3,26.0,63.3666666666667,27.7666666666667,36.8714285714286,,73.0,153.0,50.7666666666667,80.8,16.3,10.5,108.0,43.9833333333333,94.4,76.2,,,231.5,,,80.1333333333333,,,43.6,68.05,215.5,75.4,200.0,46.1,36.1,77.6,58.52
45.4934782608696,38.0083333333333,52.7,89.9,77.9,69.1,13.4045454545455,46.25,84.5,33.85,34.6,342.5,154.5,33.15,45.25,242.0,9.54,35.4,27.9,66.7,163.5,88.6,30.7833333333333,15.0884615384615,26.0666666666667,53.3,240.0,341.0,44.05,75.02,62.7882352941176,50.3333333333333,28.15,349.5,424.5,132.0,46.075,12.2,166.090909090909,27.25,17.3,79.041,21.8285714285714,35.09375,10.6,102.344827586207,6.61,7.54051136363636,15.1,43.75,6.79648,17.0,68.9,25.4424418604651,266.444444444444,60.0,8.14,38.59,24.7,79.7884615384615,67.1666666666667,24.65,73.6,195.5,3.8,9.04,92.35,156.076923076923,54.7,18.7,82.9333333333333,430.0,193.5,7.74,142.0,62.75,17.45,51.3,10.65,14.8,16.45,,200.0,18.0583333333333,27.1,10.8,29.35,8.99,12.1,20.75,17.25,42.1,46.6357142857143,8.80058823529412,19.5,16.65,24.4985294117647,14.4,10.2,14.45,19.6642857142857,17.95,203.0,78.7166666666667,1170.0,28.8642857142857,121.0,51.4,96.0,95.6,24.4916666666667,89.3,72.8,10.4885714285714,28.7,171.5,15.5428571428571,33.3,26.0,63.3923076923077,27.75,36.8714285714286,,73.0,153.0,50.72,80.8,16.256,10.5,108.0,43.95,94.32,76.2,,,231.5,,,80.1333333333333,,,43.6435185185185,68.05,215.5,75.4,200.25,46.2,36.1,77.6,58.6
45.45,38.0009090909091,52.7,89.9,77.9655172413793,69.1935483870968,13.4375,46.2444444444444,84.5,33.8564102564103,34.6375,342.5,154.5,33.15,45.22,242.0,9.53,35.4,27.9,66.7,163.5,88.5,30.775,15.0884615384615,26.0681818181818,53.3,240.0,340.875,44.05,75.0,62.8,50.4,28.15,349.5,424.5,132.5,46.1,12.2,166.0,27.2366141732284,17.3,79.0414634146341,21.8285714285714,35.05,10.6,102.422619047619,6.61,7.55,15.1,43.775,6.7878,17.0293859649123,68.9,25.4851674641148,266.0,59.9833333333333,8.14,38.5555555555556,24.7,79.8857142857143,67.3333333333333,24.65,73.6,195.0,3.8,9.04,92.35,156.5,54.7125,18.7,83.0,430.0,193.772727272727,7.74,142.0,62.75,17.45,51.3,10.65,14.8,16.5,,200.0,18.0583333333333,27.1102189781022,10.8,29.4,8.99095238095238,12.1,20.75,17.25,42.14375,46.6094736842105,8.8,19.5405405405405,16.6666666666667,24.4775,14.4,10.1852941176471,14.45,19.6993150684931,17.972,203.0,78.6285714285714,1171.66666666667,28.8875,121.0,51.4,96.0,95.6,24.4558333333333,89.34,72.8,10.5,28.7,171.625,15.55,33.3,26.0,63.515,27.75,36.9,,73.0,152.875,50.72,80.85,16.3,10.45,108.0,43.9833333333333,94.3111111111111,76.1923076923077,,,231.5,,,80.1333333333333,,,43.7018518518519,68.06,215.5,75.4,200.25,46.2,36.016393442623,77.6,58.6
45.45,38.0307692307692,52.7,89.8,78.0391304347826,69.1833333333333,13.4,46.52,84.5,33.83125,34.6375,342.5,154.5,33.15,45.25,242.5,9.53824,35.4,27.9,66.7,163.25,88.5,30.75,15.1,26.0942307692308,53.3,240.0,340.875,44.05,75.0,62.7,50.4,28.15,349.5,424.5,132.75,46.0884615384615,12.1833333333333,166.0,27.2015625,17.3,79.0064516129032,21.85,35.05,10.6625,102.5,6.61,7.54849315068493,15.1,43.8,6.78,17.0945754716981,68.9,25.5,266.0,60.0,8.14,38.55,24.7,79.95,67.3333333333333,24.65,73.6,195.0,3.8,9.04376344086021,92.4,156.5,54.7,18.7,82.9,429.6875,193.857142857143,7.74,142.208333333333,62.75,17.4,51.3,10.65,14.8,16.5,,200.0,18.05,27.2,10.8,29.3679012345679,8.99,12.1,20.75,17.25,42.134375,46.6117647058824,8.80357142857143,19.5,16.640243902439,24.4703389830509,14.4,10.1898876404494,14.45,19.7,17.95,203.0,78.5,1170.0,28.8875,120.875,51.35,95.9,95.6375,24.45,89.5,72.8,10.4985257985258,28.7,171.75,15.55,33.25,26.05,63.55,27.75,36.9,,73.0,153.0,50.7,80.89375,16.2833333333333,10.5,108.0,43.9630434782609,94.3892857142857,76.1,,,231.0,,,80.1333333333333,,,43.75,68.06,215.5,75.3,200.25,46.2,35.9739130434783,77.6,58.5769230769231
45.45,38.0,52.7,89.8,78.0894736842105,69.1,13.45,46.25,84.5,33.84375,34.6,342.7,154.5,33.1738095238095,45.2,242.5,9.55,35.4,27.95,66.6022727272727,163.25,88.5,30.75,15.1,26.0878048780488,53.3,240.0,340.75,44.05,75.0,62.75,50.4,28.15,349.5,424.5,132.5,46.1,12.1794117647059,166.0,27.2026923076923,17.3,79.0375,21.85,35.0532258064516,10.6625,102.423076923077,6.609,7.55,15.1,43.8,6.78,17.1,68.85,25.5,266.0,60.0,8.14,38.55,24.7083333333333,80.0135135135135,67.4,24.65,73.7,195.0,3.8,9.04,92.3,156.5,54.7,18.65,82.9,429.9375,193.916666666667,7.74,142.5,62.75,17.4,51.3,10.65,14.8,16.5,,200.0,18.095,27.1972222222222,10.85,29.4,8.99,12.1,20.75,17.3,42.1,46.608,8.8,19.5065217391304,16.64,24.4823529411765,14.4209302325581,10.1916666666667,14.4571428571429,19.6763888888889,17.95,203.5,78.5666666666667,1170.0,28.9,120.5,51.35,95.9,95.6375,24.45,89.5,72.8,10.5,28.7,172.0,15.55,33.25,26.0466666666667,63.55,27.7833333333333,36.8647058823529,,73.1,153.0,50.7,80.8,16.27,10.4944444444444,108.0,44.0166666666667,94.44,76.0071428571428,,,229.5,,,80.1333333333333,,,43.7749478079332,68.1,215.5,75.3,200.25,46.1,35.9555555555556,77.7,58.525
45.45,38.0,52.7333333333333,89.8,78.2,69.1,13.45,46.2166666666667,84.5,33.85,34.6,343.0,154.416666666667,33.2,45.2,242.5,9.551640625,35.4,27.95,66.6,163.25,88.5,30.8,15.1,26.1,53.3,240.0,341.0,44.05,74.9771428571428,62.8,50.3,28.2,349.5,424.5,132.125,46.05,12.2,166.416666666667,27.2,17.3,79.0483870967742,21.86875,35.05,10.6625,102.44262295082,6.60090909090909,7.55820895522388,15.1,43.8058823529412,6.78146341463415,17.1016304347826,68.9,25.50625,266.5,60.0,8.14,38.55,24.7,80.005,67.3,24.65,73.7555555555556,195.0,3.8,9.04,92.3777777777778,156.9,54.7625,18.75,82.9,430.0,193.5,7.74,142.4,62.7,17.4,51.3,10.65,14.8,16.5,,200.0,18.05,27.2,10.85,29.35,8.99,12.1,20.75,17.25,42.1,46.6,8.8,19.5454545454545,16.6455555555556,24.4655844155844,14.4,10.15,14.5,19.7,17.95,203.333333333333,78.6,1170.0,28.9,120.5,51.4,95.9,95.6375,24.45,89.35,72.8,10.5,28.7,172.0,15.55,33.25,26.0466666666667,63.55,27.8,36.8461538461539,,73.0,153.0,50.7,80.955,16.275,10.45,108.0,43.975,94.4,76.1333333333333,,,228.222222222222,,,80.1333333333333,,,43.894623655914,68.2142857142857,215.0,75.3,200.25,46.1,36.0,77.7,58.6
45.4416666666667,38.0,52.7333333333333,89.8,78.1,69.1833333333333,13.45,46.2,84.5,33.85,34.6,342.5,154.25,33.15,45.1625,242.5,9.559,35.4,27.95,66.6,163.25,88.4,30.8,15.1,26.1,53.3,239.875,341.5,44.1,74.8,62.8,50.4,28.15,349.5,424.5,132.0,46.0583333333333,12.2040592783505,166.1,27.2020833333333,17.3,79.0966183574879,21.8714285714286,35.05,10.7,102.5,6.600625,7.56,15.1,43.75,6.79,17.0975,68.85,25.5488023952096,266.0,59.9666666666667,8.14,38.5,24.7357142857143,80.0393939393939,67.2923076923077,24.65,73.7153846153846,195.5,3.8,9.03935483870968,92.3125,157.0,54.7777777777778,18.8,82.9,430.0,193.541666666667,7.74,142.083333333333,62.8,17.4181818181818,51.3,10.65,14.8,16.4928571428571,,200.0,18.0875,27.1947368421053,10.85,29.3633333333333,8.99,12.125,20.75,17.275,42.0683673469388,46.6166666666667,8.80714285714286,19.5394736842105,16.6354166666667,24.4709016393443,14.4,10.15,14.4944444444444,19.7,17.9898148148148,203.25,78.6666666666667,1170.0,28.9565217391304,120.6,51.4,96.0,95.61,24.4,89.3,72.8,10.5,28.7,172.0,15.55,33.25,26.05,63.5263157894737,27.8,36.8,,73.0,153.0,50.6,81.1714285714286,16.29,10.45,108.0,44.0,94.4444444444444,76.0129032258065,,,228.222222222222,,,80.1333333333333,,,43.9879807692308,68.4,215.5,75.4,199.666666666667,46.15,35.92,77.7,58.6
45.4416666666667,38.0041666666667,52.7315789473684,89.8,78.1,69.15,13.45,46.3666666666667,84.5,33.85,34.6277777777778,342.333333333333,154.0,33.2,45.2,242.166666666667,9.56,35.4,27.95,66.6,163.25,88.4,30.8,15.1,26.1,53.4,240.142857142857,341.333333333333,44.1,74.8727272727273,62.7,50.4,28.15,349.5,425.0,132.0,46.0583333333333,12.25,166.0,27.1944444444444,17.3,79.1,21.9,35.0485,10.7,102.5,6.61,7.56269230769231,15.1,43.7,6.79190476190476,17.1,68.9,25.55,266.0,59.9666666666667,8.13166666666667,38.5,24.75,79.9888888888889,67.3,24.65,73.7,195.5,3.8,9.03588235294118,92.4,157.0,54.8,18.8,82.9,430.136363636364,193.875,7.74,142.0,62.8214285714286,17.4181818181818,51.3,10.65,14.8,16.505737704918,,200.0,18.05,27.2,10.85,29.35,8.99,12.125,20.75,17.275,42.1,46.6,8.8,19.5205479452055,16.65,24.4645833333333,14.4,10.15,14.45,19.6782828282828,17.95,203.0,78.7,1170.0,29.0,120.833333333333,51.4,96.0,95.6,24.4222222222222,89.3,72.8,10.4951871657754,28.7,172.0,15.5727272727273,33.2625,26.05,63.6,27.78,36.8461538461539,,73.0,153.0,50.6,81.0,16.3,10.45,108.25,44.0,94.4142857142857,75.9066666666667,,,228.222222222222,,,80.1333333333333,,,44.2658536585366,68.4833333333333,215.166666666667,75.4,199.0,46.15,35.92,77.7,58.6
45.45,38.0,52.7222222222222,89.8,78.1,69.1166666666667,13.45,46.435,84.5,33.85,34.65,342.875,154.5,33.2,45.2,241.5,9.56,35.4,27.95,66.6666666666667,163.0,88.4,30.8,15.1208333333333,26.1137362637363,53.3333333333333,240.0,340.6,44.1071428571428,75.0,62.7,50.4,28.15,348.75,425.0,132.0,46.0583333333333,12.3,166.3,27.2,17.3,79.10875,21.9,35.04,10.7,102.5,6.61,7.57028985507246,15.1,43.6545454545454,6.79,17.1,68.85,25.5585,266.0,59.9666666666667,8.14,38.5,24.7166666666667,79.9181818181818,67.3,24.65,73.7888888888889,195.0,3.8,9.03854545454545,92.4,157.0,54.8,18.8,82.9,430.5,193.5,7.74,142.166666666667,62.8214285714286,17.4181818181818,51.4,10.65,14.8,16.5067307692308,,200.0,18.05,27.196511627907,10.85,29.35,8.99,12.125,20.75,17.275,42.1,46.55,8.80238095238095,19.5,16.6625,24.4585365853659,14.4,10.15,14.4861111111111,19.6738461538462,17.95,203.0,78.5666666666667,1170.0,29.085,120.5,51.4,96.0,95.6,24.4,89.4,72.88,10.5,28.7,171.666666666667,15.55,33.25,26.05,63.6,27.75,36.8261904761905,,73.0,153.0,50.6,81.0818181818182,16.3,10.5,108.5,44.0,94.3909090909091,75.9,,,229.875,,,80.1333333333333,,,44.2445747800586,68.4,215.25,75.3,199.0,46.15,35.92,77.7,58.6
45.45,38.0071428571429,52.7714285714286,89.8,78.1,69.1633333333333,13.45,46.25,84.5,33.835,34.65,343.0,154.666666666667,33.2,45.3295454545455,241.5,9.56,35.4,27.95,66.6,163.0,88.4,30.8,15.1,26.1,53.225,240.0,340.125,44.125,74.8,62.7,50.3777777777778,28.15,348.75,425.5,132.5,46.05,12.2592643051771,166.5,27.2048387096774,17.3083333333333,79.1552631578947,21.9,35.0361111111111,10.7,102.330357142857,6.62,7.58301587301587,15.1,43.7,6.78239130434783,17.1,68.8142857142857,25.5740740740741,266.0,60.0,8.13666666666667,38.5,24.7,79.9633333333333,67.3142857142857,24.65,73.875,195.0,3.8,9.03015037593985,92.4,157.277777777778,54.8,18.75,82.9,430.227272727273,193.5,7.74,142.0,62.8214285714286,17.45,51.4,10.65,14.8,16.5067307692308,,200.0,18.1,27.2364583333333,10.85,29.3637931034483,8.98,12.125,20.75,17.275,42.1222222222222,46.55,8.79953488372093,19.5,16.6695652173913,24.4823529411765,14.4,10.15,14.45,19.6925,17.95,203.125,78.5666666666667,1170.0,29.1,120.5,51.4,96.05,95.6,24.4255555555556,89.5,72.8,10.5,28.7,171.5,15.55,33.25,26.0992537313433,63.5,27.8,36.8142857142857,,73.1,153.0,50.6,81.1333333333333,16.2523255813954,10.5,108.0,44.0,94.4,75.9,,,229.375,,,80.1333333333333,,,44.1620689655172,68.4,215.333333333333,75.3,199.0,46.15,35.9,77.7166666666667,58.6
45.45,38.0,52.725,89.825,78.0,69.1333333333333,13.45,46.35,84.5,33.8452380952381,34.6,342.5,154.5,33.2,45.5453183520599,241.5,9.55,35.4,27.95,66.6,163.0,88.3,30.8,15.1,26.1,53.3,240.0,340.0,44.125,74.7628571428571,62.7,50.35,28.15,348.75,426.0,132.5,46.05,12.25,166.305555555556,27.245,17.302,79.1,21.8730769230769,35.0230769230769,10.7,102.376543209877,6.61,7.60183333333333,15.1,43.7,6.78761904761905,17.1,68.9,25.5566666666667,266.0,60.0,8.14,38.5357142857143,24.7,80.0433333333333,67.3,24.65,73.8,195.25,3.8,9.01875,92.3,157.5,54.8833333333333,18.8,82.9,430.0,193.375,7.74,142.0,62.8,17.4,51.3,10.65,14.8,16.5,,200.0,18.05,27.2544117647059,10.85,29.36,8.98,12.125,20.75625,17.25,42.0571428571429,46.575,8.79384615384615,19.5,16.6837209302326,24.4672413793103,14.4,10.2,14.475,19.7,17.95,203.0,78.5,1170.0,29.05,120.5,51.4,96.05,95.5,24.4116666666667,89.4,72.8,10.5,28.6,171.0,15.55,33.25,26.103125,63.48,27.8,36.8071428571429,,73.1,153.0,50.6,80.9769230769231,16.3,10.5,108.0,44.0333333333333,94.4875,75.8038461538462,,,229.125,,,80.1333333333333,,,44.1890410958904,68.4,215.0,75.4,199.0,46.15,35.9,77.8,58.6
45.44375,38.0,52.6921787709497,89.825,77.9805555555555,69.1093023255814,13.5,46.2571428571429,84.5,33.84375,34.6,342.142857142857,155.0,33.2307692307692,45.6422566371681,241.0,9.55,35.4,28.0,66.5692307692308,163.5,88.3,30.8,15.1,26.1333333333333,53.3,240.5,340.75,44.1125,74.7,62.7,50.4,28.15,348.0,426.0,132.5,46.0888888888889,12.25,166.5,27.25,17.3,79.1,21.9,35.0409090909091,10.7,102.358333333333,6.616,7.6177397260274,15.1,43.6625,6.78188679245283,17.0552631578947,68.8666666666667,25.5592592592593,265.5,59.9,8.14,38.5357142857143,24.7,80.0933333333333,67.2,24.65,73.775,195.0,3.8,9.0115873015873,92.4,157.5,54.8,18.75,82.9,429.785714285714,193.0,7.74,142.0,62.8,17.45,51.3,10.6625,14.8,16.5,,200.0,18.05,27.2447368421053,10.85,29.3795454545455,8.98,12.15,20.7,17.25,42.075,46.555,8.79878048780488,19.4820175438596,16.65,24.4802083333333,14.4,10.1647887323944,14.45,19.7,17.95,203.0,78.5,1170.0,29.05,120.5,51.4,96.1,95.6,24.41,89.32,72.8,10.4556565656566,28.6,171.0,15.50625,33.2,26.0722222222222,63.48,27.8,36.8375,,73.025,153.0,50.6333333333333,80.9428571428572,16.2833333333333,10.45,108.5,44.0,94.5,75.80625,,,229.0,,,80.1333333333333,,,44.25,68.2428571428571,215.083333333333,75.2,199.0,46.15,35.9,77.8,58.6
45.45,38.0,52.6666666666667,89.825,77.9,69.0588235294118,13.4,46.25,84.5,33.85,34.6375,341.9,154.5,33.25,45.5204545454545,241.25,9.55,35.45,28.0,66.5913043478261,163.5,88.2777777777778,30.8,15.1,26.1,53.3,240.0,340.75,44.1125,74.7,62.7,50.4,28.15,348.0,426.0,132.5,46.05,12.25,166.055555555556,27.2455555555556,17.3,79.1291666666667,21.9,35.0366666666667,10.7,102.270491803279,6.61,7.59716981132075,15.15,43.65,6.79,17.1,68.8,25.55,265.278846153846,60.0,8.14,38.5,24.7,80.0304347826087,67.3,24.65,73.75,195.5,3.8,9.010625,92.4,157.0,54.8588235294118,18.75,82.9,429.5,192.5,7.74,142.0,62.8,17.45,51.4,10.6625,14.8,16.5166666666667,,200.0,18.05,27.25,10.85,29.3944444444445,8.98,12.15,20.7,17.25,42.05,46.55,8.79268292682927,19.45,16.65,24.47,14.4,10.1625,14.45,19.7,17.95,203.25,78.5666666666667,1170.0,29.025,120.9,51.3,96.1,95.6,24.404347826087,89.2,72.8,10.4166666666667,28.6,171.166666666667,15.525,33.2,26.1,63.4769230769231,27.8,36.85,,73.0,153.0,50.6333333333333,81.1,16.3,10.45,108.577586206897,44.0,94.6,75.7846153846154,,,229.0,,,80.1333333333333,,,44.2549504950495,68.3,215.166666666667,75.2,199.0,46.15,35.9,77.8,58.525
45.4090909090909,38.0486111111111,52.6285714285714,89.7,78.0,69.0545454545454,13.4166666666667,46.4772727272727,84.6,33.85,34.625,342.5,154.5,33.2,45.4875,241.5,9.55,35.45,28.0,66.5736842105263,163.5,88.3,30.8,15.1058823529412,26.1227272727273,53.3,240.5,340.0,44.15,74.7833333333333,62.7,50.4,28.15,348.0,426.0,132.5,46.05,12.25,166.285714285714,27.2346153846154,17.253125,79.1,21.9,35.0,10.7,102.452380952381,6.61,7.59473684210526,15.15,43.65,6.79117647058824,17.0875,68.8,25.55,265.0,60.0,8.14,38.5,24.7,80.0,67.2,24.65,73.8,195.5,3.8,9.01142857142857,92.4,157.0,54.8,18.75,82.9,429.5,192.741379310345,7.74,142.0,62.8,17.4375,51.4,10.65,14.8,16.5,,200.0,18.05,27.2545454545455,10.85,29.3333333333333,8.98,12.15,20.7,17.25,42.0616666666667,46.55,8.79268292682927,19.4708333333333,16.675,24.4666666666667,14.4,10.1625,14.45,19.7,17.95,203.0,78.5,1172.5,29.0,120.5,51.3666666666667,96.1,95.6,24.4,89.2866666666667,72.8,10.4,28.6,171.0,15.55,33.2,26.1,63.4,27.75,36.85,,73.0777777777778,153.0,50.7,81.0,16.3,10.4727272727273,109.0,44.0,94.6,75.8,,,229.0,,,80.1333333333333,,,44.1681102362205,68.4,215.125,75.1,199.0,46.15,35.975,77.8666666666667,58.59
45.45,38.05,52.6636363636364,89.7333333333333,77.95,69.0166666666667,13.45,46.25,84.5,33.85,34.625,342.5,154.5,33.2444444444444,45.5317307692308,241.5,9.55,35.45,28.0,66.5,163.5,88.2,30.7857142857143,15.1441176470588,26.1,53.3,240.54347826087,340.0,44.15,74.8,62.7,50.4,28.1217391304348,348.0,426.0,132.5,46.0916666666667,12.25,166.366666666667,27.2081081081081,17.25,79.1,21.85,35.0,10.7,102.456730769231,6.61,7.58,15.15,43.65,6.80046511627907,17.0710526315789,68.8,25.5,265.022727272727,60.0,8.14,38.5,24.6545454545454,79.9083333333333,67.25,24.65,73.7133333333333,195.2,3.8,9.01,92.3375,157.0,54.753125,18.75,82.9,430.0,192.321428571429,7.74,142.0,62.8,17.45,51.3,10.65,14.8,16.55,,200.0,18.05,27.25,10.85,29.3,8.97,12.15,20.7,17.25,42.05,46.55,8.8,19.45,16.6766666666667,24.5,14.4,10.15,14.45,19.7,17.95,203.5,78.5,1172.5,28.942,120.676470588235,51.3,96.0333333333334,95.5,24.4,89.2818181818182,72.8,10.4102040816327,28.6,171.0,15.55,33.2,26.0883720930233,63.5,27.725,36.85,,73.0,153.0,50.6,80.97,16.2833333333333,10.4516129032258,109.0,44.0441176470588,94.5,75.7,,,229.0,,,80.5,,,44.1,68.4,215.125,75.0642857142857,199.0,46.15,36.0,77.9,58.5
45.4045454545455,38.05,52.7,89.7333333333333,78.0,69.0,13.45,46.25,84.5,33.85,34.625,342.5,154.5,33.25,45.55,240.5,9.53,35.4333333333333,28.0,66.5083333333333,163.5,88.3,30.775,15.1294117647059,26.1,53.3,240.75,339.875,44.15,74.8,62.7,50.4,28.05,348.0,427.0,132.5,46.1,12.25,166.388888888889,27.2,17.3,79.1,21.85,35.0,10.7,102.486111111111,6.60125,7.58138888888889,15.15,43.65,6.80194444444445,17.1,68.8,25.5125,265.0,59.9,8.14222222222222,38.5,24.7,79.9,67.2857142857143,24.65,73.6,195.0,3.8,9.00786324786325,92.4,156.8125,54.7,18.75,82.95,430.0,192.147058823529,7.74,141.875,62.7571428571428,17.45,51.3,10.65,14.8,16.5071428571429,,200.0,18.0842105263158,27.2333333333333,10.85,29.35,8.97,12.2,20.7,17.25,42.0928571428571,46.5,8.8,19.45,16.6545454545455,24.5,14.4,10.1833333333333,14.499416909621,19.7,17.95,203.5,78.55,1172.5,29.0,120.5,51.3,96.1,95.5,24.3919047619048,89.2333333333333,72.8,10.4,28.6,171.0,15.55,33.15,26.1117647058824,63.4,27.7,36.8348484848485,,72.9047619047619,153.0,50.7,80.97,16.3,10.4516129032258,109.0,44.08125,94.4916666666667,75.6666666666667,,,229.0,,,80.5,,,44.0,68.4,215.166666666667,75.0571428571428,198.5,46.15,36.0,77.9,58.5
45.4472222222222,38.05,52.7,89.7333333333333,77.9,69.0071428571429,13.45,46.25,84.5,33.85,34.6,342.5,154.75,33.25,45.6165137614679,240.5,9.53,35.4333333333333,28.0,66.5083333333333,163.5,88.3,30.775,15.15,26.1085365853659,53.3,240.5,338.75,44.15,74.8,62.7,50.4,28.05,348.0,427.333333333333,132.166666666667,46.0954545454545,12.25,166.0,27.2454545454545,17.284375,79.1,21.9,35.05,10.7,102.397727272727,6.6,7.58,15.1,43.65,6.80232323232323,17.05,68.8,25.5238095238095,264.980519480519,59.9,8.15,38.45,24.7,79.9384615384615,67.3,24.65,73.54,195.5,3.8,9.00604395604396,92.2842794759825,156.972222222222,54.7,18.75,82.9,429.928571428571,192.333333333333,7.75,141.666666666667,62.8,17.4375,51.3,10.65,14.8,16.5071428571429,,200.0,18.0509523809524,27.24375,10.85,29.3,8.97,12.2,20.7,17.25,42.0965517241379,46.53125,8.8,19.45,16.65,24.5,14.4,10.1857142857143,14.45,19.7,17.95,203.0,78.5333333333333,1170.0,28.95,120.5,51.3,96.1,95.5,24.35,89.1222222222222,72.75,10.4054054054054,28.6,171.0,15.5954545454545,33.1571428571429,26.1,63.4,27.7,36.8064935064935,,72.9,153.0,50.7,80.9,16.3,10.4516129032258,109.0,44.0318181818182,94.4285714285714,75.6,,,229.0,,,80.5,,,43.9945945945946,68.4,215.0,75.0,198.5,46.19375,36.0,77.8,58.5
45.4472222222222,38.05,52.6923076923077,89.7333333333333,77.9,68.9818181818182,13.45,46.25,84.5166666666667,33.85,34.6,342.25,154.8,33.2698630136986,45.65,240.5,9.53,35.4333333333333,28.0,66.5,163.5,88.3,30.775,15.1,26.1,53.3,240.772727272727,338.5,44.1,74.7047619047619,62.7,50.3954545454545,28.1357142857143,348.0,429.125,132.166666666667,46.1,12.2134782608696,166.15,27.2104651162791,17.2738095238095,79.0896341463415,21.8772727272727,35.0323529411765,10.65,102.5,6.60125,7.58,15.1,43.6666666666667,6.83438202247191,17.0202508960573,68.8,25.512,264.5,60.0,8.15,38.45,24.685,79.9347826086957,67.395,24.65,73.5,195.166666666667,3.8,9.00087719298246,92.2111111111111,157.0,54.7833333333333,18.7980769230769,82.9,430.0,192.2,7.75,142.0,62.76,17.4375,51.5,10.65,14.8,16.55,,200.0,18.0755555555556,27.2722222222222,10.85,29.305303030303,8.97,12.17,20.7,17.2833333333333,42.0954545454545,46.5066666666667,8.8,19.4583333333333,16.5930420711974,24.4698198198198,14.4,10.2,14.5,19.7,17.9877192982456,203.25,78.6571428571429,1170.0,28.95,120.5,51.3,96.1666666666667,95.3176470588235,24.3583333333333,89.1,72.75,10.4,28.8,170.866666666667,15.55,33.2,26.1,63.4166666666667,27.65,36.75,,72.875,153.0,50.6,80.7222222222222,16.2625,10.47,109.0,44.0321428571429,94.3842105263158,75.5022727272727,,,229.5,,,80.5,,,43.9531914893617,68.44,215.0,74.8714285714286,198.5,46.2,36.05,77.8,58.5096774193548
45.4472222222222,38.05,52.7931034482759,89.75,77.9222222222222,68.95,13.45,46.4,84.6,33.85,34.75,342.166666666667,155.0,33.289,45.6855670103093,240.625,9.53,35.4333333333333,28.0,66.6,163.5,88.3083333333333,30.75,15.15,26.1,53.3,241.0,339.5,44.125,74.7047619047619,62.7,50.4035714285714,28.1357142857143,350.0,429.125,132.0,46.1441176470588,12.25,166.388888888889,27.2263157894737,17.3,79.0142857142857,21.8916666666667,35.0166666666667,10.65,102.7375,6.60125,7.5768085106383,15.1,43.6666666666667,6.84,17.05,68.82,25.55,264.181818181818,60.0,8.14,38.45,24.65,79.92,67.45,24.65,73.5,195.5,3.8,9.0,92.23,156.916666666667,54.8,18.7,82.9,430.408450704225,192.375,7.75,142.0,62.76,17.45,51.5,10.65,14.8,16.5,,200.0,18.0535714285714,27.25,10.85,29.3447368421053,8.98,12.2,20.7,17.2833333333333,42.0964285714286,46.5,8.8,19.4955172413793,16.6,24.4797101449275,14.4,10.2,14.5,19.7,17.95,203.0,78.6,1170.0,29.0,120.454545454545,51.3,96.1666666666667,95.25,24.3645454545454,89.0333333333333,72.75,10.4071428571429,28.8,171.0,15.590625,33.19,26.0633333333333,63.5,27.65,36.75,,72.85,153.0,50.625,80.6538461538462,16.2833333333333,10.4954545454545,109.0,44.0630434782609,94.3,75.52,,,229.0,,,80.5,,,43.9162921348315,68.46,215.0,74.9,198.5,46.2,36.05,77.85,58.5
45.45,38.05,52.8,89.75,77.9538461538462,68.95,13.45,46.25,84.6363636363636,33.84375,34.6,342.166666666667,155.0,33.2905660377359,45.7126436781609,240.0,9.53,35.5,28.0,66.6,163.5,88.3,30.8,15.1627118644068,26.1238095238095,53.3,241.0,339.5,44.1,74.7,62.7,50.5,28.1357142857143,350.0,430.5,132.0,46.1441176470588,12.25,166.5,27.2076388888889,17.2777777777778,79.0,21.8954545454545,35.049358974359,10.7,102.5625,6.60125,7.57,15.1,43.6666666666667,6.84649122807018,17.05,68.8,25.5272727272727,264.0,60.0,8.14,38.45,24.65,79.9166666666667,67.4,24.65,73.5,195.5,3.79,9.01,92.23,157.0,54.8454545454545,18.7,82.9,430.192307692308,192.5,7.75,142.0,62.76,17.45,51.5,10.65,14.8,16.5,,200.0,18.05,27.2833333333333,10.85,29.3132352941176,8.98,12.2,20.7,17.25,42.0842105263158,46.5047619047619,8.80074626865672,19.4846153846154,16.6,24.4945652173913,14.4,10.1521739130435,14.5,19.68828125,17.95,203.0,78.55,1170.0,29.0,120.0,51.3857142857143,96.1,95.25,24.38,88.9,72.75,10.45,28.8,171.0,15.6,33.2,26.1,63.525,27.65,36.7583333333333,,72.9,152.5,50.625,80.72,16.3,10.45,109.0,44.05,94.3,75.5230769230769,,,229.0,,,80.5,,,43.9,68.5,215.2,74.9,198.5,46.2,36.05,77.74,58.5923076923077
45.5,38.025,52.84,89.7071428571429,78.0,68.9,13.4009803921569,46.2714285714286,84.6,33.8,34.6,342.5,155.0,33.2988505747126,45.6578125,240.0,9.53,35.5,28.0,66.5024390243902,163.5,88.3,30.8,15.176,26.11,53.3,240.02380952381,339.0,44.1,74.7,62.6,50.5,28.1357142857143,350.5,432.0,132.0,46.1,12.25,166.5,27.2023255813953,17.3,79.0,21.8777777777778,35.05,10.7,102.523952095808,6.60806451612903,7.57,15.1,43.6065217391304,6.83923469387755,17.025,68.8,25.5445945945946,263.568181818182,60.0,8.14,38.45,24.65,79.9,67.4,24.65,73.4769230769231,195.5,3.79,9.00956521739131,92.3,157.0,54.8,18.7,82.9,429.722222222222,192.5,7.75,141.75,62.6612244897959,17.45,51.4,10.65,14.8,16.5,,200.0,18.0794117647059,27.25,10.8133333333333,29.3599489795918,8.97,12.2,20.7,17.25,42.098275862069,46.5288461538461,8.8,19.5060606060606,16.5707547169811,24.4638095238095,14.4,10.19,14.4977272727273,19.7,17.95,203.25,78.7,1170.0,29.0,120.0,51.4,96.1,95.2,24.3875,88.9,72.75,10.4352564102564,28.8,171.0,15.55,33.2,26.1,63.4,27.65,36.75,,72.8545454545454,152.5,50.6,80.8,16.2625,10.45,109.0,44.0857142857143,94.3,75.5217391304348,,,229.0,,,80.5,,,43.9053191489362,68.6714285714286,215.25,74.9,198.5,46.2,36.05,77.75,58.55
45.5,38.05,52.8333333333333,89.7071428571429,77.95,68.9,13.43125,46.25,84.6,33.7916666666667,34.6,342.25,155.0,33.3394557823129,45.5589743589744,240.0,9.53,35.5,28.0,66.5,163.5,88.3,30.75,15.15,26.1276315789474,53.3,240.5,339.5,44.1,74.75,62.6,50.5,28.1357142857143,351.0,431.75,132.0,46.0941176470588,12.2014563106796,166.266666666667,27.203125,17.3,79.0,21.9,35.05,10.65,102.5,6.6,7.56,15.15,43.6,6.83,17.05,68.8,25.5467741935484,263.5,59.9,8.13571428571429,38.45,24.65,79.92,67.44,24.65,73.5,195.5,3.79,9.0,92.3,157.0,54.856,18.7,82.9,429.979591836735,192.375,7.75,141.75,62.5542372881356,17.45,51.4,10.6863636363636,14.8166666666667,16.5,,200.0,18.05,27.2133333333333,10.85,29.4,8.98,12.2,20.7045454545455,17.25,42.1053571428571,46.50625,8.8,19.5153846153846,16.57,24.4885714285714,14.4,10.1777777777778,14.45,19.7,17.95,203.25,78.7,1170.0,29.0,120.0,51.4,96.1,95.2,24.3803571428571,88.9,72.75,10.4,28.8,171.0,15.5954545454545,33.15,26.0706896551724,63.4,27.65,36.7791666666667,,72.85,152.5,50.7,80.8,16.2519230769231,10.45,109.0,44.1142857142857,94.3,75.66875,,,228.5,,,80.5,,,43.91875,68.9,215.0,75.0,199.0,46.2,36.06875,77.75,58.55
45.5,38.05,52.7941605839416,89.7,77.9125,68.9,13.4272727272727,46.25,84.65,33.75,34.6,342.25,155.0,33.3559523809524,45.5225,240.0,9.52,35.5,27.9,66.5,163.5,88.35,30.75,15.15,26.1315789473684,53.3,240.5,339.5,44.1,74.7,62.6,50.4,28.1357142857143,351.5,432.5,132.5,46.1,12.2096153846154,166.0,27.2,17.3,78.971875,21.9,35.0875,10.65,102.5,6.6,7.56,15.15,43.6,6.81,17.0990476190476,68.8,25.5052631578947,263.5,59.9,8.13571428571429,38.45,24.65,79.925,67.45,24.65,73.5,195.5,3.79,9.00821428571428,92.2375,157.0,54.8,18.7,82.9,430.5,192.40625,7.75,142.0,62.5090909090909,17.45,51.4,10.6863636363636,14.8166666666667,16.5166666666667,,200.0,18.05,27.2285714285714,10.85,29.3992424242424,8.98,12.2,20.7045454545455,17.25,42.1,46.5621212121212,8.79066666666667,19.53,16.591935483871,24.4630434782609,14.4,10.2,14.495,19.7,17.95,203.5,78.7,1167.34375,29.0,120.0,51.4,96.1,95.2,24.3545454545455,88.9,72.75,10.4,28.8,171.0,15.55,33.2,26.0583333333333,63.4,27.6916666666667,36.7625,,72.8,152.166666666667,50.6,80.71,16.2590909090909,10.45,109.0,44.1,94.3,75.8,,,228.5,,,80.5,,,43.95,68.8230769230769,215.0,75.0,199.0,46.2,36.1,77.8,58.5
45.5,38.05,52.7,89.75,77.9125,68.9,13.4,46.4,84.6,33.7394736842105,34.6,342.25,155.0,33.4,45.55,240.0,9.52,35.5,27.9,66.5,163.5,88.35,30.775,15.15,26.1,53.4,240.5,339.0,44.1,74.7,62.6,50.4666666666667,28.1357142857143,351.5,430.5,132.5,46.05,12.2454545454545,166.2,27.1892857142857,17.3,78.9049019607843,21.8928571428571,35.1,10.7,102.666666666667,6.6,7.55,15.15,43.6,6.81583333333333,17.1,68.8,25.5166666666667,263.908163265306,59.95,8.13571428571429,38.45,24.65,79.9,67.5,24.65,73.5,195.5,3.79,9.00258064516129,92.3,156.666666666667,54.8,18.7,82.9,430.5,192.5,7.75,142.0,62.6,17.45,51.4,10.65,14.8166666666667,16.5,,200.0,18.05,27.2041666666667,10.85,29.4555248618784,8.98,12.2,20.7045454545455,17.25,42.1125,46.5775,8.8,19.50375,16.6,24.4947368421053,14.4,10.1509615384615,14.47,19.7,17.95,203.0,78.7,1165.0,29.0,120.0,51.4,96.1,95.2,24.3775862068966,88.8833333333333,72.75,10.4208333333333,28.8,171.0,15.6,33.2,26.075,63.4,27.7,36.7977272727273,,72.8,152.5,50.6,80.65,16.3,10.4541666666667,109.0,44.0777777777778,94.3,75.8,,,228.0,,,80.5,,,43.9726923076923,68.8,215.0,75.0,199.0,46.2,36.1,77.8,58.4833333333333
45.5,38.05,52.6210526315789,89.75,77.9666666666667,69.0,13.402380952381,46.4,84.6,33.725,34.75,342.25,155.0,33.452619047619,45.575,240.0,9.52,35.5,27.9,66.5,163.5,88.3,30.75,15.15,26.1333333333333,53.4,240.5,339.0,44.1,74.7,62.6,50.4,28.15,351.5,430.5,132.5,46.05,12.244,166.270833333333,27.1904494382022,17.3,78.9132075471698,21.8642857142857,35.1,10.7,102.609375,6.59,7.55,15.15,43.55,6.8,17.1,68.8,25.5086956521739,263.924242424242,59.9,8.14,38.475,24.65,79.84,67.5,24.65,73.5,195.5,3.79,9.0069387755102,92.3,157.5,54.8,18.75,83.0,430.5,192.5,7.75,141.875,62.6,17.45,51.4,10.65,14.8166666666667,16.5428571428571,,200.0,18.05,27.25,10.85,29.4597014925373,8.98,12.2,20.7045454545455,17.25,42.13,46.5735294117647,8.797125,19.545,16.6,24.45,14.35,10.15,14.45,19.7,17.95,203.333333333333,78.7,1165.0,29.0,120.1,51.3833333333333,96.1,95.05,24.3698412698413,88.8,72.75,10.4480263157895,28.8,171.0,15.55,33.1666666666667,26.075,63.4,27.65,36.8,,72.8,152.5,50.6,80.7545454545455,16.3,10.4526785714286,109.0,44.0166666666667,94.2333333333333,75.8,,,228.25,,,80.5,,,44.0,68.86,215.0,75.0333333333333,199.0,46.2,36.1,77.8,58.425
45.5,38.05,52.6210526315789,89.75,77.9,69.0,13.4,46.4,84.6,33.6863636363636,34.6857142857143,342.333333333333,155.0,33.5362043795621,45.645652173913,240.5,9.53,35.5,27.9,66.5,163.5,88.3,30.75,15.15,26.1,53.4,241.0,339.0,44.1,74.7,62.6,50.4916666666667,28.15,351.5,431.0,132.0,46.05,12.2428571428571,166.375,27.2,17.3,78.905,21.9,35.1,10.7,102.558823529412,6.605,7.53987654320988,15.15,43.5052631578947,6.81,17.05,68.7304347826087,25.55,264.851063829787,60.0,8.14,38.5,24.65,79.7523809523809,67.5,24.65,73.5,195.5,3.79,9.00916666666667,92.2,158.0,54.7,18.7,83.0,430.5,192.0,7.75,141.875,62.5857142857143,17.442,51.4,10.65,14.8,16.5428571428571,,200.0,18.05,27.25,10.8142857142857,29.45,8.98,12.2,20.7045454545455,17.25,42.1090909090909,46.5666666666667,8.797125,19.5153846153846,16.6,24.479347826087,14.3833333333333,10.1673913043478,14.4928571428571,19.7,17.95,203.5,78.62,1165.0,29.0,120.0,51.3833333333333,96.1,95.025,24.3535714285714,88.8,72.75,10.45,28.8,170.6875,15.55,33.2,26.05,63.4,27.65,36.8,,72.86,152.5,50.7,80.7225806451613,16.2833333333333,10.45,109.0,44.0,94.2444444444444,75.8,,,228.833333333333,,,80.5,,,44.0652173913044,68.9636363636364,215.0,75.0,199.0,46.15,36.1,77.8,58.4
45.5,38.05,52.7,89.75,78.0,68.9411764705882,13.4,46.25,84.5333333333333,33.65,34.7,342.333333333333,155.0,33.5716560509554,45.5785714285714,240.5,9.53,35.5,27.85,66.5055555555555,163.5,88.3,30.75,15.15,26.1026315789474,53.4,241.0,339.0,44.1,74.7,62.5,50.5,28.15,350.0,431.833333333333,132.0,46.05,12.25,166.333333333333,27.1647727272727,17.3,78.9375,21.8882352941176,35.1,10.65,102.663636363636,6.59875,7.54111111111111,15.15,43.505,6.82,17.05,68.68,25.55,265.026315789474,59.9,8.15,38.5,24.65,79.6145454545454,67.5,24.65,73.425,195.625,3.79,9.00704918032787,92.3,158.0,54.7,18.7,83.0,430.5,192.285714285714,7.75,141.666666666667,62.6181818181818,17.45,51.5,10.65,14.8,16.5333333333333,,200.0,18.05,27.21875,10.85,29.45,8.97,12.1666666666667,20.7045454545455,17.275,42.1,46.5558823529412,8.8,19.53,16.6,24.480303030303,14.388358778626,10.2,14.5,19.6923076923077,17.975,203.5,78.6666666666667,1165.625,29.0,119.833333333333,51.3,96.0666666666667,95.0,24.3651515151515,88.8,72.75,10.45,28.8,171.0,15.55375,33.15,26.05,63.4,27.65,36.8,,72.75,152.5,50.65,80.6909090909091,16.25,10.45,109.0,44.06,94.305,75.8,,,228.833333333333,,,80.5,,,44.1491666666667,68.9666666666667,215.0,74.9666666666667,199.0,46.15,36.13,77.8,58.4
45.5,38.05,52.6081081081081,89.75,77.9,69.0,13.4,46.35,84.5,33.65,34.8386363636364,342.5,155.0,33.6135922330097,45.55,240.5,9.53,35.5,27.9,66.5147058823529,163.5,88.325,30.75,15.15,26.1372093023256,53.4,241.0,339.0,44.1,74.7,62.5,50.5,28.15,350.0,432.0,132.0,46.05,12.25,166.125,27.2,17.3,78.9036363636364,21.9,35.1,10.65,102.695402298851,6.6,7.55,15.15,43.5,6.82283018867924,17.077397260274,68.7,25.55,265.0,59.9,8.15,38.525,24.65,79.6071428571429,67.5,24.65,73.425,195.666666666667,3.79,9.00012048192771,92.2,158.0,54.7,18.7,82.84,430.5,192.125,7.75,141.875,62.6181818181818,17.45,51.5,10.65,14.8,16.55,,200.0,18.05,27.25,10.85,29.45,8.97,12.1666666666667,20.75,17.275,42.1166666666667,46.5666666666667,8.8,19.512,16.6,24.45,14.35,10.2,14.49,19.7,17.95,203.5,78.6666666666667,1165.0,28.9954545454545,119.642857142857,51.3,96.0666666666667,95.0,24.3821428571429,88.85,72.7,10.4,28.8,171.0,15.55375,33.15,26.05,63.6,27.65,36.7961538461538,,72.8,152.5,50.6,80.7,16.29,10.45,109.0,44.0,94.4,75.7363636363636,,,229.5,,,80.5,,,44.2954887218045,68.9454545454545,215.0,74.8,199.0,46.0947368421053,36.05,77.7,58.4
45.5,38.05,52.6971153846154,89.75,77.8972222222222,69.0,13.43,46.390625,84.5,33.7538461538461,34.81875,342.5,155.0,33.7722707423581,45.5444444444445,241.5,9.53769230769231,35.5,27.95,66.4130434782609,163.5,88.2,30.75,15.15,26.1294117647059,53.4,241.0,339.5,44.1,74.7,62.5,50.5710437710438,28.2106837606838,350.0,433.0,132.0,46.05,12.2222222222222,166.083333333333,27.1648936170213,17.2508196721311,78.9846153846154,21.9,35.1,10.65,102.880952380952,6.6,7.54294117647059,15.15,43.5,6.82,17.0522727272727,68.7,25.556338028169,265.045454545455,59.9666666666667,8.16222539229672,38.55,24.65,79.6,67.5,24.65,73.4833333333333,195.75,3.79,8.99174603174603,92.2666666666667,157.5,54.7,18.7,83.0,430.788461538462,192.0,7.75,142.0,62.7,17.45,51.5,10.65,14.8,16.55,,200.0,18.05,27.2125,10.8019230769231,29.45,8.97,12.1666666666667,20.75,17.25,42.1562874251497,46.5854838709677,8.8,19.5455555555556,16.6145454545455,24.4875,14.3988095238095,10.1666666666667,14.49,19.7,17.9534090909091,203.5,78.7,1165.0,28.9,119.928571428571,51.3,96.0,94.9,24.3858333333333,88.9,72.7,10.443288590604,28.8,171.055555555556,15.5628205128205,33.15,26.05,63.4,27.64,36.7537037037037,,72.8,152.3,50.6,80.7,16.3,10.45,109.0,44.0,94.4384615384616,75.7,,,229.5,,,80.5,,,44.3754464285714,68.9444444444444,215.0,74.8,198.5,46.0947368421053,36.05,77.7,58.4
45.5277777777778,38.05,52.7,89.75,77.8,69.0,13.45,46.2916666666667,84.5,33.75,34.875,343.0,155.5,33.7339160839161,45.5,241.5,9.53333333333333,35.5,28.0,66.5846153846154,163.5,88.2,30.75,15.15,26.1284090909091,53.4,241.25,339.25,44.1,74.7346153846154,62.5,50.8518939393939,28.3384615384615,350.0,434.7,131.5,46.1,12.2148,166.394736842105,27.1697530864198,17.2571428571429,78.9415094339623,21.9,35.1,10.65,102.797297297297,6.59,7.54,15.15,43.5,6.82,17.0931034482759,68.7,25.6319569120287,265.0,59.9,8.19826625386997,38.5,24.65,79.644,67.5,24.65,73.4833333333333,196.0,3.79,8.99958333333333,92.2111111111111,157.5,54.7222222222222,18.7833333333333,83.0,430.857142857143,192.2,7.75,142.0,62.7,17.45,51.5,10.65,14.8,16.55,,200.0,18.0716666666667,27.25,10.85,29.4729166666667,8.97,12.15,20.75,17.3,42.1833333333333,46.57,8.8,19.5395348837209,16.6142857142857,24.4712121212121,14.4089820359281,10.1916666666667,14.5,19.7,17.9969387755102,203.25,78.74,1165.0,28.9,119.916666666667,51.3,96.0833333333333,94.8,24.3592307692308,89.0,72.7,10.45,28.8,171.0625,15.55,33.15,26.0428571428571,63.5666666666667,27.6,36.7525316455696,,72.84,152.0,50.6,80.6857142857143,16.2833333333333,10.45,109.0,44.0,94.4857142857143,75.72,,,229.5,,,80.5,,,44.5,69.0,215.5,74.8,198.5,46.05,36.05,77.75,58.4970588235294
45.55,38.05,52.7285714285714,89.75,77.9,69.0,13.4,46.25,84.525,33.7925,34.85,343.0,155.5,33.7954545454545,45.5217391304348,241.5,9.53066666666666,35.5,27.9,66.4090909090909,163.5,88.2,30.75,15.15,26.1375,53.4,241.5,339.5,44.1,74.7764705882353,62.5,51.1713846153846,28.3604,351.0,435.0,131.5,46.1,12.2481132075472,166.166666666667,27.1965517241379,17.2545454545455,79.0,21.9079831932773,35.1,10.65,102.878787878788,6.5931746031746,7.54,15.15,43.5,6.83,17.05,68.7,25.7623706004141,265.0,59.9,8.19,38.5,24.65,79.6,67.4333333333333,24.65,73.55,196.0,3.79,9.01,92.3,157.5,54.8,18.75,83.0,430.625,192.333333333333,7.75,141.642857142857,62.7,17.45,51.5,10.7,14.81,16.5083333333333,,200.0,18.0541666666667,27.2375,10.85,29.4689655172414,8.98,12.15,20.75,17.3,42.2,46.6,8.8,19.5230769230769,16.6309523809524,24.4515306122449,14.4361111111111,10.1625,14.4892592592593,19.74,17.95,203.5,78.74,1165.0,28.9142857142857,120.0,51.3,96.1,94.9,24.3570707070707,88.9666666666667,72.8,10.45,28.8,171.0,15.55,33.15,26.0,63.5,27.6,36.75,,72.8,152.5,50.6,80.7916666666667,16.2954545454545,10.4014767932489,109.0,44.0,94.5,75.72,,,229.5,,,80.5,,,44.5586294416244,68.9333333333333,215.0,74.8,199.0,46.05,36.05,77.7666666666667,58.5
45.55,38.08,52.7666666666667,89.75,77.8,69.0,13.45,46.25,84.5,33.7794117647059,34.73125,343.0,155.375,33.7912280701754,45.5,241.5,9.53,35.5,27.9,66.4313953488372,164.0,88.3,30.8,15.15,26.136,53.4,241.0,339.5,44.1,74.8,62.5,51.4780120481928,28.5,351.888888888889,435.0,131.5,46.1037735849057,12.25,166.0,27.1722222222222,17.2545454545455,79.0,21.9407894736842,35.091935483871,10.65,103.0,6.6,7.54,15.15,43.5,6.82893617021276,17.05,68.7,25.7371391076116,264.5,59.9666666666667,8.19486486486486,38.55,24.65,79.7,67.4833333333333,24.65,73.55,196.0,3.79,9.01113513513514,92.3,157.958333333333,54.75,18.75,83.0,431.0,192.125,7.75,142.0,62.7,17.45,51.5,10.69,14.81,16.5083333333333,,200.0,18.055,27.25,10.85,29.4175925925926,8.98,12.2,20.8,17.3,42.2069892473118,46.6243243243243,8.81,19.5291666666667,16.65,24.4779569892473,14.4,10.2,14.5161921708185,19.7496527777778,17.95,203.5,78.8,1165.0,28.9,120.0,51.3,96.0,94.9230769230769,24.3870689655172,88.95,72.7,10.4674825174825,28.8,171.0,15.55,33.15,26.0231884057971,63.5,27.61,36.8,,72.8,152.5,50.6,80.75,16.3,10.4099358974359,109.0625,44.0,94.5,75.9,,,229.5,,,80.5,,,44.63125,69.0,215.0,74.8,199.0,46.0,36.05,77.77,58.5
45.6,38.1074626865672,52.7,89.7333333333333,77.9,69.0,13.45,46.4,84.52,33.7772727272727,34.85,343.0,155.0,33.7380952380952,45.5,241.0,9.53,35.45,27.9,66.5,164.0,88.2076923076923,30.8125,15.15,26.1425,53.4,241.0,340.0,44.1,74.7405405405405,62.5,51.3835294117647,28.3833333333333,352.176470588235,435.5,131.5,46.1533333333333,12.2499295774648,166.5,27.1763157894737,17.3,78.9895348837209,21.9133333333333,35.05,10.65,102.959016393443,6.6,7.54518518518518,15.15,43.5,6.83292857142857,17.0,68.7,25.8245322245322,264.5,59.9,8.19,38.55,24.65,79.625,67.5,24.65,73.6,196.0,3.79,9.02,92.275,158.0,54.7954545454545,18.7,82.8,430.85,192.416666666667,7.74,142.138888888889,62.7,17.45,51.4,10.65,14.81,16.55,,200.0,18.05,27.25,10.85,29.45,8.98,12.2,20.8,17.25,42.2879194630872,46.6361111111111,8.81215568862276,19.559756097561,16.65,24.5,14.4308988764045,10.2,14.5,19.75,17.9533333333333,203.833333333333,78.8,1170.0,28.9,120.0,51.3833333333333,96.0,95.0,24.4,89.3,72.7,10.4790322580645,28.8,171.0,15.569387755102,33.15,26.0255319148936,63.5058823529412,27.68125,36.8,,72.8666666666667,152.5,50.6,80.7108108108108,16.2558823529412,10.45,109.0,43.975,94.5,75.9,,,230.0,,,80.2666666666667,,,44.5768,69.0,215.0,74.8,199.0,45.99,36.1,77.8933333333333,58.5
45.6,38.1684615384615,52.7857142857143,89.7333333333333,77.9,69.0,13.4,46.4791666666667,84.5666666666667,33.8318181818182,34.85,343.0,155.0,33.8011194029851,45.4909090909091,241.0,9.53833333333333,35.4,27.9,66.4388888888889,164.0,88.2,30.85,15.15,26.1222222222222,53.4,241.5,340.0,44.1,74.8,62.5,51.3232142857143,28.4952991452991,353.1,436.75,131.5,46.1,12.2673429319372,166.416666666667,27.175,17.2846153846154,79.0,21.9454545454545,35.0727272727273,10.7,103.0,6.6,7.55,15.15,43.5,6.83972972972973,17.05,68.7,25.8368131868132,265.0,59.9,8.2,38.55,24.675,79.6,67.5,24.65,73.5666666666667,196.0,3.79,9.02,92.3,158.0,54.8185185185185,18.7,82.9,431.0,192.5,7.74,142.5,62.7,17.45,51.4,10.65,14.8,16.55,,200.0,18.05,27.2923076923077,10.85,29.4505747126437,8.98,12.2,20.8,17.25,42.3,46.65,8.81833333333333,19.6,16.65,24.5,14.4,10.2,14.5,19.725,17.9535714285714,204.0,78.8,1165.0,28.9,119.653846153846,51.3,96.075,95.0255319148936,24.4,89.4037037037037,72.7,10.4960526315789,28.8,171.0,15.5833333333333,33.15,26.0875,63.5,27.75,36.8,,72.8545454545454,152.5,50.6,80.8,16.3,10.407421875,109.125,43.95,94.5,75.9,,,230.0,,,80.3,,,44.5461538461538,69.0,215.0,75.0,199.0,45.99,36.14,78.0,58.5
45.6,38.1916666666667,52.7,89.7333333333333,77.9,69.0,13.45,46.2875,84.5,33.8,34.9254901960784,343.0,155.5,33.9687735849057,45.5,241.0,9.54015384615384,35.4,27.9125,66.5,163.75,88.3,30.85,15.125,26.1473684210526,53.3,241.825,340.0,44.10625,74.8,62.5,51.493991416309,28.5302083333333,354.222222222222,438.666666666667,131.5,46.1,12.2761904761905,166.464285714286,27.2046116504854,17.3,79.0453333333333,21.9294117647059,35.05,10.7,102.918604651163,6.60666666666667,7.55,15.15,43.5045454545455,6.82848484848485,17.05,68.7,25.7889692585895,265.0,60.0,8.2,38.5461538461538,24.65,79.6,67.46,24.65,73.5666666666667,196.083333333333,3.79,9.02,92.275,158.0,54.9,18.7,82.9,431.0,192.285714285714,7.74,142.25,62.7,17.45,51.4,10.65,14.8,16.55,,200.0,18.05,27.3114583333333,10.85,29.5,8.98,12.15,20.8,17.2519230769231,42.2735294117647,46.7,8.82,19.5722222222222,16.7,24.5163333333333,14.4,10.18125,14.5,19.7010989010989,18.0,204.0,78.8,1165.0,28.9,119.875,51.3,96.2,95.1166666666667,24.4147388059701,89.5,72.7,10.4952380952381,28.8,171.0,15.6,33.1535714285714,26.0230769230769,63.6,27.7,36.7545454545455,,72.8,152.5,50.7,80.7,16.3233870967742,10.45,109.0,43.95,94.5,75.9272727272727,,,231.0,,,80.3,,,44.5173913043478,69.0,215.166666666667,75.0,199.0,46.0,36.0285714285714,78.0,58.5
45.575,38.165,52.775,89.7333333333333,77.9666666666667,68.9037037037037,13.4,46.4666666666667,84.6,33.8,35.0,343.125,155.5,34.1922273781903,45.4333333333333,241.25,9.542,35.45,27.9125,66.4411764705882,163.75,88.3,30.85,15.125,26.1305555555556,53.3,242.166666666667,340.0,44.15,74.9,62.5,51.7260869565217,28.6240740740741,355.0,439.666666666667,131.5,46.1333333333333,12.2567528735632,166.441176470588,27.2056603773585,17.3,79.1,21.95,35.0766666666667,10.65,102.730769230769,6.60333333333333,7.55,15.15,43.55,6.83802197802198,17.05,68.8,25.772972972973,265.0,60.0,8.19980582524272,38.55,24.7,79.6,67.4625,24.65,73.5666666666667,196.5,3.79,9.02,92.2,158.0,54.962,18.7,82.8,431.0,192.416666666667,7.74,142.0,62.7,17.4045454545455,51.3,10.65,14.8,16.53,,200.0,18.0545454545455,27.35,10.8285714285714,29.4545454545454,8.98,12.15,20.75,17.2519230769231,42.3,46.7,8.82603092783505,19.595,16.6611111111111,24.55,14.4,10.2,14.525,19.719387755102,17.95,204.0,78.8,1165.0,28.925,120.048780487805,51.3,96.2166666666667,95.1,24.4432432432432,89.475,72.7,10.45,28.8,171.0,15.5833333333333,33.2,26.0980769230769,63.5,27.7263157894737,36.7545454545455,,72.9,152.5,50.7,80.7,16.3233870967742,10.4282608695652,109.0,43.95,94.5,75.975,,,231.0,,,80.3,,,44.4712121212121,69.0,215.596774193548,75.05,199.0,46.05,36.1590909090909,78.2976744186047,58.6
45.6,38.15,52.75,89.8,77.9,69.0,13.4153846153846,46.4333333333333,84.5,33.8,35.0571428571429,343.125,155.0,34.4545238095238,45.4392857142857,242.0,9.54,35.4888888888889,27.9125,66.47,163.5,88.3,30.85,15.1,26.1421052631579,53.3,242.5,340.0,44.1,74.952,62.4,51.9674747474747,28.6644736842105,356.0,439.25,131.5,46.2,12.2621287128713,166.0,27.222,17.3,79.1868686868687,21.9366666666667,35.0954545454545,10.65,102.5,6.6,7.52214285714286,15.15,43.6,6.84,17.075,68.8,25.7539682539682,265.04347826087,60.0,8.19677685950413,38.55,24.665625,79.7,67.5,24.65,73.5833333333333,196.5,3.79,9.01538461538462,92.2666666666667,158.0,54.9875,18.7,83.0,431.0,192.0,7.74,142.0,62.7,17.45,51.3,10.65,14.825,16.5125,,200.0,18.098828125,27.4,10.85,29.4655172413793,8.98,12.15,20.7666666666667,17.275,42.3231034482759,46.6951612903226,8.82173913043478,19.5532786885246,16.6471590909091,24.55,14.416393442623,10.2,14.5014423076923,19.7018867924528,17.95,204.0,78.8,1165.0,28.9,120.166666666667,51.4,96.2166666666667,95.1,24.45,89.4,72.7,10.45,28.8,171.0,15.5857142857143,33.16,26.0924242424242,63.5,27.6033333333333,36.8,,72.8142857142857,152.5,50.7,80.7523809523809,16.3,10.45,109.0,43.95,94.525,76.0,,,231.0,,,80.3,,,44.4368686868687,68.9636363636364,215.884615384615,75.0,199.0,46.025,36.0666666666667,78.4125,58.6
45.6,38.1583333333333,52.7,89.75,77.95,68.9363636363636,13.45,46.26875,84.5666666666667,33.8,35.0083333333333,343.5,155.0,34.5634204275534,45.5333333333333,242.0,9.54909090909091,35.4888888888889,27.9,66.4,163.5,88.3,30.89,15.1,26.1362068965517,53.3,242.642857142857,340.0,44.15,75.0,62.4,51.9860606060606,28.7666666666667,356.0,439.625,131.0,46.1988888888889,12.2622377622378,166.5,27.2329545454546,17.35,79.1,21.9357142857143,35.0611111111111,10.65,102.95,6.6,7.52,15.15,43.5,6.84,17.05,68.8333333333333,25.7694444444445,265.5,59.9,8.19975,38.5992063492064,24.6833333333333,79.7428571428571,67.5,24.65,73.6,196.375,3.79,9.01684210526316,92.2,158.5,55.0,18.725,83.0,431.423076923077,192.0,7.74,142.0,62.6285714285714,17.45,51.3,10.65,14.825,16.5,,200.0,18.1,27.3806666666667,10.85,29.45,8.98,12.15,20.8,17.25,42.3726618705036,46.6834375,8.824375,19.5670212765957,16.65,24.5413333333333,14.4,10.165,14.5,19.708,17.97,204.0,78.8666666666667,1166.66666666667,28.9,120.0,51.3,96.2,95.1285714285714,24.445,89.4,73.075,10.45,28.6,171.0,15.55,33.16,26.0571428571429,63.5,27.6033333333333,36.7857142857143,,72.8,152.5,50.7,80.8,16.3,10.45,109.0,43.96,94.5666666666667,76.1,,,231.0,,,80.3,,,44.4155172413793,69.0,216.0,75.0,199.0,46.025,36.2,78.4,58.6
45.6,38.1625,52.8,89.8,77.9714285714286,69.0,13.4392857142857,46.4727272727273,84.5333333333333,33.8,35.0,343.933333333333,155.0,34.7808605341246,45.5083333333333,241.5,9.54897435897436,35.4888888888889,27.95,66.4521739130435,163.5,88.3,30.9166666666667,15.1,26.15,53.3,242.5,339.5,44.15,74.9833333333333,62.4,51.8204545454546,28.7942307692308,356.285714285714,441.724137931034,131.0,46.2430555555556,12.2533980582524,166.25,27.2354545454545,17.35,79.1607142857143,21.9470588235294,35.0961538461539,10.7,103.0,6.6,7.53,15.15,43.6,6.83857142857143,17.0857142857143,68.9,25.75,265.5,59.9,8.19653846153846,38.625,24.65,79.7,67.5,24.65,73.6,196.0,3.79,9.01045871559633,92.2833333333333,158.5,55.0421052631579,18.75,82.9,431.321428571429,192.0,7.74,142.0,62.6285714285714,17.45,51.3,10.65,14.8,16.5285714285714,,200.0,18.1,27.3484848484849,10.85,29.45,8.98,12.1982188295165,20.8,17.3,42.3528735632184,46.6925595238095,8.82210526315789,19.55,16.65,24.55,14.4048780487805,10.2,14.5,19.7125,17.9769230769231,204.0,78.8,1170.0,28.95,120.0,51.3,96.2,95.1,24.4429824561404,89.475,73.075,10.45,28.6,171.166666666667,15.575,33.15,26.0019230769231,63.5,27.67,36.8,,72.9,152.5,50.7,80.8,16.3,10.45,109.0,43.95,94.5333333333334,76.2,,,231.0,,,80.3,,,44.4,69.0,216.0,74.95,199.0,46.025,36.2,78.4,58.54
45.6,38.15,52.7869565217391,89.8,77.9838709677419,69.0,13.45,46.375,84.65,33.8269230769231,35.0022727272727,344.55,155.0,34.5684523809524,45.5472222222222,241.5,9.54833333333333,35.4888888888889,27.95,66.4222222222222,163.5,88.4,30.95,15.1,26.1297297297297,53.3,242.5,339.5,44.1,74.9933333333333,62.5,51.9623015873016,28.7357142857143,357.1875,444.4,130.944444444444,46.2083333333333,12.25,166.5,27.2368421052632,17.325,79.1181818181818,21.95,35.0825,10.7,102.951612903226,6.608,7.53,15.15,43.6,6.83154929577465,17.1,68.9,25.7439024390244,265.708333333333,59.95,8.19,38.625,24.658,79.8,67.5,24.65,73.7,196.5,3.79,9.01,92.2916666666667,158.576923076923,54.9884615384615,18.7,82.9,431.0,192.0,7.74,141.887755102041,62.6285714285714,17.45,51.3,10.65,14.8,16.54,,200.0,18.1258333333333,27.4,10.8142857142857,29.45,8.98,12.24375,20.8,17.3,42.35,46.71734375,8.83,19.5719178082192,16.6566176470588,24.5730483271375,14.4347826086957,10.2,14.525,19.7071428571429,18.0,203.5,78.9,1167.5,28.95,120.0,51.3,96.2,95.1052631578947,24.44375,89.4,73.075,10.45,28.6,171.0,15.6,33.15,26.0,63.5,27.65,36.771875,,72.9352941176471,152.5,50.7,80.8142857142857,16.3,10.45,109.0,43.95,94.6833333333333,76.2,,,231.0,,,80.3,,,44.5282122905028,68.85,216.0,74.9,199.0,46.025,36.05,78.2875,58.58
45.6,38.15,52.7571428571428,89.7333333333333,77.9988095238095,68.9909090909091,13.45,46.25,84.6,33.8304347826087,35.0,345.0,155.115384615385,34.5598837209302,45.59,241.5,9.55,35.4888888888889,27.9923076923077,66.5,163.5,88.2,30.95,15.1,26.1464285714286,53.3,243.0,340.0,44.1,75.0,62.5,52.0,28.6725,358.083333333333,447.0625,131.0,46.25,12.25,166.40625,27.215625,17.3045454545455,79.2,21.9346153846154,35.1178571428571,10.6775,102.717391304348,6.61076923076923,7.53,15.15,43.6,6.84,17.1052631578947,68.9,25.7,265.857142857143,59.95,8.19,38.6,24.65,79.78125,67.5,24.6,73.7,196.5,3.79,9.0,92.2647058823529,159.269230769231,54.9166666666667,18.8,82.9,431.1015625,192.4375,7.74,142.0,62.7,17.45,51.3,10.65,14.80625,16.5285714285714,,200.0,18.1,27.4,10.85,29.41015625,8.98,12.2166666666667,20.8,17.3,42.35,46.7486486486487,8.83,19.55,16.6558441558442,24.55,14.45,10.1852941176471,14.50546875,19.7,18.0,203.5,78.9,1170.0,28.95,120.0,51.3,96.3,95.0035714285714,24.4351351351351,89.25,73.075,10.45,28.6,171.0,15.5590909090909,33.15,26.05,63.5,27.65,36.7615384615385,,72.9333333333333,152.5,50.6333333333333,80.9,16.3,10.4058823529412,109.0,43.96,94.6521739130435,76.1189189189189,,,231.0,,,80.3,,,44.6007936507937,68.96,215.625,74.98,199.0,46.0,36.05,78.3,58.6
45.6320833333333,38.15,52.835652173913,89.7666666666667,77.9988095238095,69.0,13.4153846153846,46.275,84.6,33.85,35.0,345.0,155.0,34.4801587301587,45.6,241.0,9.55666666666667,35.4888888888889,27.9,66.4642857142857,163.5,88.2,30.96,15.1,26.1428571428571,53.3,243.0,340.0,44.1,75.1438016528926,62.525,52.0534351145038,28.7882352941176,359.0,448.869565217391,131.5,46.2928571428571,12.2419191919192,166.5,27.2,17.3,79.1939393939394,21.95,35.1340909090909,10.6775,102.875,6.61,7.53,15.15,43.6,6.83215384615385,17.1033333333333,68.9,25.7,266.0,60.0,8.19,38.5481481481482,24.65,79.8,67.5,24.6,73.7,196.5,3.79,9.00135135135135,92.3,159.333333333333,54.9055555555555,18.8,82.9,431.5,192.5,7.74,141.576923076923,62.8,17.45,51.3,10.65,14.85,16.5441176470588,,200.0,18.1,27.375,10.8002652519894,29.45,8.98,12.25,20.8,17.2916666666667,42.3491228070175,46.8,8.82428571428571,19.55,16.65,24.5835443037975,14.4307692307692,10.2,14.50546875,19.7041666666667,17.9639534883721,204.0,78.9,1167.5,28.95,120.0,51.3,96.1,94.9815789473684,24.45,89.25,73.075,10.45,28.6,171.0,15.55,33.15,26.05,63.5,27.6636363636364,36.7888888888889,,73.0,152.5,50.6333333333333,80.8777777777778,16.3,10.425,109.0,43.975,94.625,76.0,,,231.0,,,80.3,,,44.615625,68.9333333333333,216.0,74.98,199.0,46.0,36.05,78.3,58.6
45.6787128712871,38.125,52.9,89.7666666666667,77.95,68.9166666666667,13.4428571428571,46.3,84.6666666666667,33.85,35.0,344.8,155.0,34.3905063291139,45.65,241.0,9.56,35.4888888888889,27.9,66.5,163.5,88.2,30.9,15.1,26.1484126984127,53.3,243.0,340.0,44.1333333333333,75.1636363636364,62.5454545454545,52.0218884120172,28.8025423728814,359.0,446.5,132.0,46.3,12.25,166.5,27.2092592592593,17.3,79.1731707317073,21.9413043478261,35.1,10.6775,103.0,6.61,7.53,15.15,43.6,6.83560975609756,17.1024193548387,68.9,25.72,266.0,59.94,8.19,38.5,24.65,79.725,67.45,24.6,73.7,196.5,3.79,9.0,92.3,158.928571428571,54.9,18.8,82.9,431.5,192.357142857143,7.74,141.722222222222,62.8,17.4071428571429,51.3,10.65,14.85,16.5,,200.0,18.11,27.3666666666667,10.85,29.45,8.98,12.2,20.75,17.2916666666667,42.3375,46.7621794871795,8.82615384615385,19.55,16.65,24.5706349206349,14.4,10.1736842105263,14.5,19.7142857142857,17.985,203.5,78.76,1165.0,28.95,120.045454545455,51.4,96.3,95.0,24.4186567164179,89.25,73.075,10.4422018348624,28.6,171.021739130435,15.5848484848485,33.1954545454545,26.0222222222222,63.5,27.6636363636364,36.8,,72.9222222222222,152.5,50.7,80.8,16.3,10.4092592592593,109.0,44.0,94.6,76.0,,,231.0,,,80.4,,,44.6,69.0,216.0,74.8333333333333,199.0,46.0038461538461,36.0,78.1176470588236,58.7
45.696835443038,38.1,52.9,89.7444444444444,77.9833333333333,69.0,13.4029411764706,46.39375,84.65,33.85,35.1428571428571,344.3125,155.0,34.3361111111111,45.6666666666667,241.0,9.56125,35.45,27.9,66.5,163.5,88.2,31.0,15.1,26.1473214285714,53.3,243.0,340.0,44.1333333333333,75.2,62.6454545454546,51.9824242424242,28.8,357.8,446.5,132.0,46.3476744186046,12.25,166.5,27.25,17.35,79.1193548387097,21.9769230769231,35.12,10.6775,103.0,6.61,7.53,15.15,43.6,6.83857142857143,17.1,68.9,25.7366666666667,265.8125,59.94,8.18769230769231,38.5,24.65,79.6,67.5,24.6,73.7,196.85,3.79,9.00038461538462,92.3,159.3125,54.8714285714286,18.775,82.9,431.5,192.0,7.74,141.5,62.8,17.4071428571429,51.3,10.65,14.85,16.5,,200.0,18.1,27.3595238095238,10.85,29.4470588235294,8.98,12.2,20.75,17.2916666666667,42.310447761194,46.7597222222222,8.82666666666667,19.55,16.6166666666667,24.5475,14.4125,10.1527777777778,14.5,19.7434426229508,17.9705882352941,204.0,78.8,1170.0,28.95,120.0,51.4,96.1,95.0,24.4430555555556,89.1,73.075,10.4166666666667,28.6,171.0,15.55,33.1214285714286,26.05,63.5,27.6636363636364,36.7928571428571,,72.925,152.5,50.7,80.736231884058,16.3,10.4090909090909,109.333333333333,44.0,94.6285714285714,76.0,,,231.0,,,80.4,,,44.5940476190476,68.975,216.0,74.8,199.0,46.0,36.2,78.1,58.6
45.6875,38.15,52.9,89.7,78.0,69.0,13.45,46.25,84.6714285714286,33.85,35.15,343.5,155.0,34.3424528301887,45.6152173913043,241.0,9.56,35.45,27.9,66.54,163.5,88.2,30.9583333333333,15.1,26.1254901960784,53.3,243.0,340.0,44.125,75.1625,62.8,51.8343434343434,28.75,357.5,446.5,132.5,46.3727272727273,12.25,166.5,27.25,17.35,79.1351351351351,21.9857142857143,35.1,10.6775,103.0,6.6,7.52,15.15,43.6,6.84,17.1,68.8,25.724,266.0,59.94,8.18,38.5,24.65,79.6909090909091,67.5304347826087,24.6,73.72,197.0,3.79,8.9984,92.3,159.5,54.915,18.7,82.9,431.5,192.357142857143,7.74,142.0,62.8,17.45,51.3,10.65,14.8,16.5040540540541,,200.0,18.1416666666667,27.35,10.85,29.45,8.98,12.2,20.75,17.2916666666667,42.3485294117647,46.74375,8.82,19.5801886792453,16.6775862068965,24.5412621359223,14.45,10.1625,14.5166666666667,19.75,17.9863636363636,203.666666666667,78.8,1170.0,28.95,120.045454545455,51.4,96.1,95.0,24.4478260869565,89.1,72.8,10.4488636363636,28.6,171.0,15.55,33.15,26.0166666666667,63.5,27.6636363636364,36.8,,73.0,152.5,50.7,80.6008849557522,16.3,10.45,109.0,44.0,94.575,76.0,,,230.5,,,80.4,,,44.55,69.0,216.0,74.96,199.0,46.0,36.2,78.1,58.65
45.65,38.15,52.9438596491228,89.7,78.0,69.0188679245283,13.402,46.29,84.7,33.85,35.0,343.0,155.0,34.4734042553191,45.6,240.75,9.562,35.45,27.9,66.5142857142857,163.5,88.3,30.95,15.1,26.1401960784314,53.3,242.9375,340.0,44.125,75.1,62.85,51.7375,28.75,357.0,443.0,132.5,46.4428571428571,12.25,166.5,27.2134615384615,17.35,79.1259259259259,21.9712121212121,35.1,10.7,102.893333333333,6.6,7.52,15.15,43.6,6.84571428571429,17.1,68.8125,25.7192307692308,265.6875,59.9,8.19,38.5,24.6727272727273,79.6,67.5833333333333,24.6,73.7,197.36170212766,3.79,9.0,92.3,159.96,54.9,18.8,83.0,431.35,192.471153846154,7.74,141.5,62.8,17.4483870967742,51.3,10.65,14.7888888888889,16.5,,200.0,18.1042372881356,27.35,10.85,29.45,8.98,12.2,20.75,17.25,42.347619047619,46.7,8.82074626865672,19.5703703703704,16.6735294117647,24.55,14.4283582089552,10.1615384615385,14.5166666666667,19.735,17.9704545454545,203.75,78.8,1165.0,28.95,119.65,51.4,96.1,95.0,24.4294117647059,89.1,72.8,10.4,28.6,171.0,15.5423076923077,33.15,26.01,63.5,27.65,36.8,,72.9,153.0,50.7,80.75,16.3,10.45,109.0,44.0,94.54,75.9,,,230.5,,,80.4,,,44.55,69.0,215.7,74.8,199.0,46.0416666666667,36.0111111111111,78.1,58.6
45.6547058823529,38.15,52.92,89.75,78.0,69.1,13.425,46.3227272727273,84.7428571428571,33.85,35.0,343.166666666667,155.0,34.5507692307692,45.555737704918,240.75,9.562,35.45,27.9,66.4058823529412,163.5,88.3,31.0,15.1,26.1397959183673,53.4,242.5,340.0,44.15,74.9714285714286,62.85,51.9,28.7,356.5,440.25,133.0,46.35,12.2527472527473,166.931034482759,27.2285714285714,17.328125,79.1252336448598,22.0,35.1,10.65,102.871428571429,6.6,7.52,15.15,43.6,6.85,17.0928571428571,68.8,25.7341463414634,265.583333333333,59.9,8.19,38.5125,24.65,79.5,67.6047619047619,24.6,73.6583333333333,198.352941176471,3.79,8.99175,92.3,160.0,54.8,18.7,83.0,431.5,192.892857142857,7.74,141.5,62.8,17.45,51.3,10.65,14.8,16.5,,200.0,18.1,27.3027777777778,10.85,29.45,8.98,12.2035714285714,20.8,17.25,42.3,46.7,8.82,19.55,16.6857142857143,24.5295454545455,14.4244186046512,10.19,14.5,19.7,18.0,204.0,78.6608695652174,1165.0,28.95,119.833333333333,51.3333333333333,96.1,95.0,24.4,89.2,72.8,10.44375,28.6,170.958333333333,15.55,33.1619791666667,26.0,63.5,27.6,36.784,,72.9345454545455,152.5,50.7,80.6153846153846,16.3,10.41,109.0,44.0,94.5,75.9052631578947,,,230.5,,,80.4,,,44.525,68.86,215.5,74.8,199.0,46.0,36.05,78.15,58.6
45.655,38.15,52.9,89.75,78.0,69.0083333333333,13.4166666666667,46.25,84.7666666666667,33.85,35.0,343.0,155.25,34.5545454545454,45.55,240.75,9.56,35.45,28.0,66.5,163.5,88.2,30.9875,15.15,26.1309090909091,53.3,242.125,340.0,44.2,74.9636363636364,62.85,51.8,28.6625,355.5,440.25,133.0,46.35,12.25,166.533333333333,27.2113636363636,17.35,79.1629032258065,22.0,35.1,10.65,103.0,6.61,7.51230769230769,15.15,43.6,6.84931818181818,17.0857142857143,68.8,25.7040540540541,266.0,60.0,8.19,38.5,24.65,79.411320754717,67.6947368421053,24.6,73.54,199.28125,3.79,8.9975,92.3,159.858974358974,54.8666666666667,18.7,82.9,431.0125,192.5,7.74,141.71875,62.8,17.45,51.3,10.65,14.8,16.5,,200.0,18.1,27.3,10.85,29.4054812834224,8.99,12.2035714285714,20.8,17.25,42.336,46.7,8.82,19.5547619047619,16.6884615384615,24.5096153846154,14.4340909090909,10.15625,14.5,19.71,17.9766666666667,204.0,78.9,1165.0,28.95,119.5,51.3,96.1,95.1,24.4492822966507,89.2,72.8,10.4491141732283,28.6,171.0,15.55,33.2,26.0,63.5,27.6,36.8,,73.0,152.5,50.8,80.5107142857143,16.3,10.4263157894737,109.0,44.01,94.5,75.8,,,230.0,,,80.4,,,44.4307692307692,68.9090909090909,215.5,74.85,199.5,46.0444444444445,36.05,78.1,58.6
45.6757142857143,38.15,52.936,89.75,78.05,69.1,13.45,46.4590909090909,84.6756097560976,33.7709677419355,35.0291666666667,342.2,155.5,34.5917721518987,45.5875,240.5,9.56263157894737,35.45,28.0,66.4045454545455,163.5,88.3,31.0,15.15,26.1479166666667,53.3,242.5,340.166666666667,44.2166666666667,74.9625,62.9,51.8,28.6666666666667,355.5,440.166666666667,133.0,46.3,12.25,166.642857142857,27.2256756756757,17.3,79.1733333333333,22.0,35.1,10.65,102.86,6.61,7.51,15.15,43.6,6.85,17.08125,68.8,25.7209677419355,265.842105263158,60.0,8.19,38.5,24.6454545454545,79.1706766917293,67.6608695652174,24.6,73.6,198.333333333333,3.79,9.0,92.3,159.5,54.9,18.7,83.0,430.727272727273,192.9,7.74,141.676470588235,62.8,17.45,51.3,10.65,14.8,16.5,,200.0,18.1,27.3,10.85,29.4,8.98,12.2035714285714,20.8,17.25,42.32,46.6941176470588,8.8252380952381,19.55,16.6875,24.5,14.4434782608696,10.1554347826087,14.52,19.7076923076923,18.0,203.8,78.6,1165.0,28.9,119.5,51.3666666666667,96.18,95.1,24.4779411764706,89.2,72.8,10.4,28.6,171.0,15.50625,33.3,26.0,63.4,27.6,36.7857142857143,,72.9,152.5,50.8,80.6,16.3,10.4263157894737,109.5,44.0,94.5,75.8,,,230.0,,,80.4,,,44.35,68.975,215.5,74.85,199.5,46.0,36.05,78.2,58.54
45.65,38.125,52.9,89.75,78.0888888888889,69.1,13.45,46.25,84.6,33.6928571428571,34.9516949152542,341.227272727273,155.5,34.6,45.5,240.5,9.56,35.45,28.0,66.5,163.5,88.2,31.0,15.1,26.1471153846154,53.3,242.25,340.25,44.25,74.9909090909091,62.8,51.7858974358974,28.6384615384615,355.5,440.0,133.0,46.3,12.2429012345679,166.95652173913,27.2,17.3,79.1407407407408,21.9769230769231,35.1,10.65,103.0,6.60029411764706,7.51,15.15,43.6,6.86673860911271,17.075,68.8,25.7441935483871,265.764705882353,60.0,8.19,38.5,24.5696078431373,79.0266055045872,67.7,24.6,73.8,198.333333333333,3.79,8.99137931034483,92.3,159.583333333333,54.9,18.7,83.0,430.666666666667,193.0,7.75,142.0,62.8,17.45,51.3,10.65,14.8,16.5,,200.0,18.1,27.3,10.85,29.3529411764706,8.98,12.2035714285714,20.8,17.2044117647059,42.3,46.6917808219178,8.82,19.55,16.6785714285714,24.526,14.4340909090909,10.1583333333333,14.5,19.7007751937984,18.0,203.5,78.6,1165.0,28.9,119.5,51.3666666666667,96.2,95.0888888888889,24.46,89.2,72.8,10.4498417721519,28.6,171.0,15.55,33.3,26.0,63.4,27.625,36.7772727272727,,72.9,152.5,50.7,80.575,16.3,10.4,109.5,43.9666666666667,94.4,75.775,,,230.0,,,80.4,,,44.2814102564103,68.9,215.5,74.85,199.0,46.0,36.05,78.2,58.5
45.65,38.15,52.8,89.7,78.06,69.0666666666667,13.40625,46.35,84.64,33.65,34.74,341.5,155.5,34.6,45.5033333333333,240.5,9.56,35.45,28.0,66.4,163.5,88.2,31.1294117647059,15.1,26.1492805755396,53.3,242.0,340.375,44.2388888888889,74.9,62.8,51.7388888888889,28.625,354.125,440.166666666667,133.0,46.3,12.25,166.416666666667,27.2,17.3,79.1916666666667,22.0,35.0875,10.65,103.0,6.6,7.51720930232558,15.15,43.6,6.88,17.1,68.7,25.7328947368421,266.0,60.0,8.18,38.5,24.552380952381,79.1216216216216,67.7,24.65,73.62,198.0,3.79,8.9914406779661,92.3,158.767857142857,54.8190476190476,18.75,83.0,431.0,192.6875,7.75,141.52380952381,62.8,17.45,51.3,10.65,14.8,16.5,,200.0,18.0653979238754,27.2728571428571,10.8058823529412,29.4,8.98285714285715,12.2035714285714,20.8,17.25,42.3497076023392,46.7,8.81856115107914,19.5491228070175,16.6702702702703,24.54,14.4020661157025,10.1615384615385,14.5475609756098,19.75,17.9736842105263,203.5,78.9,1165.0,28.9,119.583333333333,51.3,96.2,95.1,24.4583333333333,89.1,72.8,10.447972972973,28.6,171.0,15.55,33.25,26.0,63.5,27.65,36.7613636363636,,72.9,152.5,50.7333333333333,80.6,16.3,10.4,109.375,43.95,94.45,75.775,,,230.0,,,80.4,,,44.25,68.9,215.5,74.85,199.0,46.0,36.0,78.2,58.5
45.6,38.15,52.8,89.7,78.0,69.1,13.4038461538462,46.25,84.6,33.65,34.8571428571429,340.7,155.5,34.5801470588235,45.5477272727273,240.5,9.55,35.4833333333333,27.9916666666667,66.4,163.0,88.2,31.187037037037,15.1,26.1474358974359,53.4,242.083333333333,340.388888888889,44.3,74.9,62.9,51.7976470588235,28.6625,354.0,440.0,133.0,46.3,12.2,166.5,27.1540322580645,17.3,79.1289473684211,21.975,35.05,10.65,103.0,6.59434782608696,7.52,15.2,43.6,6.88972250770812,17.1,68.7,25.7444444444444,265.84375,59.9,8.18466666666666,38.45,24.5149122807018,79.2,67.8,24.634375,73.62,198.166666666667,3.79,8.98039682539683,92.25,159.2,54.8,18.7480769230769,82.94,431.0,192.5,7.75,141.5,62.7,17.45,51.3,10.65,14.8,16.5,,200.0,18.1,27.2833333333333,10.85,29.3688235294118,8.99,12.2,20.75,17.2705882352941,42.35,46.7,8.81615384615385,19.5714285714286,16.6719512195122,24.5028169014084,14.4084745762712,10.16,14.5,19.726,17.9983606557377,203.5,78.9,1170.0,28.9,119.5,51.3,96.2111111111111,95.1,24.45,89.234375,72.8,10.4,28.6,170.6,15.5107142857143,33.2875,26.0,63.4071428571429,27.65,36.7607142857143,,72.9,152.9,50.7,80.6,16.3,10.4,109.045454545455,43.97,94.3846153846154,75.7,,,230.0,,,80.4,,,44.2738461538462,69.0,215.666666666667,74.9,199.0,46.0,36.1,78.15,58.575
45.65,38.15,52.8,89.7,78.0,69.1,13.4,46.25,84.6,33.65,34.8875,340.277777777778,155.5,34.5982142857143,45.5571428571429,240.5,9.55,35.4833333333333,27.9916666666667,66.4523809523809,164.0,88.3,31.1704545454546,15.1,26.1038690476191,53.4,242.357142857143,340.3,44.3,74.9,62.9,51.7361111111111,28.6,354.0,440.0,133.0,46.3,12.224358974359,166.083333333333,27.1907407407407,17.3,79.1547619047619,21.9833333333333,35.05,10.65,102.84375,6.6,7.516,15.2,43.55,6.89,17.0833333333333,68.8,25.7,265.722222222222,59.9,8.18,38.45,24.5214285714286,79.2,67.7642857142857,24.65,73.7,198.5,3.79,8.98819672131147,92.2428571428571,158.75,54.8076923076923,18.7480769230769,82.9,431.0,192.5,7.75,141.75,62.7,17.45,51.3,10.65,14.8,16.5,,200.0,18.1,27.25,10.85,29.35,8.98166666666667,12.2,20.8,17.2705882352941,42.3625,46.7,8.80275541795666,19.5586956521739,16.6954545454545,24.5391891891892,14.4045454545455,10.1722222222222,14.5,19.7076923076923,17.9621212121212,203.875,78.95,1170.0,28.9,119.5,51.3,96.2,95.1,24.4472789115646,89.8629921259843,72.8,10.4432478632479,28.6,171.0,15.55,33.25,25.975,63.5,27.65,36.8,,72.9,152.4375,50.7142857142857,80.6428571428571,16.3,10.4,109.277777777778,43.956,94.3,75.7,,,230.0,,,80.4,,,44.354,68.9333333333333,215.5,74.9,199.0,46.05,36.1,78.15,58.5166666666667
45.65,38.15,52.8,89.7375,78.0,69.0857142857143,13.4166666666667,46.4277777777778,84.66,33.6428571428571,34.9,339.666666666667,155.5,34.55,45.5,240.0,9.54473684210526,35.45,28.0,66.4153846153846,164.0,88.3,31.15,15.1,26.15,53.4,242.5,340.5,44.29,74.9,63.0,51.8,28.55,354.0,443.0,133.0,46.35,12.2,166.5,27.15,17.3,79.1383333333333,21.95,35.05,10.6733333333333,103.0,6.6,7.518,15.2,43.5833333333333,6.89,17.0833333333333,68.7,25.7,265.642857142857,59.925,8.18,38.45,24.525,79.2071428571429,67.721052631579,24.6,73.6,198.75,3.79,8.99,92.2846153846154,159.0,54.8,18.7,82.9,431.0,192.5,7.77,141.75,62.7,17.45,51.3909090909091,10.690625,14.8,16.5,,200.0,18.0545454545455,27.2604166666667,10.85,29.35,8.98166666666667,12.2,20.8,17.2705882352941,42.3542857142857,46.7,8.8,19.55,16.7,24.5222222222222,14.4022727272727,10.1552631578947,14.5045454545455,19.7097222222222,17.98125,203.875,79.0,1170.0,28.9,119.5,51.3,96.2,95.1,24.45,90.3241573033708,72.8,10.446837944664,28.6,171.0,15.55,33.25,25.95,63.4956521739131,27.65,36.8,,72.95,152.4375,50.7,80.6333333333333,16.3,10.4,109.5,44.0,94.3,75.7,,,230.0,,,80.5,,,44.3916666666667,69.0,215.5,74.8,199.0,46.075,36.1,78.15,58.5
45.65,38.15,52.8,89.7375,78.0818181818182,69.0708333333333,13.4,46.3,84.6,33.6071428571429,34.81875,339.5625,155.5,34.55,45.6697802197802,239.9,9.54,35.45,27.9,66.4153846153846,164.0,88.3,31.15,15.1,26.15,53.4,242.5,340.5,44.26875,74.9,63.0,51.8057142857143,28.55,354.0,443.0,133.0,46.35,12.2097222222222,166.5,27.1546511627907,17.3,79.1162790697674,21.97,35.1070707070707,10.7,102.869565217391,6.6,7.51333333333333,15.2,43.65875,6.89,17.0833333333333,68.7,25.731981981982,265.863636363636,59.925,8.18466666666667,38.45,24.575,79.175,67.7,24.6,73.6,199.307692307692,3.79,8.99,92.3,158.666666666667,54.6987804878049,18.6625,83.0,431.0,192.5,7.77,141.75,62.7,17.45,51.4,10.6502873563218,14.8,16.5,,200.0,18.0655555555556,27.2722222222222,10.8018181818182,29.375,8.98166666666667,12.2,20.8,17.2705882352941,42.35,46.6933333333333,8.8,19.56,16.7,24.504347826087,14.4083333333333,10.1625,14.5,19.7309523809524,17.9694444444444,203.833333333333,79.0,1174.0,28.95,119.5,51.3,96.2,95.2,24.4444444444444,90.1977272727273,72.8,10.4481627296588,28.6,171.0,15.5083333333333,33.3,26.0,63.5,27.6615384615385,36.8,,72.9,152.0,50.7,80.6,16.3,10.45,109.125,44.0,94.2777777777778,75.6857142857143,,,229.166666666667,,,80.5,,,44.4,69.0,215.5,74.7619047619048,199.0,46.05,36.06,78.15,58.5
45.65,38.15,52.8,89.7375,78.009375,69.1,13.45,46.3,84.6333333333333,33.65,34.8,341.125,155.0,34.572,45.7643979057592,239.9,9.53,35.5,27.9,66.43125,163.5,88.2,31.0666666666667,15.1,26.15,53.3,242.0,340.0,44.2857142857143,74.8,62.8,51.7705882352941,28.5034482758621,354.75,440.0,133.0,46.3,12.25,166.35,27.2,17.3,79.1438596491228,22.0,35.1083333333333,10.7,102.978723404255,6.6,7.52,15.2,43.7086206896552,6.89,17.0818181818182,68.7,25.7342857142857,265.85,59.9666666666667,8.18,38.45,24.6,79.1875,67.7428571428571,24.55,73.675,199.464285714286,3.79,9.0,92.4,158.6,54.6,18.65,83.0,431.0,192.5,7.77,141.5,62.7,17.4,51.4,10.6502873563218,14.8,16.4583333333333,,200.0,18.095,27.2875,10.85,29.4,8.98166666666667,12.2,20.8,17.2705882352941,42.3375,46.7,8.8,19.5166666666667,16.6909090909091,24.5117647058824,14.4,10.1777777777778,14.55,19.7066666666667,17.9603174603175,203.916666666667,79.0,1175.0,28.95,119.5,51.3,96.2,95.1666666666667,24.45,90.1483870967742,72.8,10.45,28.6,171.105263157895,15.5,33.3,25.95,63.5,27.65,36.8,,72.9,152.0,50.7,80.6,16.3,10.45,109.5,44.0,94.2142857142857,75.75,,,229.0,,,80.4333333333333,,,44.485,68.9833333333333,215.0,74.5625,199.0,46.025,36.2,78.15,58.6
45.6428571428571,38.1,52.8,89.7,78.0,69.1,13.4307692307692,46.3416666666667,84.68,33.7634615384615,34.8,340.928571428571,155.0,34.5807692307692,45.9688811188811,239.9,9.52777777777778,35.5,27.9,66.4666666666667,163.5,88.2,31.1,15.05,26.15,53.3,242.25,340.0,44.265,74.8833333333333,63.0,51.7846153846154,28.5487179487179,355.0,439.5,133.0,46.3,12.2475232198142,166.1875,27.1678571428571,17.3,79.1,21.98125,35.1075949367089,10.7,103.0,6.61,7.51,15.2,43.7086206896552,6.89,17.0772727272727,68.7,25.7185185185185,266.0,59.8666666666667,8.18,38.4033333333333,24.6,79.1,67.7285714285714,24.55,73.6,199.5,3.79,9.0,92.4,158.625,54.6333333333333,18.6684210526316,83.0,431.0,192.833333333333,7.77,141.5,62.7,17.4,51.4,10.6502873563218,14.75,16.5,,200.0,18.05,27.2607142857143,10.85,29.4,8.98047619047619,12.2,20.8,17.2705882352941,42.3,46.7,8.80272727272727,19.5470588235294,16.69,24.504,14.4,10.1935897435897,14.5,19.7111111111111,17.9590073529412,204.0,78.84,1175.0,28.95,119.5,51.3,96.2,95.1666666666667,24.4194174757282,89.7,72.9,10.4402777777778,28.6,171.0,15.5,33.3,25.95,63.5,27.7,36.75,,72.9,152.5,50.6,80.6,16.3,10.45,109.166666666667,44.0,94.2894736842105,75.9,,,229.0,,,80.4333333333333,,,44.4622641509434,68.9857142857143,215.0,74.5,199.0,46.0333333333333,36.2,78.15,58.5375
45.65,38.15,52.9,89.7,78.0,69.1,13.45,46.3,84.6,33.8338709677419,34.875,340.928571428571,155.0,34.5961111111111,45.9556547619048,239.9,9.52777777777778,35.5,27.9,66.4285714285714,163.5,88.2,31.1,15.05,26.15,53.3,242.5,340.0,44.3,74.8,62.8,51.8,28.55,355.0,439.166666666667,133.0,46.3051724137931,12.2677966101695,166.730769230769,27.1647058823529,17.25,79.0967948717949,21.98125,35.1,10.7,103.0,6.61,7.52,15.15,43.7086206896552,6.89,17.0916666666667,68.7,25.7463483146067,266.0,59.8,8.1775,38.4,24.6428571428571,79.1875,67.7195652173913,24.55,73.6888888888889,199.5,3.79,9.0,92.3,159.0,54.7,18.75,83.0,431.125,192.5,7.77,141.5,62.6666666666667,17.4,51.4,10.65,14.75,16.5,,200.0,18.05,27.25,10.85,29.4,8.98047619047619,12.25,20.8,17.25,42.31,46.7316901408451,8.8,19.58,16.6848484848485,24.525,14.4,10.1818181818182,14.5,19.7361111111111,17.9863636363636,204.0,78.75,1174.16666666667,28.95,119.5,51.3769230769231,96.2,95.0565217391304,24.4241379310345,89.8,72.9,10.445652173913,28.6,171.0,15.5071428571429,33.3,25.9285714285714,63.5,27.65,36.8,,72.9,152.5,50.6,80.5714285714286,16.3,10.45,109.375,44.0125,94.3,75.8,,,229.0,,,80.4333333333333,,,44.465625,69.0,215.5,74.4888888888889,199.0,46.0333333333333,36.1,78.0,58.6
45.65,38.15,52.8666666666667,89.7,77.9,69.1,13.4409090909091,46.3857142857143,84.66,33.7411764705882,34.85,341.0,155.0,34.6397435897436,45.8214285714286,239.5,9.54,35.45,27.9,66.4090909090909,163.5,88.2,31.125,15.05,26.15,53.3,242.5,340.0,44.3,74.85,62.7,51.7142857142857,28.55,356.0,440.0,133.0,46.3461538461539,12.2466216216216,166.9,27.15,17.25,79.0041379310345,22.0,35.1,10.7,103.0,6.614,7.52,15.15,43.7086206896552,6.89,17.05,68.7,25.75,265.95,60.0,8.18,38.4,24.65,79.16,67.6735294117647,24.5026315789474,73.6888888888889,199.571428571429,3.79,8.99952380952381,92.2238095238095,159.0,54.8,18.75,83.0,431.0,192.5,7.77,141.5,62.6666666666667,17.45,51.4,10.65,14.75,16.5,,200.0,18.05,27.2647058823529,10.85,29.3785714285714,8.98,12.2,20.8,17.25,42.3225490196078,46.7211538461539,8.805,19.5611111111111,16.7,24.5318181818182,14.425,10.2,14.505,19.7222222222222,17.9583333333333,204.0,78.9,1175.0,28.95,119.5,51.3769230769231,96.15,95.0,24.45,89.84,72.9,10.4493150684932,28.6,171.5,15.55,33.26,25.9015625,63.5,27.65,36.8,,72.9,152.5,50.6,80.5380952380952,16.3,10.45,109.5,44.0,94.3083333333333,75.8,,,229.0,,,80.4333333333333,,,44.5,69.0,215.5,74.6,199.0,46.0333333333333,36.1,78.1,58.5
45.6416666666667,38.15,52.8,89.7,77.9,69.1,13.4384615384615,46.3,84.6,33.6,34.85,340.833333333333,155.0,34.62,45.7741379310345,239.5,9.53125,35.45,27.9,66.4,163.5,88.2,31.15,15.05,26.15,53.3,242.5,340.0,44.2733333333333,74.8208333333333,62.7,51.8,28.55,356.0,442.5,133.0,46.3461538461539,12.25,166.941176470588,27.1146341463415,17.25,79.0,22.0,35.1,10.7,103.0,6.61,7.52,15.2,43.7,6.89,17.05,68.7,25.75,266.0,60.0,8.18,38.4,24.65,79.2,67.6285714285714,24.55,73.6888888888889,199.5,3.79,8.99198113207547,92.26,158.583333333333,54.8,18.65,83.0,431.0,192.5,7.76,141.5,62.6666666666667,17.4,51.4,10.65,14.75,16.5,,200.0,18.05,27.2647058823529,10.85,29.3785714285714,8.98,12.2,20.8,17.25,42.3483333333333,46.7,8.8,19.5653846153846,16.7,24.5,14.4,10.2,14.5,19.7095744680851,17.9573529411765,204.0,78.9,1175.0,28.95,119.5,51.4,96.1,95.0,24.4366071428571,89.86,73.0,10.45,28.6,171.5,15.5508928571429,33.3,25.9,63.5095238095238,27.65,36.8,,72.9,152.5,50.6,80.5,16.3,10.45,109.0,44.0,94.3888888888889,75.8125,,,229.0,,,80.4333333333333,,,44.5229166666667,69.0444444444444,215.5,74.6,199.0,46.05,36.15,78.1,58.55
45.6954545454546,38.1041666666667,52.8,89.7,77.9,69.1,13.4375,46.3,84.68,33.6,34.8083333333333,340.5,155.0,34.65,45.8,240.0,9.54,35.45,27.9,66.4,163.0,88.2,31.1,15.05,26.1856031128405,53.3,242.583333333333,340.0,44.2,74.85,62.7,51.7,28.675,356.0,442.5,132.5,46.3,12.25,166.666666666667,27.1,17.25,79.0085106382979,21.95,35.1,10.7,102.948275862069,6.61,7.52,15.2,43.6982456140351,6.89,17.05,68.6333333333333,25.744,265.75,60.0,8.17,38.4,24.65,79.2105263157895,67.7,24.55,73.6833333333333,199.5,3.79,8.99198113207547,92.3,159.0,54.7,18.65,82.9,431.0,192.5,7.76,141.5,62.6,17.4,51.3,10.65,14.75,16.5,,200.0,18.05,27.25,10.85,29.3961538461538,8.98,12.2,20.8,17.25,42.3,46.7333333333333,8.81,19.55,16.678125,24.5053571428571,14.4,10.2,14.525,19.7074074074074,17.95,204.0,78.8,1175.0,28.95,119.5,51.4,96.1666666666667,94.9,24.4377777777778,89.9,73.0,10.45,28.6,171.5,15.55,33.25,25.9,63.6,27.65,36.8,,72.9,152.0,50.6,80.6,16.3,10.4,109.5,44.025,94.4,75.8,,,228.5,,,80.3333333333333,,,44.5131578947368,69.1,215.5,74.6,199.0,46.05,36.05,78.1,58.55
45.7,38.1051724137931,52.8714285714286,89.8,77.9825,69.1,13.4166666666667,46.25,84.68,33.615,34.8083333333333,341.5,155.0,34.6171052631579,45.8,239.5,9.53796610169492,35.45,27.9,66.4,163.0,88.2,31.1,15.05,26.1693396226415,53.3,242.0,340.0,44.25,74.8555555555555,62.7,51.687012987013,28.6,356.0,439.0,132.5,46.340625,12.25,166.722222222222,27.125,17.25,78.9822580645161,22.0,35.078947368421,10.7,102.913793103448,6.61909090909091,7.52,15.15,43.6833333333333,6.89,17.05,68.6,25.75,265.84375,60.0,8.17,38.45,24.65,79.1444444444445,67.7608695652174,24.5,73.65,199.4,3.79,8.99461538461538,92.3444444444444,159.0,54.7,18.65,82.9,431.0,192.5,7.76,141.5,62.6,17.4,51.3,10.65,14.8,16.5,,200.0,18.05,27.3,10.85,29.4,8.98,12.2,20.8,17.25,42.3,46.7,8.8,19.5346153846154,16.7130281690141,24.5,14.4,10.1777777777778,14.5178571428571,19.7157894736842,17.9925,204.0,78.9,1170.0,28.95,119.5,51.3,96.1,95.0041666666667,24.45,89.7,73.0,10.4714285714286,28.6,171.5,15.5444444444444,33.3,25.9,63.6,27.6009803921569,36.7738095238095,,72.8333333333333,152.5,50.6,80.6,16.3,10.45,109.333333333333,44.0,94.35,75.8,,,228.5,,,80.44,,,44.55,69.1,215.5,74.8,199.0,46.05,36.05,78.1333333333333,58.55
45.65,38.1,52.9,89.8,78.0,69.0888888888889,13.4011904761905,46.275,84.6333333333333,33.65,34.8083333333333,342.0,155.0,34.619,45.8842105263158,239.0,9.53,35.45,27.9,66.4,163.0,88.1333333333333,31.09375,15.1,26.1132653061225,53.3,242.5,340.357142857143,44.2375,74.8,62.7454545454545,51.6035714285714,28.55,356.0,442.0,132.666666666667,46.3938775510204,12.25,166.5,27.1083333333333,17.25,78.9756097560975,21.95,35.096,10.65,102.925,6.6125,7.52,15.15,43.6833333333333,6.89,17.05,68.7,25.7,265.84375,60.0,8.175,38.45,24.60625,79.0009090909091,67.7142857142857,24.5,73.6666666666667,199.5,3.79,9.0,92.2,159.0,54.7,18.65,82.9,430.5,192.5,7.76,141.142857142857,62.6,17.45,51.3,10.65,14.8,16.5,,200.0,18.05,27.2791666666667,10.85,29.4,8.98,12.2,20.8,17.25,42.3,46.65,8.8,19.5533333333333,16.75,24.5153846153846,14.4,10.2,14.5,19.7014285714286,17.9590909090909,204.0,79.0,1170.0,28.9428571428571,119.5,51.3090909090909,96.1666666666667,95.0041666666667,24.45,89.8,72.95,10.4790697674419,28.6,171.5,15.55,33.3,25.9,63.5,27.6009803921569,36.8,,72.8,152.5,50.6,80.6,16.3,10.412962962963,109.027777777778,44.0,94.3666666666667,75.8,,,228.0,,,80.5,,,44.6,69.2,215.541666666667,74.8,199.0,46.0166666666667,36.1,78.1,58.5
45.65,38.1,52.8894736842105,89.8,77.9833333333333,69.025,13.4111111111111,46.3923076923077,84.6166666666667,33.65,34.85,342.0,155.333333333333,34.5713333333333,45.8851851851852,238.285714285714,9.53,35.45,27.9916666666667,66.369696969697,163.0,88.1,31.0,15.1,26.1422330097087,53.3,241.6875,340.333333333333,44.2,74.8775862068966,62.6,51.5538461538462,28.55,356.0,442.0,133.0,46.4142857142857,12.25,166.5,27.1483606557377,17.25,78.9,21.975,35.1452941176471,10.6642857142857,102.901960784314,6.60535714285714,7.52,15.15,43.6833333333333,6.89,17.0833333333333,68.6,25.736,266.0,60.0,8.17,38.4,24.6166666666667,78.9,67.7782608695652,24.5,73.625,199.333333333333,3.79,8.99211538461538,92.3,158.625,54.7,18.8,82.9,431.0,192.269230769231,7.76,141.357142857143,62.6,17.45,51.3,10.65,14.8,16.4785714285714,,200.0,18.0681818181818,27.25,10.85,29.3886666666667,8.98,12.15,20.8,17.275,42.3,46.6567567567568,8.79822485207101,19.55,16.7071428571429,24.5,14.4105263157895,10.1862068965517,14.547619047619,19.7292682926829,17.9940677966102,203.75,79.0,1170.0,28.9,119.318181818182,51.3,96.2,95.0,24.4792134831461,89.72,72.8,10.486231884058,28.6,171.5,15.55,33.3,25.9,63.5,27.5666666666667,36.76,,72.8,152.5,50.6142857142857,80.55,16.3,10.412962962963,109.5,44.0,94.4,75.6266666666667,,,228.0,,,80.5,,,44.6022522522523,69.2,216.0,74.75,199.0,46.0,36.0,77.9333333333333,58.6076923076923
45.675,38.1,52.9,89.8,77.9571428571429,69.1,13.425,46.25,84.6833333333333,33.7,34.8625,342.0,155.25,34.55,45.8971698113208,238.0,9.50079734219269,35.45,27.9916666666667,66.4,163.0,88.1,30.9894736842105,15.05,26.15,53.3,242.0,340.8,44.2375,75.0,62.6,51.4953125,28.55,355.833333333333,443.0,132.75,46.4,12.2515151515152,166.777777777778,27.15,17.3,78.9194444444445,22.0,35.1,10.6642857142857,103.0,6.60535714285714,7.52,15.15,43.6833333333333,6.89,17.1,68.65,25.72,266.0,59.9333333333333,8.17,38.4,24.62,78.9,67.8,24.5,73.7,199.0,3.79,9.0,92.2666666666667,158.75,54.6333333333333,18.6625,82.8888888888889,431.0,192.45652173913,7.76,141.5,62.65,17.45,51.3,10.65,14.8,16.45,,200.0,18.05,27.25,10.85,29.4,8.98,12.15,20.8,17.275,42.3,46.65,8.79464285714286,19.53,16.7086956521739,24.5375,14.4,10.1551282051282,14.5,19.7444444444444,17.95,204.0,79.0,1170.0,28.9,119.416666666667,51.35,96.15,94.9,24.4464285714286,89.7,72.8,10.4923728813559,28.6,171.02358490566,15.55,33.25,25.9045454545454,63.5,27.55,36.75,,72.8,152.5,50.6,80.6333333333333,16.3,10.45,109.5,44.0,94.5,75.6266666666667,,,228.5,,,80.5,,,44.6298780487805,69.1615384615385,216.0,74.75,199.0,46.05,36.0,77.8,58.6
45.675,38.1,52.8230769230769,89.7,77.9933333333333,69.1,13.45,46.25,84.7,33.7,34.95,342.0,155.25,34.55,45.9216216216216,238.5,9.5,35.45,27.9916666666667,66.3444444444445,163.0,88.1,30.9833333333333,15.05,26.15,53.3,242.0,340.8,44.2375,75.0,62.7,51.475,28.55,356.0,443.0,132.75,46.35,12.25,166.5,27.15,17.3,79.0,22.0092592592593,35.1,10.7,102.905405405405,6.6,7.52,15.15,43.65,6.89,17.1,68.6142857142857,25.7439393939394,266.5,59.85,8.17,38.4,24.6,78.9,67.8,24.5,73.8,199.5,3.79,8.99588235294118,92.2857142857143,159.0,54.6,18.6625,82.8,431.0,192.777777777778,7.76,141.5,62.65,17.45,51.3,10.65,14.8,16.5,,200.0,18.0864864864865,27.25,10.85,29.418085106383,8.98,12.15,20.8,17.3,42.3041666666667,46.65,8.79714285714286,19.5111111111111,16.7184210526316,24.5023809523809,14.4134615384615,10.17,14.5,19.7019607843137,17.95,204.0,79.0,1170.0,28.9,119.0,51.35,96.15,94.9,24.4322580645161,89.7,72.8,10.45,28.6,171.0,15.55,33.2527777777778,25.9,63.5,27.55,36.75,,72.8,152.5,50.6,80.7,16.3,10.4416666666667,109.5,43.99375,94.4,75.6,,,228.5,,,80.5,,,44.6,69.14,216.0,74.8,199.0,46.0375,36.0,77.8,58.6
45.675,38.15,52.8941176470588,89.8,77.9695652173913,69.1,13.4,46.25,84.7,33.79375,34.95,342.5,155.0,34.55,45.9285714285714,238.5,9.5,35.45,28.0,66.4,163.0,88.2,30.95,15.05,26.1211267605634,53.3,242.5,340.5,44.2,75.1,62.7,51.4101449275362,28.55,356.0,443.0,133.0,46.3,12.25,166.5,27.1163461538462,17.3,79.0,22.025,35.1,10.7,103.0,6.6,7.51,15.15,43.65,6.89,17.0923076923077,68.65,25.7166666666667,266.375,60.0,8.17,38.4,24.6,78.8305555555555,67.7571428571429,24.5,73.8,199.5,3.79,9.0,92.275,159.0,54.66875,18.6625,82.8,431.0,192.5,7.76,141.5,62.6,17.4333333333333,51.3,10.6433333333333,14.8,16.5,,200.0,18.05,27.2205882352941,10.8125,29.4416666666667,8.98,12.15,20.8,17.3,42.3,46.65,8.8,19.5318181818182,16.7314814814815,24.5,14.4,10.2,14.5,19.7205882352941,17.95,203.5,78.9,1170.0,28.9,119.0,51.35,96.16,94.9,24.45,89.7,72.8,10.45,28.6,170.928571428571,15.5733333333333,33.3,25.9,63.5,27.5,36.75,,72.8,152.5,50.5,80.625,16.3,10.45,109.5,43.9,94.3,75.8,,,230.0,,,80.7,,,44.593137254902,69.2125,216.0,74.8,199.0,46.0,36.0083333333333,77.9,58.55
45.7,38.15,52.9,89.8,77.9745762711864,69.1,13.4272727272727,46.2375,84.775,33.8,34.9435483870968,342.5,155.0,34.5833333333333,45.8884615384615,238.5,9.49324324324324,35.45,28.0,66.3857142857143,163.0,88.2,30.95,15.05,26.141935483871,53.3,242.5,341.0,44.3,75.1,62.66,51.5285714285714,28.55,356.0,443.0,133.0,46.3,12.25,166.25,27.1024390243903,17.3,78.9383561643836,22.0375,35.1,10.7,102.9,6.6,7.52,15.2,43.65,6.89,17.0923076923077,68.6,25.7,266.0,59.95,8.17,38.4,24.6,78.8,67.8,24.5,73.7,199.5,3.79,9.0,92.3,158.75,54.7,18.65,82.825,431.0,192.5,7.76,141.5,62.6,17.4,51.3,10.6433333333333,14.75,16.5,,200.0,18.05,27.25,10.85,29.45,8.98,12.2,20.8,17.2583333333333,42.3,46.65,8.79982905982906,19.55,16.75,24.50625,14.40390625,10.2,14.5025,19.735,17.95,204.0,78.9,1170.0,28.9,119.2,51.5,96.2,94.9,24.45,89.7,72.8,10.45,28.6,171.0,15.5733333333333,33.25,25.9,63.5,27.4878378378378,36.7583333333333,,72.8,152.5,50.5,80.6,16.3,10.45,109.5,43.9,94.5,75.8,,,230.0,,,80.7,,,44.5934782608696,69.368085106383,216.0,74.7,199.0,46.0,36.0083333333333,77.9,58.6
45.6777777777778,38.15,52.9454545454545,89.8,78.0,69.1,13.4214285714286,46.4192307692308,84.7666666666667,33.8388888888889,34.925,343.0,155.0,34.55,45.8833333333333,239.5,9.49,35.45,28.0,66.3375,163.0,88.15,30.95,15.05,26.15,53.3,242.638888888889,341.0,44.15,75.0,62.66,51.6213483146067,28.6157894736842,355.5,442.5,133.0,46.3,12.25,166.0,27.15,17.3,78.9571428571429,22.0375,35.1,10.7,102.804347826087,6.61,7.52,15.2,43.65,6.89,17.1,68.6,25.7421875,266.222222222222,59.9,8.17,38.35,24.6134615384615,78.75,67.8173076923077,24.5,73.7,199.5,3.79,8.998125,92.2555555555556,158.75,54.7,18.65,82.8,431.0,192.5,7.76,141.051282051282,62.6,17.4,51.5,10.6,14.7222222222222,16.5,,200.0,18.05,27.3,10.85,29.495652173913,8.98,12.2,20.8,17.2583333333333,42.3,46.65,8.8,19.55,16.7342857142857,24.5375,14.45,10.18,14.5,19.731,17.95,204.0,78.9666666666667,1170.0,28.9970588235294,119.136363636364,51.5,96.175,94.9,24.4666666666667,89.7,72.8,10.491393442623,28.6,171.0,15.55,33.225,25.9,63.5,27.45,36.7525,,72.8,152.5,50.6,80.7,16.3,10.45,109.5,43.94,94.5,75.8,,,230.0,,,80.7,,,44.6153374233129,69.4904761904762,216.0,74.7,199.0,46.0,36.0083333333333,78.125,58.5
45.6771739130435,38.15,52.905,89.8,78.1,69.14,13.45,46.2083333333333,84.7,33.8,34.85,343.0,155.0,34.55,45.8984848484848,239.5,9.48940476190476,35.45,27.95,66.4,163.5,88.2,30.95,15.05,26.15,53.3888888888889,242.916666666667,341.1,44.25,75.1,62.66,51.6313725490196,28.6916666666667,355.0,443.0,133.0,46.3,12.2469230769231,166.382352941176,27.1307692307692,17.25,78.9,22.0458333333333,35.0583333333333,10.7,103.0,6.6,7.52,15.2,43.65,6.89,17.05,68.6666666666667,25.7,266.375,60.0,8.17,38.35,24.6,78.788,67.9,24.5,73.7,199.5,3.79,8.992,92.2,158.5,54.8,18.65,82.7,431.0,192.5,7.76,141.25,62.6875,17.4,51.5,10.6,14.7222222222222,16.5,,200.0,18.05,27.3,10.85,29.495652173913,8.98,12.2,20.8,17.25,42.31875,46.65,8.80363636363636,19.5604166666667,16.7404411764706,24.51875,14.4155172413793,10.16125,14.5,19.715,17.95,203.5,79.0,1170.0,28.9970588235294,119.5,51.5,96.2,95.0,24.4602272727273,89.7,72.8,10.45,28.6,171.0,15.5375,33.2,25.9,63.4,27.5166666666667,36.7625,,72.8,153.0,50.6,80.6,16.3,10.45,109.0625,43.9954545454545,94.3291666666667,75.7,,,230.0,,,80.7,,,44.5248201438849,69.7,216.0,74.75,199.5,46.0,36.0,78.2428571428572,58.5
45.7,38.15,52.9,89.7,78.0,69.1866666666667,13.4,46.2,84.7625,33.8333333333333,34.95,343.0,155.5,34.5041666666667,45.8666666666667,239.5,9.49,35.45,27.9954545454545,66.30625,163.5,88.1,30.95,15.05,26.1087719298246,53.3888888888889,242.714285714286,341.5,44.15,75.0,62.6714285714286,51.625,28.6,355.0,441.0,133.0,46.3,12.2,166.083333333333,27.1196428571429,17.3,78.9923076923077,22.05,35.0833333333333,10.7,102.739130434783,6.6,7.52,15.2,43.5802197802198,6.89,17.05,68.625,25.7,266.0,60.0,8.17,38.35,24.6,78.9,67.9616504854369,24.5,73.7,199.0,3.79,8.99916666666667,92.28,158.0,54.8,18.65,82.7,431.0,192.5,7.76,141.5,62.6833333333333,17.4,51.4666666666667,10.65,14.7222222222222,16.5,,200.0,18.05,27.3,10.85,29.4791666666667,8.98,12.2,20.8,17.25,42.3038461538462,46.65,8.8,19.55,16.75,24.515625,14.4007142857143,10.1590909090909,14.5,19.7060975609756,17.95,204.0,78.85,1170.0,28.95,119.5,51.5,96.2,95.0,24.4578125,89.6,72.8,10.45,28.6,171.238095238095,15.5,33.19,25.9,63.5,27.521875,36.75,,72.8,152.5,50.6,80.6,16.25,10.4520833333333,109.0625,44.05,94.3,75.6,,,230.0,,,80.7,,,44.4396551724138,69.5846153846154,215.5,74.75,199.5,46.05,36.05,78.0,58.5
45.7,38.15,52.908024691358,89.7333333333333,78.1,69.2,13.4,46.3,84.775,33.8361111111111,34.95,342.5,155.5,34.5294117647059,45.8946428571429,239.0,9.49666666666667,35.45,27.9954545454545,66.4,163.5,88.0,30.95,15.1,26.1374100719424,53.3888888888889,242.55,341.166666666667,44.1875,75.0238095238095,62.6714285714286,51.7,28.5037037037037,355.0,441.0,133.0,46.3,12.2,166.0,27.1465517241379,17.3,78.9764705882353,22.05,35.0583333333333,10.7,103.0,6.6,7.52,15.2,43.5802197802198,6.89,17.0611111111111,68.6,25.71,266.375,60.0,8.18,38.35,24.6,78.9,67.91,24.55,73.74,199.0,3.79,8.99,92.25,157.833333333333,54.8,18.65,82.7,431.5,192.291666666667,7.77,141.0,62.6833333333333,17.4,51.4666666666667,10.65,14.75,16.4541666666667,,200.0,18.0,27.3,10.85,29.4459558823529,8.97,12.2,20.8,17.25,42.3441666666667,46.7,8.8,19.55,16.7203703703704,24.5,14.40625,10.15,14.5,19.7272727272727,17.95,204.0,78.78,1170.0,28.95,119.5,51.4,96.2,95.0,24.45,89.6,72.8666666666667,10.45,28.6,171.5,15.55,33.2,25.9,63.5,27.5357142857143,36.775,,72.8,152.5,50.55,80.6,16.2785714285714,10.41,109.166666666667,44.0,94.225,75.5714285714286,,,230.0,,,80.6,,,44.3792207792208,69.6714285714286,215.5,74.8,199.0,46.0642857142857,36.0,77.9,58.5
45.684375,38.15,52.9,89.8,78.0857142857143,69.2,13.4068965517241,46.2625,84.7833333333333,33.7988888888889,34.9428571428571,343.0,155.5,34.4847222222222,45.9151515151515,239.0,9.49285714285715,35.45,28.0,66.3411764705883,163.5,88.0066666666667,30.95,15.05,26.15,53.3888888888889,242.5,341.875,44.2,75.0045454545455,62.6714285714286,51.6454545454545,28.5,355.0,441.0,133.0,46.3,12.2,166.0,27.1666666666667,17.3,78.9028571428571,22.05,35.05,10.7,103.0,6.6,7.52,15.2,43.55,6.89,17.0794117647059,68.6,25.7017543859649,266.4,59.95,8.18,38.35,24.55,79.0,67.9745762711864,24.55,73.74,199.0,3.79,8.99615384615385,92.29,157.5,54.8,18.6166666666667,82.7,431.0,192.0,7.77,141.166666666667,62.6,17.45,51.4666666666667,10.65,14.7,16.45,,200.0,18.0,27.25,10.85,29.4109375,8.97,12.2,20.8,17.25,42.3115384615385,46.6966666666667,8.81,19.5544303797468,16.7470149253731,24.5037037037037,14.4,10.1666666666667,14.5,19.715,17.95,203.5,78.8,1170.0,28.95,119.5,51.4,96.2,95.0,24.4492481203008,89.6,72.8666666666667,10.45,28.6,171.071428571429,15.55,33.2,25.9,63.4,27.5023809523809,36.7833333333333,,72.8,152.5,50.55,80.6076923076923,16.3,10.4,109.166666666667,44.0,94.2,75.5,,,230.0,,,80.6,,,44.3,69.61,215.5,74.8,199.0,46.05,36.0,77.9,58.5
45.7,38.15,52.9,89.8,78.05,69.1928571428572,13.4,46.34,84.85,33.75,34.9,343.0,155.0,34.4875,45.9,239.0,9.49,35.45,27.95,66.3954545454545,163.5,88.0,30.95,15.05,26.15,53.3,242.357142857143,342.142857142857,44.1583333333333,75.0875,62.7,51.6,28.5,355.0,441.0,133.0,46.3,12.2,166.4,27.162676056338,17.3,78.9396551724138,22.05,35.05,10.7,102.875,6.6,7.53,15.2,43.55,6.89,17.0884615384615,68.6,25.7,266.214285714286,60.0,8.18,38.35,24.55,79.1,67.9,24.55,73.725,199.0,3.79,8.99,92.3,157.288461538462,54.8,18.6,82.7,431.4,192.0,7.77,141.142857142857,62.6,17.4,51.4,10.65,14.7,16.5,,200.0,18.0454545454545,27.2916666666667,10.85,29.4109375,8.975,12.2,20.8,17.25,42.3,46.6801587301587,8.8,19.55,16.75,24.5,14.4025,10.2,14.5,19.7,17.95,204.0,78.8,1170.0,29.0,119.5,51.4,96.2,94.9,24.4307692307692,89.52,72.8666666666667,10.45,28.6,171.25,15.5,33.15,25.9,63.4,27.4833333333333,36.7515151515152,,72.8,152.5,50.55,80.6,16.2615384615385,10.45,109.0,44.0,94.1705882352941,75.5,,,230.0,,,80.6,,,44.255,69.4,215.5,74.8,199.0,46.05,36.0,77.9,58.5
45.7,38.1,52.8125,89.8,78.0857142857143,69.19,13.45,46.25,84.8090909090909,33.75,34.85,342.5,155.333333333333,34.3814606741573,45.8944444444445,239.9375,9.5,35.45,28.0,66.3795918367347,163.5,88.0,30.95,15.05,26.15,53.3,242.5,342.25,44.2,75.0,62.6,51.55,28.45,355.0,441.0,133.0,46.25,12.2,166.392857142857,27.17,17.25,78.9851063829787,22.025,35.0988505747126,10.66,103.0,6.6,7.53,15.2,43.5,6.89,17.05,68.6,25.7,266.0,60.0,8.18,38.35,24.5925,79.0625,67.848,24.55,73.8,199.0,3.79,8.99,92.2666666666667,157.0,54.8,18.6297619047619,82.7,431.0,192.0,7.77,141.25,62.6,17.45,51.4,10.6454545454545,14.7416666666667,16.5,,200.0,18.05,27.225,10.85,29.404381443299,8.975,12.1958333333333,20.8,17.25,42.3481481481482,46.6974358974359,8.80974358974359,19.55,16.75,24.5121739130435,14.414,10.1625,14.5470588235294,19.74625,17.9794520547945,203.9,78.9,1170.0,29.0,119.416666666667,51.4,96.2,94.9833333333333,24.4,89.52,72.8666666666667,10.45,28.6,171.0,15.5333333333333,33.2,25.9,63.425,27.4450980392157,36.75,,72.8,152.5,50.5333333333333,80.6,16.28,10.4,109.5,43.9916666666667,94.1,75.4583333333333,,,229.5,,,80.6,,,44.2299242424242,69.5,215.5,74.8,199.0,46.05,36.0130434782609,77.9,58.5214285714286
45.6996932515337,38.1333333333333,52.8,89.75,78.0222222222222,69.2,13.4071428571429,46.25,84.8714285714286,33.7,34.8785714285714,343.0,155.0,34.2990384615385,45.8375,240.0,9.49,35.45,28.0,66.4,163.5,88.1,30.95,15.05,26.15,53.3,242.5,342.5,44.1583333333333,74.9277777777778,62.6,51.5888888888889,28.45,355.0,443.0,133.0,46.25,12.2,166.0,27.2,17.25,79.0,22.05,35.0705882352941,10.66,103.0,6.61,7.52,15.2,43.5,6.89,17.06,68.6,25.7,266.166666666667,59.9666666666667,8.17909090909091,38.35,24.6,79.0085714285714,67.87,24.55,73.8,198.666666666667,3.79,8.99,92.25,157.125,54.72,18.65,82.7,431.25,192.142857142857,7.77,141.04347826087,62.6,17.440625,51.4,10.6454545454545,14.7,16.5,,200.0,18.0,27.25,10.85,29.4245454545454,8.98,12.2,20.8,17.248275862069,42.3307692307692,46.6739130434783,8.8,19.55,16.75,24.5480769230769,14.4035294117647,10.16875,14.5,19.75,17.9714285714286,204.0,78.9,1170.0,29.0,119.3,51.4,96.1666666666667,95.0,24.4115384615385,89.52,72.7,10.45,28.6,171.0,15.55,33.2,25.9,63.425,27.4,36.75,,72.82,152.5,50.5333333333333,80.6,16.3,10.44,109.5,43.98125,94.2,75.4285714285714,,,229.5,,,80.6,,,44.1129770992366,69.4555555555556,215.5,74.8,199.0,46.05,36.0,77.9,58.5
45.7,38.15,52.8,89.75,78.0785714285714,69.2,13.45,46.2,84.8888888888889,33.7,34.8785714285714,343.0,155.0,34.2263636363636,45.82,240.0,9.49,35.45,28.0,66.3025641025641,163.5,88.0666666666667,30.95,15.05,26.166,53.3666666666667,242.75,342.5,44.2,75.0535714285714,62.7,51.5014492753623,28.4875,355.0,443.0,133.0,46.25,12.2,166.2,27.1642857142857,17.25,78.9909090909091,22.05,35.09,10.6833333333333,103.0,6.61,7.52,15.2,43.5,6.89,17.0583333333333,68.6,25.6466911764706,266.136363636364,59.9,8.18,38.35,24.6,78.91,67.87,24.55,73.724,198.666666666667,3.79,8.98492647058823,92.3,157.5,54.8,18.65,82.7,431.2,192.285714285714,7.77,141.5,62.6,17.44,51.4,10.65,14.7833333333333,16.5,,200.0,18.0,27.25,10.85,29.4,8.98,12.2,20.8,17.248275862069,42.3125,46.7,8.8044,19.5547619047619,16.75,24.55,14.4,10.1722222222222,14.5083333333333,19.730303030303,17.95,204.0,78.9,1170.0,28.9833333333333,119.133333333333,51.4,96.1,95.0,24.4010416666667,89.6,72.7,10.45,28.6,171.0,15.55,33.15,25.9,63.4,27.3948275862069,36.75,,72.8733333333333,152.5,50.525,80.6,16.3,10.4222222222222,109.0,43.95,94.2,75.5454545454545,,,229.5,,,80.6,,,44.0144230769231,69.5666666666667,215.5,74.7666666666667,199.0,46.05,36.0,77.9,58.5
45.68,38.1083333333333,52.8,89.7,78.05,69.2,13.4,46.2,84.8333333333333,33.7555555555556,34.95,343.0,155.0,34.2727272727273,45.8125,240.0,9.49,35.45,28.0,66.3318181818182,163.5,88.0,30.95,15.1,26.1885245901639,53.3666666666667,243.0,342.5,44.1833333333333,75.0714285714286,62.7,51.5421686746988,28.45,355.0,443.0,133.0,46.3,12.2103448275862,166.333333333333,27.1983870967742,17.2388888888889,79.0,22.05,35.0636363636364,10.7,103.040456431535,6.6188679245283,7.52,15.2,43.5,6.89,17.0966666666667,68.7,25.6,266.0,59.9333333333333,8.18,38.35,24.65,78.9,67.87,24.55,73.6,198.0,3.79,8.98911111111111,92.2714285714286,157.75,54.8,18.65,82.7,431.489361702128,192.5,7.77,141.5,62.7,17.45,51.4,10.65,14.7,16.5,,200.0,18.0,27.25,10.85,29.4,8.97,12.2,20.85,17.25,42.35,46.6983870967742,8.80021097046414,19.5514492753623,16.75,24.5,14.4,10.1635273972603,14.5107142857143,19.7166666666667,17.95,204.0,78.8666666666667,1170.0,28.9833333333333,119.0,51.4,96.1,95.0,24.4071428571429,89.6,72.7,10.45,28.6,171.5,15.55,33.2,25.9,63.4,27.3948275862069,36.75,,72.8933333333333,152.5,50.5,80.5,16.3,10.4192307692308,109.12962962963,43.95,94.2,75.6,,,229.5,,,80.6,,,43.9755434782609,69.54,215.5,74.7,199.0,46.0,35.9222222222222,77.9,58.6
45.7,38.1,52.8,89.7,78.06,69.2148936170213,13.45,46.28,84.9,33.7,34.85,343.0,155.0,34.3261538461538,45.75,240.785714285714,9.47077419354839,35.45,27.95,66.3685714285714,163.5,88.0,30.9833333333333,15.05,26.1935483870968,53.4,243.411764705882,342.5,44.1833333333333,75.0833333333333,62.7,51.6272727272727,28.45,355.0,442.0,132.7,46.3,12.206,166.25,27.15625,17.25,79.0,22.05,35.05,10.7,103.444444444444,6.604,7.52647058823529,15.2,43.5,6.89,17.05,68.7,25.6,266.0,59.9333333333333,8.18,38.4,24.6,78.95,67.7642857142857,24.55,73.6,198.0,3.79,8.98794871794872,92.3,158.0,54.7,18.6,82.7,431.923076923077,192.055555555556,7.77,141.5,62.6333333333333,17.45,51.4,10.65,14.75,16.5,,200.0,18.0,27.25,10.85,29.4,8.98,12.2,20.85,17.25,42.3070833333333,46.7,8.8,19.5566666666667,16.75,24.5321428571429,14.4,10.2,14.5,19.7291666666667,17.95,204.0,78.8,1175.0,28.95,119.291666666667,51.4,96.1,95.1,24.4,89.6,72.7,10.4913223140496,28.6,171.5,15.55,33.2,25.95,63.4,27.4428571428571,36.72,,72.9,152.423076923077,50.6,80.5,16.3,10.45,109.277777777778,43.9666666666667,94.2,75.6,,,229.5,,,80.6,,,43.9637096774193,69.6,215.5,74.7666666666667,199.0,46.0,35.9,77.9,58.6
45.7421052631579,38.1,52.8,89.7,78.1,69.2823529411765,13.4045454545455,46.2,84.9,33.7,34.8875,343.0,155.0,34.4,45.75625,240.75,9.4652380952381,35.45,27.95,66.4,163.5,88.0,30.95,15.05,26.1741666666667,53.3666666666667,243.98,342.0,44.2038461538462,75.0666666666667,62.7,51.6,28.475,355.0,442.0,132.5,46.3,12.2,166.35,27.1953488372093,17.25,79.0777777777778,22.05,35.055,10.7,103.0,6.61,7.51975609756097,15.15,43.45,6.89,17.1,68.6,25.6,265.590909090909,60.0,8.18,38.4,24.6,78.925,67.8444444444445,24.55,73.6,198.0,3.75,8.99,92.3,157.666666666667,54.7,18.6045454545455,82.7,432.0,192.0,7.77,141.159090909091,62.7,17.45,51.4,10.65,14.75,16.5,,200.0,18.0,27.2848484848485,10.85,29.4,8.97833333333333,12.2,20.85,17.25,42.3222222222222,46.7,8.8,19.575,16.8,24.5055555555556,14.4,10.1777777777778,14.521875,19.725,17.95,204.0,78.8333333333333,1170.0,29.0,119.5,51.4,96.1,95.0,24.4,89.6,72.7,10.45,28.6,171.166666666667,15.5,33.2,25.95,63.4076923076923,27.4,36.7045454545455,,72.9,152.423076923077,50.6,80.5,16.2642857142857,10.45,109.5,43.9515151515152,94.25,75.6,,,229.5,,,80.6,,,43.986,69.6222222222222,215.5,74.7666666666667,199.0,46.0,35.85,77.9,58.5
45.7,38.125,52.8,89.75,78.1133333333333,69.2333333333333,13.4,46.2,84.9,33.7,34.975,342.5,155.0,34.4067567567568,45.724,240.333333333333,9.47,35.45,27.95,66.3857142857143,163.5,88.1,30.95,15.05,26.1784946236559,53.3666666666667,244.360655737705,342.5,44.2038461538462,75.0,62.7,51.6,28.4964285714286,355.0,442.7,132.5,46.3,12.2161764705882,166.392857142857,27.1818181818182,17.2966666666667,79.05,22.0166666666667,35.05,10.7,103.108695652174,6.62,7.51714285714286,15.15,43.4,6.89,17.0666666666667,68.6,25.5603448275862,265.75,60.0,8.18130434782609,38.3954545454545,24.6,78.9,67.85,24.55,73.6,198.0,3.75,8.99,92.2916666666667,157.5,54.7076923076923,18.6,82.6,432.266666666667,192.045454545455,7.77,141.125,62.7,17.45,51.4,10.65,14.75,16.5,,200.0,18.0,27.3,10.85,29.4,8.97,12.2,20.85,17.25,42.305,46.7,8.80113636363636,19.58,16.790625,24.55,14.4272727272727,10.1777777777778,14.5,19.75,17.95,203.875,78.8,1175.0,29.0,119.470588235294,51.5,96.1,95.0,24.425,89.5333333333333,72.7,10.45,28.6,171.5,15.5,33.2,25.9,63.5,27.4,36.725,,72.9,152.423076923077,50.6,80.6,16.3,10.425,109.25,43.9875,94.25,75.7,,,229.5,,,80.6,,,44.0,69.7,215.5,74.7666666666667,199.0,46.0,35.85,77.9,58.4544554455445
45.75,38.12,52.8,89.75,78.14,69.22,13.4,46.2,84.9,33.7,34.8928571428571,343.0,155.25,34.4227272727273,45.65,240.333333333333,9.48970588235294,35.475,27.95,66.3375,163.5,88.1,30.95,15.0454301075269,26.1987804878049,53.5,244.5,342.375,44.1,75.0625,62.8,51.6,28.55,355.25,443.0,132.5,46.3,12.2,166.285714285714,27.1818181818182,17.2966666666667,79.1,22.05,35.05,10.7,103.352272727273,6.61,7.51,15.15,43.4,6.89,17.05,68.6,25.5823529411765,265.5,60.0,8.18,38.4,24.6,78.8727272727273,67.9,24.55,73.7,198.0,3.75,8.98644628099174,92.225,157.75,54.7,18.6071428571429,82.6,432.363636363636,192.0,7.77,141.3125,62.6,17.45,51.4,10.65,14.75,16.5,,200.0,17.95375,27.3,10.85,29.4,8.97,12.2,20.85,17.2,42.33125,46.7,8.80125,19.5777777777778,16.7791666666667,24.525,14.4,10.1655555555556,14.55,19.730612244898,17.95,203.615384615385,78.9,1175.0,29.0,119.4,51.5,96.1,95.0,24.409649122807,89.55,72.7,10.4432457786116,28.6,171.5,15.55,33.2,25.9,63.5,27.4,36.75,,72.9,152.5,50.6,80.52,16.3,10.425,109.071428571429,43.925,94.3,75.675,,,229.5,,,80.5666666666667,,,44.0,69.7,215.25,74.7666666666667,199.0,46.0,35.85,77.9,58.3058823529412
45.75,38.12,52.875,89.75,78.2,69.2933333333333,13.4166666666667,46.2,84.8666666666667,33.7,35.0,342.5,155.25,34.45,45.65,239.0,9.49,35.475,27.95,66.4,163.5,88.0666666666667,31.0,15.0,26.1755952380952,53.5,244.0,341.5,44.3,74.9037037037037,62.8,51.7,28.5,355.5,443.0,132.5,46.3,12.2040540540541,166.428571428571,27.1515151515151,17.25,79.063829787234,22.05,35.0705882352941,10.7,103.318181818182,6.61918918918919,7.5175,15.15,43.45,6.89,17.05,68.7,25.6,266.0,59.925,8.18947368421052,38.4,24.6,78.9142857142857,67.8,24.55,73.7,198.0,3.75,8.99178571428571,92.275,158.0,54.65,18.6071428571429,82.6,432.392857142857,192.0,7.77,141.5,62.6,17.45,51.4,10.6444444444444,14.75,16.5,,200.0,18.0,27.2166666666667,10.85,29.4361111111111,8.97,12.2,20.85,17.2,42.3166666666667,46.7,8.79928571428571,19.6,16.7647058823529,24.5108695652174,14.4,10.1730769230769,14.5,19.7378048780488,17.95,203.615384615385,78.9,1174.83333333333,29.0,119.5,51.4571428571429,96.1,95.0,24.4038461538462,89.58,72.7,10.4456896551724,28.6,171.5,15.55,33.2,25.9,63.4294117647059,27.45,36.75,,72.9,152.5,50.6,80.57,16.3,10.4071428571429,109.5,43.9,94.2954545454546,75.7333333333333,,,229.5,,,80.6,,,44.0170731707317,69.73,215.0,74.7,199.0,46.0,35.85,77.9,58.4
45.75,38.15,52.8,89.75,78.1,69.25,13.45,46.3090909090909,84.8857142857143,33.7,34.9948275862069,343.0,155.0,34.45,45.7,238.166666666667,9.49,35.475,27.95,66.3473684210526,163.5,88.0,30.95,15.0,26.1630434782609,53.4333333333333,244.0,342.5,44.15,74.9,62.7666666666667,51.6875,28.5,355.5,443.0,132.5,46.25,12.2,166.0,27.1771739130435,17.3,79.05,22.05,35.05,10.7,103.052631578947,6.62,7.52,15.2,43.497619047619,6.89,17.0772727272727,68.7,25.6,265.785714285714,60.0,8.18836065573771,38.35,24.6,79.0,67.7,24.55,73.7,198.0,3.75,8.9925,92.2,158.0,54.8,18.6,82.6,432.5,192.375,7.77,141.5,62.6,17.4375,51.4,10.65,14.75,16.5,,200.0,17.996875,27.3,10.85,29.4,8.97,12.2,20.85,17.25,42.3493902439024,46.7,8.8,19.5935897435897,16.7963636363636,24.55,14.4,10.2,14.5465517241379,19.745785440613,17.984375,204.0,78.9,1175.0,29.0,119.9,51.5,96.1,95.0,24.4482456140351,89.7,72.7,10.4477611940299,28.6,171.5,15.5285714285714,33.1576923076923,25.9,63.4294117647059,27.41875,36.75,,72.9,152.5,50.6,80.4627450980392,16.3,10.45,109.5,43.9,94.4111111111111,75.6166666666667,,,229.5,,,80.6,,,44.187323943662,69.8,215.0,74.7,199.0,46.0,35.85,77.9,58.4
45.75,38.15,52.8,89.7,78.1,69.3,13.43,46.2,84.85,33.7941176470588,34.9285714285714,342.666666666667,155.0,34.4051282051282,45.66,238.583333333333,9.49,35.5,27.95,66.4,163.5,88.05,30.95,15.0,26.1981481481481,53.4333333333333,244.0,343.0,44.25,74.8333333333333,62.8,51.7,28.5,355.5,443.0,132.5,46.2225,12.2057142857143,166.40625,27.1515384615385,17.3,79.0872340425532,22.05,35.0880952380952,10.7,103.036585365854,6.6125,7.515,15.2,43.494,6.89,17.1,68.6,25.55,266.0,59.95,8.19,38.4,24.6,79.0,67.7657142857143,24.55,73.7,198.0,3.75,8.99,92.3,158.0,54.7,18.6,82.7,432.518518518519,192.5,7.77,141.105263157895,62.7,17.45,51.5,10.6541666666667,14.75,16.5,,200.0,17.95,27.2,10.85,29.4,8.97,12.2,20.8,17.25,42.3510330578512,46.7,8.8,19.5772727272727,16.8,24.5214285714286,14.45,10.2,14.5127659574468,19.7259259259259,17.95,204.0,78.9,1173.33333333333,29.0,119.75,51.5428571428571,96.1,95.02,24.45,89.65,72.7,10.4029411764706,28.6,171.5,15.55,33.2,25.9357142857143,63.4277777777778,27.45,36.75,,72.8714285714286,152.5,50.6,80.5,16.35,10.45,109.5,43.9,94.4,75.6166666666667,,,229.5,,,80.6,,,44.2083333333333,69.8,215.0,74.7,199.0,46.0,35.85,77.9,58.3444444444445
45.75,38.1125,52.89,89.7,78.15,69.2923076923077,13.4,46.2,84.82,33.8108108108108,34.975,342.5,155.5,34.4106382978723,45.7961538461538,239.333333333333,9.489375,35.5,27.9958333333333,66.3133333333333,163.0,88.0,31.0,15.0,26.1953333333333,53.5,244.0,342.5,44.15,74.8666666666667,62.8,51.6375,28.4833333333333,355.0,443.0,132.5,46.2,12.2,166.1,27.15,17.25,79.0694444444444,22.0222222222222,35.05,10.6852941176471,103.0,6.61277777777778,7.52,15.2,43.5,6.89,17.05,68.64,25.55,265.75,59.95,8.19,38.4,24.6,79.0,67.7565217391304,24.55,73.7,198.166666666667,3.75,8.99,92.3,158.0,54.7714285714286,18.65,82.7,432.681818181818,192.416666666667,7.77,141.214285714286,62.625,17.4,51.4,10.65,14.75,16.5,,200.0,18.0,27.2428571428571,10.85,29.4,8.97,12.15,20.8,17.3,42.39375,46.7,8.80422222222222,19.5840425531915,16.793137254902,24.5088541666667,14.40375,10.1833333333333,14.5,19.7214285714286,17.990350877193,204.0,78.9,1175.18518518519,29.0,119.7,51.6,96.2,94.925,24.4364197530864,89.7,72.7,10.4205882352941,28.6,171.0,15.55,33.18,25.95,63.5,27.45,36.714,,72.8928571428571,152.5,50.5454545454545,80.4405405405405,16.3,10.4058823529412,109.5,43.9,94.4111111111111,75.6,,,230.0,,,80.6,,,44.3015625,69.9,215.0,74.8,199.5,46.0,35.85,78.0,58.5
45.7769938650307,38.15,52.8,89.7,78.08125,69.2888888888889,13.4166666666667,46.2,84.88125,33.8433333333333,34.975,343.0,155.0,34.4,45.7,239.0,9.48,35.475,28.0,66.3,163.0,87.9,30.95,15.0,26.1833333333333,53.6,243.9,342.5,44.1875,74.9,62.8,51.6,28.5,355.0,443.5,132.5,46.2,12.2068421052632,166.428571428571,27.15,17.2504545454545,79.1,22.0085714285714,35.0852941176471,10.7,103.216666666667,6.62,7.52,15.2,43.5,6.89,17.05,68.7,25.5503378378378,265.944444444444,60.0,8.18,38.4,24.6,79.1,67.8,24.55,73.7,198.5,3.75,9.0,92.3,158.0,54.7,18.65,82.7,432.785714285714,192.388888888889,7.77,141.1,62.6,17.4454545454545,51.4,10.65,14.8,16.5,,200.0,17.95,27.2428571428571,10.85,29.4,8.97,12.15,20.8,17.25,42.375,46.7,8.79166666666667,19.5555555555556,16.7821428571429,24.5293103448276,14.4,10.17,14.5,19.725,17.9777777777778,204.0,78.9,1179.28571428571,28.95,119.615384615385,51.6,96.1,95.0,24.45,89.7,72.7,10.4459016393443,28.6,171.333333333333,15.55,33.1944444444444,25.925,63.5,27.48125,36.75,,72.9,152.5,50.5454545454545,80.425,16.3,10.4,109.5,43.9,94.4,75.6,,,230.0,,,80.6,,,44.3767857142857,69.7625,215.0,74.8,199.375,46.0,35.85,78.0,58.3571428571428
45.8689189189189,38.15,52.8,89.7444444444444,78.0666666666667,69.2923076923077,13.4166666666667,46.1875,84.8,33.8,34.96875,343.071428571429,155.5,34.43,45.7208333333333,239.5,9.48,35.45,28.0,66.3068965517241,163.0,88.0,30.95,15.0,26.1532051282051,53.6,244.0,342.5,44.1875,74.8055555555556,62.8,51.7,28.45,355.0,443.5,132.5,46.2,12.2024590163934,166.5,27.1526315789474,17.25,79.0962962962963,22.0333333333333,35.0636363636364,10.7,103.5,6.62,7.52,15.2,43.5,6.89,17.05,68.6,25.5560344827586,265.85,60.0,8.18,38.4,24.6,79.1,67.7666666666667,24.55,73.7,198.5,3.75,8.99126582278481,92.2833333333334,158.0,54.716393442623,18.665625,82.6666666666667,432.5,192.5,7.77,141.0,62.65,17.4166666666667,51.4,10.66,14.8,16.5,,200.0,18.0,27.2,10.85,29.4269230769231,8.97166666666667,12.15,20.8,17.25,42.3545454545455,46.7,8.79,19.5566666666667,16.75,24.5476744186047,14.4,10.1971428571429,14.5,19.7327586206897,17.9846153846154,204.0,78.9,1180.0,28.95,119.5,51.7,96.1,95.0,24.45,89.7,72.7,10.4473958333333,28.6,171.0,15.55,33.1975,25.9,63.5,27.4921052631579,36.75,,72.9,152.5,50.5454545454545,80.475,16.3362068965517,10.4464285714286,109.166666666667,43.9,94.4,75.7,,,230.0,,,80.6,,,44.4404761904762,69.8615384615385,215.0,74.8,199.375,46.0,35.85,77.9,58.4
45.856914893617,38.15,52.9,89.8,78.0222222222222,69.3,13.4,46.3,84.8,33.825,34.9714285714286,343.5,155.5,34.4,45.7125,239.5,9.48,35.5,28.0,66.3,163.0,88.0,30.95,15.0,26.1923728813559,53.6,244.0,342.5,44.2,74.8714285714286,62.8,51.6,28.4833333333333,354.666666666667,444.0,132.5,46.2,12.2057692307692,166.25,27.15,17.25,79.0257142857143,22.0318181818182,35.05,10.65,103.0,6.61,7.52,15.2,43.5,6.89,17.05,68.6333333333333,25.5803571428571,266.053571428571,60.0,8.18,38.4,24.55,79.1,67.7,24.55,73.7,198.5,3.75,8.99,92.3,158.0,54.8,18.6,82.7,432.308510638298,192.5,7.76,141.178571428571,62.6,17.45,51.3,10.66,14.8,16.5,,200.0,18.0,27.2,10.8036363636364,29.4,8.97095238095238,12.15,20.8,17.2763157894737,42.35,46.7,8.79,19.5633333333333,16.7705882352941,24.55,14.4,10.1725,14.5,19.75,17.9522099447514,204.0,78.9,1184.46428571429,28.95,119.5,51.7,96.1,95.0,24.45,89.7,72.7,10.4185185185185,28.75,171.5,15.55,33.2,25.9,63.5,27.45,36.75,,72.9,152.5,50.6,80.4444444444444,16.3362068965517,10.45,109.166666666667,43.95,94.375,75.6,,,230.0,,,80.4,,,44.45,69.9,215.0,74.7,199.375,46.01,35.85,77.8,58.3
45.85,38.15,52.8625,89.7,78.0545454545454,69.3,13.4269230769231,46.2636363636364,84.6333333333333,33.8375,34.8944444444445,343.5,155.5,34.4166666666667,45.74375,240.0,9.48,35.5,27.95,66.3,163.0,88.0,31.0,15.0,26.1811320754717,53.3,244.0,342.125,44.2375,74.9204081632653,62.8,51.6,28.475,354.666666666667,443.833333333333,132.5,46.2,12.2,166.461538461538,27.15,17.2333333333333,79.1,22.0083333333333,35.0615384615385,10.65,103.0,6.61,7.52,15.2,43.5,6.89,17.0625,68.65,25.5527777777778,266.333333333333,60.0,8.19,38.4,24.65,79.1,67.7714285714286,24.55,73.8,198.5,3.75,8.99379310344828,92.2391304347826,158.0,54.8,18.6,82.7,432.2,192.333333333333,7.76,141.0,62.6,17.45,51.3,10.66,14.8,16.5,,200.0,18.0,27.25,10.8125,29.4275,8.97,12.15,20.8,17.2928571428571,42.3729166666667,46.7,8.78264248704663,19.5534482758621,16.7804054054054,24.55,14.4058823529412,10.1760869565217,14.5,19.75,17.9629032258064,203.5,78.8,1185.0,28.95,119.7,51.7882352941176,96.1,95.0,24.4142857142857,89.6,72.7,10.45,28.75,171.5,15.5428571428571,33.2,25.9,63.4555555555556,27.4520833333333,36.7375,,72.9,152.5,50.6,80.5,16.3,10.45,109.142857142857,43.98,94.472,75.6,,,230.0,,,80.5,,,44.45,69.92,215.0,74.7,199.375,46.0,35.85,77.8,58.3695652173913
45.85,38.15,52.9,89.7,78.08,69.2625,13.45,46.1636363636364,84.6,33.8318181818182,34.88,343.5,155.0,34.3609756097561,45.75,239.5,9.48,35.5,27.95,66.3178571428572,163.0,88.0,31.0,15.0,26.1767857142857,53.3,244.0,342.125,44.2375,75.1,62.8,51.6181818181818,28.49,354.666666666667,444.0,132.5,46.2451612903226,12.2,166.1,27.1131578947369,17.25,79.0146853146853,22.0333333333333,35.0930769230769,10.7,103.0,6.62,7.51,15.2,43.55,6.89,17.0638888888889,68.6142857142857,25.55,266.5,60.0,8.19,38.45,24.6,79.1,67.78,24.55,73.78,198.5,3.75,8.99714285714286,92.3,158.0,54.8,18.65,82.7,432.5,192.5,7.76,141.375,62.6,17.45,51.3,10.66,14.8,16.5,,200.0,17.95,27.25,10.85,29.4,8.97,12.15,20.8,17.25,42.3882352941176,46.7363636363636,8.78,19.5514925373134,16.7516891891892,24.55,14.4,10.1640350877193,14.5,19.75,17.9625,203.5,78.825,1185.0,28.95,119.55,51.8666666666667,96.1,95.0666666666667,24.4,89.5,72.7,10.4146666666667,28.75,171.5,15.55,33.2119047619048,25.8508771929824,63.4,27.4941176470588,36.75,,72.95,152.5,50.6,80.4181818181818,16.3,10.4321428571429,109.5,43.95,94.5,75.6,,,230.0,,,80.45,,,44.4198275862069,69.8833333333333,215.0,74.7,199.375,46.0,35.8166666666667,77.8,58.4
45.805,38.15,52.9,89.7,78.0818181818182,69.25,13.45,46.1,84.6444444444445,33.8,35.0,343.5,155.0,34.3861111111111,45.725,239.5,9.48,35.5,27.95,66.3,163.0,88.0,30.95,15.0,26.1693333333333,53.6,244.0,342.125,44.25,75.0,62.8,51.6066666666667,28.5,354.666666666667,444.0,132.5,46.3,12.2,166.5,27.1545454545454,17.25,79.0135135135135,22.0272727272727,35.05,10.6596774193548,103.0,6.62,7.50768518518518,15.2,43.55,6.89,17.0558823529412,68.62,25.55,266.5,60.0,8.19,38.45,24.6,79.0051282051282,67.8,24.55,73.7,198.5,3.75,8.99714285714286,92.3,158.0,54.8,18.65,82.7,432.022727272727,192.833333333333,7.76,141.375,62.6,17.45,51.3,10.66,14.8,16.5,,200.0,17.95,27.2,10.8352941176471,29.4,8.97,12.2,20.8,17.25,42.359375,46.7,8.78,19.5578947368421,16.778,24.55,14.3890243902439,10.1622641509434,14.5,19.75,17.9555555555556,204.0,78.8,1180.0,28.95,119.5,51.9105263157895,96.1,95.0,24.45,89.4,72.7,10.4198473282443,28.75,171.066666666667,15.55,33.25,25.875,63.4,27.45,36.75,,72.9,152.5,50.6,80.46,16.35,10.45,109.0,43.95,94.6,75.6,,,230.0,,,80.45,,,44.3303571428572,69.7928571428571,215.166666666667,74.7,199.375,46.0,35.8166666666667,77.875,58.39
45.8,38.1,52.9,89.7,78.0666666666667,69.3,13.4778350515464,46.1714285714286,84.6666666666667,33.8125,34.9375,343.5,155.0,34.3738095238095,45.75,239.5,9.48,35.5,27.95,66.2,163.0,88.14,31.0,15.0,26.1887931034483,53.6,244.0,342.0,44.1875,75.0,62.8666666666667,51.6064516129032,28.5,354.666666666667,444.5,132.5,46.3,12.2057692307692,166.125,27.15,17.25,79.0,22.05,35.055,10.6988095238095,103.0,6.62,7.5,15.2,43.5333333333333,6.89,17.0583333333333,68.6,25.555,266.5,60.0,8.19,38.45,24.5583333333333,79.0,67.8,24.55,73.7,198.5,3.75,8.99066666666667,92.2909090909091,158.0,54.8,18.7,82.7,432.416666666667,192.5,7.76,141.5,62.7,17.45,51.3,10.65,14.8,16.5,,200.0,17.9515625,27.2,10.85,29.4088235294118,8.97,12.2,20.8,17.25,42.35,46.75,8.78135483870968,19.55,16.7537037037037,24.55,14.4,10.1622641509434,14.5,19.75,17.95,204.0,78.7,1185.0,28.95,119.583333333333,51.9846153846154,96.1,95.0,24.45,89.4,72.7,10.4,28.75,171.0,15.55,33.225,25.85,63.4,27.45,36.75,,72.9125,152.5,50.6,80.4,16.35,10.45,109.5,43.95,94.55,75.7,,,230.0,,,80.525,,,44.2772727272727,69.7666666666667,215.0,74.7,199.375,46.0,35.85,77.9,58.3
45.8,38.15,52.9071428571429,89.75,78.02,69.3,13.4978571428571,46.3,84.6,33.8,34.9,343.5,155.0,34.3807692307692,45.7166666666667,239.5,9.49,35.55,27.9,66.2,163.0,87.9181818181818,30.9833333333333,15.0,26.2,53.6,244.0,341.5,44.1875,75.0833333333333,62.7,51.608,28.475,354.0,444.5,132.5,46.25,12.2015151515152,166.25,27.14,17.25,79.1,22.05,35.05,10.65,103.0,6.62,7.5,15.15,43.5,6.89,17.05,68.6,25.55,266.729411764706,60.0,8.18,38.5,24.5583333333333,79.1,67.7833333333333,24.55,73.7,198.5,3.75,8.99,92.28,158.0,54.8,18.7,82.6,432.424242424242,192.5,7.76,141.5,62.6,17.4,51.3,10.65,14.8,16.5,,200.0,17.975,27.25,10.85,29.4,8.97,12.2,20.85,17.25,42.35,46.7125,8.78208333333333,19.55,16.7540816326531,24.5153846153846,14.4,10.15,14.5,19.75,17.9545454545455,204.0,78.6,1185.0,28.95,119.625,52.0,96.1,95.0,24.4,89.5,72.7,10.4351351351351,28.75,171.0,15.5,33.25,25.9,63.4,27.45,36.75,,72.9,152.5,50.6,80.4,16.35,10.45,109.5,43.95,94.55,75.7,,,230.052631578947,,,80.55,,,44.2351694915254,69.875,215.0,74.68,199.5,46.0,35.8,77.9,58.3
45.8029166666667,38.15,52.9363636363636,89.7,78.0,69.3,13.4666666666667,46.2909090909091,84.6625,33.875,35.0,343.0,155.0,34.4,45.65,239.0,9.48739130434783,35.55,27.9,66.2,163.0,87.9181818181818,31.0,15.0,26.1796296296296,53.5,243.5,342.5,44.1833333333333,75.02,62.9,51.5647058823529,28.5,354.0,444.5,132.5,46.25,12.2040540540541,166.5,27.15,17.25,79.0351851851852,22.05,35.05,10.65,103.0,6.61588235294118,7.5,15.15,43.5,6.89,17.0617647058824,68.7,25.55,267.24358974359,59.975,8.18,38.5,24.575,79.1733333333333,67.75,24.55,73.7,198.5,3.75,8.99,92.3,158.0,54.8,18.6,82.5328767123288,432.375,192.428571428571,7.76,141.5,62.6,17.45,51.3,10.65,14.8,16.475,,200.0,17.95,27.25,10.85,29.4,8.97,12.2,20.8,17.25,42.3583333333333,46.71,8.78,19.55,16.75,24.5305555555556,14.4,10.1708333333333,14.5,19.75,17.95,204.0,78.625,1188.88888888889,28.95,119.15,51.9833333333333,96.1,95.0,24.4,89.5,72.7,10.4073333333333,28.75,171.0,15.5,33.2555555555556,25.9,63.4,27.45,36.7125,,72.95,153.0,50.6,80.4166666666667,16.35,10.4071428571429,109.541666666667,43.95,94.5625,75.7,,,231.0625,,,80.55,,,44.1907407407407,70.0,215.125,74.6,199.5,46.0,35.8,77.9,58.3333333333333
45.7,38.15,52.9636363636364,89.7,78.0,69.3,13.4666666666667,46.2,84.6571428571429,33.85,35.0038461538462,343.5,155.0,34.3928571428571,45.6785714285714,239.0,9.49,35.55,27.9,66.2,162.8125,87.95,31.0,15.0,26.1947887323944,53.6,243.875,342.0,44.1833333333333,75.0227272727273,62.9,51.596875,28.495,354.0,444.5,132.0,46.25,12.2,166.5,27.1178571428571,17.25,79.1,22.0214285714286,35.05,10.65,103.0,6.61,7.49876543209876,15.2,43.5,6.89,17.1,68.7,25.5575,267.911290322581,60.0,8.18,38.5,24.6,79.1733333333333,67.8,24.55,73.7,198.0,3.75,8.99,92.3,157.9,54.76,18.65,82.5328767123288,432.5,192.5,7.76,141.166666666667,62.6,17.4,51.3,10.65,14.8,16.5,,200.0,17.95,27.2375,10.85,29.4,8.98,12.2,20.8,17.25,42.35,46.75,8.786,19.55,16.75,24.55,14.4,10.1642857142857,14.5,19.7228571428571,17.95,203.5,78.64,1190.0,28.95,119.03125,51.9,96.1,95.0,24.418253968254,89.5,72.7,10.4,28.75,171.0,15.5166666666667,33.3,25.9,63.4,27.45,36.7125,,72.8,152.625,50.6,80.4,16.3,10.45,110.0,43.9625,94.6,75.7,,,231.875,,,80.55,,,44.1674418604651,69.925,215.2,74.59375,199.5,46.025,35.8,77.9,58.3555555555556
45.75,38.15,52.975,89.7,77.9571428571429,69.2923076923077,13.45,46.2,84.7,33.85,35.0038461538462,343.5,155.0,34.35,45.7,239.0,9.498125,35.5,27.9,66.28,162.5,87.9,30.95,15.0,26.2,53.6,243.5,342.0,44.1944444444444,75.0,62.9,51.6,28.45,354.0,444.5,132.0,46.25,12.2071428571429,166.5,27.15,17.25,79.1,22.0032786885246,35.05,10.7,103.0,6.61,7.5,15.2,43.5,6.89,17.05,68.6,25.55,268.651162790698,59.98,8.18,38.5,24.6,79.0166666666667,67.7333333333333,24.55,73.7,198.0,3.75,8.985,92.3,158.0,54.775,18.65,82.57,432.5,192.5,7.76,141.0,62.6,17.449,51.3,10.65,14.8,16.5,,200.0,18.0,27.25,10.85,29.4,8.98,12.2,20.8,17.25,42.3535714285714,46.7049180327869,8.79,19.53,16.74375,24.5484615384615,14.4,10.1572916666667,14.525,19.7478813559322,17.95,204.0,78.55,1190.0,28.95,119.0,51.9,96.1,94.9,24.4014340344168,89.5,72.7,10.4,28.75,171.0,15.55,33.35,25.9,63.4,27.4884615384615,36.75,,72.8375,153.0,50.6,80.45,16.3071428571429,10.4375,109.882352941176,43.9,94.6,75.7,,,231.5625,,,80.54,,,44.2,70.0,215.5,74.4628571428571,199.5,46.0,35.7818181818182,77.875,58.2962406015038
45.7416666666667,38.15,52.9826086956522,89.7,77.9571428571429,69.26,13.4520833333333,46.2,84.6571428571428,33.85,35.0,343.5,155.25,34.3740384615385,45.725,239.0,9.5,35.5,27.95,66.2583333333333,162.5,87.9,30.95,15.0016129032258,26.1682608695652,53.6,244.0,341.0,44.25,75.09,62.8,51.6095238095238,28.45,355.0,444.5,132.0,46.25,12.2,166.5,27.1019417475728,17.25,79.0965517241379,22.0048387096774,35.05,10.65,103.0,6.61071428571429,7.5,15.2,43.5,6.89,17.0508771929825,68.7,25.55,268.714285714286,60.0,8.18,38.45,24.55,79.0333333333333,67.8,24.55,73.8,197.5,3.75,8.99,92.2333333333333,157.361111111111,54.7357142857143,18.7,82.5,432.5625,192.5,7.76,141.513513513514,62.6,17.45,51.3,10.65,14.8,16.5,,200.0,18.0,27.2,10.85,29.4,8.97833333333333,12.15,20.7833333333333,17.3,42.3585365853659,46.7021008403361,8.79,19.5404761904762,16.7366666666667,24.5408077994429,14.42,10.1521739130435,14.5307692307692,19.75,17.9898148148148,204.0,78.6363636363636,1191.33333333333,28.95,119.0,51.8,96.2,94.9333333333333,24.3517699115044,89.5,72.7,10.4078571428571,28.75,171.0,15.55,33.35,25.9,63.5,27.4525,36.7074074074074,,72.9,153.0,50.54,80.4833333333333,16.3166666666667,10.4,109.5,43.9,94.5666666666667,75.6571428571429,,,231.0,,,80.54,,,44.1883333333333,70.0,215.0,74.78,199.0,46.0,35.7666666666667,77.9,58.2933333333333
45.73125,38.1,53.0,89.7,78.0,69.3,13.45,46.285,84.7,33.856976744186,35.0,344.0,155.0,34.3966666666667,45.7,239.5,9.49708333333333,35.65,27.9,66.2111111111111,162.5,87.9,31.0,15.0,26.165306122449,53.6,244.0,341.0,44.2,75.1833333333333,63.0,51.6,28.4541666666667,355.0,444.5,132.0,46.25,12.2057692307692,166.363636363636,27.1015625,17.2,79.0978260869565,22.0,35.05,10.6833333333333,103.0,6.62,7.5,15.2,43.5,6.89,17.0625,68.6,25.5729166666667,268.5,60.0,8.18,38.45,24.55,79.1,67.6925925925926,24.55,73.7333333333333,197.0,3.75,8.99,92.25,157.0,54.8,18.7,82.4,432.522727272727,192.681818181818,7.76,141.5,62.6,17.4,51.3,10.65,14.8,16.5,,200.0,18.0,27.2,10.85,29.4,8.97833333333333,12.15,20.85,17.3,42.3048387096774,46.7096153846154,8.79,19.55,16.75,24.5032608695652,14.4,10.15,14.5,19.75,17.95,204.0,78.6,1192.5,28.9,119.133333333333,51.8,96.2,95.0055555555556,24.35,89.6,72.7,10.4126436781609,28.75,171.0,15.51875,33.35,25.85,63.4,27.4,36.75,,72.9,153.0,50.6,80.5,16.312962962963,10.4,109.9,43.9,94.5666666666667,75.7,,,231.0,,,80.5,,,44.1918918918919,69.92,215.0,74.78,199.0,46.0,35.755,77.9,58.3
45.75,38.0568965517241,52.9787878787879,89.7666666666667,77.94,69.2444444444445,13.45,46.1,84.78,33.85,35.0,344.0,155.0,34.375,45.6916666666667,240.0,9.5,35.65,27.9,66.2142857142857,162.5,87.9,31.0,15.0,26.1625,53.4,244.0,341.0,44.2375,75.0,63.0,51.55,28.45,355.0,444.5,132.5,46.25,12.2,166.5,27.1,17.25,79.0838709677419,22.0,35.0555555555556,10.6833333333333,103.0,6.61032258064516,7.50222222222222,15.15,43.5,6.89,17.05,68.6,25.55,268.5,60.0,8.18,38.45,24.5666666666667,79.0333333333333,67.6466666666667,24.55,73.7727272727273,197.0,3.75,8.98565217391304,92.2928571428571,156.993150684932,54.74,18.6,82.4,432.590909090909,192.5,7.76,141.9,62.6,17.45,51.3,10.65,14.8,16.5,,200.0,18.0,27.2,10.85,29.4,8.97833333333333,12.15,20.85,17.3,42.3421875,46.7030303030303,8.79,19.55,16.7175925925926,24.525,14.4,10.1542553191489,14.4821428571429,19.7301886792453,17.95,204.0,78.5,1195.0,28.9,119.5,51.8,96.175,95.1,24.3622641509434,89.6,72.7,10.4,28.75,171.0,15.55,33.35,25.85625,63.4,27.3993055555556,36.75,,72.9666666666667,153.0,50.5666666666667,80.5,16.3,10.4397435897436,109.537037037037,43.9,94.6,75.775,,,231.5,,,80.4,,,44.2435483870968,69.84,215.125,74.78,199.5,46.0,35.7142857142857,77.9,58.2444444444444
45.73125,38.1,53.0,89.7444444444444,78.0,69.2108695652174,13.45,46.1,84.75,33.85,35.0,344.0,155.0,34.3944444444444,45.6428571428571,240.0,9.51535714285714,35.65,27.9,66.2176470588235,162.5,87.9666666666667,31.0,15.0,26.1870967741935,53.6,244.0,341.666666666667,44.2083333333333,75.0625,63.0,51.5083333333333,28.5884615384615,355.0,444.5,132.5,46.25,12.2084615384615,166.35,27.1426966292135,17.25,79.0942857142857,22.0,35.05,10.6833333333333,103.22,6.61135802469136,7.50222222222222,15.15,43.55,6.89,17.05,68.6,25.55,268.45652173913,59.9666666666667,8.19,38.45,24.55,79.0333333333333,67.7,24.55,73.7727272727273,197.0,3.75,8.98565217391304,92.26,156.6,54.7833333333333,18.6,82.4,432.5,192.5,7.76,141.5,62.6,17.4027777777778,51.3,10.65,14.8,16.5,,200.0,18.0,27.2,10.85,29.4,8.97833333333333,12.15,20.8,17.25,42.3033333333333,46.7053571428571,8.79,19.55,16.7385964912281,24.5227272727273,14.4,10.15,14.45,19.7021653543307,17.95,204.0,78.5,1191.25,28.9,119.9,51.8,96.1954545454546,95.0,24.35,89.6,72.7,10.4,28.75,170.5,15.55,33.3333333333333,25.85625,63.4,27.3402173913043,36.75,,72.9,153.0,50.5666666666667,80.5081081081081,16.3,10.4333333333333,109.441176470588,43.9,94.5222222222222,75.775,,,231.5,,,80.25,,,44.290625,70.0,215.5,74.5,199.5,46.0,35.7,77.9,58.2666666666667
45.75,38.1,52.9837837837838,89.8,78.0,69.2,13.422619047619,46.1,84.7,33.85,35.0,344.0,155.5,34.3769230769231,45.65,240.0,9.51,35.65,27.9,66.2111111111111,163.0,88.0,31.0,15.0,26.1651515151515,53.6,244.25,341.666666666667,44.25,75.0,63.0,51.5083333333333,28.6,355.0,444.5,132.5,46.3,12.2,166.125,27.101724137931,17.25,79.0263157894737,22.0,35.05,10.7,103.0,6.6,7.5,15.2,43.55,6.89,17.08125,68.6,25.5777777777778,268.0,59.9933333333333,8.19,38.45,24.55,79.0,67.7,24.55,73.7727272727273,197.0,3.75,8.98978723404255,92.2555555555556,156.75,54.7259259259259,18.6,82.4,432.833333333333,192.4,7.76,141.5,62.6478260869565,17.4222222222222,51.3,10.65,14.8,16.5,,200.0,18.0,27.2,10.85,29.45,8.97833333333333,12.15,20.8,17.25,42.3105263157895,46.7,8.8,19.525,16.75,24.55,14.4,10.1522727272727,14.45,19.7054054054054,17.95,203.75,78.5,1192.5,28.95,119.5,51.8,96.26,95.0,24.35,89.6,72.7,10.4,28.75,170.5,15.55,33.325,25.8576923076923,63.4666666666667,27.3104651162791,36.7392857142857,,72.9,153.0,50.6,80.6,16.3,10.4125,109.5,43.9,94.7,75.9,,,231.166666666667,,,80.16,,,44.35,69.98,215.5,74.5,199.0,46.0,35.6642857142857,77.8,58.2230769230769
45.7416666666667,38.0578125,52.9978723404255,89.8,78.0063492063492,69.2416666666667,13.4,46.1333333333333,84.75,33.85,35.0055555555556,344.0,155.0,34.3875,45.6125,240.0,9.50625,35.5,27.9,66.2,163.0,88.0,30.9875,15.0,26.1777777777778,53.6,244.0,341.666666666667,44.21875,75.0,62.9,51.5,28.6,355.0,444.5,133.0,46.3,12.2,166.0,27.1264150943396,17.25,79.0875,22.0,35.0896825396825,10.7,103.25,6.6,7.5,15.2,43.55,6.89,17.1,68.6,25.5526315789474,268.0,60.0,8.18,38.45,24.55,79.0833333333333,67.725,24.55,73.8,197.0,3.75,8.99,92.28,157.0,54.7909090909091,18.6,82.4,432.7,192.423076923077,7.76,141.5,62.6,17.4291666666667,51.3,10.65,14.85,16.5,,200.0,18.0,27.2,10.85,29.4,8.97,12.2,20.8,17.25,42.3038461538462,46.7159090909091,8.8,19.55,16.7449438202247,24.5235294117647,14.4,10.1545454545455,14.45,19.7266666666667,17.9710526315789,203.75,78.4,1195.0,28.95,119.5,51.8,96.2571428571429,95.1,24.35,89.6,72.7,10.4038461538462,28.75,170.5,15.55,33.35,25.8576923076923,63.4,27.2514285714286,36.75,,73.0,153.0,50.6,80.5333333333333,16.3,10.45,109.333333333333,43.85,94.6285714285714,75.9,,,230.75,,,80.1,,,44.4,70.0,215.5,74.5,199.0,46.0,35.66,77.9,58.2
45.7115384615385,38.0046511627907,52.9954545454545,89.7,78.0571428571428,69.2185185185185,13.4,46.2409090909091,84.7571428571428,33.85,35.0055555555556,344.0,155.0625,34.3875,45.6,239.5,9.5,35.6,27.9,66.2428571428571,163.0,88.0,30.9875,15.0,26.180612244898,53.7,244.0,341.5,44.21875,75.092,62.9666666666667,51.5018867924528,28.6,355.0,444.5,133.0,46.3,12.2125,166.0,27.15,17.25,79.0123595505618,22.0,35.05,10.7,103.104166666667,6.59544554455446,7.5,15.2,43.55,6.89,17.05,68.6976190476191,25.55,268.0,60.0,8.17333333333333,38.45,24.555,79.1,67.8,24.55,73.75,197.0,3.75,8.98036144578313,92.2,154.564315352697,54.8,18.7,82.3,432.809523809524,192.0,7.76,141.5,62.6,17.4,51.3,10.65,14.85,16.5133333333333,,200.0,18.0,27.2388888888889,10.85,29.4,8.97,12.15,20.8,17.25,42.3125,46.73,8.79875,19.55,16.746,24.504347826087,14.4,10.1516129032258,14.45,19.7041916167665,17.95,203.916666666667,78.4,1190.0,28.95,119.5,51.8,96.2,95.1,24.35,89.6,72.7,10.4253787878788,28.75,171.0,15.59,33.35,25.8666666666667,63.5,27.3153846153846,36.75,,73.0,153.0,50.6,80.5,16.3,10.4058823529412,109.5,43.9642857142857,94.6,75.8,,,230.75,,,80.0,,,44.445,70.0,215.5,74.9,199.0,45.95,35.7166666666667,77.9,58.2
45.75,38.0892857142857,52.9944444444444,89.7,78.05,69.2060606060606,13.4157534246575,46.2,84.7230769230769,33.85,35.0,343.666666666667,155.5,34.3970588235294,45.59375,239.5,9.5,35.6,27.9,66.2,163.0,88.0,30.95,15.0,26.1795454545455,53.7,244.0,341.5,44.2166666666667,75.0157894736842,62.9,51.4171875,28.6409090909091,355.0,444.5,133.0,46.3505,12.2136363636364,166.0,27.15,17.25,79.0,22.0,35.05,10.7,103.0,6.59,7.5,15.2,43.6,6.89,17.05,68.7,25.55,268.0,60.0,8.18,38.45,24.555,79.1,67.8,24.55,73.75,196.7,3.75,8.97583333333333,92.2727272727273,154.844827586207,54.7538461538461,18.6,82.3,432.615384615385,192.0,7.76,141.75,62.6,17.4142857142857,51.3,10.65,14.85,16.4598039215686,,200.0,18.0,27.2,10.85,29.4,8.97,12.2,20.7625,17.25,42.3086206896552,46.7,8.79875,19.55,16.75,24.5090909090909,14.43,10.193288590604,14.45,19.7285714285714,17.95,204.0,78.4,1193.5,28.95,119.633333333333,51.8,96.1833333333333,95.1,24.3551282051282,89.6272727272727,72.6,10.4,28.75,170.5,15.5507142857143,33.35,25.85,63.4071428571429,27.315,36.75,,73.0837037037037,153.0,50.55,80.5,16.3,10.45,109.5,43.925,94.595,75.8,,,230.75,,,80.0,,,44.4375,69.9933333333333,215.5,74.9,199.0,45.95,35.75,77.9,58.2
45.7433333333333,38.0777777777778,52.9954128440367,89.7,78.0571428571428,69.1666666666667,13.4157534246575,46.2,84.7571428571428,33.85,35.0,343.666666666667,155.5,34.4081818181818,45.55,239.5,9.5,35.65,27.9,66.2,163.0,87.9,30.9833333333333,15.0,26.1628205128205,53.6,243.75,341.1,44.2,75.0897435897436,62.9,51.4,28.6,355.0,444.0,133.0,46.3505,12.2,165.8,27.15,17.25,79.0578947368421,22.04875,35.05,10.7,103.0,6.59923076923077,7.49923076923077,15.2,43.6,6.89,17.05,68.7888888888889,25.55,268.5,60.1,8.18,38.45,24.575,79.1,67.7368421052632,24.55,73.7,196.7,3.75,8.97393939393939,92.2666666666667,154.5,54.7,18.6,82.3,432.8,192.285714285714,7.76,141.5,62.5777777777778,17.4,51.3,10.65,14.85,16.453125,,200.0,18.0,27.25,10.85,29.4,8.97,12.2,20.8,17.25,42.3,46.725,8.79875,19.5551282051282,16.73,24.5083333333333,14.4,10.15,14.45,19.75,17.95,203.75,78.4,1195.0,28.95,119.5,51.8,96.1,95.0,24.35,89.7,72.6,10.4,28.75,170.666666666667,15.55,33.3428571428571,25.8739130434783,63.45,27.3337209302326,36.7227272727273,,73.2755813953489,153.0,50.55,80.5,16.3059523809524,10.45,109.533333333333,43.85,94.6,75.7090909090909,,,230.75,,,80.0,,,44.4348484848485,69.9976190476191,215.166666666667,74.6,199.0,46.0,35.65,77.9,58.2
45.808,38.1,53.0,89.7,78.0090909090909,69.2,13.4,46.12,84.7,33.85,35.0,343.916666666667,155.5,34.4380952380952,45.55,239.5,9.5,35.65,28.0,66.2,163.0,87.9,30.9833333333333,14.95,26.1761194029851,53.6,244.0,340.5,44.2166666666667,75.1,62.9,51.4363636363636,28.5954545454546,355.0,444.0,133.0,46.35,12.2233333333333,165.5,27.15,17.25,79.0,22.05,35.05,10.7,103.0,6.59761904761905,7.49,15.2,43.6,6.89,17.05,68.7888888888889,25.55,268.5,60.1,8.18,38.4,24.55,79.1,67.7666666666667,24.55,73.7,197.0,3.75,8.97010869565217,92.2736842105263,154.528571428571,54.725,18.6,82.3,432.960526315789,192.0,7.76,141.5,62.55,17.4,51.3,10.65,14.85,16.5,,200.0,18.0,27.23,10.85,29.399358974359,8.97,12.2,20.8333333333333,17.25,42.3310344827586,46.7236111111111,8.7975,19.5605263157895,16.746,24.5,14.4,10.1522727272727,14.45,19.74,17.95,204.0,78.4,1194.0,28.95,119.833333333333,51.8,96.1,95.0090909090909,24.375,89.7,72.6,10.4173469387755,28.75,171.0,15.55,33.3107142857143,25.85,63.4,27.35,36.75,,73.3242424242424,153.0,50.55,80.6,16.3,10.45,109.75,43.85,94.6,75.6,,,230.5,,,80.0,,,44.45,70.1428571428571,215.0,74.6,199.0,46.0,35.65,77.9,58.1032258064516
45.8,38.0833333333333,53.0162895927602,89.7,78.0571428571428,69.2222222222222,13.4,46.1,84.7384615384615,33.85,35.0,344.0,155.5,34.4336538461538,45.5108695652174,239.5,9.5,35.65,28.0,66.2,163.0,87.9,30.975,14.95,26.1609375,53.7,244.071428571429,340.5,44.25,75.1,62.9,51.4923076923077,28.5,355.5,444.0,133.0,46.35,12.22,165.5,27.1587628865979,17.25,79.1,22.0,35.05,10.7,103.0,6.59,7.49,15.2,43.6,6.89,17.05,68.8,25.5899038461538,268.45,60.2,8.18,38.4,24.5055555555556,79.1,67.7454545454545,24.55,73.8,197.0,3.75,8.97578947368421,92.2,154.655172413793,54.8,18.6,82.3,433.0,192.0,7.76,141.5,62.6,17.4083333333333,51.3,10.65,14.8,16.5,,200.0,18.0,27.23,10.8076923076923,29.35,8.97,12.2,20.85,17.3,42.3058823529412,46.7068493150685,8.8,19.57,16.7264705882353,24.5130434782609,14.4,10.152380952381,14.4727272727273,19.7214285714286,17.96,203.5,78.3714285714286,1194.0,28.9,119.625,51.7,96.1666666666667,95.0090909090909,24.3545454545455,89.7,72.6,10.4,28.75,170.642857142857,15.55,33.35,25.85,63.45,27.3142857142857,36.7423076923077,,73.4,153.0,50.6,80.5166666666667,16.29,10.45,109.75,43.9,94.6,75.6,,,230.5,,,80.0,,,44.4542682926829,70.26,215.0,74.6,199.0,45.9875,35.65,77.9,58.0166666666667
45.8,38.1,52.988,89.75,78.0363636363636,69.2416666666667,13.4125,46.1421052631579,84.7,33.85,35.05,344.0,155.5,34.4046875,45.5,239.5,9.5,35.7,27.9916666666667,66.1697674418605,163.0,87.9,30.975,14.95,26.1642857142857,53.7,244.5,340.5,44.25,75.0285714285714,62.9,51.5,28.5,354.5,443.0,133.0,46.35,12.2012903225806,165.5,27.165,17.2,79.015,21.9909090909091,35.044262295082,10.7,103.0,6.59151515151515,7.49,15.2,43.6,6.89,17.0567567567568,68.7,25.5654761904762,268.125,60.2,8.18,38.4,24.4956896551724,79.1818181818182,67.7875,24.55,73.8,197.0,3.75,8.97185185185185,92.2533333333333,154.5,54.7666666666667,18.7013513513514,82.3,433.005681818182,192.5,7.76,141.021739130435,62.525,17.41875,51.3,10.65,14.8,16.51875,,200.0,18.0,27.2,10.85,29.35,8.97,12.15,20.8736842105263,17.2625,42.3125,46.71875,8.79630434782609,19.5590909090909,16.7444444444444,24.5,14.4269230769231,10.1555555555556,14.5,19.7142857142857,17.9947916666667,204.125,78.6,1190.0,28.9,119.583333333333,51.7,96.1,95.0125,24.35,89.7,72.6,10.4021276595745,28.75,170.75,15.55,33.3125,25.85,63.5,27.3,36.7015625,,73.4738095238095,153.0,50.56,80.5,16.3,10.4166666666667,109.666666666667,43.8642857142857,94.6,75.4826086956522,,,230.5,,,80.01,,,44.5,70.4764705882353,215.0,74.825,199.0,45.97,35.6666666666667,77.9,58.15
45.8314814814815,38.1,52.95,89.75,78.0181818181818,69.25,13.4,46.1027027027027,84.7,33.85,35.05,344.0,155.5,34.44,45.45,239.5,9.5,35.55,27.9916666666667,66.2,163.5,87.9666666666667,30.95,14.9666666666667,26.1807692307692,53.7,244.0,340.5,44.21875,75.0,62.9,51.5,28.5,354.5,443.0,133.0,46.35,12.2166666666667,165.5,27.2,17.25,79.0291666666667,22.0,35.05,10.7,103.0,6.604,7.48013157894737,15.2,43.575,6.89,17.05,68.7,25.55,268.0,60.2833333333333,8.18,38.4,24.4956896551724,79.1,67.7571428571429,24.55,73.8,197.0,3.73,8.97045454545455,92.2956521739131,154.151515151515,54.7,18.6,82.25,433.5,192.625,7.76,141.5,62.5,17.4045454545455,51.3,10.65,14.8,16.5166666666667,,200.0,18.0,27.2,10.85,29.35,8.97,12.15,20.9,17.2625,42.3,46.7,8.798,19.6,16.7462962962963,24.5133333333333,14.4,10.1510638297872,14.45,19.75,17.95,204.0,78.35,1190.0,28.95,119.5,51.7,96.18,95.0125,24.35,89.6,72.6,10.4265957446809,28.75,170.6,15.5029411764706,33.3,25.8,63.5,27.3055555555556,36.7045454545455,,73.4,153.0,50.55,80.5,16.3,10.45,109.5,43.9,94.6,75.4833333333333,,,230.5,,,79.9285714285714,,,44.5,70.5153846153846,215.0,74.6,199.0,45.95,35.7,77.8,58.1166666666667
45.825,38.1,52.9,89.75,78.0571428571428,69.190780141844,13.4,46.1,84.7266666666667,33.8307692307692,35.0222222222222,344.0,155.5,34.4166666666667,45.4,239.75,9.5,35.625,27.9916666666667,66.2,163.5,87.9,31.0,14.9666666666667,26.1794117647059,53.7,244.25,340.5,44.21875,75.05,62.9,51.4,28.5125,354.5,443.0,133.0,46.35,12.2308823529412,165.5,27.2,17.25,79.015625,22.0,35.0382352941176,10.6608695652174,103.0,6.6,7.4705376344086,15.2,43.5666666666667,6.89,17.05,68.7,25.55,268.0625,60.2666666666667,8.17,38.4,24.5,79.1,67.7105263157895,24.55,73.8,197.0,3.73,8.97615160349854,92.24,154.0,54.7,18.6,82.3,433.79054054054,192.5,7.76,141.5,62.5,17.4,51.3,10.65,14.8,16.5,,200.0,18.0,27.2,10.85,29.3974637681159,8.97,12.15,20.9,17.2625,42.3,46.7,8.79083333333333,19.5947368421053,16.743137254902,24.5,14.4,10.1545454545455,14.4666666666667,19.7279069767442,17.95,204.0,78.3,1190.0,28.95,119.5,51.7,96.175,95.1,24.3177419354839,89.6,72.6,10.4364661654135,28.75,170.884615384615,15.55,33.3,25.8,63.5,27.25,36.75,,73.3787234042553,153.0,50.5,80.5,16.275,10.45,109.5,43.9,94.5928571428571,75.5,,,230.5,,,79.94,,,44.5,70.5,215.0,74.6,199.0,45.95,35.70625,77.8,58.175
45.8,38.1,52.9666666666667,89.7,78.0444444444444,69.1777777777778,13.425,46.1,84.7571428571428,33.8,35.0222222222222,344.0,155.5,34.4318181818182,45.4521739130435,239.75,9.49833333333333,35.625,27.9,66.2,163.5,88.0,31.0,15.0,26.1631355932203,53.6,244.25,340.5,44.21875,75.0,62.9,51.4538461538462,28.4961538461538,354.0,443.0,132.5,46.35,12.2142857142857,165.5,27.2,17.25,79.0717391304348,22.05,35.0470588235294,10.6608695652174,103.195652173913,6.59,7.46082568807339,15.2,43.65,6.89,17.1,68.7,25.5545454545455,268.0,60.4,8.17,38.4,24.5,79.2,67.7833333333333,24.55,73.9,197.5,3.73,8.97,92.2666666666667,153.204225352113,54.7142857142857,18.6,82.2,434.0,192.0,7.76,141.0,62.6,17.4083333333333,51.3,10.65,14.8,16.5,,199.5,18.0,27.225,10.85,29.4,8.97,12.15,20.9,17.2625,42.3,46.7264705882353,8.8,19.575,16.746,24.525,14.4,10.1510869565217,14.5,19.7107142857143,17.95,203.5,78.3666666666667,1190.0,28.95,119.75,51.7,96.1,95.0333333333333,24.35,89.6,72.6,10.4051020408163,28.75,170.5,15.55,33.3,25.8333333333333,63.5,27.2484615384615,36.7,,73.3631578947368,153.0,50.5,80.4173913043478,16.3,10.45,109.5,43.8833333333333,94.6,75.5,,,230.5,,,79.9,,,44.5,70.5,215.0,74.575,199.0,45.95,35.75,77.9,58.15
45.8,38.0857142857143,52.975,89.7,78.0222222222222,69.1888888888889,13.45,46.208,84.7,33.7833333333333,35.0,344.0,155.5,34.4152173913044,45.4,240.0,9.49,35.625,27.9,66.2,163.0,88.0,30.975,15.0,26.1642857142857,53.7,244.0,340.5,44.2,75.1786259541985,62.9666666666667,51.4,28.45,354.0,442.666666666667,132.5,46.35,12.2224489795918,165.3,27.2,17.25,79.05,22.0,35.0444444444444,10.6608695652174,103.083333333333,6.59,7.45060465116279,15.2,43.6,6.89,17.05,68.7,25.55,268.125,60.2,8.17,38.4,24.46,79.2,67.7777777777778,24.55,73.9,197.0,3.73,8.97142857142857,92.3,152.75390625,54.7,18.6,82.35,433.625,192.333333333333,7.76,141.375,62.6,17.4270833333333,51.3,10.65,14.8,16.5,,199.5,18.0,27.2,10.85,29.4,8.97,12.15,20.85,17.25,42.3071428571429,46.7277777777778,8.79,19.5947368421053,16.7423076923077,24.5176470588235,14.4,10.1530769230769,14.5,19.7072463768116,17.95,204.0,78.4,1190.0,28.95,119.5,51.7,96.1666666666667,95.0,24.35,89.5,72.6,10.4,28.75,170.6,15.55,33.3,25.8,63.6,27.25,36.7,,73.3,153.0,50.6,80.5,16.3,10.45,109.5,43.9,94.5133333333333,75.5,,,230.5,,,79.9,,,44.5142857142857,70.4,215.0,74.8,199.0,45.95,35.7357142857143,77.9,58.1
45.8,38.1,52.9,89.7166666666667,78.0571428571428,69.17,13.4,46.2259259259259,84.74,33.75,35.0083333333333,344.0,155.5,34.45,45.4,239.5,9.4975,35.7,27.9,66.1702702702703,163.0,88.0,30.975,15.0,26.1447368421053,53.7,244.375,340.5,44.15,75.3,62.9666666666667,51.4,28.45,354.0,442.666666666667,132.0,46.3375,12.2157407407407,165.5,27.2,17.25,79.0519230769231,22.0409090909091,35.0,10.6608695652174,103.083333333333,6.59,7.45,15.2,43.575,6.89,17.05,68.7,25.55,268.0,60.2,8.17,38.4,24.5019230769231,79.1,67.7857142857143,24.55,73.9,197.0,3.73,8.97028169014085,92.3,153.0,54.7,18.6,82.3,433.95,192.25,7.76,141.2,62.6,17.4,51.3,10.6815789473684,14.8,16.4722222222222,,199.5,18.0,27.25,10.85,29.45,8.97,12.15,20.890625,17.25,42.3233333333333,46.7,8.79,19.575,16.75,24.5178571428571,14.4,10.157,14.45,19.75,17.95,204.0,78.4,1188.33333333333,28.91,119.5,51.7,96.164,95.1,24.35,89.6,72.6,10.4417391304348,28.75,170.7,15.5568965517241,33.3,25.85,63.5,27.25,36.7,,73.2,153.0,50.6,80.5,16.2642857142857,10.421875,110.0,43.8964285714286,94.5,75.5,,,230.0,,,79.9,,,44.5466216216216,70.47,215.0,74.8,199.0,45.9625,35.7357142857143,77.9,58.1
45.8084615384615,38.1,53.0,89.7166666666667,78.0,69.2,13.45,46.2333333333333,84.7666666666667,33.7333333333333,35.05,343.75,155.5,34.41,45.4,239.5,9.4975,35.7,27.9,66.2,163.0,87.96,30.975,15.0,26.177380952381,53.7,244.5,340.5,44.2,75.2,63.0,51.5,28.45,354.0,442.857142857143,132.0,46.3,12.2317307692308,165.5,27.1833333333333,17.25,79.1,22.0333333333333,35.0,10.6608695652174,103.269230769231,6.59,7.45457142857143,15.2,43.6,6.89,17.1,68.6833333333333,25.5666666666667,268.0,60.2,8.17,38.4,24.4777777777778,79.1,67.7833333333333,24.55,73.9888888888889,197.0,3.73,8.97,92.29,153.635135135135,54.74,18.6,82.3,433.5,192.0,7.76,141.5,62.6,17.4,51.3,10.65,14.8,16.5,,199.5,18.0490740740741,27.2,10.8333333333333,29.45,8.97,12.15,20.890625,17.3,42.3380681818182,46.7166666666667,8.79416666666667,19.595,16.7415094339623,24.5033333333333,14.4,10.1553191489362,14.45,19.7459016393443,17.95,204.0,78.3,1185.0,28.9,119.5,51.7,96.1,95.1,24.3646551724138,89.7,72.6,10.4233333333333,28.75,170.966666666667,15.5568965517241,33.3,25.85,63.5333333333333,27.25,36.7,,73.2,153.0,50.6,80.5,16.3,10.421875,109.833333333333,43.85,94.54,75.5,,,230.0,,,80.1,,,44.55,70.5,215.0,74.8,199.0,45.9625,35.7083333333333,77.9,58.1
45.7985981308411,38.08125,53.0,89.7166666666667,78.0142857142857,69.15,13.4,46.2833333333333,84.7,33.7,35.05,344.0,156.0,34.4243902439024,45.4,239.5,9.5,35.7,27.95,66.1958333333333,163.0,87.95,30.95,15.0,26.165625,53.7,244.5,340.0,44.15,75.175,63.0,51.4,28.45,354.0,442.857142857143,132.0,46.3,12.2031835205993,165.5,27.1705882352941,17.2,79.0661538461538,22.0166666666667,35.0166666666667,10.7,103.225,6.58789473684211,7.47,15.15,43.55,6.89,17.05,68.7,25.5694444444444,268.0,60.2,8.17,38.4,24.5,79.175,67.7888888888889,24.55,74.0,197.0,3.73,8.97208333333333,92.225,154.391304347826,54.8,18.6,82.4,433.882352941177,192.125,7.76,141.075,62.6,17.4,51.3,10.65,14.8,16.4517857142857,,199.5,18.05,27.2045454545454,10.85,29.400390625,8.97869565217391,12.15,20.85,17.3,42.3498293515358,46.75,8.79,19.5914634146341,16.746,24.5333333333333,14.4,10.1572413793103,14.5,19.75,17.95,204.0,78.3,1185.0,28.9,119.5,51.7,96.1,95.1054054054054,24.4,89.7,72.6,10.4,28.7,171.0,15.5568965517241,33.25,25.85,63.5,27.2769230769231,36.65,,73.2,153.0,50.6,80.5,16.3,10.44,109.583333333333,43.85,94.5166666666667,75.5,,,230.0,,,80.0666666666667,,,44.55,70.575,214.5,74.8,199.0,45.95,35.7083333333333,77.9,58.1058823529412
45.775,38.1,53.0,89.7166666666667,78.0363636363636,69.15,13.4,46.25,84.7909090909091,33.725,35.0083333333333,344.0,156.0,34.4,45.4,239.5,9.50814814814815,35.55,27.95,66.2,163.0,88.2,31.0,15.0,26.1826923076923,53.6,244.5,340.0,44.1875,75.15,63.0,51.4,28.45,354.0,442.0,132.0,46.3,12.2045454545455,165.5,27.2,17.25,79.0970588235294,22.0227272727273,35.0,10.7,103.25,6.586,7.46411764705882,15.1833333333333,43.55,6.89,17.05,68.7,25.5666666666667,268.0,60.2,8.17,38.4,24.5,79.1,67.8,24.55,73.9166666666667,197.0,3.73,8.97,92.3,154.5,54.8375,18.6,82.4,433.5,192.0,7.76,141.075,62.6,17.4,51.3166666666667,10.7,14.8,16.45,,199.5,18.05,27.2011627906977,10.85,29.45,8.97,12.15,20.85,17.3,42.3607142857143,46.7411764705882,8.79,19.6,16.74,24.5037037037037,14.4,10.1576470588235,14.4714285714286,19.75,17.95,204.0,78.3142857142857,1185.0,28.9,119.5,51.7,96.1,95.1054054054054,24.3722222222222,89.7,72.6,10.4261467889908,28.7,170.923076923077,15.55,33.255,25.85,63.4,27.3,36.65,,73.2,153.0,50.55,80.5333333333333,16.3,10.45,109.0,43.85,94.6,75.52,,,229.333333333333,,,80.1,,,44.55,70.6,214.5,74.8,199.0,45.95,35.7,77.8,58.1
45.75,38.1,52.9875,89.7166666666667,78.035,69.1875,13.4,46.2277777777778,84.7,33.7772727272727,35.0166666666667,344.0,155.5,34.4090909090909,45.4,239.5,9.50731707317073,35.5,27.95,66.1166666666667,163.0,88.2,30.975,15.0,26.165,53.6,244.5,340.0,44.15,75.1733333333333,63.0,51.3777777777778,28.5,354.0,442.0,132.0,46.3,12.2,165.5,27.16875,17.25,79.1,22.0071428571429,35.0166666666667,10.7,103.131578947368,6.58,7.47,15.1833333333333,43.55,6.89,17.0,68.7,25.55,268.0,60.1,8.1625,38.4,24.5,79.1333333333333,67.8818181818182,24.55,73.975,197.0,3.73,8.97,92.3,154.804347826087,54.9,18.6,82.3,433.0,192.0,7.76,141.5,62.6,17.4066666666667,51.4,10.7,14.8,16.45,,199.5,18.05,27.2,10.85,29.4388888888889,8.97,12.15,20.85,17.3,42.3590909090909,46.7347826086957,8.79,19.6475524475524,16.748,24.5351851851852,14.4,10.1529702970297,14.45,19.7371428571429,17.95,204.0,78.3,1185.0,28.9,119.5,51.7,96.1,95.1,24.4,89.7,72.6,10.4072580645161,28.7,170.6,15.55,33.2,25.85,63.5,27.3,36.6857142857143,,73.2909090909091,153.0,50.5,80.5,16.2625,10.45,109.0,43.85,94.55,75.52,,,229.0,,,80.0,,,44.55,70.8423076923077,214.5,74.8,199.0,45.9,35.7,77.8,58.05
45.75,38.1,52.9,89.7,78.0571428571428,69.2,13.4035714285714,46.2933333333333,84.7666666666667,33.8,35.0166666666667,344.0,155.5,34.45,45.45,239.5,9.52,35.5,27.95,66.125,163.0,88.2,31.0,15.0,26.15,53.7,244.5,339.928571428571,44.15,75.1,62.8,51.3666666666667,28.4833333333333,353.5,444.5,132.0,46.3,12.2079113924051,165.5,27.1684426229508,17.25,79.0617647058824,22.0028571428571,35.0147058823529,10.7,103.4,6.58,7.47,15.1833333333333,43.55,6.89,17.0125,68.7,25.5994845360825,267.565217391304,60.12,8.17,38.35,24.5,79.14,67.8805194805195,24.55,74.0,196.666666666667,3.73,8.96333333333334,92.3,154.636363636364,54.9,18.6,82.4,433.2,192.3,7.76,141.5,62.6,17.4,51.3,10.65,14.8,16.45,,199.5,18.05,27.1970588235294,10.8307692307692,29.4,8.97,12.15,20.85,17.25,42.3866666666667,46.75,8.79,19.6,16.7185185185185,24.5066666666667,14.4,10.1576271186441,14.45,19.7478947368421,17.95,204.0,78.2851851851852,1185.0,28.9,119.8,51.7,96.1,95.1,24.4,89.7,72.6,10.4,28.7,171.0,15.55,33.15,25.85,63.5,27.25,36.6785714285714,,73.3,153.0,50.55,80.5333333333333,16.3,10.45,109.5,43.87,94.5,75.65,,,229.25,,,79.975,,,44.55,70.9896551724138,214.5,74.5,199.0,45.95,35.7166666666667,77.8,57.9847953216374
45.7,38.14375,52.9,89.7,78.0666666666667,69.2,13.4,46.2041666666667,84.75,33.8,35.0083333333333,344.0,155.416666666667,34.4223404255319,45.4208333333333,239.5,9.51,35.5,28.0,66.1333333333333,163.0,88.2,31.025,15.0,26.1979166666667,53.7,244.5,339.5,44.16875,75.1,62.8,51.4,28.45,353.75,444.5,132.0,46.3,12.2,165.84,27.15,17.25,79.0859375,22.009375,35.0,10.6666666666667,103.0,6.58588235294118,7.47,15.1833333333333,43.55,6.89,17.0071428571429,68.6333333333333,25.55,267.5,60.2,8.18,38.35,24.5,79.2785714285714,67.8576086956522,24.55,73.9044444444444,197.25,3.73,8.96774193548387,92.2,154.5,54.9,18.6827586206897,82.4,433.0,192.285714285714,7.76,141.5,62.6,17.4045454545455,51.3,10.65,14.775,16.5055555555556,,199.5,18.05,27.15,10.8307692307692,29.4,8.96,12.15,20.85,17.3,42.3807692307692,46.7083333333333,8.79,19.6,16.7429824561403,24.5015957446809,14.4,10.1571428571429,14.4947368421053,19.7455,17.9967391304348,204.0,78.1666666666667,1185.0,28.9,119.5,51.7,96.1857142857143,95.1333333333333,24.3606060606061,89.7,72.6,10.4010204081633,28.7,171.0,15.55,33.2,25.89,63.4,27.25,36.6528846153846,,73.2411764705882,153.0,50.5454545454545,80.5,16.2531914893617,10.45,109.5,43.85,94.5333333333334,75.75,,,229.5,,,80.0,,,44.5566666666667,70.9823529411765,214.5,74.44,199.0,45.95,35.8,77.8,57.825
45.7583333333333,38.125,52.9,89.7333333333333,78.0235294117647,69.1166666666667,13.4,46.2,84.75,33.8,35.0,344.166666666667,155.833333333333,34.4441176470588,45.45,239.0,9.51,35.5,27.975,66.1820512820513,163.0,88.2,31.1,15.0,26.177027027027,53.7,244.5,339.5,44.15,75.2,62.9666666666667,51.36,28.45,354.0,443.0,132.0,46.3,12.2116883116883,166.0,27.1596153846154,17.2,79.1,22.0333333333333,35.0076923076923,10.6666666666667,103.5,6.58,7.4725,15.15,43.55,6.89,17.0357142857143,68.7,25.55,267.65,60.2,8.17,38.35,24.4526315789474,79.1,67.9,24.55,73.8,196.5,3.73,8.96,92.3,154.5,54.9,18.6827586206897,82.4,433.166666666667,192.0,7.76,141.0,62.7,17.4,51.325,10.65,14.775,16.5,,199.5,18.05,27.2,10.8307692307692,29.4,8.96,12.15,20.85,17.3,42.3932432432432,46.7470588235294,8.79,19.6,16.7058139534884,24.5,14.4,10.1511450381679,14.5,19.75,17.9942307692308,204.0,78.1,1185.0,28.9,119.833333333333,51.7,96.2,95.2,24.3544444444445,89.7,72.6,10.4147435897436,28.7,171.0,15.59,33.2,25.9,63.4,27.2125,36.6541666666667,,73.3,153.0,50.6,80.5,16.3,10.45,109.75,43.85,94.5,75.75,,,229.5,,,79.925,,,44.5704545454546,70.9,214.5,74.6,199.0,45.95,35.81875,77.8,57.9058823529412
45.75,38.15,53.0,89.7333333333333,78.06,69.2,13.4,46.2,84.78,33.8,35.0,344.166666666667,156.0,34.4479166666667,45.45,239.0,9.51,35.5,27.95,66.2,163.0,88.2,31.1,15.0,26.2,53.4,244.5,340.0,44.1727272727273,75.1,62.9666666666667,51.4,28.45,353.666666666667,443.0,132.0,46.3,12.2202127659574,166.0,27.178125,17.3,79.0888888888889,22.05,35.0455882352941,10.7,103.305555555556,6.58,7.47,15.15,43.55,6.89,17.0357142857143,68.7,25.55,267.987804878049,60.2,8.17,38.35,24.5357142857143,79.1,67.9647058823529,24.6,73.8,196.5,3.73,8.95966777408638,92.3,154.5,54.85,18.6827586206897,82.4,433.285714285714,192.25,7.76,141.0,62.7,17.4,51.3,10.65,14.775,16.5,,199.5,18.05,27.15,10.85,29.4,8.97,12.2,20.85,17.3,42.36875,46.75,8.78777777777778,19.6449248120301,16.7104651162791,24.5083333333333,14.4,10.15,14.5,19.75,17.95,203.75,78.0580645161291,1185.0,28.9,119.5,51.7,96.2,95.2,24.3591772151899,89.7,72.6,10.4,28.7,171.15,15.53,33.15,25.85,63.4,27.2338709677419,36.656,,73.3,153.0,50.55,80.55,16.3,10.45,110.0,43.8,94.5375,75.7,,,230.0,,,79.975,,,44.6095744680851,70.95,214.5,74.6,199.0,45.95,35.9865853658537,77.9,57.9
45.75,38.1,53.0,89.7666666666667,78.0222222222222,69.2,13.42,46.15,84.78,33.8,35.0,344.166666666667,156.0,34.45,45.4333333333333,239.5,9.50225352112676,35.5,27.95,66.2,163.0,88.2,31.05,15.0,26.1842105263158,53.4,244.5,339.75,44.19,75.1208333333333,62.8,51.4,28.45,353.666666666667,443.0,132.0,46.3,12.2314814814815,166.0,27.1657142857143,17.3,79.0958333333333,22.0142857142857,35.05,10.7,103.361111111111,6.58,7.47,15.15,43.55,6.89,17.0,68.7,25.5514285714286,268.5,60.2,8.17,38.4,24.55,79.1,67.9333333333333,24.6,73.9,196.5,3.73,8.94858823529412,92.25,154.6,54.8,18.6,82.4,433.214285714286,192.0,7.76,141.25,62.7,17.4,51.3,10.65,14.75,16.5,,199.5,18.05,27.15,10.85,29.4,8.97,12.2,20.8722222222222,17.25,42.39375,46.7472972972973,8.78833333333333,19.64375,16.7483333333333,24.5090909090909,14.4,10.15,14.5,19.75,17.9583333333333,204.0,78.0111111111111,1185.0,28.9,119.5,51.7,96.1,95.2,24.3976190476191,89.7,72.6,10.4,28.7,171.0,15.5,33.1541666666667,25.85,63.4,27.2104166666667,36.652380952381,,73.3,153.0,50.5714285714286,80.5,16.3,10.45,110.0,43.8121212121212,94.5071428571429,75.7,,,230.0,,,80.0,,,44.65,70.9666666666667,214.4,74.6,199.5,46.0,35.998717948718,77.9,57.9090909090909
45.7807692307692,38.1,53.0,89.7,78.0666666666667,69.2115384615385,13.4,46.196875,84.75,33.8,35.0,344.5,156.0,34.45,45.4333333333333,239.5,9.5,35.5,27.95,66.1782608695652,163.0,88.2,31.1,14.95,26.1763157894737,53.7,244.5,339.75,44.15,75.1,62.9666666666667,51.4241379310345,28.49,353.666666666667,441.5,132.0,46.3,12.2141791044776,165.8125,27.153488372093,17.25,79.0555555555556,22.009375,35.0555555555556,10.7,103.384615384615,6.58,7.46785714285714,15.18,43.55,6.89,17.0,68.65,25.55,268.5,60.1333333333333,8.17,38.35,24.55,79.1,67.9,24.55,73.9,196.5,3.73,8.95,92.2857142857143,154.625,54.8,18.6,82.35,433.4,192.0,7.76,141.0,62.7,17.4,51.3,10.65,14.75,16.4,,199.5,18.05,27.15,10.85,29.4,8.97,12.2,20.8722222222222,17.262962962963,42.35,46.75,8.78977777777778,19.64,16.7178571428571,24.5023809523809,14.4,10.15,14.5,19.75,17.9971698113208,204.0,78.0,1185.0,28.9,119.5,51.7,96.1,95.2,24.3563829787234,89.62,72.6,10.3947867298578,28.7,171.416666666667,15.5388888888889,33.1954545454545,25.85,63.4,27.2333333333333,36.65,,73.2545454545455,153.0,50.5,80.5,16.2875,10.425,110.0,43.8565217391304,94.4333333333333,75.7333333333333,,,230.0,,,80.0,,,44.6823529411765,70.9,214.0,74.6666666666667,199.5,46.0,35.9777777777778,77.8833333333333,57.9
45.7807692307692,38.1,53.0,89.8,78.0,69.3,13.4,46.2175,84.7833333333333,33.8,35.0,344.5,156.0,34.45,45.45,239.5,9.51,35.5,27.95,66.2,163.0,88.2,31.05,14.95,26.1596698113208,53.7,244.5,339.75,44.2,75.2,62.9666666666667,51.5,28.45,353.666666666667,439.666666666667,132.0,46.3,12.2151785714286,165.923076923077,27.1727272727273,17.2666666666667,79.0304347826087,22.0454545454545,35.05,10.7,103.5,6.58,7.46785714285714,15.15,43.55,6.89,17.04,68.65,25.5466480446927,268.791666666667,60.2,8.17,38.35,24.5,79.1,67.8739130434783,24.55,73.85,196.5,3.73,8.94247081712062,92.2857142857143,154.5,54.8,18.6,82.3,433.25,192.25,7.76,141.5,62.6,17.4,51.3,10.65,14.75,16.4,,199.5,18.0583333333333,27.175,10.85,29.4,8.97,12.2,20.8833333333333,17.25,42.35625,46.78,8.8,19.6416666666667,16.748,24.55,14.4,10.1511111111111,14.45,19.74,17.95,203.5,78.0769230769231,1185.0,28.9142857142857,119.625,51.7,96.1,95.2,24.35,89.6,72.6,10.3583333333333,28.7,171.5,15.5388888888889,33.1513888888889,25.85,63.4133333333333,27.25,36.6431818181818,,73.2714285714286,152.875,50.5,80.5714285714286,16.3,10.4,109.75,43.875,94.4111111111111,75.6166666666667,,,230.0,,,80.0,,,44.6619402985075,70.9,214.0,74.6,199.5,45.95,35.975,77.8833333333333,57.9
45.7807692307692,38.1,53.0,89.8,78.0666666666667,69.2875,13.4,46.2,84.725,33.8291666666667,35.0,344.5,155.666666666667,34.4466216216216,45.45,239.5,9.51,35.5,27.95,66.1023809523809,163.0,88.2,31.05,14.95,26.1178571428571,53.7,244.5,339.5,44.15,75.1,62.9666666666667,51.5,28.4666666666667,353.666666666667,439.666666666667,132.0,46.3,12.2192307692308,166.0,27.18125,17.25,79.0536585365854,22.05,35.05,10.7,103.490196078431,6.58,7.46785714285714,15.15,43.55,6.89,17.0227272727273,68.6,25.5,269.0,60.1,8.17,38.35,24.5,79.1,67.7,24.55,73.8,196.5,3.73,8.94453608247423,92.3,155.0,54.8,18.6,82.3,433.125,192.0,7.76,141.027777777778,62.6,17.4,51.3,10.65,14.8,16.4,,199.5,18.05,27.19375,10.85,29.4,8.97,12.2,20.9,17.275,42.3928571428571,46.75,8.79,19.6166666666667,16.7342105263158,24.51875,14.4,10.15,14.45,19.75,17.95,204.0,78.0625,1185.0,28.9142857142857,119.5,51.7,96.1,95.2,24.3903225806452,89.6,72.6,10.4,28.7,171.5,15.5388888888889,33.2,25.85,63.5,27.203125,36.6,,73.3,152.875,50.5,80.56,16.3,10.45,109.535714285714,43.8,94.4,75.6333333333333,,,230.0,,,79.98,,,44.6904761904762,70.85,214.25,74.6,199.5,45.95,35.95,78.0,58.0
45.7521739130435,38.1,53.0,89.8,78.0129032258065,69.2837209302326,13.425,46.15,84.8,33.8,35.0,344.5,155.928571428571,34.45,45.45,239.5,9.51,35.5,27.9,66.1047619047619,163.0,88.2,31.05,14.95,26.1185185185185,53.7,244.5,340.0,44.2,75.17,62.9666666666667,51.5,28.45,353.666666666667,438.25,133.0,46.3384615384615,12.2197674418605,166.0,27.1811475409836,17.25,79.0153846153846,22.05,35.0611111111111,10.7,103.394736842105,6.57347826086956,7.46785714285714,15.15,43.55,6.89,17.05,68.7,25.5,268.875,60.1111111111111,8.17,38.35,24.5,79.1,67.7857142857143,24.55,73.86,196.75,3.73,8.94464646464646,92.3,154.696428571429,54.8,18.6,82.3,433.4375,192.482142857143,7.76,141.0,62.6,17.4,51.3,10.65,14.8,16.4,,200.0,18.05,27.2,10.85,29.4,8.97,12.2,20.9,17.25,42.36,46.7483333333333,8.79,19.6,16.7309523809524,24.5045454545455,14.4,10.1523255813953,14.45,19.75,17.95,204.0,78.0,1180.0,28.9142857142857,119.19512195122,51.7,96.1,95.2,24.4,89.6,72.6,10.38625,28.7,171.0,15.5,33.175,25.9,63.5,27.215,36.6464285714286,,73.2,152.875,50.4,80.5333333333333,16.3,10.4065217391304,109.5,43.85,94.3,75.5,,,230.0,,,80.0,,,44.7,70.8,214.0,74.6,199.5,45.94,36.0105263157895,78.0,58.0
45.75,38.15,53.0,89.7666666666667,78.0666666666667,69.2833333333333,13.4,46.15,84.7666666666667,33.8,35.0045454545455,344.5,155.5,34.4933333333333,45.45,240.0,9.5,35.5,27.9416666666667,66.1035294117647,163.0,88.2,31.05,14.95,26.1444444444444,53.4,244.5,340.0,44.2,75.1625,62.9666666666667,51.5,28.4772727272727,353.833333333333,438.0,133.0,46.3,12.2172413793103,166.0,27.15,17.25,79.0754385964912,22.05,35.0455882352941,10.7,103.441176470588,6.57,7.47,15.15,43.55,6.89,17.05,68.7,25.5,269.15,60.1,8.17,38.35,24.55,79.1,67.7,24.55,73.9,196.75,3.73,8.94,92.3,154.75,54.8,18.6,82.3,433.166666666667,192.428571428571,7.77,141.0,62.7,17.4,51.3,10.65,14.8,16.5,,200.0,18.05,27.2,10.85,29.4,8.97,12.2,20.9,17.25,42.35,46.75,8.79,19.65,16.7185714285714,24.5103448275862,14.4,10.155,14.45,19.75,17.95,204.0,78.08,1180.0,28.9142857142857,119.5,51.7,96.1,95.2716981132075,24.4,89.6,72.6,10.3552380952381,28.7,171.0,15.55,33.15,25.9,63.4,27.15,36.65125,,73.15,152.5,50.5,80.5956521739131,16.3,10.45,109.5,43.87,94.3045454545454,75.5,,,230.0,,,80.2333333333333,,,44.6951923076923,70.72,214.5,74.65,199.25,45.9,36.05,77.9230769230769,58.0
45.75,38.15,53.0,89.7666666666667,78.0892857142857,69.2777777777778,13.4,46.2,84.7,33.84,35.0035714285714,344.25,155.5,34.4666666666667,45.45,240.0,9.5,35.5,27.9416666666667,66.1,163.0,88.2,31.05,14.95,26.1421875,53.7,244.538461538462,340.0,44.15,75.0976470588235,63.0,51.5,28.5,353.0,438.25,133.0,46.3844827586207,12.2166666666667,165.666666666667,27.15,17.25,79.0851851851852,22.0428571428571,35.0,10.7,103.1875,6.57,7.4690625,15.15,43.55,6.89,17.0333333333333,68.6333333333333,25.5,269.5,60.1,8.17,38.3464285714286,24.5,79.0416666666667,67.7857142857143,24.55,73.9,196.666666666667,3.73,8.94192307692308,92.29,154.5,54.8,18.6,82.6,433.08,192.0,7.76,141.1,62.7,17.4,51.3,10.65,14.8,16.4,,200.0,18.05,27.18,10.85,29.4,8.97,12.2,20.88,17.25,42.35,46.7423728813559,8.78833333333333,19.6,16.7,24.509375,14.4,10.15,14.45,19.7487068965517,17.95,204.0,78.05,1180.0,29.0,119.875,51.8,96.1,95.46,24.365,89.6,72.6,10.3840909090909,28.7,171.0,15.5161290322581,33.15,25.9,63.5,27.1476190476191,36.65,,73.1,152.5,50.4,80.6,16.3,10.4,109.5,43.9,94.3,75.5,,,230.0,,,80.05,,,44.698275862069,70.85,214.5,74.65,199.0,45.9,36.05,78.0,58.0
45.8089147286822,38.15,53.0111111111111,89.7666666666667,78.1,69.25,13.425,46.19,84.76,33.8,35.05,344.433333333333,155.6875,34.4837837837838,45.4,240.5,9.5,35.5,27.9,66.0897959183673,163.0,88.1,31.0,14.95,26.1536496350365,53.7,244.0,340.0,44.1833333333333,75.0,62.8,51.5041666666667,28.5,353.0,437.5,132.5,46.4,12.2,166.0,27.15,17.25,79.0571428571429,22.0074468085106,35.0,10.7,103.421875,6.57,7.47,15.15,43.55,6.89,17.0106060606061,68.65,25.5,269.5,60.08,8.17,38.35,24.4875,79.0,67.8,24.55,73.8166666666667,196.666666666667,3.73,8.9425,92.2,155.0,54.8,18.6,82.4,432.802469135803,192.166666666667,7.76,141.25,62.6,17.4033333333333,51.2,10.65,14.7916666666667,16.4,,200.0,18.05,27.2,10.85,29.4,8.97,12.2,20.88,17.25,42.3875939849624,46.7022123893805,8.78073170731708,19.6,16.7,24.5,14.4,10.15,14.4944444444444,19.75,17.95,204.0,78.0565217391304,1180.0,28.9,119.5,51.7,96.1142857142857,95.46,24.3909090909091,89.6,72.6,10.3631147540984,28.7,171.5,15.5161290322581,33.17,25.9,63.4,27.1274647887324,36.6541666666667,,73.0222222222222,152.5,50.4,80.6,16.27,10.4,109.5,43.9,94.25,75.4,,,230.0,,,79.9933333333333,,,44.7,70.8,214.5,74.6666666666667,199.0,45.9,36.05,78.0,57.9
45.8,38.1,53.0071428571429,89.7666666666667,78.0875,69.2615384615385,13.45,46.15,84.7888888888889,33.8,35.05,344.954545454545,155.5,34.4525974025974,45.4573529411765,240.5,9.50545454545455,35.5,27.9,66.1,163.0,88.0666666666667,31.0,14.95,26.1802631578947,53.7,244.25,340.0,44.175,74.8105263157895,62.8,51.5607142857143,28.5,353.0,437.5,132.5,46.45,12.2,165.8,27.15,17.25,79.1,22.0192307692308,35.0458333333333,10.7,103.5,6.57,7.47,15.2,43.55,6.89,17.05,68.7,25.45,269.5,60.05,8.17,38.3,24.5,79.0,67.8,24.55,73.8,196.0,3.73,8.94024390243902,92.2888888888889,155.0,54.8,18.6,82.4,432.35,192.0,7.76,141.4,62.6,17.4,51.2,10.6833333333333,14.75,16.4,,200.0,18.05,27.1527777777778,10.85,29.4,8.96181818181818,12.2,20.88,17.25,42.3469512195122,46.7125,8.78896551724138,19.6,16.7,24.5,14.4,10.1516393442623,14.45,19.7465034965035,17.95,204.0,78.0272727272727,1182.5,28.9,119.5,51.7,96.125,95.5,24.3666666666667,89.6,72.6,10.3727941176471,28.7,171.1875,15.5,33.17,25.86,63.4,27.15,36.65,,73.0,152.5,50.425,80.6,16.3,10.4071428571429,109.5,43.85,94.2,75.4375,,,230.0,,,79.9,,,44.75,70.8,214.0,74.6666666666667,199.0,45.8535714285714,36.05,77.9,57.9666666666667
45.85,38.1,52.9995433789954,89.7666666666667,78.0153846153846,69.2818181818182,13.4,46.1461538461538,84.7142857142857,33.8,35.0136363636364,345.0,155.5,34.4242857142857,45.5,240.5,9.50545454545455,35.5333333333333,27.9458333333333,66.1,163.0,88.0666666666667,31.0,14.95,26.1575757575758,53.7,244.5,339.75,44.2,75.0352941176471,62.9666666666667,51.6,28.5,353.0,437.0,132.5,46.4357142857143,12.2,166.0,27.15,17.25,79.0757575757576,22.01875,35.0,10.6886363636364,103.396825396825,6.57,7.47,15.15,43.55,6.89,17.0,68.7,25.4394736842105,269.25,60.0,8.16,38.3,24.5,78.9972222222222,67.7333333333333,24.55,73.9,196.5,3.73,8.94230769230769,92.23125,154.8125,54.8095238095238,18.7,82.4,432.222222222222,192.0,7.76,141.25,62.6,17.4,51.2,10.675,14.75,16.4411764705882,,200.0,18.0732142857143,27.15,10.85,29.35,8.96,12.15,20.9,17.2625,42.3142857142857,46.7,8.7844262295082,19.6,16.6605263157895,24.5,14.4117647058824,10.1506172839506,14.5,19.75,17.9957446808511,203.5,78.1,1185.0,28.95,119.5,51.7285714285714,96.15,95.425,24.3561224489796,89.6,72.6,10.3867469879518,28.65,171.0,15.5,33.15,25.85,63.5,27.15,36.6155172413793,,73.0,152.75,50.4,80.6,16.2833333333333,10.4366666666667,109.333333333333,43.875,94.3,75.3205882352941,,,230.0,,,80.0,,,44.7605263157895,70.6666666666667,214.0,74.8,199.0,45.85,36.05,77.9,58.0
45.8,38.1,52.9833333333333,89.7666666666667,78.08,69.2555555555555,13.4,46.1,84.7,33.8,35.05,345.0,156.0,34.4016129032258,45.5,240.5,9.51,35.5333333333333,27.9458333333333,66.2,163.0,88.0,31.0,14.95,26.1920454545455,53.5666666666667,244.958333333333,339.5,44.1666666666667,74.9666666666667,62.9666666666667,51.6,28.5,353.0,437.0,132.5,46.4,12.2054945054945,166.0,27.15,17.25,79.0142857142857,22.0083333333333,35.0214285714286,10.7,103.5,6.56916666666667,7.5,15.15,43.55,6.89,17.0416666666667,68.7,25.4,269.5,60.1,8.16,38.3,24.4875,78.9,67.6358974358974,24.55,73.8,196.5,3.73,8.94190476190476,92.3,155.0,54.8,18.7,82.4,432.5,192.0,7.76,141.5,62.6,17.4,51.2,10.675,14.75,16.4901960784314,,200.0,18.0732142857143,27.15,10.85,29.4,8.96,12.15,20.8928571428571,17.2625,42.31,46.725,8.78,19.6325,16.6769230769231,24.5,14.4,10.15,14.4666666666667,19.7468871595331,17.95,204.0,78.04,1185.0,28.9,119.5,51.7,96.1,95.5772151898734,24.3810810810811,89.4733333333333,72.62,10.3521428571429,28.65,171.0,15.5,33.15,25.85,63.5,27.1854166666667,36.65,,72.9,153.0,50.4,80.6,16.3,10.4366666666667,109.5,43.9,94.3,75.3545454545454,,,230.0,,,80.0,,,44.7922535211268,70.8,214.0,74.8,199.0,45.85,36.0,77.9,57.9166666666667
45.8,38.1,52.9,89.7666666666667,78.0,69.3,13.41,46.24,84.7666666666667,33.8,35.05,345.0,156.0,34.4458333333333,45.5,240.5,9.51,35.5333333333333,27.9,66.196875,163.0,88.0,31.0,14.95,26.1851351351351,53.5666666666667,244.5,339.5,44.15,74.8,62.9666666666667,51.6,28.5,353.0,437.0,132.5,46.3633333333333,12.2,165.95,27.15,17.25,79.0518518518519,22.02,35.005,10.7,103.5,6.56285714285714,7.51,15.15,43.55,6.89,17.05,68.7,25.4,269.5,60.0,8.17,38.3,24.4545454545454,78.9,67.7739130434783,24.55,73.9,196.5,3.73,8.94106382978723,92.2833333333334,155.0,54.8,18.7,82.4,432.5,192.0,7.76,141.5,62.6,17.3642857142857,51.2,10.65,14.75,16.49,,200.0,18.0558823529412,27.15,10.85,29.3554245283019,8.96,12.15,20.8928571428571,17.25,42.3111111111111,46.7166666666667,8.78,19.65,16.6757575757576,24.5035714285714,14.4,10.15,14.45,19.75,17.95,204.0,78.0,1185.0,28.9,119.5,51.7,96.1,95.8,24.3833333333333,89.4733333333333,72.62,10.3571428571429,28.65,171.346153846154,15.53,33.2,25.85,63.4,27.202380952381,36.7,,72.9,153.0,50.4,80.68,16.3,10.4,109.25,43.9125,94.2,75.3833333333333,,,230.0,,,80.0,,,44.806746031746,70.8,214.0,74.8,199.5,45.9,36.0,77.9,57.9
45.8,38.1,52.9975609756098,89.7666666666667,78.0,69.2666666666667,13.4,46.17,84.7,33.8,35.0027777777778,346.0,156.0,34.4086956521739,45.5,241.0,9.51,35.6,27.9,66.125,163.166666666667,88.0,31.0,14.95,26.165,53.6,244.5,339.5,44.16875,74.9555555555555,63.0,51.6,28.5,353.0,439.0,132.5,46.3633333333333,12.2166666666667,166.0,27.1019083969466,17.25,79.0555555555556,22.05,35.0214285714286,10.7,103.5,6.56458333333333,7.51,15.15,43.5,6.89,17.0027777777778,68.7,25.4,269.5,60.05,8.17,38.2582089552239,24.5,78.9,67.7411764705882,24.5,73.8666666666667,196.75,3.73,8.94217391304348,92.26,155.0,54.8,18.6,82.3,432.333333333333,192.125,7.77,141.5,62.6,17.4075,51.2,10.65,14.75,16.4545454545455,,200.0,18.0904761904762,27.15,10.85,29.3863636363636,8.97,12.15,20.8928571428571,17.25,42.3333333333333,46.7227272727273,8.78,19.6288461538462,16.6914634146341,24.5,14.4,10.1511904761905,14.5,19.7508720930233,17.95,204.0,78.0538461538462,1180.0,28.9,119.5,51.7,96.15,95.7,24.4,89.7,72.7,10.3721518987342,28.65,171.0,15.5125,33.1638888888889,25.85,63.4,27.3,36.6548387096774,,73.0,153.0,50.4,80.66,16.3,10.4,109.0,43.92,94.1444444444444,75.3833333333333,,,230.0,,,80.0,,,44.8516129032258,70.8,214.0,74.5,199.5,45.9,36.0,77.9,57.9
45.8,38.1078947368421,53.0,89.7666666666667,78.0,69.285,13.45,46.15,84.7,33.845,35.05,347.0,156.0,34.45,45.5,241.115384615385,9.51,35.55,27.9,66.2,163.166666666667,88.0,31.0,15.0,26.1578534031414,53.6,244.5,339.5,44.15,74.9,63.0,51.6190476190476,28.5,354.0,437.5,132.5,46.35,12.2133333333333,165.909090909091,27.1417808219178,17.25,79.1,22.03,35.0090909090909,10.7,103.5,6.56238095238095,7.5,15.15,43.5,6.89,17.0,68.7,25.4081081081081,269.5,60.1,8.17,38.2983870967742,24.5125,78.9,67.65,24.5,73.8666666666667,197.0,3.73,8.94086206896552,92.2833333333334,155.038461538462,54.8714285714286,18.6,82.3,432.166666666667,192.0,7.77,141.375,62.6,17.4,51.2,10.65,14.75,16.4545454545455,,200.0,18.05,27.15,10.85,29.3805555555556,8.97,12.15,20.85,17.25,42.31,46.7467741935484,8.78,19.6,16.6605263157895,24.5,14.4,10.15,14.45,19.7595744680851,17.95,204.0,78.1,1180.0,28.9,119.5,51.7,96.1,95.6871794871795,24.35,89.4,72.7,10.35390625,28.65,171.5,15.55,33.1571428571429,25.85,63.4,27.3458333333333,36.65,,72.95,153.0,50.5,80.6,16.3,10.42,109.5,43.9683333333333,94.1172413793103,75.4,,,230.5,,,80.0,,,44.8786885245902,70.8,214.166666666667,74.5,199.5,45.9,35.9555555555556,77.9,57.86
45.8083333333333,38.1078947368421,53.0,89.7666666666667,78.0,69.2611111111111,13.4391304347826,46.1333333333333,84.7,33.85,35.05,348.0,156.0,34.4192307692308,45.5,241.5,9.50090909090909,35.55,27.9,66.1,163.166666666667,88.0,31.0,15.0,26.13125,53.6,244.5,338.794117647059,44.15,74.9,63.0,51.5111111111111,28.5,354.0,437.5,132.5,46.35,12.2210526315789,166.0,27.109649122807,17.25,79.04,22.0,35.005,10.7,103.225,6.56878048780488,7.5,15.15,43.5,6.89,17.04,68.7,25.4,269.5,60.1,8.16,38.3,24.451724137931,78.9,67.7,24.5,73.8666666666667,197.0,3.73,8.94537704918033,92.3,155.0,54.8863636363636,18.6,82.3,432.5,192.0,7.77,141.0,62.6,17.4,51.2,10.65,14.825,16.452380952381,,200.0,18.05,27.15,10.85,29.3603448275862,8.97,12.15,20.85,17.25,42.3825980392157,46.7166666666667,8.78,19.6,16.6586956521739,24.5016666666667,14.4,10.1521276595745,14.497619047619,19.7518041237113,17.95,204.0,78.0625,1183.33333333333,28.9,119.5,51.7,96.2,95.6907407407408,24.4,89.4,72.8,10.35,28.65,171.454545454545,15.55,33.15,25.9,63.4333333333333,27.35,36.6214285714286,,72.9666666666667,153.0,50.5,80.6,16.3,10.45,109.375,43.9653846153846,94.1666666666667,75.6,,,230.5,,,80.1,,,44.858024691358,70.8,214.5,74.5,199.5,45.9,36.0,77.9,57.8
45.8428571428571,38.125,53.0,89.7,78.0,69.2933333333333,13.4,46.1,84.7,33.85,35.05,349.320512820513,156.258620689655,34.45,45.5,241.5,9.5,35.6,27.9,66.1945945945946,163.166666666667,88.0,31.0,15.0,26.15,53.56,244.666666666667,338.5,44.1875,74.9,63.0,51.6,28.5,355.0,437.0,132.5,46.3973684210526,12.2170454545455,165.909090909091,27.1205882352941,17.26875,79.0685185185185,22.0,35.0318181818182,10.7,103.486111111111,6.56411764705882,7.5,15.15,43.5,6.89,17.0416666666667,68.7,25.4,269.473684210526,60.1,8.16,38.3,24.5045454545455,78.9,67.73,24.5,73.9,197.0,3.73,8.94725,92.3,155.0,54.8,18.6,82.3,432.5,192.25,7.76,141.166666666667,62.6,17.4,51.3,10.65,14.825,16.4545454545455,,200.0,18.05,27.15,10.85,29.4,8.97,12.15,20.9,17.25,42.375,46.7,8.7865,19.6454545454545,16.6826923076923,24.5,14.4,10.15,14.45,19.7794117647059,17.95,204.0,78.025,1183.33333333333,28.9,119.8,51.7,96.2,95.7,24.3525862068966,89.4,72.7333333333333,10.35,28.65,171.0,15.525,33.15,25.9,63.5,27.4,36.6214285714286,,72.9,153.0,50.5,80.6,16.3,10.45,109.214285714286,43.925,94.18,75.6,,,230.5,,,80.0,,,44.8023364485981,70.8,214.5,74.7,199.5,45.9,36.0,77.9,57.8
45.8166666666667,38.1,52.9,89.7,78.0,69.2515151515152,13.4,46.2,84.7,33.85,35.0714285714286,349.894736842105,156.560606060606,34.4210526315789,45.5,241.7,9.5,35.6,27.9,66.1952380952381,163.166666666667,88.0,31.0,15.0,26.1456140350877,53.56,244.5,338.0,44.15,74.9981132075472,62.9833333333333,51.6,28.5,355.0,437.0,132.5,46.4705,12.2108695652174,165.75,27.1193548387097,17.26875,79.1,22.0,35.0,10.7,103.146341463415,6.56470588235294,7.496,15.15,43.5,6.89,17.0,68.7,25.4,269.166666666667,60.0,8.16,38.3,24.5045454545455,78.925,67.8,24.5,73.9,197.0,3.73,8.946,92.28,155.0,54.8,18.6,82.5,432.785714285714,192.3125,7.76,141.0,62.6,17.4,51.3,10.65,14.825,16.4545454545455,,200.0,18.05,27.111038961039,10.85,29.3846153846154,8.97,12.15,20.9,17.25,42.3541666666667,46.7,8.78454545454545,19.6,16.6833333333333,24.5,14.425,10.15,14.45,19.792,17.95,204.0,78.0666666666667,1180.0,28.85,119.25,51.7,96.2,95.7,24.375,89.4,72.7333333333333,10.3547297297297,28.65,171.0,15.55,33.15,25.9,63.4,27.4,36.6,,73.0,153.0,50.4,80.6,16.3,10.4,109.0,43.85,94.2,75.5,,,230.5,,,80.1,,,44.8385416666667,70.8,214.25,74.7,199.0,45.85,36.0,77.9,57.8
45.85,38.1,52.9969696969697,89.7,78.0,69.2117647058824,13.4166666666667,46.1,84.75,33.85,35.05,350.106060606061,156.5,34.45,45.5,241.5,9.5,35.55,27.9,66.1,163.166666666667,88.0,31.05,15.0,26.1416666666667,53.6,244.5,339.0,44.18,75.1432432432432,62.9,51.6046875,28.5,353.0,437.0,132.5,46.45,12.2178571428571,166.0,27.1465753424657,17.25,79.0606557377049,22.0,35.0083333333333,10.7,103.007943713118,6.57,7.496,15.15,43.5,6.89,17.0161290322581,68.6,25.401724137931,269.25,60.0,8.16,38.3,24.55,78.9,67.75,24.5,73.9,197.5,3.73,8.95,92.2,155.0,54.8,18.6,82.3,432.9,192.0,7.76,141.322580645161,62.5666666666667,17.45,51.3,10.65,14.825,16.45,,200.0,18.075,27.1,10.85,29.4,8.97,12.2,20.9,17.25,42.3583333333333,46.7086206896552,8.78,19.6168539325843,16.6753731343284,24.5171052631579,14.4,10.175,14.45,19.7583333333333,17.95,204.0,78.1,1180.0,28.85,119.5,51.6866666666667,96.2,95.7,24.3615384615385,89.4,72.7333333333333,10.35,28.65,171.0,15.55,33.15,25.9,63.4,27.35,36.6,,73.2192771084337,153.0,50.5,80.6,16.3,10.45,109.333333333333,43.94375,94.3,75.6,,,230.5,,,80.1,,,44.7015625,70.8,214.333333333333,74.5,199.0,45.85,35.9333333333333,77.9,57.8
45.869246031746,38.125,53.0871794871795,89.7,78.0666666666667,69.2428571428571,13.4375,46.1,84.7,33.85,35.1,351.814814814815,156.5,34.4458333333333,45.5,241.5,9.49,35.7,27.9,66.1,163.25,88.0,31.0,15.0,26.1402298850575,53.6,244.5,339.0,44.15,75.25,62.8,51.65,28.5666666666667,353.0,437.0,132.5,46.4142857142857,12.2,166.484126984127,27.15,17.25,79.0272727272727,22.0,35.0166666666667,10.7,102.878787878788,6.56,7.496,15.15,43.5,6.89,17.0,68.7,25.4,269.214285714286,60.05,8.17,38.3,24.55,79.0,67.8,24.5,73.9,197.5,3.73,8.94067567567568,92.26,155.0,54.8,18.6,82.3,432.75,192.111111111111,7.76,141.0,62.5666666666667,17.45,51.4,10.65,14.825,16.45,,200.0,18.0833333333333,27.1307692307692,10.85,29.4,8.97,12.15,20.9,17.25,42.3583333333333,46.75,8.78833333333333,19.6,16.66,24.5,14.3689189189189,10.15,14.4666666666667,19.75,17.95,204.0,78.1,1185.0,28.85,119.25,51.8,96.1,95.7,24.35,89.4,72.7333333333333,10.3666666666667,28.6,171.0,15.5065217391304,33.2,25.9,63.4,27.35,36.65,,73.3,153.0,50.5,80.6,16.3,10.45,109.5,43.95,94.3,75.5666666666667,,,230.5,,,80.1,,,44.646,70.6,214.25,74.5,199.5,45.85,35.9333333333333,77.9,57.8
45.9,38.1,53.0,89.7666666666667,78.0,69.2,13.41,46.06875,84.7,33.85,35.0714285714286,350.833333333333,156.5,34.4333333333333,45.4666666666667,241.5,9.49230769230769,35.7,27.9,66.1137931034483,163.25,87.9714285714286,31.0,15.0,26.1488764044944,53.6,244.5,338.333333333333,44.2,75.2,62.8,51.6108695652174,28.5,353.0,437.0,132.5,46.45,12.2179487179487,166.5,27.1070707070707,17.2642857142857,79.1,21.95,35.0,10.7,102.5,6.57,7.48,15.15,43.5166666666667,6.89,17.0,68.7,25.4,269.2,60.0,8.17,38.3,24.55,79.0,67.8,24.5,73.9,197.5,3.73,8.94037974683544,92.2,155.0,54.8,18.6,82.3,432.833333333333,192.0,7.76,141.0,62.5666666666667,17.45,51.4,10.65,14.825,16.45,,200.0,18.05,27.15,10.85,29.4,8.97,12.15,20.9,17.25,42.3666666666667,46.7,8.78909090909091,19.6,16.6666666666667,24.5111111111111,14.38125,10.15,14.5,19.7512820512821,17.95,204.0,78.2,1185.0,28.85,119.0,51.6,96.175,95.7,24.3730769230769,89.4,72.7333333333333,10.35,28.6,171.0,15.5,33.15,25.9,63.5,27.35,36.621875,,73.35625,153.0,50.5,80.525,16.3,10.4,109.5,43.95,94.25,75.5,,,230.5,,,80.1222222222222,,,44.6045454545455,70.6,214.0,74.5,199.5,45.85,35.85,77.9,57.8
45.85,38.1,53.0,89.7333333333333,78.0,69.2,13.41,46.05,84.7,33.85,35.05,350.916666666667,156.6,34.4063829787234,45.45,241.5,9.4925,35.7,27.9933333333333,66.1,163.033333333333,87.9714285714286,31.0,15.0,26.1440476190476,53.6,244.25,338.0,44.16875,75.2,62.8,51.5583333333333,28.45,353.0,437.0,132.5,46.4,12.2061475409836,166.962962962963,27.1389705882353,17.25,79.0229629629629,21.9318181818182,35.0238095238095,10.65,102.565217391304,6.56697674418605,7.5,15.15,43.5,6.89,17.02,68.7,25.4,269.15,60.0,8.16,38.25,24.5,78.9,67.8,24.5,73.8,197.666666666667,3.73,8.94,92.2,155.0,54.8705882352941,18.7,82.3,432.565217391304,192.0,7.77,141.0,62.5941176470588,17.45,51.4,10.65,14.825,16.5,,200.0,18.1,27.15,10.85,29.3575,8.97,12.15,20.9,17.3,42.3986842105263,46.7,8.78705882352941,19.6,16.6611111111111,24.5,14.3923076923077,10.2,14.5,19.7535714285714,17.9967391304348,204.0,78.2,1180.0,28.85,119.166666666667,51.6,96.2,95.6666666666667,24.3538461538462,89.4,72.7333333333333,10.3848739495798,28.6,171.0,15.5333333333333,33.15,25.85,63.4,27.35,36.6,,73.26,153.0,50.5142857142857,80.5666666666667,16.3,10.45,109.5,43.95,94.2,75.5,,,230.5,,,80.3,,,44.6,70.8,214.0,74.55,199.5,45.95,35.85,77.9,57.8
45.9,38.1333333333333,53.0,89.7,78.0,69.2,13.4,46.125,84.7333333333333,33.85,35.052380952381,351.588235294118,156.833333333333,34.4,45.455,241.5,9.5,35.7,27.9933333333333,66.1,162.886363636364,87.9,31.04375,15.0,26.1416666666667,53.6,243.970588235294,338.0,44.16875,75.2,62.8,51.5928571428571,28.45,353.0,437.0,132.5,46.4,12.2175,166.904761904762,27.15,17.25,79.1,21.95,35.0,10.7,102.611111111111,6.57,7.5,15.15,43.5,6.89,17.0,68.64,25.4,269.142857142857,60.1,8.16,38.25,24.55,78.9,67.8526315789474,24.5,73.8666666666667,197.5,3.73,8.94,92.2333333333333,155.5,54.9472527472527,18.6,82.3,432.5,192.0,7.77,141.0078125,62.6,17.45,51.4,10.65,14.8,16.5,,199.5,18.05,27.1,10.85,29.3907407407407,8.97,12.15,20.9,17.25,42.36,46.75,8.79,19.6,16.6794117647059,24.5,14.4,10.2,14.45,19.758,17.95,204.0,78.2,1180.83333333333,28.9,119.041666666667,51.6,96.1,95.5,24.3608695652174,89.3,72.7333333333333,10.3604166666667,28.6,171.5,15.55,33.15,25.85,63.5,27.35,36.6025316455696,,73.2,152.5,50.5,80.6,16.3,10.4,109.277777777778,43.8666666666667,94.1090909090909,75.5,,,230.5,,,80.46,,,44.5719696969697,70.8,214.25,74.65,199.5,45.95,35.85,77.9,57.8
45.85,38.15,53.1,89.8,78.0,69.25,13.4166666666667,46.17,84.6625,33.85,35.05,352.702702702703,157.0,34.4,45.4,241.5,9.5,35.55,27.9933333333333,66.1963636363636,162.886363636364,87.9,31.1,14.9536496350365,26.1438596491228,53.4,244.0,337.5,44.175,75.2,62.8,51.52,28.45,354.0,437.0,132.5,46.3666666666667,12.2170731707317,166.54347826087,27.1369565217391,17.25,79.0212121212121,21.95,35.0,10.7,102.65,6.57,7.48421052631579,15.15,43.55,6.89,17.0375,68.64,25.4,269.1875,60.1,8.16,38.25,24.55,78.9,67.9,24.5,73.9,197.5,3.73,8.9428,92.3,155.5,54.9372881355932,18.6,82.3,432.5,192.0,7.77,141.0,62.6,17.45,51.4,10.65,14.8,16.5,,199.5,18.05,27.1,10.85,29.4,8.97,12.15,20.9,17.25,42.35,46.7466666666667,8.79,19.6384615384615,16.689,24.5,14.397619047619,10.15,14.45,19.8,17.95,204.0,78.25,1180.35714285714,28.9,119.0,51.7,96.1,95.5,24.3504950495049,89.3,72.7333333333333,10.3676470588235,28.6,171.5,15.55,33.15,25.85,63.4,27.35,36.55,,73.1294117647059,152.5,50.5,80.6,16.25,10.415625,109.5,43.85,94.1,75.4,,,230.5,,,80.46,,,44.5163043478261,70.7,214.25,74.65,199.5,45.925,35.9,77.9,57.8555555555555
45.85,38.125,53.0238095238095,89.7285714285714,78.0,69.2222222222222,13.4,46.05,84.6,33.85,35.055,354.15625,157.0,34.4333333333333,45.4,241.5,9.50384615384615,35.55,27.9933333333333,66.2,163.0,87.9,31.05,14.95,26.1328947368421,53.4,244.0,337.5,44.15,75.2,62.7,51.5904761904762,28.45,354.0,437.0,132.5,46.3666666666667,12.2081395348837,167.0,27.1425,17.25,79.1,21.93,35.0,10.7,102.833333333333,6.58,7.48,15.15,43.55,6.89,17.0,68.64,25.4,269.111111111111,60.1,8.15,38.25,24.55,79.0,67.8232558139535,24.5,73.88,197.5,3.73,8.94,92.2,155.0,54.9,18.6,82.3,432.5,192.0,7.77,141.0,62.6,17.45,51.4,10.65,14.8,16.5,,199.5,18.05,27.1,10.85,29.4,8.97,12.15,20.9,17.25,42.3625,46.7305555555556,8.79,19.6,16.6882352941176,24.5,14.3893939393939,10.1505617977528,14.5,19.7979166666667,17.95,204.0,78.25,1180.0,28.9,119.0,51.7,96.1,95.5,24.35,89.3,72.7333333333333,10.3666666666667,28.6,171.0,15.55,33.15,25.85,63.5,27.35,36.5928571428571,,73.0,152.5,50.6,80.6,16.25,10.4205882352941,109.285714285714,43.85,94.2052631578948,75.4,,,230.5,,,80.5,,,44.4970588235294,70.7,214.25,74.8,199.5,45.925,35.9,77.9,57.8
45.8772727272727,38.11,53.0294117647059,89.7,78.0,69.2769230769231,13.4,46.025,84.6,33.85,35.05,354.055555555556,157.480392156863,34.45,45.4,241.166666666667,9.5,35.55,27.9,66.175,163.0,88.0,31.05,14.9092857142857,26.15,53.6,244.0,337.5,44.2,75.2,62.8,51.5,28.45,354.0,437.0,132.5,46.3666666666667,12.20625,167.0,27.1,17.25,79.1,21.95,35.0,10.7,102.5,6.58,7.48,15.15,43.525,6.89,17.0,68.7,25.35,269.0,60.1,8.15,38.2176470588235,24.55,79.0,67.7076923076923,24.5,73.8705882352941,197.0,3.73,8.94,92.2,155.0,54.8,18.6,82.3,432.5,192.0,7.77,141.0,62.6,17.4483870967742,51.4,10.65,14.8,16.5,,199.5,18.05,27.1092307692308,10.85,29.4,8.97,12.15,20.9,17.25,42.3636363636364,46.75,8.78,19.6357142857143,16.6727272727273,24.5,14.3707317073171,10.2,14.45,19.75,17.95,204.0,78.3,1180.0,28.85,119.0,51.7,96.16,95.5,24.35,89.3,72.6,10.3736842105263,28.6,171.0,15.5442307692308,33.15,25.87,63.4,27.3,36.5933333333333,,73.0,152.5,50.6,80.6,16.3,10.45,109.5,43.8833333333333,94.125,75.4,,,230.5,,,80.5,,,44.475,70.6,214.5,74.8,199.5,45.9,35.9,77.9,57.8
45.85,38.148,53.1,89.8,78.025,69.25,13.4083333333333,46.0,84.625,33.85,35.05,352.916666666667,157.583333333333,34.4,45.4,241.0,9.5,35.55,27.9,66.1,163.0,88.0,31.05,14.9045454545455,26.1,53.6,244.0,337.5,44.16875,75.2,62.8,51.6,28.4,353.0,437.0,132.5,46.4,12.2055555555556,166.833333333333,27.1197674418605,17.25,79.0322916666667,21.95,35.0,10.65,102.833333333333,6.58,7.48,15.15,43.525,6.89,17.0,68.7,25.35,269.0,60.0333333333333,8.15,38.2176470588235,24.5,79.0606060606061,67.8,24.5,73.9,197.0,3.73,8.94,92.275,155.5,54.8961538461538,18.65,82.3,432.5,191.943181818182,7.77,141.0,62.5333333333333,17.4445945945946,51.4,10.65,14.75,16.5,,199.5,18.05,27.15,10.85,29.4,8.97,12.15,20.95,17.25,42.3541666666667,46.75,8.78196078431372,19.6234375,16.6941860465116,24.4957264957265,14.3904761904762,10.15,14.45,19.7809523809524,17.95,204.0,78.3,1181.66666666667,28.896875,119.0,51.8,96.1,95.5,24.35,89.3,72.6,10.3971698113208,28.6,171.0,15.55,33.15,25.85,63.4333333333333,27.4,36.6,,73.0,152.5,50.6,80.6833333333333,16.3,10.45,109.5,43.8928571428572,94.1357142857143,75.4,,,230.5,,,80.4,,,44.4954545454545,70.7,214.125,74.8,199.5,45.95,35.9,77.9,57.8
45.85,38.148,53.0928571428571,89.8,78.0,69.2,13.4,46.1,84.6,33.85,35.0574074074074,352.833333333333,158.0,34.4125,45.4,241.0,9.50444444444444,35.55,27.9,66.1,163.0,88.0,31.05,14.9045454545455,26.15,53.6333333333333,243.75,338.0,44.2,75.2,62.8,51.54,28.4,353.0,436.5,132.5,46.4,12.21,166.5,27.13,17.25,79.0484848484848,21.95,35.0142857142857,10.65,102.5,6.58,7.48,15.15,43.5,6.89,17.0,68.7,25.35,269.0,60.075,8.15,38.2,24.5227272727273,79.2085714285714,67.8,24.5,73.9,197.0,3.73,8.94090909090909,92.2,155.0,54.9,18.65,82.5,432.5,190.967307692308,7.77,141.0,62.6,17.45,51.4,10.67,14.75,16.5,,199.5,18.1,27.105905511811,10.85,29.4,8.97,12.15,20.95,17.25,42.37,46.7264705882353,8.79,19.6,16.65,24.4710526315789,14.3642857142857,10.15,14.45,19.75,17.95,204.0,78.15,1181.66666666667,28.9,119.0,51.7,96.1,95.5,24.35,89.3,72.6,10.3970588235294,28.6,171.0,15.5194444444444,33.15,25.85,63.4,27.4225806451613,36.6,,73.0,152.5,50.5,80.7,16.3,10.45,109.5,43.85,94.1357142857143,75.3166666666667,,,230.5,,,80.4,,,44.4992537313433,70.7,214.5,74.8,199.5,45.95,35.9,77.9,57.9
45.85,38.125,53.0,89.8,78.0,69.2473684210526,13.4,46.025,84.6,33.85,35.05,353.0,158.0,34.4558823529412,45.4763157894737,240.0,9.5,35.55,27.9,66.1,162.875,88.0,31.0833333333333,14.9045454545455,26.1057692307692,53.6333333333333,244.0,338.5,44.1666666666667,75.2,62.8,51.58,28.4,353.0,436.333333333333,132.5,46.4,12.2014830508475,166.916666666667,27.15,17.25,79.0555555555556,21.95,35.0038461538462,10.65,102.9,6.58,7.479375,15.15,43.5,6.89,17.0,68.7,25.3420168067227,269.0,60.075,8.15,38.2,24.5,79.4,67.8,24.5,73.85,197.0,3.73,8.95,92.25,155.0,54.9107142857143,18.6,82.4,432.5,190.095338983051,7.77,141.0,62.6,17.447619047619,51.3,10.67,14.75,16.5,,199.5,18.1,27.1266666666667,10.85,29.45,8.97,12.15,20.9,17.275,42.35,46.7043103448276,8.79,19.6,16.6625,24.4613636363636,14.35,10.1666666666667,14.4541666666667,19.7583333333333,17.95,203.75,78.0090909090909,1181.66666666667,28.9,119.0,51.7,96.15,95.5,24.3583333333333,89.3,72.6,10.378431372549,28.6,171.384615384615,15.55,33.15,25.8833333333333,63.4,27.5,36.6,,73.0,152.0,50.5,80.7,16.3,10.4,109.5,43.85,94.125,75.4,,,230.125,,,80.2,,,44.548,70.7,214.5,74.7,199.5,45.93,35.9,77.9,57.9
45.8230769230769,38.1,53.0777777777778,89.8,78.0,69.2333333333333,13.45,46.1375,84.6,33.85,35.1,352.5,157.5,34.4666666666667,45.45,240.0,9.50666666666667,35.65,27.9,66.1,162.875,87.9,31.1,14.9045454545455,26.1122222222222,53.8,244.0,338.5,44.1666666666667,75.1378378378378,62.75,51.6,28.4166666666667,353.0,436.0,132.5,46.4,12.2,166.5,27.1223404255319,17.25,79.0,21.9722222222222,35.0227272727273,10.65,102.5,6.57,7.48,15.15,43.5,6.89,17.0,68.6090909090909,25.3138157894737,269.0,60.1,8.15,38.2038461538462,24.5,79.3,67.6666666666667,24.5,73.9,197.0,3.73,8.94619047619048,92.2,155.4,54.97,18.6,82.4,432.7,189.410788381743,7.77,141.040540540541,62.55,17.45,51.3,10.65,14.75,16.5,,199.5,18.1,27.15,10.85,29.45,8.97,12.15,20.95,17.275,42.385,46.70625,8.78,19.6064516129032,16.65,24.4818181818182,14.375,10.15,14.5,19.76875,17.95,203.75,78.15,1180.0,28.9,119.0,51.7,96.2,95.5,24.35,89.3,72.5,10.35,28.6,171.0,15.55,33.2,25.85,63.4,27.45,36.6,,73.09375,152.0,50.5,80.6347826086956,16.3,10.4,109.125,43.82,94.1,75.4,,,229.5,,,80.36,,,44.6272727272727,70.7,214.0,74.7,199.5,45.9,35.9,77.9,57.8
45.9,38.1166666666667,53.0,89.7,77.9972222222222,69.2023809523809,13.4,46.1366666666667,84.6,33.85,35.1,352.5,157.5,34.4714285714286,45.4,241.0,9.5,35.65,27.9,66.1,162.875,87.9,31.06,14.95,26.1034482758621,53.8,243.916666666667,338.5,44.1722222222222,75.1,62.7,51.52,28.4,353.0,435.0,132.5,46.4,12.2078947368421,167.0,27.1,17.25,79.0593220338983,22.0,35.0,10.65,102.5,6.57666666666667,7.48,15.1,43.5,6.89,17.0,68.6,25.3,269.0,60.1,8.15,38.25,24.51,79.3,67.7846153846154,24.5,73.9,197.0,3.73,8.94181818181818,92.2,155.4,54.978947368421,18.6,82.4,432.75,189.370967741935,7.77,141.0,62.5,17.45,51.3,10.65,14.75,16.5,,199.5,18.05,27.1,10.85,29.45,8.97,12.15,20.95,17.275,42.35,46.7,8.7778947368421,19.6487804878049,16.6975,24.4666666666667,14.3555555555556,10.1571428571429,14.45,19.7541666666667,17.95,204.0,78.15,1180.0,28.9,119.0,51.7,96.1833333333333,95.5,24.4,89.3,72.5,10.36,28.6,171.0,15.55,33.1666666666667,25.85,63.4,27.5,36.6,,73.1769230769231,151.928571428571,50.4,80.6,16.3,10.4357142857143,109.5,43.875,94.1,75.4,,,229.5,,,80.36,,,44.6736842105263,70.6,214.0,74.7,199.0,45.9,35.9,77.9,57.8
45.8,38.1,53.0857142857143,89.7,78.0,69.2333333333333,13.4,46.1,84.6,33.85,35.1,353.0,157.5,34.5,45.4,240.0,9.5,35.65,27.9,66.1,163.0,88.0,31.06,14.925,26.1,53.8,244.0,337.5,44.2,75.0846153846154,62.7,51.6111111111111,28.4,353.0,435.0,132.5,46.4,12.2071428571429,166.785714285714,27.1128205128205,17.25,79.0270833333333,22.0,35.0,10.65,102.75,6.57,7.49,15.1,43.55,6.89,17.0,68.6,25.3,269.0,60.1,8.14,38.25,24.55,79.3,67.7388888888889,24.5,73.9,197.0,3.73,8.94,92.2,155.5,54.9,18.6,82.4,433.0,189.581081081081,7.77,141.2,62.5,17.45,51.3,10.65,14.8,16.5,,199.5,18.05,27.1,10.85,29.45,8.97,12.15,20.9,17.275,42.35,46.7103448275862,8.78,19.6,16.6722222222222,24.5,14.37,10.2,14.45,19.7525641025641,17.9879310344828,204.0,78.2,1180.0,28.85,119.0,51.7,96.1833333333333,95.5,24.4,89.2,72.5,10.3934782608696,28.6,171.0,15.5,33.2,25.85,63.4368421052631,27.5,36.57,,73.14,152.0,50.4,80.6333333333333,16.3,10.44375,109.5,43.85,94.1041666666666,75.4,,,229.5,,,80.3,,,44.6777777777778,70.4947368421053,214.0,74.7,199.0,45.9,35.9,78.0,57.8
45.8,38.125,53.0,89.8666666666667,78.0,69.1755555555556,13.4,46.1541666666667,84.6,33.85,35.1,353.0,157.333333333333,34.4283018867924,45.45,240.0,9.5,35.625,27.9916666666667,66.1057971014493,163.0,88.0,31.1,14.9,26.13125,53.8,243.75,337.0,44.15,75.0,62.7,51.6875,28.398275862069,353.0,435.0,132.5,46.4,12.215923566879,166.833333333333,27.13375,17.25,79.0869565217391,21.9583333333333,35.0070921985816,10.65,102.6875,6.57,7.49882352941176,15.1,43.55,6.89,17.0,68.6,25.3131578947368,268.625,60.0333333333333,8.14028571428571,38.25,24.5,79.39,67.7666666666667,24.5,73.9,197.0,3.73,8.94,92.1222222222222,155.5,54.9133333333333,18.7,82.4,433.0,189.0,7.77,141.5,62.5,17.45,51.3,10.65,14.8,16.5,,199.5,18.0964285714286,27.1,10.85,29.42,8.97,12.15,20.925,17.275,42.35,46.7461538461539,8.78852941176471,19.6405405405405,16.687037037037,24.4823684210526,14.3833333333333,10.15,14.5,19.7516949152542,17.9967391304348,204.083333333333,78.2833333333333,1180.0,28.85,119.0,51.6333333333333,96.1666666666667,95.5,24.356,89.2,72.55,10.3814814814815,28.6,171.0,15.5,33.1777777777778,25.85,63.5,27.5,36.558,,73.1,152.0,50.3125,80.65,16.3,10.44375,109.0,43.925,93.9969879518072,75.3,,,229.5,,,80.3,,,44.7,70.3666666666667,214.0,74.7166666666667,199.0,45.9,35.9,78.0,57.8714285714286
45.8,38.1,53.0,89.8666666666667,78.0,69.1444444444445,13.4090909090909,46.03125,84.6217391304348,33.85,35.0,353.0,157.5,34.4178571428571,45.4,240.0,9.5,35.55,27.9916666666667,66.1076923076923,163.0,88.0,31.075,14.9,26.1208333333333,53.5,243.5,337.0,44.165,74.99375,62.7,51.7019607843137,28.35,353.0,435.0,132.5,46.3,12.2,166.928571428571,27.1313953488372,17.25,79.016,21.9833333333333,35.0045454545455,10.7,102.7,6.57,7.5,15.1,43.5166666666667,6.89,17.0,68.5,25.3133333333333,268.5,60.2,8.14,38.2473684210526,24.55,79.3333333333333,67.7833333333333,24.5,73.9,196.75,3.73,8.93201219512195,92.2,155.5,54.9857142857143,18.6,82.4,432.875,188.735714285714,7.77,141.375,62.52,17.45,51.3,10.65,14.75,16.5,,199.5,18.1,27.1,10.9,29.45,8.98,12.15,20.9428571428571,17.275,42.3375,46.7382352941176,8.78852941176471,19.6,16.6866666666667,24.4809523809524,14.3857142857143,10.15,14.5,19.7857142857143,18.0,204.5,78.1,1180.0,28.85,119.0,51.6,96.1,95.5,24.3833333333333,89.2142857142857,72.55,10.3642857142857,28.6,171.0,15.5125,33.15,25.85,63.5,27.5,36.55,,73.2,152.0,50.325,80.6857142857143,16.3,10.41875,109.5,43.98,93.826582278481,75.38,,,229.5,,,80.36,,,44.7,70.4,214.0,74.5666666666667,199.0,45.9,35.9,78.0,57.9
45.8,38.1,53.0,89.8666666666667,77.9,69.1,13.425,46.03,84.6,33.85,35.05,352.666666666667,157.5,34.4,45.4,239.75,9.5,35.55,28.0,66.1,163.0,88.0,31.1,14.95,26.10625,53.5,243.5,338.0,44.1583333333333,74.9,62.7,51.8,28.4,353.0,437.5,132.5,46.35,12.2013157894737,167.0,27.1208333333333,17.25,79.04,22.0,35.0111111111111,10.7,102.9,6.57,7.5,15.1,43.5,6.89,17.0,68.5,25.3,268.5,60.1,8.13,38.2125,24.5,79.3,67.8,24.5,73.9,196.5,3.73,8.93108108108108,92.2,155.5,55.0,18.6,82.4,433.0,187.618131868132,7.77,141.076923076923,62.5166666666667,17.45,51.3,10.65,14.75,16.5,,199.5,18.1,27.1,10.85,29.4,8.98,12.15,20.9428571428571,17.3,42.3145833333333,46.7166666666667,8.79,19.65,16.677868852459,24.4974468085106,14.3566666666667,10.2,14.55,19.7666666666667,17.997619047619,204.5,78.1,1180.0,28.85,118.818181818182,51.6,96.1,95.4857142857143,24.4,89.2,72.55,10.3647058823529,28.6,171.0,15.55,33.15,25.85,63.44,27.45,36.55,,73.2875,152.0,50.325,80.6857142857143,16.3,10.41875,109.2,43.9875,93.6788732394366,75.325,,,229.5,,,80.36,,,44.71,70.35,214.0,74.5666666666667,199.0,45.9,35.9,78.0,57.8061224489796
45.75,38.1,53.0,89.7,77.9,69.1,13.4,46.0,84.6333333333333,33.85,35.05,352.545454545455,157.5,34.39375,45.4,239.75,9.5,35.55,28.0,66.1,163.0,88.0,31.1134146341463,14.9,26.1467391304348,53.8,243.5,338.0,44.2,74.905,62.7,51.8,28.375,352.833333333333,436.5,132.5,46.35,12.2,166.5,27.1,17.3,79.0263157894737,21.99375,35.0285714285714,10.7,103.0,6.57590909090909,7.492,15.1,43.5,6.89,17.0,68.5,25.3,268.5,60.0,8.13,38.25,24.5,79.2,67.9,24.5,73.88,196.2,3.73,8.94,92.2,155.0,54.9938271604938,18.7,82.4,433.0,186.077631578947,7.77,141.0,62.5,17.45,51.3,10.65,14.8,16.5,,199.5,18.1,27.1,10.85,29.4291666666667,8.98,12.15,20.9428571428571,17.3,42.35,46.725,8.78333333333333,19.6141509433962,16.67,24.5145161290323,14.35,10.1833333333333,14.5015625,19.7692307692308,17.9535087719298,204.5,78.3,1180.0,28.85,118.5,51.6,96.1333333333333,95.4,24.4,89.0588235294118,72.55,10.3909090909091,28.6,171.0,15.5133333333333,33.15,25.875,63.5,27.45,36.565,,73.2,151.602941176471,50.3142857142857,80.6,16.3,10.4076923076923,109.333333333333,43.95,93.4457943925234,75.3,,,229.5,,,80.4,,,44.7222222222222,70.5,214.166666666667,74.5,199.0,45.9166666666667,35.9,78.0,57.8333333333333
45.75,38.11,53.0,89.7,77.9,69.1,13.4,46.0,84.6,33.87,35.0583333333333,351.333333333333,157.5,34.3941176470588,45.45,239.75,9.5,35.55,28.0,66.1125,163.0,88.0,31.1571428571429,14.9,26.1192307692308,53.8,243.375,338.25,44.16875,74.9,62.8,51.8,28.4,352.833333333333,436.5,132.5,46.3,12.20375,166.5,27.1103448275862,17.3,79.0127659574468,21.9928571428571,35.0,10.7,102.884615384615,6.57925925925926,7.495,15.15,43.5,6.89,17.0,68.6,25.3,268.5,60.1,8.12461538461538,38.25,24.45,79.1,67.8,24.5,73.8666666666667,197.0,3.73,8.93416666666667,92.2,155.166666666667,54.8413793103448,18.6,82.4,432.8,186.142250530786,7.77,141.0,62.5,17.46875,51.3,10.65,14.8,16.5,,199.5,18.05,27.05,10.85,29.451914893617,8.98,12.15,20.9428571428571,17.25,42.35,46.75,8.78333333333333,19.6295454545455,16.6925,24.5,14.3596774193548,10.1558823529412,14.5,19.7521739130435,18.0,204.5,78.3,1180.0,28.85,118.5,51.6,96.2,95.5,24.4,89.1,72.55,10.35625,28.6,171.0,15.5,33.13,25.875,63.5,27.45,36.6,,73.1176470588236,151.390625,50.3,80.6,16.3,10.4,109.25,43.9555555555556,93.5176470588235,75.3,,,230.0,,,80.45,,,44.7240740740741,70.46,214.375,74.5,199.0,45.9166666666667,35.9,77.9,57.8909090909091
45.75,38.125,53.0,89.7,77.9,69.1,13.400495049505,46.1454545454545,84.64,33.85,35.05,351.0,157.25,34.4,45.4,239.75,9.49,35.55,28.0,66.1,163.0,88.0,31.2131944444444,14.9,26.1189655172414,53.8,243.0,339.0,44.2,74.9,62.7,51.8,28.4,352.833333333333,436.5,132.5,46.3,12.2044117647059,166.5,27.1418181818182,17.25,79.0,22.0,35.0,10.7,102.502352437981,6.58,7.49,15.15,43.5,6.89,17.0,68.5,25.3,268.5,60.1,8.12461538461538,38.25,24.5,79.1428571428571,67.7875,24.5,73.9,196.0,3.73,8.93416666666667,92.2,155.75,54.8133333333333,18.65,82.5,433.0,186.038523274478,7.77,141.166666666667,62.5,17.45,51.3,10.65,14.8,16.5,,199.5,18.05,27.0520833333333,10.85,29.4557142857143,8.97,12.15,20.9428571428571,17.25,42.35,46.7388888888889,8.78555555555555,19.6,16.6833333333333,24.5,14.4,10.1558823529412,14.5,19.7503521126761,17.9986842105263,204.5,78.3,1180.0,28.85,118.5,51.65,96.1,95.45,24.4,89.0,72.55,10.3633333333333,28.6,171.0,15.5,33.1375,25.85,63.4,27.4375,36.5925,,73.12,151.0,50.3,80.6,16.3,10.45,109.5,43.8774193548387,93.6777777777778,75.35,,,229.5,,,80.6,,,44.703488372093,70.5,214.0,74.5,199.0,45.9,35.88,77.9,57.9
45.7625,38.1071428571429,52.9384615384615,89.7,77.9,69.1125,13.4,46.2,84.6,33.8733333333333,35.05,349.775,157.5,34.3875,45.4,239.5,9.48769230769231,35.55,28.0,66.1,163.0,88.0,31.3169811320755,14.8833333333333,26.1482456140351,53.8,242.958333333333,339.0,44.1636363636364,74.9,62.7,51.7322580645161,28.4,352.833333333333,435.833333333333,132.5,46.3,12.2015151515152,166.833333333333,27.1349056603774,17.25,79.0,21.965625,35.0,10.7,102.032470588235,6.59,7.4995,15.15,43.5,6.89,17.0,68.4986301369863,25.3,268.5,60.1,8.13,38.25,24.5,79.12,67.7222222222222,24.5,73.9,196.0,3.73,8.94222222222222,92.2375,155.75,54.8157894736842,18.6,82.4,432.833333333333,186.0,7.77,141.083333333333,62.5,17.45,51.3,10.65,14.8,16.5,,199.5,18.0,27.05,10.85,29.45,8.961,12.15,20.9,17.25,42.375,46.7,8.79,19.6428571428571,16.6907142857143,24.4961538461538,14.35,10.1642857142857,14.4989130434783,19.7581730769231,17.9514492753623,204.5,78.3,1180.0,28.9,118.5,51.65,96.1,95.4,24.4,88.8161290322581,72.55,10.3567307692308,28.6,171.0,15.55,33.1375,25.85,63.45,27.4166666666667,36.5583333333333,,73.1,151.0,50.3,80.6882352941177,16.3,10.4090909090909,109.214285714286,43.85,93.72,75.2206896551724,,,229.5,,,80.7,,,44.6893617021277,70.5,214.333333333333,74.5,199.0,45.9,35.85,77.9,57.9833333333333
45.75,38.1,52.9,89.75,77.9,69.2,13.4,46.05,84.6,33.85,35.0111111111111,349.071428571429,157.0,34.3653846153846,45.385,239.5,9.48,35.55,27.95,66.1,163.0,88.0,31.3157894736842,14.85,26.1119047619048,53.5,242.6875,339.0,44.15,74.9769230769231,62.7,51.7,28.4,352.5,435.833333333333,132.5,46.315625,12.225,166.571428571429,27.1117647058824,17.25,78.9983277591973,21.9833333333333,35.0,10.6642857142857,102.352941176471,6.5875,7.4995,15.15,43.5,6.89,17.0,68.5,25.3015625,268.333333333333,60.1,8.13,38.25,24.5,79.1,67.7,24.5,73.9,196.166666666667,3.73,8.94,92.2,156.0,54.8192307692308,18.6,82.4,432.75,186.0,7.77,141.017857142857,62.5,17.45,51.3,10.65,14.8,16.5,,199.5,18.0,27.05,10.85,29.45,8.961,12.15,20.9,17.25,42.3564102564103,46.75,8.78380952380952,19.6,16.65,24.5,14.395652173913,10.2,14.4989130434783,19.77,17.9833333333333,204.5,78.26,1180.0,28.85,118.927631578947,51.5333333333333,96.1,95.4,24.4022821576763,88.6818181818182,72.55,10.3846153846154,28.6,171.0,15.5333333333333,33.1176470588235,25.85,63.5,27.4,36.55,,73.0,151.0,50.3428571428571,80.6625,16.3,10.45,109.5,43.8115384615385,93.8,75.1863636363636,,,229.5,,,80.3,,,44.6612903225807,70.5,214.142857142857,74.8,199.333333333333,45.9,35.85,77.9,57.9
45.7714285714286,38.1,52.9,89.7,77.9,69.2,13.4,46.05,84.6,33.85,35.0,349.636363636364,156.785714285714,34.3606060606061,45.4,239.5,9.48,35.55,27.95,66.1,163.0,88.0,31.35,14.9,26.1403225806452,53.5,243.0,338.5,44.15,74.9,62.7,51.6230769230769,28.375,352.5,435.0,132.5,46.315625,12.2,166.5,27.1129032258065,17.25,78.9584905660377,21.9833333333333,35.0,10.6642857142857,102.1,6.59,7.49,15.1,43.5058823529412,6.89,17.0,68.4909090909091,25.3,268.0,60.0,8.13,38.25,24.5,79.1,67.7454545454545,24.5,73.875,196.166666666667,3.73,8.9409375,92.2166666666666,155.5,54.790243902439,18.6,82.4,432.5,186.0,7.77,141.0,62.5,17.45,51.3,10.65,14.8,16.5,,199.5,18.0,27.0625,10.85,29.45,8.961,12.15,20.9,17.3,42.3833333333333,46.741095890411,8.78,19.6,16.6813559322034,24.4891304347826,14.3925,10.15,14.5,19.75,17.98,204.0,78.3,1180.0,28.85,118.666666666667,51.5,96.1,95.4,24.4104166666667,88.6,72.55,10.362962962963,28.6,170.545454545455,15.5357142857143,33.11,25.85,63.4,27.4,36.5766666666667,,72.9928571428572,151.0,50.3444444444444,80.6948717948718,16.3,10.45,109.2,43.8,93.8833333333333,75.2,,,229.5,,,80.7,,,44.65,70.4,214.5,74.5,199.5,45.85,35.85,77.9,58.0
45.75,38.1,52.8,89.7,77.9,69.1,13.4,46.05,84.6153846153846,33.85,35.0,351.5,156.5,34.35,45.4,239.5,9.48,35.625,27.95,66.1,163.0,88.0,31.3141666666667,14.9,26.1,53.8,243.0,338.0,44.25,74.9,62.7,51.625,28.35,352.5,435.0,132.5,46.3,12.2064102564103,166.5625,27.119696969697,17.25,78.9157894736842,22.0,35.0166666666667,10.65,102.467741935484,6.59111111111111,7.4925,15.1,43.5,6.89,17.0,68.4333333333333,25.3173076923077,268.0625,60.0428571428571,8.13,38.25,24.45,79.0833333333333,67.83125,24.5,74.0,196.166666666667,3.73,8.94206349206349,92.2,155.5,54.7,18.6,82.5,432.928571428571,186.0,7.76,141.0,62.5,17.4833333333333,51.3,10.65,14.75,16.45,,199.5,18.0083333333333,27.0555555555556,10.85,29.45,8.97833333333333,12.15,20.9,17.3,42.3558139534884,46.7447368421053,8.78411764705882,19.6441176470588,16.7,24.5,14.352,10.1826923076923,14.5,19.7349765258216,18.0,204.5,78.12,1180.0,28.85,119.0,51.5,96.1888888888889,95.4,24.4368421052632,88.5307692307692,72.5,10.3704225352113,28.6,170.928571428571,15.5,33.1208333333333,25.8416666666667,63.4,27.4,36.58,,72.9,151.0,50.35,80.7,16.3,10.4,109.333333333333,43.8,93.8,75.2,,,229.5,,,80.7,,,44.65,70.2875,214.5,74.6,199.5,45.85,35.85,77.9,58.0
45.75,38.1074074074074,52.8,89.8,77.9,69.1,13.4,46.103125,84.5166666666667,33.85,35.0,350.0,157.0,34.38,45.44,239.5,9.48666666666667,35.6,27.95,66.1,163.0,88.1,31.2916666666667,14.9,26.1065789473684,53.6,243.0,338.0,44.25,74.9,62.7,51.6076923076923,28.35,352.0,435.0,132.5,46.3,12.2,167.0,27.1372549019608,17.25,78.9258620689655,21.9875,35.0125,10.7,102.5,6.59111111111111,7.49777777777778,15.1,43.5071428571429,6.89,17.0292452830189,68.46,25.3,268.25,60.0428571428571,8.13,38.25,24.45,79.0,67.7454545454545,24.5,73.9,196.166666666667,3.73,8.94,92.2,155.5,54.75,18.6,82.5,432.555555555555,186.0,7.76,141.0,62.5,17.4833333333333,51.3,10.65,14.75,16.45,,199.5,18.0239130434783,27.05,10.85,29.45,8.97,12.15,20.95,17.25,42.3875,46.7,8.79,19.6,16.6869565217391,24.4958646616541,14.3714285714286,10.2,14.5,19.7089743589744,18.0,204.5,78.2,1180.0,28.9,118.5,51.5,96.2,95.4,24.425,88.6,72.5,10.35,28.6,170.875,15.55,33.125,25.85,63.5,27.4,36.6,,72.9,151.5,50.35,80.6,16.3081967213115,10.45,109.25,43.8263157894737,93.75,75.2411764705882,,,229.5,,,80.68,,,44.635,70.0,214.0,74.5,199.5,45.9,35.85,77.8,57.9545454545455
45.8,38.1214285714286,52.8,89.7285714285714,77.9,69.1,13.4,46.05,84.5636363636364,33.85,35.05,349.5,157.0,34.3606060606061,45.4,239.5,9.48,35.65,27.925,66.1,163.0,88.0,31.3447368421053,14.9,26.1357142857143,53.7,242.9375,338.0,44.1875,74.9,62.7,51.6,28.325,352.0,435.0,132.5,46.3,12.2019867549669,167.0,27.1110294117647,17.25,78.9147058823529,22.0,35.0,10.7,102.352941176471,6.59833333333333,7.49909090909091,15.1,43.5,6.89,17.0292452830189,68.5,25.3,268.0,60.1,8.13,38.25,24.5,79.0,67.7916666666667,24.5,73.9,196.166666666667,3.73,8.94982456140351,92.3,155.5,54.7857142857143,18.6,82.4,432.875,186.0,7.76,141.0,62.5,17.4666666666667,51.3,10.65,14.8,16.45,,199.5,18.05,27.05,10.85,29.45,8.96,12.15,20.95,17.25,42.3537037037037,46.7,8.79,19.6176470588235,16.6932098765432,24.5,14.3966666666667,10.16,14.5,19.73125,17.9777777777778,204.5,78.2,1180.0,28.9,118.5,51.4833333333333,96.2,95.5,24.4012195121951,88.7,72.5,10.3818181818182,28.6,170.916666666667,15.5,33.1375,25.8,63.4,27.35,36.5666666666667,,72.9,151.5,50.4,80.64,16.3,10.4030303030303,109.5,43.75,93.7,75.2411764705882,,,230.0,,,80.65,,,44.6426829268293,70.0,214.0,74.475,199.0,45.9,35.85,77.8,57.9857142857143
45.7571428571429,38.1,52.8,89.7,77.9985074626866,69.1,13.4375,46.0,84.5125,33.85,35.0,349.5,157.4,34.35,45.45,239.5,9.48,35.65,28.05,66.1,163.0,87.9,31.3984848484848,14.9,26.11,53.7,243.5,337.5,44.1875,74.8,62.7,51.7,28.3,352.0,435.0,132.5,46.3,12.2,167.0,27.1246575342466,17.2041666666667,78.9666666666667,21.98,35.015625,10.6666666666667,102.03125,6.58058823529412,7.49,15.15,43.525,6.89,17.0,68.5,25.3127906976744,268.1,60.0666666666667,8.13,38.25,24.4590909090909,79.0216216216216,67.8,24.5142857142857,73.95,196.5,3.73,8.94076923076923,92.2,155.0,54.7526315789474,18.7,82.4,433.0,186.0,7.76,141.0,62.5,17.5,51.3333333333333,10.65,14.8,16.4652173913043,,199.5,18.05,27.05,10.85,29.4541666666667,8.96,12.15,20.925,17.25,42.3557692307692,46.7217391304348,8.788,19.6,16.65,24.4574324324324,14.3710526315789,10.1925,14.5285714285714,19.7379464285714,17.9957446808511,204.5,78.26,1180.0,28.85,118.7,51.45,96.175,95.5,24.409756097561,88.7076923076923,72.5,10.3586206896552,28.6,171.0,15.5,33.1,25.8333333333333,63.4,27.4,36.55,,72.95,151.5,50.3538461538462,80.64,16.3,10.4177419354839,109.5,43.75,93.6833333333333,75.3454545454545,,,230.0,,,80.6,,,44.6395348837209,69.84,214.357142857143,74.475,199.0,45.9,35.85,77.8,57.9642857142857
45.7833333333333,38.1,52.8,89.7,77.9,69.0,13.4,46.0,84.5909090909091,33.85,35.0,350.0,157.0,34.35,45.475,239.5,9.47,35.625,28.05,66.0057553956835,163.0,87.9,31.4127272727273,14.9,26.1359154929577,53.5,243.5,337.5,44.1875,74.9,62.7,51.6,28.325,352.0,435.0,132.5,46.3,12.2,166.793103448276,27.1330985915493,17.2,78.980487804878,22.0,35.0,10.7,102.40625,6.6,7.49,15.1,43.5,6.89,17.0,68.4666666666667,25.31,268.0,60.0666666666667,8.12,38.25,24.4526315789474,79.0,67.89,24.5142857142857,73.95,196.5,3.73,8.94076923076923,92.2,155.0,54.75,18.7,82.4,432.75,186.0,7.76,141.0,62.5,17.4875,51.3333333333333,10.65,14.8,16.5,,199.5,18.0333333333333,27.05,10.85,29.45,8.97,12.15,20.9,17.2666666666667,42.35,46.744,8.78128205128205,19.6,16.691935483871,24.4931818181818,14.35,10.2,14.5,19.75,17.95,204.0,78.26,1180.0,28.85,118.785714285714,51.5,96.2,95.5,24.45,88.8,72.5,10.375,28.6,171.0,15.55,33.1,25.8,63.4076923076923,27.4,36.55,,73.0,151.5,50.3,80.62,16.3,10.44,109.538461538462,43.75,93.7,75.3,,,230.0,,,80.3857142857143,,,44.65,69.6,214.5,74.4,199.0,45.9,35.85,77.8,58.0
45.8108333333333,38.1375,52.8,89.8,77.9,69.0,13.4,46.0,84.5,33.85,35.0,350.5,157.166666666667,34.35,45.4178571428571,239.5,9.47454545454546,35.65,28.05,66.0130434782609,163.5,87.9,31.4,14.9,26.11875,53.5,243.0,337.75,44.2,74.9,62.7,51.593137254902,28.3,353.0,435.0,132.5,46.3,12.2,166.62962962963,27.15,17.2,78.9869565217391,22.0,35.0,10.7,102.382352941176,6.61912280701754,7.49136363636364,15.1,43.502380952381,6.89,17.0,68.45,25.3,268.0,60.0,8.12,38.25,24.45,79.0,67.8125,24.5142857142857,73.9,196.0,3.73,8.94904761904762,92.26,155.5,54.75,18.7,82.5,432.75,186.0,7.76,141.0,62.5,17.45,51.3333333333333,10.65,14.8,16.45,,199.5,18.0076923076923,27.05,10.85,29.45,8.97,12.15,20.9,17.275,42.35,46.744,8.78,19.6441176470588,16.7,24.5,14.3598484848485,10.1972222222222,14.5,19.7153846153846,17.9642857142857,204.125,78.2,1180.0,28.85,119.0,51.5,96.2,95.5,24.4428571428571,88.7333333333333,72.5,10.4,28.6,171.0,15.55,33.15,25.85,63.425,27.4,36.55,,73.0,151.5,50.3,80.6,16.3,10.45,109.5,43.75,93.7857142857143,75.2,,,229.5,,,80.6,,,44.6483333333333,69.5181818181818,214.5,74.4,199.5,45.95,35.85,77.8,58.0
45.8166666666667,38.1,52.8019230769231,89.8,77.9,69.0619047619048,13.4,46.1083333333333,84.5333333333333,33.85,35.0,351.772727272727,157.5,34.3,45.35,239.0,9.47714285714286,35.6,27.95,66.0875,163.5,87.825,31.44375,14.9,26.1,53.5,243.5,338.0,44.15,74.8,62.69,51.5058823529412,28.3,353.0,435.0,132.5,46.3,12.2,166.625,27.15,17.25,78.9468085106383,22.0,35.0352112676056,10.7,102.4875,6.61,7.49,15.1,43.504347826087,6.89,16.975,68.5,25.3158227848101,268.0,60.0,8.12,38.2,24.45,79.0,67.8727272727273,24.6,73.925,196.0,3.73,8.93486815415821,92.3,155.0,54.7416666666667,18.7,82.5,432.714285714286,186.0,7.76,140.9,62.5,17.5,51.3,10.7,14.8,16.5,,199.5,18.05,27.05,10.85,29.45,8.97,12.15,20.9,17.3,42.3352941176471,46.7375,8.78,19.6,16.6833333333333,24.5,14.3516666666667,10.1630434782609,14.525,19.7446428571429,17.95,204.2,78.2,1185.0,28.85,119.0,51.5,96.1888888888889,95.5,24.4375,88.7333333333333,72.6,10.3521739130435,28.6,171.0,15.55,33.15,25.85,63.4,27.4,36.54375,,73.0,151.5,50.3,80.65,16.3,10.4470588235294,109.625,43.75,93.6615384615384,75.2,,,229.5,,,80.6666666666667,,,44.65,69.55,214.5,74.45,199.5,45.95,35.85,77.8,57.9
45.806,38.15,52.8818181818182,89.8,77.9,69.1,13.4,46.0708333333333,84.5,33.85,34.9892857142857,352.333333333333,157.5,34.3361111111111,45.38,239.0,9.47588235294118,35.65,27.95,66.021875,163.0,87.825,31.4125,14.9,26.1454545454545,53.7333333333333,243.5,338.0,44.2,74.8,62.6,51.6,28.3,353.0,434.5,132.5,46.3,12.2,166.821428571429,27.1096730245232,17.25,78.925,22.0,35.0,10.7,102.516,6.61929577464789,7.48521739130435,15.1,43.5,6.89,17.0,68.4,25.35,268.0,60.0,8.13,38.2,24.445,78.9636363636364,67.8235294117647,24.6,73.9,196.0,3.7,8.93,92.2714285714286,155.0,54.8,18.6023809523809,82.4,432.772727272727,186.0,7.76,140.928571428571,62.5,17.5,51.3,10.6973684210526,14.75,16.5,,199.5,18.05,27.05,10.85,29.45,8.97,12.15,20.9428571428571,17.3,42.3027777777778,46.75,8.78043859649123,19.6,16.7,24.4888888888889,14.378,10.1772727272727,14.525,19.75,17.95,204.5,78.2,1185.0,28.85,119.0,51.5,96.2,95.5,24.4073529411765,88.7333333333333,72.5,10.3513661202186,28.6,171.0,15.5,33.1035714285714,25.85,63.4,27.4,36.5205882352941,,73.0,151.5,50.3,80.6333333333333,16.3,10.45,109.375,43.75,93.8,75.2,,,229.5,,,80.6666666666667,,,44.65,69.55,214.5,74.45,199.5,45.9,35.85,77.8,57.95
45.8,38.15,52.86875,89.75,77.9,69.0810344827586,13.4,46.05,84.5,33.85,35.0,352.5,157.5,34.3388888888889,45.3642857142857,239.0,9.4735,35.65,27.95,66.0,163.0,87.96,31.4138888888889,14.875,26.1440476190476,53.8,243.666666666667,338.0,44.15,74.8,62.6,51.6880952380952,28.4,353.0,434.5,132.5,46.3,12.2,167.0,27.1302013422819,17.25,78.9810810810811,21.95,35.0125,10.7,102.846153846154,6.62267379679144,7.48,15.15,43.5,6.89,17.0,68.4,25.35,268.0,59.95,8.13,38.2,24.45,78.9,67.9,24.6,74.0,196.0,3.7,8.93,92.2909090909091,154.75,54.8,18.6023809523809,82.4,432.653846153846,186.0,7.77,140.684210526316,62.5,17.45,51.2166666666667,10.6973684210526,14.8,16.5,,199.5,18.05,27.075,10.85,29.45,8.97,12.15,20.85,17.3,42.3038461538462,46.7153846153846,8.78,19.630612244898,16.6583333333333,24.4933333333333,14.37,10.2,14.5,19.725,17.95,204.125,78.2,1185.0,28.85,119.0,51.5,96.2,95.5,24.43,88.9,72.5,10.35,28.6,170.666666666667,15.5,33.1,25.8333333333333,63.4,27.35,36.55,,73.0,151.5,50.3,80.6857142857143,16.2875,10.434,109.5,43.75,93.8916666666667,75.2,,,229.5,,,80.7,,,44.6451219512195,69.85,214.5,74.4,199.5,45.9,35.85,77.8,57.9
45.85,38.125,52.9,89.75,77.9,69.0810344827586,13.4333333333333,46.05,84.5333333333333,33.85,35.0,352.5,157.1,34.35,45.35,239.0,9.48,35.625,27.95,66.0,163.0,88.1,31.3833333333333,14.875,26.1294117647059,53.5,243.75,338.0,44.1875,74.8,62.6,51.7,28.35,353.0,434.0,132.5,46.3,12.2,167.0,27.16453125,17.25,79.0,21.9909090909091,35.0227272727273,10.7,102.6875,6.62947368421053,7.49,15.15,43.45,6.89,17.0,68.4,25.4,268.0,60.0,8.13,38.2,24.45,78.9285714285714,67.9,24.6,73.9916666666667,196.0,3.7,8.93903225806452,92.2,155.0,54.8,18.6,82.4,432.8,186.0,7.77,140.5,62.5,17.45,51.2,10.65,14.8,16.5,,199.5,18.05,27.05,10.85,29.4552631578947,8.97,12.15,20.95,17.27,42.2975308641975,46.7466666666667,8.78,19.628125,16.675,24.4821428571429,14.3647058823529,10.1524390243902,14.5,19.7166666666667,17.9666666666667,204.125,78.2,1185.0,28.85,119.0,51.5,96.14,95.5,24.4038461538461,88.9,72.5,10.3877551020408,28.6,170.875,15.5,33.1333333333333,25.8333333333333,63.5,27.3666666666667,36.55,,73.0,151.5,50.3166666666667,80.6,16.2964285714286,10.4108695652174,109.5,43.75,93.9625,75.2,,,229.5,,,80.7,,,44.65,69.9,214.0,74.6,199.5,45.95,35.9,77.8,57.9
45.838679245283,38.1,52.8,89.75,77.9,69.1875,13.4,46.00625,84.5,33.85,34.9727272727273,352.25,157.0,34.34,45.35,239.0,9.47,35.5875,27.95,66.0022727272727,163.0,88.1,31.36875,14.875,26.1297385620915,53.5,244.0,338.0,44.1722222222222,74.8,62.6,51.6333333333333,28.35,352.5,432.5,132.5,46.3,12.2125,167.0,27.1875,17.25,78.9211267605634,21.9657894736842,35.0227272727273,10.7,102.789473684211,6.62,7.49,15.1375,43.4583333333333,6.89,17.025,68.4,25.4088235294118,268.029411764706,59.9,8.13,38.2,24.4,79.0,67.8555555555555,24.6,74.0,196.0,3.7,8.94,92.2,155.0,54.8,18.6,82.45,432.5,186.708333333333,7.77,140.337209302326,62.4965517241379,17.5,51.2,10.65,14.8,16.45,,199.5,18.0428571428571,27.05,10.85,29.4417293233083,8.97,12.15,20.9,17.25,42.3,46.7008064516129,8.78,19.6,16.6727272727273,24.4846153846154,14.3685714285714,10.2,14.5,19.7428571428571,17.95,204.0,78.2,1185.0,28.8083333333333,119.0,51.5,96.1,95.5,24.4435483870968,88.8,72.5,10.3690476190476,28.6,171.0,15.5,33.1142857142857,25.85,63.5,27.4,36.55,,73.09,151.5,50.3,80.6,16.3,10.425,109.166666666667,43.75,93.9333333333333,75.1181818181818,,,229.5,,,80.775,,,44.65,69.9,214.333333333333,74.6,199.5,45.95,35.9,77.8,57.9
45.9188679245283,38.1,52.9697478991597,89.7666666666667,77.9,69.1,13.4,46.17,84.508,33.85,35.0,352.0,157.0,34.35,45.35,239.0,9.478,35.5875,27.95,66.0142857142857,163.0,88.0,31.4,14.9,26.121875,53.8,244.0,338.0,44.2,74.8,62.6,51.66,28.35,351.666666666667,432.0,132.5,46.3,12.2,167.0,27.1859756097561,17.25,78.9065040650407,21.971875,35.0285714285714,10.7,102.769230769231,6.6,7.48,15.1375,43.4583333333333,6.89,17.0,68.3,25.45,268.0,60.0,8.13,38.2,24.4,79.0,67.8857142857143,24.6,74.0410256410256,196.0,3.7,8.94,92.3,155.0,54.7833333333333,18.6,82.45,432.5,187.409574468085,7.77,140.071428571429,62.4346153846154,17.5,51.2,10.65,14.8,16.45,,199.5,18.05,27.05,10.85,29.4258620689655,8.96,12.15,20.9,17.3,42.3450892857143,46.7,8.7820202020202,19.6454545454545,16.6898305084746,24.4875,14.3780487804878,10.1727272727273,14.5,19.75,17.9928571428571,204.0,78.2,1185.0,28.8,119.0,51.5,96.1666666666667,95.5,24.4159090909091,88.8,72.5,10.391935483871,28.6,171.0,15.5285714285714,33.1272727272727,25.85,63.4,27.425,36.6,,73.2,151.5,50.35,80.6,16.3,10.4166666666667,109.5,43.7636363636364,93.9714285714286,75.1071428571429,,,229.333333333333,,,80.7,,,44.65,69.9,214.166666666667,74.6,199.5,45.95,35.9,77.8,57.8166666666667
45.9239130434783,38.1125,53.0,89.7666666666667,77.9,69.1,13.4125,46.05,84.6,33.85,34.9625,351.916666666667,157.083333333333,34.35,45.35,239.75,9.48,35.5875,27.95,66.06,163.0,88.0,31.4813253012048,14.9,26.1238461538461,53.8,244.0,338.0,44.16875,74.87875,62.6666666666667,51.6,28.35,351.5,432.0,132.5,46.4150485436893,12.2028846153846,167.0,27.2,17.25,78.9380952380952,21.95,35.0178571428571,10.7,102.8,6.6,7.48,15.1375,43.45,6.89,17.0,68.3,25.4309523809524,268.0,60.0,8.13,38.15,24.4423076923077,79.0,67.8421052631579,24.6,74.1538461538462,196.0,3.7,8.94333333333333,92.25,155.166666666667,54.8,18.6023809523809,82.5,432.818181818182,186.556451612903,7.77,140.5,62.4,17.4833333333333,51.2,10.65,14.7875,16.5,,199.5,18.05,27.075,10.85,29.4,8.96,12.15,20.9,17.296875,42.3108108108108,46.7296296296296,8.78714285714286,19.6,16.7,24.4673913043478,14.375,10.2,14.5,19.7161290322581,17.9962962962963,204.0,78.2,1185.0,28.8,119.0,51.5,96.1,95.5,24.434,88.8,72.5,10.4,28.6,171.0,15.5,33.1333333333333,25.8016129032258,63.4,27.4,36.5818181818182,,73.1,151.5,50.31,80.6,16.3,10.4,109.5,43.75,94.0,75.1833333333333,,,229.333333333333,,,80.6,,,44.665,69.9,214.5,74.4,199.5,45.95,35.9,77.8,57.9
45.9,38.1125,52.9263157894737,89.7,77.9,69.1,13.4,46.0166666666667,84.5,33.85,34.8928571428571,352.0,156.75,34.3727272727273,45.35,240.5,9.48,35.55,27.95,66.0333333333333,163.5,88.0,31.6037735849057,14.9,26.1,53.8,244.0,338.0,44.16875,75.0291666666667,62.6666666666667,51.64,28.35,351.5,432.0,132.5,46.4452380952381,12.2015957446808,167.0,27.2,17.25,78.9472222222222,21.9785714285714,35.0,10.7,102.681818181818,6.6,7.48,15.1375,43.45,6.89,16.9925,68.3875,25.4,267.5,60.0,8.13,38.15,24.448,79.0,67.85,24.6,74.2,196.0,3.7,8.94,92.2,155.0,54.8217391304348,18.6,82.45,432.5,186.0,7.77,140.5,62.4,17.5,51.2,10.65,14.8,16.5,,199.5,18.05,27.05,10.85,29.4,8.96,12.15,20.9,17.3,42.304,46.7,8.78,19.6,16.7,24.4923076923077,14.3866666666667,10.2,14.4986486486487,19.7236842105263,17.9945544554455,204.333333333333,78.1,1185.0,28.8,119.0,51.5,96.1,95.5,24.45,88.85,72.5,10.3769230769231,28.6,171.0,15.55,33.1,25.8008771929825,63.4,27.4,36.5818181818182,,73.2,151.5,50.3,80.62,16.3,10.45,109.5,43.75,93.8,75.1,,,230.0,,,80.6,,,44.65,69.9,214.5,74.4,199.0,45.95,35.9,77.8,57.8
45.9,38.1,52.9125,89.9,77.9,69.1153846153846,13.45,46.1,84.5176470588235,33.85,35.0,352.0,156.875,34.35,45.35,240.5,9.4875,35.55,27.9958333333333,66.0538461538462,163.5,88.0,31.796,14.9,26.1,53.725,244.0,337.0,44.15,74.9333333333333,62.6666666666667,51.7,28.35,351.5,431.0,132.5,46.4452380952381,12.2,166.909090909091,27.181640625,17.25,78.9,21.9538461538462,35.0,10.65,102.697368421053,6.595,7.49,15.1375,43.45,6.89,16.975,68.325,25.415625,267.625,60.0,8.13,38.15,24.4,79.08,67.8375,24.6,74.2780487804878,196.125,3.7,8.94047619047619,92.275,155.0,54.8,18.68,82.45,432.777777777778,184.810234541578,7.76,140.5,62.3233333333333,17.5,51.2,10.65,14.8,16.5,,199.5,18.05,27.05,10.85,29.4,8.96,12.15,20.9,17.3,42.3111111111111,46.7166666666667,8.78,19.6,16.68125,24.4525641025641,14.375,10.2,14.5,19.7384615384615,17.9913461538462,204.5,78.22,1185.0,28.8,119.0,51.5,96.1,95.5,24.4107142857143,88.6666666666667,72.5,10.3867924528302,28.65,171.0,15.5083333333333,33.1096774193548,25.8,63.4,27.4,36.5326666666667,,73.22,151.5,50.3,80.6,16.28,10.445652173913,109.5,43.75,93.98,75.2,,,229.428571428571,,,80.5,,,44.65,69.84,214.5,74.5,199.0,45.95,35.9,77.8,57.8
45.8714285714286,38.1,52.9,89.9,77.9,69.1,13.4,46.0416666666667,84.5153846153846,33.85,35.0,352.227272727273,156.875,34.35,45.35,240.5,9.48,35.55,27.9958333333333,66.0842105263158,163.5,88.0,31.7825,14.9,26.1263157894737,53.7,244.166666666667,337.0,44.2,74.9,62.6666666666667,51.7,28.3475,351.5,431.5,132.5,46.3857142857143,12.2,167.0,27.1567567567568,17.25,78.9,21.9777777777778,35.0083333333333,10.65,102.932432432432,6.58,7.48,15.1375,43.4555555555556,6.89,16.9534482758621,68.325,25.4,267.625,60.0,8.13,38.1208333333333,24.4,79.08,67.768,24.6,74.225,197.0,3.7,8.94,92.2,155.045454545455,54.8,18.68,82.45,432.611111111111,184.130434782609,7.76,140.5,62.3,17.5,51.2,10.65,14.8,16.5,,199.5,18.0639534883721,27.1,10.85,29.4,8.97,12.175,20.9,17.2833333333333,42.3392857142857,46.7019337016575,8.78935483870968,19.6,16.6915254237288,24.49,14.359,10.1807692307692,14.55,19.75,17.9973684210526,204.3125,78.22,1185.0,28.8,118.510309278351,51.58,96.1666666666667,95.5,24.4083333333333,88.7,72.5,10.39375,28.65,170.625,15.55,33.15,25.75625,63.4,27.4,36.5,,73.2,151.416666666667,50.2217391304348,80.6,16.3,10.4083333333333,109.5,43.75,93.9,75.2,,,229.428571428571,,,80.375,,,44.675,69.9,214.5,74.4,199.0,45.9666666666667,35.9,77.8,57.9
45.85,38.15,52.9470588235294,89.9,77.9,69.0,13.4,46.0857142857143,84.5388888888889,33.85,34.875,352.5,157.1,34.3769230769231,45.3,240.0,9.48,35.65,27.9958333333333,66.0863636363636,163.416666666667,88.0,31.8170454545455,14.9,26.1051724137931,53.7,244.0,337.0,44.15,74.8714285714286,62.6666666666667,51.6666666666667,28.3,351.0,430.0,132.5,46.3857142857143,12.2,167.0,27.1744680851064,17.25,78.9,21.9555555555555,35.0294117647059,10.65,102.958333333333,6.58,7.49,15.1375,43.45,6.89,16.9958333333333,68.3666666666667,25.4,267.833333333333,60.0,8.14090909090909,38.1,24.4,78.9666666666667,67.74,24.6,74.2,197.0,3.7,8.94611111111111,92.2,155.0,54.8333333333333,18.6,82.45,432.9,185.0,7.76,140.5,62.3,17.5,51.3,10.65,14.8,16.5,,199.5,18.09,27.05,10.85,29.4,8.96,12.175,20.9375,17.3,42.3045454545455,46.7,8.78,19.6,16.7,24.47,14.3825,10.1807692307692,14.55,19.7113636363636,17.95,204.25,78.3,1185.0,28.8,118.05,51.5,96.1,95.5,24.41,88.6,72.5,10.3936363636364,28.65,170.9,15.52,33.10625,25.7636363636364,63.4,27.4428571428571,36.5,,73.1952380952381,150.941176470588,50.3,80.6,16.3,10.4,109.5,43.755,93.9,75.2933333333333,,,229.428571428571,,,80.2,,,44.65,69.9,214.5,74.4,199.0,46.0,35.9,77.8,57.9142857142857
45.85,38.15,52.98,89.74,77.8285714285714,69.0,13.4,46.05,84.5733333333333,33.8943548387097,34.91,352.166666666667,157.1,34.3708333333333,45.3,240.5,9.49,35.65,27.9958333333333,66.0936170212766,163.416666666667,88.0,31.7865671641791,14.9,26.1370967741935,53.7,244.0,337.5,44.2,74.8,62.6,51.6333333333333,28.3,351.0,430.0,132.5,46.35,12.15,167.0,27.1537606837607,17.25,78.9,22.0,35.0426229508197,10.7,102.880952380952,6.58,7.48633333333333,15.1,43.49,6.89,17.0,68.3,25.4452830188679,267.833333333333,60.0,8.16,38.1,24.4,79.0,67.8,24.5,74.1888888888889,197.0,3.7,8.94428571428571,92.2,155.125,54.7285714285714,18.6,82.425,432.777777777778,185.0,7.76,140.5,62.3,17.5147058823529,51.3,10.65,14.8,16.5,,199.0,18.05,27.05,10.85,29.4,8.96,12.175,20.93125,17.2527777777778,42.3333333333333,46.7,8.78,19.6428571428571,16.675,24.5,14.35,10.1558823529412,14.55,19.7086956521739,17.97,204.2,78.3,1185.0,28.8,118.538461538462,51.5,96.1,95.5,24.4,88.6,72.6,10.39,28.65,171.0,15.5,33.15,25.8,63.4,27.45,36.55,,73.1,150.525,50.3,80.6,16.3,10.4,109.8,43.75,93.8,75.3333333333333,,,229.428571428571,,,80.3,,,44.7,69.7,214.5,74.45,199.0,46.0,35.9,77.8,57.9
45.85,38.1166666666667,52.96,89.7,77.8,69.0,13.4403846153846,46.0,84.564,33.85,35.05,352.5,157.1,34.35,45.3,240.5,9.48615384615385,35.625,27.9958333333333,66.1,163.0,88.1,31.7217391304348,14.9,26.1,53.7,244.0,337.5,44.2,74.8,62.6,51.65,28.275,351.0,430.0,132.5,46.35,12.1869565217391,166.857142857143,27.176,17.25,78.9,21.9666666666667,35.0,10.7,102.868421052632,6.578,7.48,15.1,43.49,6.89,17.0,68.3,25.45,267.7,60.0,8.15,38.1,24.45,79.1022222222222,67.7888888888889,24.5,74.1888888888889,195.5,3.7,8.9337962962963,92.2,155.0,54.8117647058823,18.6,82.4,432.571428571429,185.294117647059,7.76,140.5,62.3,17.5,51.3,10.65,14.8,16.5,,199.5,18.05,27.05,10.85,29.4,8.96,12.175,20.90625,17.25,42.3,46.7,8.78,19.6,16.6613636363636,24.4666666666667,14.3583333333333,10.185,14.5,19.7314285714286,17.95,204.5,78.2,1185.0,28.8,118.833333333333,51.4,96.1,95.5833333333333,24.3575471698113,88.8,72.6,10.3940677966102,28.65,170.5,15.5307692307692,33.1526785714286,25.79,63.42,27.4142857142857,36.57,,73.1,150.6875,50.3,80.6,16.29,10.4,109.7,43.7361111111111,93.8,75.4,,,229.428571428571,,,80.3,,,44.7,69.9,214.5,74.45,199.0,46.0,35.85,77.8,57.9
45.9,38.1,52.9125,89.7,77.8,68.9651162790698,13.4,46.08,84.5875,33.85,35.05,352.0,157.5,34.3916666666667,45.3,240.5,9.48,35.625,27.9958333333333,66.0888888888889,163.0,88.0,31.7083333333333,14.85,26.1,53.65,244.0,337.5,44.15,74.8857142857143,62.7,51.6958333333333,28.3666666666667,351.0,430.0,132.5,46.4,12.152,167.0,27.1519841269841,17.25,78.8625,21.9625,35.0166666666667,10.7,103.0,6.59,7.48,15.1,43.45,6.89,16.96,68.3,25.45,267.833333333333,60.0,8.15,38.05,24.4,79.175,67.6565217391304,24.5,74.1,195.5,3.7,8.9374358974359,92.275,155.0,54.7522727272727,18.6,82.4,432.9375,185.5,7.76,140.5,62.4,17.5,51.4,10.65,14.8,16.5,,199.5,18.05,27.05,10.85,29.4,8.96,12.175,20.95,17.25,42.3246376811594,46.7,8.78487804878049,19.6,16.6727272727273,24.45875,14.3638888888889,10.16875,14.5,19.7429245283019,17.95,204.0,78.3,1185.0,28.8,118.5,51.4,96.1,95.6,24.4,88.8,72.6,10.3885714285714,28.65,170.571428571429,15.5,33.2,25.75,63.4,27.4282608695652,36.5714285714286,,73.1,151.0,50.3,80.6111111111111,16.3,10.4,109.785714285714,43.7136363636364,93.74,75.5,,,229.5,,,80.1714285714286,,,44.7,69.9,214.5,74.45,199.0,45.9833333333333,35.85,77.8,57.9
45.9310924369748,38.1375,52.9943089430894,89.7,77.9,68.8985074626866,13.4346153846154,46.05,84.53,33.85,35.1,352.0,157.0,34.35,45.3,240.0,9.48,35.625,27.95,66.1,163.5,88.0,31.7464285714286,14.9,26.15,53.5,244.0,337.5,44.2,74.85,62.7,51.68,28.35,351.0,429.75,132.5,46.4,12.2497950819672,166.6875,27.15,17.25,78.8677419354839,22.0,35.0166666666667,10.7,102.913043478261,6.59,7.48928571428571,15.15,43.4875,6.89,17.0,68.3,25.4166666666667,267.5,60.0,8.14818181818182,38.0010638297872,24.3821428571429,79.13,67.525,24.5,74.1,195.5,3.7,8.93021276595744,92.25,155.0,54.7666666666667,18.6,82.4,432.708333333333,185.958333333333,7.75,140.083333333333,62.4,17.5,51.4678571428571,10.65,14.8,16.5,,199.5,18.05,27.0051282051282,10.85,29.4,8.96,12.175,20.95,17.2,42.31,46.7433333333333,8.79,19.6267857142857,16.6941176470588,24.5,14.3958333333333,10.1653846153846,14.5416666666667,19.75,17.95,204.0,78.3,1185.0,28.8,118.5,51.4,96.1,95.65,24.3975,88.75,72.6,10.35,28.65,171.0,15.5139534883721,33.2,25.75,63.5,27.4,36.5609375,,73.1,151.0,50.3,80.6,16.3,10.4,110.0,43.7542857142857,93.6,75.5,,,229.5,,,80.25,,,44.7108695652174,69.9,214.5,74.35,199.0,45.9833333333333,35.85,77.8,57.9
45.9310924369748,38.1,53.0,89.7,77.9,68.8985074626866,13.4,46.15,84.55,33.8714285714286,35.1421875,352.666666666667,157.333333333333,34.31875,45.3,240.0,9.48,35.625,27.95,66.0446428571428,163.0,88.0,31.8432432432432,14.9,26.1,53.7,244.0,337.5,44.15,74.9711538461538,62.7,51.7,28.35,351.0,429.5,132.5,46.4481481481482,12.215,167.0,27.15,17.25,78.8344827586207,22.0068,35.0,10.7,102.882352941176,6.59,7.48928571428571,15.15,43.4875,6.89,16.9975,68.3,25.403125,268.0,60.0,8.14818181818182,37.972,24.3758620689655,79.1,67.7842105263158,24.5,74.1,195.5,3.7,8.94,92.2,154.833333333333,54.8,18.6,82.4,432.989130434783,185.736111111111,7.75,140.060975609756,62.4,17.45,51.56,10.6875,14.8,16.5,,199.5,18.05,26.984375,10.85,29.4,8.97,12.175,20.95,17.25,42.3115384615385,46.7,8.78666666666667,19.6,16.6909090909091,24.5,14.3524390243902,10.15,14.5,19.7413043478261,17.95,204.5,78.3,1185.0,28.8,118.0,51.5,96.1,95.65,24.4,88.7,72.6,10.3907407407407,28.6,171.0,15.5,33.2,25.7302631578947,63.48,27.4344827586207,36.5527777777778,,73.1,151.0,50.3,80.6,16.295,10.4,110.068322981366,43.7785714285714,93.7,75.40625,,,229.5,,,80.3,,,44.7434782608696,69.94,214.5,74.4,199.0,45.9833333333333,35.85,77.8,57.9
45.95,38.1,53.0565217391304,89.7,77.9,68.9,13.4,46.1,84.5007272727273,33.85,35.1125,352.5,157.5,34.3482142857143,45.25,240.0,9.48,35.625,27.95,66.1,163.0,88.05,31.8642857142857,14.9,26.15,53.7,244.0,337.5,44.1875,74.9,62.7,51.6230769230769,28.35,351.0,429.5,132.5,46.5,12.2252525252525,167.0,27.1552083333333,17.25,78.8181818181818,22.05,35.0,10.7,102.903225806452,6.59076923076923,7.48,15.16,43.45,6.89,17.0,68.3,25.4,267.5,60.0,8.14,37.9,24.3875,79.1,67.8,24.5,74.1,197.0,3.7,8.93018264840182,92.2,155.0,54.8,18.6177419354839,82.4,433.0,185.280487804878,7.75,140.214285714286,62.4,17.45,51.5833333333333,10.6875,14.8,16.5,,199.5,18.05,26.9730769230769,10.85,29.4,8.97,12.175,20.947619047619,17.2,42.3471074380165,46.6944444444444,8.78,19.6456140350877,16.6943396226415,24.45625,14.3571428571429,10.1590909090909,14.5,19.75,17.95,204.5,78.4,1185.0,28.8,118.0,51.5,96.1,95.7,24.3574712643678,88.7,72.6,10.4,28.6,171.0,15.50625,33.1583333333333,25.7,63.48,27.4,36.5112903225806,,73.1,151.0,50.3,80.6333333333333,16.3,10.4,110.567567567568,43.8,93.7192307692308,75.4,,,229.5,,,80.3,,,44.7,70.0,214.5,74.38,199.0,46.0,35.85,77.7,58.0
45.93,38.1166666666667,53.036,89.9,77.9,69.0,13.4,46.1,84.2735294117647,33.85,35.1125,352.5,157.416666666667,34.3058139534884,45.2464285714286,240.0,9.48,35.625,27.95,66.0666666666667,163.0,88.0666666666667,31.79,14.9,26.1403225806452,53.6,244.0,337.5,44.15,74.9,62.7,51.5896551724138,28.35,351.666666666667,429.0,132.5,46.45,12.2,167.0,27.15,17.25,78.8972222222222,22.0064516129032,35.0388888888889,10.7,102.611940298507,6.59090909090909,7.48,15.16,43.45,6.89,17.0,68.3,25.4,267.642857142857,60.0,8.14,37.9,24.3875,79.1,67.8,24.5,74.1,197.0,3.7,8.93633333333333,92.2,154.857142857143,54.8285714285714,18.6,82.4,433.0,185.28125,7.75,140.166666666667,62.4666666666667,17.45,51.65,10.65,14.8,16.4642857142857,,199.5,18.05,26.9525,10.85,29.4,8.97,12.175,20.95,17.2,42.33,46.6666666666667,8.78714285714286,19.65,16.6653846153846,24.4861111111111,14.35,10.1928571428571,14.5,19.7340909090909,17.975,204.5,78.4,1185.0,28.75,118.0,51.5,96.1,95.8571428571429,24.35,88.7,72.6,10.3869791666667,28.6,171.0,15.4875,33.1833333333333,25.7,63.5,27.4083333333333,36.5380952380952,,73.1,151.0,50.3,80.6,16.3,10.4,110.575757575758,43.8388888888889,93.9,75.4,,,229.5,,,80.3,,,44.7,70.0,214.5,74.3,199.0,45.975,35.85,77.7,58.0
45.9166666666667,38.1,53.0,89.9,77.9,69.0150943396226,13.4,46.095,84.1333333333333,33.85,35.1303571428571,352.583333333333,157.0,34.3,45.2552631578947,240.0,9.47528571428572,35.65,27.95,66.0459459459459,163.0,88.0,31.75,14.85,26.1065217391304,53.6,244.0,337.5,44.1833333333333,74.9,62.6125,51.5,28.35,352.5,429.0,132.5,46.4,12.2,167.0,27.15,17.25,78.9,22.0044444444444,35.0,10.7,102.21146953405,6.59090909090909,7.48,15.15,43.4375,6.89,16.9571428571429,68.4,25.4166666666667,267.5,60.0,8.14,37.9,24.4,79.1,67.8,24.5,74.1,196.5,3.7,8.93111888111888,92.2375,154.5,54.8375,18.6,82.4,432.777777777778,185.0,7.76,140.3125,62.3741935483871,17.45,51.65,10.65,14.79,16.5,,199.5,18.05,26.9036764705882,10.85,29.4,8.96,12.175,20.9877777777778,17.200625,42.3166666666667,46.7,8.78,19.6394736842105,16.6592105263158,24.5,14.390625,10.15,14.5,19.7291666666667,17.95,204.5,78.4,1185.0,28.8,118.5,51.5,96.1,96.0061224489796,24.35,88.7,72.6,10.4,28.6,170.9,15.45,33.1833333333333,25.7021739130435,63.4142857142857,27.45,36.56,,73.1,151.0,50.3,80.6,16.3,10.4,110.5,43.8690476190476,93.8,75.3242424242424,,,230.0,,,80.2833333333333,,,44.7,69.8,214.5,74.35,199.0,45.95,35.85,77.7,57.9545454545455
45.8767857142857,38.1,53.0,89.9,77.9,69.075,13.4,46.0777777777778,84.0079365079365,33.85,35.15,352.055555555556,157.375,34.3067567567568,45.3,239.5,9.47,35.6,28.0416666666667,66.0555555555556,163.0,88.1,31.8,14.85,26.1403225806452,53.6333333333333,244.333333333333,337.5,44.1625,74.8090909090909,62.7,51.4895833333333,28.35,352.5,429.666666666667,132.5,46.35,12.2042372881356,167.0,27.1,17.3,78.8763157894737,21.997619047619,35.0,10.65,102.0,6.58133333333333,7.47655172413793,15.15,43.4,6.89,16.95,68.4,25.4037037037037,267.75,60.0,8.13193548387097,37.9,24.3638888888889,79.15,67.9204761904762,24.5,74.0666666666667,196.083333333333,3.7,8.94,92.2142857142857,154.681818181818,54.8642857142857,18.7,82.4,432.5625,185.319277108434,7.76,140.0,62.390243902439,17.4978260869565,51.7,10.65,14.8,16.5,,199.5,18.1,26.95,10.85,29.4,8.96,12.15,21.005421686747,17.1962264150943,42.325,46.7,8.78592,19.6194805194805,16.6840909090909,24.4619047619048,14.3729166666667,10.15625,14.5275862068966,19.75,17.9883928571429,204.5,78.475,1185.0,28.8,118.5,51.5,96.1,96.0,24.35,88.7,72.6,10.4,28.6,171.0,15.5,33.2,25.7,63.5,27.45,36.5574074074074,,73.0,151.0,50.3166666666667,80.6,16.3,10.4024390243902,110.472222222222,43.9,93.8625,75.2,,,230.5,,,80.16,,,44.7,70.0,214.5,74.4,199.0,45.975,35.85,77.8875,58.0
45.85,38.125,53.0176470588235,89.9,77.9,69.075,13.4,46.1833333333333,83.9071428571429,33.85,35.15,351.75,157.375,34.3,45.3,239.5,9.47,35.6,28.0416666666667,66.0,163.0,88.08,31.8,14.85,26.1322784810127,53.6333333333333,244.227272727273,337.833333333333,44.1625,74.9631578947368,62.7,51.5,28.3,352.5,432.5,132.5,46.35,12.2,167.0,27.1428571428571,17.35,78.8787234042553,22.0,35.0,10.65,102.0,6.58133333333333,7.48,15.15,43.4666666666667,6.89,16.95,68.3333333333333,25.4020833333333,267.8125,60.0,8.13142857142857,37.9,24.3625,79.1,67.9,24.5,74.2,196.083333333333,3.7,8.94,92.26,154.690476190476,54.8,18.7,82.4,432.571428571429,185.5,7.76,139.839473684211,62.3777777777778,17.5,51.7,10.65,14.8,16.5,,199.5,18.05,26.95,10.85,29.4,8.97,12.15,21.0030303030303,17.1962264150943,42.3,46.7,8.78592,19.6,16.7,24.5121336459554,14.35,10.15,14.5,19.7318181818182,17.95,205.0,78.3,1185.0,28.8,118.5,51.5,96.1,96.05,24.3861111111111,88.7,72.6,10.4,28.6,171.0,15.4666666666667,33.1791666666667,25.7214285714286,63.5,27.45,36.55,,73.0,151.464285714286,50.3125,80.5666666666667,16.3,10.45,110.2,43.9,93.8875,75.2272727272727,,,230.5,,,80.175,,,44.7,70.0,214.5,74.475,199.25,46.0,35.85,78.0,57.9
45.80625,38.15,53.0,90.0786206896552,77.9,69.0,13.4,46.1724137931035,83.9190476190476,33.85,35.2196428571429,351.916666666667,157.375,34.3,45.2152173913043,239.5,9.46084210526316,35.6,28.0416666666667,66.0,163.0,88.08,31.81,14.85,26.1,53.7,244.5,337.833333333333,44.16875,74.9,62.7,51.5,28.325,353.0,432.5,132.5,46.3692307692308,12.2,167.0,27.1333333333333,17.3125,78.8173913043478,21.9833333333333,35.0,10.65,102.0,6.58090909090909,7.48,15.15,43.45,6.89,16.9343333333333,68.3,25.4,268.0,60.0,8.14,37.85,24.3947368421053,79.06,67.9111111111111,24.5,74.2,196.0,3.7,8.94,92.2684210526316,154.537037037037,54.7166666666667,18.6115384615385,82.5,432.5,185.583333333333,7.76,139.0,62.4,17.5,51.7,10.65,14.75,16.5,,199.5,18.0766666666667,26.95,10.85,29.4206349206349,8.97,12.15,21.0403846153846,17.25,42.3,46.7,8.78,19.615,16.6590909090909,24.5,14.3969696969697,10.15,14.5,19.75,17.9857142857143,205.0,78.35,1185.0,28.8,118.5,51.5,96.1,96.0,24.3642857142857,88.7,72.6,10.4,28.6,171.0,15.4666666666667,33.2,25.7,63.4,27.425,36.5431034482759,,73.0,151.625,50.4,80.5,16.3357142857143,10.45,110.357142857143,43.9,93.9,75.21,,,230.5,,,80.175,,,44.7,70.06,215.0,74.4,199.0,46.0,35.85,77.9090909090909,58.0
45.8285714285714,38.1333333333333,53.0490196078431,90.5090909090909,77.9,68.93125,13.4003448275862,46.1954545454546,83.9,33.85,35.3208333333333,351.5,157.5,34.3236842105263,45.2,239.5,9.47,35.6,27.95,66.0,163.0,88.1,31.7828125,14.85,26.1392857142857,53.7,244.717391304348,338.0,44.15,74.9,62.7,51.5,28.3,353.666666666667,433.8,132.5,46.35,12.2,167.166666666667,27.1292207792208,17.345,78.8901639344262,22.0,35.0,10.7,102.0,6.58,7.47827586206896,15.15,43.45,6.89,16.9119047619048,68.3666666666667,25.4,268.454545454545,60.0,8.13,37.8954545454545,24.45,79.0375,67.9,24.55,74.2,196.5,3.7,8.9345205479452,92.2772727272727,154.5,54.7521739130435,18.65,82.5,432.5,185.545454545455,7.77,139.0,62.4,17.4970588235294,51.8375,10.65,14.75,16.4878378378378,,199.5,18.0888888888889,26.9047945205479,10.85,29.4,8.96,12.15,21.0431818181818,17.25,42.308,46.7129032258065,8.78172413793103,19.6,16.6857142857143,24.5088235294118,14.39375,10.15,14.5,19.75,17.95,205.0,78.2875,1182.5,28.75,118.5,51.5,96.1,96.0,24.3527472527473,88.8428571428571,72.6,10.3882352941176,28.6,171.008196721311,15.4666666666667,33.1833333333333,25.7,63.5,27.425,36.575,,72.920987654321,151.625,50.4,80.5333333333333,16.301724137931,10.45,110.083333333333,43.8,93.9,75.2,,,231.0,,,80.2,,,44.7,70.0333333333333,215.0,74.4,199.0,46.05,35.85,77.9090909090909,58.0
45.85,38.1333333333333,53.0,90.976,77.8,68.8506329113924,13.4,46.1857142857143,83.8130434782609,33.8375,35.4,351.571428571429,157.5,34.3071428571429,45.2,240.0,9.47111111111111,35.625,27.95,66.0125,163.0,88.1,31.75,14.85,26.1,53.7,245.035211267606,338.0,44.16875,74.8,62.7,51.5,28.3,354.25,433.8,132.5,46.35,12.2,167.5,27.15,17.3,78.830303030303,22.0,35.0318181818182,10.65,102.0,6.58,7.47347826086956,15.15,43.415625,6.89,16.9,68.3857142857143,25.4,268.25,60.0,8.1375,37.85,24.4,79.0666666666667,67.9,24.55,74.0,196.5,3.7,8.94,92.3,154.5,54.7388888888889,18.6277777777778,82.5,432.64,185.518867924528,7.77,138.213091922006,62.4125,17.5,51.9,10.68,14.75,16.4545454545455,,199.0,18.0842105263158,26.95,10.85,29.4,8.96973214285714,12.15,21.0526315789474,17.2021052631579,42.35,46.7,8.78625,19.6320895522388,16.6846153846154,24.5,14.3828125,10.15,14.5,19.75,17.95,205.0,78.225,1185.0,28.75,118.5,51.5,96.1,96.0,24.35,88.8428571428571,72.6,10.3969696969697,28.6,171.0,15.4736842105263,33.2,25.74125,63.5,27.425,36.5333333333333,,72.9,151.625,50.4,80.5,16.3,10.44375,110.35,43.8,94.0,75.1230769230769,,,231.0,,,80.3,,,44.7,70.0333333333333,214.666666666667,74.35,199.0,46.1625,35.85,77.9,58.0
45.85,38.1166666666667,53.0,91.0,77.88,68.8,13.45,46.1071428571428,83.8111111111111,33.8458333333333,35.35,351.5,157.0,34.30625,45.25,240.0,9.48005291005291,35.6,27.95,66.0,163.0,88.0,31.6625,14.85,26.1,53.7,245.55,338.0,44.2,74.8769230769231,62.7,51.5181818181818,28.32,354.75,439.0,132.5,46.35,12.2316901408451,167.1,27.1661157024793,17.33125,78.8711111111111,22.05,35.0,10.6606060606061,101.95,6.5804347826087,7.47,15.15,43.4,6.89,16.95,68.4,25.412037037037,268.1,60.05,8.13,37.8014285714286,24.4,79.01,67.9625,24.55,74.2,196.5,3.7,8.94,92.2,154.5,54.7,18.6,82.5,433.0,185.979310344828,7.76,137.335958005249,62.5,17.45,51.9390625,10.68,14.8,16.4545454545455,,199.0,18.0932971014493,26.95,10.85,29.4,8.97,12.15,21.1,17.2,42.322,46.7017699115044,8.78,19.6,16.7,24.5,14.3676470588235,10.15,14.5,19.75,17.9934782608696,205.0,78.3,1185.0,28.7583333333333,118.5,51.5,96.1,96.0,24.35,88.7,72.6,10.3714285714286,28.6,171.0,15.5,33.1705882352941,25.7659090909091,63.4071428571429,27.45,36.59,,72.9,151.5625,50.3375,80.5,16.3,10.4,110.25,43.8041666666667,94.0,74.9831325301205,,,231.0,,,80.2714285714286,,,44.7,70.0,215.0,74.3,199.0,46.1625,35.86,77.8,57.9
45.85,38.1,53.0,91.0285714285714,77.8,68.7958333333333,13.45,46.1833333333333,83.8,33.84,35.3846153846154,351.5,157.0,34.2957142857143,45.25,240.0,9.49432432432432,35.6,27.95,66.09375,163.0,88.1,31.67,14.85,26.115243902439,53.6666666666667,245.6,338.5,44.15,74.8,62.7,51.5,28.35,355.0,439.5,132.5,46.35,12.2,167.5,27.15,17.35,78.9,22.05,35.03,10.6606060606061,102.0,6.58847457627119,7.47096774193548,15.15,43.4,6.89,16.9071428571429,68.4,25.4,268.111111111111,60.0,8.13,37.7590909090909,24.4,79.0,67.981512605042,24.55,74.2,196.5,3.7,8.93980392156863,92.275,154.625,54.7,18.7,82.8,432.6,186.0,7.76,136.712765957447,62.4222222222222,17.5,51.9,10.65,14.7666666666667,16.4625,,199.0,18.0931034482759,26.95,10.85,29.4,8.97,12.15,21.0634615384615,17.25,42.3,46.7,8.78,19.6,16.7,24.5,14.3647727272727,10.15,14.5,19.75,17.95,205.0,78.35,1185.0,28.85,118.5,51.6,96.1,96.0,24.35,88.74,72.6,10.3704081632653,28.6,171.0,15.5,33.2,25.75,63.4,27.45,36.58,,72.9,151.5,50.3,80.5,16.3071428571429,10.4125,110.125,43.815,94.0,75.0,,,232.0,,,80.3,,,44.7120689655173,70.0,214.75,74.3,199.0,46.15,35.9,77.8,57.9714285714286
45.85,38.125,52.9658536585366,91.1142857142857,77.8,68.7916666666667,13.4,46.1,83.8090909090909,33.8333333333333,35.4867647058824,352.0,157.0,34.3,45.3,240.0,9.48,35.6,27.95,66.0142857142857,163.0,88.0,31.8,14.85,26.1,53.6666666666667,245.5,337.5,44.2,74.8,62.7,51.5,28.35,355.375,439.5,132.5,46.25,12.2,167.5,27.1581730769231,17.3346153846154,78.9,22.05,35.0392857142857,10.65,101.951923076923,6.58847457627119,7.4624375,15.15,43.4065217391304,6.89,16.9777777777778,68.3,25.4185185185185,268.0,60.1,8.1225,37.7989130434783,24.4019230769231,79.0,67.9957446808511,24.5,74.0285714285714,196.5,3.7,8.94,92.2,154.5,54.7,18.65,82.8,433.0,186.0,7.76,137.220720720721,62.4,17.5,51.9,10.65,14.7666666666667,16.4625,,199.0,18.1,26.9,10.85,29.4,8.97,12.15,21.1,17.2,42.34,46.7,8.78,19.6421568627451,16.6963636363636,24.5,14.35,10.2,14.5,19.75,17.9952380952381,205.0,78.35,1185.0,28.85,118.5,51.6,96.2,96.0,24.3642857142857,88.8333333333333,72.6,10.3875,28.6,171.0,15.5,33.2,25.75,63.4,27.45,36.6,,72.9,151.5,50.3,80.5777777777778,16.3333333333333,10.4291666666667,110.5,43.8,93.9052631578948,75.0272727272727,,,232.0,,,80.2666666666667,,,44.7,70.0,215.0,74.4,199.0,46.15,35.9,77.8,58.0
45.8555555555555,38.1,52.9,91.1625,77.8,68.7,13.4,46.1,83.8,33.8,35.5318181818182,352.0,157.0,34.3,45.3,239.5,9.48,35.65,27.95,66.0294117647059,163.0,88.0,31.725,14.895,26.1451807228916,53.7,245.333333333333,338.0,44.2071428571429,74.8,62.7,51.5727272727273,28.35,355.0,440.0,132.5,46.3,12.2275,167.5,27.15,17.3172727272727,78.8931818181818,22.0191176470588,35.0,10.6666666666667,101.958333333333,6.58,7.46,15.15,43.3934782608696,6.89,16.95,68.3,25.4,268.04347826087,60.1,8.13,37.8,24.353125,79.0,67.9777777777778,24.5,74.0,196.5,3.7,8.9430303030303,92.2,154.625,54.7142857142857,18.75,82.7,433.0,185.968085106383,7.769375,137.393939393939,62.4,17.5,51.9666666666667,10.65,14.775,16.4625,,199.0,18.1,26.95,10.85,29.4,8.97,12.15,21.1,17.2,42.3416666666667,46.6833333333333,8.78011363636364,19.6006666666667,16.6684615384615,24.5,14.3666666666667,10.2,14.5,19.75,17.98125,205.0,78.4,1185.0,28.8,118.5,51.52,96.2,95.8727272727273,24.3641025641026,88.8333333333333,72.6,10.3553191489362,28.6,171.166666666667,15.45,33.15,25.7028301886793,63.4,27.4666666666667,36.6,,72.9,151.5,50.3,80.55,16.3,10.4291666666667,110.0,43.7653846153846,93.9307692307692,75.0111111111111,,,232.0,,,80.25,,,44.7375,70.0,214.625,74.4,199.0,46.15,35.8,77.8,57.9
45.8545454545455,38.1,52.9,91.4,77.8074074074074,68.7,13.4,46.1,83.7933333333333,33.85,35.5333333333333,351.5,157.25,34.3,45.2604166666667,239.5,9.48,35.65,27.95,66.1,163.0,88.2,31.725,14.9,26.1054347826087,53.7,245.0,338.0,44.25,74.8,62.7,51.5962962962963,28.35,355.5,440.0,132.5,46.25,12.2473913043478,167.5,27.1593333333333,17.3333333333333,78.8866666666667,22.03,35.036,10.7,102.0,6.57827586206897,7.46021739130435,15.15,43.35,6.89,16.9030303030303,68.3,25.4,268.0,60.1,8.13526315789474,37.85,24.4,79.0,67.9333333333333,24.5,74.0,196.5,3.7,8.9319298245614,92.1090909090909,154.625,54.7111111111111,18.75,82.7,432.7,186.0,7.76,137.5,62.4,17.5,52.0,10.65,14.75,16.45,,199.0,18.1,26.9,10.85,29.4,8.97,12.15,21.13,17.2,42.34,46.65,8.78,19.6,16.6882352941176,24.5214285714286,14.35,10.1583333333333,14.5,19.8,17.95,204.5,78.4,1185.0,28.8,118.75,51.5,96.1333333333333,95.8,24.3988095238095,88.7,72.6,10.3825,28.6,171.0,15.5,33.1611111111111,25.775,63.48,27.4888888888889,36.6,,72.9,151.5,50.3,80.5666666666667,16.3,10.4,110.15,43.7666666666667,93.925,75.0,,,232.0,,,80.3,,,44.7494382022472,70.0,214.5,74.425,199.0,46.15,35.8,77.8,57.925
45.8664634146341,38.0645833333333,52.9,91.4588235294118,77.8,68.7,13.4045045045045,46.1,83.7,33.85,35.5,351.9,157.25,34.3,45.25,239.5,9.48,35.6125,27.95,66.1,163.0,88.2,31.7,14.9,26.12,53.6076923076923,245.0,337.928571428571,44.22,74.7984848484848,62.7,51.656,28.3,355.5,440.0,132.5,46.25,12.2426751592357,167.5,27.15,17.33,78.8,22.005,35.0041666666667,10.65,102.0,6.57827586206897,7.46619718309859,15.15,43.3833333333333,6.89,16.947,68.4,25.4,268.1,60.1,8.13333333333333,37.85,24.4,79.0,67.9,24.5,74.0,196.5,3.7,8.94,92.1,154.8,54.7545454545455,18.75,82.8,432.578947368421,186.0,7.76,137.5,62.4,17.5,51.9906976744186,10.65,14.75,16.45,,199.0,18.0541666666667,26.9026315789474,10.85,29.3967213114754,8.97,12.15,21.128947368421,17.2,42.3488636363636,46.65,8.78666666666667,19.6181818181818,16.6766666666667,24.5,14.3511363636364,10.15,14.5,19.76,17.95,204.0,78.3,1185.0,28.8,118.5,51.5,96.1,95.8,24.3695652173913,88.64,72.6,10.3613636363636,28.6,171.0,15.5,33.15,25.7,63.475,27.4535714285714,36.56,,72.8,151.5,50.3,80.6,16.3,10.4012820512821,110.0,43.75,94.0,74.9470588235294,,,232.0,,,80.3,,,44.7869565217391,70.0,215.0,74.4,199.0,46.1,35.8,77.8,57.9
45.85,38.15,52.9,91.5,77.8,68.7,13.448046875,46.1923076923077,83.6321428571428,33.85,35.4910714285714,351.5,157.0,34.3,45.2833333333333,239.5,9.49,35.6125,27.95,66.1090909090909,163.0,88.2,31.75,14.9,26.128,53.6777777777778,245.0,338.5,44.25,74.6830508474576,62.7,51.7,28.3,355.375,440.0,132.5,46.2,12.2371900826446,167.5,27.1810344827586,17.3018248175183,78.8518518518518,22.0166666666667,35.0269230769231,10.65,102.0,6.57827586206897,7.46,15.15,43.4,6.89,16.95,68.3,25.3553846153846,268.038461538462,60.0133333333333,8.14,37.85,24.45,79.0523809523809,67.768,24.55,74.0,196.5,3.7,8.94615384615385,92.1,154.5,54.7,18.75,82.8,432.566666666667,186.0,7.76,137.5,62.4,17.4545454545455,52.0242424242424,10.65,14.75,16.45,,199.0,18.05,26.905,10.85,29.4,8.96946808510638,12.2,21.1782352941176,17.2,42.3336956521739,46.6633333333333,8.78897435897436,19.65,16.6772727272727,24.5,14.3552845528455,10.1625,14.5,19.7583333333333,17.95,204.0,78.2333333333333,1185.0,28.8,118.5,51.6,96.1916666666667,95.77,24.390625,88.7,72.6,10.4,28.6,171.0,15.5,33.1535714285714,25.7076923076923,63.5,27.45,36.5875,,72.875,151.5,50.3,80.58,16.3,10.4,110.0,43.75,94.0,75.0,,,232.0,,,80.3,,,44.7888888888889,70.0,214.5,74.4,199.0,46.1,35.86,77.8,57.9357142857143
45.8307692307692,38.15,52.9,91.5875,77.8,68.5854545454545,13.4,46.175,83.6214285714286,33.85,35.5,351.227272727273,157.5,34.3078125,45.3,239.5,9.49,35.65,28.0416666666667,66.05,163.0,88.0,31.7166666666667,14.9,26.1,53.6777777777778,245.333333333333,338.5,44.2375,74.6916666666667,62.7,51.7756097560976,28.4339285714286,355.375,440.5,132.5,46.155,12.2217821782178,167.9609375,27.15,17.2962068965517,78.8212765957447,22.034375,35.0833333333333,10.68,102.0,6.57315789473684,7.47166666666667,15.15,43.4,6.89,16.9417293233083,68.3,25.35,268.05,60.05,8.14,37.8225,24.4842105263158,79.0916666666667,67.8454545454545,24.55,73.9142857142857,196.833333333333,3.7,8.94,92.12,154.5,54.64,18.75,82.65,432.5,186.0,7.76,137.5,62.3138888888889,17.5,52.22,10.65,14.75,16.5,,199.0,18.0642857142857,26.8634615384615,10.85,29.4,8.98,12.1714285714286,21.1955555555556,17.2,42.3470588235294,46.6886363636364,8.78970149253731,19.6,16.6617647058823,24.5,14.3552631578947,10.1541666666667,14.5223684210526,19.7779411764706,17.9915094339623,204.375,78.3,1185.0,28.8,118.5,51.5,96.1785714285714,95.7555555555556,24.35,88.7,72.6,10.3822916666667,28.6,171.0,15.5090909090909,33.15,25.75,63.5444444444445,27.48,36.5040540540541,,72.9,151.5,50.3035714285714,80.58,16.3,10.40625,110.0,43.75,93.8,75.0083333333333,,,232.0,,,80.28,,,44.7941176470588,70.1,214.25,74.325,199.0,46.05,35.86,77.8,58.0
45.85,38.1,52.9,91.6,77.8,68.525641025641,13.4,46.1,83.625,33.85,35.45,349.75,157.0,34.3416666666667,45.3,239.5,9.49043478260869,35.65,27.95,66.1,163.0,88.0,31.7,14.9,26.1208333333333,53.6777777777778,245.0,338.8,44.225,74.7,62.7,51.7,28.45,355.375,440.0,132.5,46.155,12.21,167.510638297872,27.1571428571429,17.3,78.8803571428572,22.05,35.0481132075472,10.65,102.0,6.57,7.46941176470588,15.15,43.39375,6.89,16.9321428571429,68.3,25.35,268.35,60.0666666666667,8.13,37.815,24.4842105263158,79.0,67.8481481481482,24.55,73.9142857142857,196.833333333333,3.7,8.94142857142857,92.1,154.5,54.8,18.75,82.7666666666667,432.638888888889,185.606194690265,7.76,137.5,62.3384615384615,17.5,52.3,10.6903846153846,14.75,16.4545454545455,,199.0,18.05,26.8636363636364,10.9,29.4,8.98,12.2,21.1833333333333,17.2,42.3416666666667,46.6772727272727,8.78,19.6,16.65,24.5016129032258,14.3684210526316,10.1568493150685,14.5223684210526,19.7896825396825,17.9822580645161,204.0,78.2923076923077,1182.5,28.8,118.5,51.5,96.2,95.7555555555556,24.36875,88.7,72.7,10.3595744680851,28.6,171.0,15.5041666666667,33.15,25.75,63.5,27.4022727272727,36.55,,72.9214285714286,151.5,50.3,80.52,16.3,10.4,110.0,43.7954545454545,93.8916666666667,75.0615384615385,,,232.0,,,80.2,,,44.7835820895522,70.1,214.142857142857,74.3,198.625,46.05,35.85,77.8,57.9
45.85,38.15,52.9,91.6,77.8,68.4137931034483,13.4490909090909,46.1571428571429,83.635294117647,33.85,35.4777777777778,349.055555555556,157.0,34.3,45.2928571428571,239.5,9.49,35.6833333333333,27.95,66.1,163.3125,88.0,31.65,14.9,26.12625,53.6777777777778,245.0,339.0,44.25,74.608,62.7,51.7753623188406,28.4416666666667,355.5,440.0,132.0,46.15,12.2074468085106,167.0,27.1912408759124,17.2625,78.9,22.0513888888889,35.0,10.65,102.0,6.58,7.46941176470588,15.15,43.425,6.89,16.95,68.3,25.3075471698113,268.052631578947,60.0666666666667,8.1325,37.8145833333333,24.4,79.0,67.8363636363636,24.5,73.95,196.833333333333,3.7,8.94,92.1833333333333,154.666666666667,54.74,18.75,82.8,432.385135135135,185.5,7.75,137.066176470588,62.302380952381,17.5,52.3645161290322,10.6791666666667,14.8,16.48,,199.0,18.0,26.8537037037037,10.85,29.4,8.98,12.2,21.1545454545455,17.2,42.35,46.65,8.78230769230769,19.65,16.65,24.5,14.3545454545455,10.15,14.5,19.7898148148148,17.95,204.0,78.3,1182.5,28.8,118.5,51.5,96.16,95.6,24.3596774193548,88.7,72.7,10.3545454545455,28.6,171.0,15.5,33.1535714285714,25.7541666666667,63.5,27.4,36.55,,72.9,151.5,50.2444444444444,80.5,16.35,10.4075757575758,110.0,43.8,93.9,75.1,,,230.5,,,80.3,,,44.7754901960784,70.125,214.0,74.3,198.5,46.05,35.85,77.8,58.0
45.9,38.1,52.9,91.6,77.8,68.3675,13.45,46.1333333333333,83.6451612903226,33.85,35.4954545454545,350.25,157.0,34.2833333333333,45.25,239.5,9.5,35.6833333333333,27.95,66.0744186046512,163.5,88.0,31.65,14.9,26.1427536231884,53.6777777777778,245.0,339.0,44.2375,74.6,62.8,51.795,28.39375,355.5,440.0,132.0,46.1895833333333,12.248,167.0,27.1986,17.325,78.8628571428571,22.091935483871,35.0375,10.65,102.0,6.58,7.45557522123894,15.15,43.4,6.89,16.9357142857143,68.3,25.3121621621622,268.0,60.0666666666667,8.12111111111111,37.8016393442623,24.45,78.9722222222222,67.91,24.5038461538462,73.8863636363636,196.833333333333,3.7,8.93036585365854,92.1823529411764,154.6,54.7052631578947,18.75,82.8,432.0,185.538461538462,7.75,137.5,62.3,17.4941176470588,52.3,10.65,14.8,16.4533333333333,,199.0,18.05,26.8576530612245,10.85,29.4,8.98,12.15,21.1959183673469,17.2,42.3094512195122,46.6758620689655,8.78,19.6004672897196,16.6586956521739,24.5,14.3545454545455,10.15,14.5403225806452,19.7502590673575,17.95,204.0,78.2,1185.0,28.8,118.0,51.5,96.2,95.7,24.35,88.7,72.7,10.35,28.6,171.0,15.5142857142857,33.1604166666667,25.7518867924528,63.5076923076923,27.4272727272727,36.5576923076923,,72.9,151.5,50.3,80.5,16.35,10.4086956521739,109.833333333333,43.8125,93.9,75.1,,,230.0,,,80.3,,,44.75,70.0666666666667,214.25,74.3,198.5,46.05,35.85,77.8,57.9285714285714
45.8954545454545,38.1,52.874358974359,91.46,77.8,68.3835443037975,13.439898989899,46.1714285714286,83.6357142857143,33.8475,35.4884615384615,350.166666666667,157.0,34.3423076923077,45.25,239.75,9.49,35.6833333333333,27.95,66.0625,163.5,88.1,31.6,14.9,26.1285714285714,53.5,244.666666666667,339.2,44.2,74.6051282051282,62.8,51.7666666666667,28.3857142857143,355.25,440.0,132.0,46.2620689655172,12.2020746887967,167.0,27.2,17.3041666666667,78.889393939394,22.0821428571429,35.0309523809524,10.65,101.500476371951,6.56908256880734,7.46,15.15,43.5,6.89,16.95,68.35,25.31875,268.0,60.1,8.13,37.7544117647059,24.45,79.0,67.8133333333333,24.475,73.8333333333333,196.833333333333,3.7,8.93781690140845,92.2117647058824,154.6875,54.6625,18.7,82.7,431.926470588235,185.78947368421,7.75,137.827380952381,62.3,17.4978260869565,52.3,10.65,14.8,16.5,,199.0,18.05,26.8071428571429,10.85,29.4,8.97,12.1625,21.1716981132076,17.1513888888889,42.3267123287671,46.65,8.78,19.6,16.7,24.5,14.3772727272727,10.15,14.5,19.7539682539683,17.959375,204.5,78.2,1185.0,28.81,118.0,51.525,96.2,95.7,24.3722222222222,88.7,72.7,10.35,28.6,170.868421052632,15.525,33.15,25.75,63.5285714285714,27.4,36.55,,72.8933333333333,151.5,50.2,80.5214285714286,16.3125,10.4,110.0,43.8,93.9,75.1,,,230.0,,,80.1764705882353,,,44.7953947368421,70.1,214.25,74.3,198.5,46.05,35.8571428571429,77.7,57.9714285714286
45.8607142857143,38.1,52.8366666666667,91.1818181818182,77.8,68.5440476190476,13.45,46.195,83.6,33.85,35.45,350.0,157.0,34.35,45.275,239.5,9.49,35.7,27.9,66.1,163.0,88.1,31.625,14.852380952381,26.1,53.5,244.9375,339.2,44.2333333333333,74.6,62.7666666666667,51.7555555555556,28.4333333333333,355.25,440.0,132.0,46.25,12.2066265060241,167.0,27.2,17.3,78.8446078431373,22.0711538461538,35.05,10.65,101.625899280576,6.56,7.45,15.15,43.4857142857143,6.89,16.9,68.3,25.3761194029851,267.657894736842,60.0,8.139,37.7186046511628,24.45,79.0,67.8125,24.45,73.8,196.833333333333,3.7,8.93485294117647,92.1,154.5,54.7,18.7,82.7,432.0,185.559701492537,7.75,138.142857142857,62.2740740740741,17.4978260869565,52.35,10.65,14.8,16.5,,199.0,18.05,26.85,10.85,29.3912472647702,8.97,12.15,21.2,17.17,42.3,46.7,8.78,19.6046875,16.6530769230769,24.5,14.3516129032258,10.2,14.5,19.7537735849057,17.95,204.5,78.125,1185.0,28.8,118.0,51.5833333333333,96.125,95.7,24.35,88.6142857142857,72.7,10.352380952381,28.6,171.0,15.5,33.15,25.7368421052632,63.6,27.4,36.55,,72.8,151.5,50.2461538461539,80.5,16.3111111111111,10.4,109.96875,43.8208333333333,93.9,75.075,,,230.0,,,80.1764705882353,,,44.75,70.1,214.0,74.275,198.5,46.05,35.8055555555556,77.7,58.0
45.8596153846154,38.1,52.8529411764706,91.2,77.8,68.8,13.4196428571429,46.2,83.6642857142857,33.85,35.455,351.0,156.916666666667,34.4190839694656,45.2147058823529,239.5,9.49,35.7,27.9,66.2,163.5,88.1,31.65,14.852380952381,26.1,53.5,244.8,339.833333333333,44.2333333333333,74.6635135135135,62.7875,51.7333333333333,28.4,354.5,440.0,132.0,46.25,12.25,167.0,27.2188172043011,17.3,78.8,22.1091836734694,35.05,10.65,102.0,6.57,7.43893203883495,15.2,43.4944444444444,6.89,16.9,68.2333333333333,25.35,267.7,60.0,8.125,37.7342105263158,24.45,78.9,67.8,24.45,73.7333333333333,196.5,3.7,8.9338,92.1,154.5,54.7,18.7,82.6,432.0,185.545454545455,7.75,138.192307692308,62.275,17.45,52.2461538461538,10.7,14.8,16.5,,199.0,18.05,26.85,10.85,29.35,8.97,12.2,21.2,17.2,42.3,46.6994897959184,8.77657894736842,19.6,16.6524096385542,24.5,14.3719424460432,10.1512820512821,14.5004807692308,19.7571428571429,17.9529411764706,204.5,78.0,1185.0,28.8,118.0,51.55,96.1714285714286,95.7,24.35,88.6,72.7,10.4,28.6,170.833333333333,15.5,33.15,25.699358974359,63.5214285714286,27.35,36.585,,72.8,151.5,50.3,80.5,16.3222222222222,10.4,110.166666666667,43.8,93.9,75.0,,,230.0,,,80.1764705882353,,,44.7546875,70.2,214.0,74.3,199.5,46.05,35.8428571428571,77.6166666666667,57.9
45.854347826087,38.1,52.9,91.3,77.8125,68.7466666666667,13.4285714285714,46.2,83.7,33.85,35.45,351.5,156.916666666667,34.4635714285714,45.2,239.5,9.48833333333334,35.65,27.9,66.2,163.5,88.15,31.6,14.9,26.1196078431372,53.6,244.5,340.0,44.23,74.64,62.75,51.7,28.4166666666667,354.0,440.0,132.0,46.25,12.20625,167.346153846154,27.25,17.275,78.8146464646465,22.125,35.05,10.65,102.013888888889,6.56375,7.43,15.2,43.45,6.89,16.9,68.2,25.35,267.692307692308,60.0222222222222,8.125,37.75,24.4035714285714,79.0,67.8666666666667,24.5,73.7666666666667,197.0,3.7,8.93,92.1,154.5,54.69375,18.7,82.6,431.676470588235,186.0,7.75,138.5,62.24,17.5,52.3,10.65,14.8,16.4957142857143,,199.0,18.05,26.85,10.9,29.35,8.97,12.2,21.2892045454545,17.2,42.35,46.6970588235294,8.77,19.6,16.6564102564103,24.5,14.356862745098,10.1666666666667,14.5,19.75,17.95,204.5,78.2,1185.0,28.8,118.0,51.6,96.2,95.7142857142857,24.3518518518519,88.6916666666667,72.7,10.35,28.6,171.026315789474,15.5022727272727,33.1541666666667,25.7,63.56,27.35,36.571875,,72.8333333333333,151.5,50.2909090909091,80.5,16.3272727272727,10.4,110.2,43.8,93.9,75.0066666666667,,,230.0,,,80.2285714285714,,,44.7818181818182,70.1,214.1,74.2,199.5,46.05,35.85,77.8,57.9333333333333
45.8965753424658,38.1166666666667,52.9933333333333,91.3,77.9,68.8,13.4485074626866,46.13,83.6333333333333,33.85,35.45,352.0,157.0,34.45,45.2428571428571,239.5,9.49,35.7,27.9,66.2,163.5,88.0,31.7,14.8880952380952,26.102358490566,53.6,244.5,340.0,44.275,74.7,62.9,51.6962962962963,28.4,352.5,440.0,132.0,46.25,12.2174418604651,167.5,27.2167883211679,17.3,78.8636363636364,22.118,35.1229508196721,10.69,102.23,6.56107692307692,7.4225,15.15,43.5,6.89,16.91875,68.25,25.35,267.944444444444,60.0,8.125,37.75,24.4,79.0,67.9089285714286,24.5,73.7666666666667,196.5,3.7,8.93148571428571,92.1,154.5,54.7,18.7,82.7,431.642857142857,185.54347826087,7.75,138.0,62.2953488372093,17.5,52.3,10.65,14.8,16.5,,199.0,18.05,26.85,10.8857142857143,29.35,8.97,12.2,21.25,17.1381642512077,42.3611111111111,46.7030612244898,8.77962121212121,19.6,16.65625,24.5,14.356862745098,10.1666666666667,14.5,19.75,17.9535714285714,204.5,78.0285714285714,1185.0,28.75,118.166666666667,51.6,96.1,95.7,24.35,88.5,72.7,10.3965517241379,28.6,171.071428571429,15.5027777777778,33.15,25.75,63.50625,27.4166666666667,36.6,,72.9121951219512,151.5,50.4,80.5,16.3038461538462,10.4,110.375,43.8,93.832,75.0125,,,231.0,,,80.44,,,44.7634615384615,69.9090909090909,214.0,74.25,199.0,46.05,35.8,77.8863636363636,57.9333333333333
45.95,38.15,52.9689655172414,91.2,77.815,68.7448979591837,13.4465517241379,46.1,83.6588235294117,33.85,35.4916666666667,352.5,157.5,34.4657894736842,45.2428571428571,239.5,9.49,35.6833333333333,27.9333333333333,66.2,163.5,88.0,31.7386363636364,14.8880952380952,26.1378048780488,53.6,244.5,340.0,44.25,74.73,62.84,51.7133333333333,28.4802631578947,352.5,440.0,132.0,46.25,12.25,167.34375,27.25,17.3083333333333,78.8451219512195,22.1208333333333,35.1858974358974,10.67,102.333333333333,6.58,7.43282051282051,15.2,43.5,6.89,16.9041666666667,68.225,25.35,268.0,60.0,8.13694444444445,37.75,24.35,79.0684210526316,67.9225806451613,24.5333333333333,73.8,196.5,3.7,8.93,92.125,154.55,54.7,18.65,82.7,432.0,185.511904761905,7.75,138.0,62.3,17.4814814814815,52.3619047619048,10.65,14.8,16.5,,199.0,18.0,26.85,10.85,29.35,8.97,12.2,21.2094339622641,17.1189393939394,42.35,46.7282051282051,8.77068702290076,19.6168539325843,16.6558823529412,24.5,14.356862745098,10.2,14.5,19.7986607142857,18.0,204.5,78.0,1185.0,28.8,118.357142857143,51.5666666666667,96.1818181818182,95.74,24.35,88.6333333333333,72.7,10.4,28.55,171.25,15.5083333333333,33.15,25.75625,63.575,27.4166666666667,36.5916666666667,,73.0,151.0,50.3,80.5071428571428,16.35,10.4,110.0,43.8,93.8,74.9615384615385,,,230.5,,,80.7,,,44.776,70.1,214.0,74.3,199.0,46.05,35.8,78.2837837837838,57.9
45.946875,38.125,52.9666666666667,91.1375,77.8968253968254,68.7,13.448275862069,46.1166666666667,83.6954545454546,33.85,35.5,352.5,157.5,34.475,45.25,239.5,9.49,35.6833333333333,27.95,66.2384615384615,163.5,88.0,31.7,14.85,26.1397727272727,53.7,244.214285714286,340.0,44.25,74.7,62.9,51.7897435897436,28.4458333333333,352.5,440.0,132.5,46.25,12.2408496732026,167.088235294118,27.2057971014493,17.3238095238095,78.8,22.1,35.2847826086957,10.6229508196721,102.488805970149,6.57925925925926,7.44147058823529,15.2,43.5277777777778,6.89,16.9066666666667,68.2,25.35,267.653846153846,60.0,8.12,37.75,24.4,79.025,67.9166666666667,24.55,73.9,196.5,3.7,8.93,92.16,154.5,54.68125,18.65,82.7,431.833333333333,185.84,7.77,137.780487804878,62.3,17.475,52.3978260869565,10.6875,14.75,16.5,,199.0,18.05,26.85,10.85,29.35,8.97,12.2,21.25,17.15,42.35,46.7166666666667,8.77625,19.6,16.65,24.5,14.4,10.2,14.4994444444444,19.7770588235294,17.9947368421053,204.5,78.1,1185.0,28.8125,118.0,51.5666666666667,96.1923076923077,95.805,24.35,88.5083333333333,72.7,10.3983108108108,28.55,171.5,15.5,33.15,25.75,63.5235294117647,27.4,36.6,,72.9,152.0,50.3,80.5,16.35,10.4,109.994736842105,43.8,93.8,74.9555555555556,,,230.5,,,80.7,,,44.7788461538461,70.05,214.0,74.3,199.166666666667,46.1,35.85,78.2538461538462,57.95
45.9788288288288,38.1,52.9916666666667,91.1333333333333,77.9,68.6368421052632,13.45,46.1033333333333,83.6047619047619,33.8166666666667,35.5,352.1,157.5,34.45,45.2729166666667,239.5,9.487,35.675,27.95,66.3,163.5,88.03,31.7,14.85,26.1,53.7,244.0,340.0,44.2875,74.7833333333333,62.5857142857143,51.8974874371859,28.4428571428571,352.5,440.0,132.5,46.25,12.2316091954023,167.0,27.2,17.3409090909091,78.8615384615385,22.1,35.3905,10.6229508196721,102.275862068966,6.57,7.43473684210526,15.1478260869565,43.5,6.89,16.9009090909091,68.2,25.3858585858586,267.8,60.1,8.12,37.7478260869565,24.3833333333333,79.1,67.9111111111111,24.55,73.9,196.5,3.7,8.925,92.2,154.5,54.6,18.65,82.8,432.0,185.551724137931,7.77,137.783333333333,62.3,17.45,52.4837837837838,10.6685185185185,14.75,16.475,,199.0,18.05,26.85,10.85,29.3961538461539,8.97,12.2,21.2955882352941,17.15,42.3142857142857,46.7,8.77833333333333,19.6,16.65,24.5028301886793,14.4,10.159375,14.5,19.7647058823529,17.9969135802469,204.5,78.1,1185.0,28.825,118.0,51.6,96.2,95.8,24.3467391304348,88.5,72.7,10.4,28.55,171.5,15.5078947368421,33.15,25.752,63.6,27.4,36.5958333333333,,72.9,151.5,50.3333333333333,80.5055555555555,16.35,10.4490196078431,109.75,43.8,93.8,74.9,,,230.5,,,80.6833333333333,,,44.75,70.0,214.166666666667,74.34,199.0,46.08,35.80625,78.2,57.9
45.95,38.1166666666667,52.9,91.2,77.9095238095238,68.5823529411765,13.45,46.1166666666667,83.6,33.8388888888889,35.5,352.625,157.5,34.490625,45.3045454545455,239.5,9.485,35.6875,27.95,66.3,163.5,88.03,31.7166666666667,14.9,26.1492890995261,53.7,244.0,339.75,44.3,74.7,62.7,52.0,28.45,352.5,440.0,132.5,46.3241666666667,12.242619047619,167.0,27.2054545454545,17.35,78.8333333333333,22.1,35.3887931034483,10.6,102.46,6.58,7.4227027027027,15.1,43.5,6.89,16.9,68.2111111111111,25.35,267.85,60.0,8.12032258064516,37.75,24.35,79.0793103448276,67.9083333333333,24.55,73.8,196.5,3.7,8.9268,92.2,154.535714285714,54.6333333333333,18.65,82.7181818181818,432.041666666667,185.66,7.77,138.0,62.4,17.5,52.3,10.6652173913043,14.75,16.4875,,199.0,18.0041666666667,26.85,10.85,29.3626666666667,8.97,12.2,21.267032967033,17.15,42.35,46.658,8.78,19.6025,16.65,24.5,14.4,10.15,14.5,19.7754385964912,17.95,204.5,78.2,1185.0,28.8,118.0,51.55,96.2,95.8,24.4,88.525,72.7,10.35,28.7,171.5,15.5,33.1256756756757,25.75,63.5,27.4,36.6,,72.875,151.5,50.4,80.5019607843137,16.35,10.45,109.833333333333,43.8,93.7875,74.8151515151515,,,230.5,,,80.4,,,44.75,70.1,214.375,74.3,199.5,46.2,35.85,78.351724137931,57.9
45.909375,38.1083333333333,52.9991150442478,91.3,78.0,68.621978021978,13.4936170212766,46.05,83.66,33.85,35.5142857142857,353.0,157.5,34.45,45.35,239.5,9.49,35.6625,27.95,66.3,163.5,88.03,31.7,14.9,26.15,53.7,244.055555555556,339.0,44.3,74.7,62.5571428571429,51.9184466019417,28.4294117647059,353.25,440.8,132.5,46.3,12.2309523809524,167.357142857143,27.204214559387,17.35,78.8103448275862,22.1368217054264,35.3120967741935,10.6,102.375,6.57952380952381,7.41704402515723,15.1,43.5,6.89,16.9307692307692,68.1,25.35,268.008333333333,60.0,8.12,37.72,24.35,79.0736842105263,67.9685393258427,24.5045454545455,73.82,196.5,3.7,8.92587837837838,92.2,154.53125,54.652,18.65,82.8,432.0,185.84375,7.77,138.0,62.5142857142857,17.5,52.3333333333333,10.65,14.8,16.45,,199.0,18.0,26.9,10.85,29.3554347826087,8.97009900990099,12.2,21.2619047619048,17.15,42.33,46.65,8.7725,19.6,16.65,24.5,14.4,10.15,14.5,19.7739130434783,17.95,205.0078125,78.3,1185.0,28.8,118.0,51.55,96.2333333333333,95.9,24.4,88.6,72.7,10.3926315789474,28.7,171.625,15.5,33.1,25.7,63.5333333333333,27.3178571428571,36.6,,72.9,151.5,50.3285714285714,80.4538461538462,16.3211538461538,10.4083333333333,109.666666666667,43.8,93.8421052631579,74.82,,,230.5,,,80.4,,,44.75,70.05,214.333333333333,74.4,198.5,46.1,35.8230769230769,78.5175824175824,57.9
45.9,38.1083333333333,52.9965517241379,91.14,78.0,68.635,13.4956896551724,46.0525,83.7,33.85,35.5788461538462,353.0,157.515625,34.45,45.35,239.75,9.48824561403509,35.7,27.9,66.3333333333333,163.0,88.0,31.71,14.85,26.1969072164948,53.7,244.5,338.333333333333,44.3,74.7714285714286,62.8,51.9995614035088,28.4,354.0,441.0,132.5,46.25,12.2009433962264,167.5,27.2,17.3192307692308,78.8933333333333,22.1041666666667,35.2833333333333,10.6333333333333,102.361111111111,6.56,7.42,15.1,43.5,6.89,16.9,68.1571428571429,25.35,268.5,60.0,8.12,37.715,24.35,79.0176470588235,67.9483870967742,24.5,73.9,196.0,3.7,8.93054347826087,92.2,154.5,54.7,18.7,82.8,431.8125,185.736842105263,7.75,138.0,62.6,17.5,52.3,10.65,14.8,16.5,,199.0,18.0,26.8722222222222,10.85,29.35,8.97,12.2,21.2731707317073,17.15,42.3396551724138,46.7467775467775,8.77666666666667,19.6483870967742,16.6954545454545,24.5,14.35,10.1533653846154,14.5,19.7506666666667,17.9607142857143,205.0078125,78.3,1185.0,28.8,118.0,51.521052631579,96.25,95.9,24.4,88.6,72.7,10.3596899224806,28.7,171.9,15.5,33.1,25.6876543209876,63.5,27.3,36.55,,72.9,151.5,50.325,80.48125,16.35,10.4495049504951,110.0,43.825,93.82,74.8,,,230.0,,,80.3333333333333,,,44.7164864864865,70.0,214.5,74.35,198.5,46.14,35.8,78.5464285714286,57.9
45.89375,38.15,52.9846153846154,91.2666666666667,77.9777777777778,68.6689655172414,13.4685039370079,46.0583333333333,83.7916666666667,33.85,35.5754716981132,352.75,157.5,34.4605263157895,45.3,239.5,9.48824561403509,35.6916666666667,27.8972413793103,66.4704545454545,163.5,88.0,31.7,14.9017857142857,26.1953608247423,53.6666666666667,244.75,339.0,44.325,74.7076923076923,62.55,52.0130801687764,28.4041666666667,354.0,441.0,132.5,46.25,12.2224489795918,167.5,27.2,17.3371428571429,78.8789473684211,22.1272727272727,35.2969072164948,10.6037735849057,102.445454545455,6.56,7.42135135135135,15.1,43.5166666666667,6.89,16.9032258064516,68.1538461538461,25.3432926829268,268.269230769231,59.9666666666667,8.12,37.7173076923077,24.3401960784314,79.09,67.9615384615385,24.5,73.8111111111111,196.0,3.7,8.93508196721311,92.2,154.5,54.6,18.7,82.8,431.625,185.607142857143,7.75,137.5,62.8038461538462,17.5,52.3,10.6888888888889,14.8,16.4666666666667,,199.0,18.0,26.85,10.85,29.3603448275862,8.97,12.2,21.25,17.15,42.35,46.75,8.78,19.6483870967742,16.6969696969697,24.5,14.3504504504504,10.15,14.5,19.7758620689655,17.9636363636364,205.5,78.3,1185.0,28.8,118.0,51.6,96.2,95.9,24.4,88.7,72.7952380952381,10.3766233766234,28.7,171.605263157895,15.4571428571429,33.1,25.7027777777778,63.5166666666667,27.2916666666667,36.55,,72.9428571428572,151.5,50.38,80.5052631578947,16.3236842105263,10.45,110.0,43.8086206896552,93.8,74.8,,,230.0,,,80.4,,,44.6566265060241,70.0,214.5,74.4,198.5,46.1,35.8,78.3,57.9
45.9,38.1428571428571,52.9151515151515,91.2375,77.9464285714286,68.544,13.4717391304348,46.05,83.7172413793103,33.85,35.55,352.916666666667,157.5,34.4616279069767,45.3,239.5,9.49069444444444,35.7,27.8972413793103,66.5,163.0,87.9090909090909,31.7,14.95,26.15,53.7,244.5,339.5,44.3944444444445,74.75,62.7,52.0,28.4,354.0,439.5,132.0,46.21,12.2394444444444,167.5,27.1916666666667,17.2642857142857,78.9,22.1055555555556,35.35,10.65,102.404255319149,6.55946175637394,7.42363636363636,15.1,43.5,6.89,16.9,68.1625,25.34375,268.5,59.9666666666667,8.12,37.7120967741935,24.5343537414966,79.0666666666667,67.9,24.55,73.82,196.5,3.7,8.9309900990099,92.2,154.875,54.6159574468085,18.65,82.7333333333333,431.777777777778,185.581300813008,7.75,137.114649681529,62.9666666666667,17.5,52.3666666666667,10.65,14.8,16.475,,199.0,18.05,26.8217391304348,10.85,29.3660714285714,8.97,12.2,21.2819672131148,17.15,42.3982387475538,46.75,8.78,19.6,16.65,24.5,14.3513513513513,10.19,14.5,19.7775641025641,17.9642857142857,205.5,78.3,1185.0,28.75,118.0,51.6,96.2,95.9,24.4,88.64,72.7952380952381,10.3833333333333,28.7,171.875,15.5,33.1,25.75,63.5,27.2538461538462,36.5563492063492,,72.9095238095238,151.5,50.3,80.5636363636364,16.35,10.4794444444444,110.0,43.8277777777778,93.8,74.8433333333333,,,230.0,,,80.4,,,44.6380952380952,70.0,214.5,74.3,198.5,46.15,35.8,78.3333333333333,57.9
45.8833333333333,38.1166666666667,52.9,91.3,77.990243902439,68.3024390243902,13.4714285714286,46.0666666666667,83.725,33.85,35.575,353.25,157.5,34.5,45.2,239.5,9.48089285714286,35.7,27.8866666666667,66.5,163.5,87.8,31.70625,14.9,26.1645833333333,53.7,244.5,339.5,44.4,74.725,62.7857142857143,51.978021978022,28.4785714285714,354.0,441.5,132.0,46.2,12.2,166.8203125,27.2,17.2934782608696,78.8925373134328,22.1285714285714,35.3,10.65,102.5,6.56149659863945,7.43357142857143,15.1,43.4772727272727,6.89,16.9,68.1375,25.3098837209302,268.8125,60.0,8.12,37.7,24.5875,79.1,67.9980392156863,24.55,73.85,196.5,3.7,8.9323166023166,92.152,154.5,54.6,18.7,82.8,432.0,185.681818181818,7.75,137.5,63.06,17.5011363636364,52.3,10.686,14.7833333333333,16.5,,199.0,18.0310810810811,26.85,10.85,29.35,8.97,12.2,21.2,17.1042253521127,42.4,46.75,8.78,19.65,16.6710526315789,24.5064102564103,14.350495049505,10.1571428571429,14.5,19.7589285714286,18.0,205.5,78.3,1185.0,28.8,118.125,51.6,96.3,95.9,24.4030612244898,88.66,72.8,10.3751748251748,28.7,172.0,15.4666666666667,33.1039215686274,25.75,63.5,27.3,36.5704545454545,,72.9,151.5,50.3285714285714,80.5,16.35,10.4862903225806,109.5,43.8260869565217,93.8,74.9,,,230.0,,,80.4,,,44.6021978021978,70.0,215.0,74.4,198.5,46.1,35.8,78.5,57.9
45.908,38.1,52.9,91.2428571428571,77.9115384615385,68.1683544303798,13.4994252873563,46.0541666666667,83.7346153846154,33.85,35.6769230769231,353.416666666667,157.5,34.49375,45.2,239.5,9.4925,35.6875,27.9,66.535593220339,163.333333333333,87.8,31.7,14.8977272727273,26.1831818181818,53.7,244.625,339.5,44.43,74.7,62.8,51.9895833333333,28.4775,353.333333333333,441.5,132.0,46.2,12.2,166.5,27.1537313432836,17.2833333333333,78.9,22.15,35.2892857142857,10.65,102.5,6.57,7.44141762452107,15.1,43.4884615384615,6.89,16.9,68.2,25.3128048780488,269.191176470588,59.9,8.12,37.7033333333333,24.55,79.25,68.0,24.55,73.875,196.5,3.7,8.93181818181818,92.2,154.5,54.5285714285714,18.6625,82.725,431.833333333333,185.5,7.75,137.55625,63.12,17.5,52.3272727272727,10.65,14.725,16.45,,199.0,18.0074468085106,26.8428571428571,10.85,29.362,8.97,12.2,21.2465909090909,17.1047619047619,42.3824786324786,46.7609375,8.78,19.6267857142857,16.6541666666667,24.5,14.3522624434389,10.18125,14.5,19.7742424242424,17.9672413793103,205.375,78.4,1190.0,28.8,118.0,51.6,96.3,96.0,24.4,88.6,72.8,10.3744444444444,28.7,172.5,15.47,33.1238095238095,25.7785714285714,63.5875,27.3625,36.6,,72.9,151.5,50.3086956521739,80.5333333333333,16.35,10.45,109.84375,43.85,93.7785714285714,75.0,,,230.0,,,80.6428571428571,,,44.6,69.95,215.0,74.325,199.25,46.125,35.8,78.5,57.9
45.9348214285714,38.15,52.94,91.18,77.9288888888889,68.1804878048781,13.4966346153846,46.05,83.75,33.85,35.6760869565217,353.375,157.0,34.4915094339623,45.2178571428571,239.5,9.49,35.7884615384615,27.9,66.5514705882353,163.3,87.8,31.7,14.8977272727273,26.1853846153846,53.7,244.5,339.5,44.4045454545454,74.7888888888889,62.4,51.9254237288136,28.45,353.0,441.5,132.0,46.2305555555556,12.2,167.0,27.1759259259259,17.2833333333333,78.8527272727273,22.15,35.3881355932203,10.6222222222222,102.944690265487,6.56588235294118,7.44959183673469,15.1416666666667,43.556,6.89,16.91,68.2842105263158,25.3,269.59375,59.9,8.12,37.6758064516129,24.55,79.3,67.975,24.5,73.8,196.5,3.7,8.93307692307692,92.2722222222222,154.7,54.6,18.6625,82.8666666666667,432.0,185.5,7.75,137.863636363636,63.0769230769231,17.5,52.3125,10.65,14.7333333333333,16.4595238095238,,199.0,18.05,26.8,10.8184210526316,29.35,8.97769230769231,12.2,21.2,17.15,42.3978260869565,46.7602150537634,8.77596774193548,19.6383928571429,16.65,24.5,14.4,10.165625,14.45,19.7627659574468,18.0,205.5,78.4629629629629,1185.0,28.8,118.166666666667,51.5,96.3,96.0333333333334,24.4047058823529,88.7,72.8,10.3955801104972,28.7,172.5,15.5,33.1,25.75,63.66,27.3583333333333,36.6006134969325,,72.9058823529412,151.5,50.3,80.5,16.35,10.4755,109.888888888889,43.8370967741935,93.7,74.9476190476191,,,230.0,,,80.9,,,44.6163316582915,69.95,215.3,74.3666666666667,199.166666666667,46.3071428571429,35.8,78.5,57.8404761904762
45.9413793103448,38.1307692307692,52.9957746478873,91.3,77.9252525252525,68.1681818181818,13.4991379310345,46.0071428571429,83.7842105263158,33.9,35.66875,353.0,157.0,34.5,45.2625,239.75,9.5,35.77,27.9,66.5294117647059,163.0,87.8,31.7391304347826,14.85,26.1685606060606,53.6666666666667,245.033333333333,338.875,44.45,74.8,62.4571428571429,51.9,28.45,353.0,441.5,132.0,46.2,12.209375,167.430555555556,27.2,17.25,78.8946341463415,22.1780821917808,35.4905405405405,10.6038043478261,103.0,6.57,7.43470588235294,15.15,43.63125,6.89,16.901724137931,68.3818181818182,25.3064102564103,270.0,59.9,8.13,37.6141975308642,24.571186440678,79.2452380952381,67.9975,24.5,73.8375,196.107142857143,3.7,8.9376,92.3,154.511904761905,54.6,18.65,82.9,432.333333333333,185.5,7.75,137.75,63.1,17.4571428571429,52.4,10.6673913043478,14.7923076923077,16.5,,199.0,18.05,26.8,10.8184210526316,29.3791666666667,8.97875,12.2,21.25,17.1046875,42.4,46.75,8.78,19.6163793103448,16.6959677419355,24.52375,14.356308411215,10.1692307692308,14.5,19.7924050632911,18.0,205.5,78.4,1190.0,28.8,118.125,51.5,96.3,96.0,24.4421052631579,88.5888888888889,72.8,10.3859504132231,28.7,172.5,15.5,33.1119047619048,25.75,63.7571428571429,27.3015625,36.6738636363636,,72.9166666666667,151.0,50.3,80.5058823529412,16.35,10.4943548387097,110.0,43.855,93.6444444444444,74.9241379310345,,,230.0,,,80.8777777777778,,,44.6852272727273,69.9,216.0,74.3,199.5,46.35,35.8,78.4,57.9
45.9181818181818,38.1,52.915,91.2117647058824,77.805,68.1885416666667,13.5,46.05,83.8176470588235,33.9178571428571,35.7290697674419,352.4,157.0,34.5,45.3176470588235,240.0,9.49137931034483,35.8,27.9,66.6,163.5,87.8,31.8,14.8863636363636,26.1774193548387,53.7,245.142857142857,338.7,44.3857142857143,74.7842105263158,62.5,51.8833333333333,28.5153846153846,354.0,441.5,132.0,46.2,12.2,167.409090909091,27.2,17.2907407407407,78.9,22.2,35.5326704545455,10.65,102.579896907216,6.56764705882353,7.44,15.1,43.6954545454546,6.89,16.9152263374486,68.32,25.3082278481013,270.760869565217,59.9,8.12,37.55,24.55,79.1107142857143,67.9958333333333,24.55,73.8,196.857142857143,3.7,8.93426229508197,92.3,154.210526315789,54.6555555555555,18.6555555555556,82.8,432.6,185.74,7.75,137.619791666667,63.1941176470588,17.4625,52.4454545454546,10.7,14.75,16.5,,199.0,18.0,26.8024475524476,10.8184210526316,29.3929577464789,8.97,12.2,21.2205882352941,17.1196721311475,42.4222222222222,46.75,8.77615384615384,19.6390625,16.6690476190476,24.5239436619718,14.4,10.1543103448276,14.4944444444444,19.7817708333333,18.0,205.5,78.3923076923077,1190.0,28.8,118.052631578947,51.5875,96.3774193548387,96.0571428571428,24.45,88.5666666666667,72.9,10.3722891566265,28.7,172.5,15.4767857142857,33.1061224489796,25.76,63.7232558139535,27.35,36.7,,72.9,151.5,50.3,80.5064516129032,16.35,10.45,110.0,43.835,93.6,74.9258064516129,,,229.5,,,80.7814814814815,,,44.6964285714286,69.8,216.0,74.3,199.5,46.3857142857143,35.815,78.4,57.8176470588235
45.9176470588235,38.14375,52.9,91.2875,77.8321428571428,68.1811320754717,13.5,46.05,84.0,33.9388888888889,35.784,351.875,156.75,34.5,45.4,239.5,9.4880701754386,35.8,27.9,66.7,163.136363636364,87.9,31.8,14.85,26.1575046904315,53.7,245.3,338.6,44.2875,74.7290322580645,62.45,51.7952380952381,28.5916666666667,354.0,441.0,132.0,46.153125,12.25,167.5,27.2144841269841,17.2558333333333,78.9208333333333,22.18,35.5888274336283,10.6111111111111,103.0,6.57,7.44710526315789,15.1,43.5268292682927,6.89,16.9,68.3,25.3,270.5,59.8,8.12645161290323,37.5280487804878,24.5737704918033,79.0476923076923,68.0,24.55,73.8222222222222,196.857142857143,3.7,8.93720430107527,92.2783333333333,154.5,54.6894736842105,18.65,82.75,432.36,186.0,7.77,137.533950617284,63.1625,17.5,52.475,10.6954545454545,14.7944444444444,16.5244680851064,,199.0,18.0428571428571,26.8509259259259,10.8184210526316,29.3928571428571,8.97903225806452,12.15,21.2887323943662,17.1054195804196,42.4,46.7476744186047,8.77891891891892,19.6103773584906,16.7,24.5,14.3704697986577,10.1953608247423,14.5,19.7569269521411,18.0215231788079,205.375,78.5,1190.0,28.8,118.166666666667,51.525,96.4,96.27,24.4090909090909,88.8916666666667,72.9,10.3839768339768,28.6,172.5,15.4989361702128,33.1125,25.8,63.61,27.35,36.75,,72.9,151.5,50.2424242424242,80.4009174311927,16.35,10.4666666666667,110.0,43.85,93.5594594594595,74.9641025641026,,,229.5,,,80.6285714285714,,,44.6796296296296,69.8,216.0,74.3,199.5,46.45,35.85,78.4,57.9
45.8923076923077,38.13125,52.9018867924528,91.3571428571429,77.9,68.4483870967742,13.4789473684211,46.1485294117647,84.2206896551724,33.95,35.7,352.0,156.5,34.5287735849057,45.3931034482759,239.5,9.48,35.79,27.9,66.7366197183099,163.0,87.9,31.79,14.9,26.1761006289308,53.7,245.083333333333,339.977272727273,44.2071428571428,74.74,62.45,51.7,28.55,354.0,440.0,132.0,46.1023255813953,12.25,167.5,27.2039024390244,17.25,78.9282608695652,22.1838028169014,35.6417929292929,10.6131578947368,103.0,6.56,7.44235294117647,15.15,43.6,6.89,16.9,68.3642857142857,25.25,270.4,59.9,8.12,37.442,24.55,79.0181818181818,67.9888888888889,24.55,73.85,196.5,3.7,8.93588235294117,92.3,154.5,54.7686274509804,18.6,82.85,432.214285714286,186.0,7.77,137.5,63.195652173913,17.5475609756098,52.5,10.7,14.75,16.5,,199.0,17.9798076923077,26.85,10.85,29.4021077283372,8.96,12.15,21.2921428571429,17.1092592592593,42.3659090909091,46.75,8.77170212765957,19.6380208333333,16.6824675324675,24.5,14.3503355704698,10.1806451612903,14.4758064516129,19.7802325581395,18.0,204.777777777778,78.3818181818182,1185.0,28.8,118.0,51.6,96.3727272727273,96.3,24.4294117647059,88.675,72.9,10.3638364779874,28.6,172.16393442623,15.5,33.1384615384615,25.7833333333333,63.4,27.35,36.71875,,72.925,151.045454545455,50.3,80.3142857142857,16.3118421052632,10.45,110.0,43.9,93.6,75.1341463414634,,,229.5,,,80.6,,,44.6542372881356,69.8,215.75,74.2833333333333,200.0,46.4,35.8102941176471,78.4916666666667,57.9
45.9,38.1,52.8736842105263,91.3333333333333,78.0,68.9895833333333,13.4798076923077,46.1,84.4333333333333,33.93,35.7769230769231,353.2,156.5,34.5,45.3609756097561,240.0,9.49033898305085,35.8071428571429,27.95,66.8,163.0,87.875,31.7852941176471,14.9,26.1323529411765,53.625,245.458333333333,339.25,44.4,74.9,62.5,51.7109375,28.5,353.25,440.0,132.0,46.1090909090909,12.25,167.761904761905,27.2391393442623,17.2346405228758,78.9103225806452,22.2,35.6138888888889,10.65,103.0,6.55360655737705,7.44196078431373,15.15,43.5857142857143,6.89,16.9,68.4,25.2547872340426,270.475,59.64,8.12,37.4068965517241,24.6,79.0739130434783,67.9064393939394,24.5266666666667,73.9,196.222222222222,3.7,8.93,92.3,154.384615384615,54.6294736842105,18.7,83.0,431.241071428571,185.623529411765,7.75,137.5,63.2,17.5459183673469,52.5,10.6772727272727,14.8,16.5272727272727,,199.0,17.9916666666667,26.85,10.85,29.4685483870968,8.96117647058824,12.15,21.2623188405797,17.1024154589372,42.3092592592593,46.7428571428571,8.77848484848485,19.6491803278689,16.6756097560976,24.5,14.3513636363636,10.1615384615385,14.5,19.7572222222222,17.9854545454545,204.3125,78.3818181818182,1185.0,28.82,118.4,51.55,96.4,96.0,24.4464285714286,88.6666666666667,72.7,10.365652173913,28.6,172.0625,15.4793103448276,33.1090361445783,25.7989130434783,63.4944444444445,27.3224137931034,36.7,,73.0197368421053,151.666666666667,50.4625,80.4384615384615,16.3429292929293,10.45,109.5,43.8716666666667,93.579104477612,75.0692307692308,,,228.9,,,80.3,,,44.6222222222222,69.5125,215.0,74.2625,199.5,46.3333333333333,35.8111111111111,78.4684210526316,57.9
45.9,38.1,52.8736842105263,91.3333333333333,78.0,68.9895833333333,13.4798076923077,46.1,84.4333333333333,33.93,35.7769230769231,353.2,156.5,34.5,45.3609756097561,240.0,9.49033898305085,35.8071428571429,27.95,66.8,163.0,87.875,31.7852941176471,14.9,26.1323529411765,53.625,245.458333333333,339.25,44.4,74.9,62.5,51.7109375,28.5,353.25,440.0,132.0,46.1090909090909,12.25,167.761904761905,27.2391393442623,17.2346405228758,78.9103225806452,22.2,35.6138888888889,10.65,103.0,6.55360655737705,7.44196078431373,15.15,43.5857142857143,6.89,16.9,68.4,25.2547872340426,270.475,59.64,8.12,37.4068965517241,24.6,79.0739130434783,67.9064393939394,24.5266666666667,73.9,196.222222222222,3.7,8.93,92.3,154.384615384615,54.6294736842105,18.7,83.0,431.241071428571,185.623529411765,7.75,137.5,63.2,17.5459183673469,52.5,10.6772727272727,14.8,16.5272727272727,,199.0,17.9916666666667,26.85,10.85,29.4685483870968,8.96117647058824,12.15,21.2623188405797,17.1024154589372,42.3092592592593,46.7428571428571,8.77848484848485,19.6491803278689,16.6756097560976,24.5,14.3513636363636,10.1615384615385,14.5,19.7572222222222,17.9854545454545,204.3125,78.3818181818182,1185.0,28.82,118.4,51.55,96.4,96.0,24.4464285714286,88.6666666666667,72.7,10.365652173913,28.6,172.0625,15.4793103448276,33.1090361445783,25.7989130434783,63.4944444444445,27.3224137931034,36.7,,73.0197368421053,151.666666666667,50.4625,80.4384615384615,16.3429292929293,10.45,109.5,43.8716666666667,93.579104477612,75.0692307692308,,,228.9,,,80.3,,,44.6222222222222,69.5125,215.0,74.2625,199.5,46.3333333333333,35.8111111111111,78.4684210526316,57.9
45.9,38.1,52.8736842105263,91.3333333333333,78.0,68.9895833333333,13.4798076923077,46.1,84.4333333333333,33.93,35.7769230769231,353.2,156.5,34.5,45.3609756097561,240.0,9.49033898305085,35.8071428571429,27.95,66.8,163.0,87.875,31.7852941176471,14.9,26.1323529411765,53.625,245.458333333333,339.25,44.4,74.9,62.5,51.7109375,28.5,353.25,440.0,132.0,46.1090909090909,12.25,167.761904761905,27.2391393442623,17.2346405228758,78.9103225806452,22.2,35.6138888888889,10.65,103.0,6.55360655737705,7.44196078431373,15.15,43.5857142857143,6.89,16.9,68.4,25.2547872340426,270.475,59.64,8.12,37.4068965517241,24.6,79.0739130434783,67.9064393939394,24.5266666666667,73.9,196.222222222222,3.7,8.93,92.3,154.384615384615,54.6294736842105,18.7,83.0,431.241071428571,185.623529411765,7.75,137.5,63.2,17.5459183673469,52.5,10.6772727272727,14.8,16.5272727272727,,199.0,17.9916666666667,26.85,10.85,29.4685483870968,8.96117647058824,12.15,21.2623188405797,17.1024154589372,42.3092592592593,46.7428571428571,8.77848484848485,19.6491803278689,16.6756097560976,24.5,14.3513636363636,10.1615384615385,14.5,19.7572222222222,17.9854545454545,204.3125,78.3818181818182,1185.0,28.82,118.4,51.55,96.4,96.0,24.4464285714286,88.6666666666667,72.7,10.365652173913,28.6,172.0625,15.4793103448276,33.1090361445783,25.7989130434783,63.4944444444445,27.3224137931034,36.7,,73.0197368421053,151.666666666667,50.4625,80.4384615384615,16.3429292929293,10.45,109.5,43.8716666666667,93.579104477612,75.0692307692308,,,228.9,,,80.3,,,44.6222222222222,69.5125,215.0,74.2625,199.5,46.3333333333333,35.8111111111111,78.4684210526316,57.9
45.9,38.1,52.8736842105263,91.3333333333333,78.0,68.9895833333333,13.4798076923077,46.1,84.4333333333333,33.93,35.7769230769231,353.2,156.5,34.5,45.3609756097561,240.0,9.49033898305085,35.8071428571429,27.95,66.8,163.0,87.875,31.7852941176471,14.9,26.1323529411765,53.625,245.458333333333,339.25,44.4,74.9,62.5,51.7109375,28.5,353.25,440.0,132.0,46.1090909090909,12.25,167.761904761905,27.2391393442623,17.2346405228758,78.9103225806452,22.2,35.6138888888889,10.65,103.0,6.55360655737705,7.44196078431373,15.15,43.5857142857143,6.89,16.9,68.4,25.2547872340426,270.475,59.64,8.12,37.4068965517241,24.6,79.0739130434783,67.9064393939394,24.5266666666667,73.9,196.222222222222,3.7,8.93,92.3,154.384615384615,54.6294736842105,18.7,83.0,431.241071428571,185.623529411765,7.75,137.5,63.2,17.5459183673469,52.5,10.6772727272727,14.8,16.5272727272727,,199.0,17.9916666666667,26.85,10.85,29.4685483870968,8.96117647058824,12.15,21.2623188405797,17.1024154589372,42.3092592592593,46.7428571428571,8.77848484848485,19.6491803278689,16.6756097560976,24.5,14.3513636363636,10.1615384615385,14.5,19.7572222222222,17.9854545454545,204.3125,78.3818181818182,1185.0,28.82,118.4,51.55,96.4,96.0,24.4464285714286,88.6666666666667,72.7,10.365652173913,28.6,172.0625,15.4793103448276,33.1090361445783,25.7989130434783,63.4944444444445,27.3224137931034,36.7,,73.0197368421053,151.666666666667,50.4625,80.4384615384615,16.3429292929293,10.45,109.5,43.8716666666667,93.579104477612,75.0692307692308,,,228.9,,,80.3,,,44.6222222222222,69.5125,215.0,74.2625,199.5,46.3333333333333,35.8111111111111,78.4684210526316,57.9
45.9,38.1,52.8736842105263,91.3333333333333,78.0,68.9895833333333,13.4798076923077,46.1,84.4333333333333,33.93,35.7769230769231,353.2,156.5,34.5,45.3609756097561,240.0,9.49033898305085,35.8071428571429,27.95,66.8,163.0,87.875,31.7852941176471,14.9,26.1323529411765,53.625,245.458333333333,339.25,44.4,74.9,62.5,51.7109375,28.5,353.25,440.0,132.0,46.1090909090909,12.25,167.761904761905,27.2391393442623,17.2346405228758,78.9103225806452,22.2,35.6138888888889,10.65,103.0,6.55360655737705,7.44196078431373,15.15,43.5857142857143,6.89,16.9,68.4,25.2547872340426,270.475,59.64,8.12,37.4068965517241,24.6,79.0739130434783,67.9064393939394,24.5266666666667,73.9,196.222222222222,3.7,8.93,92.3,154.384615384615,54.6294736842105,18.7,83.0,431.241071428571,185.623529411765,7.75,137.5,63.2,17.5459183673469,52.5,10.6772727272727,14.8,16.5272727272727,,199.0,17.9916666666667,26.85,10.85,29.4685483870968,8.96117647058824,12.15,21.2623188405797,17.1024154589372,42.3092592592593,46.7428571428571,8.77848484848485,19.6491803278689,16.6756097560976,24.5,14.3513636363636,10.1615384615385,14.5,19.7572222222222,17.9854545454545,204.3125,78.3818181818182,1185.0,28.82,118.4,51.55,96.4,96.0,24.4464285714286,88.6666666666667,72.7,10.365652173913,28.6,172.0625,15.4793103448276,33.1090361445783,25.7989130434783,63.4944444444445,27.3224137931034,36.7,,73.0197368421053,151.666666666667,50.4625,80.4384615384615,16.3429292929293,10.45,109.5,43.8716666666667,93.579104477612,75.0692307692308,,,228.9,,,80.3,,,44.6222222222222,69.5125,215.0,74.2625,199.5,46.3333333333333,35.8111111111111,78.4684210526316,57.9
45.9,38.1,52.8736842105263,91.3333333333333,78.0,68.9895833333333,13.4798076923077,46.1,84.4333333333333,33.93,35.7769230769231,353.2,156.5,34.5,45.3609756097561,240.0,9.49033898305085,35.8071428571429,27.95,66.8,163.0,87.875,31.7852941176471,14.9,26.1323529411765,53.625,245.458333333333,339.25,44.4,74.9,62.5,51.7109375,28.5,353.25,440.0,132.0,46.1090909090909,12.25,167.761904761905,27.2391393442623,17.2346405228758,78.9103225806452,22.2,35.6138888888889,10.65,103.0,6.55360655737705,7.44196078431373,15.15,43.5857142857143,6.89,16.9,68.4,25.2547872340426,270.475,59.64,8.12,37.4068965517241,24.6,79.0739130434783,67.9064393939394,24.5266666666667,73.9,196.222222222222,3.7,8.93,92.3,154.384615384615,54.6294736842105,18.7,83.0,431.241071428571,185.623529411765,7.75,137.5,63.2,17.5459183673469,52.5,10.6772727272727,14.8,16.5272727272727,,199.0,17.9916666666667,26.85,10.85,29.4685483870968,8.96117647058824,12.15,21.2623188405797,17.1024154589372,42.3092592592593,46.7428571428571,8.77848484848485,19.6491803278689,16.6756097560976,24.5,14.3513636363636,10.1615384615385,14.5,19.7572222222222,17.9854545454545,204.3125,78.3818181818182,1185.0,28.82,118.4,51.55,96.4,96.0,24.4464285714286,88.6666666666667,72.7,10.365652173913,28.6,172.0625,15.4793103448276,33.1090361445783,25.7989130434783,63.4944444444445,27.3224137931034,36.7,,73.0197368421053,151.666666666667,50.4625,80.4384615384615,16.3429292929293,10.45,109.5,43.8716666666667,93.579104477612,75.0692307692308,,,228.9,,,80.3,,,44.6222222222222,69.5125,215.0,74.2625,199.5,46.3333333333333,35.8111111111111,78.4684210526316,57.9
45.65,38.1,52.8,91.4,77.6,68.0,13.55,46.3,83.4,33.75,35.6,352.0,156.0,33.8,45.2,240.0,9.46,35.8,27.8,66.6,163.5,88.6,31.6,14.85,26.1,53.3,246.0,339.0,44.55,74.6,62.5,51.9,28.4,352.5,433.0,131.5,45.95,12.25,166.0,27.25,17.2,79.0,22.2,35.6,10.55,102.0,6.63,7.42,15.15,43.55,6.89,17.1,68.7,25.05,274.0,59.7,8.13,37.1,24.6,79.2,67.8,24.5,74.2,198.0,3.65,8.96,92.6,156.0,54.5,18.6,83.0,432.5,186.0,7.72,138.0,63.3,17.55,52.3,10.65,14.9,16.55,,199.0,17.95,26.75,10.8,29.5,9.0,12.1,21.2,17.1,42.15,46.5,8.78,19.65,16.75,24.5,14.3,10.15,14.4,19.7,18.0,203.5,78.2,1190.0,28.75,120.0,51.9,97.0,96.2,24.5,88.6,72.6,10.35,28.55,170.5,15.55,33.05,25.65,63.9,27.25,36.6,,73.1,152.0,50.1,80.7,16.35,10.45,110.5,43.8,93.5,74.7,,,228.0,,,79.8,,,43.8,69.8,214.0,74.0,200.0,46.3,35.8,78.2,58.0
