1101,1102,1216,1227,1301,1303,1314,1319,1326,1402,1434,1476,1477,1504,1536,1590,1605,1704,1717,1722,1723,1789,1802,1909,2002,2015,2049,2059,2103,2105,2106,2201,2204,2207,2227,2231,2301,2303,2308,2311,2313,2317,2324,2325,2327,2330,2337,2344,2345,2347,2352,2353,2354,2356,2357,2360,2371,2376,2377,2379,2382,2383,2385,2395,2408,2409,2412,2439,2448,2449,2451,2454,2474,2492,2498,2542,2603,2606,2610,2615,2618,2633,2723,2801,2809,2812,2823,2834,2845,2867,2880,2881,2882,2883,2884,2885,2886,2887,2888,2890,2891,2892,2912,2915,3008,3019,3034,3044,3045,3189,3231,3406,3443,3481,3532,3673,3682,3702,3706,4904,4915,4938,4943,4958,5264,5522,5871,5880,6116,6176,6239,6269,6285,6409,6414,6415,6452,6456,6505,8454,8464,9904,9910,9914,9917,9921,9933,9938,9941,9945
37.6725108225108,36.4184210526316,73.3542056074766,50.9984615384615,100.529411764706,74.5331818181818,10.6,39.1,104.011627906977,29.5794117647059,35.0976190476191,356.451219512195,195.966666666667,18.5914835164835,121.02380952381,382.13698630137,17.35,,24.7,43.25,136.5,26.9068181818182,13.1,15.5,25.35,58.2,251.130208333333,344.5,28.25,43.484126984127,30.0,18.45,23.65,293.0,230.5,275.222222222222,46.635625,10.85,152.537735849057,,21.198786407767,70.4967453733248,18.5942176870748,,335.009856630824,229.970896147404,19.2497237569061,14.5556962025316,110.0,37.9846153846154,19.35,20.1458955223881,59.5,23.5540540540541,229.846153846154,122.48,26.0341101694915,41.070207253886,76.3310975609756,164.515789473684,56.5063157894737,81.4926605504587,67.0965517241379,226.0,59.252463768116,10.8993041317179,106.992227979275,162.865979381443,26.2431952662722,23.15,67.0,257.248062015504,241.898648648649,173.872437357631,36.866875,48.5978494623656,11.964465408805,29.5314285714286,10.1334153846154,15.95,15.0471354166667,30.8479910714286,213.0,17.9,29.6867088607595,10.5,27.554932735426,11.1,10.45,11.1465517241379,18.4996268656716,44.3905643738977,43.6070769230769,9.9003125,21.45,16.8492957746479,26.4499399759904,13.65,8.67282249173098,10.4,20.2556721128853,20.4012422360248,319.9,81.9,4034.21875,75.3660606060606,160.971962616822,82.2,109.378378378378,44.6,21.350518134715,240.191011235955,194.978861788618,10.3497596153846,122.0,52.106875,6.95,38.5,28.3425925925926,72.1,50.9,51.1055555555555,117.68023255814,81.2094240837696,49.9869565217391,38.7872340425532,112.471153846154,18.6,6.80260869565217,89.8157556270097,67.6764367816092,77.9339449541284,76.4734693877551,535.0,252.964285714286,490.0,195.08487654321,106.615942028986,107.02,236.0,255.0,36.6,200.103260869565,150.625,86.5,153.475,47.55,67.3585714285714,101.0,46.95
37.5984848484849,36.25,73.0,51.0,100.625,74.672,10.6,39.1,104.0,29.4713333333333,35.0976190476191,355.229166666667,196.0,18.5125,121.5,383.918604651163,17.35,,24.7,43.2142857142857,136.5,26.9666666666667,13.15,15.5518518518519,25.3268518518518,58.2,252.566037735849,345.0,28.25,43.4928571428571,30.0,18.45,23.65,291.0,230.5,276.5,46.5611111111111,10.8636138613861,152.75,,21.2295238095238,70.4,18.55,,337.415011037528,229.513089005236,19.2468390804598,14.5543103448276,110.0,37.9846153846154,19.35,20.0858490566038,59.6,23.635,229.5,122.5,26.0985507246377,41.1535211267606,76.330303030303,164.614285714286,56.6,81.004347826087,67.19,227.5,59.3781818181818,10.8194930382006,107.0,162.811111111111,26.15,23.2016949152542,66.98,257.717948717949,242.042857142857,174.5,36.9623287671233,48.597619047619,11.964465408805,29.4941176470588,10.0550578034682,15.95,15.0026315789474,30.821875,213.0,17.9,29.8346153846154,10.55,27.6428571428571,11.1071428571429,10.45,11.15,18.5,44.264238410596,43.6350877192982,9.9056,21.4810810810811,16.8,26.475,13.65,8.6307100591716,10.4,20.3507246376812,20.4136363636364,319.9,82.0,4031.66666666667,75.3092105263158,160.522727272727,82.2,109.046511627907,44.375,21.3578947368421,241.019841269841,195.865566037736,10.3444444444444,121.928571428571,51.8741379310345,6.98,38.5,28.25,72.1,51.1103448275862,51.2,118.0,81.6022222222222,49.9,38.75,112.0,18.5576923076923,6.81,89.9944444444444,67.456338028169,78.2392857142857,76.375,535.0,253.5,488.75,197.256281407035,106.5,107.25,236.0,254.5,36.5391304347826,201.26,151.0,86.5,154.5,47.55,67.651282051282,101.0,46.95
37.5298245614035,36.375,73.0090909090909,51.0,100.642857142857,74.6588235294117,10.6,39.1,104.083333333333,29.4340909090909,35.1,353.5,195.5,18.5,121.214285714286,382.403846153846,17.39375,,24.7,43.225,136.5,27.0,13.1,15.5652542372881,25.3425,58.2,251.892857142857,345.0,28.05,43.4833333333333,30.0,18.45,23.65,291.5,230.5,277.0,46.5823529411765,10.8731481481481,152.666666666667,,21.2127659574468,70.3018518518519,18.5113636363636,,337.356862745098,229.5,19.2854166666667,14.5915584415584,109.964285714286,37.9846153846154,19.3558823529412,20.05,59.5054545454545,23.6083333333333,229.5,122.5,26.1121951219512,41.1726804123711,76.5,164.415254237288,56.6,81.1571428571428,67.3,227.0,59.2730769230769,10.8028041714948,106.9375,162.224489795918,26.1285714285714,23.175,66.98,257.84375,241.520408163265,174.5,36.9770833333333,48.6725,11.964465408805,29.55,10.0508403361345,15.95,14.985119047619,30.8458333333333,212.0,17.9,29.75,10.55,27.6,11.1,10.45,11.15,18.5,44.2402777777778,43.6019801980198,9.89736111111111,21.4708333333333,16.8,26.45,13.6428571428571,8.62,10.3590909090909,20.3963414634146,20.4142857142857,319.9,81.95,4041.66666666667,75.0581081081081,160.083333333333,82.2,109.013513513514,44.275,21.3715909090909,239.977272727273,195.756172839506,10.3,121.545454545455,51.9833333333333,6.97388888888889,38.5,28.2583333333333,72.1,51.416,51.2,117.576923076923,81.7583333333333,49.9954545454545,38.75,112.15,18.5625,6.81,90.225,67.3833333333333,78.5610169491525,76.2956521739131,535.0,253.8,485.5,197.989898989899,106.441860465116,107.166666666667,236.0,254.0,36.5827586206897,200.825,150.5,86.5,154.5,47.55,67.8905660377359,101.0,46.95
37.4568181818182,36.45,73.0,51.0,100.5,74.68,10.6,39.1,104.5,29.4051724137931,35.1,352.566666666667,194.75,18.5,121.0,381.385714285714,17.4028571428571,,24.7,43.2,136.5,27.1125,13.1,15.6577464788732,25.34375,58.2,251.525,345.0,28.05,43.5,30.0,18.5,23.65,291.5,230.5,277.666666666667,46.56875,10.8578947368421,152.571428571429,,21.2455128205128,70.2456140350877,18.55,,339.769959404601,229.5,19.2780487804878,14.594,109.5,37.9846153846154,19.3714285714286,20.0625,59.3,23.65,229.5,122.9,26.0930379746835,41.1984848484849,76.3234375,164.25,56.55,81.55,67.3,227.625,59.1970873786408,10.8043557168784,107.0,162.0,26.103125,23.1574074074074,67.0,258.0,240.163043478261,175.733404710921,36.9911290322581,48.7666666666667,11.964465408805,29.535,10.0876923076923,15.95,14.9875,30.8382352941176,213.083333333333,17.9,29.75,10.525,27.6,11.1206896551724,10.45,11.15,18.4973333333333,44.2,43.5837675350701,9.88948051948052,21.4708333333333,16.8,26.45,13.6083333333333,8.62388714733542,10.3590909090909,20.3852201257862,20.4,319.9,81.95,4039.73684210526,75.274358974359,160.4,82.2,109.055555555556,44.325,21.35,238.674242424242,196.0,10.325,121.590909090909,52.0,7.00196551724138,38.55,28.2583333333333,72.1222222222222,51.2741935483871,51.2,117.555555555556,82.0103896103896,49.655,38.8,112.0,18.5854166666667,6.818,90.6176991150443,67.4833333333333,78.8614035087719,76.2111111111111,535.0,253.928571428571,485.5,198.91958041958,106.838709677419,107.409090909091,238.5,253.5,36.6696428571429,200.59375,150.5,86.5,154.0,47.55,68.1041666666667,101.0,46.95
37.41875,36.45,73.0,51.0,100.5,74.7051282051282,10.6038461538462,39.1,104.375,29.45,35.1,351.8125,194.115384615385,18.5,121.25,379.783333333333,17.4206896551724,,24.7,43.2125,136.5,27.1,13.1,15.6981012658228,25.3324324324324,58.2,251.568181818182,345.0,28.05,43.475,30.0,18.5,23.675,291.5,230.5,278.25,46.5923076923077,10.9,152.5,,21.2116504854369,70.4132530120482,18.55,,340.421658986175,229.448979591837,19.2861111111111,14.6,109.277777777778,37.9,19.35,20.0358585858586,59.3,23.65,229.5,123.017647058824,26.0323529411765,41.2032258064516,76.251724137931,164.388888888889,56.5,81.668,67.3,228.0,59.1144230769231,10.8037926926132,106.909090909091,162.0,26.1111111111111,23.1375,67.0,258.011627906977,240.0,176.575235109718,37.0,48.7409090909091,11.95,29.5736842105263,10.0570512820513,15.95,15.0,30.8012931034483,213.0,17.8928571428571,29.7551724137931,10.525,27.6,11.1148648648649,10.45,11.2,18.4602941176471,44.2202380952381,43.5568322981366,9.87978947368421,21.4666666666667,16.8147058823529,26.4472727272727,13.63,8.62977443609022,10.35,20.3695652173913,20.4333333333333,319.9,81.95,4035.0,75.3897959183673,160.019230769231,82.2,109.15,44.3,21.3113636363636,238.590909090909,195.214285714286,10.3487804878049,122.106060606061,52.0074074074074,7.04533018867925,38.5333333333333,28.2583333333333,72.2,51.25,51.1736842105263,118.0,81.9089430894309,49.13,38.8,112.104166666667,18.5535714285714,6.82,91.0456521739131,67.484375,78.75,76.2181818181818,535.0,254.133333333333,485.0,198.7,106.911764705882,107.125,238.75,253.5,36.725,200.5,150.5,86.5,154.1,47.55,68.0453333333333,101.0,46.925
37.4178571428571,36.4,73.0,51.2,100.75,74.788,10.64375,39.1,104.3,29.45,35.1,351.8125,194.0,18.5,121.166666666667,378.0,17.4208333333333,,24.7,43.1939393939394,136.5,27.025,13.05,15.7188405797101,25.3090909090909,58.2,251.261904761905,345.0,28.05,43.5,29.9,18.5,23.65,291.5,231.0,278.25,46.5875,10.90796812749,152.522598870056,,21.17109375,70.475,18.5106299212598,,342.384691848907,229.206766917293,19.2878472222222,14.5730158730159,109.285714285714,37.9,19.36,20.0454545454546,59.4,23.6083333333333,229.5,123.026315789474,26.0306451612903,41.223275862069,76.356,164.45,56.5,81.4564516129032,67.3,228.2,59.2512345679012,10.7768740629685,106.987804878049,162.333333333333,26.1208333333333,23.15,67.0,258.02380952381,240.622222222222,177.370967741935,37.0,48.6578947368421,11.95,29.5736842105263,10.0719178082192,15.9,14.997193877551,30.7901162790698,212.75,17.9,29.8066666666667,10.525,27.6076923076923,11.1333333333333,10.45,11.1920731707317,18.45,44.2214285714286,43.5739436619718,9.87547368421053,21.4694444444444,16.8035714285714,26.45,13.65,8.62263948497854,10.35,20.35,20.4111111111111,319.9,81.95,4032.5,75.3857142857143,159.934210526316,82.2,109.0,44.3142857142857,21.35,239.512195121951,194.35838150289,10.33,123.009433962264,51.93,7.0340625,38.5,28.35,72.125,51.0692307692308,51.203125,117.5,81.7923076923077,49.13,38.8,112.333333333333,18.55,6.82857142857143,91.082962962963,67.3326923076923,78.8,76.2333333333333,535.0,254.861111111111,485.0,197.963235294118,107.0,107.25,238.75,254.25,36.725,200.5,150.9375,86.5,154.1,47.55,67.8518518518518,101.0,46.95
37.4095238095238,36.4461538461538,73.0888888888889,51.2,100.5,74.8916666666667,10.6416666666667,39.1,104.3,29.4352941176471,35.1,353.0,194.0,18.4989361702128,120.5,379.681818181818,17.45,,24.7,43.195,136.5,27.0,13.1,15.7064102564103,25.3115384615385,58.2,250.695121951219,345.0,28.05,43.501282051282,29.9,18.5,23.65,291.666666666667,230.5,278.25,46.5590909090909,10.9510891089109,152.5,,21.1088888888889,70.5,18.535,,345.245723172628,229.327868852459,19.2881944444444,14.56875,109.461538461538,37.9,19.36,20.0630434782609,59.4444444444444,23.6017857142857,229.5,122.95,26.0458823529412,41.4266798418972,76.4,165.69696969697,56.5,81.6129032258065,67.2,228.2,59.4295454545455,10.7937570303712,107.058035714286,162.416666666667,26.0833333333333,23.1508771929825,67.0,257.743243243243,241.28125,177.766964285714,37.081679389313,48.5318181818182,11.9534482758621,29.5625,10.0973429951691,15.9,15.0,30.7217277486911,212.5,17.9,29.905,10.5,27.65,11.15,10.45,11.2,18.4651162790698,44.2477611940299,43.5975409836066,9.8721875,21.4722222222222,16.8279069767442,26.45,13.6130434782609,8.62044943820224,10.3583333333333,20.3763157894737,20.4166666666667,319.9,81.95,4033.33333333333,75.4233333333333,160.0,82.2,109.25,44.4,21.3115384615385,241.343373493976,195.546153846154,10.3475,123.524390243902,51.9,6.97694214876033,38.55,28.35,72.15,51.0916666666667,51.18,118.0,81.8108108108108,49.4,38.9,112.5,18.58,6.83,91.7625,67.2086956521739,78.6615384615385,76.1928571428572,535.0,254.5,484.875,196.75,107.222222222222,107.25,238.25,255.478260869565,36.7,200.057692307692,151.0,86.5,154.1,47.35,67.9333333333333,101.0,46.95
37.446,36.4888888888889,73.1,51.2,100.5,74.9,10.6,39.1,104.0,29.4653409090909,35.1,353.071428571429,194.0,18.547619047619,120.5,379.861111111111,17.4828828828829,,24.7,43.1833333333333,136.5,27.0,13.1,15.7599585062241,25.3413793103448,58.2,250.53125,345.0,28.05,43.5,29.9,18.5,23.65,292.0,230.5,278.3,46.6,10.9505494505495,152.5,,21.0389140271493,70.5108695652174,18.5153846153846,,347.458333333333,229.438461538462,19.3,14.5595238095238,109.5,37.909375,19.3583333333333,20.0695121951219,59.5928571428571,23.6357142857143,229.75,122.8125,26.1271739130435,41.5155963302752,76.5772727272727,166.5,56.505,81.6108695652174,67.2,228.2,59.4084745762712,10.7905876951332,107.0,162.041666666667,26.1,23.15,67.0,256.914473684211,240.969696969697,178.545517241379,37.2597449908925,48.4735294117647,11.95,29.5625,10.1,15.95,15.01,30.6303149606299,213.0,17.875,29.9875,10.55,27.61,11.15,10.5,11.2,18.45,44.3047619047619,43.5890410958904,9.86663865546218,21.475,16.8636771300448,26.4324742268041,13.6131578947368,8.63,10.35,20.3999255952381,20.4093220338983,319.5,82.0055555555555,4030.0,75.3377358490566,160.0,82.2,109.0,44.4,21.3,241.5,196.232142857143,10.3493243243243,123.5,51.9857142857143,6.98,38.5578125,28.4576576576577,72.2,51.12,51.1,118.0,81.9034482758621,49.5,38.95,112.166666666667,18.55,6.82903225806452,91.5623376623377,67.1909090909091,78.4214285714286,76.1321428571428,535.0,254.55,488.25,196.185185185185,107.5,107.1,238.25,255.666666666667,36.7,199.5,151.0,86.8,154.1,47.4,67.8,101.0,46.9625
37.4,36.4928571428571,73.104347826087,51.2,100.625,74.85,10.6441176470588,39.1,104.0,29.5472222222222,35.0833333333333,352.833333333333,194.0,18.5714285714286,120.5,378.52380952381,17.5027272727273,,24.6625,43.2,137.0,27.0,13.1,15.8344298245614,25.3323529411765,58.2,250.85,345.0,28.0375,43.5020833333333,29.95,18.5,23.65,292.0,230.5,279.0,46.5402985074627,10.9598360655738,152.5078125,,21.0241935483871,70.4914110429448,18.55,,349.183486238532,229.4,19.3266666666667,14.55,109.282608695652,37.95,19.35,20.05390625,59.55,23.65,230.28947368421,122.642857142857,26.1321428571429,41.4728571428571,76.578,166.688405797101,56.5,81.6147058823529,67.2,228.5,59.3961165048544,10.8017592592593,107.166666666667,162.272727272727,26.125,23.15,67.0,256.455882352941,240.7,178.814569536424,37.2930672268908,48.5,11.98125,29.55,10.1,15.95,15.0384615384615,30.5521472392638,212.5,17.9,30.0067567567568,10.55,27.609375,11.1,10.5,11.2,18.4928571428571,44.3406666666667,43.6076923076923,9.86652892561983,21.4866666666667,16.9035961272476,26.4483606557377,13.6118421052632,8.621640625,10.36,20.3970238095238,20.4333333333333,319.5,82.0055555555555,4030.0,75.2294117647059,160.0,82.2,109.5,44.4,21.3010869565217,241.02808988764,196.453125,10.3271929824561,123.445945945946,52.0,6.99,38.5681818181818,28.5205882352941,72.1809523809524,51.0,51.1022222222222,118.0,81.9817073170732,49.59,38.975,112.25,18.59375,6.82,91.469387755102,67.2086956521739,78.5285714285714,76.0741935483871,535.0,254.5,488.25,197.28125,107.535714285714,107.25,238.0,255.5,36.7,199.5,150.5,86.8,154.1,47.2625,67.8,101.0,46.9625
37.4018691588785,36.4933333333333,73.2089285714286,51.2,100.5,74.85,10.6166666666667,39.1,104.0,29.5395,35.0728571428571,351.6,194.0,18.5,120.5,378.689655172414,17.5481343283582,,24.7,43.2,137.0,27.1,13.1,15.8201754385965,25.3564814814815,58.2,250.983333333333,345.0,27.98,43.5230769230769,29.95,18.4954545454545,23.65,292.0,230.5,279.0,46.4673611111111,10.9514285714286,152.104166666667,,21.0705882352941,70.5017857142857,18.55,,350.080031695721,229.5,19.3125,14.5625,109.5,37.95,19.3410112359551,20.05,59.5026315789474,23.65,231.055555555556,123.0,26.154,41.480303030303,76.8042857142857,166.892857142857,56.5,81.2930232558139,67.2,228.5,59.48125,10.85,107.222222222222,162.1,26.147619047619,23.15,67.0,256.46875,240.987804878049,179.633084577114,37.2939393939394,48.5083333333333,12.0,29.55,10.1159340659341,15.95,15.0041666666667,30.5662337662338,213.0,17.9,30.0326923076923,10.55,27.630487804878,11.1001754385965,10.5,11.2074074074074,18.5,44.3419642857143,43.6484848484848,9.86053658536585,21.4880434782609,16.9121052631579,26.4485245901639,13.6000481695568,8.62057728119181,10.4,20.3975667189953,20.4293103448276,319.5,82.0055555555555,4027.77777777778,75.21875,160.0,82.2,109.083333333333,44.3666666666667,21.3,240.057142857143,197.0,10.35,122.897435897436,52.0,6.99,38.5644736842105,28.5285714285714,72.22,51.1181818181818,51.1,118.0,82.2496183206107,49.7,39.0,112.375,18.5928571428571,6.81119047619048,91.9431297709924,67.3,78.6135135135135,75.9630434782609,535.0,254.444444444444,488.25,197.761904761905,107.5,107.375,238.0,255.5,36.7318181818182,199.5,150.5,86.8,154.0,47.2625,67.8,101.0,46.99375
37.3791044776119,36.4375,73.2142857142857,51.2,100.75,74.875,10.6470588235294,39.1,104.25,29.5294117647059,35.1,350.833333333333,194.25,18.5,121.0,380.676470588235,17.5391304347826,,24.7,43.15,137.0,27.1,13.0833333333333,15.7979166666667,25.3614285714286,58.2,251.333333333333,344.5,28.0,43.5230769230769,29.95,18.45,23.7,292.0,231.0,279.0,46.39375,10.9666666666667,152.222222222222,,21.1,70.59,18.55,,350.567915690866,229.606557377049,19.355223880597,14.6,109.488888888889,37.95,19.3285714285714,20.0802631578947,59.5,23.65,231.5,122.75,26.1602272727273,41.5787162162162,76.978,167.230769230769,56.535,81.0645833333333,67.1,228.277777777778,59.705737704918,10.8289355322339,107.054794520548,161.538461538462,26.194262295082,23.1638157894737,67.0,257.151162790698,240.916666666667,180.848321342926,37.2915887850467,48.5,11.975,29.54,10.1111398963731,15.95,15.00625,30.60546875,213.0,17.9,30.0894736842105,10.5,27.6325,11.1222222222222,10.5,11.22,18.4909090909091,44.31875,43.6916666666667,9.85897058823529,21.4846153846154,16.8985795454545,26.4342519685039,13.6,8.6219375,10.3833333333333,20.3991856677524,20.4240740740741,319.5,82.0055555555555,4028.33333333333,75.2909090909091,160.0,82.2,109.25,44.35,21.3,240.166666666667,197.5,10.3449367088608,123.0,52.0928571428571,6.99,38.5444444444445,28.55,72.1894736842106,51.2681818181818,51.1,117.8125,82.5016949152542,49.7,39.0,112.4,18.5878787878788,6.80977777777778,92.8525423728814,67.3315789473684,78.7162790697674,75.9629629629629,535.0,254.25,486.0,198.166666666667,107.48,107.2,238.0,255.0,36.8289772727273,199.5,150.5,86.8,154.0,47.2625,67.9,101.0,47.0142857142857
37.3975609756098,36.4568181818182,73.2057971014493,51.2,100.842105263158,74.825,10.6277777777778,39.1458333333333,104.25,29.4740506329114,35.09,350.5,194.0,18.5,121.0,379.5,17.5503558718861,,24.7,43.1954545454546,137.0,27.1,13.1,15.7833333333333,25.3785714285714,58.2,251.818181818182,344.5,28.0,43.55,30.0,18.45,23.65,291.5,231.0,277.916666666667,46.2740384615385,10.9568181818182,152.0,,21.1464183381089,70.5984251968504,18.5136904761905,,348.909302325581,229.69696969697,19.3747023809524,14.5626666666667,110.13122923588,37.9473684210526,19.3486111111111,20.0535714285714,59.6,23.6,231.5,122.5,26.2176165803109,41.6777777777778,76.9,167.817391304348,56.4895027624309,81.1048780487805,67.2,228.0,59.7275510204082,10.85,107.411764705882,162.0,26.2386363636364,23.2583643122677,67.0,257.484848484848,240.666666666667,180.280418250951,37.2728070175439,48.4135593220339,12.0,29.5333333333333,10.1489208633094,15.95,15.0492063492063,30.5953703703704,213.5,17.8942307692308,30.093220338983,10.5083333333333,27.65,11.1125,10.5,11.2435606060606,18.5,44.3083333333333,43.6970588235294,9.87237288135593,21.4502506265664,16.85,26.4121212121212,13.6,8.63,10.35,20.38,20.4305555555556,319.5,82.0055555555555,4025.0,75.225,159.916666666667,82.2,109.0625,44.35625,21.2578947368421,240.0625,197.5,10.31125,123.3,52.0128205128205,6.98,38.5,28.525,72.2,51.3,51.1,118.0,82.7134146341463,49.8142857142857,38.95,112.25,18.5611111111111,6.8,93.2791304347826,67.2857142857143,78.8277108433735,75.925641025641,535.0,254.5,486.0,198.366666666667,107.444444444444,107.166666666667,238.0,254.5,36.9833333333333,199.333333333333,150.5,86.8,154.0,47.2625,67.9166666666667,101.0,47.0142857142857
37.4,36.4954545454545,73.1294117647059,51.1,100.75,74.8333333333333,10.65,39.175,104.32,29.4895833333333,35.05,351.0,193.857142857143,18.5,121.0,379.708333333333,17.558041958042,,24.7,43.2416666666667,137.0,27.1,13.1,15.8098684210526,25.392,58.2,252.131578947368,344.5,28.05,43.5142857142857,30.0,18.45,23.65,291.5,231.0,277.5,46.2015151515152,10.9621621621622,152.0,,21.1646341463415,70.608,18.5053571428572,,349.075892857143,229.63963963964,19.3926829268293,14.5782608695652,110.495901639344,37.9473684210526,19.35,20.0605263157895,59.5956521739131,23.6,230.866666666667,122.5,26.1666666666667,41.8022026431718,76.8394736842105,167.719858156028,56.4166666666667,81.3321428571429,67.1,228.0,59.7277227722772,10.847171314741,107.0,161.538461538462,26.2294117647059,23.4041095890411,66.95,257.426470588235,240.526315789474,180.047120418848,37.2898305084746,48.4,11.9988023952096,29.55,10.11015625,15.95,15.05,30.5566810344828,213.5,17.9,30.1294117647059,10.5083333333333,27.6,11.1,10.475,11.2601941747573,18.4819444444444,44.3472972972973,43.7,9.87833333333333,21.4620689655172,16.85,26.4317204301075,13.6,8.64119047619048,10.35,20.3667664670659,20.425,320.0,82.0055555555555,4021.66666666667,75.2692307692308,159.65,82.2,109.214285714286,44.4,21.2547169811321,239.833333333333,197.406779661017,10.3491666666667,123.204081632653,52.2065420560748,6.99,38.4857142857143,28.5,72.2333333333333,51.4,51.1,118.0,82.7734375,49.7833333333333,39.0,112.277777777778,18.55,6.79858895705521,93.648951048951,67.2923076923077,78.8071428571429,75.9076923076923,535.0,255.444444444444,486.0,198.011363636364,107.5,107.25,238.0,254.5,37.0,199.5,151.0,86.8,153.833333333333,47.15,67.9833333333333,101.0,46.9833333333333
37.4461538461538,36.5227272727273,73.2,51.1,100.666666666667,74.8333333333333,10.6,39.25,104.416666666667,29.4666666666667,35.1,351.533333333333,194.0,18.5,121.0,380.0,17.55,,24.65,43.2,137.5,27.1,13.1,15.8277777777778,25.4017060367454,58.2,252.071428571429,344.5,28.0357142857143,43.5428571428571,29.9,18.45,23.65,291.5,231.0,278.5,46.2388235294118,10.9511904761905,152.165178571429,,21.1252808988764,70.672972972973,18.5033333333333,,349.519430051813,229.714285714286,19.3868217054264,14.6247851002865,110.244186046512,37.95,19.3625,20.0759259259259,59.5571428571429,23.65,230.866666666667,122.5,26.1169811320755,41.9855623100304,76.8588235294118,167.684210526316,56.4166666666667,81.3941176470588,67.1,228.0,59.8415254237288,10.8523973994311,107.203703703704,161.5,26.2066666666667,23.4,66.95,257.5,240.491525423729,179.934782608696,37.3554347826087,48.5,11.98,29.55,10.13,15.95,15.0357142857143,30.5324324324324,213.5,17.9,30.1472222222222,10.5,27.64,11.1,10.475,11.25,18.48,44.33125,43.6992647058824,9.86584415584416,21.45,16.85,26.45,13.5879310344828,8.64,10.35,20.3761538461538,20.4407894736842,320.0,82.0307692307692,4020.0,75.2818181818182,160.0,82.2,109.25,44.35,21.25,240.235294117647,198.095238095238,10.3320512820513,123.0,52.0283783783784,7.0,38.45,28.5,72.3333333333333,51.3115384615385,51.0785714285714,118.0,83.0096774193548,49.75,38.95,112.0,18.5504716981132,6.79125,94.1909090909091,67.3942857142857,78.8869565217391,75.9914893617021,535.0,256.822784810127,486.0,197.958333333333,107.25,107.375,237.0,254.0,36.9484375,199.5,150.75,86.8,153.833333333333,47.08,67.9842105263158,101.5,46.95
37.45,36.5588235294118,73.1117647058824,51.1,100.833333333333,74.8181818181818,10.6390625,39.25,104.5,29.5,35.1,353.0,194.0,18.5,120.928571428571,380.666666666667,17.55,,24.65,43.2,137.5,27.1,13.1,15.8470238095238,25.4018987341772,58.2,252.45,344.5,28.0357142857143,43.5428571428571,29.9,18.45,23.6666666666667,291.5,231.0,278.75,46.2954545454545,10.9452321204517,152.5,,21.1030303030303,70.6810810810811,18.5214285714286,,350.388392857143,229.768292682927,19.4030555555556,14.7024074074074,109.923913043478,38.0,19.3722222222222,20.0452941176471,59.5,23.6090909090909,230.866666666667,122.5,26.0970238095238,42.1232075471698,76.9538461538462,168.1875,56.4,81.425,67.1,228.0,59.8,10.8827586206897,107.083333333333,161.75,26.178,23.3920454545454,66.9,258.0,240.1875,180.26,37.5436386768448,48.4348484848485,11.95,29.5291666666667,10.1040322580645,15.95,15.0230769230769,30.6,213.5,17.8966666666667,30.1666666666667,10.5487804878049,27.6494382022472,11.1,10.45,11.2935483870968,18.4611111111111,44.31,43.688679245283,9.8604,21.45,16.8666666666667,26.4271929824561,13.55,8.63934210526316,10.35,20.3653846153846,20.4392857142857,320.0,82.125,4016.25,75.3,160.266129032258,82.375,109.071428571429,44.35,21.25,240.5,198.353846153846,10.3282894736842,123.967532467532,52.1857142857143,7.0,38.45,28.5,72.4,51.175,51.0857142857143,118.0,83.4560869565217,49.9,39.0,112.0,18.55,6.8,94.9338129496403,67.4,78.741935483871,76.05,535.0,257.0625,486.0,197.859375,107.0,107.0,237.0,254.0,36.901282051282,199.638888888889,150.6875,86.8,153.833333333333,47.08,68.2237288135593,101.5,46.9333333333333
37.4491071428571,36.5944444444444,73.2,51.1,100.625,74.8965517241379,10.6,39.25,104.3,29.4522058823529,35.0916666666667,353.5,194.0,18.475,121.0,382.0,17.5074074074074,,24.65,43.26,137.5,27.1,13.1,15.854954954955,25.3797674418605,58.2,252.25,344.5,28.05,43.55,29.9,18.45,23.62,292.0,231.0,278.5,46.375,10.9010998307953,152.5,,21.1,70.68,18.5,,348.776729559748,229.663043478261,19.4275862068965,14.6971098265896,109.757575757576,37.95,19.3833333333333,20.01,59.55,23.6131578947368,230.866666666667,122.5,26.05,42.1115789473684,77.012,168.485074626866,56.4,81.5064516129032,67.0923076923077,228.5,59.7981481481481,10.8769553072626,107.0,161.171428571429,26.1375,23.3904255319149,66.8444444444444,257.947368421053,240.071428571429,179.744680851064,37.6591549295775,48.4,11.9916666666667,29.5,10.0969230769231,15.95,15.002380952381,30.6,213.5,17.9,30.15,10.55,27.6527272727273,11.1,10.4833333333333,11.262,18.4652777777778,44.3171875,43.7,9.86024390243902,21.4521739130435,16.8995527728086,26.45,13.5653846153846,8.63590909090909,10.3522727272727,20.3889705882353,20.4388888888889,320.0,82.0,4010.0,75.3272727272727,160.910714285714,82.575,109.2,44.3076923076923,21.25,239.907407407407,197.714285714286,10.3481818181818,123.333333333333,52.3275,7.005,38.45,28.5,72.3111111111111,51.2541666666667,51.0,118.0,84.5414383561644,49.9,38.9424418604651,112.0,18.5620689655172,6.8,94.9696470588236,67.4666666666667,78.7871794871795,76.0111111111111,535.0,256.705882352941,486.0,197.72619047619,107.5,107.0,238.0,254.0,36.9,199.5,150.5625,86.8,153.5,47.0,68.4105263157895,101.0,46.9333333333333
37.465625,36.6,73.1222222222222,51.1,100.8,75.0,10.6,39.25,104.25,29.4318181818182,35.05,354.0,194.25,18.4551020408163,121.0,382.125,17.5111111111111,,24.65,43.2333333333333,137.5,27.1,13.075,15.8706349206349,25.36875,58.2,251.462962962963,344.5,28.0,43.55,29.85,18.45,23.62,292.0,231.0,278.5,46.375,10.9039808917197,152.488636363636,,21.1136363636364,70.6981595092025,18.5,,348.0,229.731481481482,19.401282051282,14.6515873015873,110.0,37.95,19.3564516129032,20.05,59.52,23.6,230.866666666667,122.5,26.05,41.97100456621,76.9222222222222,168.20703125,56.3906976744186,81.5,67.0176470588235,228.5,59.8,10.8618390804598,107.0,161.5,26.1633333333333,23.2568181818182,66.8,257.484126984127,239.932330827068,179.553167420814,37.55,48.4,11.9877192982456,29.5,10.0656451612903,15.9,15.05,30.65,212.545454545455,17.8978260869565,30.15,10.55,27.7,11.1010638297872,10.4833333333333,11.25,18.4592592592593,44.3257142857143,43.6966666666667,9.86736842105263,21.4717391304348,16.8886363636364,26.4481751824817,13.5578125,8.63661016949153,10.35,20.3813253012048,20.4421875,320.0,82.0,4010.0,75.1714285714286,161.496031746032,82.6,109.0,44.3642857142857,21.2142857142857,239.444444444444,197.5,10.3216216216216,123.916666666667,52.2375,7.01,38.4416666666667,28.5,72.2571428571428,51.4454545454546,51.0,118.0,84.3509677419355,49.625,38.8148148148148,112.416666666667,18.5922018348624,6.79125,94.8444444444444,67.4470588235294,79.0660377358491,76.08,535.0,256.142857142857,486.0,197.6,107.357142857143,107.0,238.0,254.0,36.8888888888889,199.5,150.5,86.8,153.5,47.05,68.6390243902439,101.0,46.9
37.4925,36.65,73.1125,51.0,100.730769230769,74.9583333333333,10.5954005934718,39.25,104.357142857143,29.45,35.15,353.5,194.25,18.4642857142857,120.875,380.071428571429,17.5005952380952,,24.6,43.3,137.5,27.1,13.075,15.8543689320388,25.3852941176471,58.2,251.0,344.5,28.0,43.5333333333333,29.85,18.45,23.6,292.0,231.0,278.0,46.4,10.9094594594595,153.0,,21.1517543859649,70.6653846153846,18.5,,347.277142857143,229.637931034483,19.4111374407583,14.602,110.0,37.95,19.3791666666667,20.0666666666667,59.5,23.55,230.866666666667,122.5,26.05,41.717619047619,76.8666666666667,167.470588235294,56.3,81.412,67.0176470588235,228.5,59.7209677419355,10.8830656934307,107.0,161.046511627907,26.184375,23.2954545454546,66.8,257.5,239.616279069767,179.022471910112,37.5042682926829,48.3,11.95,29.5,10.083698296837,15.9,15.0025590551181,30.6104651162791,212.5,17.89,30.15,10.55,27.6510638297872,11.1,10.4833333333333,11.24375,18.4655172413793,44.33,43.6948275862069,9.86085106382979,21.465,16.8593220338983,26.4443396226415,13.5611111111111,8.638125,10.35,20.4,20.4359375,320.0,82.0,4010.0,74.9413793103448,161.952380952381,82.6,109.071428571429,44.4,21.2045454545455,238.823529411765,197.3,10.35,123.8,52.1,7.0116,38.4083333333333,28.5,72.3,51.2412698412698,51.0,117.5,84.1141791044776,49.4,38.7428571428571,112.0,18.5611111111111,6.79,94.3794871794872,67.38,79.1485148514852,76.10625,535.0,256.4,486.5,197.6,106.987261146497,107.0,237.0,254.0,36.9,199.588235294118,150.5,86.6,153.5,47.0,68.6469387755102,101.0,46.9
37.5,36.64375,73.2,51.0,100.5,74.98125,10.5519230769231,39.1857142857143,104.1,29.465652173913,35.1,353.25,194.5,18.4916666666667,120.875,380.0,17.5016339869281,,24.625,43.2,137.5,27.1,13.075,15.9099557522124,25.3690476190476,58.2,251.153846153846,344.5,28.0,43.5333333333333,29.85,18.45,23.6,292.0,231.0,278.0,46.4333333333333,10.90525,152.777777777778,,21.2,70.6428571428571,18.5090909090909,,347.088028169014,229.563025210084,19.4068376068376,14.5691176470588,109.681818181818,37.95,19.375,20.05,59.5,23.6,230.866666666667,122.5,26.05,41.7830882352941,76.8,168.036363636364,56.3125,81.2523809523809,67.1285714285714,228.5,59.727027027027,10.8834097859327,106.827586206897,161.083333333333,26.175,23.3,66.8,258.0,239.409090909091,178.5,37.4540816326531,48.3291666666667,11.9714285714286,29.5096994535519,10.1,15.9,15.0225,30.6166666666667,213.0,17.8979797979798,30.17,10.55,27.7,11.1,10.4833333333333,11.225,18.4833333333333,44.3055555555556,43.6932835820896,9.85137614678899,21.45,16.8833333333333,26.4439189189189,13.55,8.63034759358289,10.3884615384615,20.3807692307692,20.428947368421,320.0,81.8380952380952,4020.0,74.89,161.642857142857,82.6,109.0,44.3642857142857,21.2412698412698,238.739583333333,197.425,10.3294520547945,123.5,52.1142857142857,7.02013888888889,38.4019230769231,28.4868421052632,72.28,50.9222222222222,51.025,117.307692307692,84.1819444444445,49.4,38.7,112.0,18.5779411764706,6.78888888888889,94.3484375,67.3807692307692,79.1297297297297,76.2777777777778,535.0,256.285714285714,486.5,197.038461538462,106.552083333333,107.0,237.0,254.0,36.8714285714286,199.6,150.5,86.6,153.5,47.0,68.6333333333333,101.0,46.9357142857143
37.5,36.6166666666667,73.125,51.0,100.666666666667,74.912,10.57,39.1857142857143,104.25,29.5055555555556,35.1,353.9,194.5,18.4357142857143,120.875,380.5,17.4970588235294,,24.6,43.25,137.5,27.1125,13.075,15.9557993730408,25.35,58.2,251.0,344.5,28.0,43.5333333333333,29.85,18.45,23.6,292.0,231.0,278.0,46.4377551020408,10.8972327044025,152.5,,21.1692307692308,70.6923076923077,18.53,,347.210382513661,229.666666666667,19.3942307692308,14.5961538461538,109.47385620915,37.95,19.35,20.0473684210526,59.5,23.6,230.866666666667,122.714285714286,26.05125,41.8233870967742,76.83,167.785714285714,56.3166666666667,81.1833333333333,67.2,228.5,59.704347826087,10.8804577464789,106.625,160.722222222222,26.1397058823529,23.3,66.8,257.993670886076,239.441176470588,178.852664576802,37.4854166666667,48.35,11.9911111111111,29.5157894736842,10.098125,15.9,15.0373949579832,30.6176470588235,213.083333333333,17.9,30.204,10.55,27.7,11.1006734006734,10.475,11.25,18.4833333333333,44.3014705882353,43.695652173913,9.85216216216216,21.4611111111111,16.8770833333333,26.4508968609865,13.5875,8.63,10.36875,20.3507575757576,20.438,320.0,81.6,4025.0,75.0,161.5,82.6,109.024390243902,44.375,21.24375,238.666666666667,197.75,10.3412280701754,123.038461538462,52.175,7.02,38.4,28.4868421052632,72.2875,50.7111111111111,51.0,117.0,84.0194444444445,49.6,38.7,112.5,18.5810810810811,6.77808219178082,94.409375,67.3777777777778,79.1942307692308,76.4,535.0,256.0,486.5,196.727272727273,106.5,107.0,237.0,255.0,36.8613636363636,199.7,150.5,87.0,153.5,47.0181818181818,68.615,101.0,46.975
37.495652173913,36.6466666666667,73.0861111111111,51.0,100.75,74.9333333333333,10.5547619047619,39.1857142857143,104.46,29.5416666666667,35.0666666666667,353.3,195.0,18.5,120.5,379.678571428571,17.45,,24.6,43.2,137.5,27.1125,13.1,16.0048101265823,25.359375,58.2,250.583333333333,344.5,28.0657894736842,43.5333333333333,29.9,18.45,23.6,292.0,231.0,278.0,46.40625,10.8519027484144,152.541666666667,,21.186170212766,70.6846153846154,18.5,,347.024509803922,229.533783783784,19.39375,14.5625,109.5,37.95,19.3722222222222,20.0128571428571,59.5,23.6166666666667,230.0,123.0,26.05,41.8548076923077,76.8576923076923,167.303571428571,56.3,81.2,67.1666666666667,228.5,59.6448818897638,10.8941747572816,106.583333333333,160.84375,26.1527027027027,23.5237672583826,66.8,258.358156028369,239.6875,179.004166666667,37.478125,48.35,11.98125,29.5,10.1,15.9,15.0227272727273,30.6,213.083333333333,17.9,30.2111111111111,10.55,27.7,11.1,10.475,11.2,18.4666666666667,44.3088235294118,43.6961538461538,9.8541935483871,21.4666666666667,16.8947368421053,26.5,13.575,8.62315068493151,10.3795454545455,20.3532258064516,20.45,320.5,81.6,4020.0,75.1,161.565217391304,82.6,109.0,44.4,21.25,238.944444444444,197.555555555556,10.35,123.038461538462,52.1,7.02,38.4166666666667,28.44875,72.3,50.8,50.9413793103448,117.026315789474,83.9208333333333,49.6,38.7,112.214285714286,18.5625,6.7549609375,94.4053571428571,67.4,79.0811764705882,76.3,533.0,255.958333333333,486.5,196.042553191489,106.166666666667,107.0,237.0,254.5,36.8833333333333,199.5,150.5,87.0,153.5,47.1357142857143,68.0821428571429,101.0,46.99
37.5,36.645,72.9807692307692,51.0,100.722222222222,74.9125,10.5807692307692,39.1857142857143,104.407407407407,29.53125,35.075,352.333333333333,195.0,18.4928571428571,120.5,379.166666666667,17.4785714285714,,24.6,43.26,137.5,27.0666666666667,13.1,16.0536069651741,25.3516666666667,58.2,251.0,344.5,28.0657894736842,43.55,29.9,18.45,23.6,292.0,231.0,278.0,46.3821428571428,10.8567290552585,153.0,,21.1847826086956,70.6868421052632,18.5,,347.560402684564,229.595238095238,19.4154008438819,14.573,109.5,37.95,19.3842105263158,20.0333333333333,59.57,23.65,230.0,123.0,26.0727272727273,41.9071428571429,77.1438356164383,167.0,56.3,81.2,67.1666666666667,228.5,59.5153846153846,10.8923561151079,106.5,160.933333333333,26.1333333333333,23.5356666666667,66.8,258.808219178082,239.992753623188,179.459523809524,37.4458904109589,48.35,11.95,29.5,10.0945054945055,15.9,15.05,30.6,212.75,17.9,30.25,10.55,27.6573529411765,11.0928571428571,10.475,11.25,18.4777777777778,44.3,43.6938053097345,9.85625,21.45,16.8878959276018,26.5234693877551,13.5566666666667,8.63,10.4,20.39,20.447619047619,319.933333333333,81.7428571428572,4022.5,75.0111111111111,161.96992481203,82.6,109.1,44.3875,21.25,239.32,197.53125,10.3485294117647,123.0,52.1357142857143,7.02181818181818,38.44375,28.4,72.3,50.8,50.8066666666667,117.0,83.9847133757962,49.62,38.7,112.0,18.5524590163934,6.77660714285714,94.1170454545454,67.3038461538462,78.9688172043011,76.2666666666667,533.0,255.625,486.0,196.0,106.584745762712,107.166666666667,237.0,254.5,36.8541666666667,199.5,150.5,86.6,153.5,47.2,68.3875,101.0,47.0
37.490625,36.6551724137931,72.9807692307692,51.0,100.71875,74.9,10.5727272727273,39.1857142857143,104.25,29.55,35.1,352.0,195.0,18.5,120.5,379.083333333333,17.4518518518518,,24.6,43.2666666666667,137.5,27.0666666666667,13.05,16.0883495145631,25.4,58.2,251.0,344.5,28.0657894736842,43.55,29.9,18.45,23.6,292.0,231.0,278.0,46.3647058823529,10.8566666666667,152.75,,21.1818181818182,70.6411764705882,18.5,,347.528846153846,229.576470588235,19.4787837837838,14.5861940298507,109.34375,37.95,19.3944444444444,20.05,59.5,23.64375,230.0,123.0,26.1,41.9413461538461,77.6770370370371,167.0,56.3285714285714,81.3,67.1666666666667,228.5,59.5174311926606,10.9,106.978260869565,161.111111111111,26.1051886792453,23.6742152466368,66.8,259.051020408163,240.487804878049,179.392857142857,37.4448275862069,48.35,11.9636363636364,29.5,10.0981395348837,15.9333333333333,15.044,30.6016129032258,213.0,17.9,30.2541666666667,10.55,27.6722222222222,11.0666666666667,10.45,11.25,18.5,44.3152173913044,43.7227678571428,9.85965065502183,21.4833333333333,16.9303077725613,26.55,13.5586956521739,8.63,10.3904255319149,20.3512048192771,20.44375,319.5,81.7428571428572,4025.0,75.0,162.486486486486,82.6,109.0,44.4,21.2071428571429,239.5,197.369565217391,10.35,123.0,52.1,7.02,38.45,28.4,72.2933333333333,50.8,50.8,117.0,84.1401574803149,49.65,38.7,112.0,18.57,6.77,93.7423529411764,67.3833333333333,79.0190476190476,76.2666666666667,533.0,255.75,484.285714285714,196.0,106.916666666667,107.125,237.0,255.0,36.85,199.333333333333,150.5,86.6,153.5,47.2,68.55,101.0,47.025
37.48,36.6375,72.92,51.0,100.555555555556,74.8789473684211,10.6,39.1857142857143,104.277777777778,29.525,35.05,352.0,194.5,18.5,120.5,378.833333333333,17.45,,24.6,43.325,137.5,27.0666666666667,13.05,16.0286624203822,25.3719512195122,58.2,251.0,344.5,28.0657894736842,43.5034351145038,29.825,18.475,23.6,292.0,231.5,277.666666666667,46.3538461538462,10.8508450704225,152.589285714286,,21.1541666666667,70.6114285714286,18.5,,346.753246753247,229.609375,19.5710776545166,14.55,109.5,37.95,19.4,20.05,59.5,23.65,230.5,123.0,26.1,42.0012077294686,77.5463414634146,166.9765625,56.3125,81.3,67.1666666666667,227.928571428571,59.5322580645161,10.9316477553034,106.5,161.111111111111,26.15,23.7133165829146,66.8,259.065789473684,240.451923076923,178.904411764706,37.498064516129,48.35,11.95,29.5,10.0762820512821,15.9333333333333,15.00625,30.6080357142857,213.0,17.895,30.2375,10.55,27.65,11.0857142857143,10.453125,11.2457142857143,18.45,44.3010548523207,43.8009615384615,9.85635135135135,21.478947368421,16.9997695852535,26.5118421052632,13.5557692307692,8.63,10.3681818181818,20.3512658227848,20.4357142857143,319.5,81.7428571428572,4015.9375,75.0142857142857,162.027397260274,82.45,109.0,44.39,21.2147058823529,238.757575757576,197.5,10.35631276901,123.347826086957,52.1,7.02545454545455,38.45,28.4428571428571,72.3,50.8736842105263,50.825,116.666666666667,84.3252032520326,49.65,38.7,112.2,18.5886904761905,6.77466666666667,94.06,67.415,79.1771428571428,76.2666666666667,533.0,256.25,484.285714285714,196.022727272727,106.5,107.5,236.142857142857,255.0,36.85,199.5,150.5,86.6,153.5,47.225,68.56875,101.0,46.9916666666667
37.45,36.6525,73.0,51.0,100.642857142857,74.8714285714286,10.5566666666667,39.2,104.318181818182,29.5238095238095,35.0416666666667,352.75,194.571428571429,18.4928571428571,120.5,378.236842105263,17.45,,24.6,43.34375,137.5,27.0666666666667,13.05,15.9973557692308,25.3844827586207,58.2,250.41935483871,344.0,28.0657894736842,43.5090909090909,29.825,18.45,23.6,292.0,231.0,277.5,46.35,10.8501752848379,152.5,,21.1924242424242,70.6230769230769,18.4937362637363,,345.194214876033,229.487804878049,19.6215,14.5430263157895,109.524590163934,37.95,19.395652173913,20.010773480663,59.5,23.65,230.5,123.316742081448,26.1,42.0207627118644,77.6,167.194444444444,56.3918032786885,81.4666666666667,67.2,227.25,59.5239130434783,10.9386201991465,106.5,161.5,26.1016129032258,23.7001865671642,66.8,259.083333333333,240.071428571429,178.336776859504,37.5238095238095,48.3777777777778,11.9857142857143,29.546875,10.1,15.9333333333333,15.0,30.63,213.0,17.9,30.2375,10.5388888888889,27.65,11.063,10.453125,11.2457142857143,18.4923076923077,44.2539325842697,43.8381081081081,9.85895424836601,21.46,17.0050829875519,26.5336065573771,13.55,8.62691358024692,10.4,20.399864498645,20.4325,319.5,81.7428571428572,4003.5,74.9941176470588,161.421052631579,82.4,109.232558139535,44.425,21.2217948717949,238.0,197.057692307692,10.3993150684932,123.5,52.15,7.02545454545455,38.45,28.45,72.3,50.9,50.82,117.0,84.5077519379845,49.65,38.7,112.0,18.5625,6.77933333333333,94.4783439490446,67.4625,79.4575892857143,76.3,533.0,255.9,481.0,196.611111111111,106.5,107.34375,236.142857142857,255.0,36.85,199.5,150.5,86.6,153.5,47.225,68.5,101.0,47.0
37.4333333333333,36.6583333333333,73.0,51.0,100.6875,74.9,10.6,39.15,104.25,29.55,35.0,352.5,194.5,18.4916666666667,120.5,377.136363636364,17.4794117647059,,24.6,43.3428571428571,137.5,27.1,13.05,16.0,25.3895833333333,58.2,250.2,344.0,28.0657894736842,43.5,29.825,18.45,23.6,292.0,231.0,277.5,46.3416666666667,10.8528360049322,152.54347826087,,21.2,70.6575757575758,18.45,,345.206586826347,229.454545454545,19.6085263157895,14.53,109.973684210526,37.95,19.37,20.046875,59.4888888888889,23.65,230.0,123.793650793651,26.12,41.9089743589744,77.6,166.933333333333,56.3894736842105,81.66,67.1,225.96875,59.55,10.9259668508287,106.84375,161.433333333333,26.11875,23.6490942028985,66.8,258.709302325581,240.2,178.0,37.4628205128205,48.3777777777778,11.95,29.55,10.0974358974359,15.9333333333333,15.0008894536213,30.6325,212.583333333333,17.9,30.2166666666667,10.51,27.6807692307692,11.0904761904762,10.45,11.25,18.5,44.2553191489362,43.7873205741627,9.87,21.45,17.0476811594203,26.5214285714286,13.57,8.63,10.4,20.3705479452055,20.4482456140351,319.5,81.8,3996.66666666667,74.9,160.791666666667,82.5,109.0,44.45,21.2008746355685,237.76,197.0,10.389175257732,123.5,52.2,7.01,38.45,28.45,72.3,50.9,50.8,117.0,84.3692307692308,49.7,38.7,112.5,18.593125,6.77888888888889,94.7407407407408,67.45625,79.7475409836066,76.2032258064516,533.0,255.5,481.0,196.714285714286,106.6,107.166666666667,236.142857142857,255.0,36.85625,199.5,150.5,86.6,153.5,47.3,68.4117647058823,101.0,46.9833333333333
37.4,36.6458333333333,72.9125,51.0,100.5,74.85,10.5642857142857,39.15,104.09375,29.55,35.0166666666667,352.5,194.5,18.4916666666667,120.5,377.0,17.45,,24.6,43.3208333333333,137.5,27.15,13.1,16.0343023255814,25.3611111111111,58.6,250.166666666667,344.0,28.0657894736842,43.5,29.825,18.45,23.6,292.0,231.0,277.5,46.335,10.868137254902,152.51724137931,,21.19,70.6217391304348,18.4508021390374,,346.258426966292,229.497448979592,19.5473282442748,14.5025423728814,110.0,37.95,19.37,20.05,59.4,23.61875,230.0,122.426229508197,26.1,41.9104166666667,77.6255813953488,166.907407407407,56.3,81.6787234042553,67.1,224.9,59.5,10.9325934579439,106.5,161.433333333333,26.1386363636364,23.6229885057471,66.8,258.676470588235,240.25,178.0,37.4480769230769,48.35,11.9857142857143,29.55,10.1,15.95,14.9977941176471,30.6081395348837,213.0625,17.9,30.225,10.5,27.65,11.09,10.46,11.24125,18.494,44.2530769230769,43.7657894736842,9.87,21.4608695652174,17.0352272727273,26.511875,13.5538461538462,8.63166666666667,10.3981203007519,20.3903225806452,20.4303571428571,319.5,81.8,3992.14285714286,74.9034482758621,160.329787234043,82.5,109.0,44.5913636363636,21.2,237.0,197.0,10.4,123.5,52.378125,7.01142857142857,38.45,28.45,72.3,50.8666666666667,50.8,117.0,83.9807692307692,49.7,38.7,112.25,18.5615384615385,6.77857142857143,94.8389380530974,67.4933333333333,79.77,76.1285714285714,533.0,256.0,481.0,197.294117647059,106.55,107.5,236.142857142857,255.0,36.85,199.25,150.0,86.6,153.5,47.2,68.34,101.0,46.95
37.425,36.6388888888889,72.95,51.0333333333333,100.571428571429,74.8,10.5642857142857,39.15,104.15,29.5357142857143,35.05,352.0,194.5,18.4944444444444,120.46,377.3,17.4464912280702,,24.6,43.34,137.5,27.15,13.1,16.0495535714286,25.3894736842105,58.6,250.5,344.0,28.1,43.5,29.8,18.45,23.6,292.0,231.0,277.0,46.3038461538462,10.8523381294964,152.5,,21.1677083333333,70.6277777777778,18.45,,346.090909090909,229.540540540541,19.5539877300614,14.5,109.65,37.95,19.35,20.05,59.4947368421053,23.6333333333333,230.5,122.5,26.1,41.9364406779661,77.5189189189189,167.388888888889,56.3875,81.61,67.1,225.5,59.5230769230769,10.9188775510204,106.5,161.433333333333,26.1,23.5737288135593,66.7,259.0,240.0,178.119718309859,37.4034090909091,48.4,11.95,29.55,10.15,15.9,14.9944444444444,30.625,213.0,17.9,30.225,10.525,27.65,11.06,10.5,11.225,18.5,44.2363636363636,43.7532258064516,9.87,21.45,17.0245614035088,26.5014285714286,13.5692307692308,8.63,10.3898648648649,20.3823529411765,20.4185185185185,319.5,81.8,3990.0,74.8727272727273,160.125,82.5,109.0,44.7988888888889,21.2,236.5,196.468253968254,10.4,123.5,52.4309090909091,7.015,38.45,28.5,72.3,50.7942857142857,50.8,117.0,83.8454545454546,49.7,38.7,112.125,18.5604166666667,6.78,94.8268656716418,67.4375,79.6098591549296,76.15,533.0,256.0,481.0,197.806451612903,106.5,107.5625,235.0,255.0,36.85,199.4,150.0,86.6,153.5,47.2,68.2928571428571,101.0,46.9833333333333
37.409756097561,36.6266666666667,72.9666666666667,51.1,100.777777777778,74.8166666666667,10.6,39.2,104.305555555556,29.5067307692308,35.0166666666667,352.0,194.352941176471,18.5016393442623,120.46,378.416666666667,17.45,,24.6,43.3166666666667,137.5,27.15,13.05,16.05,25.3884615384615,58.6,250.477272727273,344.0,28.1,43.5,29.8,18.45,23.6,292.0,231.0,277.0,46.35,10.8507347795661,152.5,,21.1537037037037,70.6,18.4164179104478,,346.0,229.223684210526,19.5610576923077,14.5268292682927,109.504672897196,37.96,19.35,20.0636363636364,59.5,23.65,230.5,122.307692307692,26.1,41.9071428571429,77.4384615384615,167.613636363636,56.3,81.4414634146342,67.1,226.214285714286,59.4967320261438,10.9489940828402,106.5,161.333333333333,26.1,23.5474358974359,66.7,258.681818181818,240.375,178.5,37.4013157894737,48.4,11.9944444444444,29.55,10.1099489795918,15.9,14.9517857142857,30.6,212.5,17.9,30.2,10.525,27.6708333333333,11.0958333333333,10.5,11.2333333333333,18.4761904761905,44.2,43.73828125,9.87204819277108,21.4804347826087,17.0099137931034,26.5112903225806,13.6,8.63,10.3810344827586,20.3678899082569,20.4289473684211,319.5,82.0,3990.0,74.828125,160.333333333333,82.5,109.0,44.8318181818182,21.15,236.804878048781,196.29347826087,10.4,123.5,52.5051948051948,7.02,38.4214285714286,28.5,72.3,50.75,50.8260869565217,117.0,83.6771428571428,49.7,38.7,112.5,18.5736842105263,6.77882352941176,94.7217948717949,67.415,79.3875,76.1,533.0,256.4,481.0,199.069672131148,106.533333333333,107.666666666667,235.0,256.0,36.8,199.4,150.0,86.6,153.5,47.25,68.4,101.0,47.0
37.4173913043478,36.666,73.0,51.1,100.571428571429,74.8,10.55,39.2,104.423076923077,29.4958333333333,35.0166666666667,352.0,194.5,18.5409090909091,120.46,379.925,17.45,,24.6,43.35,137.5,27.19,13.05,16.05,25.3857142857143,58.6,250.5,344.0,28.1,43.55,29.8,18.45,23.6,292.0,231.0,277.0,46.3375,10.8504940711462,153.0,,21.151724137931,70.6049504950495,18.4,,346.070512820513,229.40625,19.55,14.5130769230769,109.25,37.95,19.3722222222222,20.08125,59.5,23.65,230.5,122.5,26.1,41.8705128205128,77.4260869565218,167.730769230769,56.38,81.355,67.15,226.5,59.4615384615385,10.95,106.910714285714,161.5,26.1125,23.496875,66.7,258.785714285714,240.375,178.5,37.4269736842105,48.4,11.9866666666667,29.5088235294118,10.15,15.9,14.9526315789474,30.6184210526316,212.5,17.9,30.2064516129032,10.55,27.7,11.0625,10.45,11.25,18.4691176470588,44.2,43.75,9.87058823529412,21.4918918918919,17.0147727272727,26.5225,13.5913793103448,8.63,10.3951219512195,20.3828358208955,20.4467741935484,320.0,81.8,3990.0,74.7875,160.125,82.5,109.0,44.84,21.164406779661,237.7,196.453125,10.4030303030303,123.428571428571,52.4794871794872,7.02,38.4,28.5,72.3,50.8,50.8285714285714,117.0,83.6,49.7,38.7,112.25,18.5725,6.77833333333333,94.6,67.4166666666667,79.44,76.0,533.0,256.0,480.8125,200.24609375,106.625,108.0,235.0,257.153846153846,36.7345911949685,199.083333333333,150.0,86.6,153.5,47.2375,68.4,101.0,47.0
37.435,36.742,73.0,51.18,100.777777777778,74.85,10.5516129032258,39.2,104.357142857143,29.4980769230769,35.0476190476191,351.6,194.5,18.55,120.3,379.809523809524,17.4571428571429,,24.6,43.3444444444445,137.5,27.23,13.1,16.0186538461538,25.3875,58.6,250.5625,344.0,28.1,43.55,29.9,18.45,23.6,292.0,231.0,277.0,46.3532258064516,10.8502681992337,153.0,,21.15,70.6512195121951,18.4626865671642,,346.128205128205,229.203703703704,19.5960869565217,14.5,109.5,38.0,19.376,20.05,59.5333333333333,23.6,230.5,122.5,26.1,41.8103773584906,77.4966666666667,167.961538461538,56.3322580645161,81.4026315789474,67.2,226.875,59.4727272727273,10.95,106.625,161.5,26.15,23.4186046511628,66.7,258.928571428571,240.333333333333,178.75,37.4368421052632,48.4,11.9571428571429,29.5,10.15,15.9,14.9636363636364,30.6192307692308,213.25,17.9,30.225,10.55,27.6833333333333,11.0964285714286,10.5,11.2,18.4916666666667,44.2313725490196,43.74375,9.87,21.48,17.0252475247525,26.5352941176471,13.6,8.6351839464883,10.4,20.3959183673469,20.45,320.0,81.85,3996.0,74.7111111111111,160.3125,82.5,109.0,44.7857142857143,21.15,237.375,196.4,10.4386363636364,123.428571428571,52.5,7.00333333333333,38.4,28.5,72.2857142857143,50.7272727272727,50.8111111111111,117.5,83.8156521739131,49.7,38.7,112.5,18.564,6.77964285714286,94.5829268292683,67.4846153846154,79.4833333333333,76.0333333333333,533.0,256.277777777778,480.0,201.2,106.75,107.75,234.0,257.5,36.7627450980392,198.461538461538,150.0,86.6,154.0,47.3,68.5086956521739,101.0,47.0125
37.4503571428571,36.8,72.98,51.2,100.681818181818,74.84,10.55,39.25,104.363636363636,29.5,35.0166666666667,352.0,194.5,18.5184210526316,120.333333333333,379.5,17.4666666666667,,24.6,43.3375,137.5,27.2,13.1,15.9625,25.3892857142857,58.6,250.75,344.0,28.1,43.52,29.9,18.45,23.6,292.0,231.0,277.0,46.35,10.8493811881188,152.5,,21.1445945945946,70.6,18.45,,347.125,229.2734375,19.6,14.5040540540541,109.1875,37.97,19.3625,20.05,59.5,23.6,230.5,122.5,26.13,41.8214285714286,77.4928571428572,167.6,56.4,81.5772727272727,67.2,227.0,59.45,10.9745119305857,106.852941176471,161.5,26.1510752688172,23.42109375,66.7,258.583333333333,240.083333333333,178.576923076923,37.4690476190476,48.4,11.9578125,29.5,10.1411504424779,15.9,14.95,30.6038461538462,213.0,17.904,30.2491228070175,10.55,27.65,11.06,10.5,11.2,18.4666666666667,44.2454545454545,43.7246987951807,9.8708,21.4833333333333,17.0493470149254,26.55,13.5953125,8.63,10.375,20.3746913580247,20.4456140350877,320.0,81.85,3995.0,74.7,160.615384615385,82.5,109.214285714286,44.75,21.15,237.545454545455,196.5,10.4158333333333,123.0,52.5266055045871,7.005,38.4,28.5,72.3,50.686,50.8307692307692,117.5,84.0171875,49.7,38.7,112.5,18.56,6.78868852459016,94.5941176470588,67.4416666666667,79.4904761904762,76.025,533.0,256.5,480.0,200.761363636364,106.5,107.642857142857,234.0,257.625,36.85,198.125,150.0,86.6,153.5,47.2333333333333,68.7094594594595,101.0,46.9833333333333
37.4736842105263,36.815,73.0,51.2,100.555555555556,74.8588235294118,10.5555555555556,39.2,104.076923076923,29.485,35.05,352.0,194.5,18.55,120.5,380.0,17.4976744186046,,24.6,43.35,137.5,27.1,13.05,15.9474358974359,25.3863636363636,58.6,250.5,344.5,28.1,43.52,29.9,18.45,23.6,292.0,231.0,277.0,46.35,10.8476878612717,152.653846153846,,21.1357142857143,70.6,18.45,,347.495283018868,229.083333333333,19.590625,14.5038461538462,109.5,37.97,19.35,20.0946428571429,59.5,23.65,230.5,122.5,26.1,41.8383720930232,77.5825,167.821428571429,56.3,81.7358490566038,67.2,226.333333333333,59.4375,10.9646186440678,106.5,161.5,26.15,23.5190476190476,66.7,258.875,240.5,178.973029045643,37.4884615384615,48.3966666666667,11.95,29.55,10.1223021582734,15.9,14.95,30.6,212.5,17.9,30.2491228070175,10.55,27.65,11.075,10.5,11.2,18.4833333333333,44.2105263157895,43.7223076923077,9.87095238095238,21.4766666666667,17.0229357798165,26.55,13.6,8.63083333333333,10.3785714285714,20.3767857142857,20.4453488372093,319.5,81.85,3995.0,74.7,160.36,82.5,109.125,44.775,21.1625,237.8,196.833333333333,10.4283505154639,123.029411764706,52.6927419354839,7.0,38.4,28.5,72.3,50.7193548387097,50.8,118.0,83.9071428571429,49.7,38.7,112.447368421053,18.5659090909091,6.78909090909091,94.4833333333333,67.42,79.6,76.00625,533.0,256.5,482.0,200.978723404255,107.0,107.5,234.0,257.5,36.85,198.5,150.0,86.6,153.5,47.25,68.7764705882353,101.0,46.95
37.5,36.8530612244898,73.0166666666667,51.2,100.681818181818,74.88125,10.5568181818182,39.2,104.488095238095,29.5,35.03,351.833333333333,194.5,18.55,120.416666666667,381.392857142857,17.45625,,24.6,43.3833333333333,137.5,27.15,13.05,15.95,25.3931818181818,58.6,250.5,344.5,28.1,43.55,29.9,18.45,23.625,292.0,231.0,276.75,46.3583333333333,10.85,152.5,,21.1190476190476,70.6,18.4875,,347.947619047619,229.452631578947,19.6,14.5,109.5,37.95,19.35,20.1,59.5647058823529,23.65,230.5,122.5,26.1375,41.8125,77.6034482758621,167.988636363636,56.4,81.9169230769231,67.16,226.333333333333,59.4,10.9524444444444,106.608108108108,161.5,26.15,23.5911111111111,66.7,258.436363636364,240.571428571429,179.084507042254,37.5,48.4,11.9642857142857,29.55,10.1086111111111,15.9,14.9875,30.6130952380952,212.5,17.9,30.2491228070175,10.55,27.65,11.0923076923077,10.4833333333333,11.2,18.488,44.23,43.7222222222222,9.87684210526316,21.497619047619,17.0475,26.5447916666667,13.5957142857143,8.6391935483871,10.3911764705882,20.3897727272727,20.4442307692308,319.75,81.8,3996.66666666667,74.6297872340426,160.071428571429,82.5,109.125,44.71,21.15,237.5,196.863636363636,10.45,123.0,52.4923076923077,7.02,38.4125,28.5,72.3,50.9,50.8,118.0,83.8421052631579,49.7545454545455,38.7,112.375,18.5772727272727,6.79,94.3257142857143,67.4285714285714,79.55,76.0,533.0,256.590909090909,482.0,202.789156626506,107.0,107.6,233.5,257.125,36.85,198.5,150.0,86.6,153.5,47.25,68.7222222222222,101.0,47.0
37.503550295858,36.9353535353535,73.1,51.2,100.939024390244,74.9046511627907,10.5875,39.2,104.270833333333,29.5244186046512,35.04,351.833333333333,194.5,18.54,120.5,381.75,17.45,,24.6,43.3714285714286,137.5,27.15,13.1,15.9504385964912,25.3943396226415,58.6,251.0,344.5,28.1,43.5981012658228,29.9,18.45,23.625,292.0,231.0,276.75,46.375,10.8365384615385,152.5,,21.1846153846154,70.6009433962264,18.4928571428571,,348.48347107438,229.474747474748,19.6,14.5,109.5,37.95,19.3880952380952,20.0833333333333,59.6,23.65,230.5,122.7,26.125,41.7625,77.6,168.0,56.4,81.8861111111111,67.1947368421053,226.5,59.5,10.95,106.5,161.5,26.15,23.6,66.7,258.363636363636,241.0,179.166666666667,37.45,48.4,11.9888888888889,29.503125,10.15,15.9,14.975,30.6458333333333,212.666666666667,17.9,30.2,10.55,27.66875,11.0869565217391,10.4833333333333,11.2,18.4833333333333,44.2142857142857,43.7233333333333,9.87295081967213,21.4892857142857,17.0453125,26.55,13.6,8.63666666666667,10.4,20.3842105263158,20.4485714285714,319.75,81.9,3997.5,74.7486486486486,160.111111111111,82.4,109.471428571429,44.7214285714286,21.15,237.6,196.625,10.4229411764706,123.0,52.5955223880597,7.01,38.45,28.5,72.2705882352941,50.9,50.8,118.0,83.7189189189189,49.8416666666667,38.7,112.181818181818,18.6,6.78,94.5626373626374,67.4692307692308,79.5,76.005,533.0,256.958333333333,483.0,204.011235955056,106.947368421053,107.571428571429,234.0,257.0,36.8375,198.5,150.0,86.6,153.615384615385,47.225,68.78,101.0,46.975
37.5570967741935,37.0184848484849,73.2,51.2,100.779411764706,75.126,10.5857142857143,39.2,104.285714285714,29.5428571428571,35.053125,352.25,194.5,18.55,120.375,380.625,17.45,,24.6,43.38,137.5,27.15,13.1,15.9457142857143,25.3774193548387,58.5,251.0,344.5,28.1,43.69,29.9,18.4,23.625,292.0,231.0,276.75,46.35,10.8230569948187,152.6,,21.1666666666667,70.6,18.4785714285714,,348.561111111111,229.509803921569,19.598275862069,14.5,109.424242424242,37.9923076923077,19.3988095238095,20.0666666666667,59.625,23.6696078431372,230.166666666667,123.0,26.172641509434,41.7086538461539,77.6,168.0,56.3947368421053,81.927027027027,67.3589743589744,226.25,59.7656964656965,10.9478731074261,106.535714285714,161.5,26.153125,23.6466666666667,66.7,258.5,241.0,179.426966292135,37.4021739130435,48.3875,11.97,29.5,10.14125,15.9,14.9666666666667,30.6045454545455,213.111111111111,17.925,30.2,10.55,27.7,11.07,10.45,11.2208333333333,18.4857142857143,44.2041666666667,43.7,9.87,21.4931506849315,17.0296875,26.55,13.6,8.6384375,10.3796875,20.3823144104803,20.4489247311828,320.0,81.9,3998.33333333333,74.8666666666667,160.0,82.4,109.071428571429,44.75,21.16,238.208333333333,196.8,10.4448113207547,123.0,52.5852941176471,7.0,38.4232142857143,28.5,72.3,50.9,50.8,118.0,83.7354838709677,49.8852941176471,38.75,112.25,18.6,6.78096774193548,94.9670588235294,67.4891891891892,79.4714285714286,75.9222222222222,533.0,257.166666666667,483.0,204.552941176471,107.049019607843,107.875,234.0,257.0,36.8,198.5,150.0,86.6,153.0,47.275,68.704,101.0,47.0
37.6478260869565,37.0891304347826,73.2,51.3,100.681818181818,75.1,10.55,39.2,104.4375,29.55,35.053125,353.0,194.5,18.5375,120.673913043478,381.0,17.477027027027,,24.6,43.3714285714286,137.5,27.15,13.1,15.955,25.3942307692308,58.5,251.0,344.5,28.1,43.7043103448276,29.9,18.45,23.625,292.0,231.0,276.75,46.35,10.85,152.5,,21.1576923076923,70.61,18.5,,348.287878787879,229.805555555556,19.5971428571429,14.506,109.454545454545,38.0,19.4,20.1,59.65,23.7,230.5,123.0,26.2,41.7976744186047,77.7044444444445,168.0,56.4,82.2979423868313,67.66,226.0,59.980686695279,10.9293838862559,106.775,162.0,26.15,23.6443181818182,66.7,258.526315789474,240.727272727273,179.469135802469,37.4157894736842,48.4,11.9576923076923,29.5,10.1492857142857,15.9,14.95,30.6467741935484,213.5,17.95,30.21875,10.55,27.7,11.0961538461538,10.4522727272727,11.2384615384615,18.4694444444444,44.2,43.7293650793651,9.87488888888889,21.4823529411765,17.0183673469388,26.55,13.5978260869565,8.64,10.4,20.3647058823529,20.4416666666667,319.5,81.9,3998.33333333333,74.8,160.071428571429,82.4,109.214285714286,44.70625,21.1807692307692,238.2,196.621951219512,10.4392857142857,123.0,52.5833333333333,7.0,38.4384615384615,28.5,72.2027027027027,50.9,50.8,118.0,83.78,49.9,38.7,112.25,18.5909090909091,6.78096774193548,95.2342229199372,67.4953271028037,79.5,75.925,533.0,257.5,486.0,204.403846153846,107.5,107.666666666667,234.0,257.0,36.8,198.5,150.0,86.6,153.0,47.275,68.5333333333333,101.0,47.0
37.65,37.0584337349398,73.2,51.3,100.642857142857,75.1,10.55,39.2,104.2,29.55,35.1,352.75,194.009433962264,18.55,120.479166666667,381.6,17.475,,24.6,43.3875,137.5,27.2,13.1,16.0,25.3961538461538,58.5,251.0,344.5,28.1,43.7974358974359,29.9,18.45,23.625,292.5,231.0,276.75,46.35,10.8335820895522,152.5,,21.2,70.6051724137931,18.45,,347.708333333333,229.75,19.58125,14.5255395683453,109.4,38.0,19.4034482758621,20.0791666666667,59.6,23.75,230.5,123.0,26.1875,41.7791666666667,77.9175510204082,167.884615384615,56.3,82.6098591549296,67.6111111111111,226.0,60.0120567375887,10.9375838926175,106.847826086957,162.274509803922,26.15,23.6166666666667,66.7,258.974358974359,240.7,178.98951048951,37.415,48.425,11.95,29.5,10.1475609756098,15.9,14.9588235294118,30.60625,214.471698113208,17.95,30.1964285714286,10.5166666666667,27.7,11.0529411764706,10.45,11.225,18.4814814814815,44.2028571428571,43.7214285714286,9.87152173913043,21.475,17.0060975609756,26.5085714285714,13.6,8.63980769230769,10.3793103448276,20.3680327868852,20.4595493562232,320.0,81.9,3995.0,74.8111111111111,160.071428571429,82.4,109.095238095238,44.6833333333333,21.1565789473684,237.944444444444,197.0,10.4450980392157,123.055555555556,52.5772727272727,7.002,38.4136363636364,28.5,72.25,50.8,50.8227272727273,118.0,83.7529411764706,49.95,38.7,112.5,18.575,6.77291139240506,95.4733333333333,67.4461538461538,79.4125,75.9046511627907,533.0,257.375,486.0,203.7625,107.3125,107.892857142857,233.5,257.0,36.8,198.5,150.25,86.6,153.0,47.2,68.6428571428571,101.0,47.0
37.65,37.0116666666667,73.1333333333333,51.3,100.791666666667,75.1,10.55,39.2,104.388888888889,29.55,35.05,352.75,194.25,18.55,120.479166666667,382.0,17.45,,24.6,43.375,137.5,27.2,13.05,15.9111111111111,25.3946428571429,58.5,251.5,344.5,28.1,43.815,29.8,18.45,23.65,292.5,231.0,277.0,46.3375,10.8484,152.5,,21.195,70.6,18.4583333333333,,346.924242424242,229.61320754717,19.5558333333333,14.5,109.5,37.9884615384615,19.4,20.0833333333333,59.7,23.75,230.0,123.0,26.2,41.7483333333333,77.992700729927,168.0,56.325,82.4787878787879,67.6,226.5,60.0022556390977,10.9291304347826,106.605263157895,162.5,26.15,23.5785714285714,66.7,258.964285714286,240.7,178.475,37.3686567164179,48.4375,11.9607142857143,29.5,10.1439393939394,15.9,14.95,30.65,214.7,17.95,30.15,10.55,27.7,11.0583333333333,10.45,11.25,18.4763157894737,44.2,43.7277777777778,9.87161290322581,21.4725,17.0275,26.5161290322581,13.5611111111111,8.6393962264151,10.4,20.368125,20.4895161290323,319.833333333333,81.9,3993.88888888889,74.8,160.071428571429,82.5,109.3,44.6833333333333,21.17,237.5,196.5,10.4261467889908,123.5,52.5777777777778,7.00857142857143,38.4,28.5,72.2666666666667,50.8,50.85,118.0,83.71,50.0,38.7,112.25,18.5769230769231,6.77291139240506,95.5712643678161,67.4939393939394,79.34,75.98,533.0,257.5,486.5,202.766666666667,107.0,107.625,233.5,256.5,36.8,198.0,150.0,86.6,153.0,47.3,68.7,101.0,47.05
37.6230769230769,36.94125,73.2,51.4,100.8,75.04,10.55,39.1909090909091,104.5,29.55,35.0666666666667,352.75,194.0,18.55,120.5,382.416666666667,17.45,,24.6,43.3928571428572,138.0,27.2,13.05,15.9,25.3939024390244,58.5,251.5,344.5,28.1,43.9451086956522,29.8,18.45,23.65,292.5,231.0,277.0,46.35,10.812323943662,152.5,,21.1722222222222,70.6058394160584,18.4666666666667,,346.5,229.578947368421,19.55,14.5,109.5,37.95,19.405,20.0785714285714,59.6,23.75,230.5,123.058823529412,26.2,41.775,77.8607142857143,168.0,56.4,82.4555555555555,67.6,226.5,59.9362068965517,10.9307860262009,106.625,162.565217391304,26.15,23.60625,66.7,258.5375,241.040540540541,178.465909090909,37.3032258064516,48.45,11.9583333333333,29.55,10.1467532467532,15.9,14.9970588235294,30.6409090909091,214.0,17.9333333333333,30.15,10.55,27.7036036036036,11.0980769230769,10.4558823529412,11.2482857142857,18.48125,44.2,43.75,9.87047619047619,21.475,17.001724137931,26.5448979591837,13.6,8.6425,10.3911111111111,20.3554347826087,20.4769230769231,319.833333333333,81.9,3991.66666666667,74.78,160.038461538462,82.5,109.375,44.65,21.15,237.5,196.444444444444,10.4421052631579,123.45,52.5777777777778,7.0,38.4,28.5,72.3,50.8,50.8111111111111,118.0,83.7111111111111,50.0,38.7,112.428571428571,18.6,6.78,95.7072463768116,67.4903225806452,79.2476190476191,75.9818181818182,533.0,257.357142857143,486.5,202.074074074074,107.0,107.666666666667,233.5,256.5,36.8,196.822222222222,150.0,86.6,153.0,47.125,68.6142857142857,101.0,47.0428571428571
37.6338709677419,36.9107142857143,73.2,51.4,100.684210526316,75.1,10.5822222222222,39.25,104.285714285714,29.4982456140351,35.1,353.0,194.0,18.5388888888889,120.5,383.605263157895,17.45,,24.6,43.3785714285714,137.75,27.2,13.1,15.9152173913043,25.3759259259259,58.5,251.5,344.5,28.075,43.979435483871,29.9,18.45,23.65,292.5,231.0,277.0,46.3056962025316,10.8477142857143,152.6,,21.1986111111111,70.6022222222222,18.5,,346.5,229.625,19.5513888888889,14.494623655914,109.222222222222,38.0,19.3990384615385,20.0566037735849,59.6,23.75,230.0,123.0,26.2,41.7692307692308,77.7555555555556,167.6875,56.3333333333333,82.4409090909091,67.6333333333333,226.5,59.9018181818182,10.9191634241245,106.576923076923,162.571428571429,26.15,23.6088709677419,66.8,258.5,241.0,178.035714285714,37.3228571428571,48.4,11.9925287356322,29.5,10.1478260869565,15.9,14.975,30.6058823529412,215.0,17.9333333333333,30.11,10.55,27.7333333333333,11.1,10.45,11.2188118811881,18.4890625,44.2,43.7291666666667,9.87746376811594,21.4818181818182,17.0215517241379,26.55,13.6,8.64277777777778,10.3936416184971,20.3586647727273,20.4833333333333,320.0,81.8,3985.0,74.72,160.05,82.5,109.31,44.65,21.15,237.833333333333,195.891891891892,10.4331081081081,123.5,52.5,7.0,38.4125,28.5,72.2,50.8862745098039,50.8,118.0,83.7064516129032,50.1625,38.7,112.483333333333,18.585,6.78,95.676,67.465,79.1535714285714,75.9888888888889,533.0,257.166666666667,486.5,202.538461538462,107.0,107.642857142857,233.5,256.5,36.8113636363636,196.666666666667,150.0,86.6,153.5,47.25,68.6142857142857,101.0,47.0428571428571
37.63,36.9275862068965,73.2,51.35,100.791666666667,75.1,10.5520833333333,39.2,104.410714285714,29.4926470588235,35.05,353.5,194.5,18.5388888888889,120.5,384.6875,17.44875,,24.6,43.385,137.75,27.2,13.1,15.9217391304348,25.3944444444445,58.5,251.5,344.5,28.075,44.05,29.9,18.4916666666667,23.65,292.5,231.0,277.0,46.325,10.8214285714286,152.583333333333,,21.2462962962963,70.61,18.4928571428571,,346.5,229.512254901961,19.5465909090909,14.5,109.444444444444,37.9911764705882,19.3714285714286,20.0923076923077,59.6,23.75,230.0,123.0,26.2031914893617,41.75,77.7,168.0,56.4,82.4818181818182,67.6238095238095,225.5,59.8982142857143,10.9250902527076,106.75,162.5,26.1833333333333,23.634375,66.8,258.821428571429,240.5,178.19696969697,37.3105263157895,48.4,11.9898148148148,29.5,10.1061170212766,15.9,14.9892857142857,30.65,215.0,17.9333333333333,30.1384615384615,10.55,27.7414285714286,11.0833333333333,10.5,11.25,18.474,44.2029411764706,43.7457286432161,9.87739316239317,21.4833333333333,17.0172413793103,26.553531598513,13.5875,8.65,10.398,20.3511705685619,20.4979166666667,320.0,81.91875,3985.0,74.7,160.0,82.4,109.25,44.675,21.15,238.0,195.313333333333,10.4464285714286,123.5,52.4038461538461,7.0,38.4125,28.5,72.26,50.9,50.8,118.0,83.7230769230769,50.45,38.7,112.5,18.6,6.779,95.5752941176471,67.5,79.16,75.9571428571429,533.0,257.5,486.5,203.166666666667,107.0,107.833333333333,233.5,256.5,36.8,197.0,150.0,86.6,153.5,47.25,68.644,101.0,47.05
37.6,36.925,73.2,51.38,100.678571428571,75.06,10.56,39.2,104.45,29.4941176470588,35.05,353.5,194.5,18.55,120.730769230769,386.134146341463,17.4394736842105,,24.6,43.4492105263158,137.75,27.2,13.1,15.9363636363636,25.39,58.6,251.5,344.5,28.05,44.05,29.9,18.4916666666667,23.65,292.5,231.0,277.0,46.3071428571428,10.8352941176471,152.642857142857,,21.2136363636364,70.6020833333333,18.4628205128205,,346.5,229.618556701031,19.55,14.4928571428571,109.5,38.0032608695652,19.35,20.1,59.6,23.75,230.0,123.0625,26.2473214285714,41.7241935483871,77.7921568627451,167.916666666667,56.4515151515152,82.879792746114,67.72,224.857142857143,59.8,10.924269005848,106.735294117647,162.558823529412,26.1527777777778,23.6,66.8,259.0,240.559322033898,178.2,37.3208333333333,48.4,11.975,29.5,10.137962962963,15.9,14.9833333333333,30.65,215.0,17.95,30.1,10.55,27.75,11.1,10.4625,11.2,18.475,44.2,43.7416666666667,9.88047169811321,21.47,17.0054347826087,26.5636363636364,13.5705882352941,8.65,10.3794117647059,20.3521276595745,20.4961538461538,319.5,81.9833333333333,3983.33333333333,74.6533333333333,160.038461538462,82.4,109.0,44.6833333333333,21.1826530612245,237.95,195.280487804878,10.4302419354839,123.25,52.4055555555555,7.00631578947368,38.4,28.5,72.2714285714286,51.0,50.8071428571429,117.75,83.7,50.2571428571429,38.7,112.55,18.6,6.779375,95.5,67.4073170731707,79.21,75.9,533.0,257.5,486.5,203.471428571429,107.0,107.714285714286,233.5,256.25,36.85,197.0,150.0,86.6,153.5,47.175,68.6428571428571,101.0,47.0
37.5705882352941,36.9,73.2,51.4,100.772727272727,75.05,10.55,39.2,104.25,29.5,35.0583333333333,353.5,194.125,18.55,121.0,384.947368421053,17.45,,24.575,43.6854166666667,137.75,27.1571428571429,13.1,15.9542553191489,25.384375,58.6,251.5,344.5,28.05,44.0214285714286,29.9,18.45,23.65,292.5,231.0,277.0,46.3,10.8484496124031,152.5,,21.2,70.6137931034483,18.4513888888889,,346.7,229.5625,19.548,14.4916666666667,109.5,38.0032608695652,19.3875,20.05,59.5,23.75,230.5,123.552631578947,26.2,41.6981818181818,77.98203125,167.95,56.4933333333333,83.1973451327433,67.8222222222222,225.0,59.8901639344262,10.9113496932515,106.75,162.433333333333,26.2,23.6,66.8,258.541666666667,240.75,178.490066225166,37.3,48.4,11.95,29.5,10.1483870967742,15.9,14.9666666666667,30.6473684210526,215.0,17.9333333333333,30.1125,10.5,27.75,11.1,10.45,11.2440677966102,18.4630434782609,44.2015625,43.7493723849372,9.88058823529412,21.4916666666667,17.0189655172414,26.5583333333333,13.5995114006515,8.63978114478115,10.3727272727273,20.3779069767442,20.4720588235294,319.5,82.0,3983.33333333333,74.64,160.0,82.4,109.125,44.6769230769231,21.195,238.0,195.5625,10.4379310344828,123.5,52.4,7.01909090909091,38.4,28.5,72.275,51.0,50.7858490566038,118.0,83.6846153846154,50.35,38.7,113.0,18.6,6.78,95.4857142857143,67.5,79.2571428571428,75.978947368421,533.0,257.545454545455,486.5,203.564516129032,106.833333333333,107.75,233.5,256.666666666667,36.8,197.5,150.0,86.6,153.5,47.2333333333333,68.7,101.0,47.0
37.6,36.875,73.2,51.3666666666667,100.625,75.0333333333333,10.6,39.2125,104.230769230769,29.5,35.0,353.5,193.5,18.55,121.0,382.565217391304,17.4375,,24.575,43.6,137.75,27.15,13.1,15.9337837837838,25.3516843971631,58.6,251.5,344.5,28.05,44.0176470588235,29.9,18.45,23.65,292.5,231.0,277.0,46.3066666666667,10.8493464052288,152.5,,21.2105263157895,70.6125,18.5,,347.129310344828,229.769230769231,19.5277777777778,14.5035447761194,109.386363636364,38.05,19.38125,20.0833333333333,59.5,23.75,230.5,123.5,26.1605263157895,41.6894366197183,78.1777777777778,168.0,56.5,83.3371212121212,67.9,225.0,59.8931034482759,10.9006389776358,106.5,162.0,26.1571428571429,23.5975,66.8,258.25,241.0,178.651515151515,37.2977272727273,48.4,11.9714285714286,29.5,10.15,15.9,14.975,30.6380952380952,214.0,17.915625,30.1,10.5,27.7,11.0857142857143,10.45,11.24,18.4552631578947,44.2052631578947,43.7801857585139,9.88547619047619,21.4865384615385,17.0208333333333,26.5875,13.6,8.63706666666667,10.372972972973,20.375,20.4821428571429,319.5,82.1333333333333,3992.5,74.7285714285714,160.0,82.3,109.1,44.7,21.1583333333333,238.05,196.051724137931,10.44,123.5,52.3294117647059,7.01909090909091,38.4375,28.5,72.25,51.02,50.7647058823529,118.0,83.6083333333333,50.3,38.7,113.0,18.59,6.78,95.5,67.4909090909091,79.3,76.0,533.0,257.125,486.5,203.75,106.5,107.875,233.5,257.62962962963,36.8,197.5,150.0,86.6,153.5,47.2333333333333,68.725,101.0,47.0
37.5486111111111,36.9,73.2,51.3666666666667,100.75,75.1,10.5905063291139,39.2125,104.5,29.4928571428571,35.05,353.25,193.5,18.55,120.5,382.0,17.43,,24.575,43.6428571428571,137.75,27.2,13.1,15.9666666666667,25.3494444444445,58.6,252.0,344.5,28.05,44.05,29.9,18.45,23.65,292.5,231.0,277.0,46.3,10.85,152.5,,21.2385802469136,70.6,18.5,,347.302325581395,229.666666666667,19.5242424242424,14.5446808510638,109.5,38.05,19.35,20.05,59.5,23.75,230.0,123.5,26.1605263157895,41.7,78.1,167.916666666667,56.5,83.341095890411,67.8,224.5,59.9,10.9,106.65,162.0,26.15,23.5513157894737,66.8,258.0,241.0,178.75,37.3069444444444,48.415625,11.9928571428571,29.5,10.1189655172414,15.9,14.9583333333333,30.645652173913,215.0,17.9333333333333,30.1,10.5097222222222,27.75,11.1,10.4541666666667,11.25,18.4958333333333,44.2,43.8484126984127,9.88777777777778,21.4823529411765,17.0054054054054,26.59,13.6,8.63938461538462,10.385,20.3733160621762,20.4719298245614,319.5,82.1148148148148,3992.5,74.7,160.0,82.3,109.185185185185,44.7416666666667,21.1651515151515,238.05,195.707317073171,10.425,123.5,52.3545454545455,7.01909090909091,38.4277777777778,28.5201704545455,72.3,50.9742857142857,50.8,117.5,83.6,50.2,38.7,113.0,18.6,6.77952380952381,95.4947368421053,67.46,79.4369565217391,75.9125,533.0,257.0,486.5,203.5,106.75,107.642857142857,233.5,258.166666666667,36.8321428571429,197.104166666667,150.5,86.6,153.5,47.2875,68.7266666666667,101.0,47.0
37.54375,36.9,73.2,51.35,100.653846153846,75.0,10.5576923076923,39.2,104.3,29.5,35.025,353.25,194.0,18.5205882352941,120.5,382.214285714286,17.45,,24.6,43.7065217391304,137.75,27.1321428571429,13.1,15.9976923076923,25.321875,58.6,252.0,344.5,28.05,44.0785714285714,29.9,18.45,23.65,292.5,231.0,277.0,46.3021739130435,10.85,152.291666666667,,21.2243902439024,70.6,18.4807692307692,,346.606382978723,229.671428571429,19.5136363636364,14.5,109.5,38.05,19.3583333333333,20.0583333333333,59.5,23.7233333333333,230.5,123.5,26.1476190476191,41.7013888888889,78.0045454545455,167.55,56.5,83.4015151515152,67.85,224.5,59.85625,10.9332584269663,106.961111111111,162.0,26.1465517241379,23.5513157894737,66.8,258.25,241.0,178.648648648649,37.321052631579,48.4,11.9833333333333,29.5,10.1040178571429,15.9,14.96,30.64375,214.5,17.95,30.13125,10.55,27.75,11.0767441860465,10.45,11.25,18.4865384615385,44.2151515151515,43.8113636363636,9.882,21.47,17.0329787234043,26.6,13.57,8.63225263157895,10.3985530546624,20.3970994475138,20.4925,320.0,82.1148148148148,3995.0,74.8,160.0,82.3,109.443181818182,44.7,21.15,238.0,195.5,10.4454545454545,123.5,52.3,7.01,38.4357142857143,28.5205882352941,72.2666666666667,51.0148514851485,50.79,117.666666666667,83.5897435897436,50.3375,38.7,113.0,18.5952380952381,6.77,95.4555555555555,67.46,79.3310344827586,75.9,533.0,256.903846153846,486.5,203.5,106.5,107.875,233.5,258.166666666667,36.8,197.0,150.0,86.6,153.5,47.2875,68.7,101.0,46.9542682926829
37.55,36.9,73.2,51.35,100.75,75.0333333333333,10.55,39.2,104.25,29.5053571428571,35.0391304347826,353.25,193.813725490196,18.5759615384615,120.5,382.375,17.45,,24.6,43.75,137.5,27.1321428571429,13.0545454545455,15.9605633802817,25.341935483871,58.6,252.0,344.5,28.05,44.0583333333333,29.9,18.45,23.64,292.5,231.0,277.0,46.3090909090909,10.85,152.5,,21.25,70.6,18.4875,,345.804511278195,229.797619047619,19.5,14.5427536231884,109.5,38.0625,19.35,20.0611111111111,59.5,23.75,230.5,123.25,26.1,41.596875,77.922,167.666666666667,56.5168067226891,83.3393442622951,67.85,224.5,59.8294117647059,10.9005025125628,106.733333333333,162.0,26.1243243243243,23.5016666666667,66.8,258.388888888889,240.785714285714,178.270491803279,37.3454545454545,48.4,11.9961538461538,29.5,10.1274193548387,15.9,14.9846153846154,30.625,214.5,17.9095238095238,30.1458333333333,10.55,27.7,11.0964285714286,10.45,11.25,18.4666666666667,44.2143835616438,43.8381443298969,9.88039215686275,21.4925925925926,17.0225490196078,26.5594594594595,13.6,8.63133333333333,10.3943661971831,20.3675675675676,20.4646551724138,320.0,81.9,3999.0,74.8,160.0,82.3,109.214285714286,44.7333333333333,21.15,238.0,195.666666666667,10.435,123.5,52.3083333333333,7.01,38.45,28.55,72.24,51.2266666666667,50.8,118.0,83.5947368421052,50.2,38.7,113.0,18.6,6.77,95.4117647058824,67.5,79.4642857142857,75.875,533.0,256.5,486.5,203.5,106.75,107.666666666667,233.5,258.0,36.8333333333333,197.0,150.5,86.6,153.5,47.25,68.7,101.0,46.9166666666667
37.55,36.9421052631579,73.1857142857143,51.4,100.6,75.02,10.5545454545455,39.2,104.375,29.55,35.0,353.5,193.017857142857,18.6,120.5,382.428571428571,17.4459183673469,,24.6,43.8376470588235,137.5,27.1,13.0545454545455,15.9875,25.3,58.6,251.625,344.5,28.05,44.0455882352941,29.9,18.45,23.64,292.5,231.0,276.5,46.31,10.8495238095238,152.5,,21.25,70.6548387096774,18.5,,345.333333333333,229.625,19.5228260869565,14.5491666666667,109.453703703704,38.1071428571429,19.35,20.0701149425287,59.5157894736842,23.75,230.25,123.5,26.1,41.5192307692308,77.9,168.0,56.5117647058824,83.1480769230769,67.85,224.972222222222,59.9,10.9,106.692307692308,162.5,26.154,23.4978260869565,66.8,258.547619047619,240.884615384615,178.023255813953,37.35,48.4,11.95,29.5,10.125,15.9,14.96,30.6138888888889,214.5,17.9357142857143,30.1458333333333,10.55,27.7,11.0991935483871,10.45,11.25,18.47,44.2083333333333,43.8773015873016,9.8804,21.4534482758621,17.0092592592593,26.5848484848485,13.5706896551724,8.64,10.3954545454545,20.3941387559809,20.4575630252101,320.0,81.8,3995.0,74.8166666666667,159.75,82.4,109.214285714286,44.7,21.15,238.0,195.5,10.45,123.5,52.2925925925926,7.01,38.4,28.5016129032258,72.3,51.2333333333333,50.8,117.5,83.675,50.1,38.725,112.928571428571,18.55875,6.77,95.4071428571429,67.4823529411765,79.4545454545455,75.9,533.0,256.75,486.5,203.65625,106.857142857143,107.666666666667,233.5,258.0,36.76,197.0,150.5,86.6,153.5,47.225,68.5057692307692,101.0,46.9
37.55,36.9321428571429,73.14,51.4,100.777777777778,75.0,10.56,39.2,104.25,29.55,34.95,353.583333333333,192.520833333333,18.55,120.5,381.928571428571,17.45,,24.6,43.8661290322581,137.5,27.05,13.05,15.95,25.3421875,58.6,251.625,344.5,28.0,44.0,29.85,18.45,23.64,292.5,231.0,276.5,46.3017857142857,10.8345588235294,152.055555555556,,21.25,70.6037037037037,18.5,,345.079617834395,229.697368421053,19.5096153846154,14.55,109.5,38.125,19.35,20.0322784810127,59.5,23.75,230.5,123.5,26.1,41.5568493150685,77.8583333333333,167.857142857143,56.6,82.6036363636363,67.9,224.5,59.8384615384615,10.8986803519062,106.5,162.5,26.15,23.45,66.8,258.785714285714,240.5,178.298387096774,37.35,48.36875,11.975,29.5125,10.1367469879518,15.8833333333333,14.9642857142857,30.6011363636364,214.5,17.9,30.1,10.55,27.7166666666667,11.1,10.5,11.25,18.4714285714286,44.2375,43.9774331550802,9.8809375,21.4777777777778,17.0345454545455,26.5685714285714,13.55,8.63507692307692,10.3693548387097,20.39375,20.4978260869565,319.875,81.8,4000.0,74.84,160.0,82.4,109.066666666667,44.7,21.15,238.0,194.925373134328,10.4145348837209,123.5,52.2909090909091,7.0,38.4318181818182,28.5,72.3,51.0,50.8,117.5,83.7046511627907,49.975,38.725,113.0,18.58,6.76478260869565,95.425641025641,67.49,79.415,75.9285714285714,533.0,256.5,486.5,203.879310344828,106.5,107.666666666667,233.5,258.0,36.8,197.0,150.0,86.6,153.5,47.225,68.336,101.0,46.9
37.5404761904762,36.9464285714286,73.2,51.4,100.846153846154,75.0,10.55,39.2,104.166666666667,29.5461538461538,35.0,353.25,192.375,18.55,120.5,381.285714285714,17.4,,24.6,43.854347826087,137.5,27.05,13.1,15.9522727272727,25.3480620155039,58.5,251.5,344.5,28.0,44.0083333333333,29.85,18.45,23.64,292.5,231.0,276.5,46.3071428571429,10.8455489614243,152.5,,21.25,70.6,18.5,,345.945945945946,229.583333333333,19.5,14.55,109.5,38.15,19.3625,20.0333333333333,59.5,23.7333333333333,230.5,123.5,26.1,41.5607843137255,77.8724137931035,168.0,56.5857142857143,82.4873015873016,67.85,224.5,59.896,10.8865740740741,106.6,162.333333333333,26.15,23.4525,66.9,258.71875,240.6,178.25,37.35,48.35,11.98125,29.55,10.13625,15.8833333333333,14.975,30.6333333333333,215.0,17.9,30.1,10.5131578947368,27.75,11.1,10.5,11.25,18.4692307692308,44.2483796296296,44.0920588235294,9.88,21.4552631578947,17.03125,26.6,13.6,8.64104938271605,10.3862068965517,20.3960591133005,20.4770833333333,320.0,81.8,3996.0,74.8,160.0,82.4,109.086419753086,44.725,21.1533333333333,237.6,194.807189542484,10.4257575757576,123.5,52.2909090909091,7.0,38.4375,28.54,72.3,50.8967741935484,50.8038461538462,117.5,83.8,49.975,38.7,112.611111111111,18.5631578947368,6.771,95.402380952381,67.5,79.4181818181818,76.0,533.0,256.5,486.5,203.590909090909,106.5,108.0,233.5,258.0,36.8,196.8,150.0,86.6,153.5,47.2333333333333,68.3,100.5,46.9
37.5404761904762,36.9718181818182,73.1875,51.3666666666667,100.666666666667,74.9,10.5775,39.1854166666667,104.5,29.5884615384615,34.9892857142857,353.0,192.875,18.5514492753623,120.5,381.285714285714,17.425,,24.6,43.802,137.5,27.05,13.1,15.956,25.3196428571429,58.5,252.0,344.5,28.0,44.025,29.85,18.45,23.64,292.5,231.0,276.5,46.3107142857143,10.85,152.5,,21.2560975609756,70.6111111111111,18.5,,346.0,229.657894736842,19.5012195121951,14.5452380952381,109.5,38.15,19.3944444444444,20.047619047619,59.5,23.7333333333333,230.333333333333,123.666666666667,26.1,41.5603773584906,77.858064516129,167.518518518519,56.5416666666667,82.7742857142857,67.85,224.5,59.8875,10.8592369477912,106.683333333333,162.071428571429,26.2,23.4,66.9,258.944444444444,240.6,178.166666666667,37.35,48.35,11.95,29.55,10.1490384615385,15.9,14.9583333333333,30.6240740740741,215.0,17.925,30.1,10.5131578947368,27.7471428571429,11.0925,10.5,11.25,18.4725806451613,44.2646551724138,44.1524737631185,9.88,21.4666666666667,17.0270408163265,26.5736842105263,13.6,8.64181034482759,10.3955882352941,20.3654362416107,20.4943181818182,320.0,81.8,3992.5,74.8571428571429,160.0,82.4,109.272727272727,44.725,21.15,237.7,194.910714285714,10.4385714285714,123.5,52.3,7.0,38.45,28.5,72.22,50.9,50.9,117.5,83.9,49.95,38.7,113.0,18.6,6.77571428571429,95.5822857142857,67.5942857142857,79.3294117647059,75.9916666666667,535.0,256.0,486.5,203.8,106.5,107.7,233.5,257.625,36.7875,197.0,150.0,86.55,153.5,47.2333333333333,68.3916666666667,101.0,46.9
37.5463414634146,37.0115,73.1857142857143,51.3,100.910714285714,74.9,10.57,39.15,104.25,29.5741935483871,34.975,353.0,193.0,18.5428571428571,121.0,381.666666666667,17.45,,24.6,43.7972222222222,138.0,27.05,13.0666666666667,15.9611111111111,25.3435897435897,58.5,252.0,344.5,27.9970588235294,44.0,29.85,18.45,23.64,292.5,231.0,276.5,46.3,10.8635941130906,152.444444444444,,21.26,70.612,18.4947368421053,,346.268292682927,229.711111111111,19.5,14.55,109.5,38.15,19.396,20.05,59.5,23.75,230.333333333333,124.0,26.1,41.62,77.9333333333333,167.75,56.6,82.9516129032258,67.875,224.5,59.8142857142857,10.8706451612903,106.5,162.5,26.15,23.4,66.9,258.5,240.666666666667,178.035714285714,37.3238095238095,48.35,11.95,29.55,10.1184210526316,15.9,14.9558823529412,30.65,215.0,17.95,30.1,10.55,27.75,11.0989583333333,10.45,11.2625,18.4804347826087,44.3,44.1253593429158,9.88047619047619,21.491935483871,17.0193548387097,26.6,13.6,8.64991701244813,10.392523364486,20.39,20.4989130434783,320.0,81.9,3995.0,74.8571428571429,160.5,82.4,109.2,44.7,21.1555555555556,237.928571428571,195.0,10.4175324675325,123.5,52.3,7.0,38.45,28.5,72.26,50.8928571428571,50.875,117.5,83.8714285714286,49.95,38.7,112.75,18.5833333333333,6.77,96.0269916765755,67.69,79.33125,76.0,535.666666666667,256.0,487.166666666667,203.5,107.0,107.833333333333,233.5,257.5,36.8,197.0,150.25,86.55,153.5,47.3,68.4,101.0,46.9
37.6,37.0059523809524,73.2,51.225,100.91059602649,74.9272727272727,10.5807692307692,39.15,104.1875,29.5964285714286,34.9933333333333,352.8125,193.055555555556,18.55,120.5,382.055555555555,17.4461538461538,,24.6,43.8,138.0,27.05,13.1,15.95,25.2996187363834,58.5,252.0,344.5,28.0,44.0,29.85,18.45,23.64,292.5,231.0,276.5,46.3071428571429,10.9008415147265,152.5,,21.25,70.6,18.5,,346.318181818182,229.631578947368,19.5,14.55,109.391304347826,38.1,19.4019230769231,20.0527777777778,59.5,23.70625,230.5,124.486486486486,26.1428571428571,41.6461538461538,77.9086956521739,168.147975077882,56.6,83.0355555555555,67.9,224.5,59.858,10.8592369477912,106.5,162.5,26.15,23.3980769230769,66.9,258.634615384615,240.571428571429,178.0,37.325,48.4,11.9583333333333,29.55,10.1001766784452,15.9,14.99,30.6384615384615,214.5,17.95,30.15,10.53,27.725,11.08,10.45,11.25,18.4886363636364,44.3,44.01375,9.88178571428571,21.4828125,17.0183908045977,26.58125,13.5925,8.6525,10.3846153846154,20.3715384615385,20.4883720930233,320.0,81.9,3995.0,74.82,160.25,82.4,109.1,44.73,21.15,238.0625,194.645454545455,10.45,123.625,52.4,7.0,38.45,28.5,72.2333333333333,51.0,50.8,117.5,83.8666666666667,49.95,38.7,112.944444444444,18.5833333333333,6.77,96.3642585551331,67.6947368421053,79.3166666666667,76.0,535.666666666667,256.0,488.0,204.818548387097,107.0,107.75,233.5,258.142857142857,36.825,196.9,150.25,86.55,153.5,47.15,68.4,101.0,46.9
37.5769230769231,37.0,73.2,51.225,100.846153846154,74.9666666666667,10.5875,39.15,104.388888888889,29.6,34.975,352.5,193.5,18.6,120.5,382.464285714286,17.45,,24.6,43.8107142857143,138.0,27.1,13.1,15.95,25.2577981651376,58.6,252.0,344.5,28.0,44.05,29.85,18.45,23.64,292.5,231.0,276.5,46.3041666666667,10.8720221606648,152.5,,21.2467741935484,70.6,18.5,,346.0,229.744444444444,19.4934782608696,14.5494505494505,109.5,38.1,19.3803571428571,20.05,59.5,23.74,230.5,124.481481481481,26.1428571428571,41.6133333333333,77.9176470588235,168.666666666667,56.6,83.0,67.9,225.0,59.8382352941177,10.8550724637681,106.75,162.375,26.1015060240964,23.35,66.9,258.875,240.7,178.0,37.3474358974359,48.4,11.975,29.55,10.1260416666667,15.9,14.96,30.6416666666667,214.5,17.9071428571429,30.15,10.55,27.75,11.1,10.45,11.2475570032573,18.4764705882353,44.3,44.0083333333333,9.88,21.4671428571428,17.0265957446809,26.55625,13.5894736842105,8.65615384615385,10.377868852459,20.3928853754941,20.4786585365854,320.0,81.9,4000.38461538461,74.85,160.5,82.5,109.140845070423,44.7,21.15,238.0,194.802631578947,10.4406976744186,123.5,52.3,7.0,38.45,28.505,72.25,51.0,50.9,117.5,83.85,49.95,38.7,113.0,18.5857142857143,6.7676,96.4687150837989,67.6375,79.3,76.00625,535.0,256.0,488.0,206.1953125,107.0,107.6,233.5,258.5,36.825,197.0,150.25,86.55,153.5,47.15,68.4,101.0,46.95
37.6,37.0,73.1666666666667,51.2,100.785714285714,74.9181818181818,10.59,39.2,104.0,29.5804347826087,35.025,352.333333333333,193.5,18.6,120.5,383.0,17.4388888888889,,24.6,43.8,137.5,27.1,13.05,15.9466666666667,25.2887096774194,58.6,252.0,344.5,28.0,44.0,29.85,18.4866666666667,23.64,292.5,231.0,276.5,46.33125,10.8650959860384,152.40243902439,,21.2083333333333,70.6,18.45,,346.512195121951,229.648148148148,19.5,14.55,109.444444444444,38.122,19.3666666666667,20.05,59.52,23.7045454545454,230.5,124.5,26.15,41.6464285714286,77.9133333333333,168.303703703704,56.5111111111111,83.0,67.825,224.5,59.8611111111111,10.855076142132,106.5,162.423076923077,26.0894230769231,23.4009803921569,66.9,258.857142857143,240.730769230769,178.076923076923,37.35,48.4,11.95,29.55,10.15,15.9,14.9928571428571,30.6392857142857,214.5,17.9416666666667,30.15,10.55,27.7083333333333,11.1,10.45,11.25,18.4761904761905,44.3496124031008,44.0015486725664,9.88105263157895,21.4653846153846,17.0452054794521,26.6,13.6,8.65016722408027,10.3963636363636,20.3816037735849,20.470652173913,320.0,81.9,4013.0,74.8,160.5,82.5,109.382352941176,44.7,21.15,238.375,195.02380952381,10.4449152542373,123.625,52.33125,7.0,38.45,28.5,72.275,51.0,50.9,117.5,83.7883720930232,49.95,38.65,112.833333333333,18.6,6.77,96.3277777777778,67.675,79.3153846153846,76.0,535.0,256.470588235294,488.0,205.283783783784,107.0,107.625,234.0,258.5,36.825,196.75,150.25,86.55,153.5,47.4166666666667,68.465625,101.0,46.95
37.6,36.9970588235294,73.2,51.21,100.9,74.9013333333333,10.56,39.2,104.047619047619,29.5930555555556,35.003125,352.0,193.625,18.58375,120.5,382.45,17.45,,24.6,43.8522727272727,138.0,27.15,13.1,15.95,25.2941176470588,58.6,252.0,344.5,28.0,44.0,29.85,18.45,23.65,292.5,231.0,276.5,46.335,10.8759433962264,152.333333333333,,21.25,70.6125,18.45,,346.270833333333,229.5,19.47,14.55,109.5,38.122,19.37,20.047972972973,59.5333333333333,23.7,230.5,124.708333333333,26.15,41.65,77.9375,167.846153846154,56.5583333333333,82.9846153846154,67.8333333333333,224.5,59.841935483871,10.8720588235294,106.630952380952,162.0,26.100641025641,23.45,66.9,259.0,241.0,178.157894736842,37.380303030303,48.4,11.95,29.55,10.1336734693878,15.9,14.9714285714286,30.6282608695652,214.5,17.95,30.15,10.55,27.7,11.0558139534884,10.4916666666667,11.2409090909091,18.478947368421,44.3077151335312,43.9998673740053,9.88073170731708,21.4684210526316,17.004375,26.6,13.6,8.64981651376147,10.3991071428571,20.3978971962617,20.4673913043478,320.0,81.9,4010.0,74.8,160.333333333333,82.525,109.071428571429,44.65,21.15,238.525,194.986111111111,10.4385714285714,123.5,52.3,7.0,38.4,28.5,72.3,51.0,50.8,117.5,83.5459627329193,49.95,38.6125,112.666666666667,18.59,6.76044776119403,96.4782608695652,67.5953488372093,79.3833333333333,76.0,535.0,256.428571428571,487.5,205.5,107.0,107.666666666667,234.0,258.5,36.825,197.0,150.25,86.55,153.0,47.325,68.6,101.0,46.95
37.6,36.9764705882353,73.1904761904762,51.2,100.857142857143,74.85,10.55,39.2,104.181818181818,29.6,35.0125,353.0,194.46511627907,18.58375,120.5,381.125,17.45,,24.6,43.898,138.0,27.15,13.1,15.95,25.2931034482759,58.6,252.0,344.5,28.0,44.0,29.9,18.45,23.625,292.5,231.0,276.5,46.3333333333333,10.8517964071856,152.3,,21.25,70.6,18.5,,346.016666666667,229.714285714286,19.490625,14.55,109.368421052632,38.1,19.37,20.025,59.5,23.7125,230.5,124.5,26.1166666666667,41.650641025641,77.9214285714286,168.25,56.5318181818182,83.0809523809524,67.8333333333333,224.75,59.9,10.8528169014084,106.642857142857,162.0,26.1,23.425,66.9,258.6875,241.130081300813,178.136363636364,37.365,48.38,11.95,29.55,10.1409090909091,15.9,14.9583333333333,30.6291666666667,214.5,17.9214285714286,30.15,10.55,27.72,11.0613636363636,10.4916666666667,11.25,18.495,44.3,44.0090909090909,9.87673469387755,21.4887096774194,17.0329268292683,26.5888888888889,13.6,8.65,10.4,20.4372611464968,20.469387755102,320.0,81.9,4010.0,74.8,160.357142857143,82.6,109.3,44.65,21.15,239.152173913043,194.5375,10.4131386861314,123.5,52.3909090909091,7.0,38.45,28.4976190476191,72.26,50.9820512820513,50.86,117.5,83.3225,49.95,38.65,113.0,18.5916666666667,6.76,96.4979166666666,67.55,79.4375,76.0,535.0,256.375,487.5,205.092307692308,107.508064516129,107.625,234.0,258.5,36.8013888888889,197.0,150.5,86.55,153.0,47.4,68.6181818181818,101.0,46.95
37.595652173913,36.9875,73.2,51.2,100.944444444444,74.85,10.5545454545455,39.19,104.285714285714,29.6208333333333,35.05,353.0,194.0,18.6,120.5,382.5,17.45,,24.6,43.8925,138.0,27.15,13.1,15.95,25.2988461538462,58.7,252.0,344.5,28.0,44.0,29.85,18.45,23.625,292.5,231.0,276.5,46.32,10.863,152.14,,21.25,70.616129032258,18.496,,345.807692307692,229.645833333333,19.4541666666667,14.5125,109.444444444444,38.1,19.3875,20.0269230769231,59.5,23.75,230.5,124.5,26.15,41.6833333333333,77.9181818181818,168.166666666667,56.5944444444445,83.1,67.8,225.0,59.9,10.8791505791506,106.5,162.0,26.1033333333333,23.4487804878049,66.9,258.489795918367,241.391304347826,177.954128440367,37.35,48.35,11.95,29.55,10.145652173913,15.9,14.9590909090909,30.6061224489796,215.0,17.95,30.15,10.55,27.7166666666667,11.0833333333333,10.4916666666667,11.245652173913,18.4696428571429,44.3,43.9971830985915,9.87829268292683,21.4872549019608,17.0286666666667,26.6,13.5923076923077,8.65,10.3955947136564,20.4353896103896,20.4592105263158,320.0,81.9,4005.0,74.8,160.166666666667,82.6,109.396551724138,44.65,21.1608695652174,239.45,193.842465753425,10.431746031746,124.0,52.4540540540541,7.006,38.4166666666667,28.45,72.26,50.9820512820513,50.8,117.5,83.2966666666667,49.875,38.65,112.5,18.5888888888889,6.765,96.4560975609756,67.5575539568345,79.5402298850574,76.0,535.0,256.375,487.875,204.921052631579,108.235015772871,107.8,234.0,258.5,36.8,196.75,150.25,86.5,153.0,47.25,68.65,101.0,46.9083333333333
37.625,36.9775,73.1833333333333,51.2,100.764705882353,74.8166666666667,10.5615384615385,39.19,104.277777777778,29.59,35.05,352.375,193.283018867925,18.55,120.5,382.166666666667,17.4990196078431,,24.6,43.89,138.0,27.1,13.1,15.9458333333333,25.259756097561,58.7,252.0,344.5,27.975,44.0,29.85,18.45,23.6416666666667,292.5,231.0,276.5,46.3404761904762,10.8521126760563,152.055555555556,,21.3222929936306,70.6222222222222,18.48125,,345.539473684211,229.548387096774,19.4530303030303,14.55,109.5,38.15,19.3625,20.05,59.5,23.75,230.5,124.5,26.15,41.6888888888889,77.9,168.327272727273,56.6,82.8931034482759,67.8125,225.0,59.8333333333333,10.8655172413793,106.607142857143,162.2,26.1,23.5,66.85,258.388888888889,241.5,177.53125,37.3935483870968,48.35,11.9611111111111,29.55,10.1230769230769,15.9,14.9791666666667,30.6357142857143,214.75,17.92,30.15,10.5,27.7,11.1,10.4833333333333,11.25,18.4783333333333,44.2942857142857,43.9898148148148,9.87129032258064,21.4875,17.0295454545455,26.5722222222222,13.6,8.65,10.4,20.4353658536585,20.455,320.0,81.9,4005.0,74.8,160.076923076923,82.6,109.136363636364,44.65,21.15,239.285714285714,193.735632183908,10.415,123.083333333333,52.5142857142857,7.01,38.4166666666667,28.45,72.2571428571428,51.0,50.8,117.5,83.3363636363636,49.85,38.6,113.0,18.562,6.75922330097087,96.3078947368421,67.6357142857143,79.5272727272727,76.05,535.0,256.5,487.875,205.0,108.456204379562,107.75,234.0,258.0,36.7991525423729,197.0,150.0,86.5,153.0,47.25,68.65,101.0,46.9083333333333
37.6173913043478,37.0,73.1923076923077,51.2,100.75,74.8166666666667,10.5558823529412,39.2,104.4375,29.5964285714286,35.05,352.5,193.083333333333,18.5875,120.5,382.0,17.5,,24.6,43.85,137.5,27.1,13.1,15.95,25.2983870967742,58.7,251.5,344.5,27.95,44.0,29.875,18.45,23.6425925925926,292.5,231.0,276.5,46.325,10.8515662650602,152.37962962963,,21.4,70.6857142857143,18.45,,345.977272727273,229.808823529412,19.48125,14.55,109.5,38.15,19.35,20.05,59.5,23.75,230.5,124.5,26.15,41.65,77.99,168.25,56.5388888888889,82.94,67.8181818181818,224.5,59.83,10.8670967741935,106.509615384615,162.5,26.125,23.525,66.9,258.1875,241.94587628866,177.770742358079,37.3551724137931,48.35,11.9666666666667,29.55,10.1455357142857,15.9,14.9951612903226,30.6041666666667,214.75,17.95,30.2,10.55,27.71875,11.1,10.4833333333333,11.25,18.48,44.2916666666667,43.9896551724138,9.87170731707317,21.4590909090909,17.01875,26.5578125,13.6,8.65935483870968,10.395,20.4358620689655,20.4855263157895,320.0,81.9,4005.0,74.8,160.5,82.6,109.45652173913,44.65,21.15,239.0,193.625,10.4254385964912,123.666666666667,52.5461538461538,7.00833333333333,38.4125,28.45,72.2571428571429,51.0,50.8022988505747,117.5,83.37,49.85,38.6,112.75,18.5842105263158,6.74936395759717,96.2954545454546,67.6666666666667,79.7590643274854,76.0,535.0,256.5,487.875,205.0,108.5,107.5625,233.5,258.0,36.7991525423729,197.0,150.0,86.5,153.0,47.25,68.65,100.5,46.9083333333333
37.578982300885,37.0363387978142,73.2,51.2,100.857142857143,74.8666666666667,10.55,39.2,104.5,29.6217391304348,35.0166666666667,352.75,193.5,18.5875,120.5,381.833333333333,17.45,,24.6,43.875,138.0,27.1,13.1,15.9838541666667,25.2954545454546,58.7,251.5,344.5,27.95,43.99,29.875,18.45,23.6425925925926,292.5,231.0,276.5,46.35,10.8542354235424,152.119047619048,,21.4,70.675,18.45,,345.95,229.7,19.4508928571429,14.55,109.142857142857,38.1,19.35,20.04,59.5,23.71,230.5,125.504098360656,26.15,41.65,78.1298245614035,168.5,56.6,83.0166666666667,67.8,224.5,59.8869565217391,10.8873170731707,106.5,162.5,26.15,23.515625,66.8,258.375,242.480769230769,178.08064516129,37.35,48.35,11.95,29.55,10.1460431654676,15.9,14.9666666666667,30.6459459459459,214.75,17.9,30.175,10.55,27.75,11.09375,10.4833333333333,11.25,18.4864864864865,44.3,43.9967741935484,9.87125,21.4972972972973,17.02,26.5619047619048,13.6,8.65571428571429,10.4,20.4299319727891,20.45375,320.0,81.9,4008.33333333333,74.8,160.5,82.5,109.5,44.65,21.1527777777778,239.326086956522,193.348484848485,10.4375,124.0,52.5,7.00833333333333,38.4481481481482,28.4333333333333,72.25,51.0,50.8,117.5,83.3727272727273,49.85,38.55,112.75,18.5821428571429,6.7548717948718,96.3147058823529,67.6846153846154,79.8610169491525,76.025,535.0,256.5,487.875,204.972222222222,108.360465116279,107.625,233.5,257.666666666667,36.75,197.0,150.0,86.45,153.0,47.2833333333333,68.65,100.5,46.9
37.5791666666667,37.0366666666667,73.147619047619,51.175,100.911764705882,74.9,10.55,39.2,104.5,29.65,34.9958333333333,352.0,193.5,18.6,120.666666666667,382.0,17.45,,24.6,43.853125,138.0,27.15,13.1,16.0101851851852,25.2954545454546,58.7,251.5,344.5,28.0,44.0,29.875,18.45,23.6425925925926,292.5,231.0,276.0,46.34375,10.8653846153846,152.25,,21.4328571428571,70.6958333333333,18.465,,346.021739130435,229.702380952381,19.4738095238095,14.525,109.5,38.1,19.3863636363636,20.0442307692308,59.5,23.71,230.166666666667,125.721153846154,26.1666666666667,41.6388888888889,78.1702127659574,168.2,56.55,83.0129032258065,67.7,224.5,59.85,10.8852791878173,106.5,162.0,26.15,23.515625,66.8,258.5,242.173076923077,178.0,37.35,48.35,11.95,29.55,10.1285714285714,15.9,14.98,30.63,214.75,17.9421052631579,30.15,10.5,27.71,11.1,10.45,11.25,18.49,44.2952380952381,43.9974719101124,9.87310344827586,21.475,17.0471698113208,26.5821428571429,13.5961538461538,8.654,10.4,20.4466346153846,20.4707317073171,320.0,81.9,4010.0,74.8,160.5,82.5944444444444,109.166666666667,44.65,21.15,239.071428571429,192.706349206349,10.4176470588235,123.6,52.44,7.0,38.5,28.4166666666667,72.275,51.0,50.825,117.5,83.4833333333333,49.8,38.55,113.0,18.575,6.74324675324675,96.6823863636364,67.6666666666667,79.9844444444444,76.05,535.0,256.25,489.5,204.857142857143,108.0,107.833333333333,234.0,257.75,36.75,197.0,150.166666666667,86.45,153.0,47.4,68.7,100.5,46.9
37.6,37.05,73.2,51.1,100.90625,74.825,10.55,39.1875,104.5,29.6285714285714,34.9875,352.0,192.704081632653,18.55,120.5,382.375,17.45,,24.6,43.825,138.0,27.15,13.1,16.0,25.2923913043478,58.7,251.75,344.5,28.0,44.0072916666667,29.875,18.45,23.6375,292.5,231.0,276.0,46.3,10.8511862396204,152.083333333333,,21.4098101265823,70.7926809864758,18.5,,345.965517241379,229.732558139535,19.4527777777778,14.5333333333333,109.5,38.10625,19.375,20.075,59.4785714285714,23.74,230.5,125.5,26.1875,41.65,78.2192660550459,168.041666666667,56.5809523809524,83.1347826086956,67.7,224.966666666667,59.8130434782609,10.8668724279835,106.826923076923,162.25,26.1,23.55,66.8,258.5,242.5,178.0,37.3625,48.35,11.95,29.5,10.109375,15.9,15.0,30.65,214.75,17.93,30.2,10.5,27.7,11.1,10.45,11.25,18.4977272727273,44.2705882352941,44.032380952381,9.87291666666667,21.4826530612245,17.0328571428571,26.584,13.6,8.66,10.3959558823529,20.4416666666667,20.467,320.0,81.825,4000.0,74.8,160.0,82.5944444444444,109.0,44.7,21.17,239.0,192.924836601307,10.4451612903226,123.5,52.4,7.0,38.45,28.4,72.2666666666667,51.0,50.8,117.5,83.5,49.85,38.5,113.0,18.555,6.74434782608696,96.8245901639344,67.6666666666667,79.7945945945946,76.0214285714286,535.0,256.5,490.416666666667,204.857142857143,107.965517241379,107.75,234.0,257.333333333333,36.75,196.5,150.166666666667,86.45,153.0,47.35,68.7625,100.5,46.9
37.6068181818182,37.0083333333333,73.2,51.2,100.891304347826,74.86,10.5625,39.2,104.612903225806,29.65,34.95,352.0,192.5,18.6,120.75,382.45,17.45,,24.6,43.84375,138.0,27.2,13.1,16.0003448275862,25.2894736842105,58.55,251.5,345.0,28.0,44.0,29.875,18.45,23.6375,292.5,231.0,276.0,46.31,10.8512903225806,152.05,,21.3983193277311,71.0273444347064,18.46875,,345.970588235294,229.612903225806,19.45,14.5045454545455,109.25,38.05,19.3490347490348,20.05,59.5916666666667,23.75,230.5,125.5,26.1954545454545,41.6923076923077,78.265,168.0,56.5706896551724,83.3416666666667,67.7,225.7,59.8375,10.8901583710407,106.518518518519,162.5,26.1,23.54375,66.8,258.458333333333,242.125,178.0,37.3527777777778,48.35,11.9772727272727,29.5,10.1206896551724,15.9,14.990625,30.65,214.75,17.94375,30.2,10.5,27.7375,11.0623853211009,10.45,11.26,18.46875,44.2871794871795,44.052427184466,9.87387096774193,21.48125,17.0111111111111,26.575,13.6,8.65084615384615,10.4,20.4291666666667,20.4588235294118,320.0,81.8,4005.0,74.8,160.0,82.648,109.153846153846,44.7352941176471,21.15,239.0,193.0,10.4366071428571,123.666666666667,52.4,7.0,38.45,28.4464285714286,72.21,51.0,50.8555555555555,117.5,83.625,49.8333333333333,38.5,112.666666666667,18.5857142857143,6.73385321100917,96.6291666666667,67.675,79.6555555555556,76.0375,535.0,256.5,491.083333333333,205.357142857143,108.0,107.5,234.0,256.5,36.8,196.522727272727,150.166666666667,86.45,153.0,47.3,68.7625,100.5,46.9
37.64375,37.0034090909091,73.1875,51.2,101.021246458924,74.85,10.5583333333333,39.18,104.98,29.6375,34.975,352.0,192.833333333333,18.5954545454545,120.75,382.5,17.5,,24.6,43.8475609756098,138.0,27.2,13.1,15.9911111111111,25.2885964912281,58.5,251.5,345.0,28.0,44.025,29.875,18.45,23.6375,292.5,231.0,276.0,46.325,10.85,152.46511627907,,21.4205882352941,71.127868852459,18.45,,345.243055555556,229.663636363636,19.4545454545455,14.51,109.053571428571,38.05,19.3375,20.05,59.7333333333333,23.75,230.5,126.142857142857,26.2,41.6666666666667,78.2192307692308,168.115384615385,56.578125,83.5720754716981,67.7,226.0,59.8684210526316,10.8683098591549,106.5,162.5,26.1,23.52,66.8,258.5,242.0,178.0,37.3421052631579,48.35,11.95,29.55,10.15,15.9,14.9772727272727,30.65,214.75,17.946875,30.2,10.5166666666667,27.7125,11.0575471698113,10.45,11.25,18.495,44.299358974359,44.094578313253,9.87620689655173,21.4889344262295,17.044,26.5944444444445,13.595,8.63966555183947,10.4,20.4361538461538,20.47,320.0,81.9,4000.0,74.8,159.575757575758,82.5,109.285714285714,44.75,21.15,239.0,192.64375,10.4354166666667,124.0,52.3666666666667,7.0,38.45,28.4961538461538,72.3,51.1,50.8055555555556,117.5,83.68125,49.8333333333333,38.45,113.0,18.57,6.73240506329114,96.6777777777778,67.6952380952381,79.6866666666667,76.0375,535.0,256.5,491.0,205.545454545455,108.0,107.833333333333,234.0,256.5,36.8,196.5,150.166666666667,86.4,153.0,47.45,68.8,100.5,46.9
37.6116666666667,37.00625,73.2,51.1,101.416666666667,74.9,10.6,39.18,104.875,29.64375,34.9666666666667,352.5,193.0,18.5954545454545,120.5,383.0,17.4875,,24.6,43.8583333333333,138.0,27.2,13.0833333333333,15.9860465116279,25.29375,58.5,251.5,345.0,28.0,44.0125,29.875,18.45,23.6375,292.5,231.0,276.5,46.35,10.8509615384615,152.083333333333,,21.4315217391304,71.0946524064171,18.46875,,345.283783783784,229.631901840491,19.4579545454545,14.53125,109.142857142857,38.05,19.3512345679012,20.05,59.6833333333333,23.75,230.5,126.666666666667,26.15,41.6625,78.2,168.0,56.6,83.805641025641,67.7,226.0,59.8279069767442,10.8703703703704,106.5,162.5,26.1,23.51,66.9,258.392857142857,242.166666666667,177.545454545455,37.3012820512821,48.35,11.9583333333333,29.5177631578947,10.15,15.9,14.975,30.6231343283582,214.5,17.91875,30.2,10.5166666666667,27.75,11.0924242424242,10.45,11.25,18.4888888888889,44.2903225806452,44.066875,9.87034482758621,21.4767045454545,17.0189393939394,26.6,13.5809523809524,8.64,10.4,20.4298245614035,20.4652777777778,320.0,81.9,4000.0,74.8,159.085526315789,82.5,109.025,44.75,21.1525,239.0,192.895348837209,10.4393617021277,123.625,52.268115942029,7.0,38.45,28.4967741935484,72.3,51.0,50.8,117.5,83.6947368421053,49.85,38.45,113.0,18.5760869565217,6.73,96.7428571428571,67.6777777777778,79.6625,76.1,535.0,256.6,491.5,205.978260869565,108.0,107.571428571429,233.5,256.5,36.7529411764706,196.5,150.166666666667,86.4,153.0,47.375,68.8,100.5,46.875
37.6409090909091,37.025,73.2,51.2,101.3,74.82,10.55,39.2090909090909,104.8,29.6181818181818,34.9666666666667,352.5,192.9,18.59375,120.5,383.0,17.5,,24.65,43.8961538461539,138.0,27.2,13.0833333333333,15.9869565217391,25.2907407407407,58.5,251.0,345.0,28.0,44.0125,29.875,18.45,23.6375,292.5,231.0,276.5,46.3272727272727,10.850365630713,152.045454545455,,21.3630434782609,71.0101449275362,18.495,,345.234375,229.673913043478,19.45,14.5004385964912,109.285714285714,38.05,19.3071428571429,20.0,59.7214285714286,23.7037414965986,230.5,127.267175572519,26.18984375,41.6642857142857,78.1285714285714,168.0,56.54,83.8995433789954,67.8,226.0,59.8933333333333,10.8732394366197,106.738095238095,162.5,26.1,23.5,66.9,258.166666666667,242.25,177.54,37.3012820512821,48.35,11.95,29.5571428571429,10.1823529411765,15.9,14.9931034482759,30.65,215.0,17.915,30.175,10.5166666666667,27.75,11.1,10.4545454545455,11.25,18.4818181818182,44.2998708010336,44.0716666666667,9.87051282051282,21.4937086092715,17.0320512820513,26.58125,13.6,8.65,10.4,20.4421875,20.4555555555556,320.0,81.8,3995.0,74.8,158.685185185185,82.5,109.15034965035,44.7941176470588,21.1974358974359,239.0,193.0,10.4476744186047,123.5,52.5707692307692,7.0,38.45,28.4916666666667,72.28,51.0439024390244,50.8,117.5,83.7191489361702,49.85,38.45,112.75,18.5517857142857,6.74,96.7862068965517,67.675,79.66,76.08,534.0,256.4,493.055555555555,206.0,107.9375,107.625,233.5,256.5,36.8,196.5,150.25,86.4,153.0,47.375,68.7,100.5,46.875
37.646875,37.0406779661017,73.2,51.15,101.357142857143,74.8166666666667,10.6,39.2090909090909,104.857142857143,29.6352941176471,34.9666666666667,352.5,193.5,18.59375,121.0,383.25,17.45,,24.65,43.9125,138.0,27.2,13.0833333333333,15.975,25.3,58.5,251.0,345.0,28.0,44.0,29.875,18.45,23.6375,292.5,231.0,276.5,46.3184210526316,10.863996763754,152.083333333333,,21.3028571428571,71.0037037037037,18.5,,345.472222222222,229.784090909091,19.4516447368421,14.4982,109.333333333333,38.05,19.3411764705882,20.0428571428571,59.7,23.675,230.5,127.222222222222,26.1833333333333,41.65,78.0875,168.5,56.5666666666667,84.1634020618557,67.7,225.833333333333,59.801282051282,10.8510638297872,106.9375,162.5,26.1,23.4875,66.9,258.428571428571,242.0,177.545454545455,37.2712121212121,48.35,11.95,29.55,10.15,15.9,14.95,30.6340909090909,215.0,17.95,30.2,10.5166666666667,27.75,11.1,10.5,11.25,18.4962025316456,44.2982558139535,44.0163265306122,9.87064516129032,21.5,17.0421052631579,26.57875,13.6,8.64046153846154,10.4016993464052,20.4309701492537,20.4681818181818,320.0,81.8,3996.25,74.8,158.916666666667,82.5,109.2,44.7666666666667,21.2,238.5,193.0,10.447,123.5,52.6,7.01,38.45,28.4911764705882,72.3,51.1,50.8,117.5,83.6388888888889,49.85,38.45,112.5,18.5642857142857,6.74266666666667,96.6354330708661,67.7,79.6,76.0411764705882,534.0,256.4,499.541666666667,206.827433628319,107.986111111111,107.833333333333,233.5,256.5,36.8,196.5,150.25,86.4,153.0,47.3,68.7571428571429,100.5,46.85
37.6380952380952,37.055,73.1923076923077,51.15,101.214285714286,74.9,10.5535714285714,39.2090909090909,105.0,29.6461538461538,34.9978260869565,352.5,193.5,18.6,120.8,384.0,17.45,,24.65,43.9375,138.0,27.2,13.1,15.9964285714286,25.3,58.5,251.0,345.0,28.0,44.0125,29.875,18.45,23.6375,292.5,230.5,276.0,46.3333333333333,10.86,152.147058823529,,21.30875,71.0,18.5,,345.55,229.742857142857,19.45,14.4854166666667,109.227272727273,38.05,19.3548387096774,20.0025641025641,59.7,23.675,230.5,126.909090909091,26.1944444444444,41.645,78.05,168.5,56.5666666666667,84.259649122807,67.716,225.833333333333,59.8,10.8571794871795,106.5,162.0,26.1,23.45,66.81,258.017857142857,242.047619047619,177.633333333333,37.25,48.4,11.9666666666667,29.5,10.1533854166667,15.9,14.9545454545455,30.65,215.014285714286,17.91,30.2,10.5166666666667,27.725,11.1,10.45,11.25,18.4986842105263,44.34,44.0293650793651,9.87702702702703,21.5145569620253,17.0410256410256,26.5621621621622,13.6,8.65,10.45,20.4425101214575,20.4788461538462,320.0,81.8,3996.25,74.8,159.0,82.5,109.125,44.7272727272727,21.2,238.5,193.136363636364,10.45,124.0,52.5,7.01,38.45,28.4954545454545,72.3,51.1,50.8,118.0,83.5,49.85,38.45,112.818181818182,18.5892857142857,6.75,96.3613636363636,67.6769230769231,79.6708333333333,76.1,534.0,256.5,502.0,207.779778393352,108.0,107.911764705882,234.5,256.5,36.8,196.5,150.5,86.4,153.0,47.3,68.7,100.5,46.9
37.6113636363636,37.1,73.2,51.2,101.0625,74.86,10.55,39.25,105.0,29.6333333333333,34.98,352.5,193.0,18.5785714285714,120.5,384.090909090909,17.45,,24.6,43.9111111111111,137.75,27.225,13.1,15.9848484848485,25.3,58.5,251.0,345.0,28.0,44.05,29.9,18.5,23.6375,292.5,230.5,276.0,46.325,10.8500892325996,152.2,,21.334375,71.0,18.4962962962963,,345.525,229.904255319149,19.45,14.4618644067797,109.083333333333,38.0833333333333,19.38125,20.0073170731707,59.7,23.65,230.5,126.265957446809,26.15,41.6131578947369,78.05,168.4375,56.5909090909091,84.3975460122699,67.7,225.833333333333,59.7766101694915,10.8601092896175,106.739130434783,162.4,26.1041666666667,23.4028846153846,66.8,257.789473684211,242.0,177.631578947368,37.2470588235294,48.4,11.95,29.5,10.1005649717514,15.9,14.9617647058824,30.65,215.014285714286,17.9357142857143,30.2,10.55,27.7,11.0925,10.45,11.25,18.4825,44.3423076923077,44.0376811594203,9.87055555555556,21.5166666666667,17.03375,26.5785714285714,13.6,8.65,10.45,20.4408536585366,20.4704545454545,320.0,81.8,3995.0,74.8,159.0,82.5333333333333,109.423076923077,44.7,21.2428571428571,239.016666666667,193.090909090909,10.45,123.75,52.5,7.0,38.45,28.5,72.3,51.1,50.8,117.5,83.55,49.85,38.45,112.9,18.5881578947368,6.73283018867924,96.1931034482758,67.68,79.6333333333333,76.025,534.0,257.0,499.5,208.0,108.0,107.625,234.5,256.5,36.8,196.5,150.166666666667,86.4,153.0,47.4,68.7,100.5,46.875
37.65,37.0628571428571,73.16,51.2,101.25,74.8583333333333,10.55,39.25,104.884615384615,29.65,34.9875,352.0,193.5,18.5785714285714,120.5,384.3125,17.4923076923077,,24.6,43.9166666666667,137.75,27.1,13.1,16.024,25.2981481481482,58.5,251.166666666667,345.0,27.9966666666667,44.009375,29.85,18.5,23.6375,292.5,230.5,276.0,46.3111111111111,10.85,152.435897435897,,21.396,70.9738095238095,18.4736842105263,,346.0,229.595238095238,19.4596153846154,14.4826086956522,109.3,38.0833333333333,19.35,20.0,59.7,23.6625,230.5,125.833333333333,26.15,41.6021126760563,78.0105263157894,168.4375,56.5,84.5668571428572,67.7153846153846,225.333333333333,59.7037037037037,10.8641176470588,106.657894736842,162.25,26.1,23.3833333333333,66.8,257.227272727273,242.0,177.993902439024,37.26,48.35,11.95,29.5,10.1440677966102,15.9,14.9625,30.64375,215.0,17.91875,30.2,10.5,27.75,11.1,10.45,11.25,18.4823529411765,44.3342105263158,44.0227272727273,9.87033898305085,21.5142857142857,17.0448717948718,26.5520408163265,13.6,8.64979591836735,10.4375,20.4307228915663,20.4632352941176,320.0,81.8,3995.0,74.8,159.1,82.7666666666667,109.42,44.7166666666667,21.2428571428571,239.166666666667,193.088235294118,10.4321428571429,123.6,52.5,7.0,38.405,28.475,72.3,51.1,50.8,117.0,83.6,49.85,38.45,112.6,18.559375,6.74,96.0317073170732,67.6285714285714,79.575,76.0111111111111,534.0,257.0,499.0,208.0,108.0,107.833333333333,234.0,256.5,36.8,197.0,150.166666666667,86.4,153.0,47.55,68.7,100.5,46.875
37.65,37.05,73.2,51.2,101.409090909091,74.9,10.55,39.25,105.0,29.6907894736842,34.9857142857143,352.166666666667,193.5,18.6,120.5,383.833333333333,17.45,,24.6,43.9027027027027,137.75,27.1,13.05,16.0014705882353,25.3,58.5,251.166666666667,344.5,28.0,44.0375,29.85,18.5,23.6375,292.5,230.5,276.0,46.3166666666667,10.8502647837599,152.222222222222,,21.4,71.0,18.5,,346.977272727273,229.598591549296,19.45,14.5,109.5,38.0833333333333,19.3532407407407,19.9887032085561,59.68,23.6666666666667,230.5,125.85,26.15,41.5857142857143,78.01,168.5,56.5857142857143,84.6023255813953,67.7153846153846,225.333333333333,59.6711111111111,10.8830409356725,106.535714285714,162.166666666667,26.1,23.395,66.8,257.428571428571,242.0,178.605072463768,37.25,48.35,11.9583333333333,29.5,10.1327586206897,15.9,14.9842105263158,30.6404362416107,215.0,17.9166666666667,30.2,10.5,27.7227272727273,11.1,10.45,11.25,18.495652173913,44.3257575757576,44.0181818181818,9.87612903225807,21.5071428571429,17.01125,26.5764705882353,13.6,8.64621621621622,10.4142857142857,20.4426315789474,20.4611111111111,320.0,81.8,3995.0,74.8,159.5,82.6333333333333,109.214285714286,44.8,21.2412698412698,239.5,193.640625,10.4196132596685,123.75,52.4416666666667,7.00833333333333,38.425,28.45,72.2666666666667,51.0,50.8772727272727,117.5,83.5625,49.85,38.5,113.0,18.5888888888889,6.74217391304348,96.0379310344828,67.6916666666667,79.6526315789474,76.0978260869565,534.0,256.5,499.0,208.0,107.961538461538,107.818181818182,234.0,256.25,36.8,197.0,150.166666666667,86.4,153.0,47.35,68.7,100.5,46.875
37.65,37.0510869565217,73.2,51.15,101.272727272727,74.8571428571428,10.58,39.2,105.0,29.705,34.9625,352.5,193.9,18.6,120.5,383.5,17.4666666666667,,24.6,43.8928571428572,138.0,27.1,13.05,16.0,25.3,58.5,251.0,344.5,28.0,44.04375,29.9,18.45,23.65,292.0,230.5,276.0,46.325,10.8552631578947,152.045454545455,,21.3934210526316,71.0106451612903,18.5,,347.369565217391,229.559523809524,19.5096153846154,14.5047619047619,109.5,38.05,19.35,19.9142857142857,59.6,23.7,230.5,126.51724137931,26.15,41.5926829268293,77.9770833333333,168.333333333333,56.5125,84.5735849056604,67.7153846153846,225.0,59.60625,10.8550802139037,106.655172413793,162.0,26.1,23.4,66.7,257.411764705882,242.105263157895,178.733720930233,37.2692307692308,48.35,11.95,29.5,10.15,15.9,14.9642857142857,30.6606060606061,215.0,17.9346153846154,30.2,10.5,27.7227272727273,11.097619047619,10.45,11.25,18.4872727272727,44.3104651162791,44.0,9.87227272727273,21.53,17.0218181818182,26.5648936170213,13.6,8.6458,10.4333333333333,20.435,20.4734375,320.0,81.8,3995.0,74.87,159.25,82.6,109.181818181818,44.7235294117647,21.24,239.166666666667,193.875,10.4176056338028,124.0,52.5,7.00833333333333,38.4,28.45,72.3,51.0884615384615,50.8983050847458,117.5,83.5064935064935,49.9,38.5,112.5,18.5863636363636,6.73521739130435,96.0764705882353,67.6909090909091,79.6,76.125,534.0,256.5,499.0,208.0,108.0,107.884615384615,234.0,256.25,36.79,197.0,150.166666666667,86.4,153.0,47.35,68.7,100.5,46.875
37.6866666666667,37.0833333333333,73.1285714285714,51.15,101.166666666667,74.8285714285714,10.5998589562764,39.1925,104.666666666667,29.7,35.0,352.0,193.9,18.575,120.5,383.625,17.45,,24.6,43.85,138.0,27.1,13.05,15.9954545454545,25.2987012987013,58.5,251.0,344.5,28.0,44.0291666666667,29.9,18.45,23.65,292.0,230.5,276.0,46.35,10.8502736512901,152.0625,,21.3853448275862,71.0555555555556,18.5,,347.375,229.533333333333,19.5159090909091,14.55,109.1875,38.0857142857143,19.35,19.9483333333333,59.7,23.675,230.5,126.666666666667,26.1,41.5454545454545,77.9875,168.45,56.6,84.3885714285714,67.7153846153846,225.0,59.6,10.8856209150327,106.605263157895,162.0,26.1454545454545,23.4,66.7,257.0,242.0,178.357142857143,37.25,48.4,11.9552631578947,29.5,10.1512195121951,15.9,14.9526315789474,30.6738095238095,214.5,17.92,30.2,10.55,27.7,11.1,10.4583333333333,11.2727272727273,18.4870967741936,44.35,44.0320512820513,9.87294117647059,21.5462441314554,17.0346153846154,26.5963636363636,13.6,8.65,10.45,20.4200757575758,20.4652777777778,320.0,81.8,3995.0,74.8666666666667,159.5,82.8,109.15,44.8,21.215,239.0625,193.7,10.4433734939759,124.0,52.5857142857143,7.00833333333333,38.4,28.4,72.3,51.03,51.0,117.5,83.4,49.9,38.5,113.0,18.5818181818182,6.73742857142857,96.1846153846154,67.7,79.575,76.1,534.0,256.5,499.0,208.0,108.0,108.0,234.0,256.25,36.7875,197.0,150.166666666667,86.4,153.0,47.35,68.7,100.5,46.875
37.675,37.1,73.1571428571429,51.2,101.071428571429,74.8333333333333,10.6895494579946,39.15,104.9375,29.7,35.0,352.0,194.0,18.6,120.5,384.5,17.45,,24.6,43.8532258064516,138.0,27.1,13.05,16.0,25.3,58.6,251.0,344.5,28.0,44.1,29.9,18.45,23.65,292.0,230.5,276.0,46.325,10.8510373443983,152.055555555556,,21.35,71.09375,18.5,,346.964285714286,229.534482758621,19.5,14.55,109.486486486486,38.1,19.3375,20.0,59.7090909090909,23.675,230.0,126.526315789474,26.1,41.5321428571429,78.1326086956522,168.519230769231,56.5315789473684,84.3942857142857,67.74,225.0,59.65,10.90337995338,106.9375,162.0,26.15,23.4625,66.7,257.125,241.977272727273,178.45652173913,37.2555555555556,48.4,11.96,29.5,10.15,15.9,14.95,30.7,214.5,17.9333333333333,30.2,10.55,27.75,11.0964285714286,10.45,11.25,18.4875,44.3,44.0035353535354,9.8709756097561,21.5377777777778,17.0222222222222,26.5786885245902,13.6018518518519,8.64888888888889,10.4222222222222,20.4321917808219,20.4709302325581,320.0,81.8,3995.0,74.9,159.5,82.8,109.153846153846,44.7772727272727,21.2,239.5,193.52380952381,10.4393442622951,123.583333333333,52.6,7.0,38.4,28.4,72.3,51.1,50.9375,117.5,83.4909090909091,49.9,38.5,112.75,18.5974025974026,6.72113821138211,96.278947368421,67.6818181818182,79.504347826087,76.125,534.0,256.5,499.0,208.0,108.0,107.777777777778,234.0,256.25,36.7785714285714,197.0,150.166666666667,86.4,153.0,47.5166666666667,68.70625,100.5,46.875
37.665,37.0817073170732,73.1777777777778,51.2,101.136363636364,74.9,10.7,39.15,104.785714285714,29.7,35.0,353.0,193.785714285714,18.6,120.5,384.5,17.475,,24.6,43.8939655172414,138.0,27.1,13.1,16.0,25.3,58.6,251.0,344.5,28.0,44.1,29.9,18.5,23.6666666666667,292.0,230.5,275.5,46.3238095238095,10.8504854368932,152.0,,21.35,71.0197916666667,18.5,,346.517857142857,229.741758241758,19.5157894736842,14.5388888888889,110.0,38.05,19.3625,20.0002262443439,59.7066666666667,23.675,230.0,126.4375,26.1,41.5047619047619,78.2066666666667,168.98,56.5076923076923,84.2636363636363,67.8,225.0,59.65,10.9222694174757,106.593023255814,162.0,26.15,23.5,66.7,257.058139534884,241.5,178.315789473684,37.3,48.4,11.955,29.5028846153846,10.1585365853659,15.9,14.9558823529412,30.65,214.5,17.95,30.2,10.55,27.7,11.0571428571429,10.45,11.2884615384615,18.4956647398844,44.3,44.0060344827586,9.87733333333333,21.5333333333333,17.0284090909091,26.566393442623,13.6,8.64625,10.45,20.44575,20.45,320.0,81.8,3995.0,74.9,159.5,82.6,109.442307692308,44.8,21.225,239.1875,193.5,10.4329113924051,123.833333333333,52.5142857142857,7.0,38.4,28.3708333333333,72.3,51.1333333333333,50.9,117.5,83.45,49.95,38.5,112.75,18.571875,6.72962962962963,96.1892857142857,67.6818181818182,79.45,76.1666666666667,534.0,256.5,499.0,208.0,108.0,107.833333333333,234.0,257.0,36.8,197.0,150.166666666667,86.4,153.0,47.5166666666667,68.7111111111111,100.5,46.875
37.65,37.1,73.2,51.2,101.166666666667,74.9,10.7,39.15,104.75,29.7,34.95,352.5,193.833333333333,18.5875,121.0,384.125,17.4697368421053,,24.6,43.925,138.0,27.1,13.1,16.0,25.298,58.6,251.0,344.5,28.0,44.1,29.9,18.5,23.6666666666667,292.0,230.5,275.5,46.33,10.8537037037037,152.347222222222,,21.35,71.0238095238095,18.4625,,346.533333333333,229.549019607843,19.5,14.5131578947368,110.0,38.05,19.35,20.04375,59.8,23.6571428571429,230.5,126.0,26.1,41.5470588235294,78.1571428571429,169.0,56.59,84.2205882352941,67.7,224.5,59.65,10.9157894736842,106.52380952381,162.0,26.15,23.5,66.7,257.1875,241.5,178.136363636364,37.3023809523809,48.35,11.95,29.55,10.15,15.9,14.9666666666667,30.65,214.5,17.925,30.15,10.5,27.73125,11.0611842105263,10.45,11.25,18.48125,44.315625,43.9982283464567,9.87042553191489,21.53,17.0444915254237,26.5935779816514,13.6111111111111,8.64994805194805,10.4423076923077,20.4405333333333,20.4708333333333,320.0,81.8,3990.0,74.9,159.5,82.6,109.25,44.7,21.2125,239.071428571429,193.5,10.4142857142857,124.541262135922,52.6,7.0,38.4,28.3375,72.3,51.1166666666667,50.9,117.5,83.4666666666667,49.95,38.5,112.6,18.5916666666667,6.726,96.15,67.7,79.4,76.16,534.0,256.5,499.0,208.0,107.916666666667,107.972222222222,234.0,256.5,36.8013513513513,197.0,150.333333333333,86.4,153.0,47.525,68.6142857142857,100.833333333333,46.85
37.6365384615385,37.0954545454545,73.2,51.2,101.214285714286,74.85,10.7,39.15,104.833333333333,29.7,34.9583333333333,352.5,194.0,18.5857142857143,120.5,384.544642857143,17.4777777777778,,24.65,43.9416666666667,138.0,27.1,13.05,16.0,25.2988095238095,58.6,251.0,344.0,28.0,44.1,29.9,18.45,23.6666666666667,292.0,230.5,275.5,46.3125,10.8526315789474,152.0625,,21.3527027027027,71.0009090909091,18.5,,346.921052631579,229.577777777778,19.5,14.5333333333333,109.6,38.1,19.3515625,20.02,59.7,23.6666666666667,230.5,126.166666666667,26.1,41.55,78.1111111111111,168.958333333333,56.6,84.3103448275862,67.7,224.5,59.6214285714286,10.9053571428571,106.694444444444,162.125,26.1,23.45,66.8,256.978571428571,241.5,178.5,37.325,48.4,11.94200968523,29.55,10.15,15.9,14.9714285714286,30.6557142857143,215.0,17.95,30.15,10.5,27.75,11.0941176470588,10.45,11.275,18.49,44.3,43.9526315789474,9.8752,21.5176470588235,17.0466292134831,26.5675675675676,13.65,8.66,10.45,20.434375,20.4661290322581,320.0,81.8,3996.66666666667,74.9,159.333333333333,82.6,109.222222222222,44.6461538461538,21.2166666666667,239.333333333333,193.4125,10.4304597701149,125.061643835616,52.5166666666667,7.0,38.40625,28.25,72.2857142857143,51.1076923076923,50.88,117.5,83.4190476190476,49.95,38.5,112.6,18.575,6.72336734693878,96.1837209302326,67.72,79.4,76.1333333333333,534.0,256.0,499.0,208.0,107.916666666667,108.020547945205,234.0,256.0,36.85,196.875,150.5,86.4,153.0,47.525,68.6,100.833333333333,46.9
37.65,37.0556034482759,73.1888888888889,51.2,101.071428571429,74.8125,10.7076642335766,39.15,104.75,29.7261904761905,35.0,352.0,194.285714285714,18.6,121.0,385.583333333333,17.4777777777778,,24.6428571428571,43.9333333333333,138.0,27.1,13.05,16.0,25.296875,58.6,251.333333333333,344.5,28.0,44.0681818181818,29.9,18.5,23.6666666666667,292.0,230.5,275.5,46.3115384615385,10.8625,152.192307692308,,21.375,71.045,18.5,,347.065476190476,229.5,19.4966666666667,14.5,109.75,38.1,19.35,20.0333333333333,59.7,23.66,230.5,126.5,26.15,41.6083665338645,78.05,169.0,56.6,84.34,67.7,224.5,59.7,10.9021739130435,106.605263157895,162.0,26.068253968254,23.45,66.8,256.944444444444,241.5,178.481481481482,37.2833333333333,48.3583333333333,11.9,29.54,10.15,15.9,14.9503144654088,30.7,215.0,17.9045454545455,30.15,10.5,27.7125,11.0905797101449,10.45,11.2833333333333,18.4758064516129,44.3,43.9790178571429,9.87117647058823,21.535,17.0,26.5945454545455,13.65,8.66172413793103,10.45,20.435,20.4902173913044,320.0,81.8,3996.66666666667,74.82,159.078947368421,82.6,109.153846153846,44.625,21.25,239.108108108108,193.25,10.4436170212766,125.0,52.5166666666667,7.0,38.40625,28.25,72.3,51.15,50.6684981684982,117.5,83.3933333333334,50.0363636363636,38.5,112.75,18.57,6.72666666666667,96.275,67.7928571428571,79.3,76.1,534.0,256.0,500.0,208.0,107.5,108.136363636364,234.0,256.0,36.8125,197.0,150.25,86.4,153.0,47.525,68.6,100.5,46.9
37.6714285714286,37.0321428571429,73.2,51.2,101.125,74.85,10.7014285714286,39.1,104.75,29.75,34.98,352.0,194.0,18.575,120.5,385.885416666667,17.4777777777778,,24.6428571428571,43.9035714285714,138.0,27.1,13.1,15.9652173913043,25.2916666666667,58.6,251.5,344.5,28.0,44.1,29.9,18.45,23.6666666666667,292.0,230.5,275.0,46.3153846153846,10.8807692307692,152.0,,21.3596153846154,71.0375,18.4974358974359,,348.148293963255,229.538461538462,19.5390243902439,14.5,110.0,38.05,19.35,20.05,59.7,23.7,230.5,126.5,26.15,41.6425531914894,78.0727272727273,168.9625,56.6,84.3904761904762,67.7,225.0,59.605504587156,10.9,106.547619047619,162.0,26.075,23.5,66.8,256.708333333333,241.7,178.950495049505,37.2957142857143,48.3583333333333,11.948093220339,29.5416666666667,10.15,15.9,14.9524336283186,30.65,215.0,17.92,30.15,10.55,27.7166666666667,11.0669642857143,10.45,11.2794117647059,18.4858208955224,44.3020833333333,43.9625,9.87375,21.5357142857143,17.019696969697,26.5884615384615,13.65,8.67,10.4115384615385,20.4110062893082,20.4633333333333,320.0,81.775,3995.0,74.875,159.5,82.6,109.1875,44.6,21.25,239.0,193.105263157895,10.4352941176471,125.0,52.5,6.99,38.4,28.2,72.275,51.125,50.4419889502762,117.5,83.35,50.1,38.55,113.0,18.59,6.72521739130435,96.3,67.7933333333333,79.3,76.1,534.0,256.5,500.333333333333,208.0,107.5,108.5,234.0,256.0,36.8,197.0,150.0,86.4,153.0,47.5,68.5285714285714,100.5,46.9
37.6,37.0458333333333,73.192,51.3,101.153846153846,74.84,10.7,39.1,105.0,29.7342105263158,34.98,352.0,194.5,18.55,120.464285714286,385.285714285714,17.4961538461538,,24.6428571428571,43.9,138.0,27.1,13.1,15.99375,25.2833333333333,58.6,251.5,344.5,28.0,44.1,29.9,18.45,23.65,292.0,230.5,275.0,46.3166666666667,10.8641025641026,152.359375,,21.35,71.0189189189189,18.46,,348.378504672897,229.681818181818,19.5,14.5,110.0,38.1,19.35,20.0,59.7,23.675,230.0,126.518518518519,26.15,41.663202247191,78.1,169.348101265823,56.5529411764706,84.5197368421052,67.7,225.0,59.6833333333333,10.9280555555556,106.642857142857,163.215384615385,26.0928571428571,23.45,66.8,256.975,241.5,179.0,37.3,48.3583333333333,11.9294117647059,29.54,10.15,15.9,14.946644295302,30.6545454545454,215.0,17.91875,30.2,10.5045454545455,27.7,11.075,10.45,11.25,18.4934782608696,44.2968518518519,43.9964285714286,9.87,21.5181818181818,17.0452127659574,26.5913461538462,13.6071428571429,8.67,10.45,20.4146739130435,20.4936046511628,320.0,81.7,3990.0,74.8666666666667,159.5,82.7,109.125,44.5472602739726,21.25,239.0,193.25,10.4398305084746,125.166666666667,52.5125,6.999,38.405,28.18,72.3,51.2,50.2720720720721,117.5,83.35,50.1,38.55,112.666666666667,18.6,6.735,96.42,67.8392857142857,79.3,76.0846153846154,534.0,256.5,498.5,208.0,107.5,108.35,233.875,256.0,36.8166666666667,197.0,150.0,86.4,153.0,47.5,68.5,100.5,46.9
37.6083333333333,37.0321428571429,73.1857142857143,51.3,101.142857142857,74.8166666666667,10.7,39.1,104.604166666667,29.7083333333333,35.0214285714286,352.0,194.0,18.55,120.5,385.4,17.45,,24.6428571428571,43.9031914893617,138.0,27.1,13.1,16.0,25.2966666666667,58.6,252.0,344.5,28.0,44.0966666666667,29.85,18.45,23.65,292.0,230.5,275.0,46.3166666666667,10.8826086956522,152.227272727273,,21.35,71.0883392226148,18.46875,,348.354700854701,229.581081081081,19.50625,14.5,109.875,38.1,19.3583333333333,20.0,59.7,23.65,230.0,126.666666666667,26.1357142857143,41.65,78.1595238095238,169.222222222222,56.5307692307692,84.681052631579,67.7,225.0,59.6739130434783,10.9013888888889,106.564516129032,163.5,26.1,23.45,66.8,256.708333333333,241.714285714286,179.0,37.2785714285714,48.375,11.9285714285714,29.55,10.15,15.9,14.95,30.6545454545454,215.0,17.93,30.15,10.5045454545455,27.7117647058824,11.0659090909091,10.45,11.25,18.4714285714286,44.2879310344827,44.0076086956522,9.87,21.5176470588235,17.0344827586207,26.594,13.65,8.66860465116279,10.4166666666667,20.4229885057471,20.4576923076923,320.0,81.7,3995.0,74.9,159.166666666667,82.7285714285714,109.166666666667,44.478125,21.2416666666667,238.75,193.4,10.4306451612903,125.782608695652,52.4571428571429,7.0,38.4,28.1666666666667,72.3,51.2025,50.3368932038835,117.5,83.3777777777778,50.15,38.55,113.0,18.57,6.74,96.5027777777778,67.9,79.365,76.03,534.0,256.5,498.5,208.0,107.5,108.35,233.5,256.0,36.815625,197.0,150.333333333333,86.3666666666667,153.0,47.5,68.5,100.5,46.9
37.65,37.0472222222222,73.2,51.3,101.208333333333,74.8071428571428,10.6977272727273,39.1,104.615384615385,29.75,35.0214285714286,352.0,194.0,18.5916666666667,120.375,385.472222222222,17.5,,24.6428571428571,43.875,138.0,27.1,13.1,15.998,25.2961538461538,58.6,252.5,344.5,28.0,44.0833333333333,29.9,18.45,23.6447368421053,292.0,230.5,275.0,46.3076923076923,10.8704545454545,152.041666666667,,21.325,71.109900990099,18.5,,347.615384615385,229.554347826087,19.5,14.5,109.571428571429,38.1,19.35,20.05,59.7,23.6507142857143,230.0,127.053398058252,26.1,41.698275862069,78.1933333333333,169.4,56.55,84.7,67.75,225.0,59.6,10.9063725490196,106.538461538462,163.632911392405,26.1,23.4979166666667,66.8,257.0,241.5,178.945652173913,37.2535714285714,48.35,11.93,29.5115384615385,10.2,15.9,14.9598039215686,30.7,215.0,17.9333333333333,30.15,10.5,27.70625,11.0969696969697,10.45,11.25,18.49,44.2714285714286,44.0142857142857,9.86826506024096,21.5194444444445,17.035,26.5834951456311,13.6307692307692,8.67,10.4423076923077,20.4342657342657,20.46,320.0,81.8,3995.0,75.0029850746268,159.25,82.8428571428571,109.37037037037,44.55,21.2428571428571,239.0,193.166666666667,10.4228571428571,125.9,52.55,7.0,38.45,28.1642857142857,72.2833333333333,51.2,50.4416666666667,117.5,83.3133333333333,50.1,38.55,112.625,18.5769841269841,6.73875,96.4933333333333,67.9923076923077,79.3833333333333,76.0571428571428,534.0,256.25,498.5,208.0,108.0,108.25,233.5,255.928571428571,36.8115384615385,196.875,150.333333333333,86.3666666666667,153.0,47.5,68.5866666666667,100.5,46.9
37.6,37.0488636363636,73.2,51.325,101.1,74.85,10.7,39.1,104.7,29.739,35.0,352.0,194.0,18.5916666666667,120.5,386.7,17.45,,24.6428571428571,43.875,138.0,27.1,13.05,16.0,25.3,58.6,252.416666666667,344.5,28.0,44.0625,29.9,18.45,23.65,292.0,230.5,275.0,46.3,10.8807228915663,152.357142857143,,21.3560975609756,71.1,18.5,,347.931818181818,229.608695652174,19.5,14.51,109.857142857143,38.1,19.35625,20.05,59.7,23.7,230.0,127.205882352941,26.1,41.6537313432836,78.1666666666667,169.421052631579,56.6,84.725,67.7,224.5,59.608,10.9040229885057,106.533333333333,164.0,26.1,23.4875,66.8,257.0,241.5,178.8,37.3,48.3625,11.925,29.5375,10.1583333333333,15.9,14.95,30.7,215.0,17.93125,30.15,10.55,27.7035714285714,11.0875,10.45,11.2625,18.4852941176471,44.26875,44.0319444444444,9.86,21.5461538461538,17.0227272727273,26.6,13.6,8.66930232558139,10.4285714285714,20.4224489795918,20.4583333333333,320.0,81.8,3991.66666666667,75.0923076923077,159.375,82.87,109.214285714286,44.55,21.25,239.166666666667,193.2,10.4460674157303,126.065217391304,52.5,7.0,38.4,28.1666666666667,72.275,51.1172413793104,50.4538461538462,117.5,83.3666666666667,50.1,38.55,112.9375,18.5936363636364,6.72941176470588,96.52,67.996,79.4965517241379,76.0,534.0,256.25,498.5,208.0,108.052631578947,108.4375,234.5,255.928571428571,36.8,196.8,149.808823529412,86.3666666666667,153.0,47.5,68.6333333333333,100.5,46.9
37.589705882353,37.0515625,73.2,51.325,101.208333333333,74.9,10.7,39.1,104.921052631579,29.7380952380952,34.975,352.5,193.822580645161,18.55,120.5,388.865671641791,17.49375,,24.6428571428571,43.9,138.0,27.1,13.1,16.0,25.294,58.6,253.25,344.5,28.0,44.1225274725275,29.85,18.45,23.65,292.0,230.5,275.0,46.3,10.8963333333333,152.171875,,21.3003246753247,71.1161290322581,18.4625,,347.621621621622,229.746913580247,19.4993243243243,14.525,109.75,38.0857142857143,19.3892857142857,20.0111111111111,59.7,23.65,230.0,126.9,26.1285714285714,41.66875,78.1857142857143,169.0,56.5333333333333,84.693023255814,67.7,224.7,59.64,10.9112021857924,106.521739130435,163.461538461538,26.1,23.459375,66.8,257.416666666667,241.978260869565,178.882352941176,37.2794117647059,48.3625,11.9166666666667,29.5375,10.2,15.9,14.9505494505494,30.6909090909091,215.0,17.925,30.15,10.55,27.7023255813953,11.0966666666667,10.45,11.25,18.4804347826087,44.275,44.0289473684211,9.86052631578947,21.5,17.0328947368421,26.6,13.6,8.66155555555556,10.45,20.4367647058824,20.4666666666667,320.0,81.8,3991.66666666667,75.0333333333333,159.5,82.8375,109.307692307692,44.5,21.25,239.5,193.013513513514,10.4192307692308,126.0,52.5,7.0,38.4,28.2,72.3,51.0066666666667,50.3507142857143,117.5,83.2966666666667,50.1,38.55,112.666666666667,18.5820512820513,6.73,96.5,67.9636363636364,79.5133333333333,76.025,534.0,256.5,498.5,208.0,108.333333333333,108.25,234.0,255.625,36.8,196.75,149.808823529412,86.3666666666667,153.0,47.6083333333333,68.6333333333333,100.5,46.9
37.6,37.096875,73.1357142857143,51.4,101.230769230769,74.8666666666667,10.6958333333333,39.1357142857143,104.95,29.7380952380952,34.95,352.375,194.0,18.6,120.0,386.916666666667,17.49375,,24.65,43.8833333333333,138.0,27.1,13.1,15.9772727272727,25.2990476190476,58.6,253.96875,344.5,28.0,44.196875,29.85,18.475,23.65,292.0,230.5,276.0,46.3,10.8947368421053,152.0625,,21.3,71.1561403508772,18.5,,347.521739130435,229.507246376812,19.5,14.5071428571429,109.5,38.05,19.35,20.0,59.7,23.6361111111111,230.0,126.833333333333,26.1,41.65,78.1421052631579,168.5,56.5056603773585,84.7830508474576,67.7,224.7,59.6,10.9009803921569,106.883333333333,163.921052631579,26.1,23.459375,66.8777777777778,257.175,242.037037037037,178.934782608696,37.2944444444445,48.4,11.9,29.54,10.1833333333333,15.9,14.95,30.668,215.0,17.925,30.175,10.55,27.7,11.095,10.45,11.25,18.4776315789474,44.2810344827586,44.0190476190476,9.86137931034483,21.5037037037037,17.03125,26.5966666666667,13.625,8.66076923076923,10.4112903225806,20.4153846153846,20.46,320.0,81.8,3997.5,75.0045454545455,159.5,82.9,109.115384615385,44.5,21.25,239.0,193.0,10.4035714285714,126.0,52.5,7.0,38.40625,28.1916666666667,72.3,51.0066666666667,50.3272727272727,117.5,83.2916666666667,50.2,38.55,112.5,18.6,6.72,96.5130434782609,68.0,79.5870967741935,76.0,534.0,257.0,498.5,208.0,108.125,108.333333333333,233.0,256.0,36.8063725490196,196.75,149.5,86.3666666666667,153.0,47.7,68.6333333333333,100.5,46.9
37.6192307692308,37.1,73.2,51.36,101.428571428571,74.825,10.675,39.15,105.0,29.725,34.95,352.5,194.0,18.6,120.0,385.5,17.4642857142857,,24.65,43.875,138.0,27.15,13.1,16.0,25.3,58.6,253.348484848485,344.0,28.0,44.2055,29.85,18.475,23.65,292.0,230.5,276.0,46.3375,10.8936842105263,152.18,,21.2714285714286,71.1241379310345,18.45,,347.571428571429,229.536231884058,19.5028571428571,14.5166666666667,109.59375,38.075,19.3583333333333,20.0,59.7,23.65,230.0,127.0,26.125,41.7,78.1324324324324,168.5,56.6,84.7137931034483,67.7333333333333,224.7,59.7010152284264,10.9,106.633333333333,163.911764705882,26.1,23.4571428571429,66.8777777777778,257.0,242.0,178.744897959184,37.2969696969697,48.4,11.9,29.5375,10.1412408759124,15.9,14.95,30.6260674157303,215.0,17.925,30.175,10.55,27.7357142857143,11.0875,10.45,11.25,18.4795918367347,44.2857142857143,44.0064102564103,9.86015873015873,21.5012195121951,17.0361111111111,26.5907407407407,13.65,8.66130630630631,10.4357142857143,20.4207547169811,20.4833333333333,320.0,81.8,4000.0,75.1903225806452,159.5,82.9,109.136363636364,44.5,21.25,239.5,193.0,10.433064516129,126.0,52.45625,6.99,38.425,28.1547619047619,72.3,50.99,50.4,118.0,83.3833333333333,50.2,38.55,112.666666666667,18.6,6.71246575342466,96.45,68.0,79.5,76.0,534.0,257.0,498.0,208.0,108.416666666667,108.277777777778,233.0,256.0,36.8,197.0,149.5,86.3666666666667,153.0,47.7,68.6071428571429,100.5,46.9
37.6433333333333,37.128617363344,73.2,51.3047619047619,101.192307692308,74.825,10.6875,39.1,104.857142857143,29.7227272727273,35.0,352.5,193.5,18.6,120.166666666667,385.964285714286,17.45,,24.65,43.875,138.0,27.2,13.1,16.0,25.2987951807229,58.6,253.0,344.0,28.0,44.285,29.85,18.4791666666667,23.65,292.0,230.5,276.0,46.33,10.8816901408451,152.0,,21.3,71.1340909090909,18.4833333333333,,347.583333333333,229.503752345216,19.5,14.5,109.571428571429,38.05,19.35,20.03,59.7,23.6038461538462,230.0,127.0,26.1,41.6833333333333,78.168,168.979452054795,56.504,84.3688888888889,67.74,224.7,59.71,10.9032407407407,106.698113207547,163.75,26.1,23.45,66.8777777777778,257.0,242.088235294118,178.704545454545,37.2714285714286,48.4,11.9,29.5375,10.15,15.9,14.9104166666667,30.6511627906977,214.880952380952,17.94,30.175,10.55,27.7,11.0964285714286,10.45,11.25,18.4697674418605,44.27,44.0108695652174,9.86769230769231,21.5413793103448,17.038,26.5680555555556,13.6,8.65921875,10.45,20.4098039215686,20.4642857142857,319.75,81.8,4000.0,75.1642857142857,159.333333333333,82.9,109.166666666667,44.5,21.245,239.5,192.914285714286,10.4302631578947,125.972222222222,52.5,6.99018867924528,38.4,28.1894736842105,72.3,50.9,50.325,118.008474576271,83.3333333333333,50.1,38.5,112.625,18.5982142857143,6.71622641509434,96.4411764705882,67.9875,79.5,76.0222222222222,534.0,257.0,498.0,208.0,108.5,108.3125,233.0,255.078947368421,36.7526315789474,197.0,149.5,86.3666666666667,153.0,47.675,68.6071428571429,100.5,46.9
37.65,37.0884615384615,73.2,51.3,101.111111111111,74.8636363636364,10.65,39.15,104.916666666667,29.7166666666667,34.9666666666667,352.5,193.875,18.6,120.0,386.21875,17.45,,24.65,43.8833333333333,138.0,27.2,13.1,15.996875,25.3425742574257,58.6,253.0,344.0,28.0,44.3125,29.85,18.49,23.65,292.0,230.5,276.0,46.3461538461539,10.884375,152.166666666667,,21.3,71.159649122807,18.5,,347.357142857143,229.22972972973,19.5,14.5,109.533333333333,38.1,19.35,20.0,59.7,23.6038461538462,230.0,127.234848484848,26.15,41.6857142857143,78.1888888888889,168.5,56.5111111111111,84.275,67.74,224.5,59.7625,10.9117647058824,106.75,163.986111111111,26.1,23.45,66.8,257.0,242.0,178.5,37.2772727272727,48.35,11.91,29.5115384615385,10.15,15.9,14.9076923076923,30.6504672897196,214.880952380952,17.92,30.15,10.55,27.7036363636364,11.0849056603774,10.45,11.28125,18.4660714285714,44.25,44.0,9.86105263157894,21.5,17.0027334851936,26.5864864864865,13.6,8.66,10.41,20.421546961326,20.4933333333333,320.0,81.8,3990.0,75.26,159.25,82.9,109.5,44.55,21.2416666666667,239.5,193.0,10.4431818181818,126.0,52.5,6.99018867924528,38.45,28.15,72.3,50.8333333333333,50.3578947368421,118.971153846154,83.3285714285714,50.1,38.5166666666667,112.666666666667,18.58125,6.71235294117647,96.5527027027027,68.0111111111111,79.4857142857143,76.025,534.0,256.5,498.0,208.0,108.076923076923,108.4375,233.0,254.0,36.75,196.75,149.0,86.3666666666667,153.0,47.675,68.6,100.5,46.9
37.6214285714286,37.2,73.2,51.4,101.125,74.9,10.65,39.15,105.0,29.71875,34.95,352.5,194.0,18.6,120.0,386.5,17.45,,24.65,43.875,138.0,27.2,13.0875,15.9833333333333,25.35,58.6,253.1,344.0,28.0,44.3625,29.9,18.45,23.65,292.0,230.5,276.0,46.3107142857143,10.8876543209877,152.315789473684,,21.3,71.146875,18.5,,347.19512195122,229.131578947368,19.4992857142857,14.5,109.6,38.05,19.35,20.0063829787234,59.7,23.65,230.0,127.509090909091,26.15,41.7,78.2,168.75,56.5846153846154,84.5730769230769,67.7,224.5,59.8,10.9007462686567,106.5,164.685863874346,26.0975,23.4625,66.8,257.013513513513,242.0,179.199421965318,37.25,48.3625,11.9214285714286,29.54,10.1016613076099,15.9,14.9109375,30.6375,214.5,17.9214285714286,30.15,10.53,27.702380952381,11.1,10.45,11.25,18.4716216216216,44.25,44.01,9.864375,21.52,17.0141025641026,26.5875,13.6,8.66448275862069,10.4463302752294,20.4101265822785,20.4962264150943,320.0,81.8,4000.0,75.3810344827586,159.5,82.9,109.192307692308,44.60625,21.23,239.5,192.640625,10.4486979166667,126.0,52.5,6.99,38.4076923076923,28.15,72.3,50.9,50.3714285714286,119.433333333333,83.38,50.0,38.5,112.619047619048,18.5760869565217,6.71089068825911,96.6,68.00625,79.4,76.0375,534.0,256.5,500.0,208.0,108.01724137931,108.285714285714,233.0,254.5,36.7166666666667,196.857142857143,149.018518518519,86.3666666666667,153.0,47.675,68.6,100.5,46.9
37.6,37.1782608695652,73.1888888888889,51.4,101.181818181818,74.87,10.7,39.1166666666667,104.7,29.75,34.9833333333333,352.5,194.0,18.6,120.0,386.075,17.4833333333333,,24.65,43.8833333333333,138.0,27.2,13.0875,16.0130434782609,25.3194444444444,58.6,253.166666666667,344.0,28.0,44.3694444444445,29.9,18.45,23.65,292.0,230.5,276.0,46.325,10.8894736842105,152.142857142857,,21.3,71.1181818181818,18.5,,347.0,229.048780487805,19.5,14.4989528795812,109.5,38.075,19.35,20.0,59.7555555555555,23.65,230.0,127.8,26.15,41.6875,78.15,168.875,56.5857142857143,84.3375,67.7333333333333,224.5,59.7006535947713,10.9008426966292,106.5,165.0,26.2006837606838,23.4833333333333,66.8,257.0,242.0,179.037037037037,37.25,48.4,11.9,29.5375,10.1057692307692,15.9,14.9138888888889,30.6323529411765,214.5,17.9357142857143,30.15,10.502380952381,27.7115384615385,11.1,10.45,11.25,18.490625,44.29,44.0,9.86285714285714,21.5397058823529,17.0203703703704,26.5852941176471,13.6357142857143,8.66094488188976,10.45,20.415,20.4911764705882,320.0,81.7333333333333,4000.0,75.4121951219512,159.5,82.9,109.111111111111,44.625,21.25,239.847826086957,193.055555555556,10.4470588235294,126.0,52.475,6.99,38.4071428571429,28.15,72.3,50.9,50.3881720430107,119.5,83.3785714285714,50.0,38.5,112.75,18.5722222222222,6.70912621359223,96.6,67.9947368421053,79.4846153846154,76.0,534.0,256.5,500.0,208.0,108.0,108.166666666667,233.5,254.5,36.7,196.75,148.5,86.3666666666667,153.0,47.65,68.6,100.5,46.875
37.6416666666667,37.1875,73.2,51.4,101.1,74.8203703703704,10.65,39.1166666666667,104.75,29.7272727272727,34.95,352.75,194.0,18.58125,120.0,385.181818181818,17.45,,24.7,43.8970588235294,138.0,27.2,13.0875,16.05,25.3433333333333,58.6,253.0,344.0,28.0,44.3571428571428,29.9,18.475,23.625,292.0,230.5,276.0,46.3388888888889,10.8776119402985,152.3125,,21.2833333333333,71.1,18.4543956043956,,347.147058823529,229.2,19.5027272727273,14.4868421052632,109.25,38.05,19.3666666666667,20.002380952381,59.7,23.65,230.5,127.25,26.1333333333333,41.7,78.1,168.8,56.6,84.4340909090909,67.7333333333333,224.5,59.6986111111111,10.9,106.5,164.948275862069,26.3264895330113,23.45,66.8,257.375,242.125,178.977777777778,37.25,48.35,11.9227272727273,29.5375,10.1109589041096,15.9,14.9071428571429,30.65,215.0,17.93125,30.15,10.5,27.7032051282051,11.076,10.475,11.25,18.465,44.2625,44.0207547169811,9.86887417218543,21.5288461538462,17.0394736842105,26.5671875,13.60625,8.66,10.4378787878788,20.4173758865248,20.5,319.5,81.7333333333333,3999.16666666667,75.3153846153846,159.5,82.8,109.083333333333,44.7782608695652,21.2318181818182,240.337837837838,193.384615384615,10.4191176470588,126.0,52.4,6.99,38.45,28.0994444444444,72.2666666666667,50.9,50.5,119.0,83.4058823529412,50.1,38.5,112.75,18.6,6.71009523809524,96.5666666666667,68.0,79.39375,76.0285714285714,534.0,256.5,500.0,208.0,108.0,108.5,233.5,254.5,36.734693877551,197.0,148.5,86.3,153.0,47.65,68.6,100.5,46.85
37.6333333333333,37.1694444444445,73.2,51.4,101.166666666667,74.8,10.6681818181818,39.15,105.0,29.75,35.0,352.75,194.0,18.58125,120.0,384.285714285714,17.45,,24.7,43.9,137.5,27.1666666666667,13.1,16.0428571428571,25.35,58.6,252.515625,344.0,28.0,44.35,29.85,18.475,23.6,292.0,230.5,275.5,46.3009090909091,10.8986486486487,152.166666666667,,21.3,71.1177777777778,18.5,,347.5,229.222222222222,19.496875,14.46,109.25,38.05,19.3486842105263,20.0,59.7,23.65,230.5,127.0,26.1285714285714,41.6642857142857,78.0846153846154,168.714285714286,56.5411764705882,84.6838709677419,67.7333333333333,224.75,59.647619047619,10.9008086253369,106.52,164.53125,26.3191176470588,23.45,66.7,257.125,242.357142857143,179.0,37.2421052631579,48.31875,11.9,29.5,10.1,15.9,14.9057142857143,30.6423076923077,215.0,17.9,30.15,10.5,27.6833333333333,11.1,10.45,11.25,18.4772727272727,44.290625,44.0,9.86972972972973,21.5346153846154,17.0134146341463,26.5641304347826,13.6,8.66140350877193,10.45,20.4057522123894,20.4885416666667,320.0,81.775,3999.16666666667,75.3384615384615,159.25,82.9,109.214285714286,44.8,21.2,240.5,193.5,10.4380597014925,125.8,52.4,6.99,38.4,28.05,72.3,50.8666666666667,50.5,119.0,83.35,50.1,38.5,113.0,18.6,6.71,96.6,67.9111111111111,79.3,76.0214285714286,534.0,256.5,500.0,208.0,107.5,108.071428571429,233.0,254.5,36.7045454545455,197.0,148.5,86.25,153.0,47.65,68.6,100.5,46.85
37.65,37.1375,73.2,51.4,101.090909090909,74.8941176470588,10.675,39.15,104.833333333333,29.75,34.9666666666667,353.0,193.833333333333,18.6,119.985507246377,384.454545454545,17.45,,24.7,43.9333333333333,138.0,27.1666666666667,13.1,16.01125,25.34625,58.7,252.5,344.0,28.0,44.3477272727273,29.85,18.475,23.6,292.5,230.5,275.5,46.3375,10.8580882352941,152.125,,21.2964285714286,71.1138613861386,18.5,,347.5,229.183333333333,19.5,14.5,109.5,38.0,19.3346153846154,20.04,59.7,23.65,230.5,127.0,26.1,41.7,78.0785714285714,169.0,56.55,85.053305785124,67.7285714285714,224.625,59.7,10.9039024390244,106.5,164.857142857143,26.3469387755102,23.4,66.7,257.25,242.0,179.0,37.253125,48.35,11.9166666666667,29.5,10.1,15.9,14.9,30.6333333333333,215.0,17.9166666666667,30.1625,10.5,27.65,11.1,10.45,11.25,18.4641025641026,44.2828571428571,44.0,9.86913043478261,21.5544267877412,17.0104166666667,26.6105088495575,13.6083333333333,8.66175675675676,10.45,20.4025316455696,20.4785714285714,320.0,81.775,4000.0,75.3,159.444444444444,82.9,109.25,44.75,21.22,240.5,193.375,10.4412280701754,125.625,52.5,6.99,38.4,28.05,72.2833333333333,50.85,50.5,118.99,83.3333333333333,50.1,38.5,112.5,18.5988095238095,6.71866666666667,96.6,67.9888888888889,79.3111111111111,75.9923076923077,534.0,256.5,500.0,208.0,107.5,108.166666666667,234.75,254.0,36.75,196.875,148.5,86.25,152.5,47.5956521739131,68.5,100.5,46.85
37.6470588235294,37.15,73.2,51.3,101.142857142857,74.88125,10.6928571428571,39.15,104.666666666667,29.75,34.9875,352.75,193.75,18.58,119.5,384.454545454545,17.45,,24.7,43.9611111111111,138.0,27.1666666666667,13.1,16.0011764705882,25.3483333333333,58.6,252.5,344.5,28.0,44.3441176470588,29.85,18.475,23.6,292.5,230.5,275.5,46.3333333333333,10.8958333333333,152.194444444444,,21.2964285714286,71.1160714285714,18.4775,,347.619047619048,229.125,19.5,14.5,109.083333333333,38.05,19.3307692307692,20.0,59.7,23.65,230.5,127.333333333333,26.1,41.65,78.0923076923077,168.944444444444,56.5333333333333,85.0823529411765,67.7032258064516,224.433333333333,59.6714285714286,10.9142857142857,106.6,165.0,26.3953987730061,23.4,66.7,257.5,242.0,178.917721518987,37.2625,48.3333333333333,11.9,29.5,10.15,15.9,14.9,30.615625,215.0,17.9375,30.1625,10.50625,27.6722222222222,11.0714285714286,10.45,11.25,18.4723684210526,44.2878048780488,44.0286585365854,9.86658536585366,21.598275862069,17.0382352941176,26.6984848484848,13.6,8.66983050847458,10.4416666666667,20.4388671875,20.4934782608696,319.5,81.8,4000.0,75.2058823529412,159.25,82.9,109.464285714286,44.7,21.2,241.038461538462,193.0,10.43,126.0,52.4285714285714,6.99,38.4071428571429,28.05,72.3,50.8166666666667,50.4904761904762,119.0,83.3285714285714,50.1,38.5,112.75,18.5978405315615,6.71652173913043,96.5714285714286,67.9727272727273,79.3625,75.95,534.0,256.458333333333,500.0,208.0,107.5,108.375,235.0,254.0,36.75,197.0,148.5,86.25,152.5,47.5956521739131,68.5,100.5,46.85
37.6208333333333,37.15,73.2,51.2909090909091,101.21875,74.8666666666667,10.6928571428571,39.15,105.0,29.728125,34.95,352.0,194.0,18.55,119.5,384.818181818182,17.4506756756757,,24.7,43.975,138.0,27.15,13.0928571428571,15.9931034482759,25.35,58.7,252.416666666667,344.166666666667,28.0,44.35,29.85,18.45,23.6,292.5,230.5,275.5,46.3096774193548,10.884375,152.266666666667,,21.3470588235294,71.1166666666667,18.475,,347.2,229.130434782609,19.5015151515151,14.4571428571429,109.0625,38.05,19.3461538461538,20.0,59.7,23.6333333333333,230.5,127.0,26.1,41.6722222222222,78.1142857142857,169.0,56.5,85.0727272727273,67.6,224.433333333333,59.7,10.9,106.6,165.0,26.4062801932367,23.35,66.7,257.388888888889,242.0,178.65625,37.2380952380952,48.35,11.9,29.5,10.15,15.9,14.9,30.65,215.0,17.91,30.1916666666667,10.5166666666667,27.6583333333333,11.0994949494949,10.45,11.25,18.4866666666667,44.2708333333333,43.9958823529412,9.86891666666667,21.6,17.015625,26.7,13.6,8.66056603773585,10.4423076923077,20.4374476987448,20.4625,320.0,81.8,3997.5,75.2,159.25,82.9,109.2,44.7,21.2,241.883838383838,193.227272727273,10.4240740740741,126.041666666667,52.475,6.99,38.425,28.05,72.3,50.9,50.5,118.958333333333,83.35,50.1,38.5,112.5,18.5875,6.715,96.6,68.0,79.4058823529412,75.925,532.0,256.5,500.0,208.0,107.5,108.25,235.0,253.5,36.725,197.0,148.5,86.25,152.5,47.55,68.5,100.5,46.85
37.6018518518518,37.14,73.2,51.3,101.111111111111,74.81,10.7,39.15,104.590909090909,29.75,34.9125,352.0,193.875,18.6,119.5,384.470588235294,17.4506756756757,,24.7,43.95,138.0,27.15,13.0928571428571,15.9875,25.3212121212121,58.7,252.5,344.5,28.0,44.35,29.85,18.45,23.6,292.5,230.5,275.0,46.3050505050505,10.8911764705882,152.166666666667,,21.3125,71.1025,18.4666666666667,,347.5,229.208333333333,19.5208333333333,14.45125,109.25,38.05,19.325,20.0,59.7833333333333,23.65,230.0,127.083333333333,26.1,41.65,78.1,168.916666666667,56.5,84.9014925373134,67.6,224.433333333333,59.7,10.9,106.701030927835,165.0,26.4025423728814,23.4,66.7,257.416666666667,242.0,178.59375,37.240625,48.3444444444445,11.9,29.5,10.1375,15.9,14.9,30.65,215.22,17.95,30.2,10.55,27.6535714285714,11.1,10.45,11.25,18.4725,44.29,43.996,9.87142857142857,21.6,17.03375,26.7029268292683,13.6,8.66384615384615,10.45,20.4204081632653,20.471875,319.5,81.8,3997.5,75.2090909090909,159.25,82.8,109.181818181818,44.84,21.25,241.914285714286,193.47619047619,10.4010416666667,126.404761904762,52.375,6.99,38.4083333333333,28.05,72.2185714285714,50.9,50.4333333333333,118.958333333333,83.3,50.15,38.5,112.5,18.5985714285714,6.72,96.575,67.9823529411765,79.4,75.9333333333333,532.0,256.5,500.0,208.0,107.75,108.1,235.0,253.153846153846,36.75,197.0,148.5,86.2,152.5,47.55,68.5,100.5,46.85
37.625,37.15,73.2,51.3,101.1,74.84,10.69,39.15,104.56,29.72,34.95,352.0,194.0,18.6,119.5,384.5,17.45,,24.7,43.95,138.0,27.15,13.1,16.0,25.3163461538462,58.7,252.785714285714,344.5,28.0,44.325,29.85,18.45,23.6,292.5,230.5,275.0,46.3,10.8859375,152.25,,21.3,71.1647826086957,18.4857142857143,,347.423076923077,229.185185185185,19.5055555555556,14.4541666666667,109.0,38.05,19.3461538461538,20.0,59.7958333333333,23.65,230.5,127.4,26.12,41.6697368421053,78.1090909090909,168.75,56.5666666666667,84.7,67.6,224.5,59.7,10.9,106.536585365854,165.0,26.4033333333333,23.4,66.7,257.2,242.25,178.596774193548,37.25,48.3444444444445,11.9,29.5,10.1083333333333,15.9,14.9,30.65,215.0,17.91,30.15,10.55,27.6547619047619,11.1,10.45,11.25,18.4588235294118,44.2714285714286,43.9740740740741,9.871875,21.5714285714286,17.0207317073171,26.7411764705882,13.609375,8.66,10.45,20.4151639344262,20.4681818181818,319.75,81.8,3995.0,75.2090909090909,159.4,82.9,109.342105263158,44.9886934673367,21.2227272727273,241.5,193.055555555556,10.4342105263158,126.5,52.6,6.99,38.4,28.025,72.3,50.9,50.41,119.0,83.2866666666667,50.0,38.5,112.5,18.5662162162162,6.7175,96.5875,67.9857142857143,79.5,75.9,531.0,256.5,500.0,208.0,107.75,108.166666666667,235.0,252.5,36.75,197.0,148.5,86.2,152.5,47.5,68.5333333333333,100.5,46.85
37.6375,37.1323529411765,73.2,51.3,101.125,74.8444444444444,10.65,39.15,105.0,29.7285714285714,34.955,352.5,194.25,18.5863636363636,119.708333333333,384.5,17.4511111111111,,24.7,43.9520833333333,138.0,27.15,13.1,15.9981481481481,25.35,58.7,252.5,344.5,28.0,44.3333333333333,29.85,18.45,23.6,292.5,230.5,275.0,46.31,10.8784482758621,152.083333333333,,21.2600628930818,71.1,18.5,,347.95652173913,229.096153846154,19.5115384615385,14.4666666666667,109.0,38.05,19.3,20.0,59.8833333333333,23.65,230.5,127.066666666667,26.12,41.6871428571429,78.0333333333333,168.833333333333,56.5714285714286,84.7833333333333,67.7,224.0,59.66,10.9,106.559523809524,165.0,26.4166666666667,23.4,66.7,257.25,242.416666666667,178.5,37.3,48.30625,11.9083333333333,29.5,10.1,15.9,14.9,30.6458333333333,215.0,17.94,30.15,10.55,27.65,11.0602564102564,10.45,11.25,18.4833333333333,44.2921052631579,43.9548076923077,9.87055555555555,21.5935483870968,17.0236842105263,26.7288888888889,13.604347826087,8.65987878787879,10.4125,20.4142045454545,20.4791666666667,320.0,81.8,3995.0,75.2875,159.454545454545,82.9,109.111111111111,45.1814285714286,21.25,241.74,193.166666666667,10.4111979166667,126.953846153846,52.5,6.99,38.4,28.0,72.3,50.8666666666667,50.4333333333333,119.0,83.3,50.0,38.5,112.5,18.5854166666667,6.71916666666667,96.5833333333333,67.928,79.3,75.9,531.0,256.5,500.0,208.0,107.5,108.090909090909,235.0,252.5,36.75,197.0,148.5,86.2,152.5,47.5,68.4625,100.5,46.85
37.633,37.15,73.2,51.3,101.117647058824,74.9,10.6941176470588,39.2,104.714285714286,29.75,34.9166666666667,352.5,194.0,18.6,119.5,384.5,17.4441176470588,,24.7,43.9772727272727,138.0,27.15,13.1,16.0,25.3428571428571,58.6,252.0,344.5,28.0,44.35,29.85,18.45,23.6,292.5,230.5,275.0,46.3166666666667,10.9,152.136363636364,,21.2493902439024,71.1747663551402,18.49,,348.485074626866,229.25,19.51,14.4573529411765,109.0,38.05,19.3423076923077,20.0,59.8428571428571,23.65,230.5,127.0,26.15,41.6611111111111,78.015,168.5,56.5516129032258,84.7333333333333,67.6,224.0,59.6142857142857,10.9,106.558823529412,164.6,26.446835443038,23.4,66.7,257.25,242.0,179.010563380282,37.2777777777778,48.3,11.9391304347826,29.5,10.1194029850746,15.9,14.9,30.65,215.0,17.925,30.175,10.55,27.6545454545454,11.1,10.45,11.25,18.4851351351351,44.258,43.9598039215686,9.87,21.5995633187773,17.0024319066148,26.7123711340206,13.6,8.66,10.4452380952381,20.4161417322835,20.49875,320.0,81.8,3995.0,75.2333333333333,159.5,82.9,109.214285714286,45.0777777777778,21.25,241.875,193.7,10.4418918918919,126.861111111111,52.5,6.99,38.425,28.05,72.26,50.9,50.475,118.75,83.29,49.975,38.55,112.5,18.5863636363636,6.71619047619048,96.5625,67.9666666666667,79.47,75.9,531.0,256.5,500.0,208.0,107.5,108.0,235.0,252.5,36.75,197.0,148.166666666667,86.2,152.5,47.5,68.4,100.5,46.85
37.65,37.15,73.2,51.3,101.25,74.8666666666667,10.696875,39.2,104.785714285714,29.7375,34.9375,352.5,194.0,18.5666666666667,119.5,384.5,17.4458333333333,,24.7,43.975,138.0,27.15,13.1,15.975,25.3416666666667,58.6,252.5,344.5,28.0,44.35,29.85,18.45,23.6,292.5,230.5,275.0,46.3,10.8933628318584,152.25,,21.275,71.1891304347826,18.46875,,349.318584070797,229.038461538462,19.5498614958449,14.48125,109.0,38.05,19.31,20.0,59.8555555555556,23.6,230.5,127.0,26.15,41.6539682539683,78.0129032258064,168.9,56.58,84.7071428571429,67.6,224.0,59.6538461538462,10.9045454545455,106.5,164.583333333333,26.4560344827586,23.35,66.8,257.333333333333,242.2,179.455,37.25,48.3,11.9,29.5,10.1,15.9,14.9,30.6,215.0,17.9333333333333,30.2,10.5,27.6633333333333,11.1,10.45,11.25,18.4729166666667,44.2904761904762,43.9875,9.87568181818182,21.5818181818182,17.0020703933747,26.7033333333333,13.6,8.66193548387097,10.4090909090909,20.4068421052632,20.4821428571429,320.0,81.8,3995.0,75.2,159.6,82.9,109.125,44.95,21.22,242.840659340659,193.8,10.4,127.0,52.4,6.99,38.4,28.05,72.2666666666667,50.8882352941176,50.46,119.0,83.3066666666667,50.0,38.55,112.625,18.6,6.72068965517241,96.5941176470588,68.0,79.3375,75.9,531.0,257.0,500.0,208.0,107.5,108.5,235.0,252.5,36.75,197.0,148.333333333333,86.2,152.5,47.5,68.6,100.5,46.85
37.625,37.15,73.2,51.3,101.035714285714,74.85,10.6833333333333,39.2,104.75,29.7014184397163,34.9166666666667,353.0,194.0,18.6,119.5,383.642857142857,17.45,,24.7,43.9714285714286,138.0,27.15,13.05,15.9525,25.345,58.6,252.5,344.5,28.0,44.35,29.85,18.45,23.6,292.0,230.5,275.0,46.3,10.9002819548872,152.35,,21.27,71.1586956521739,18.475,,349.0,229.0,19.5803571428571,14.4954545454545,109.5,38.05,19.3441176470588,20.004347826087,59.8,23.65,230.5,126.5,26.15,41.6538461538461,78.1,169.3828125,56.5625,84.3925925925926,67.6,224.5,59.7,10.9,106.526785714286,164.833333333333,26.435,23.38125,66.8,257.0,242.166666666667,179.068181818182,37.25,48.3,11.9214285714286,29.5,10.1,15.9,14.902,30.6114583333333,215.0,17.915,30.2,10.51875,27.65,11.1,10.45,11.25,18.4898148148148,44.293,43.95,9.87222222222222,21.575,17.0,26.7390350877193,13.6,8.66,10.4428571428571,20.4432228915663,20.492,320.0,81.8,3997.5,75.1846153846154,159.625,82.9,109.25,44.95,21.2222222222222,243.281609195402,193.96835443038,10.4088028169014,126.809523809524,52.5,6.99,38.4014705882353,28.05,72.3,50.8666666666667,50.425,119.0,83.2909090909091,49.975,38.55,112.833333333333,18.5791666666667,6.71153846153846,96.6113636363636,67.9777777777778,79.2153846153846,75.8229166666667,531.0,256.833333333333,500.0,208.0,107.5,108.1,235.0,252.5,36.7115384615385,196.916666666667,148.5,86.2,152.5,47.5,68.6,100.5,46.9
37.6159090909091,37.15,73.2,51.3,101.0625,74.8166666666667,10.6961538461538,39.175,104.555555555556,29.6589928057554,34.95,353.0,194.0,18.55,119.888888888889,381.7,17.45,,24.7,43.95,138.0,27.15,13.05,15.95,25.3337837837838,58.6,252.5,344.5,28.0,44.3333333333333,29.85,18.45,23.65,292.0,230.5,275.0,46.325,10.9,152.083333333333,,21.3,71.1217391304348,18.46,,348.354166666667,229.453488372093,19.55,14.4534482758621,109.5,38.05,19.33125,20.0192307692308,59.8333333333333,23.6333333333333,230.5,126.75,26.15,41.6571428571429,78.025,169.1875,56.5666666666667,83.9932584269663,67.625,224.5,59.7,10.9016393442623,106.541666666667,164.55,26.4023529411765,23.35,66.725,257.0,242.035714285714,179.0,37.25,48.3,11.9166666666667,29.5,10.1138888888889,15.9,14.9,30.6458333333333,215.0,17.9388888888889,30.2,10.51875,27.65,11.0921052631579,10.45,11.25,18.4521739130435,44.28125,43.95,9.875,21.571052631579,17.0045454545455,26.75,13.6083333333333,8.66555555555556,10.405,20.4212121212121,20.48125,320.0,81.8,3997.5,75.2,159.564516129032,82.9,109.416666666667,44.9333333333333,21.2375,242.596153846154,194.035714285714,10.4355769230769,126.958333333333,52.4,6.98,38.40625,28.0714285714286,72.25,50.8666666666667,50.4333333333333,119.0,83.2190476190476,49.975,38.55,113.0,18.58,6.71153846153846,96.61875,67.9777777777778,79.18,75.8954545454546,531.0,256.833333333333,500.0,208.0,107.5,108.166666666667,235.0,252.5,36.7205882352941,196.6,148.738095238095,86.2,152.5,47.5,68.5111111111111,100.5,46.9
37.6178571428571,37.1916666666667,73.2,51.3,101.1,74.8875,10.68125,39.2,104.875,29.7,34.975,353.0,194.0,18.5785714285714,119.5,380.5,17.45,,24.7,43.975,138.0,27.15,13.05,15.95,25.3425,58.6,252.5,344.5,28.025,44.3055555555556,29.85,18.475,23.6,292.0,230.5,275.0,46.3,10.9044117647059,152.166666666667,,21.3,71.1115384615385,18.45,,347.980769230769,229.052631578947,19.5774193548387,14.475,109.25,38.05,19.325,20.0166666666667,59.8,23.6,230.25,127.1,26.15,41.6081632653061,78.0285714285714,169.0,56.5666666666667,83.59,67.65,224.0,59.7,10.9049504950495,106.532467532468,164.5,26.4,23.4,66.7,257.0,242.416666666667,178.625,37.2545454545455,48.3166666666667,11.9033333333333,29.5,10.1,15.95,14.9,30.6375,215.0,17.9166666666667,30.2,10.51875,27.6822580645161,11.0875,10.45,11.25,18.4673913043478,44.2733333333333,43.9528571428571,9.87142857142857,21.5875,17.0327586206897,26.7012820512821,13.6,8.66285714285714,10.425,20.4042857142857,20.4653846153846,320.0,81.8,3996.0,75.2,159.875,82.9,109.2,44.8913043478261,21.2041666666667,242.0,194.5,10.4048387096774,126.475,52.4,6.99538461538462,38.4,28.05,72.28,50.8666666666667,50.4333333333333,118.75,83.21,49.975,38.55,113.0,18.5704545454545,6.71319444444445,96.5872340425532,67.975,79.0916666666667,75.9,531.0,256.5,501.0,208.0,107.5,108.3,235.0,253.0,36.7222222222222,196.6,149.0,86.2,152.5,47.45,68.5111111111111,100.5,46.9
37.63125,37.2,73.1933333333333,51.3,101.1,74.85,10.65,39.2,105.0,29.7,34.95,353.0,194.0,18.6,120.0,379.65,17.45,,24.7,44.0,138.0,27.15,13.1,15.925,25.3404761904762,58.6,252.75,344.5,28.05,44.35,29.85,18.475,23.6,292.0,230.5,275.0,46.3,10.9018796992481,152.0,,21.3,71.15,18.45,,347.981481481481,229.104166666667,19.5529411764706,14.4583333333333,109.5,38.05,19.3464285714286,20.0014705882353,59.8,23.65,230.25,127.0,26.1166666666667,41.6166666666667,78.0666666666667,169.5,56.5986486486487,83.532,67.6,224.5,59.68,10.9,106.533898305085,164.5,26.3921052631579,23.4,66.7,256.954545454545,242.2,178.533333333333,37.2791666666667,48.3166666666667,11.92,29.5,10.1182926829268,15.95,14.9,30.65,215.0,17.925,30.15,10.51875,27.6833333333333,11.09375,10.45,11.25,18.4653846153846,44.285,43.9532467532468,9.87,21.5666666666667,17.0240740740741,26.7048387096774,13.6015957446808,8.66,10.4092592592593,20.41125,20.4634615384615,320.0,81.8,3995.0,75.2,159.75,82.8333333333333,109.125,44.8913043478261,21.2333333333333,242.688679245283,194.59375,10.4245454545455,126.0,52.3333333333333,6.99538461538462,38.4,28.05,72.275,51.0,50.4333333333333,119.0,83.22,49.9,38.55,113.0,18.5705882352941,6.71923076923077,96.5020408163265,67.95,79.0181818181818,75.8333333333333,531.0,257.0,500.666666666667,208.0,107.833333333333,108.1,235.0,252.916666666667,36.75,197.0,149.0,86.2,152.0,47.4,68.5666666666667,100.5,46.85
37.6194444444445,37.2,73.1666666666667,51.3,101.083333333333,74.9,10.655,39.2,104.666666666667,29.7012987012987,35.0,353.0,194.25,18.5833333333333,119.5,379.5,17.45,,24.7,43.99,138.0,27.15,13.1,15.935,25.35,58.6,252.5,344.5,28.05,44.3,29.85,18.45,23.6,292.0,230.5,275.0,46.3064814814815,10.9,152.083333333333,,21.2940476190476,71.1276,18.4555555555556,,348.125,229.160714285714,19.5563291139241,14.45,109.5,38.05,19.3473684210526,20.05,59.85,23.6071428571429,230.25,126.9375,26.125,41.625,78.0,169.5,56.575,83.4478260869565,67.6333333333333,224.0,59.692,10.8982092365693,106.694444444444,164.75,26.35,23.4,66.7,257.0,242.125,178.625,37.2794117647059,48.35,11.9,29.5,10.120253164557,15.95,14.8996859296482,30.640625,215.0,17.9166666666667,30.15,10.55,27.65,11.1,10.45,11.25,18.4708333333333,44.2666666666667,43.95,9.87583333333333,21.5529411764706,17.0,26.7027027027027,13.6352941176471,8.67,10.4388888888889,20.425988700565,20.4833333333333,320.0,81.8,3995.0,75.2,160.0,82.8333333333333,109.1875,44.9,21.25,242.555555555556,194.946428571429,10.422641509434,126.0,52.375,6.98666666666667,38.4,28.05,72.24,51.0,50.4,119.0,83.2909090909091,49.9,38.55,112.5,18.57,6.71923076923077,96.4166666666667,67.975,79.0107142857143,75.8,531.0,256.5,500.666666666667,208.0,107.833333333333,108.0,235.0,253.0,36.75,197.0,149.0,86.3,152.0,47.4,68.6,100.5,46.85
37.645,37.2,73.2,51.2333333333333,101.066666666667,74.8333333333333,10.65,39.2,104.535714285714,29.7012987012987,34.95,353.0,194.25,18.6,119.5,379.191176470588,17.45,,24.7,43.9923076923077,138.0,27.15,13.05,15.95,25.35,58.6,252.5,344.5,28.05,44.25,29.85,18.4583333333333,23.6,292.0,230.5,275.0,46.3,10.9,152.0625,,21.25,71.1229508196721,18.5,,348.055555555556,229.166666666667,19.55,14.45,109.5,38.1,19.345,20.0,59.8,23.65,230.25,127.0,26.1,41.6041666666667,78.0,169.166666666667,56.5040816326531,83.4058823529412,67.6,224.0,59.65,10.8504450095359,106.516129032258,164.5,26.394,23.4,66.7,257.0,242.346153846154,178.5,37.2555555555556,48.3166666666667,11.925,29.453488372093,10.1030303030303,15.95,14.85,30.6,215.0,17.95,30.2,10.55,27.65,11.1,10.45,11.25,18.4666666666667,44.2916666666667,43.9525,9.87642857142857,21.5875,17.0369047619048,26.7267857142857,13.6403846153846,8.66,10.446694214876,20.42125,20.4659090909091,320.0,81.9,3990.0,75.2,160.0,82.8333333333333,109.0,44.88,21.225,242.633333333333,194.952380952381,10.4,126.5,52.4,6.98,38.4,28.05,72.3,50.96,50.425,119.0,83.276,50.0,38.55,112.75,18.5962264150943,6.72,96.4222222222222,67.9888888888889,79.0363636363637,75.8,531.0,256.5,500.5,208.0,107.5,108.125,235.0,253.5,36.75,196.5,149.0,86.3,152.0,47.4,68.9348214285714,100.5,46.85
37.6145833333333,37.2,73.2,51.25,101.272727272727,74.8,10.6576923076923,39.2,104.8,29.7115384615385,34.95,353.0,194.0,18.6,119.5,378.5,17.45,,24.7,43.95,138.0,27.15,13.05,15.9375,25.35,58.6,252.5,344.5,28.05,44.25,29.85,18.4625,23.6,292.0,230.5,275.0,46.33125,10.9252272727273,152.272727272727,,21.25,71.1990632318501,18.4875,,348.028571428571,229.157894736842,19.5491803278689,14.45,109.25,38.05,19.3411764705882,20.0,59.7,23.625,230.0,127.083333333333,26.15,41.5258720930232,78.0047619047619,169.411764705882,56.5031746031746,83.2292682926829,67.6142857142857,224.5,59.65,10.8635220125786,106.5,164.555555555556,26.3884615384615,23.3666666666667,66.7,257.0,242.136363636364,178.5,37.2590909090909,48.35,11.9,29.5,10.101724137931,15.95,14.8505154639175,30.65,215.0,17.9214285714286,30.15,10.5166666666667,27.65,11.0869565217391,10.45,11.25,18.45,44.2590909090909,43.95625,9.87,21.587,17.0174242424242,26.7125,13.6065217391304,8.66090909090909,10.415625,20.4092233009709,20.4888235294118,320.0,81.9,3990.0,75.1166666666667,159.833333333333,82.8,109.269230769231,44.9,21.25,242.4,195.0,10.4471153846154,126.0,52.4,6.98952380952381,38.4,28.03,72.3,51.0,50.4206896551724,119.0,83.225,49.9666666666667,38.45,112.6,18.6,6.71094594594595,96.32,67.9307692307692,79.0,75.78,531.0,256.0,500.5,208.0,108.0,108.0,235.0,253.75,36.7,197.0,149.0,86.2,152.5,47.4,69.2648648648649,100.5,46.85
37.6375,37.1928571428571,73.2290076335878,51.22,101.107142857143,74.9,10.6566666666667,39.2,104.777777777778,29.7375,34.91,353.0,194.0,18.5992424242424,119.666666666667,379.0,17.45,,24.7,43.9588235294118,138.0,27.15,13.1,15.9444444444444,25.3285714285714,58.745,252.5,344.5,28.05,44.246875,29.85,18.45,23.6,292.5,230.5,275.0,46.3,10.90625,152.041666666667,,21.25,71.2205298013245,18.5,,348.136363636364,229.344827586207,19.5454545454545,14.4642857142857,109.166666666667,38.05,19.3375,20.0,59.7,23.65,230.5,127.0,26.15,41.5071428571429,78.0107142857143,169.5,56.5571428571429,83.2590909090909,67.6142857142857,224.375,59.6826086956522,10.8583333333333,106.904929577465,164.4,26.3609756097561,23.35,66.7,256.8,242.1875,178.5,37.2833333333333,48.34,11.9291666666667,29.5,10.1,15.95,14.85,30.63,215.0,17.9411764705882,30.15,10.5,27.65,11.1,10.45,11.25,18.4852941176471,44.2833333333333,43.95,9.87869565217391,21.5875,17.0211340206186,26.7032608695652,13.6,8.66944700460829,10.4409090909091,20.4077205882353,20.491935483871,320.0,81.8,3990.0,75.1166666666667,159.576923076923,82.8,109.385714285714,44.9,21.2045454545455,242.277777777778,195.0,10.4294117647059,125.5,52.4,6.988,38.4,28.0,72.3,51.0,50.4555555555555,119.0,83.2,49.9666666666667,38.45,112.625,18.5642857142857,6.70875,96.3392156862745,67.9888888888889,79.0,75.7714285714286,531.0,256.0,500.5,208.0,107.75,108.125,236.0,253.5,36.75,197.0,149.0,86.0181818181818,152.5,47.4,69.2257142857143,100.5,46.85
37.6272727272727,37.2,73.3,51.22,101.111111111111,74.9,10.6541666666667,39.15,104.59375,29.7068965517241,34.93,353.0,194.0,18.6,119.5,379.913793103448,17.45,,24.7,43.946875,138.0,27.15,13.1,15.9375,25.3407407407407,58.6,252.5,344.333333333333,28.05,44.2,29.9,18.45,23.6,292.5,230.5,275.0,46.3083333333333,10.95,152.25,,21.25,71.2990306946688,18.5,,347.941176470588,229.5,19.5470588235294,14.47625,109.0,38.05,19.32,20.0071428571429,59.7,23.65,230.5,127.0,26.1,41.5195652173913,78.0196078431373,169.5,56.6,83.3181818181818,67.6,224.375,59.7,10.8648148148148,106.614285714286,164.428571428571,26.5210799584631,23.4,66.8,257.0,242.0,178.266666666667,37.25,48.35,11.9,29.5,10.1090909090909,15.95,14.85,30.65,215.0,17.9428571428571,30.15,10.55,27.6436170212766,11.1,10.4166666666667,11.2818181818182,18.4586956521739,44.2592592592593,43.9517857142857,9.87709090909091,21.5604166666667,17.0,26.7041666666667,13.6038461538462,8.6679347826087,10.4458333333333,20.42,20.4794871794872,320.0,81.8,3990.0,75.0166666666667,159.75,82.8,109.142857142857,44.9,21.25,241.96875,194.5,10.4002155172414,125.5,52.4,6.988,38.3675,28.0409090909091,72.25,51.0,50.45,119.0,83.225,49.9,38.45,112.545454545455,18.5662162162162,6.71,96.4,68.0,78.9835616438356,75.7875,531.0,256.5,500.5,208.0,107.75,108.333333333333,235.5,253.5,36.75,196.5,149.0,85.76,152.5,47.6,69.165,100.5,46.85
37.64,37.2,73.28,51.3,101.0,74.825,10.65,39.15,104.714285714286,29.7008771929825,34.93,353.0,193.960526315789,18.6,119.5,379.708333333333,17.45,,24.7,43.9166666666667,138.0,27.15,13.1,15.9444444444444,25.3316176470588,58.6,252.5,344.333333333333,28.05,44.2,29.9,18.4666666666667,23.6670886075949,292.0,230.5,275.0,46.3,10.9235294117647,152.2,,21.25,71.3109154929577,18.4864864864865,,347.477272727273,229.180555555556,19.5,14.4738095238095,109.5,38.05,19.35,20.0192307692308,59.79,23.65,230.0,127.0,26.1,41.575,78.0944444444444,169.409090909091,56.5,83.4,67.6,224.5,59.66,10.8683098591549,106.53488372093,164.5,26.6201754385965,23.4,66.8,256.928571428571,242.090909090909,178.0,37.3,48.3555555555555,11.9438775510204,29.5,10.1352941176471,15.95,14.85,30.65,215.0,17.9133333333333,30.2,10.55,27.6,11.1,10.45,11.25,18.4642857142857,44.28125,43.9642857142857,9.874,21.5698529411765,17.0313953488372,26.708064516129,13.6,8.67016172506738,10.4103448275862,20.4153846153846,20.4923076923077,320.0,81.8,3990.0,75.0,159.8,82.7444444444445,109.222222222222,44.9,21.2333333333333,242.0,194.0,10.4181818181818,125.038461538462,52.4,6.99,38.39,28.0214285714286,72.3,51.0,50.4833333333333,119.0,83.2428571428572,49.9,38.45,112.487288135593,18.5611111111111,6.71,96.4,67.95,79.0,75.7,531.0,256.5,500.5,208.0,107.75,108.125,235.5,253.5,36.7083333333333,197.0,149.0,85.76,152.5,47.6,69.0136363636364,100.5,46.9
37.65,37.2,73.2875,51.3,101.1875,74.8,10.6545454545455,39.2,104.6,29.7,34.9166666666667,352.833333333333,193.666666666667,18.6,119.5,379.5,17.45,,24.7,43.9214285714286,138.0,27.15,13.1,15.9166666666667,25.3454545454546,58.6,253.0,344.333333333333,28.05,44.2,29.9,18.45,23.7041666666667,292.0,230.5,275.0,46.3166666666667,10.9460674157303,152.260869565217,,21.2678571428571,71.4,18.45,,347.294117647059,229.236111111111,19.5,14.45,109.25,38.0571428571429,19.35,20.0037878787879,59.8,23.6333333333333,230.0,127.0,26.12,41.5681818181818,78.15,169.5,56.5,83.3769230769231,67.65,224.0,59.6555555555556,10.8963957055215,106.660714285714,164.5,26.6298994974874,23.35,66.8,257.0,242.0625,178.0,37.3,48.3666666666667,11.9,29.5,10.1,15.95,14.8569444444444,30.60125,215.0,17.9428571428571,30.2,10.55,27.6,11.0933333333333,10.45,11.25,18.47,44.27,43.953488372093,9.87529411764706,21.5888888888889,17.025,26.7025641025641,13.6,8.67166666666667,10.4136363636364,20.434236453202,20.4982269503546,320.0,81.8,3987.5,75.0,159.578947368421,82.7444444444445,109.192307692308,44.87,21.2214285714286,241.555555555556,194.0625,10.4257142857143,125.333333333333,52.4153846153846,7.0,38.3571428571429,28.0,72.3,51.0,50.5,119.0,83.25,49.9,38.45,112.5,18.5590909090909,6.71153846153846,96.4,67.9555555555556,79.1,75.792,531.0,256.5,500.5,208.0,108.0,108.25,235.0,253.5,36.75,196.5,148.666666666667,85.975,152.5,47.6,69.15,100.5,46.9
37.6382978723404,37.2065543071161,73.29,51.3,101.0,74.8833333333333,10.6681818181818,39.2,104.857142857143,29.7115384615385,34.9,353.0,193.666666666667,18.5833333333333,119.5,379.75,17.45,,24.7,43.9125,138.0,27.15,13.05,15.9125,25.3492857142857,58.6,253.0,344.5,28.05,44.2,29.9,18.4625,23.7083333333333,292.0,230.5,275.0,46.314,10.9,152.5,,21.2678571428571,71.4039603960396,18.475,,347.227272727273,229.439024390244,19.5416666666667,14.4555555555556,109.1875,38.0571428571429,19.3666666666667,20.0022727272727,59.86,23.6166666666667,230.0,126.964285714286,26.15,41.55,78.1153846153846,169.5,56.5153846153846,83.2846153846154,67.6,224.0,59.65,10.897375,106.524390243902,164.3,26.5847826086957,23.35,66.8,257.0,242.088235294118,178.0,37.25625,48.3666666666667,11.9,29.5,10.1083333333333,15.95,14.8836956521739,30.6039682539683,215.0,17.9184210526316,30.2,10.5,27.6,11.0994117647059,10.45,11.25,18.4846153846154,44.262,43.9595744680851,9.87946808510638,21.5854838709677,16.9999687890137,26.7068965517241,13.6293103448276,8.676,10.45,20.459756097561,20.495145631068,320.0,81.8,3985.55555555556,74.9,159.333333333333,82.7444444444445,109.166666666667,44.85,21.2,241.222222222222,194.0,10.4,125.5,52.4153846153846,7.0,38.35,28.0,72.2625,51.0,50.4923076923077,119.0,83.2,49.9,38.45,112.5,18.5690476190476,6.7175,96.34,67.9875,79.05,75.7384615384615,531.0,256.333333333333,500.0,208.0,108.0,108.333333333333,235.0,253.5,36.75,197.0,148.666666666667,85.9684210526316,152.5,47.6,69.2,100.5,46.9
37.6416666666667,37.2327160493827,73.292,51.3,101.041666666667,74.9,10.65,39.2,104.9,29.7044444444444,34.925,353.0,193.5,18.59,119.5,379.642857142857,17.45,,24.7,43.9071428571429,138.0,27.15,13.1,15.925,25.3424242424243,58.6,253.0,344.5,28.0,44.1527777777778,29.9,18.4625,23.7055555555556,292.0,230.5,275.0,46.30625,10.9075757575758,152.314814814815,,21.25,71.4487804878049,18.4439906651109,,347.264705882353,229.34,19.5115384615385,14.4625,109.125,38.0571428571429,19.35,20.0,59.8933333333333,23.65,230.0,126.55,26.1,41.55,78.1833333333333,169.5,56.5,83.2384615384615,67.6,224.5,59.6333333333333,10.9019969278034,106.59375,164.333333333333,26.5697916666667,23.4,66.8,256.576923076923,242.945093457944,178.3125,37.25625,48.3666666666667,11.9,29.5,10.1333333333333,15.95,14.8537037037037,30.6173913043478,215.0,17.92,30.2,10.5166666666667,27.6086206896552,11.08,10.45,11.25,18.4875,44.2522727272727,43.9552631578947,9.89,21.5811475409836,16.96,26.7052631578947,13.6333333333333,8.67288888888889,10.4269230769231,20.4553571428571,20.475,320.0,81.8,3990.0,75.0,159.35,82.7444444444445,109.452830188679,44.9,21.25,241.5,194.0,10.4407894736842,125.5,52.32,6.99888888888889,38.4,28.0,72.25,51.0,50.4954545454545,119.40625,83.2931034482759,49.85,38.45,112.0,18.5609375,6.71952380952381,96.3045454545454,67.9777777777778,79.0428571428571,75.8,531.0,256.0,500.0,208.0,108.0,108.125,235.0,254.0,36.75,197.0,148.666666666667,86.0,152.5,47.6,69.2285714285714,100.5,46.9
37.6178571428571,37.2551020408163,73.29,51.25,101.1875,74.8428571428571,10.6571428571429,39.2,104.75,29.7270833333333,34.9,353.0,193.5,18.6,119.5,379.666666666667,17.45,,24.7,43.9,138.0,27.15,13.1,15.95,25.35,58.6,253.0,344.5,28.0,44.1038461538461,29.85,18.4625,23.7,292.0,230.5,275.0,46.3453125,10.9488235294118,152.1,,21.25,71.4118518518518,18.4486842105263,,347.727272727273,229.5,19.5433333333333,14.45,109.375,38.0571428571429,19.35,20.0,59.8875,23.65,230.0,126.55,26.1,41.5,78.1384615384615,169.5,56.5,83.34,67.5777777777778,224.5,59.7,10.9287037037037,106.618421052632,164.5,26.5091549295775,23.4,66.8,256.916666666667,243.481818181818,178.052631578947,37.25,48.3666666666667,11.9,29.5,10.1461538461538,15.9,14.85,30.65,215.0,17.9388888888889,30.2,10.525,27.6,11.0826086956522,10.45,11.25,18.4657894736842,44.2602941176471,43.95,9.88875,21.5689189189189,16.9947183098592,26.7015625,13.6033783783784,8.674,10.4439130434783,20.4582191780822,20.4905405405405,320.0,81.8,3987.5,75.0,159.166666666667,82.7444444444445,109.3125,44.9,21.25,241.222222222222,194.466666666667,10.411642599278,125.5,52.32,6.99888888888889,38.35,27.998275862069,72.2357142857143,51.0,50.55,119.5,83.2952380952381,49.8,38.45,112.0,18.5680555555556,6.71952380952381,96.3875,67.975,79.05,75.7411764705882,531.0,256.0,499.142857142857,208.0,108.0,108.2,235.0,253.875,36.7,196.75,149.0,86.0,152.5,47.6,69.2666666666667,100.5,46.95
37.6323529411765,37.3,73.29,51.3,101.115384615385,74.9,10.65,39.2,104.785714285714,29.7,34.95,353.0,193.5,18.6,119.5,379.5,17.45,,24.7,43.93,138.0,27.15,13.1,15.9458333333333,25.35,58.6,253.0,344.5,28.0,44.1,29.85,18.4625,23.7,292.0,230.5,275.0,46.35,10.919696969697,152.166666666667,,21.2833333333333,71.4285714285714,18.45,,347.5,229.220588235294,19.5411764705882,14.45,109.25,38.05,19.35,20.0384615384615,59.9,23.6166666666667,230.5,127.0,26.1,41.5125,78.1985915492958,169.375,56.5,83.3,67.52,224.0,59.7,10.9034220532319,106.544117647059,164.5,26.5467741935484,23.3519230769231,66.8,257.0,243.314285714286,178.1875,37.25,48.3666666666667,11.9,29.55,10.1461538461538,15.9,14.85,30.6375,215.0,17.9277777777778,30.2125,10.55,27.6041666666667,11.1,10.45,11.25,18.4741379310345,44.25625,43.9548076923077,9.88625,21.5809523809524,16.95,26.7347826086956,13.65,8.67029411764706,10.4131578947368,20.4593023255814,20.4885321100917,320.0,81.8,3990.0,75.0,159.375,82.7444444444445,109.315789473684,44.9,21.25,241.5,194.277777777778,10.402,125.375,52.3875,6.99888888888889,38.35625,27.95,72.2230769230769,51.0,50.6769230769231,119.470588235294,83.2538461538462,49.8,38.4166666666667,112.5,18.5676470588235,6.71,96.3166666666667,67.9777777777778,79.0055555555555,75.775,531.0,256.0,500.0,208.0,107.5,108.071428571429,235.0,254.0,36.7166666666667,197.0,149.0,86.0,153.0,47.4,69.2444444444444,100.5,46.925
37.599494949495,37.3,73.2777777777778,51.2333333333333,101.0,74.9,10.65,39.2,104.75,29.7,34.94,353.0,193.833333333333,18.5944444444444,119.5,379.666666666667,17.45,,24.7,43.95,138.0,27.15,13.1,15.9710526315789,25.3583333333333,58.6,253.0,344.5,28.0,44.1,29.85,18.475,23.7,292.0,230.5,274.5,46.325,10.9,152.166666666667,,21.25,71.4246153846154,18.425,,347.28125,229.135135135135,19.5184210526316,14.45234375,109.090909090909,38.025,19.35,20.00625,59.9125,23.625,230.0,126.5,26.125,41.5,78.26875,169.465517241379,56.58,83.4,67.45,224.0,59.6666666666667,10.9203703703704,106.542857142857,164.125,26.5889705882353,23.35,66.8,256.924242424242,243.239130434783,178.166666666667,37.25,48.35,11.9,29.55,10.1454545454545,15.9,14.8714285714286,30.6236842105263,215.0,17.9272727272727,30.2,10.55,27.6071428571429,11.059756097561,10.45,11.2857142857143,18.482,44.1435943060498,43.95,9.8825,21.5948529411765,16.95,26.7075,13.6010416666667,8.67140845070423,10.4285714285714,20.454854368932,20.4863636363636,320.0,81.9,3990.0,75.0,159.5,82.8,109.453333333333,44.9,21.225,241.055555555556,194.571428571429,10.4019409937888,125.416666666667,52.4,6.99,38.35,27.8,72.25,51.0,50.6875,119.5,83.1894736842105,49.8,38.4,112.5,18.5888888888889,6.71,96.3625,67.9625,79.0090909090909,75.73,531.0,256.5,500.0,208.0,107.583333333333,108.166666666667,235.0,254.0,36.75,196.5,149.0,86.0,153.0,47.4,69.2375,100.5,46.9
37.6026548672566,37.296875,73.3,51.28,101.083333333333,74.9,10.65,39.15,104.75,29.7,34.9416666666667,353.0,193.666666666667,18.55,119.5,379.5,17.45,,24.7,43.95,138.0,27.15,13.1,15.9785714285714,25.3769230769231,58.6,252.5,344.5,28.0,44.1,29.85,18.45,23.7,292.0,230.5,274.5,46.3222222222222,10.9405797101449,152.147058823529,,21.2666666666667,71.4514285714286,18.44,,348.0,229.02358490566,19.5206896551724,14.4457142857143,109.3125,38.05,19.37,20.0,59.9285714285714,23.6731707317073,230.0,126.5,26.103125,41.5,78.3324074074074,169.5,56.5,83.2838709677419,67.4,224.166666666667,59.7,10.90622406639,106.56,164.25,26.5576923076923,23.35,66.8,256.633333333333,243.534482758621,178.115384615385,37.2021739130435,48.3666666666667,11.9,29.55,10.15,15.9,14.8529411764706,30.603125,215.0,17.9125,30.2,10.55,27.6,11.1,10.45,11.25,18.46,44.0977777777778,43.9455056179775,9.88083333333333,21.58875,16.9772727272727,26.7,13.6205882352941,8.66528158295282,10.45,20.4505154639175,20.4516129032258,320.0,81.9,3985.0,75.0,159.333333333333,82.7,109.333333333333,44.9,21.2357142857143,241.0,194.586956521739,10.404375,125.5,52.4,7.0,38.35,27.8,72.225,51.0,50.6,119.5,83.15,49.8,38.45,112.333333333333,18.5688888888889,6.72,96.36,67.975,79.0833333333333,75.7875,531.0,256.5,500.0,208.0,108.0,108.0,235.0,253.875,36.75,196.521739130435,149.0,86.0,153.0,47.4,69.1857142857143,100.5,46.95
37.6117647058824,37.26375,73.3,51.28,101.2,74.8588235294118,10.65,39.2,104.75,29.7,34.95,353.0,194.0,18.5625,119.5,380.0,17.45,,24.7,43.9611111111111,138.0,27.15,13.1,15.9588235294118,25.3765625,58.6,252.5,344.0,28.0,44.05,29.85,18.45,23.7,292.5,230.5,274.666666666667,46.3428571428571,10.9527100944804,152.28125,,21.25,71.4163636363636,18.45,,347.625,229.051020408163,19.5,14.4474358974359,109.5,38.1,19.35,20.0,59.9,23.7,230.0,126.5,26.103125,41.4982142857143,78.4362962962963,169.5,56.5,83.1,67.4,224.166666666667,59.6894736842105,10.9188524590164,106.534090909091,164.0625,26.5785714285714,23.35,66.8,256.875,243.944444444444,178.09375,37.2067901234568,48.3666666666667,11.9,29.55,10.1333333333333,15.95,14.85,30.65,215.0,17.9388888888889,30.2,10.55,27.6086956521739,11.1,10.45,11.25,18.4916666666667,44.0901234567901,43.9,9.89423728813559,21.575,16.9973333333333,26.701724137931,13.63,8.656,10.4136363636364,20.4550632911392,20.466,319.875,81.9,3985.0,75.0,159.25,82.7,109.361111111111,44.9,21.23125,241.0,194.428571428571,10.4357142857143,125.0,52.3,7.0,38.3625,27.8,72.2266666666667,51.1,50.5444444444445,119.5,83.1916666666667,49.85,38.45,112.5,18.5666666666667,6.71,96.38,67.96,79.1,75.7166666666667,531.0,256.5,498.5,208.0,107.7,108.333333333333,235.0,253.833333333333,36.745652173913,196.125,149.0,86.0,153.0,47.5,69.2,100.5,46.95
37.63875,37.2735294117647,73.3,51.3,101.208333333333,74.9,10.65,39.2,104.9,29.6714285714286,34.95,352.5,194.0,18.5833333333333,119.5,380.0,17.45,,24.7,43.955,138.0,27.15,13.1,15.95,25.3673913043478,58.6,252.25,344.0,28.0,44.05,29.86,18.45,23.7,292.5,230.5,274.5,46.3428571428571,10.9677339901478,152.282608695652,,21.2642857142857,71.4012345679012,18.45,,347.53125,229.283333333333,19.5119047619048,14.45,109.0625,38.05,19.375,20.0,59.875,23.7,230.5,126.5,26.1,41.5083333333333,78.6354570637119,169.5,56.548275862069,83.1714285714286,67.3,224.166666666667,59.6333333333333,10.898065125059,106.516129032258,164.0,26.5536231884058,23.3666666666667,66.8,256.642857142857,243.973684210526,178.285714285714,37.1945205479452,48.35,11.9458333333333,29.55,10.1015243902439,15.95,14.86,30.6055555555556,215.0,17.9388888888889,30.2,10.55,27.6318181818182,11.0857142857143,10.450505050505,11.25,18.4557971014493,44.1221518987342,43.9222222222222,9.89423728813559,21.5880434782609,16.9646825396825,26.7033333333333,13.6315789473684,8.65630630630631,10.45,20.45,20.4805555555556,319.5,81.9,3985.0,75.0,159.375,82.9,109.391891891892,44.95,21.225,240.9375,194.285714285714,10.4055084745763,125.5,52.3578947368421,7.0,38.3555555555555,27.8068181818182,72.2333333333333,51.1,50.5444444444445,119.5,83.1666666666667,49.8545454545455,38.45,112.4,18.5708333333333,6.715,96.3,67.975,79.05,75.7642857142857,531.0,256.5,498.5,208.0,107.5,108.125,235.0,253.833333333333,36.702,196.0,149.0,86.0,153.0,47.5,69.2,100.5,46.95
37.635,37.28,73.2833333333333,51.3,101.138888888889,74.9,10.65,39.2,104.75,29.65,34.95,352.5,193.9,18.6,119.888888888889,379.785714285714,17.45,,24.7,43.975,138.0,27.15,13.1,15.95,25.3970588235294,58.8,252.15,343.3,28.025,44.0,29.875,18.45,23.7,292.5,230.5,274.5,46.3409090909091,11.0,152.083333333333,,21.2642857142857,71.4773195876289,18.45,,348.0,229.316901408451,19.5,14.4260869565217,109.305555555556,38.05,19.35,20.025,59.8,23.7,230.5,126.5,26.1,41.5552631578947,78.715306122449,169.583333333333,56.5666666666667,83.3642857142857,67.2,224.5,59.6333333333333,10.8929577464789,106.544776119403,164.48,26.5685185185185,23.4,66.8,256.875,244.0,178.065217391304,37.16,48.35,11.9,29.55,10.1,15.95,14.85,30.62,215.0,17.9333333333333,30.2,10.5166666666667,27.6176470588235,11.1,10.4507462686567,11.25,18.475,44.15,43.9368421052632,9.905,21.5810344827586,16.9854166666667,26.7110576923077,13.6404761904762,8.65968652037618,10.4,20.4644117647059,20.465,319.5,81.9,3985.0,75.0,159.5,82.9,109.450819672131,44.9,21.25,241.0625,194.5,10.4,125.583333333333,52.41,7.0,38.35,27.85,72.25,51.1,50.5857142857143,120.088050314465,83.2076923076923,49.8545454545455,38.45,112.4,18.5941666666667,6.7125,96.3909090909091,67.96,79.09,75.7363636363637,531.0,256.5,498.5,208.0,107.666666666667,108.0,235.0,253.833333333333,36.715625,195.75,149.0,86.0,153.0,47.45,69.2,100.5,46.95
37.6357142857143,37.2470588235294,73.3,51.3,101.0,74.9,10.6714285714286,39.2,104.75,29.65,34.95,352.5,194.0,18.6,119.833333333333,380.333333333333,17.45,,24.7,43.95,138.0,27.15,13.1,15.95,25.39,58.8,252.5,343.5,28.05,44.0,29.9,18.5,23.7,292.5,230.5,274.5,46.3357142857143,10.9848214285714,152.306451612903,,21.28,71.4270833333334,18.45,,347.833333333333,229.348837209302,19.5,14.45,109.382352941176,38.05,19.36,20.0076923076923,59.8909090909091,23.7,230.5,126.5,26.1,41.6,78.6730769230769,169.4625,56.55,83.3,67.2,224.333333333333,59.6263157894737,10.8888888888889,106.594594594595,164.5,26.55,23.4,66.8,256.8,244.089473684211,178.25,37.15,48.35,11.9,29.55,10.1009345794393,15.95,14.85,30.61875,215.0,17.9416666666667,30.2,10.55,27.6090909090909,11.0958333333333,10.45,11.25,18.4729166666667,44.15,43.9094339622641,9.90142857142857,21.59125,16.9973684210526,26.7101265822785,13.6380952380952,8.66909090909091,10.4375,20.4574468085106,20.452380952381,320.0,81.8,3990.0,75.05,159.25,82.7,109.181818181818,44.9,21.25,241.0625,194.111111111111,10.388,125.666666666667,52.5,7.0,38.375,27.85625,72.2666666666667,51.1,50.6,120.690647482014,83.1958333333333,49.8545454545455,38.5,112.25,18.588,6.7196875,96.4272727272727,68.0,79.09,75.8,531.0,256.5,498.5,208.0,107.5,108.5,235.0,253.5,36.7166666666667,195.5,149.0,86.0,153.0,47.45,69.1266666666667,100.5,46.95
37.64,37.2482142857143,73.296875,51.225,101.15,74.86,10.65,39.15,104.75,29.68125,34.9333333333333,353.0,194.0,18.6,119.5,380.0625,17.4142857142857,,24.7,43.9875,138.0,27.15,13.1,15.95,25.390625,58.7,252.5,343.5,28.05,44.0433333333333,29.9,18.5,23.7,292.5,230.5,274.0,46.3333333333333,10.9921428571429,152.1,,21.2583333333333,71.4216374269006,18.45,,348.203296703297,229.234375,19.5,14.4457142857143,109.5,38.05,19.35,20.0,59.86,23.6833333333333,230.5,126.5,26.1,41.6346153846154,78.5972972972973,169.4625,56.5083333333333,83.3444444444445,67.2,224.166666666667,59.6791666666667,10.8809338521401,106.585365853659,165.0,26.5535433070866,23.375,66.8,256.875,244.423076923077,178.357142857143,37.15,48.35,11.9407407407407,29.55,10.1333333333333,15.95,14.8854166666667,30.6357142857143,215.0,17.95,30.175,10.55,27.6166666666667,11.0975,10.5,11.25,18.475,44.15,43.9040540540541,9.90090909090909,21.595625,16.9853658536585,26.7,13.6375,8.66428571428571,10.4208333333333,20.4539215686275,20.4847826086956,320.0,81.8,3990.0,75.0,159.25,82.7,109.142857142857,44.9,21.2375,241.2,194.5,10.3989130434783,125.666666666667,52.4916666666667,7.0,38.35,27.85,72.2833333333333,51.1,50.6,120.653225806452,83.088,49.8545454545455,38.4928571428571,112.5,18.58,6.71857142857143,96.4,67.9625,79.1,75.7,531.0,256.5,498.5,208.0,107.625,108.1,236.0,253.5,36.7236842105263,195.5,149.0,86.0,153.0,47.5,69.1,100.5,46.9
37.6214285714286,37.2384615384615,73.3866359447004,51.25,101.166666666667,74.9,10.66,39.15,104.857142857143,29.65,34.9333333333333,353.0,194.25,18.6,119.5,380.25,17.45,,24.65,43.96,138.0,27.15,13.1,15.975,25.3981481481481,58.7,252.5,343.5,28.05,44.0,29.9,18.5,23.7,292.333333333333,230.5,274.0,46.3428571428571,10.9925531914894,152.346153846154,,21.2583333333333,71.4131313131313,18.45,,348.017857142857,229.294117647059,19.53,14.4444444444444,109.115384615385,38.0,19.35,20.0083333333333,59.9,23.675,230.0,126.5,26.1,41.65,78.55,169.5,56.516,83.425,67.3,224.166666666667,59.6285714285714,10.8542372881356,106.522727272727,165.0,26.5743243243243,23.4,66.8,256.75,244.45,178.5,37.1409090909091,48.35,11.930303030303,29.55,10.11,15.95,14.85,30.6175,215.0,17.94,30.1916666666667,10.5083333333333,27.6409090909091,11.0833333333333,10.5,11.25,18.4849056603774,44.1506976744186,43.9034188034188,9.90466666666667,21.5802469135802,16.975,26.7161016949153,13.6307692307692,8.66,10.439,20.4511494252874,20.4805555555556,320.0,81.8,3993.0,75.0,159.333333333333,82.7,109.1,44.9,21.2166666666667,241.5,194.357142857143,10.3728395061728,125.833333333333,52.4,6.99666666666667,38.35,27.85,72.3,51.1,50.6,120.469696969697,83.0,49.8545454545455,38.4928571428571,112.5,18.5836734693878,6.71666666666667,96.46,67.9625,79.1,75.78,531.0,256.5,497.75,208.0,107.5,108.166666666667,235.0,253.5,36.7222222222222,195.5,149.0,86.0,153.0,47.5,69.1,100.5,46.95
37.6518656716418,37.2475,73.4831932773109,51.3,101.111111111111,74.9,10.65,39.15,104.8125,29.6583333333333,34.92,353.0,194.25,18.6,119.5,380.5,17.45,,24.65,44.0,138.0,27.15,13.1,16.0,25.3964285714286,58.7,252.666666666667,343.5,28.05,44.0,29.9,18.45,23.7,292.333333333333,230.5,274.0,46.34,10.9869318181818,152.3,,21.3,71.4036697247707,18.45,,348.019230769231,229.313725490196,19.5380952380952,14.45,109.434782608696,38.0,19.346875,20.0004761904762,59.9,23.7,230.5,127.0,26.15,41.6233333333333,78.5,169.0,56.5703703703704,83.3833333333333,67.2333333333333,224.166666666667,59.66,10.8893939393939,106.544303797468,165.164835164835,26.6029585798817,23.4,66.8,256.75,244.009433962264,178.770833333333,37.15,48.35,11.934375,29.55,10.1428571428571,15.95,14.87,30.65,215.0,17.9444444444444,30.2029411764706,10.5083333333333,27.6392857142857,11.1,10.5,11.25,18.4574074074074,44.2103174603175,43.8918772563177,9.90786666666667,21.5964285714286,16.9946428571429,26.7188212927757,13.6386363636364,8.6630303030303,10.445,20.4814049586777,20.4933333333333,320.0,81.9,3993.0,75.0,159.125,82.7,109.0625,44.9,21.2166666666667,241.5,194.2,10.4,125.833333333333,52.4,7.0,38.4,27.85,72.28,51.1,50.6,120.558333333333,83.0,49.95,38.4928571428571,112.25,18.5642857142857,6.71990990990991,96.5,67.9945945945946,79.2,75.71,531.0,256.5,497.75,208.0,107.833333333333,108.1,235.0,253.363636363636,36.7105263157895,195.5,149.0,86.0,153.0,47.5,69.1,100.5,46.95
37.7038793103448,37.2464285714286,73.5,51.3,101.208333333333,74.8941176470588,10.65,39.17,104.75,29.65,34.91,353.0,194.25,18.5962962962963,119.5,380.5,17.45,,24.65,43.9833333333333,138.0,27.15,13.1,16.0,25.384,58.7,252.833333333333,343.5,28.0,44.05,29.925,18.45,23.65,292.333333333333,230.5,274.0,46.35,10.9987804878049,152.363636363636,,21.3,71.4,18.45,,348.418604651163,229.375,19.53125,14.45,109.3125,38.0,19.3423076923077,20.0,59.85,23.7,230.0,127.0,26.15,41.6,78.5153846153846,169.125,56.5382352941176,83.392,67.15,224.5,59.6571428571429,10.8810734463277,106.534246575342,165.5,26.6208333333333,23.4,66.7,256.75,243.935643564356,178.583333333333,37.15,48.35,11.9035714285714,29.5571428571429,10.1002777777778,15.9,14.86875,30.6466666666667,215.0,17.95,30.2,10.5458333333333,27.6333333333333,11.097,10.5,11.25,18.4545454545455,44.25,43.8630434782609,9.90393939393939,21.5872727272727,16.9857142857143,26.705303030303,13.642,8.66003164556962,10.44,20.458064516129,20.4892857142857,320.0,81.9,3995.0,75.0,159.4375,82.7,109.314814814815,44.875,21.25,241.5,194.0,10.3930555555556,125.833333333333,52.5,7.005,38.35,27.85,72.2555555555556,50.9944444444444,50.6042553191489,121.475746268657,82.8565217391304,49.95,38.45,112.0,18.5815217391304,6.7195,96.5,68.0,79.1333333333333,75.7461538461538,531.0,256.5,497.75,208.0,107.5,108.125,235.0,252.75,36.7225,195.5,149.0,86.0,153.0,47.4,69.025,100.5,46.95
37.7318181818182,37.2285714285714,73.5,51.25,101.0,75.0126436781609,10.65,39.2,104.777777777778,29.7,34.95,353.0,194.0,18.6,119.5,380.5,17.45,,24.65,43.95,138.5,27.15,13.1,16.0,25.3945945945946,58.7,252.5,343.5,28.0,44.03125,29.925,18.45,23.65,292.333333333333,230.5,274.0,46.3021739130435,10.998137254902,152.5,,21.25,71.4096654275093,18.44765625,,348.976470588235,229.485294117647,19.5,14.45,109.25,38.0,19.35,20.0403225806452,59.9,23.65,230.5,127.0,26.15,41.5730769230769,78.5615384615385,169.323529411765,56.515625,83.5,67.1,224.0,59.6826086956522,10.904272778721,106.614583333333,165.5,26.6556547619048,23.4,66.7,256.6875,243.642857142857,178.928571428571,37.15,48.375,11.9,29.6,10.1,15.9,14.8533333333333,30.626,215.0,17.9375,30.2,10.5,27.6111111111111,11.09,10.5,11.25,18.476,44.2495412844037,43.8844444444444,9.90125,21.5740740740741,16.9571428571429,26.7014018691589,13.63,8.66,10.4152173913043,20.45625,20.49375,320.0,81.8,3995.0,75.0,159.5,82.7,109.236842105263,44.85,21.25,241.75,194.055555555556,10.3948275862069,126.0,52.5,7.0,38.36,27.9,72.28,50.9,50.7,122.643333333333,82.7,50.0,38.45,112.0,18.5904255319149,6.71947368421053,96.5,67.96,79.11,75.7,531.0,256.5,497.75,208.0,107.5,108.111111111111,235.0,252.5,36.7083333333333,195.5,148.972222222222,86.0,152.75,47.4,69.0,100.5,46.95
37.728125,37.25,73.5435897435897,51.25,101.181818181818,75.1,10.6521739130435,39.15,104.733333333333,29.6625,34.9,352.5,194.0,18.6,119.666666666667,380.5,17.4,,24.7,43.98,138.5,27.15,13.1,15.9761904761905,25.3909090909091,58.7,252.5,343.5,28.0,44.025,29.95,18.45,23.65,292.333333333333,230.5,274.0,46.3088235294118,11.0008921644686,152.1,,21.3,71.4070707070707,18.45,,349.107142857143,229.333333333333,19.5,14.4024475524476,109.472222222222,38.0,19.35,20.0450819672131,59.9333333333333,23.675,230.5,127.0,26.15,41.5081818181818,78.5789473684211,169.5,56.5333333333333,83.5,67.0,224.0,59.6714285714286,10.9278409090909,106.534090909091,165.6,26.67,23.4,66.8,256.909090909091,243.75,178.772727272727,37.15,48.35,11.9,29.6,10.1,15.9,14.85,30.6008333333333,215.0,17.95,30.2,10.5,27.6181818181818,11.1,10.5,11.25,18.4629032258064,44.2411764705882,43.874,9.90210526315789,21.5666666666667,16.996511627907,26.7046052631579,13.6380952380952,8.6625,10.4066666666667,20.4512195121951,20.4602564102564,320.0,81.8,3995.0,75.0,159.3,82.8,109.083333333333,44.9,21.2280821917808,241.5,194.166666666667,10.3916666666667,126.0,52.45,7.00111111111111,38.375,27.9,72.2875,50.9,50.7,122.948275862069,82.4363636363636,50.0,38.45,112.0,18.5947368421053,6.71236111111111,96.5,67.9888888888889,79.0218181818182,75.7,531.0,256.5,497.75,208.0,107.5,108.1,235.0,252.5,36.7133333333333,195.25,148.5,86.0,152.75,47.55,69.0,100.5,46.95
37.715625,37.2294117647059,73.55,51.25,101.2,75.0857142857143,10.65,39.15,104.714285714286,29.65,34.9333333333333,352.833333333333,194.0,18.6,119.583333333333,380.5,17.45,,24.65,43.9583333333333,138.5,27.15,13.0583333333333,15.9571428571429,25.3972972972973,58.7,252.892857142857,343.5,28.0,44.0214285714286,29.95,18.45,23.65,292.333333333333,230.5,274.0,46.3333333333333,11.0140845070423,152.4,,21.2857142857143,71.4194029850746,18.45,,349.0,229.328571428571,19.5,14.42,109.375,38.05,19.35,20.0,59.96,23.6625,230.5,127.0,26.1,41.55625,78.5625,169.25,56.5673469387755,83.47,67.0,224.333333333333,59.6428571428571,10.9075757575758,106.655172413793,165.5,26.6671232876712,23.3916666666667,66.7666666666667,257.0,243.833333333333,179.0,37.1370967741935,48.3857142857143,11.9067307692308,29.5785714285714,10.1183333333333,15.9,14.8611111111111,30.6009900990099,215.0,17.94,30.2,10.55,27.62,11.0954545454545,10.4833333333333,11.25,18.4659090909091,44.247619047619,43.85,9.90470588235294,21.6,16.9714285714286,26.7131944444444,13.65,8.66588235294118,10.4474137931034,20.4545454545455,20.4588235294118,319.833333333333,81.8,3990.0,74.9,159.5,82.7,109.266666666667,44.8833333333333,21.235,242.083333333333,194.375,10.3933333333333,126.0,52.4,7.0,38.375,27.9,72.3,50.9,50.7,123.097826086957,82.2736842105263,50.0,38.45,112.0,18.5888888888889,6.715,96.4074074074074,67.975,79.0222222222222,75.7133333333333,531.0,256.5,497.75,208.0,108.0,108.1,235.0,252.5,36.7318181818182,195.0,148.5,85.9,153.0,47.55,69.0,100.5,46.95
37.7357142857143,37.2444444444444,73.562962962963,51.3,101.166666666667,75.0833333333333,10.65,39.2,104.769230769231,29.65,34.9,352.833333333333,194.0,18.625,119.5,380.5,17.45,,24.65,43.95,138.5,27.15,13.1,15.9854166666667,25.3911111111111,58.7,252.5,343.5,28.0,44.05,30.0,18.45,23.65,292.333333333333,230.5,274.0,46.35,11.0307692307692,152.375,,21.2642857142857,71.4375,18.45,,348.8,229.459459459459,19.5090909090909,14.409375,109.25,38.0,19.35,20.05,59.9,23.6590909090909,230.5,127.0,26.1,41.5722222222222,78.56,169.0,56.5878787878788,83.3904761904762,67.0,224.333333333333,59.6833333333333,10.9256097560976,106.576086956522,165.5,26.6643518518519,23.4,66.8,256.75,243.5,178.888888888889,37.1369047619048,48.4,11.9014705882353,29.5028301886793,10.1192307692308,15.9,14.8666666666667,30.6,215.0,17.95,30.2,10.55,27.6125,11.0827586206897,10.5,11.25,18.4777777777778,44.26125,43.852027027027,9.90166666666667,21.6,16.9782608695652,26.7028846153846,13.6115384615385,8.66333333333333,10.4216666666667,20.4719879518072,20.4811111111111,319.833333333333,81.8,3990.0,75.0,159.272727272727,82.7,109.391304347826,44.85,21.2333333333333,242.2,193.931034482759,10.3923076923077,126.0,52.4,6.99857142857143,38.375,27.9,72.3,50.9,50.65,123.0,82.2085365853659,50.0,38.45,112.0,18.5964285714286,6.72,96.4533333333333,67.9777777777778,79.0941176470588,75.763829787234,531.0,256.5,497.75,208.0,107.5,108.125,235.0,252.5,36.75,195.5,148.5,85.9,153.0,47.475,68.95,100.5,46.95
37.725,37.2458333333333,73.571875,51.25,101.142857142857,75.0555555555556,10.65,39.2,104.653846153846,29.6615384615385,34.904347826087,352.833333333333,194.0,18.625,119.5,380.833333333333,17.462962962963,,24.65,43.9979591836735,138.5,27.15,13.1,15.9733333333333,25.3978723404255,58.7,252.5,343.5,28.0,44.05,30.0,18.5,23.65,292.333333333333,230.5,274.0,46.398275862069,11.0374100719424,152.431034482759,,21.3,71.4972222222222,18.4571428571429,,349.534146341463,229.290697674419,19.5049382716049,14.4333333333333,109.454545454545,38.0,19.3583333333333,20.0,59.9,23.675,230.5,127.0,26.146875,41.5555555555556,78.6698113207547,169.0,56.5269230769231,83.3,67.0,224.5,59.625,10.9173469387755,106.5,165.791666666667,26.655325443787,23.3571428571429,66.8,256.961538461538,243.9,179.096296296296,37.1863636363636,48.3928571428571,11.93125,29.55,10.1166666666667,15.95,14.8825,30.6214285714286,215.0,17.9496655518395,30.21,10.55,27.6178571428571,11.0991228070175,10.5,11.25,18.4785714285714,44.2701149425287,43.8736363636364,9.9,21.6336956521739,16.9986486486487,26.71,13.63,8.66833333333333,10.4096774193548,20.4517699115044,20.4855072463768,320.0,81.8,3992.5,75.0857142857143,159.5,82.7,109.125,44.85,21.2553633217993,241.75,193.941176470588,10.3571428571429,126.0,52.4666666666667,6.99857142857143,38.3571428571429,27.9,72.3,50.9,50.65,122.96,82.1916666666667,50.0,38.4,112.0,18.5852941176471,6.73,96.4285714285714,67.9833333333333,79.1875,75.765,531.0,256.5,498.0,208.0,107.5,108.382352941176,236.0,252.5,36.7571428571429,195.5,149.0,85.9,153.0,47.475,68.95,100.5,46.95
37.748,37.235,73.5580645161291,51.225,101.2,75.096,10.651724137931,39.2,104.75,29.6727272727273,34.8964285714286,352.833333333333,194.0,18.6388888888889,119.5,381.0,17.5,,24.65,44.0009090909091,138.5,27.15,13.05,16.0,25.3991869918699,58.7,252.5,343.5,28.0,44.1,30.0,18.5,23.65,292.333333333333,230.5,274.0,46.375,11.0508377425044,152.166666666667,,21.3,71.5675942028985,18.45,,349.670588235294,229.327586206897,19.504054054054,14.4159340659341,109.482142857143,38.0,19.35,20.05,59.9,23.7,230.0,126.916666666667,26.125,41.6357142857143,78.7486486486487,169.0,56.5066666666667,83.2214285714286,67.0,224.5,59.6821428571429,10.9005617977528,106.913043478261,166.0,26.6230769230769,23.39,66.8,257.0,243.5625,179.478260869565,37.2,48.40625,11.9166666666667,29.55,10.15,15.95,14.8980769230769,30.6269230769231,215.0,17.95,30.21,10.55,27.62,11.1,10.45,11.25,18.4941860465116,44.3,43.8757142857143,9.901,21.6212962962963,16.985,26.7094827586207,13.6396551724138,8.66608695652174,10.4119047619048,20.45,20.4578947368421,320.0,81.8,3990.0,75.0,159.461538461538,82.7,109.107142857143,44.85,21.2857142857143,242.0,193.5,10.3984375,126.0,52.5,6.99857142857143,38.35,27.9,72.3,50.9,50.7,123.568702290076,82.2,49.85,38.4,112.375,18.565,6.73,96.4833333333333,67.985,79.2,75.75,531.0,256.5,498.5,208.0,108.0,108.125,235.0,252.5,36.7571428571429,195.5,149.0,85.9,153.0,47.55,68.95,100.5,46.95
37.7354838709677,37.2441176470588,73.536,51.3,101.142857142857,75.1,10.6406626506024,39.2,104.9,29.6722222222222,34.8666666666667,352.5,194.0,18.6083333333333,119.5,382.0,17.4953333333333,,24.65,44.0388888888889,138.5,27.15,13.1,15.9970588235294,25.3972972972973,58.7,252.5,343.5,28.05,44.0928571428571,29.95,18.5,23.65,292.333333333333,230.5,274.0,46.3666666666667,11.0981366459627,152.25,,21.3688405797101,71.8,18.45,,350.218468468468,229.192307692308,19.5346153846154,14.45,109.411764705882,37.975,19.35,20.00625,59.98,23.675,230.333333333333,126.666666666667,26.1083333333333,41.6166666666667,78.8315789473684,169.0,56.54,83.1833333333333,67.1,224.25,59.6052631578947,10.9258823529412,106.583333333333,165.964285714286,26.6,23.4,66.8,257.0,243.8125,179.423728813559,37.2,48.425,11.9,29.55,10.125,15.95,14.8526315789474,30.6142857142857,215.0,17.9382352941176,30.2277777777778,10.5,27.6346153846154,11.1,10.5,11.25,18.455,44.3,43.8536144578313,9.9,21.6354166666667,16.955,26.7232558139535,13.6361111111111,8.66905349794239,10.4238095238095,20.4518656716418,20.4536585365854,320.0,81.8,3995.0,75.0,160.0,82.6944444444444,109.166666666667,44.85,21.2791666666667,242.5,193.535714285714,10.3955357142857,126.0,52.4428571428571,6.99,38.3833333333333,27.9,72.3,50.9,50.7,123.435779816514,82.25,49.85,38.4,112.0,18.5839449541284,6.73285714285714,96.4714285714286,67.9888888888889,79.2,75.7055555555556,531.0,256.5,498.5,208.0,107.75,108.071428571429,235.0,252.625,36.75,195.0,148.5,85.9,153.0,47.55,68.95,100.5,46.95
37.725,37.2347826086957,73.56875,51.3,101.166666666667,75.05,10.6055555555556,39.1833333333333,104.586206896552,29.68,34.9,353.0,194.0,18.6,119.5,382.0,17.4984649122807,,24.65,44.025,138.5,27.15,13.1,16.0,25.3979166666667,58.7,252.5,343.5,28.05,44.125,29.95,18.5,23.65,292.333333333333,230.5,274.0,46.4,11.0939655172414,152.138888888889,,21.3404761904762,71.8018587360595,18.4462962962963,,350.438388625592,229.210526315789,19.5,14.4480769230769,109.5,38.0,19.35,20.0111111111111,59.9666666666667,23.6551724137931,230.142857142857,126.666666666667,26.15,41.65,78.8818181818182,169.25,56.5048780487805,83.25,67.2285714285714,224.0,59.698275862069,10.9011695906433,106.617647058824,165.673913043478,26.6,23.4,66.8,256.833333333333,243.642857142857,179.640926640927,37.1807692307692,48.425,11.9285714285714,29.55,10.1009615384615,15.95,14.850234741784,30.6015625,215.0,17.9452380952381,30.2,10.55,27.6357142857143,11.0892857142857,10.5,11.25,18.4613636363636,44.2954545454545,43.853,9.903125,21.6493112947658,16.9953488372093,26.7359375,13.65,8.66545454545454,10.425,20.4560747663551,20.4744444444444,319.666666666667,81.85,3995.0,75.075,159.875,82.6944444444444,109.125,44.85,21.3,242.041666666667,193.5,10.4,126.0,52.4833333333333,7.0,38.4,27.8523809523809,72.3,51.0,50.7,123.054347826087,82.1857142857143,49.85,38.4,112.5,18.5888888888889,6.73,96.425,67.9611111111111,79.3,75.7333333333333,531.0,256.5,498.5,208.0,107.875,108.0,235.0,252.625,36.7833333333333,195.0,148.5,85.9,153.0,47.475,68.915,100.5,46.95
37.7083333333333,37.25,73.5647058823529,51.2333333333333,101.21875,75.08125,10.6166666666667,39.175,104.611111111111,29.6625,34.85,353.0,194.0,18.625,119.5,382.392857142857,17.5357142857143,,24.65,44.0470588235294,138.5,27.15,13.1,15.9777777777778,25.3882352941176,58.7,252.5,343.5,28.05,44.15,30.0,18.45,23.65,292.333333333333,230.5,274.0,46.38125,11.0995840266223,152.346153846154,,21.3548507462687,71.7894736842105,18.45,,350.535294117647,229.34,19.5,14.4321428571429,109.333333333333,38.0,19.35,20.0394736842105,59.9944444444445,23.7,230.5,127.0,26.15,41.65,79.0175595238095,169.0,56.5470588235294,83.3,67.25,224.0,59.6913043478261,10.9067415730337,106.541095890411,165.653846153846,26.5989583333333,23.35,66.8,257.0,243.928571428571,179.595890410959,37.1961538461538,48.3870967741935,11.9,29.55,10.1038461538462,15.95,14.8545454545455,30.6,215.0,17.9388888888889,30.25,10.55,27.6444444444444,11.0928571428571,10.5,11.2884615384615,18.4846153846154,44.2933333333333,43.86,9.905,21.6392857142857,16.97421875,26.7011904761905,13.6409090909091,8.66846153846154,10.42,20.463475177305,20.5029014844804,319.666666666667,81.85,4000.0,75.0,159.8,82.6944444444444,109.375,44.85,21.3,242.166666666667,193.75,10.392619047619,126.0,52.5,7.0,38.3520833333333,27.85,72.275,51.0,50.7,123.027777777778,82.1875,49.8055555555556,38.4083333333333,112.333333333333,18.5947327044025,6.73196078431373,96.4857142857143,67.9866666666667,79.22,75.7352941176471,531.0,256.5,498.5,208.0,108.041420118343,108.1875,235.0,252.625,36.7833333333333,195.5,148.5,85.9,153.0,47.475,68.9,100.5,46.95
37.7333333333333,37.25,73.5769230769231,51.3,101.25,75.1,10.65,39.175,104.666666666667,29.7,34.8916666666667,353.0,194.0,18.6,119.5,381.0,17.55,,24.65,44.05,138.5,27.15,13.1,15.9722222222222,25.3880952380952,58.8,252.8,343.5,28.05,44.15,29.95,18.45,23.7,292.333333333333,230.5,274.0,46.3714285714286,11.1,152.272727272727,,21.37,71.8,18.4071428571429,,350.978021978022,229.434426229508,19.5,14.445,109.409090909091,37.95,19.36,20.05,59.990625,23.675,230.5,126.75,26.13,41.65125,79.1807142857143,169.0,56.5,83.325,67.25,224.0,59.6333333333333,10.9244186046512,106.575,165.722222222222,26.5612903225806,23.3666666666667,66.8,256.588235294118,243.625,179.89,37.2,48.4,11.90625,29.55,10.1365384615385,15.95,14.8541666666667,30.62265625,215.0,17.9363636363636,30.25,10.5,27.65,11.0875,10.4666666666667,11.25,18.4774193548387,44.295,43.865,9.90884892086331,21.6411764705882,16.97,26.7029032258064,13.6380952380952,8.66625,10.41875,20.4741721854305,20.546875,319.666666666667,81.85,4000.0,75.1,159.875,82.6944444444444,109.045454545455,44.85,21.3,242.3,193.692307692308,10.4,126.0,52.5255319148936,6.99666666666667,38.3833333333333,27.9,72.2833333333333,51.0,50.6705882352941,122.857142857143,82.1846153846154,49.8055555555556,38.45,112.333333333333,18.6073529411765,6.73,96.4428571428572,67.95,79.3,75.7,531.0,256.5,498.5,208.0,108.5,108.125,234.9,252.75,36.7666666666667,195.5,148.5,85.9,152.5,47.475,68.9,100.5,46.95
37.725,37.2411764705882,73.5833333333333,51.3,101.239130434783,75.0833333333333,10.62,39.175,104.6,29.6525,34.8916666666667,352.5,194.0,18.59375,119.5,381.75,17.5375,,24.65,44.0,138.5,27.15,13.05,15.9638888888889,25.399907063197,58.8,252.8,343.5,28.0,44.098275862069,29.95,18.45,23.6833333333333,292.333333333333,230.5,274.0,46.3642857142857,11.0992331288344,152.1,,21.35,71.782,18.45,,350.346153846154,229.21359223301,19.5,14.4494444444444,109.5,37.95,19.35,20.015,60.0,23.7,230.5,126.75,26.1083333333333,41.6875,78.9935483870968,169.0,56.5444444444445,83.3125,67.3,224.0,59.7,10.9065217391304,106.578947368421,165.833333333333,26.55,23.4,66.8,256.5,243.708333333333,179.535353535354,37.2307692307692,48.45,11.9,29.55,10.125,15.95,14.8692307692308,30.6166666666667,215.0,17.9469696969697,30.2,10.5,27.65,11.0875,10.45,11.25,18.4772727272727,44.2525,43.8551724137931,9.90771428571428,21.6472222222222,16.9723684210526,26.7133720930233,13.6214285714286,8.66931034482758,10.4375,20.4578358208955,20.548275862069,319.75,81.85,4000.0,75.125,160.0,82.6944444444444,109.136363636364,44.85,21.2944444444444,241.785714285714,193.5,10.4,126.0,52.634375,6.99666666666667,38.3833333333333,27.8583333333333,72.28,51.0,50.7,122.519230769231,82.2,49.8055555555556,38.45,112.0,18.6421875,6.72955223880597,96.40625,68.0,79.3727272727273,75.7,531.0,256.5,498.75,208.0,109.024285714286,108.2,234.5,253.0,36.7666666666667,195.5,148.5,85.9,152.5,47.475,68.9142857142857,100.5,46.95
37.7333333333333,37.2404761904762,73.55,51.2,101.115384615385,75.08,10.6096153846154,39.2,104.65,29.65,34.9,352.5,194.0,18.6,119.5,381.0,17.5,,24.65,43.9928571428571,138.25,27.15,13.05,16.0,25.3978260869565,58.9,253.0,343.5,28.0,44.05,30.0,18.45,23.65,292.333333333333,230.5,274.0,46.4,11.1054744525547,152.261904761905,,21.35,71.7725,18.4428571428571,,349.606060606061,229.268292682927,19.5,14.45,109.385714285714,37.95,19.35,20.015,60.009375,23.6711538461538,230.5,127.0,26.1,41.6840909090909,79.01,169.166666666667,56.5090909090909,83.2,67.3,224.0,59.692,10.9115789473684,106.5125,165.666666666667,26.55,23.4,66.8,256.555555555556,243.6875,179.453703703704,37.2166666666667,48.45,11.9,29.55,10.1,15.95,14.8916666666667,30.6,215.0,17.95,30.25,10.55,27.65,11.0676470588235,10.4541666666667,11.2462962962963,18.4846153846154,44.2625,43.8916666666667,9.91,21.6434210526316,16.9593023255814,26.7035714285714,13.65,8.6695,10.4069444444444,20.4522727272727,20.54125,319.75,81.85,3998.75,75.1444444444445,159.666666666667,82.59375,109.166666666667,44.85,21.3,242.0,193.625,10.3984375,126.0,52.8277467411546,6.99666666666667,38.3666666666667,27.8390625,72.2230769230769,51.0,50.695,122.666666666667,82.0351351351351,49.8055555555556,38.45,112.0,18.65,6.72172413793103,96.404347826087,67.9733333333333,79.3526315789474,75.6348484848485,531.0,256.5,498.75,208.0,109.0,108.333333333333,234.5,253.0,36.7666666666667,195.59756097561,149.0,85.9,152.5,47.4,69.0,101.0,46.95
37.735,37.2380952380952,73.5833333333333,51.3,101.291666666667,75.0625,10.60625,39.2,104.538461538462,29.6625,34.9,352.5,194.0,18.55,119.5,381.5,17.5,,24.65,43.9541666666667,138.0,27.15,13.05,16.0,25.3967741935484,58.9,253.0,343.5,28.0,44.1,30.0,18.475,23.65,292.333333333333,230.5,274.0,46.39,11.1002109704641,152.25,,21.35,71.8,18.45,,349.03125,229.363636363636,19.503125,14.5,109.142857142857,37.9002475247525,19.3923076923077,20.0178571428571,60.0823529411765,23.7,230.5,126.5,26.1166666666667,41.7,79.0034482758621,169.166666666667,56.5043478260869,83.2,67.3,224.0,59.7,10.9,106.719298245614,165.5,26.5175324675325,23.45,66.8,256.5,243.583333333333,179.035714285714,37.2125,48.45,11.9266666666667,29.55,10.1038461538462,15.95,14.8861111111111,30.6,215.0,17.9388888888889,30.25,10.55,27.65,11.0555147058824,10.4666666666667,11.2,18.4916666666667,44.2588235294118,43.85703125,9.90777777777778,21.6457894736842,16.9719512195122,26.7,13.6391304347826,8.66580645161291,10.409375,20.4526737967914,20.55,320.0,81.85,3998.75,75.1333333333333,159.666666666667,82.7,109.0,44.85,21.2961538461538,241.95,193.55,10.3985294117647,126.0,52.8104166666667,6.99,38.3666666666667,27.85,72.2666666666667,51.0,50.6583333333333,122.8,81.9222222222222,49.8055555555556,38.45,112.0,18.647619047619,6.72,96.4076923076923,67.9714285714286,79.3375,75.5685185185185,531.0,256.5,498.75,208.0,109.0,108.166666666667,234.5,252.5,36.7666666666667,196.0,148.5,85.9,152.5,47.4,69.0,101.0,46.95
37.7410714285714,37.2423076923077,73.575,51.3,101.138888888889,75.0266666666667,10.6166666666667,39.1877551020408,104.482421875,29.7,34.88,352.5,193.5,18.6,119.5,382.555555555555,17.5166666666667,,24.65,43.97,138.5,27.15,13.1,16.0,25.3822033898305,58.9,253.0,343.5,28.0,44.15,30.0,18.475,23.65,292.333333333333,230.5,274.0,46.3821428571428,11.1004273504274,152.166666666667,,21.307805907173,71.8003773584906,18.45,,348.547619047619,229.5,19.51,14.5,109.3,37.95,19.35,20.0083333333333,60.0333333333333,23.65,230.5,126.5,26.15,41.725,78.9029411764706,169.0,56.5322580645161,83.32,67.2,224.0,59.6990384615385,10.9129441624365,106.529411764706,165.6,26.55,23.45,66.8,256.7,243.8,179.0,37.248717948718,48.45,11.9,29.55,10.1,15.95,14.8513513513513,30.6006756756757,215.0,17.95,30.25,10.53,27.6318181818182,11.1,10.49,11.238,18.4805555555556,44.275,43.8666666666667,9.90971428571428,21.6491379310345,16.9887096774194,26.7074074074074,13.6315789473684,8.6614606741573,10.412,20.4573333333333,20.55,320.0,81.9,3998.75,75.1333333333333,159.947368421053,82.61875,109.1,44.9,21.2846153846154,241.857142857143,193.5,10.4,126.0,52.8,6.98,38.3666666666667,27.85,72.3,51.0,50.6444444444445,122.5,81.7428571428571,49.8055555555556,38.45,112.0,18.65,6.72,96.4130434782609,67.9818181818182,79.44,75.5887096774194,531.0,256.0,498.75,208.0,109.0,108.5,234.5,252.5,36.7666666666667,196.5,148.5,85.9,152.5,47.6,69.05,101.0,46.95
37.7133333333333,37.2388888888889,73.5925925925926,51.3,101.05,75.0666666666667,10.6,39.25,104.416666666667,29.7,34.85,353.0,194.0,18.6,120.0,383.0,17.547311827957,,24.65,43.9428571428571,138.5,27.15,13.1,16.0,25.397619047619,58.9,253.0,343.5,28.05,44.15,30.0,18.5,23.65,292.333333333333,230.5,274.0,46.36,11.1,152.25,,21.3395348837209,71.8449152542373,18.45,,349.0,229.51356238698,19.5527190332326,14.4583333333333,109.5,37.95,19.35,20.00625,60.05,23.66,230.5,126.5,26.15,41.7333333333333,78.8866666666667,169.375,56.5185185185185,83.2181818181818,67.3,224.0,59.68,10.9,106.568965517241,165.625,26.5788235294118,23.425,66.8,256.7,243.675,178.935897435897,37.25,48.4,11.9166666666667,29.55,10.1418367346939,15.95,14.85,30.5996666666667,215.0,17.9476744186046,30.25,10.5,27.65,11.1,10.45,11.2444444444444,18.4975,44.27,43.8705357142857,9.90956521739131,21.6441176470588,16.9770833333333,26.7015625,13.6388888888889,8.66976470588235,10.4117647058824,20.4612781954887,20.5470873786408,320.0,81.8,3998.33333333333,75.1333333333333,159.857142857143,82.6,109.275,44.9,21.3,241.857142857143,193.75,10.3975609756098,126.0,52.7142857142857,6.99,38.3722222222222,27.875,72.2090909090909,51.0,50.7,122.5,82.0676470588235,49.8055555555556,38.425,112.25,18.6462962962963,6.71958333333333,96.4,67.9875,79.4285714285714,75.5269230769231,531.0,256.0,498.75,208.0,109.0625,108.083333333333,234.5,253.0,36.8,196.5,148.5,85.9,152.5,47.6,69.05,101.0,46.95
37.735,37.2361111111111,73.5724137931035,51.2333333333333,101.214285714286,75.05,10.6,39.25,104.111111111111,29.7,34.94,353.0,194.0,18.6166666666667,119.5,382.7,17.5486413043478,,24.65,43.9785714285714,138.5,27.15,13.1,16.0,25.3925925925926,58.9,253.0,343.5,28.075,44.11,30.0,18.4973684210526,23.65,292.0,230.5,274.0,46.375,11.1,152.294117647059,,21.3166666666667,71.8467391304348,18.4447368421053,,349.0,229.69801980198,19.5714285714286,14.4875,109.25,38.0175675675676,19.35,20.0083333333333,60.1357142857143,23.7,230.25,127.0,26.15,41.7,78.9,169.0,56.5,83.2428571428572,67.3365853658537,224.0,59.7,10.9259900990099,106.558510638298,165.604166666667,26.6,23.4333333333333,66.8,256.975903614458,243.666666666667,178.914285714286,37.25,48.4,11.9214285714286,29.55,10.15,15.95,14.865625,30.5989583333333,215.0,17.9469387755102,30.2553571428571,10.55,27.65,11.0714285714286,10.5,11.2481927710843,18.4833333333333,44.275,43.8569444444445,9.9107874015748,21.6427083333333,16.9638888888889,26.7223958333333,13.608,8.664,10.40625,20.4746794871795,20.55,320.0,81.8,4000.0,75.1666666666667,159.875,82.525,109.36,44.9,21.3,241.9375,193.441176470588,10.375462962963,125.875,52.7473684210526,6.99,38.3571428571429,27.875,72.2526315789474,51.0,50.6071428571428,122.5,82.441975308642,49.8055555555556,38.4,112.25,18.6321428571429,6.71958333333333,96.3928571428572,67.975,79.4,75.4910891089109,531.0,256.0,498.75,208.0,109.0,108.2,234.5,253.0,36.8,196.75,148.5,85.9,152.5,47.55,69.1,101.0,46.95
37.7397727272727,37.24375,73.58,51.25,101.291666666667,75.0428571428571,10.6,39.25,104.2,29.6586956521739,34.9,353.0,194.071428571429,18.6416666666667,119.5,382.5,17.5861111111111,,24.65,43.9,138.5,27.15,13.075,15.9633333333333,25.3985294117647,58.9,253.0,343.5,28.075,44.1,30.0,18.4823529411765,23.7,292.0,230.5,274.0,46.3833333333333,11.1,152.071428571429,,21.3285714285714,71.8818181818182,18.4375,,348.99,229.676470588235,19.5522727272727,14.49375,109.289473684211,38.0833333333333,19.35,20.0090909090909,60.1875,23.6666666666667,230.5,127.0,26.1333333333333,41.6537313432836,78.8888888888889,169.166666666667,56.5157894736842,83.2,67.5,224.0,59.7,10.9011363636364,106.5625,165.625,26.6,23.45,66.8,257.822289156627,243.6,178.833333333333,37.25,48.35,11.9,29.55,10.1428571428571,15.95,14.8571428571429,30.6,215.0,17.945,30.27,10.55,27.6113636363636,11.1,10.4833333333333,11.2333333333333,18.5,44.2914285714286,43.8670212765957,9.91944444444444,21.6333333333333,16.9880434782609,26.7228260869565,13.6275862068966,8.66,10.4205882352941,20.4656028368794,20.5442307692308,320.0,81.8,4000.0,75.2,160.0,82.4614035087719,109.15,44.89,21.2833333333333,242.0,193.321428571429,10.3636363636364,125.5,52.7916666666667,6.99611111111111,38.3666666666667,27.875,72.1954545454546,50.9,50.6916666666667,122.5,82.4277777777778,49.8055555555556,38.4,112.25,18.644,6.73,96.3307692307692,67.9888888888889,79.4,75.4893617021277,531.0,256.5,498.75,208.0,109.055555555556,108.125,235.0,252.5,36.85,196.5,148.5,85.9,152.5,47.4,69.1,101.0,46.95
37.7736040609137,37.1926470588235,73.6431623931624,51.3,101.166666666667,75.08,10.622,39.25,104.119047619048,29.6615384615385,34.9375,353.0,194.071428571429,18.62,119.5,382.375,17.5943548387097,,24.65,43.9,138.5,27.15,13.075,15.9932432432432,25.4033980582524,58.9,252.95,343.5,28.075,44.15,30.0,18.5,23.7,292.0,230.5,274.0,46.4036697247706,11.1004347826087,152.275,,21.3682170542636,71.8212121212121,18.4,,348.866666666667,229.775362318841,19.55,14.5,109.428571428571,38.1,19.35,20.0222222222222,60.2,23.6666666666667,230.0,126.833333333333,26.15,41.6,78.9285714285714,169.25,56.5238095238095,83.2222222222222,67.4777777777778,224.0,59.7014705882353,10.9009090909091,106.65625,165.533333333333,26.6,23.4576923076923,66.9,258.371794871795,243.722222222222,178.946428571429,37.2,48.4069444444444,11.9166666666667,29.55,10.1416666666667,15.95,14.85,30.6,215.458333333333,17.9189655172414,30.2214285714286,10.55,27.6113636363636,11.0875,10.4833333333333,11.2390625,18.4916666666667,44.3,43.904359430605,9.9210625,21.6482905982906,16.9694444444444,26.7219512195122,13.628125,8.66763888888889,10.4058823529412,20.458203125,20.5347826086956,320.0,81.8,4000.0,75.2,160.125,82.40625,109.222222222222,44.925,21.3,242.0,193.3125,10.3945945945946,126.066666666667,52.8,6.98428571428571,38.4,27.9,72.1935483870968,50.9,50.7,123.033333333333,82.3923076923077,49.95,38.4,112.333333333333,18.65,6.73,96.288524590164,67.9727272727273,79.4,75.6,531.0,256.5,498.75,208.0,109.166666666667,108.1,235.0,253.0,36.85,196.5,148.5,85.9,152.5,47.4,69.1,101.0,46.95
37.7770833333333,37.2,73.7316239316239,51.4,101.1,75.08,10.6375,39.25,104.166666666667,29.65,34.9388888888889,352.5,194.071428571429,18.62,119.5,382.5,17.5833333333333,,24.65,43.9875,138.5,27.15,13.1,16.0,25.4123287671233,58.9,253.0,343.0,28.075,44.15,30.0,18.5,23.7,292.0,230.5,273.75,46.4388888888889,11.1,152.433333333333,,21.3964285714286,71.8259574468085,18.45,,349.0,229.669491525424,19.55,14.5,109.409090909091,38.1,19.36,20.0076923076923,60.1666666666667,23.67,230.0,126.666666666667,26.1333333333333,41.6785714285714,79.00375,169.5,56.558064516129,83.1571428571429,67.4,224.0,59.75,10.908203125,106.621621621622,165.5,26.6,23.45,66.9,258.794117647059,243.666666666667,178.833333333333,37.2,48.45,11.9,29.55,10.1,15.95,14.8552631578947,30.6496336996337,215.0,17.9142857142857,30.25,10.55,27.6492248062015,11.0892857142857,10.4833333333333,11.25,18.4909090909091,44.3012987012987,43.9453125,9.92655172413793,21.615625,16.9827586206897,26.7094594594595,13.6428571428571,8.66305555555556,10.4047619047619,20.4546511627907,20.5458333333333,320.0,81.8,4000.0,75.1,160.125,82.4304347826087,109.0,44.95,21.255,241.666666666667,193.409090909091,10.3836956521739,126.066666666667,52.8,6.99,38.39,27.9,72.2,50.9,50.7,123.333333333333,82.4571428571429,49.92,38.4,112.375,18.6466666666667,6.72,96.25,67.9666666666667,79.4333333333333,75.5363636363636,531.0,256.5,498.75,208.0,109.083333333333,108.1,235.0,253.0,36.8045454545455,196.5,148.5,85.9,152.5,47.4,69.1,101.0,46.95
37.7973684210526,37.2,73.7448275862069,51.35,101.25,75.1,10.6,39.25,104.132352941176,29.6,34.95,352.5,194.0,18.62,119.5,382.583333333333,17.5916666666667,,24.65,43.95,138.5,27.15,13.1,16.0,25.4280487804878,58.9,253.03125,343.0,28.1,44.1,30.0,18.475,23.7,292.5,230.5,273.75,46.425,11.1125,152.289473684211,,21.36,71.8136363636364,18.45,,346.90031152648,229.7,19.55,14.5,109.45,38.0875,19.35,20.0166666666667,60.1666666666667,23.7,230.5,126.9,26.15,41.7,79.1,169.3,56.5464285714286,83.0076388888889,67.5,224.125,59.76,10.9259900990099,106.533333333333,165.5,26.6,23.45,66.9,259.0,243.666666666667,178.095454545455,37.2,48.45,11.9,29.5375,10.1075,15.95,14.85,30.7,215.0,17.9233333333333,30.25,10.5166666666667,27.65,11.1,10.475,11.25,18.4948275862069,44.2576923076923,43.9378787878788,9.91846153846154,21.6277777777778,16.9984848484848,26.712962962963,13.6384615384615,8.66514285714286,10.435,20.4527777777778,20.5366666666667,320.0,81.8,4000.0,75.0142857142857,160.333333333333,82.4304347826087,109.453125,44.9,21.25,241.521739130435,193.051724137931,10.3513157894737,126.125,52.8,6.98086956521739,38.356,27.9,72.2,50.9,50.7133333333333,123.0,82.5666666666667,49.92,38.4,112.5,18.6461538461538,6.72666666666667,96.2583333333333,67.96,79.4333333333333,75.55,531.0,256.5,498.75,208.0,109.0,108.166666666667,235.0,253.0,36.8222222222222,196.5,148.5,86.0,152.5,47.4,69.1,101.0,46.95
37.7825,37.1795454545455,73.7114285714285,51.4,101.166666666667,75.0333333333333,10.6178571428571,39.25,104.058823529412,29.6,34.9714285714286,352.75,194.454545454545,18.6375,119.5,383.0,17.547947761194,,24.65,43.96875,138.5,27.15,13.1,16.0,25.41875,58.9,253.0,343.0,28.1,44.15,29.975,18.47,23.7,292.5,231.0,273.75,46.4136363636364,11.1,152.4375,,21.4,71.8008547008547,18.4166666666667,,345.656565656566,229.78125,19.5492857142857,14.4913793103448,109.323529411765,38.1,19.35,20.0214285714286,60.2,23.7,230.0,126.9,26.1111111111111,41.7,79.0783783783784,169.0,56.5105263157895,82.6507246376812,67.5666666666667,224.0,59.7153846153846,10.9005050505051,106.6015625,165.5,26.6,23.4555555555556,66.9,259.022727272727,243.625,177.879746835443,37.2,48.45,11.9285714285714,29.5,10.1096153846154,15.95,14.8625,30.7,215.0,17.940243902439,30.25,10.55,27.65,11.0777777777778,10.5,11.25,18.4727272727273,44.3,43.9296296296296,9.91181818181818,21.6167857142857,16.9991666666667,26.7092391304348,13.6321428571429,8.66416666666666,10.4053571428571,20.4503333333333,20.5375,320.0,81.8,3997.5,75.0,160.5,82.4304347826087,109.318181818182,44.9,21.25,240.815789473684,193.111111111111,10.3989361702128,126.125,52.7875,6.99,38.3657894736842,27.85,72.2046511627907,50.9,50.79,123.0,82.51,49.92,38.4,112.5,18.6428571428571,6.73,96.2565217391304,67.9666666666667,79.4,75.5333333333333,534.0,256.5,498.75,208.0,109.0,108.1,234.5,253.0,36.84,196.5,148.666666666667,86.0,152.5,47.475,69.05,101.0,46.95
37.797619047619,37.2,73.7882352941176,51.4,101.333333333333,75.1,10.6,39.25,104.111111111111,29.625,34.95,353.0,194.454545454545,18.65,119.5,382.0,17.55,,24.65,43.96,138.5,27.2,13.1,15.975,25.4333333333333,58.9,253.0,343.0,28.05,44.15,29.95,18.4666666666667,23.65,292.5,231.0,273.5,46.4357142857143,11.1,152.333333333333,,21.36875,71.7018348623853,18.4458333333333,,346.093023255814,229.840425531915,19.5179104477612,14.5,109.318181818182,38.1,19.3416666666667,20.0,60.2,23.6642857142857,230.375,127.0,26.1,41.6933333333333,79.1815789473684,169.0,56.5609756097561,82.590625,67.5666666666667,224.0,59.7166666666667,10.9,106.673913043478,164.991228070175,26.5966666666667,23.45,66.9,258.7,243.666666666667,178.0,37.2,48.45,11.9153846153846,29.4842105263158,10.1117647058823,15.9,14.8733333333333,30.65,215.0,17.9090909090909,30.25,10.55,27.62,11.08,10.45,11.25,18.5,44.2933333333333,43.95,9.92,21.601912568306,16.9916666666667,26.7031818181818,13.6287878787879,8.66241379310345,10.4035714285714,20.4736486486486,20.5352941176471,319.666666666667,81.8,3997.5,75.0,160.166666666667,82.5,109.25,44.9,21.2642857142857,240.5,193.0,10.4,126.0,52.7375,6.98142857142857,38.35,27.85,72.3,51.0,50.8,123.0,82.4083333333333,49.9,38.4,112.5,18.65,6.72,96.24,67.98,79.4,75.5666666666667,534.0,256.5,498.75,208.0,108.588235294118,108.0,234.5,253.25,36.85,196.5,148.666666666667,86.0,152.5,47.475,69.0,100.5,46.9533333333333
37.7928571428571,37.1966666666667,73.7785714285714,51.3833333333333,101.333333333333,75.0333333333333,10.6,39.25,104.194444444444,29.6,35.0,353.0,194.454545454545,18.65,119.5,381.4375,17.55,,24.65,43.9833333333333,138.5,27.2,13.1,15.95,25.436,58.9,253.458333333333,343.0,28.05,44.15,29.95,18.4666666666667,23.65,293.0,231.0,273.5,46.4045454545455,11.1,152.375,,21.3607142857143,71.7165048543689,18.4416666666667,,344.816176470588,229.573170731707,19.5,14.46,109.5,38.09,19.3357142857143,20.0,60.2,23.6583333333333,230.5,127.0,26.1,41.65,79.272131147541,169.5,56.5254901960784,82.6684210526316,67.6,224.0,59.78,10.9,106.62962962963,165.0,26.6107142857143,23.4944444444444,66.9,258.5,243.571428571429,177.841176470588,37.225,48.45,11.9181818181818,29.5,10.1373134328358,15.9,14.85,30.675,215.0,17.925,30.25,10.55,27.65,11.0916666666667,10.5,11.25,18.4942857142857,44.28125,43.918253968254,9.92052631578947,21.6159090909091,16.9868421052632,26.7393442622951,13.6305555555556,8.6642,10.422,20.4528735632184,20.5259259259259,319.833333333333,81.8,3995.0,75.1,160.5,82.575,109.384615384615,44.9,21.2758620689655,240.416666666667,193.0,10.3864864864865,125.833333333333,52.6959183673469,6.99909090909091,38.3875,27.875,72.3,51.0,50.7933333333333,123.0,82.3,49.9,38.4,112.5,18.6202380952381,6.73,96.2647058823529,67.9666666666667,79.4,75.55,534.0,256.62962962963,500.0,208.0,108.5,108.25,234.5,253.0,36.8375,196.5,149.0,86.0,152.333333333333,47.4,69.0,100.5,46.95
37.7882352941176,37.2,73.7384615384615,51.3,101.25,75.0928571428571,10.6425,39.25,104.06,29.6,34.95,353.5,194.0,18.6022727272727,120.0,381.375,17.55,,24.65,44.0,138.5,27.2,13.1,15.95,25.4209302325581,58.9,253.5,343.0,28.05,44.1333333333333,29.95,18.4666666666667,23.675,293.0,231.0,273.5,46.415671641791,11.1,152.15,,21.375,71.7898550724638,18.43125,,343.006578947368,229.803571428571,19.5,14.46,109.433333333333,38.0833333333333,19.3333333333333,20.025,60.2,23.7,230.5,127.0,26.125,41.7,79.2775862068965,169.5,56.5451612903226,82.8588235294118,67.55,224.0,59.74,10.9065656565657,106.680327868852,165.0,26.6,23.45,66.9,258.875,243.625,177.183673469388,37.15,48.45,11.925,29.5,10.1357142857143,15.95,14.8840909090909,30.65,215.0,17.9428571428571,30.25,10.55,27.65,11.1,10.45,11.25,18.4948275862069,44.2882352941176,43.95,9.92,21.6196666666667,16.9868421052632,26.7311688311688,13.65,8.66672413793103,10.4318181818182,20.4767578125,20.5236111111111,319.857142857143,81.8,4000.0,75.0,160.333333333333,82.5,109.055555555556,44.9,21.25,240.5,192.921875,10.4,125.833333333333,52.7,7.01,38.35625,27.85,72.225,50.9,50.8,122.5,82.34,49.9,38.4,112.5,18.634375,6.729,96.25,67.975,79.3285714285714,75.584,534.0,256.62962962963,500.0,208.0,108.5,108.3,234.5,253.0,36.85,196.5,148.666666666667,86.0,152.333333333333,47.55,69.0,100.5,46.95
37.79,37.2,73.7823529411765,51.3,101.25,75.075,10.65,39.25,104.409090909091,29.6333333333333,35.0,353.5,194.0,18.65,119.933333333333,381.5,17.5227272727273,,24.65,43.95,138.5,27.2,13.1,15.9690476190476,25.4207317073171,58.9,253.5,343.0,28.05,44.15,30.0,18.45,23.675,293.0,231.0,273.75,46.4125,11.1,152.1875,,21.3966666666667,71.7375,18.44375,,344.020833333333,229.920454545455,19.55,14.5,109.15,38.1,19.35,20.004,60.1947368421053,23.7,230.5,127.0,26.1045454545455,41.6666666666667,79.3088495575221,169.375,56.5117647058824,83.0083333333333,67.6,224.125,59.8,10.8983214089158,106.693548387097,165.0,26.55,23.5,66.9,258.7,243.98275862069,177.0,37.15,48.45,11.9083333333333,29.5055555555556,10.1,15.95,14.855,30.7,215.0,17.95,30.25,10.55,27.65,11.0842391304348,10.5,11.25,18.4890625,44.25,43.9354166666667,9.925,21.6,16.9975609756098,26.7112068965517,13.6294117647059,8.6609649122807,10.4166666666667,20.4668604651163,20.5416666666667,319.75,81.8,4000.0,75.0,160.25,82.5,109.361111111111,44.9166666666667,21.275,240.5,192.958333333333,10.4,125.555555555556,52.7,7.01,38.35,27.9,72.3,50.9,50.8118644067796,122.5,82.3666666666667,49.9,38.4,112.0,18.63,6.73,96.2214285714286,67.9833333333333,79.3285714285714,75.6,534.0,256.5,498.25,208.0,108.5,108.375,234.5,253.0,36.84,196.5,148.666666666667,86.0,152.333333333333,47.55,69.0193548387097,101.0,46.95
37.7657894736842,37.2,73.7545454545455,51.3166666666667,101.285714285714,75.05,10.6166666666667,39.25,104.3125,29.65,34.9666666666667,353.5,194.0,18.65,120.0,381.5,17.5,,24.65,43.96,138.5,27.2,13.1,16.0,25.402534562212,58.9,253.5,343.0,28.05,44.1464285714286,30.0,18.4666666666667,23.675,293.0,231.0,273.5,46.42,11.1013513513513,152.071428571429,,21.3605633802817,71.7186046511628,18.4,,343.136363636364,229.59756097561,19.5,14.4911764705882,109.5,38.0666666666667,19.35,20.025,60.1,23.6772727272727,230.008771929825,126.5,26.15,41.6608695652174,79.3,169.4,56.5065217391304,83.0,67.6,224.0,59.775,10.8706896551724,106.588888888889,165.0,26.5509259259259,23.5,66.9,258.6875,243.95,176.893401015228,37.15,48.45,11.91,29.55,10.1,15.95,14.8533333333333,30.65,215.0,17.95,30.2,10.55,27.6502873563218,11.0975,10.5,11.25,18.5,44.2997584541063,43.9564,9.92,21.6186046511628,16.9730769230769,26.703125,13.6261904761905,8.66989481592787,10.432,20.4588709677419,20.5442307692308,319.5,81.8,3995.0,75.0,160.25,82.5,109.125,44.9166666666667,21.28,240.5,192.75,10.3965517241379,125.555555555556,52.7,7.00333333333333,38.3833333333333,27.9,72.3,50.9,50.8166666666667,122.0,82.4222222222222,49.9,38.4,112.5,18.65,6.73,96.25,67.96,79.4,75.65,534.0,256.5,498.25,208.0,108.5,108.3,234.5,253.0,36.9375271149675,196.5,148.666666666667,86.0,152.333333333333,47.4,69.05,101.0,46.95
37.7862068965517,37.202,73.7588235294118,51.3,101.4,75.075,10.6,39.25,104.375,29.605,34.9666666666667,353.5,194.0,18.65,119.833333333333,381.833333333333,17.5245614035088,,24.65,43.95,138.5,27.2,13.1,15.9553571428571,25.4333333333333,58.9,253.5,343.0,28.05,44.1464285714286,30.0,18.45,23.675,293.0,231.0,273.5,46.4208333333333,11.1167464114833,152.269230769231,,21.3552631578947,71.75,18.45,,343.514705882353,229.611111111111,19.55,14.5,109.5,38.1,19.35,20.015,60.2,23.6625,229.6875,126.75,26.1,41.65,79.1710743801653,169.25,56.5181818181818,82.96,67.7,224.0,59.8,10.8728346456693,106.647058823529,165.142857142857,26.55,23.5,66.9,258.7,243.8125,177.046875,37.2,48.45,11.9333333333333,29.51875,10.1478260869565,15.95,14.8714285714286,30.65,215.0,17.9444444444444,30.25,10.55,27.6833333333333,11.0979166666667,10.45,11.25,18.4975,44.3,43.9807692307692,9.92,21.6024691358025,16.9909090909091,26.7006756756757,13.6272727272727,8.6828022875817,10.4166666666667,20.4697058823529,20.5166666666667,319.5,81.8,3995.0,75.0,160.333333333333,82.5,109.333333333333,44.95,21.25,240.214285714286,193.0,10.3973684210526,125.5,52.7,7.00333333333333,38.3642857142857,27.9,72.275,50.9,50.9,122.5,82.4928571428572,49.9,38.4,112.454545454545,18.6444444444444,6.725,96.3,67.9979166666667,79.325,75.6,534.0,257.0,498.1,208.0,108.5,108.25,234.5,253.0,37.1211409395973,196.5,148.5,86.0,152.5,47.4,69.05,101.0,46.95
37.7809523809524,37.1723684210526,73.7125,51.3,101.285714285714,75.07,10.6496688741722,39.25,104.2,29.5933333333333,34.9590909090909,354.0,194.0,18.625,119.666666666667,382.333333333333,17.5245614035088,,24.65,44.0,138.5,27.2,13.1,16.0,25.4189189189189,58.8,253.0,343.0,28.05,44.15,30.0,18.45,23.675,293.0,231.0,273.5,46.4166666666667,11.1,152.09375,,21.3916666666667,71.7132075471698,18.45,,343.744680851064,229.805555555556,19.5,14.4625,109.357142857143,38.021052631579,19.35,20.00625,60.1428571428572,23.6625,229.5,126.75,26.1166666666667,41.6666666666667,79.1,169.0,56.5129032258065,82.925,67.6,224.0,59.7020202020202,10.8946859903382,106.7,165.0,26.5402985074627,23.45,66.9,258.576923076923,244.037037037037,177.0,37.1777777777778,48.45,11.9125,29.55,10.1058823529412,15.95,14.8823529411765,30.6875,215.0,17.9404761904762,30.25,10.55,27.7,11.0954545454545,10.5,11.25,18.4892857142857,44.3208333333333,43.9717391304348,9.92,21.6,16.9914893617021,26.718085106383,13.6142857142857,8.7,10.4178571428571,20.4857142857143,20.548275862069,319.833333333333,81.8,3995.0,75.0083333333333,160.375,82.5,109.333333333333,44.9416666666667,21.2821428571429,240.6,193.147058823529,10.3868421052632,125.5,52.7,7.0,38.3833333333333,27.9,72.20625,50.9,50.9,122.409090909091,82.6068181818182,49.95,38.45,112.0,18.65,6.73,96.26,68.03,79.2153846153846,75.6,534.0,256.5,498.1,208.0,108.5,108.1,234.5,253.0,37.15,196.5,148.5,86.0,152.5,47.4,69.0,101.0,46.95
37.7714285714286,37.1833333333333,73.7642857142857,51.3333333333333,101.1,75.0642857142857,10.6501524390244,39.2012820512821,104.222222222222,29.5419642857143,34.95,354.0,194.0,18.65,120.0,382.4,17.5,,24.65,43.95,138.5,27.15,13.1,16.0,25.4277777777778,58.8,253.0,343.0,28.05,44.175,30.0,18.45,23.65,292.5,231.0,273.5,46.4,11.1075581395349,152.357142857143,,21.355,71.7,18.45,,344.101351351351,229.75,19.5041666666667,14.5,109.3,38.021052631579,19.36,20.0083333333333,60.0928571428571,23.66,229.5,126.6,26.125,41.65,78.998947368421,169.25,56.541935483871,82.8478260869565,67.65,224.25,59.7090909090909,10.8828431372549,106.75,165.2,26.5,23.45,66.9,258.923076923077,244.1,177.0,37.2,48.4166666666667,11.9078125,29.55,10.1058823529412,15.95,14.8727272727273,30.6690476190476,215.0,17.94,30.25,10.5416666666667,27.7,11.1,10.5,11.25,18.4883333333333,44.3357142857143,43.95,9.92071428571429,21.6086206896552,16.9959183673469,26.7183673469388,13.6375,8.69968609865471,10.4222222222222,20.4825925925926,20.534,319.666666666667,81.8,3990.0,75.0,160.5,82.5,109.071428571429,44.9416666666667,21.2625,240.5,193.0,10.4,125.5,52.65,7.0,38.3571428571429,27.8833333333333,72.2666666666667,50.9,50.9,122.625,82.4909090909091,49.9,38.45,112.4,18.6475,6.7275,96.3,68.09,79.2272727272727,75.5166666666667,534.0,256.5,498.1,208.0,108.5,108.083333333333,234.5,252.928571428571,37.135,196.5,148.5,86.0,152.5,47.475,69.0666666666667,101.0,46.95
37.7625,37.1857142857143,73.75,51.4,101.357142857143,75.0928571428572,10.6900793650794,39.15,104.269230769231,29.5,34.95,353.5,194.0,18.65,119.8125,382.5,17.5346153846154,,24.65,43.95,138.5,27.15,13.1,16.0,25.421568627451,58.8,253.0,343.0,28.05,44.175,30.0,18.5,23.65,292.5,231.0,273.5,46.42,11.1,152.263157894737,,21.4,71.7892857142857,18.4444444444444,,342.281115879828,229.723684210526,19.5181818181818,14.5,109.435483870968,38.0,19.35,20.0,60.0666666666667,23.69,229.5,127.0,26.1029411764706,41.7,79.1012658227848,169.25,56.548,82.7354838709678,67.65,224.5,59.725,10.8628,106.683333333333,164.933333333333,26.5,23.45,66.9,258.9,244.033333333333,176.515306122449,37.19,48.4166666666667,11.92,29.55,10.1270833333333,15.95,14.8692307692308,30.6627450980392,215.0,17.95,30.25,10.5416666666667,27.7,11.0954545454545,10.475,11.25,18.4993464052288,44.335,43.9632352941177,9.92,21.605,16.9971428571429,26.7257575757576,13.638,8.69969348659004,10.4030303030303,20.4613496932515,20.5363636363636,319.75,81.8,3990.0,75.0,160.0234375,82.5,109.25,44.9,21.3,240.5,192.797297297297,10.4,125.3,52.7,6.99,38.3666666666667,27.8833333333333,72.22,50.9,50.9,122.5,82.3714285714286,49.9,38.45,112.4,18.6428571428571,6.7245,96.2956521739131,68.1085714285714,79.26,75.5666666666667,534.0,256.5,498.1,208.0,108.5,108.2,235.0,252.5,37.1173913043478,196.5,148.8,86.0,152.5,47.475,69.0666666666667,101.0,46.95
37.77,37.1884615384615,73.7705882352941,51.4,101.4375,75.0888888888889,10.7,39.2,104.333333333333,29.5136363636364,34.96,353.5,194.0,18.615,119.8125,382.611111111111,17.5346153846154,,24.65,44.0,138.5,27.2,13.1125,16.0,25.4079268292683,58.8,253.0,343.0,28.05,44.175,30.0,18.5,23.65,292.5,231.0,273.5,46.4,11.109756097561,152.166666666667,,21.3653846153846,71.7682926829268,18.4363636363636,,343.242424242424,229.75,19.5,14.45,109.5,38.0,19.35,20.0,60.02,23.7,229.25,126.5,26.1497409326425,41.7,79.0833333333333,169.227272727273,56.50625,82.6333333333333,67.65,224.333333333333,59.8,10.8714912280702,106.666666666667,164.653846153846,26.5,23.45,66.9,258.857142857143,244.0,176.5,37.1923076923077,48.4166666666667,11.9,29.55,10.1,15.95,14.8676470588235,30.6909090909091,215.5,17.95,30.2563636363636,10.55,27.7,11.09,10.45,11.25,18.4916666666667,44.3136363636364,43.95,9.92046511627907,21.6,16.9825,26.7227848101266,13.6404761904762,8.70017543859649,10.4375,20.4512987012987,20.5055555555556,319.5,81.9,3995.0,75.0,160.081395348837,82.5,109.291666666667,44.9,21.2575757575758,240.5,192.545454545455,10.3997881355932,125.142857142857,52.6,6.99,38.3625,27.9205263157895,72.3,50.9,50.9,122.590909090909,82.3,49.9,38.45,112.416666666667,18.6423076923077,6.73,96.4,68.2,79.3,75.504347826087,534.0,256.5,498.1,208.0,108.5,108.166666666667,235.0,252.5,37.1,196.5,148.8,86.0,152.5,47.475,69.0166666666667,101.0,46.95
37.7833333333333,37.1613636363636,73.745,51.4,101.4,75.1,10.6986486486486,39.2,104.333333333333,29.52,34.975,353.5,194.0,18.615,120.0,383.0,17.5,,24.65,43.95,138.5,27.2,13.1125,15.9857142857143,25.4357142857143,58.8,253.1,343.0,28.05,44.15,30.0,18.5,23.65,292.5,231.0,273.5,46.4,11.1022346368715,152.107142857143,,21.4,71.7848920863309,18.4333333333333,,343.571428571429,229.571428571429,19.5,14.48125,109.433333333333,37.95,19.35,20.0066666666667,60.0333333333333,23.7,229.5,127.0,26.15,41.6954545454545,79.0217391304348,169.5,56.555,82.5714285714286,67.7,224.0,59.7666666666667,10.8606666666667,106.770833333333,165.0,26.5,23.45,66.9,258.714285714286,244.0,176.833333333333,37.25,48.4,11.9,29.55,10.1006738544474,15.95,14.862962962963,30.6640350877193,215.5,17.95,30.3,10.55,27.6642857142857,11.0690476190476,10.45,11.25,18.49,44.2915422885572,43.956,9.92230769230769,21.6,16.9904761904762,26.715,13.625,8.70103274559194,10.44,20.4729885057471,20.5166666666667,319.75,81.9,4000.0,75.0,160.0,82.5181818181818,109.403846153846,44.9,21.2676470588235,240.0,192.188311688312,10.4,125.142857142857,52.6526315789474,6.99,38.4,28.125,72.3,50.9,50.86,123.0,82.2,49.9,38.45,112.5,18.61875,6.73555555555556,96.5,68.1961538461538,79.3,75.5666666666667,534.0,256.5,497.5,208.0,108.409090909091,108.25,234.5,252.5,37.065625,196.5,149.0,86.0,152.5,47.475,69.05,101.0,46.95
37.7892857142857,37.1852941176471,73.7764705882353,51.4,101.25,75.0571428571428,10.6527777777778,39.2,104.0625,29.55,35.0,353.5,194.0,18.65,119.5,383.125,17.5,,24.65,43.9875,138.0,27.2,13.1125,15.9857142857143,25.4272727272727,58.8,253.5,343.0,28.05,44.1833333333333,29.95,18.49,23.6833333333333,292.5,231.0,273.5,46.4,11.105,152.423076923077,,21.3642857142857,71.7475409836066,18.4454545454545,,343.115853658537,229.55,19.5,14.45,109.333333333333,37.95,19.3625,20.015,60.0,23.7,229.5,126.8,26.15,41.7,78.9438775510204,169.5,56.509375,82.62,67.7,224.0,59.7090909090909,10.8918848167539,106.516129032258,164.666666666667,26.5,23.45,66.9,258.401960784314,243.8,176.992424242424,37.1923076923077,48.42,11.9214285714286,29.55,10.0997474747475,15.95,14.8507462686567,30.65,215.5,17.95,30.3,10.55,27.7,11.09625,10.5,11.25,18.5,44.3,43.9464285714286,9.93082781456954,21.6054054054054,16.996875,26.7242857142857,13.63125,8.71,10.416,20.4634615384615,20.519696969697,319.75,81.8,4000.0,75.0,160.0,82.5181818181818,109.35,44.9454545454546,21.3,240.0,192.0,10.4102564102564,125.0,52.5785714285714,6.99166666666667,38.3666666666667,28.1166666666667,72.2,50.9,50.875,123.0,82.364705882353,49.9,38.4,112.5,18.6441176470588,6.73,96.505,68.1428571428571,79.28,75.5125,534.0,256.5,497.125,208.0,108.0,108.25,233.5,252.5,37.0833333333333,196.0,148.5,86.0,152.5,47.4,69.025,100.5,46.95
37.7833333333333,37.1818181818182,73.7857142857143,51.3,101.5,75.0833333333333,10.65,39.1666666666667,104.4375,29.5,35.0,353.5,194.0,18.65,119.5,383.222222222222,17.5,,24.65,43.95,138.0,27.2,13.1,15.9821428571429,25.4049645390071,58.8,253.5,343.0,28.05,44.1666666666667,29.9666666666667,18.4666666666667,23.6833333333333,293.0,231.0,273.5,46.42,11.1036885245902,152.270833333333,,21.3833333333333,71.8,18.4,,343.5,229.635593220339,19.5142857142857,14.5,109.409090909091,37.95,19.3583333333333,20.0375,60.0952380952381,23.7,229.5,127.0,26.15,41.6772727272727,78.984126984127,169.5,56.5142857142857,82.6888888888889,67.65,224.5,59.725,10.8848958333333,106.7875,164.666666666667,26.5023809523809,23.45,66.9,258.416666666667,243.666666666667,177.081632653061,37.1923076923077,48.42,11.9,29.5,10.1028037383178,15.95,14.857119205298,30.65,215.5,17.9583333333333,30.25,10.55,27.6833333333333,11.1,10.475,11.25,18.4928571428571,44.2678571428572,43.95,9.94040935672515,21.6057142857143,16.9902777777778,26.7178571428571,13.6403846153846,8.70989090909091,10.4222222222222,20.4578014184397,20.5177419354839,319.75,81.8,4000.0,75.0,159.875,82.5,109.493827160494,44.9,21.2625,239.725490196078,192.0,10.4297101449275,125.25,52.5,6.99047619047619,38.3875,28.0692307692308,72.2272727272727,50.9,50.9,123.0,82.4304347826087,49.9142857142857,38.4,112.5,18.6369565217391,6.73,96.5571428571428,68.1222222222222,79.26,75.58,534.0,256.5,497.125,208.0,108.0,108.2,233.7,252.5,37.06875,196.0,149.0,86.0,152.5,47.5125,69.025,100.5,46.95
37.785,37.1978260869565,73.7863636363637,51.3,101.25,75.0833333333333,10.6961538461538,39.1666666666667,104.125,29.5083333333333,35.0,353.0,194.0,18.6,119.5,383.222222222222,17.55,,24.65,43.9833333333333,138.0,27.2,13.1,15.9815789473684,25.4229166666667,58.8,253.5,343.0,28.05,44.2,30.0,18.45625,23.6642857142857,293.0,231.0,273.5,46.4277777777778,11.1,152.208333333333,,21.3992537313433,71.7525,18.45,,343.975,229.657142857143,19.5428571428571,14.4642857142857,109.416666666667,37.95,19.35,20.0,60.11,23.6714285714286,229.333333333333,126.535714285714,26.1,41.7434782608696,79.1076923076923,169.916666666667,56.5096774193548,82.67,67.65,224.5,59.75,10.892,106.6375,165.0,26.5,23.45,66.9,258.5,243.5,177.3,37.1537037037037,48.425,11.8998150431566,29.5,10.1060606060606,15.95,14.8507692307692,30.65,215.5,18.0,30.3,10.55,27.69,11.09,10.475,11.25,18.488,44.2888888888889,43.9102564102564,9.93083333333333,21.6234042553191,16.9744186046512,26.7223684210526,13.65,8.70967532467532,10.4173913043478,20.4573275862069,20.510625,319.75,81.7741935483871,4000.0,75.0,159.833333333333,82.5,109.055555555556,44.95,21.2770833333333,239.5,192.0,10.4015482695811,125.5,52.5,7.00142857142857,38.3590909090909,28.0333333333333,72.25,50.9,50.8583333333333,122.5,82.4333333333333,49.9142857142857,38.4,112.0,18.6423076923077,6.729,96.5018518518518,68.1470588235294,79.3,75.5125,534.0,256.166666666667,497.125,208.0,108.0,108.0,233.7,253.0,37.1,196.5,149.058823529412,86.0,152.5,47.5125,69.0,100.5,46.925
37.796875,37.2,73.7705882352941,51.3,101.205882352941,75.1,10.6539473684211,39.15,104.277777777778,29.5,34.98,353.5,194.0,18.6,119.5,383.1,17.5,,24.65,44.0,138.0,27.2,13.1,15.95,25.2517524235645,58.8,253.5,343.0,28.1,44.2,30.0,18.5,23.6642857142857,293.0,231.0,273.5,46.4071428571429,11.0975177304965,152.05,,21.4281922525108,71.7831932773109,18.4,,344.0,229.617647058824,19.5,14.5,109.4,37.95,19.35,20.0,60.1875,23.6666666666667,229.0,126.535714285714,26.15,41.7,79.1,169.8,56.5235294117647,82.7538461538462,67.6666666666667,224.0,59.7083333333333,10.8728682170543,106.557971014493,165.0,26.4955555555556,23.4333333333333,66.9,258.388888888889,243.625,176.995098039216,37.1545454545455,48.425,11.85,29.49,10.1,15.95,14.85,30.65,215.5,18.0,30.25,10.5,27.7,11.1,10.45,11.25,18.5,44.295,43.9092105263158,9.93166666666667,21.6022727272727,16.9958333333333,26.7315789473684,13.6340909090909,8.71,10.425,20.4860082304527,20.5133333333333,319.5,81.7741935483871,3995.0,75.0,159.625,82.5,109.214285714286,44.95,21.3,240.0,191.8125,10.43203125,125.5,52.4951219512195,7.0,38.35,28.0,72.2125,50.9,50.8010204081633,122.6,82.475,49.9142857142857,38.4,112.5,18.6272727272727,6.72916666666667,96.4041666666667,68.15,79.3,75.5,534.0,256.5,497.125,208.0,108.333333333333,108.285714285714,233.7,253.0,37.0705882352941,196.5,149.058823529412,85.9,152.5,47.6,68.9,100.5,46.95
37.7615384615385,37.2,73.775,51.3,101.3125,75.0777777777778,10.69,39.15,104.111111111111,29.5125,34.95,353.5,194.0,18.60625,119.5,383.5,17.5,,24.65,43.95,138.0,27.2333333333333,13.1,15.96,25.3954545454545,58.8,253.9,343.0,28.1,44.1833333333333,30.0,18.475,23.65,293.0,231.0,273.5,46.4055555555555,11.0991329479769,152.413793103448,,21.4694545454545,71.7965517241379,18.4003676470588,,344.0,229.72,19.515,14.4583333333333,109.125,37.9,19.35,19.9723684210526,60.1,23.6875,229.25,126.5,26.1,41.7263157894737,79.1,169.916666666667,56.525,82.85,67.62,224.0,59.7666666666667,10.8782828282828,106.511627906977,165.0,26.4902777777778,23.45,66.9,258.078947368421,243.5,176.916666666667,37.1833333333333,48.45,11.8961538461538,29.49,10.1,15.95,14.8666666666667,30.65,215.0,18.0,30.3,10.55,27.7,11.0984375,10.45,11.25,18.5,44.28125,43.9194444444445,9.93095238095238,21.6106060606061,16.9875,26.7272727272727,13.63,8.70941176470588,10.4410714285714,20.4801886792453,20.5296052631579,319.625,81.7741935483871,3995.0,75.0,159.833333333333,82.5,109.396551724138,44.95,21.2571428571429,240.0,192.0,10.4325,125.5,52.5,7.000625,38.36,28.0,72.2333333333333,50.9,50.8,123.0,82.5384615384615,49.9,38.4,112.5,18.6423076923077,6.72944444444445,96.5,68.14,79.3,75.51,534.0,256.5,497.125,208.0,108.0,108.125,233.0,253.0,37.0619047619048,196.0,149.5,85.9,152.5,47.6,68.9,100.5,46.95
37.7982142857143,37.1954545454545,73.775,51.3,101.25,75.0692307692308,10.6986111111111,39.15,104.25,29.51,35.0,353.5,194.5,18.64,119.5,382.833333333333,17.5,,24.65,43.9863636363636,138.0,27.2,13.1,15.9925,25.3957317073171,58.8,253.75,343.0,28.1,44.15,30.0,18.4611111111111,23.65,293.0,231.0,273.5,46.4425,11.1,152.05,,21.4650326797386,71.8050925925926,18.4384615384615,,344.0625,229.545454545455,19.53,14.5,109.4375,37.95,19.35,19.95625,60.125,23.7,229.25,126.5,26.1,41.75,79.1,169.5,56.521052631579,82.9689655172414,67.6333333333333,224.333333333333,59.71,10.8815068493151,106.75,164.875,26.4554347826087,23.45,66.9,258.25,243.5,176.633333333333,37.15,48.45,11.8568181818182,29.5103448275862,10.125,15.95,14.8541666666667,30.6944444444444,215.0,18.0,30.3,10.55,27.6916666666667,11.1,10.45,11.25,18.48,44.3,43.9,9.93142857142857,21.6244186046512,16.9941666666667,26.7135869565217,13.6423076923077,8.71,10.4208333333333,20.4640909090909,20.5029411764706,319.5,81.7741935483871,4000.0,75.0,159.875,82.5,109.0,44.95,21.27,240.0,191.866666666667,10.4277777777778,125.0,52.5,7.005,38.4,28.0,72.3,50.9,50.775,122.9,82.4928571428572,49.9,38.4,112.5,18.6307692307692,6.73,96.475,68.16,79.2571428571428,75.4933333333333,534.0,256.5,497.125,208.0,108.2,108.1,233.0,253.0,37.0558823529412,196.0,149.5,86.0,152.5,47.45,68.93,100.5,46.95
37.76,37.1934782608696,73.7823529411765,51.3,101.4,75.1,10.7,39.15,104.1875,29.5,34.9857142857143,353.416666666667,194.0,18.6,119.70703125,383.5,17.5,,24.6,43.95,138.0,27.2,13.1083333333333,16.0,25.4108695652174,58.8,253.615384615385,343.0,28.1,44.2,30.0,18.5,23.65,293.0,231.0,273.5,46.4066666666667,11.0837662337662,152.166666666667,,21.4651315789474,71.84,18.4428571428571,,344.0,229.660714285714,19.505,14.4625,109.470588235294,37.95,19.3625,20.0,60.125,23.69375,229.25,126.5,26.1,41.7029411764706,79.1055555555555,170.079952267303,56.54,82.9833333333333,67.6,224.5,59.7032258064516,10.8559210526316,106.575471698113,165.0,26.4909090909091,23.45,66.9,258.3125,243.7,176.722222222222,37.15,48.45,11.89,29.55,10.15,15.95,14.85,30.6666666666667,215.0,18.0,30.3,10.5,27.7,11.0578125,10.4666666666667,11.25,18.5,44.2944444444445,43.9141304347826,9.93096774193548,21.6018292682927,16.9863636363636,26.7119047619048,13.6375,8.708,10.4238095238095,20.4604938271605,20.5269230769231,319.5,81.7741935483871,4000.0,75.0,160.0,82.5,109.055555555556,44.95,21.25,240.0,191.884615384615,10.421875,125.0,52.51,7.005,38.35,27.9666666666667,72.3,51.1,50.7,122.666666666667,82.4583333333333,49.9,38.4,112.630952380952,18.6125,6.73,96.5,68.19,79.1571428571429,75.4071428571429,534.0,256.5,499.666666666667,208.0,108.333333333333,108.166666666667,233.0,253.0,37.0708333333333,196.0,149.3,86.0,152.5,47.6,68.9333333333333,100.5,46.95
37.7861111111111,37.194,73.7647058823529,51.3,101.178571428571,75.1,10.68125,39.15,104.222222222222,29.51,35.0,353.0,194.0,18.65,119.5,383.0,17.53125,,24.6,43.9916666666667,138.0,27.25,13.1083333333333,16.0333333333333,25.4090909090909,58.8,253.75,343.0,28.1,44.2,30.0,18.5,23.65,293.0,231.0,273.5,46.4466666666667,11.0809523809524,152.379310344828,,21.4858974358974,71.8626865671642,18.4416666666667,,344.0,229.589285714286,19.5125,14.5,109.222222222222,37.95,19.35,20.0,60.15,23.665,229.25,126.5,26.146875,41.7,79.1125,170.41975308642,56.5333333333333,82.975,67.6333333333333,224.5,59.7125,10.8733333333333,106.518518518519,165.0,26.5,23.45,66.9,258.5,243.5625,176.652173913043,37.17,48.45,11.85,29.5,10.1,15.95,14.85,30.65,215.0,18.0,30.3028571428571,10.5,27.7,11.0992753623188,10.45,11.24,18.4842105263158,44.296875,43.9,9.93111111111111,21.6102272727273,16.9961538461538,26.7010638297872,13.6368421052632,8.70837837837838,10.4375,20.4608870967742,20.5333333333333,319.75,81.7741935483871,3990.0,74.9,159.875,82.5,109.136363636364,44.95,21.2529411764706,240.0,192.015625,10.4477272727273,125.0,52.4,7.005,38.35,27.9833333333333,72.2666666666667,51.20625,50.6,122.5,82.5166666666667,49.95,38.4,112.833333333333,18.6036231884058,6.73,96.4666666666666,68.16,79.225,75.4,534.0,256.5,500.4,208.0,108.483870967742,108.25,233.0,253.0,37.0375,196.0,149.055555555556,86.0,152.5,47.6,68.9,100.5,46.95
37.784375,37.1770833333333,73.7807692307692,51.3333333333333,101.333333333333,75.0949152542373,10.6571428571429,39.175,104.0546875,29.5285714285714,34.97,353.0,194.0,18.6,119.5,382.5,17.53125,,24.6,43.95625,138.25,27.25,13.1083333333333,16.0361111111111,25.4,58.8,253.75,343.0,28.1,44.175,30.0,18.5,23.65,293.0,231.0,273.5,46.4,11.06015625,152.1875,,21.4580357142857,71.8735632183908,18.40625,,344.0,229.555555555556,19.5147058823529,14.5,109.5,37.95,19.39375,20.0,60.1,23.6666666666667,229.25,126.5,26.146875,41.7,79.1071428571429,170.002475247525,56.5076923076923,83.0,67.6333333333333,224.5,59.7333333333333,10.8973199329983,106.564516129032,164.833333333333,26.5,23.45,66.9,258.428571428571,243.5,176.5,37.178125,48.45,11.8833333333333,29.5,10.1,15.95,14.8769230769231,30.6520833333333,215.0,18.0,30.3979166666667,10.55,27.6833333333333,11.085,10.45,11.25,18.48,44.29,43.9060606060606,9.93545454545455,21.6,16.9975,26.7041666666667,13.6211538461538,8.701875,10.4192307692308,20.4554054054054,20.522972972973,319.75,81.8,3990.0,74.9833333333333,159.8,82.5,109.357142857143,44.95,21.275,240.125,192.0,10.4381578947368,125.0,52.4,7.005,38.3875,27.95,72.3,51.1838709677419,50.7,122.5,82.6,49.9,38.45,112.833333333333,18.6227272727273,6.72857142857143,96.4833333333333,68.2,79.175,75.3944444444445,534.0,256.0,500.4,208.0,108.5,108.214285714286,233.0,253.0,37.062962962963,196.0,149.0,86.0,152.5,47.6,68.9,100.5,46.95
37.7795454545455,37.2,73.8,51.4,101.307692307692,75.1,10.7,39.175,104.285714285714,29.5269230769231,35.0,353.0,194.5,18.6,119.5,383.0,17.53125,,24.6,43.95,138.25,27.25,13.1083333333333,16.0466101694915,25.3944444444444,58.9,254.0,343.0,28.1,44.2,30.0,18.5,23.6583333333333,292.5,231.0,273.5,46.4111111111111,11.0803571428571,152.045454545455,,21.4785714285714,71.8365384615385,18.40625,,343.933333333333,229.807692307692,19.5068181818182,14.4666666666667,109.166666666667,37.95,19.35,20.0,60.18,23.6833333333333,229.25,127.0,26.146875,41.6916666666667,79.116,169.923076923077,56.5541666666667,83.0,67.6333333333333,224.333333333333,59.7111111111111,10.8832,106.551282051282,165.0,26.5,23.45,66.9,258.333333333333,243.625,176.78125,37.15,48.45,11.8833333333333,29.5,10.1,15.95,14.86,30.6518867924528,215.0,17.9916666666667,30.35,10.5,27.675,11.1,10.45,11.25,18.4775,44.276,43.9055555555555,9.93,21.6,16.9888888888889,26.7413793103448,13.64,8.7010447761194,10.4068965517241,20.4547297297297,20.5133333333333,319.833333333333,81.75,3990.0,75.0,159.666666666667,82.5,109.425,44.95,21.2931818181818,240.5,191.6,10.4,125.0,52.3542857142857,7.005,38.4,27.95,72.25,51.3051724137931,50.7,122.993421052632,82.525,49.9,38.45,113.0,18.6076923076923,6.73,96.4166666666667,68.1714285714286,79.1666666666667,75.3172413793104,534.0,256.0,500.4,208.0,108.5,108.5,233.0,253.5,37.052380952381,196.0,148.5,86.0,152.5,47.6,68.9,100.5,46.95
37.7939393939394,37.2089743589744,73.775,51.3,101.1,75.0571428571428,10.6936363636364,39.1875,104.071428571429,29.51,35.0,352.833333333333,194.5,18.63125,119.5,383.1,17.5,,24.6,44.0,138.25,27.25,13.1083333333333,16.0055555555556,25.4,58.8,253.833333333333,343.0,28.1,44.15,30.0,18.5,23.6583333333333,292.5,231.0,273.5,46.4,11.0907894736842,152.433333333333,,21.4506944444444,71.893023255814,18.44,,343.518518518518,229.686046511628,19.5,14.4875,109.333333333333,37.95,19.35,20.0,60.1,23.65,229.0,126.75,26.1,41.65,79.1,169.857142857143,56.5,83.0,67.7,224.5,59.7030303030303,10.8887892376682,106.5,164.785714285714,26.5,23.45,66.9,258.35,243.6,176.761904761905,37.2,48.45,11.875,29.5,10.15,15.95,14.8525,30.66,215.0,17.99,30.3928571428571,10.5,27.6833333333333,11.0666666666667,10.45,11.2277777777778,18.47,44.2857142857143,43.882,9.93307692307692,21.6,16.9887096774194,26.7272727272727,13.6375,8.7009,10.4204545454545,20.4615384615385,20.5184210526316,319.5,81.75,3990.0,75.0,160.0,82.5,109.0,44.95,21.29,240.5,191.875,10.425,125.0,52.4,6.99,38.3916666666667,27.95,72.24,51.5063157894737,50.8,124.188888888889,82.56,49.9,38.45,112.75,18.6285714285714,6.73,96.4090909090909,68.1714285714286,79.2,75.2363636363637,534.0,256.0,500.4,208.0,108.5,108.125,233.0,253.0,37.0452380952381,196.0,148.5,86.5,152.25,47.45,68.9,100.5,46.95
37.7769230769231,37.2,73.7588235294118,51.3,101.125,75.1,10.65,39.2,104.25,29.5,35.05,353.0,194.5,18.6,119.5,383.5,17.5,,24.6,43.95,138.25,27.25,13.1083333333333,16.0023255813954,25.4,58.8,253.5,343.0,28.09,44.2,29.9833333333333,18.5166666666667,23.65,292.5,231.0,273.5,46.4,11.0754545454545,152.405172413793,,21.4846153846154,71.8061728395062,18.4,,342.981132075472,229.625,19.525,14.4791666666667,109.0,37.95,19.35,20.0,60.175,23.7,229.0,126.5,26.1,41.6833333333333,79.1173913043478,170.0,56.5454545454545,83.0,67.6,224.25,59.72,10.8762820512821,106.607142857143,165.0,26.5083333333333,23.45,66.9,258.5,243.7,176.5,37.15,48.4166666666667,11.8625,29.5,10.1352941176471,15.95,14.8888888888889,30.653125,215.0,18.0,30.4,10.55,27.7,11.0827586206897,10.45,11.2,18.4705882352941,44.2925,43.875,9.93285714285715,21.5984104046243,16.9923076923077,26.7144736842105,13.6104166666667,8.7,10.4166666666667,20.4558394160584,20.5425806451613,319.5,81.8,3990.0,75.0,159.75,82.5,109.1875,44.95,21.2958333333333,240.5,192.0,10.44375,125.5,52.4,6.99,38.3714285714286,27.9333333333333,72.25,51.6011494252874,50.8,124.479452054795,82.5,49.9,38.45,113.0,18.6401960784314,6.72625,96.4333333333333,68.1875,79.125,75.2186440677966,534.0,256.5,500.4,208.0,108.0,108.166666666667,233.0,253.0,37.0285714285714,196.0,148.5,86.5,152.375,47.55,68.8384615384615,100.5,46.95
37.7880952380952,37.182,73.7928571428571,51.2333333333333,101.277777777778,75.0909090909091,10.7,39.2,104.058823529412,29.51,35.0083333333333,353.0,194.0,18.65,119.5,383.961538461538,17.5153846153846,,24.6,44.0,138.25,27.25,13.1083333333333,16.0,25.3961538461538,58.8,253.5,343.0,28.09,44.2,30.0,18.5166666666667,23.65,292.5,231.0,273.5,46.4,11.0586206896552,152.5,,21.4636363636364,71.7941176470588,18.4375,,343.0,229.775862068966,19.505,14.5,109.416666666667,37.95,19.35,20.0,60.15,23.7,229.0,126.5,26.1,41.7,79.0684210526316,169.857142857143,56.53,83.0,67.65,224.5,59.7181818181818,10.8807086614173,106.5,165.0,26.5,23.45,66.9,258.222222222222,243.75,176.678571428571,37.15,48.4,11.875,29.5,10.15,15.95,14.88125,30.653125,215.0,17.9551470588235,30.4,10.55,27.7,11.1,10.4995098039216,11.2136363636364,18.4739130434783,44.3,43.9,9.93020833333333,21.55,16.9878787878788,26.7,13.6055555555556,8.69855263157895,10.4138888888889,20.4532051282051,20.5458955223881,319.75,81.7666666666667,3990.0,75.1,160.0625,82.5,109.166666666667,44.95,21.3,240.5,192.0,10.44375,125.5,52.45,6.99,38.35,27.9566666666667,72.3,51.6666666666667,50.8,124.5,82.575,49.9,38.45,113.0,18.6421052631579,6.73,96.489705882353,68.1777777777778,79.1666666666667,75.3,534.0,256.4,500.4,208.0,108.25,108.0,233.0,252.75,37.0115384615385,196.0,148.5,86.5,152.041666666667,47.5,68.8384615384615,100.5,46.9
37.7884615384615,37.1847826086956,73.7851851851852,51.3333333333333,101.363636363636,75.1,10.65,39.2,104.111111111111,29.5052631578947,35.0,353.0,194.0,18.62,119.5,384.346153846154,17.5385714285714,,24.6,43.9833333333333,138.0,27.25,13.1,16.0,25.4,58.8,253.5,343.25,28.09,44.175,30.0,18.5,23.65,292.5,231.0,273.5,46.4136363636364,11.0948717948718,152.960431654676,,21.5145896656535,71.7771428571428,18.425,,343.5,229.608333333333,19.544,14.45,109.305555555556,37.95,19.35,19.9928571428571,60.12,23.7,229.0,126.875,26.15,41.7,79.0071428571428,169.857142857143,56.5115384615385,82.9625,67.65,224.25,59.7083333333333,10.8827464788732,106.5,164.5,26.5,23.45,66.9,258.25,243.625,176.78125,37.15,48.4,11.885,29.5,10.1166666666667,15.95,14.8583333333333,30.675,215.0,18.0,30.3583333333333,10.55,27.69,11.1,10.4583333333333,11.2395833333333,18.4532110091743,44.2925,43.9,9.92833333333333,21.5621951219512,16.9824324324324,26.7118644067797,13.6376923076923,8.69,10.4318181818182,20.45625,20.5490163934426,319.5,81.7666666666667,3990.0,75.0,160.25,82.6,109.457142857143,44.9,21.28,240.5,192.055555555556,10.4422222222222,125.5,52.45,6.99,38.3785714285714,27.95,72.2166666666667,51.885119047619,50.85,124.333333333333,82.54,49.9,38.45,113.0,18.6117647058824,6.72933333333333,96.5875,68.1,79.125,75.35,534.0,256.25,500.4,208.0,108.5,108.1,233.0,252.75,36.996,196.0,148.5,86.5,152.041666666667,47.5,68.8666666666667,100.5,46.95
37.775,37.1776315789474,73.8,51.3,101.1875,75.1,10.65,39.2,104.285714285714,29.5,35.05,353.0,194.0,18.65,119.5,384.5,17.5489130434783,,24.6,43.99375,138.0,27.2,13.1,16.0,25.3933333333333,58.8,253.166666666667,343.25,28.05,44.1833333333333,30.0,18.5,23.7,292.5,231.0,273.5,46.41,11.0916666666667,153.0,,21.55,71.8024193548387,18.4,,343.833333333333,229.652173913043,19.5427884615385,14.4604166666667,109.5,37.95,19.375,19.9875,60.1,23.6875,229.0,126.875,26.15,41.69,78.9722222222222,170.0,56.5,82.96,67.6,224.5,59.8,10.8734104046243,106.620689655172,165.0,26.525,23.45,66.9,258.071428571429,243.6,176.6,37.15,48.4,11.8923076923077,29.5,10.1206896551724,15.95,14.8521739130435,30.67,215.0,18.0,30.3583333333333,10.55,27.7,11.0828571428571,10.475,11.2,18.4823529411765,44.29375,43.9424242424243,9.92428571428571,21.5842465753425,16.9833333333333,26.7035714285714,13.6,8.69,10.4125,20.4686528497409,20.5488764044944,319.5,81.8,3990.0,75.0,160.125,82.6,109.45,44.93,21.25,240.785714285714,192.0,10.43375,125.5,52.5,6.99,38.36,27.8833333333333,72.2157894736842,52.0176100628931,50.9,124.738095238095,82.5,49.9,38.45,113.0,18.63125,6.73,96.5531531531531,68.175,79.175,75.3222222222222,534.0,256.25,500.4,208.0,108.75,108.25,233.0,252.5,36.96875,196.0,148.5,86.5,152.041666666667,47.5,68.9,100.5,46.95
37.7961538461538,37.1733333333333,73.7818181818182,51.4,101.083333333333,75.1,10.675,39.25,104.05,29.5,35.0166666666667,353.0,194.0,18.6333333333333,119.5,384.727272727273,17.5489130434783,,24.6,43.9704545454546,138.0,27.2,13.15,16.0,25.36,58.8,253.166666666667,343.25,28.1,44.1666666666667,30.0,18.5,23.7,292.5,231.0,273.5,46.4111111111111,11.0944444444444,152.871428571429,,21.5628048780488,71.8014705882353,18.43,,344.058823529412,229.628205128205,19.5055555555556,14.45,109.352941176471,37.95,19.3625,19.9983333333333,60.1,23.6875,229.0,126.5,26.15,41.7,78.9,169.833333333333,56.5238805970149,83.0,67.6,224.25,59.7166666666667,10.8739669421488,106.516129032258,165.0,26.5,23.4545454545454,66.9,257.8,243.625,176.692307692308,37.15,48.4,11.8777777777778,29.5,10.1206896551724,15.95,14.8866666666667,30.65625,215.0,17.9888888888889,30.4,10.5416666666667,27.6678571428571,11.1,10.4981132075472,11.2071428571429,18.4793103448276,44.2722222222222,43.9152173913044,9.92857142857143,21.571875,16.9994047619048,26.7459239130435,13.6111111111111,8.69769230769231,10.4391304347826,20.4701030927835,20.55,319.5,81.8,3995.0,75.0,160.25,82.6,109.394736842105,44.9,21.2642857142857,240.625,191.888888888889,10.4214285714286,125.142857142857,52.5,6.99,38.4,27.8833333333333,72.225,52.0107692307692,50.9,124.5,82.5444444444444,49.9,38.45,113.0,18.6002358490566,6.72166666666667,96.5846153846154,68.2,79.14,75.35,534.0,256.25,500.4,208.0,108.666666666667,108.166666666667,233.0,252.5,36.96875,196.0,148.5,86.5,152.041666666667,47.5,69.0173913043478,100.5,46.95
37.7826086956522,37.1795454545455,73.7730769230769,51.4,101.181818181818,75.0789473684211,10.66,39.15,104.136363636364,29.5083333333333,35.05,353.0,194.5,18.6125,120.0,384.206896551724,17.5,,24.65,43.95,138.0,27.2,13.15,16.0,25.4,58.8,253.166666666667,343.25,28.1,44.15,30.0,18.5,23.65,292.5,231.0,273.5,46.425,11.0795918367347,152.785714285714,,21.5583333333333,71.8195652173913,18.4,,344.466666666667,229.85,19.5631147540984,14.4928571428571,109.5,37.95,19.3583333333333,20.0,60.1,23.6611111111111,229.0,126.75,26.15,41.70625,78.9066666666667,169.5,56.5470588235294,83.0454545454545,67.6666666666667,224.5,59.775,10.8614361702128,106.5,165.0,26.5,23.45,66.9,257.785714285714,243.6,176.965517241379,37.15,48.45,11.8568181818182,29.5,10.1166666666667,15.95,14.8583333333333,30.6535714285714,215.0,18.0,30.4,10.5423076923077,27.6973684210526,11.1,10.4833333333333,11.2,18.475,44.3,43.928,9.93,21.575,16.9826086956522,26.7083333333333,13.6264705882353,8.69333333333333,10.4382352941176,20.4524193548387,20.54375,319.5,81.86,3995.0,75.0,160.5,82.6,109.0,44.9,21.2578947368421,240.5,192.0,10.4329268292683,125.142857142857,52.4909090909091,6.99166666666667,38.4,27.85,72.25,52.0592307692308,50.9,124.4375,82.5,49.9,38.4,112.833333333333,18.6054292929293,6.73,96.6,68.15,79.16,75.3148936170213,534.0,256.5,502.5,208.0,108.75,108.25,233.0,252.5,36.9772727272727,196.0,148.5,86.5,152.041666666667,47.55,69.1,100.5,46.95
37.7868421052631,37.2,73.7941176470588,51.4,101.166666666667,75.09,10.6727272727273,39.15,104.5,29.5071428571429,35.0,353.5,194.0,18.625,119.5,382.0,17.5363636363636,,24.65,44.0,138.0,27.2,13.15,16.0041666666667,25.3793103448276,58.8,253.5,343.25,28.1,44.1434210526316,30.0,18.5,23.65,292.5,231.0,273.5,46.43,11.0625,152.65,,21.5963068181818,71.8425531914894,18.45,,344.62962962963,229.823529411765,19.55,14.49,109.0,37.95,19.3557692307692,19.9916666666667,60.1,23.7,229.0,126.625,26.1,41.75,78.8,169.5,56.5230769230769,83.0416666666667,67.6666666666667,224.25,59.7058823529412,10.8695767195767,106.59477124183,165.0,26.5,23.45,66.9,258.5,243.5,177.075342465753,37.15,48.45,11.85,29.55,10.148275862069,15.95,14.8555555555556,30.6517857142857,215.0,18.0,30.35,10.5423076923077,27.6961538461539,11.0942307692308,10.4973880597015,11.2,18.4970588235294,44.27,43.9,9.92714285714285,21.5563829787234,16.9958333333333,26.7022222222222,13.6370967741935,8.695,10.425,20.4743243243243,20.5469387755102,319.625,81.86,3995.0,75.0,160.0,82.7,109.0,44.9,21.2578947368421,240.954545454545,192.25,10.439552238806,125.0,52.4933333333333,6.99166666666667,38.3883333333333,27.9,72.26,52.2771428571429,50.8666666666667,123.985294117647,82.55,49.9,38.4,113.0,18.613829787234,6.725,96.5974358974359,68.1857142857143,79.1857142857143,75.3896551724138,534.0,256.0,504.75,208.0,108.8,108.1,233.0,252.5,36.9761904761905,196.166666666667,148.5,86.5,152.041666666667,47.55,69.1,100.5,46.95
37.784,37.1736842105263,73.794,51.35,101.333333333333,75.1,10.6714285714286,39.15,104.321428571429,29.5166666666667,35.0333333333333,353.0,194.0,18.6,119.5,382.5,17.5,,24.65,43.95,138.0,27.2,13.15,16.0233333333333,25.3954545454545,58.8,253.5,343.25,28.1,44.1,30.0,18.5,23.65,292.5,231.0,274.0,46.4,11.086301369863,152.863636363636,,21.6,71.8328125,18.45,,344.973684210526,229.949541284404,19.5519230769231,14.47,109.3125,37.95,19.35,20.0,60.1,23.6833333333333,229.5,126.5,26.1,41.7166666666667,78.8222222222222,169.875,56.5227272727273,83.0,67.6666666666667,224.5,59.7333333333333,10.858,106.581395348837,165.0,26.53,23.4416666666667,66.9,258.375,243.975806451613,177.333333333333,37.19,48.45,11.8875,29.5,10.1416666666667,15.95,14.85625,30.65,215.0,18.0,30.35,10.55,27.6967741935484,11.0714285714286,10.5,11.2,18.4911764705882,44.3,43.904347826087,9.92875,21.5534482758621,16.9840909090909,26.7216216216216,13.6289473684211,8.69115384615385,10.4307692307692,20.480985915493,20.5155172413793,319.833333333333,81.9,3995.0,75.0,160.5,82.5090909090909,109.0,44.9,21.2578947368421,241.0,192.25,10.4083333333333,125.5,52.5,6.995,38.3875,27.9,72.2428571428571,52.185,50.8666666666667,124.027777777778,82.5,49.95,38.425,112.5,18.6242424242424,6.72272727272727,96.5076923076923,68.15,79.1833333333333,75.3636363636364,534.0,256.5,507.0,208.0,108.571428571429,108.5,233.0,253.0,37.0066666666667,196.5,148.5,86.5,152.041666666667,47.55,69.0333333333333,100.5,46.95
37.7785714285714,37.2,73.7818181818182,51.35,101.1,75.1,10.675,39.15,104.138888888889,29.5138888888889,35.0333333333333,353.0,194.0,18.6,119.5,382.5,17.5,,24.65,43.98,138.0,27.2,13.15,16.05,25.3972222222222,58.8,253.5,343.25,28.1,44.1,30.0,18.5,23.65,292.5,231.0,274.0,46.42,11.0994394618834,152.767441860465,,21.5948818897638,71.8361111111111,18.45,,345.296610169492,229.966814159292,19.55,14.47,109.375,37.95,19.35,20.0125,60.1,23.6571428571429,229.5,126.990384615385,26.1,41.6625,78.8266666666667,169.5,56.5705882352941,82.9714285714286,67.6,224.5,59.7,10.8813163481953,106.5,165.0,26.525,23.4416666666667,66.9,258.115384615385,243.6875,177.413793103448,37.1955882352941,48.45,11.9,29.5,10.1,15.95,14.85,30.6513513513514,215.0,17.9821428571429,30.4,10.55,27.6967741935484,11.0987179487179,10.5,11.2,18.4732142857143,44.27,43.9,9.92333333333333,21.5586956521739,16.976,26.7145833333333,13.6235294117647,8.69833333333333,10.4109375,20.4545454545455,20.5333333333333,319.5,81.9,3995.0,75.0,160.166666666667,82.5,109.0,44.85,21.2972222222222,241.4,192.0,10.4104166666667,125.5,52.5,6.99285714285714,38.4,27.9,72.2428571428572,52.0982142857143,50.82,124.4375,82.5,49.95,38.425,112.833333333333,18.635,6.725,96.5428571428571,68.1555555555556,79.15,75.4,534.0,255.837837837838,508.5,208.0,108.625,108.0,233.5,253.0,37.062962962963,196.5,148.5,86.5,152.5,47.55,69.06,100.5,46.95
37.7620689655173,37.1926470588235,73.8,51.3741935483871,101.090909090909,75.0913043478261,10.6583333333333,39.15,104.497101449275,29.51,35.0071428571429,353.0,193.925925925926,18.6,119.5,383.8,17.4976635514019,,24.65,44.0,138.5,27.2,13.1,16.0071428571429,25.3796296296296,58.8,253.5,343.25,28.1,44.1,30.0,18.5,23.65,293.0,231.0,274.0,46.4083333333333,11.1,152.595238095238,,21.5615384615385,71.8120689655172,18.45,,345.5,230.0,19.5418032786885,14.49,109.0,37.9029411764706,19.35,20.0055555555556,60.1,23.6532710280374,229.5,127.5,26.1,41.6571428571429,78.7972972972973,169.5,56.5047619047619,82.95,67.59375,224.4375,59.7,10.8547945205479,106.5,165.5,26.5,23.4,66.9,258.008064516129,243.625,177.25,37.1931034482759,48.45,11.8986486486487,29.5,10.11,15.95,14.85,30.65,215.0,18.0,30.3666666666667,10.5,27.7,11.1,10.5361111111111,11.246875,18.494,44.2705882352941,43.9068181818182,9.922,21.55,16.9873134328358,26.7374100719424,13.6275862068966,8.69244444444444,10.4166666666667,20.4725490196078,20.5282051282051,319.75,81.9,3995.0,75.0,160.3125,82.5,109.071428571429,44.85,21.3,241.5,192.0,10.4422413793103,125.5,52.5,6.99285714285714,38.3970588235294,27.9,72.25,51.9457627118644,50.9,124.85119047619,82.5,49.9,38.425,113.0,18.6138888888889,6.72035714285714,96.6,68.15,79.1833333333333,75.38,534.0,256.0,508.75,208.0,108.75,108.25,234.0,253.5,37.0793103448276,196.5,148.5,86.4,152.5,47.55,69.1,100.5,46.95
37.7804347826087,37.2013513513514,73.7923076923077,51.5,101.2,75.2,10.65,39.25,104.5,29.5,35.05,353.0,193.925925925926,18.6323529411765,119.5,383.8,17.5,,24.625,43.9961538461539,138.5,27.15,13.1,16.0011627906977,25.3952380952381,58.8,253.541666666667,343.25,28.1,44.1,30.0,18.5,23.65,293.0,231.0,274.0,46.41,11.1006172839506,152.625,,21.5586206896552,71.8089005235602,18.45,,345.5,229.770491803279,19.548717948718,14.4568181818182,109.333333333333,37.9029411764706,19.35,20.0357142857143,60.1333333333333,23.7077433628319,229.0,127.5,26.15,41.65,78.7,169.8,56.5090909090909,82.9666666666667,67.4,224.4375,59.7,10.8576470588235,106.5,165.1875,26.5,23.4,66.9,258.0,243.8,177.45,37.2,48.4107142857143,11.8994791666667,29.5,10.1444444444444,15.95,14.8529411764706,30.6491319444444,215.0,17.9944444444444,30.375,10.55,27.65,11.1,10.55,11.25,18.4925925925926,44.2823529411765,43.9055555555556,9.926,21.5833333333333,16.9847222222222,26.7030120481928,13.65,8.69503816793893,10.4214285714286,20.4684210526316,20.5319444444444,319.5,81.9,3995.0,75.0153846153846,160.4375,82.5,109.35,44.85,21.3,241.05,192.0,10.4416666666667,125.5,52.6,6.995,38.36875,27.85,72.25,51.98,50.8166666666667,124.85,82.5,49.9,38.425,112.6,18.6,6.72035714285714,96.6222222222222,68.15,79.2,75.4363636363636,534.0,256.0,508.75,208.0,108.5,108.012195121951,234.0,253.0,37.0764705882353,196.5,148.5,86.4,152.5,47.55,69.1,100.5,46.95
37.7809523809524,37.25,73.7928571428571,51.5,101.2,75.2,10.65625,39.25,104.475,29.5166666666667,35.0166666666667,353.0,193.5,18.6,119.5,383.8,17.4961538461538,,24.625,44.0,138.5,27.15,13.1,16.0131578947368,25.4,58.7,253.5,343.25,28.0875,44.1,29.95,18.5,23.65,293.0,231.0,274.0,46.425,11.1,152.7,,21.5890410958904,71.8058139534884,18.4045454545455,,345.621212121212,229.886029411765,19.55,14.45,109.5,37.9029411764706,19.3583333333333,20.0,60.15,23.75,229.0,127.5,26.15,41.7,78.6875,170.0,56.5470588235294,82.9571428571429,67.45,224.0,59.7111111111111,10.8786666666667,106.5375,165.0,26.5,23.4,66.9,258.0,243.8,177.227272727273,37.25,48.4,11.9,29.5,10.15,15.95,14.8535714285714,30.6192307692308,215.0,17.9611111111111,30.375,10.5,27.7,11.1,10.55,11.2384615384615,18.4895348837209,44.255,43.9055555555556,9.92,21.5535714285714,16.9901960784314,26.7083333333333,13.6166666666667,8.69133928571429,10.4297297297297,20.464,20.5190476190476,320.0,81.9,3995.0,75.1,160.428571428571,82.5,109.496055226824,44.85,21.2964285714286,241.5,192.0,10.45,125.5,52.5,6.9975,38.3928571428571,27.85,72.2375,52.0,50.9,124.985714285714,82.5333333333333,49.92,38.45,112.9,18.605,6.7295,96.6125,68.1,79.16,75.3777777777778,534.0,256.0,508.75,208.0,108.5,108.25,234.357142857143,253.0,37.0761904761905,196.5,148.5,86.4,152.5,47.55,69.0,100.5,46.95
37.8,37.2464285714286,73.74375,51.4666666666667,101.25,75.1888888888889,10.65,39.2333333333333,104.425,29.5133333333333,35.0,353.0,193.5,18.6055555555556,119.5,383.4,17.5,,24.6,43.95,138.5,27.15,13.1,16.0,25.3875,58.7,253.5,343.25,28.0875,44.1,30.0,18.5,23.7,292.5,231.0,274.0,46.4,11.1113636363636,152.55,,21.5590909090909,71.8426229508197,18.44375,,346.0,229.809090909091,19.578,14.4509090909091,109.181818181818,37.95,19.35,20.0052631578947,60.1285714285714,23.7844827586207,229.5,127.125,26.1511627906977,41.6565217391304,78.6884615384615,169.5,56.5125,83.0,67.3333333333333,224.5,59.7090909090909,10.8746031746032,106.5,165.166666666667,26.4849206349206,23.4,66.9,258.11,243.5,177.131578947368,37.195,48.425,11.9,29.55,10.11,15.95,14.8652173913043,30.6493506493506,215.0,17.9725,30.4,10.5,27.6954545454545,11.0949367088608,10.545,11.2,18.4908163265306,44.2532258064516,43.9,9.92176470588235,21.58,16.9921875,26.7085714285714,13.6034482758621,8.68625,10.434,20.4618421052632,20.5233333333333,320.0,81.804,3995.0,75.1,160.375,82.5,109.631578947368,44.85,21.3,241.5,192.0,10.4043564356436,126.0,52.5,6.995,38.3666666666667,27.8571428571429,72.28,51.9,50.84,126.061151079137,82.4909090909091,49.92,38.45,113.0,18.6120689655172,6.72928571428571,96.5714285714286,68.08,79.15,75.4,534.0,255.75,508.75,208.0,108.5,108.083333333333,234.5,253.0,37.075,196.5,148.5,86.4,152.5,47.5,69.0666666666667,100.5,46.95
37.78,37.2109375,73.7714285714286,51.5,101.136363636364,75.1615384615385,10.6890909090909,39.2333333333333,104.45,29.5,35.05,353.0,193.5,18.6,119.5,383.0,17.5,,24.6,43.9875,138.5,27.1,13.1,15.9894736842105,25.3954545454545,58.7,253.5,343.25,28.0875,44.1125,30.0,18.5,23.65,292.5,231.0,274.0,46.4433333333333,11.1227272727273,152.666666666667,,21.55,71.8012048192771,18.45,,346.022727272727,229.702898550725,19.5,14.45,109.5,37.95,19.35,20.0026315789474,60.1285714285714,23.8,229.5,127.083333333333,26.15,41.6565217391304,78.7,169.5,56.5583333333333,82.98,67.3333333333333,224.333333333333,59.7095238095238,10.8534482758621,106.683333333333,165.142857142857,26.45,23.4,66.9,258.0,243.75,177.475,37.2,48.4,11.9,29.55,10.1470588235294,15.95,14.85,30.65,215.0,17.995,30.4,10.5,27.6714285714286,11.1,10.55,11.2416666666667,18.4788461538462,44.2704545454545,43.9,9.92090909090909,21.5914285714286,16.9880952380952,26.7144736842105,13.6354166666667,8.68913043478261,10.4437853107345,20.4686170212766,20.5159090909091,319.5,81.7,3995.0,75.1,160.1,82.5,109.5,44.85,21.2611111111111,241.5,192.285714285714,10.4032374100719,126.0,52.5,6.99,38.3583333333333,27.9,72.25,51.8322580645161,50.8428571428571,126.6,82.4285714285714,49.95,38.45,112.75,18.604347826087,6.72142857142857,96.5,68.07,79.2,75.4,534.0,256.0,508.75,208.0,108.5,108.1,234.0,253.0,37.0848484848485,196.5,148.5,86.4,152.5,47.5,69.0,100.5,46.94
37.7891304347826,37.24375,73.7952380952381,51.45,101.333333333333,75.2,10.65,39.2333333333333,104.5,29.5,35.0166666666667,353.0,193.5,18.6,119.75,383.333333333333,17.5,,24.65,43.95,138.5,27.1,13.1,16.0,25.4,58.7,253.5,343.25,28.0875,44.1,30.0,18.5,23.65,292.5,231.0,273.5,46.41,11.1,152.772727272727,,21.5028,71.7931677018633,18.4177419354839,,346.142857142857,229.826388888889,19.55,14.45,109.277777777778,37.9733333333333,19.3857142857143,20.0166666666667,60.1,23.8,229.5,127.0,26.15,41.6602941176471,78.7,169.875,56.5166666666667,83.0823529411765,67.3333333333333,224.333333333333,59.7,10.8590062111801,106.519230769231,165.1,26.434375,23.4,66.9,258.0,243.65,177.551401869159,37.24,48.4,11.95,29.55,10.15,15.95,14.85625,30.65,215.0,18.0,30.4,10.55,27.66,11.1,10.55,11.2416666666667,18.5,44.2592592592593,43.9,9.925,21.5945652173913,16.990625,26.7076923076923,13.6475,8.68,10.4344827586207,20.4758928571429,20.525,319.5,81.7,3998.33333333333,75.1666666666667,160.25,82.5,109.55,44.85,21.25,241.333333333333,192.0625,10.4484375,126.0,52.5,6.99,38.375,27.9,72.2714285714286,51.9,50.8416666666667,126.05,82.45,49.95,38.4,112.9,18.6166666666667,6.72011904761905,96.6,68.0090909090909,79.18,75.5,534.0,256.0,508.75,208.0,108.916666666667,108.496212121212,234.0,253.0,37.0557142857143,196.5,148.5,86.4,152.5,47.5,69.06,100.5,46.94
37.775,37.2196428571429,73.7928571428572,51.45,101.291666666667,75.2,10.6916666666667,39.2,104.416666666667,29.5083333333333,35.025,353.0,193.9,18.6,119.5,383.428571428571,17.5,,24.65,43.98,138.5,27.1,13.1,16.0,25.3975,58.7,253.5,343.25,28.0875,44.1166666666667,30.0,18.5,23.65,292.5,231.0,273.5,46.4375,11.1030303030303,152.69696969697,,21.5076923076923,71.7179104477612,18.4177419354839,,345.843137254902,229.733333333333,19.55,14.45,109.5,37.95,19.35,20.0153846153846,60.1,23.8107142857143,229.5,127.98,26.15,41.6555555555556,78.66,169.875,56.5884615384615,83.0333333333333,67.3,224.0,59.7964912280702,10.868115942029,106.644230769231,165.090909090909,26.45,23.4,66.9,258.0,243.821428571429,178.0,37.2,48.4,11.9166666666667,29.55,10.1450819672131,15.95,14.8775,30.65,215.0,18.0,30.4,10.55,27.7,11.0909090909091,10.55,11.2416666666667,18.4942307692308,44.2792682926829,43.9006172839506,9.92583333333333,21.5777777777778,16.9977272727273,26.7375,13.6333333333333,8.68106382978723,10.425,20.4551546391753,20.51,320.0,81.7,3995.0,75.2,160.5,82.5,109.875,44.85,21.25,241.5,192.0,10.3557438794727,125.5,52.5,6.99,38.37,27.9,72.3,51.8916666666667,50.8,126.5,82.4,49.95,38.4,113.0,18.6225,6.725,96.6739130434783,68.03,79.15,75.4,534.0,255.5,508.75,208.0,108.833333333333,108.5625,234.5,253.0,37.0724137931034,197.0,149.0,86.4,152.5,47.5,69.06,100.5,46.94
37.7657142857143,37.2369565217391,73.7888888888889,51.5,101.277777777778,75.2,10.6953488372093,39.25,104.5,29.5045454545455,35.025,352.75,194.0,18.6,119.5,383.333333333333,17.4836206896552,,24.65,44.0,138.5,27.0892857142857,13.1,16.0,25.4,58.7,253.5,343.25,28.0875,44.15,30.0,18.5,23.65,292.5,231.0,273.5,46.425,11.127027027027,152.541666666667,,21.528125,71.7363636363636,18.43,,345.454545454545,229.856060606061,19.55,14.4586956521739,109.5,37.95,19.35,20.05,60.1111111111111,23.85,229.5,128.58,26.15,41.665,78.6769230769231,169.875,56.5125,83.025,67.2,224.5,59.7,10.859328358209,106.521739130435,165.166666666667,26.45,23.4,66.9,258.0,243.625,178.0,37.2386363636364,48.41875,11.95,29.55,10.15,15.95,14.89,30.65,215.5,17.9958333333333,30.4428571428571,10.55,27.7,11.0992063492063,10.5045454545455,11.25,18.4931818181818,44.2594594594595,43.8842105263158,9.92583333333333,21.5714285714286,16.9991935483871,26.7046511627907,13.6388888888889,8.68934782608696,10.4296875,20.4690476190476,20.5136363636364,320.0,81.7,3997.5,75.2,160.416666666667,82.5,109.5,44.85,21.3,241.0,191.933333333333,10.3217101273499,125.5,52.5,6.99095238095238,38.3666666666667,27.875,72.3,51.9,50.8833333333333,126.5,82.4,49.95,38.4,112.62962962963,18.6142857142857,6.722,96.6666666666667,68.0157894736842,79.2,75.4375,534.0,255.5,508.0,208.0,108.5,108.666666666667,234.5,253.375,37.0722222222222,197.0,148.5,86.4,152.25,47.45,69.0,100.75,46.95
37.7882352941176,37.2224137931034,73.7363636363637,51.5,101.0,75.1538461538462,10.6758620689655,39.25,104.5,29.525,35.0033333333333,353.5,193.5,18.6,119.5,383.333333333333,17.5,,24.65,43.954,138.5,27.0892857142857,13.15,16.0,25.4093220338983,58.8,253.5,343.25,28.0875,44.15,30.0,18.5,23.65,292.5,231.0,273.5,46.4,11.1232558139535,152.58,,21.5047169811321,71.794,18.4125,,345.4,229.66,19.5142857142857,14.475,109.423076923077,37.95,19.35,20.0315789473684,60.1,23.85,229.5,128.689655172414,26.15,41.6833333333333,78.7083333333334,169.928571428571,56.5625,82.9666666666667,67.325,224.25,59.7333333333333,10.884309623431,106.590909090909,165.1,26.5,23.45,66.9,258.0,243.857142857143,177.9,37.2428571428571,48.4,11.91875,29.55,10.1005405405405,15.95,14.89,30.65,215.5,17.975,30.45,10.5087301587302,27.6666666666667,11.1,10.55,11.2397058823529,18.5,44.272972972973,43.8537037037037,9.92428571428571,21.5714285714286,16.9970085470085,26.7209677419355,13.6357142857143,8.68982905982906,10.4157894736842,20.4637614678899,20.53125,320.0,81.7,3995.0,75.2,160.5,82.5,109.486111111111,44.85,21.25,241.071428571429,191.5,10.3305555555556,125.5,52.5,6.99095238095238,38.3666666666667,27.875,72.25,51.7608695652174,50.8833333333333,126.357142857143,82.3,49.95,38.4,112.916666666667,18.6197368421053,6.72066666666667,96.6088235294118,67.9964705882353,79.15,75.4142857142857,534.0,255.5,508.0,208.0,108.5,108.7,234.5,253.375,37.0782608695652,197.0,149.0,86.4,152.5,47.45,69.0,100.75,46.95
37.79,37.2115384615385,73.7857142857143,51.5,101.1875,75.1909090909091,10.65,39.25,104.333333333333,29.5214285714286,35.05,353.5,193.5,18.55,119.5,383.5,17.5,,24.65,44.0,138.5,27.0892857142857,13.15,15.9857142857143,25.4125,58.8,253.375,343.25,28.0875,44.1,30.0125,18.5,23.65,292.5,231.0,273.5,46.4,11.1438775510204,152.625,,21.5,71.8928321678322,18.4125,,345.5,229.61875,19.55,14.475,109.25,37.95,19.35,20.025,60.1,23.85,229.5,128.0,26.15,41.675,78.7133333333333,170.0,56.5478260869565,82.9,67.3,224.5,59.75,10.8567567567568,106.5,165.15,26.5,23.45,66.9,258.0,243.9765625,177.913043478261,37.28125,48.4,11.9,29.55,10.1458333333333,15.95,14.8545454545455,30.65,215.5,18.0,30.45,10.525,27.6666666666667,11.0833333333333,10.5111111111111,11.2397058823529,18.4939393939394,44.2637931034483,43.8759259259259,9.92,21.56,16.999604743083,26.7077777777778,13.6241379310345,8.69,10.4375,20.461038961039,20.537037037037,320.0,81.7,3995.0,75.2,160.214285714286,82.5,109.375,44.85,21.2666666666667,241.166666666667,191.525862068966,10.3987179487179,125.5,52.6,7.0,38.39,27.9,72.3,51.6,50.8,126.384615384615,82.3142857142857,49.95,38.45,112.666666666667,18.6205882352941,6.72055555555555,96.6,67.91,79.18,75.5,534.0,255.428571428571,508.0,208.0,108.5,108.625,234.0,253.375,37.059375,197.0,148.5,86.4,152.5,47.45,69.0,100.75,46.95
37.7866666666667,37.2259259259259,73.7909090909091,51.6,101.2,75.1833333333333,10.6803571428571,39.25,104.4,29.5208333333333,35.0,353.5,193.8,18.6,119.5,383.5,17.5,,24.65,43.94875,138.5,27.0892857142857,13.15,15.954,25.43,58.8,253.5,343.25,28.0875,44.1,30.0125,18.5,23.65,292.5,231.0,273.5,46.4,11.1067567567568,152.55,,21.5125,71.9348837209302,18.45,,345.736842105263,229.908333333333,19.5475,14.45,109.28125,37.95,19.3833333333333,20.0086956521739,60.1956521739131,23.85,229.5,128.5,26.15,41.7,78.75,169.85,56.5666666666667,82.95,67.3,224.5,59.7,10.8569343065693,106.604166666667,165.5,26.46,23.4,66.9,258.0,243.75,177.888888888889,37.2795454545455,48.4,11.95,29.55,10.1,15.95,14.875,30.6666666666667,215.5,18.0,30.5,10.55,27.65,11.0617021276596,10.5333333333333,11.25,18.4951219512195,44.2578125,43.8886363636364,9.925,21.5938596491228,16.985,26.7466666666667,13.6333333333333,8.69,10.4166666666667,20.45,20.5435897435897,320.0,81.7,3995.0,75.2,160.285714285714,82.47,109.0,44.85,21.3,241.0,191.5,10.398,125.5,52.6,7.0,38.4,27.9,72.3,51.6,50.9,126.0,82.3,49.95,38.35,113.0,18.6,6.72576923076923,96.5461538461539,67.9333333333333,79.2,75.4125,534.0,255.035714285714,508.0,208.0,108.5,108.75,234.0,253.375,37.0772727272727,197.0,149.0,86.4,152.5,47.45,69.0,100.75,46.95
37.7888888888889,37.225,73.79,51.7,101.125,75.2,10.7,39.25,104.475,29.5117647058824,35.0166666666667,353.5,193.8,18.6,119.5,384.0,17.5,,24.65,43.93,138.5,27.0892857142857,13.15,15.9725,25.4388888888889,58.7,253.5,342.5,28.0875,44.1,30.0125,18.5,23.65,292.5,231.0,273.0,46.4,11.124,152.772727272727,,21.5015151515152,71.9137254901961,18.4,,346.0,229.948717948718,19.5470588235294,14.5,109.466666666667,37.95,19.35,20.02,60.2214285714286,23.8361111111111,229.5,128.5,26.15,41.7,78.75,170.0,56.5416666666667,83.025,67.3,224.0,59.7034482758621,10.8552,106.5,165.214285714286,26.45,23.4,66.8,258.018518518519,243.875,177.991452991453,37.2625,48.4285714285714,11.9083333333333,29.55,10.1444444444444,15.95,14.8772727272727,30.65,215.5,17.9875,30.4625,10.55,27.65,11.0791666666667,10.55,11.25,18.5,44.2675675675676,43.8764705882353,9.922,21.5933333333333,16.9869230769231,26.7484848484848,13.65,8.69,10.4392857142857,20.4505263157895,20.5052631578947,320.0,81.7,3995.0,75.2,160.375,82.5307692307692,109.0,44.85,21.3,240.5,191.5,10.3696629213483,125.5,52.6,7.00666666666667,38.35,27.9,72.2538461538462,51.6,50.8555555555555,125.588235294118,82.34,49.95,38.3241379310345,112.522727272727,18.625,6.7204347826087,96.6,67.9942307692308,79.18,75.4,534.0,255.035714285714,508.0,208.0,108.5,108.666666666667,234.0,253.5,37.075,197.0,149.0,86.4,152.5,47.45,69.0,100.75,46.95
37.7678571428571,37.2162162162162,73.7857142857143,51.7,101.181818181818,75.1555555555555,10.6583333333333,39.25,104.5,29.50625,35.05,353.5,193.5,18.6,119.625,383.666666666667,17.5,,24.65,43.93,138.5,27.0892857142857,13.15,16.0,25.41875,58.7,253.625,342.5,28.0875,44.1,30.05,18.5,23.65,292.75,231.0,273.0,46.4363636363636,11.139175257732,152.6875,,21.5285714285714,71.9107142857143,18.44,,346.030612244898,229.839622641509,19.55,14.45,109.5,37.95,19.35,20.0088235294118,60.2,23.8441176470588,229.0,128.5,26.1974789915966,41.6652777777778,78.8,170.0,56.5166666666667,83.04,67.28,224.0,59.7166666666667,10.8542056074766,106.675,165.0,26.45,23.4,66.8,258.333333333333,243.5,178.088235294118,37.3,48.4333333333333,11.9111111111111,29.55,10.1484848484849,15.95,14.8625,30.65,215.5,17.98,30.45,10.5416666666667,27.66,11.1,10.55,11.25,18.5,44.25,43.871875,9.92733333333334,21.6285714285714,16.98,26.7023255813953,13.639880952381,8.69048780487805,10.4375,20.4634615384615,20.5078512396694,320.0,81.8,3995.0,75.2,160.25,82.5307692307692,109.458333333333,44.85,21.25,240.5,191.5,10.3979591836735,125.5,52.6,7.01,38.3681818181818,27.9,72.3,51.6,50.9,125.611111111111,82.3666666666667,49.95,38.3,112.75,18.6421052631579,6.72578947368421,96.5666666666667,68.0,79.1,75.3307692307692,534.0,255.5,508.0,208.0,108.5,109.0,234.0,253.75,37.0657894736842,197.0,148.5,86.4,152.5,47.45,69.0,100.75,46.95
37.7708333333333,37.2172413793103,73.7928571428571,51.6055555555555,101.272727272727,75.1987341772152,10.65,39.2,104.416666666667,29.5,35.0166666666667,353.0,193.5,18.6,119.5,383.333333333333,17.5,,24.6,43.9375,138.25,27.0892857142857,13.145,15.9666666666667,25.4475490196078,58.7,253.833333333333,342.5,28.05,44.1,30.05,18.5,23.65,292.75,231.0,273.0,46.4388888888889,11.1,152.666666666667,,21.535,71.9188976377953,18.445,,346.5,229.864583333333,19.55,14.4560606060606,109.384615384615,37.95,19.35,20.0125,60.3,23.87,229.0,128.5,26.1480769230769,41.6590909090909,78.8,169.5,56.5272727272727,82.975,67.2,225.0,59.8,10.8568571428571,106.88,165.1,26.45,23.42,66.8,258.011363636364,243.642857142857,178.40625,37.2980952380952,48.4074074074074,11.95,29.55,10.12,15.95,14.8611111111111,30.65,215.5,18.0,30.4833333333333,10.55,27.66,11.1,10.55,11.25,18.5,44.2730769230769,43.8576923076923,9.925,21.6444444444445,16.9852941176471,26.7074626865672,13.6214285714286,8.69913043478261,10.4225,20.4583333333333,20.5277777777778,320.0,81.8,3995.0,75.1833333333333,160.444444444444,82.5307692307692,109.25,44.85,21.25,241.0,191.333333333333,10.3931818181818,125.5,52.6,7.00105263157895,38.375,27.9,72.3,51.7,50.8285714285714,126.0,82.38,49.9571428571429,38.3,113.0,18.609375,6.72631578947369,96.6,68.0666666666667,79.0363636363636,75.325,534.0,255.5,508.0,208.0,108.5,108.666666666667,233.0,254.0,37.0595238095238,197.0,148.5,86.4,152.25,47.45,69.0130434782609,100.75,46.95
37.7794117647059,37.2083333333333,73.7833333333333,51.6,101.333333333333,75.2,10.65,39.2,104.5,29.5325,35.025,352.75,193.5,18.6,119.6,384.0,17.5,,24.6,43.9375,138.25,27.1,13.145,16.0,25.4216216216216,58.7,253.5,342.5,28.05,44.1166666666667,30.05,18.5,23.65,292.75,231.0,273.0,46.4125,11.1003184713376,152.566666666667,,21.5473684210526,71.9869706840391,18.445,,346.5,229.951807228916,19.54,14.4517857142857,109.285714285714,38.0,19.3571428571429,20.0108108108108,60.22,23.8206896551724,229.0,128.483333333333,26.15,41.675,78.8333333333333,169.8,56.5285714285714,83.0,67.2,224.5,59.7103448275862,10.8968692022263,106.904109589041,165.2,26.45,23.42,66.8,258.0,243.5,178.359375,37.2913043478261,48.4,11.9022727272727,29.55,10.125,15.95,14.85,30.65,215.5,17.99,30.4833333333333,10.5,27.7,11.1,10.53,11.25,18.5,44.2557692307692,43.8615384615385,9.92727272727273,21.625,16.9953488372093,26.7030769230769,13.6395833333333,8.7,10.45,20.4738853503185,20.5272727272727,319.5,81.8,3995.0,75.275,160.5,82.5307692307692,109.0,44.85,21.26,241.0,191.227272727273,10.3954545454545,125.0,52.5909090909091,7.005,38.4,27.9,72.26,51.8,50.8833333333333,126.142857142857,82.3,50.0,38.3416666666667,113.0,18.6107142857143,6.72,96.5923076923077,68.0333333333333,79.075,75.3058823529412,534.0,255.5,508.0,208.0,108.5,108.666666666667,233.0,254.0,37.0727272727273,197.0,149.0,86.4,152.0,47.4,69.0130434782609,100.5,46.9416666666667
37.775,37.245652173913,73.7947368421053,51.6,101.222222222222,75.15,10.6954545454545,39.2,105.0,29.5428571428571,35.0166666666667,352.5,194.0,18.6,119.5,384.0,17.4956140350877,,24.6,43.9,138.25,27.1,13.145,15.9928571428571,25.4171052631579,58.7,253.5,342.5,28.05,44.1166666666667,30.05,18.55,23.65,293.0,231.0,273.0,46.4142857142857,11.1105263157895,152.708333333333,,21.5,71.9736566186108,18.4166666666667,,346.625,229.905660377359,19.5,14.45,109.022727272727,38.0,19.3625,20.0125,60.2,23.85,229.5,128.5,26.15,41.65,78.8125,169.666666666667,56.5181818181818,83.04375,67.2,224.5,59.7068181818182,10.9444881889764,106.75,165.090909090909,26.45,23.42,66.8,258.0,243.95,178.44,37.3,48.45,11.9333333333333,29.55,10.115625,15.95,14.8571428571429,30.65,215.5,18.0,30.45,10.55,27.7,11.0991379310345,10.55,11.25,18.5,44.2792682926829,43.8671428571429,9.9225,21.6310344827586,16.9954545454545,26.7197368421053,13.6210526315789,8.69684210526316,10.45,20.4655913978495,20.534375,320.0,81.8,3997.5,75.2,160.142857142857,82.5307692307692,109.125,44.85,21.3,240.9,191.131578947368,10.3917647058824,125.5,52.6,7.0,38.375,27.8833333333333,72.3,51.7117647058824,50.8032258064516,125.645161290323,82.3875,49.95,38.3416666666667,112.888888888889,18.6,6.73,96.62,68.025,79.1,75.3375,534.0,255.5,508.0,208.0,108.75,108.75,233.0,254.0,37.065625,196.518518518518,148.7,86.4,152.0,47.4,69.0,100.5,46.95
37.7674418604651,37.22,73.7846153846154,51.7,101.464285714286,75.1571428571429,10.65,39.2,105.0,29.505,35.0,352.5,193.666666666667,18.5583333333333,119.5,384.0,17.5,,24.6,43.9454545454546,138.25,27.1,13.145,16.0,25.4433962264151,58.7,253.75,342.5,28.05,44.140625,30.05,18.5,23.65,293.0,231.0,273.0,46.4388888888889,11.1305555555556,152.625,,21.5,71.9582644628099,18.45,,346.576923076923,229.639931740614,19.5271739130435,14.4717948717949,109.097826086957,38.0,19.35,20.0,60.2,23.85,229.5,128.5,26.15,41.665625,78.7705882352941,170.0,56.5386363636364,83.02,67.2,224.5,59.7444444444445,10.9222222222222,106.508,165.027777777778,26.45,23.45,66.8,258.115384615385,243.611111111111,178.411764705882,37.2791666666667,48.45,11.925,29.5,10.1333333333333,15.95,14.89,30.65,215.5,17.9818181818182,30.45,10.55,27.7,11.1,10.55,11.25,18.4756756756757,44.2958333333333,43.8798076923077,9.92333333333333,21.6024390243902,16.9953125,26.7294117647059,13.6227272727273,8.6931914893617,10.4075,20.4763157894737,20.5382352941176,320.0,81.8,3997.5,75.2,160.3,82.5307692307692,109.361111111111,44.8,21.2571428571429,241.0,191.478260869565,10.3948275862069,125.5,52.6,7.0,38.375,27.9,72.3,51.7,50.8,125.714285714286,82.325,49.95,38.35,113.0,18.6032258064516,6.72666666666667,96.6266666666667,68.08,79.1,75.3222222222222,534.0,255.375,508.0,208.0,108.5,109.0,233.0,254.0,37.078,196.083333333333,149.0,86.4,152.0,47.6,69.1,100.5,46.9666666666667
37.7982142857143,37.1757142857143,73.8,51.7,101.272727272727,75.2,10.65,39.2,104.935897435897,29.504347826087,35.05,352.5,193.833333333333,18.6,119.5,384.0,17.5,,24.6,43.9454545454546,138.5,27.1,13.12,16.0117117117117,25.44,58.7,254.0,342.5,28.05,44.1,30.0,18.5,23.65,293.0,230.5,273.0,46.4388888888889,11.1372641509434,152.555555555556,,21.5,71.9890173410405,18.45,,346.979166666667,229.94262295082,19.51,14.5,109.4,38.0,19.35,20.05,60.2,23.8375,229.5,128.222222222222,26.15,41.6532258064516,78.78,170.0,56.5263157894737,83.0,67.3,224.5,59.7066666666667,10.9138888888889,106.529411764706,165.142857142857,26.45,23.4,66.8,258.25,243.85,178.388888888889,37.28,48.45,11.95,29.5,10.1111940298507,15.95,14.8722222222222,30.65,215.5,17.9764705882353,30.45,10.55,27.6948275862069,11.1,10.55,11.25,18.4769230769231,44.2527777777778,43.8566666666667,9.92,21.61,16.974,26.7030303030303,13.6391304347826,8.69166666666667,10.4385714285714,20.4666666666667,20.5208333333333,320.0,81.7666666666667,3995.0,75.1888888888889,160.416666666667,82.5,109.0,44.8,21.255,241.0,191.5,10.3855263157895,125.5,52.6,7.005,38.4,27.9,72.3,51.78,50.8,125.590909090909,82.3625,49.95,38.45,113.0,18.608,6.72,96.6307692307692,68.0375,79.025,75.3857142857143,534.0,255.25,508.0,208.0,109.075376884422,108.571428571429,233.0,253.5,37.06875,196.25,149.0,86.4,152.5,47.6,69.0,101.0,46.9666666666667
37.7857142857143,37.2,73.8,51.7,101.272727272727,75.1666666666667,10.6625,39.2375,104.9,29.5,35.025,352.5,193.833333333333,18.57,119.964285714286,384.0,17.5006493506494,,24.6,43.9333333333333,138.5,27.15,13.12,16.0413043478261,25.4444444444444,58.7,254.0,342.5,28.05,44.15,30.0,18.5,23.675,293.0,230.5,273.0,46.4,11.1375,152.625,,21.5441176470588,71.925,18.4375,,346.981132075472,229.9,19.5507352941176,14.5,109.0,38.0,19.35,20.0111111111111,60.2,23.85,229.3,128.03125,26.15,41.68,78.775,170.0,56.5058823529412,82.9,67.3,224.5,59.775641025641,10.9,106.535714285714,165.0,26.45,23.4,66.8,258.166666666667,243.8,178.195652173913,37.25,48.425,11.9045454545455,29.5,10.1,15.95,14.8506849315069,30.6514705882353,215.5,17.9611111111111,30.4485294117647,10.55,27.68125,11.0840909090909,10.53,11.25,18.4666666666667,44.2733333333333,43.8620689655172,9.92560975609756,21.6307692307692,16.9936363636364,26.7214285714286,13.6121621621622,8.69,10.4363636363636,20.4870967741936,20.5031914893617,319.5,81.7666666666667,3995.0,75.1888888888889,160.285714285714,82.5,109.494094488189,44.8,21.25625,240.875,191.5,10.3887931034483,125.5,52.6,7.00986301369863,38.4,27.9,72.3,51.8,50.7173913043478,125.75,82.3,49.95,38.4,113.0,18.605,6.724,96.6,68.0,79.075,75.3461538461538,534.0,255.25,508.0,208.0,109.472222222222,108.625,233.0,253.5,37.075,196.0,148.7,86.4,152.5,47.6,69.0,101.0,46.9666666666667
37.7875,37.2,73.7869565217391,51.7,101.277777777778,75.2,10.6681818181818,39.2458333333333,104.875,29.5,35.0666666666667,352.5,193.833333333333,18.55,119.785714285714,383.5,17.5,,24.6,43.9333333333333,138.5,27.15,13.1,16.025,25.4306818181818,58.72,253.888888888889,342.5,28.05,44.15,30.0,18.5,23.675,293.0,230.5,273.0,46.4277777777778,11.1096153846154,152.6875,,21.545,71.9621621621622,18.4333333333333,,346.772727272727,229.943661971831,19.5663793103448,14.5,109.458333333333,37.95,19.3833333333333,20.05,60.2,23.85,229.3,128.0,26.15,41.7,78.70625,169.875,56.527027027027,82.8857142857143,67.3,224.5,59.7333333333333,10.9,106.518181818182,165.375,26.4078947368421,23.4473684210526,66.8,257.95,243.722222222222,178.235294117647,37.3,48.425,11.9002475247525,29.5,10.1234848484848,15.95,14.8555555555556,30.6521276595745,215.5,17.9941176470588,30.4,10.55,27.68125,11.0918032786885,10.55,11.3,18.4740740740741,44.2775,43.8689655172414,9.92153846153846,21.6117647058824,16.9970588235294,26.738,13.6366666666667,8.69170731707317,10.427027027027,20.5018939393939,20.5138888888889,319.5,81.7666666666667,4000.0,75.1,160.333333333333,82.5,109.0,44.85,21.2642857142857,240.533333333333,191.5,10.3833333333333,125.5,52.6,7.0192,38.3821428571429,27.9,72.3,51.85,50.8,125.666666666667,82.3833333333333,49.95,38.4,113.0,18.6071428571429,6.71691588785047,96.55,68.0032258064516,79.1,75.3923076923077,532.0,255.25,508.0,208.0,109.3,109.0,233.25,253.5,37.075,196.5,148.7,86.4,153.0,47.6,69.0,101.0,47.0
37.765,37.2,73.7956521739131,51.6125,101.4,75.1555555555555,10.65,39.2458333333333,105.0,29.52,35.05,351.904761904762,193.833333333333,18.5525641025641,119.785714285714,384.0,17.5,,24.65,43.925,138.5,27.15,13.15,16.012962962963,25.4275,58.7,253.5,342.5,28.05,44.1,30.0,18.5,23.6833333333333,293.0,230.5,273.0,46.4214285714286,11.1052631578947,152.7,,21.5315789473684,71.9285714285714,18.4152173913043,,346.708333333333,229.967105263158,19.55375,14.4559139784946,109.411764705882,38.0,19.3583333333333,20.0,60.225,23.85,229.571428571429,128.0625,26.15,41.6565217391304,78.75,170.0,56.5157894736842,82.8833333333333,67.3,224.5,59.7552631578947,10.9,106.540540540541,165.071428571429,26.45,23.4473684210526,66.8,258.15625,243.98275862069,178.26,37.3,48.45,11.9069444444444,29.5,10.1029411764706,15.95,14.89,30.65,215.5,17.9714285714286,30.4,10.55,27.7,11.0980769230769,10.55,11.25,18.4696428571429,44.2798611111111,43.8647058823529,9.92636363636364,21.6153846153846,16.984,26.7212121212121,13.626,8.69777777777778,10.4244186046512,20.5038095238095,20.515625,319.5,81.7666666666667,3995.0,75.1,160.388888888889,82.5,109.0,44.85,21.275,240.5,191.5,10.3967741935484,126.0,52.6,7.01,38.3925,27.9,72.2333333333333,51.8,50.8,125.4375,82.35,49.95,38.45,113.0,18.6147727272727,6.7275,96.57,68.0166666666667,79.075,75.3823529411764,532.0,255.25,508.0,208.0,109.357142857143,108.722222222222,233.25,253.5,37.0673076923077,196.5,149.0,86.4,152.558823529412,47.4,69.0166666666667,101.0,47.0
37.7875,37.2046875,73.7586206896552,51.65,101.375,75.2,10.65,39.2833333333333,105.0,29.5055555555556,35.075,351.166666666667,193.875,18.55625,119.5,384.0,17.5,,24.6,43.9375,138.5,27.1,13.15,16.05,25.4208333333333,58.7,253.5,342.5,28.05,44.103125,30.0,18.5,23.6833333333333,293.0,230.5,273.0,46.425,11.1206896551724,152.5625,,21.55,71.9166666666667,18.4481481481481,,347.0,229.89552238806,19.53125,14.455,109.25,37.975,19.3625,20.0033333333333,60.2714285714286,23.8277777777778,230.0,128.0625,26.196875,41.675,78.7444444444445,170.0,56.5464285714286,82.8434782608696,67.3,224.5,59.78,10.9001818181818,106.517543859649,165.5,26.45625,23.5,66.8,258.0,244.038167938931,178.462025316456,37.2568181818182,48.45,11.9,29.5,10.1,15.95,14.8933333333333,30.6642857142857,215.5,17.9611111111111,30.4,10.5333333333333,27.65,11.0964601769912,10.55,11.25,18.47,44.2760869565217,43.865,9.92026819923372,21.6021739130435,16.9894736842105,26.7183098591549,13.6277777777778,8.69625,10.4125,20.5189873417722,20.5230769230769,319.5,81.7666666666667,3995.0,75.1,160.2,82.7,109.0,44.8357142857143,21.3,240.5,191.5625,10.3639423076923,126.0,52.5,7.02,38.4,27.9,72.3,51.85,50.8,125.785714285714,82.4,49.95,38.45,112.666666666667,18.605,6.725,96.5333333333333,68.0666666666667,79.1,75.4,532.0,255.75,505.75,208.0,109.115384615385,108.7,233.25,254.0,37.0714285714286,196.5,148.833333333333,86.4,152.0,47.4,69.0142857142857,101.0,47.0
37.7941176470588,37.2166666666667,73.7789473684211,51.65,101.0625,75.15,10.6676470588235,39.2833333333333,104.875,29.5058823529412,35.1,350.760869565217,193.666666666667,18.5492647058824,119.5,384.0,17.497619047619,,24.6,43.9015151515151,138.5,27.1,13.15,16.05,25.4458333333333,58.7,254.0,342.5,28.05,44.1194444444444,30.0,18.5,23.6833333333333,293.0,230.5,273.0,46.4,11.1346534653465,152.588235294118,,21.5544117647059,71.943023255814,18.45,,347.0,229.9375,19.525,14.4586956521739,109.275,37.975,19.3571428571429,20.0,60.2,23.8609523809524,230.0,128.0625,26.1529411764706,41.6571428571429,78.7090909090909,170.0,56.5434782608696,82.8714285714286,67.2,224.5,59.7978723404255,10.9027624309392,106.558823529412,165.166666666667,26.45,23.4833333333333,66.9,258.071428571429,244.423076923077,178.452380952381,37.2537037037037,48.3530769230769,11.9,29.5,10.1169014084507,15.95,14.88,30.6666666666667,215.5,17.9678571428571,30.396,10.55,27.65,11.0982142857143,10.53,11.25,18.4890410958904,44.3030864197531,43.86,9.91925925925926,21.6053571428571,16.9975,26.7112244897959,13.6019736842105,8.69444444444444,10.45,20.5216981132075,20.5031746031746,319.5,81.7666666666667,3995.0,75.1,160.1,82.7,109.0,44.85,21.3,240.5,191.5,10.3928571428571,126.0,52.5,7.0125,38.375,27.9,72.3,51.8,50.8,125.714285714286,82.35,49.95,38.45,112.5,18.6012195121951,6.72478260869565,96.5857142857143,68.1,79.025,75.3714285714286,534.0,256.0,505.0,208.0,109.125,108.75,233.25,253.5,37.071052631579,196.5,148.833333333333,86.4,152.0,47.4,69.05,101.0,47.0
37.7683333333333,37.2,73.7538461538462,51.7,101.125,75.1571428571429,10.65,39.2833333333333,104.833333333333,29.5107142857143,35.05,350.6,193.666666666667,18.55,119.5,384.277777777778,17.4913043478261,,24.6,43.89375,138.5,27.1,13.15,16.05,25.426,58.7,253.928571428571,342.5,28.05,44.15,30.0,18.5,23.6363636363636,293.0,230.5,273.0,46.4458333333333,11.1054347826087,152.6,,21.5672413793103,71.9578512396694,18.4125,,347.234848484848,229.884615384615,19.5108695652174,14.4583333333333,109.392857142857,37.975,19.3583333333333,20.05,60.2,23.8777777777778,230.0,128.125,26.2,41.6546875,78.7857142857143,170.0,56.525,82.8181818181818,67.24,224.0,59.8,10.9,106.552631578947,165.115384615385,26.43,23.45,66.8,258.0,244.5,178.416666666667,37.29,48.4166666666667,11.9,29.5,10.1009615384615,15.95,14.86,30.6614285714286,215.166666666667,17.9769230769231,30.4,10.54,27.6714285714286,11.1,10.55,11.25,18.4945255474453,44.3129032258065,43.8660714285714,9.91159090909091,21.6226851851852,16.991975308642,26.7074074074074,13.65,8.69148760330579,10.4227272727273,20.5243055555556,20.5138888888889,319.75,81.7666666666667,3995.0,75.15,160.3,82.7,109.375,44.85,21.2531746031746,240.5,191.5,10.3733333333333,126.0,52.6,7.02246753246753,38.3583333333333,27.9,72.25,51.76,50.9,125.7,82.3666666666667,49.95,38.45,112.5,18.6130434782609,6.72153846153846,96.5363636363636,68.0,79.05,75.4,534.0,256.0,505.0,208.0,109.0,108.75,233.25,253.5,37.0684210526316,196.5,149.0,86.4,152.0,47.55,69.0666666666667,101.0,47.0
37.7846153846154,37.2,73.7958333333333,51.5333333333333,101.285714285714,75.14,10.6514084507042,39.2928571428571,105.0,29.525,35.1,350.5,193.666666666667,18.55,119.5,384.333333333333,17.5,,24.6,43.9,138.5,27.15,13.15,16.05,25.4267857142857,58.7,253.636363636364,342.5,28.05,44.1166666666667,29.975,18.5,23.6363636363636,293.0,230.5,272.5,46.41,11.1242424242424,152.657894736842,,21.5786764705882,71.982641509434,18.45,,348.064220183486,229.741071428571,19.5489583333333,14.45,109.166666666667,38.0,19.35,20.0208333333333,60.2,23.8633333333333,230.0,128.798192771084,26.15,41.65,78.8071428571428,170.4,56.5792452830189,82.77,67.24,224.0,59.8,10.9,106.888888888889,165.0,26.45,23.45,66.8,258.4,244.603658536585,178.574074074074,37.2388888888889,48.3227272727273,11.9,29.5,10.1153846153846,15.95,14.8822580645161,30.65,215.0,17.9619047619048,30.4,10.5428571428571,27.6807692307692,11.1,10.55,11.2425,18.491847826087,44.3053571428571,43.85,9.91113636363636,21.6285714285714,16.9775,26.7372262773723,13.6381818181818,8.69057971014493,10.4264705882353,20.5352112676056,20.508,320.0,81.7666666666667,3995.0,75.1,160.25,82.7,109.0,44.85,21.2510204081633,240.5,191.48275862069,10.3842105263158,125.5,52.6,7.03,38.3567567567568,27.875,72.2666666666667,51.6909090909091,50.9642857142857,126.0,82.3916666666667,49.95,38.45,112.5,18.6,6.72083333333333,96.5666666666667,68.01875,79.1,75.3888888888889,534.0,255.5,505.0,208.0,109.0,108.642857142857,233.5,253.5,37.0722222222222,196.5,148.75,86.4,152.0,47.4,69.02,101.0,46.95
37.7904761904762,37.1892857142857,73.75,51.4111111111111,101.166666666667,75.2,10.65,39.3,104.928571428571,29.5235294117647,35.05,350.739130434783,193.75,18.55,119.5,384.0625,17.5,,24.65,43.9214285714286,138.5,27.15,13.15,16.05,25.43,58.7,253.5,342.5,28.05,44.1,30.0,18.55,23.6363636363636,293.0,230.5,272.5,46.41,11.112,152.533333333333,,21.5628205128205,71.9631578947368,18.4429824561404,,347.985507246377,229.727848101266,19.55,14.475,109.346153846154,38.0,19.38,20.0,60.2833333333333,23.9,230.0,129.120689655172,26.15,41.66875,78.86,170.5,56.5153846153846,82.7,67.2,224.0,59.8,10.9012626262626,106.785714285714,165.5,26.45,23.45,66.8,258.375,244.790322580645,178.833333333333,37.2409090909091,48.4,11.9,29.5,10.15,15.95,14.8882352941176,30.65,215.0,17.95,30.4,10.55,27.7,11.1,10.55,11.2,18.4772727272727,44.3357142857143,43.8692307692308,9.91333333333333,21.6209302325581,16.9985714285714,26.75,13.6461538461538,8.68,10.4434782608696,20.5276315789474,20.53,320.0,81.7666666666667,3995.0,75.1,160.4,82.7,109.3,44.85,21.2625,240.5,191.342105263158,10.3714285714286,125.833333333333,52.5777777777778,7.03026315789474,38.4,27.8875,72.275,51.625,51.0,125.942307692308,82.4,49.95,38.453125,112.55,18.6077777777778,6.72,96.6,68.0666666666667,79.1076923076923,75.4,534.0,255.333333333333,505.0,208.0,109.0,108.666666666667,233.5,253.5,37.0816666666667,196.25,149.0,86.4,152.0,47.4,69.0,101.0,46.95
37.7684782608696,37.1953125,73.7875,51.6,101.25,75.2,10.6520661157025,39.3,104.785714285714,29.5416666666667,35.0583333333333,351.625,193.75,18.55,119.75,384.0,17.5,,24.7,43.9214285714286,138.5,27.15,13.15,16.04375,25.4153846153846,58.7,253.5,343.0,28.05,44.1,30.0,18.5,23.65,293.0,230.5,272.5,46.4125,11.1339285714286,152.544217687075,,21.55,71.9169230769231,18.4256802721088,,347.6875,229.89,19.55,14.475,109.183333333333,38.0,19.352,20.0,60.2272727272727,23.9,230.0,129.0,26.15,41.65,78.8090909090909,170.5,56.5260869565217,82.7642857142857,67.1666666666667,224.0,59.8,10.8995187680462,106.538461538462,165.5,26.45,23.45,66.8,258.142857142857,244.5,178.928571428571,37.2,48.4,11.9,29.5,10.1388888888889,15.95,14.8708333333333,30.6774193548387,215.0,17.9607142857143,30.3666666666667,10.55,27.7,11.1009124087591,10.55,11.2,18.4673913043478,44.31,43.8605263157895,9.9119512195122,21.6,16.9958333333333,26.7238095238095,13.6194444444444,8.6856862745098,10.42,20.525,20.5420454545455,320.0,81.7666666666667,3995.0,75.1,160.142857142857,82.6875,109.0,44.85,21.275,240.75,191.5,10.3804347826087,126.0,52.7714285714286,7.04,38.4,27.875,72.3,51.7,51.0,125.727272727273,82.4941176470588,49.95,38.45625,112.633333333333,18.6055555555556,6.72647058823529,96.6705882352941,68.0,79.15,75.3826086956522,534.0,255.75,505.0,208.0,109.0,108.75,233.5,253.5,37.074,196.166666666667,149.0,86.4,152.045454545455,47.4,69.0037037037037,101.0,46.95
37.7277777777778,37.2157894736842,73.7826086956522,51.3592592592593,101.142857142857,75.2,10.6158192090395,39.3,104.833333333333,29.5,35.075,351.4375,194.0,18.55,119.5,384.0,17.5,,24.65,43.9,138.125,27.15,13.15,16.0470588235294,25.4114583333333,58.7,253.5,343.0,28.0625,44.1,30.0,18.5,23.675,293.0,230.5,272.5,46.4,11.109,152.642857142857,,21.5444444444444,71.9636363636363,18.45,,347.75,229.723404255319,19.5377551020408,14.4666666666667,109.125,37.9875,19.35,20.0416666666667,60.2,23.9,230.0,129.0,26.15,41.66,78.8,170.5,56.55,82.78,67.1,224.0,59.8,10.8930555555556,106.5,165.5,26.45,23.45,66.8,258.0,244.794117647059,178.8125,37.2290697674418,48.4,11.9,29.55,10.1480582524272,15.95,14.8538461538462,30.6964285714286,215.0,17.95,30.3487804878049,10.5,27.7,11.1012820512821,10.55,11.25,18.465,44.3019230769231,43.8521739130435,9.91625,21.6025641025641,16.9887096774194,26.7022222222222,13.6214285714286,8.69,10.4375,20.529435483871,20.5333333333333,320.0,81.8,3995.0,75.1,160.388888888889,82.7,109.1,44.9,21.275,240.5,191.285714285714,10.3776595744681,125.5,52.8,7.04,38.384375,27.9,72.3,51.7,50.98,126.0,82.4769230769231,49.95,38.45,112.8,18.6021276595745,6.72227272727273,96.6888888888889,67.995652173913,79.1857142857143,75.39,534.0,255.75,505.0,208.0,109.0,108.625,233.5,253.5,37.0816666666667,196.166666666667,148.666666666667,86.4,152.045454545455,47.6,69.0970588235294,101.0,46.95
37.7395833333333,37.2333333333333,73.7971428571429,51.3592592592593,101.142857142857,75.1428571428571,10.65,39.3,104.75,29.5083333333333,35.0666666666667,350.5,193.833333333333,18.55,119.5,383.9,17.5,,24.65,43.95,138.125,27.15,13.15,16.0444444444444,25.4428571428571,58.7,253.5,343.0,28.1,44.15,30.0,18.5,23.6833333333333,292.5,230.5,272.5,46.4,11.1083333333333,152.53125,,21.5,71.9148648648649,18.4388888888889,,347.627118644068,229.778846153846,19.55,14.46,109.0,37.95,19.36875,20.0,60.2,23.9,230.0,129.034482758621,26.15,41.65,78.725,170.272727272727,56.55,82.7428571428572,67.15,224.0,59.7905660377358,10.897287522604,106.546511627907,165.5,26.45,23.4,66.8,258.0,244.5,178.578947368421,37.25,48.3583333333333,11.9,29.55,10.1,15.95,14.8882352941176,30.6653846153846,215.0,17.9666666666667,30.3,10.5241379310345,27.6923076923077,11.1041666666667,10.55,11.25,18.4642857142857,44.3111111111111,43.8613636363636,9.91705882352941,21.6274193548387,16.9842105263158,26.7304347826087,13.6230769230769,8.68642857142857,10.45,20.520652173913,20.5145833333333,319.928571428571,81.8,3995.0,75.0333333333333,160.4,82.7,109.0,44.9,21.3,240.25,191.5,10.3817204301075,125.5,52.7913043478261,7.03,38.3833333333333,27.9,72.3,51.72,51.0,125.857142857143,82.5,49.95,38.4166666666667,112.8,18.6048387096774,6.725,96.69,67.975,79.1875,75.3777777777778,534.0,255.75,505.0,208.0,109.0,108.75,233.25,253.5,37.0694444444444,196.5,148.5,86.4,152.0,47.6,69.1583333333333,101.0,46.95
37.7722222222222,37.25,73.7962962962963,51.4,101.166666666667,75.2,10.6076923076923,39.275,104.7,29.5111111111111,35.05,350.0,193.5,18.55,119.5,384.0,17.5041666666667,,24.65,43.95,138.125,27.15,13.15,16.0138888888889,25.4160714285714,58.7,253.5,343.5,28.1,44.1291666666667,30.0,18.5,23.65,293.0,230.5,272.5,46.4333333333333,11.1385,152.5,,21.55,71.9,18.45,,347.6,229.772727272727,19.5478260869565,14.4714285714286,109.28,37.95,19.3538461538462,20.0125,60.2,23.9,230.0,129.083333333333,26.2,41.6557692307692,78.8,170.444444444444,56.5307692307692,82.7,67.1,224.0,59.7666666666667,10.896786389414,106.611111111111,165.214285714286,26.45,23.45,66.9,258.25,244.75,178.642857142857,37.25,48.3583333333333,11.9,29.55,10.1414507772021,15.95,14.8909090909091,30.684375,215.0,17.955,30.35,10.5,27.6875,11.1111111111111,10.5166666666667,11.225,18.4758064516129,44.305,43.8769230769231,9.91384615384615,21.6,16.976,26.7231343283582,13.6166666666667,8.68040540540541,10.4458762886598,20.5194444444444,20.5242424242424,319.666666666667,81.7666666666667,3995.0,75.0333333333333,160.5,82.7,109.0625,44.9,21.25,240.5,191.25,10.3541071428571,125.5,52.9039215686275,7.03,38.36,27.9,72.3,51.72,51.0,126.0,82.575,49.95,38.35,113.0,18.6267441860465,6.72,96.6333333333333,68.0,79.2,75.3933333333333,534.0,255.75,505.0,208.0,109.055555555556,108.7,232.0,253.5,37.0647058823529,196.5,149.0,86.4,152.0,47.4,69.2,101.0,46.9
37.74,37.25,73.8,51.4,101.192307692308,75.1909090909091,10.6416666666667,39.275,104.75,29.5,35.0625,350.0,193.5,18.55,119.5,384.0,17.5473684210526,,24.65,43.9875,138.125,27.15,13.1,16.05,25.4269230769231,58.7,253.34375,343.5,28.1,44.1214285714286,30.0,18.5,23.65,293.0,230.5,272.5,46.4,11.1027027027027,152.5,,21.55,71.9,18.4464285714286,,347.625,229.65625,19.55,14.4868421052632,109.1,37.95,19.3571428571429,20.0055555555556,60.2966666666667,23.875,230.0,129.2,26.25,41.6566666666667,78.8272727272727,170.0,56.5129032258065,82.5156862745098,67.15,224.5,59.8,10.8835016835017,106.566666666667,165.25,26.4964285714286,23.4,66.9,258.0,244.590909090909,178.611111111111,37.2615384615385,48.3583333333333,11.9,29.55,10.1487903225806,15.95,14.8878787878788,30.6583333333333,215.0,17.9705882352941,30.35,10.5,27.6818181818182,11.1333333333333,10.55,11.2,18.4865384615385,44.3,43.8575,9.91294117647059,21.6106060606061,16.9879310344828,26.7173913043478,13.625,8.68359223300971,10.45,20.5454545454545,20.5021739130435,319.5,81.7666666666667,3995.0,75.0333333333333,160.285714285714,82.7,109.368421052632,44.85,21.2818181818182,240.35,191.555555555556,10.3679487179487,125.5,53.0061349693252,7.03,38.36,27.9,72.2583333333333,51.8,51.0,126.0,82.54,49.95,38.35,112.5,18.6055555555556,6.72333333333333,96.6,68.095652173913,79.2,75.4,534.0,256.0,505.0,208.0,109.0,108.5,232.0,253.5,37.0675,196.5,149.0,86.4,152.0,47.4,69.2,101.0,46.9
37.75,37.25,73.9031111111111,51.4,101.230769230769,75.175,10.6166666666667,39.3,104.714285714286,29.5285714285714,35.0,350.166666666667,193.5,18.55,119.5,384.0,17.5,,24.65,43.9875,138.5,27.15,13.15,16.00625,25.4445945945946,58.7,253.366666666667,343.5,28.1,44.12,30.0,18.5,23.65,293.0,230.5,272.5,46.4,11.108064516129,152.678571428571,,21.5,71.9102362204724,18.4333333333333,,347.933333333333,229.75,19.5142857142857,14.4653846153846,109.263157894737,37.9666666666667,19.36875,20.05,60.2714285714286,23.87,230.266666666667,129.071428571429,26.25,41.65,78.8461538461538,170.225,56.5763440860215,82.4084745762712,67.1,224.25,59.7903225806452,10.8635593220339,106.542857142857,165.214285714286,26.5038888888889,23.4,66.85,258.0,244.6,178.7,37.275,48.3583333333333,11.9,29.55,10.150826446281,15.95,14.88125,30.6923076923077,215.25,17.95,30.35,10.5,27.7,11.15,10.55,11.2,18.4855769230769,44.3088235294118,43.875,9.9115,21.6071428571429,16.994,26.7461382113821,13.615,8.68857142857143,10.425,20.5647368421053,20.5160714285714,319.5,81.7666666666667,3997.5,75.1,160.333333333333,82.7,109.0,44.8,21.2502747252747,240.5,191.611111111111,10.3502747252747,125.5,53.1137254901961,7.03,38.3571428571429,27.9,72.2411764705882,51.8636363636364,51.0,126.0,82.6166666666667,49.95,38.35,112.5,18.6058823529412,6.72857142857143,96.5,68.1333333333333,79.1166666666667,75.4142857142857,534.0,256.0,505.0,208.0,109.006944444444,108.535714285714,232.0,253.5,37.0722222222222,196.5,148.833333333333,86.4,152.5,47.6,69.1,101.0,46.9
37.7191489361702,37.245,73.99,51.35,101.107142857143,75.1375,10.65,39.25,104.75,29.5296296296296,35.025,350.0,193.5,18.5444444444444,119.5,383.9,17.5,,24.65,43.975,138.5,27.15,13.05625,16.0205882352941,25.4290697674419,58.7,253.5,343.5,28.1,44.15,30.0,18.5,23.675,293.0,230.5,272.5,46.4277777777778,11.1056603773585,152.5,,21.5,71.8868852459017,18.44,,347.681818181818,229.872881355932,19.5,14.4522727272727,109.5,37.9666666666667,19.35,20.0111111111111,60.2,23.8590909090909,230.5,129.0,26.25,41.6625,78.825,170.214285714286,56.594623655914,82.42,67.1,224.25,59.8,10.8687919463087,106.5,166.032352941176,26.5,23.4,66.85,258.0,244.5,178.844827586207,37.25,48.3583333333333,11.9,29.55,10.2,15.95,14.8995867768595,30.6888888888889,215.25,17.96,30.35,10.5166666666667,27.7,11.134375,10.55,11.25,18.4729166666667,44.3512121212121,43.86875,9.91,21.6,16.99,26.7244444444445,13.6125,8.68375,10.4176470588235,20.5653543307087,20.5128205128205,319.875,81.7666666666667,3995.0,75.1,160.5,82.7,109.055555555556,44.9,21.25,240.5,192.0,10.3916666666667,125.5,53.1177215189874,7.03,38.4,27.975,72.22,51.9513513513513,50.9611111111111,126.0,82.6666666666667,49.95,38.35,112.5,18.615,6.72,96.5444444444445,68.04,79.2,75.41,534.0,256.0,505.0,208.0,108.966666666667,108.625,232.0,253.5,37.0625,196.0,148.833333333333,86.5565217391304,152.0,47.6,69.1666666666667,101.0,46.95
37.7576271186441,37.2428571428571,73.9384615384615,51.4,101.041666666667,75.18,10.6,39.25,104.75,29.5166666666667,34.96,350.0,193.5,18.5444444444444,119.5,384.0,17.5,,24.65,43.9642857142857,138.5,27.15,13.1083333333333,16.0307692307692,25.4468503937008,58.7,253.5,343.5,28.1,44.15,30.0,18.5,23.65,293.0,230.5,272.5,46.4222222222222,11.132905982906,152.5,,21.596568627451,71.8975609756098,18.4357142857143,,347.459677419355,229.619047619048,19.5,14.4511363636364,109.475,37.9666666666667,19.35,20.0,60.28,23.9,230.5,128.944444444444,26.2553571428571,41.65,78.8,170.285714285714,56.575,82.45,67.1,224.25,59.7857142857143,10.873,106.5,166.35632183908,26.5491379310345,23.4,66.85,258.0,244.636363636364,178.628571428571,37.2029411764706,48.35,11.9,29.5375,10.1865384615385,15.95,14.9050578034682,30.6708333333333,215.25,17.96,30.3,10.525,27.7,11.1307692307692,10.5035714285714,11.2,18.465,44.3649122807018,43.8571428571428,9.916,21.6125,16.9818181818182,26.7415887850467,13.6083333333333,8.68285714285714,10.45,20.5662921348315,20.5035714285714,319.666666666667,81.8,3995.0,75.1,160.125,82.7,109.0,44.9,21.2039215686275,240.5,191.5,10.3864864864865,125.5,53.17,7.02,38.35,28.0,72.23,52.09,50.9,126.25,82.7,49.95,38.35,112.666666666667,18.627380952381,6.72666666666667,96.5636363636364,68.0666666666667,79.224,75.4666666666667,534.0,256.0,504.5,208.0,109.0,108.8125,232.0,253.5,37.0714285714286,196.5,148.75,86.5565217391304,152.0,47.45,69.1666666666667,101.0,46.95
37.775,37.2441176470588,73.9666666666667,51.4,101.133333333333,75.2,10.6,39.35,104.666666666667,29.5136363636364,34.95,350.5,193.666666666667,18.55,119.875,383.384615384615,17.5,,24.65,44.0,138.5,27.15,13.15,16.04375,25.4352941176471,58.7,253.25,343.5,28.1,44.15,30.0,18.5,23.65,292.625,230.5,272.0,46.4,11.1002272727273,152.5,,21.5764172335601,71.8935064935065,18.4346153846154,,347.05,229.788888888889,19.55,14.4545454545455,109.5,37.95,19.3833333333333,20.0029411764706,60.2818181818182,23.9,230.5,128.625,26.25,41.6616666666667,78.8,170.285714285714,56.5111111111111,82.43,67.1166666666667,224.0,59.8,10.870796460177,106.71875,165.541666666667,26.5565789473684,23.45,66.85,257.9,244.5,178.884615384615,37.2233333333333,48.35,11.9,29.55,10.1609004739336,15.95,14.9111111111111,30.6725,215.25,17.9705882352941,30.35,10.5361111111111,27.7,11.1136363636364,10.5166666666667,11.2,18.4892857142857,44.3648148148148,43.8988636363636,9.914,21.608,16.9888888888889,26.7115384615385,13.6289473684211,8.68619047619047,10.4233333333333,20.5655913978495,20.5489825581395,319.666666666667,81.8,3995.0,75.1107142857143,160.166666666667,82.7,109.0,44.85,21.2375,240.0,191.5,10.350283286119,125.5,53.3100591715976,7.02,38.375,28.0,72.25,52.1,50.925,126.0,82.7,49.95,38.35,112.5,18.6071428571429,6.72666666666667,96.5095238095238,68.0714285714286,79.2875,75.4,534.0,256.0,504.5,208.0,109.033333333333,108.666666666667,232.0,254.0,37.0875,196.0,148.75,86.5565217391304,152.0,47.6,69.1,101.0,46.95
37.7333333333333,37.2433333333333,73.9666666666667,51.4,101.357142857143,75.1857142857143,10.605,39.35,104.625,29.55,34.95,350.5,194.0,18.55,119.5,383.5,17.5055555555556,,24.65,43.975,138.5,27.15,13.125,16.05,25.4453488372093,58.7,253.25,343.0,28.05,44.1375,29.95,18.5,23.65,292.625,230.5,272.5,46.4,11.1048780487805,152.583333333333,,21.6337301587302,71.8983050847458,18.4,,347.3125,229.833333333333,19.5083333333333,14.45,109.3125,37.95,19.35,20.025,60.2666666666667,23.875,230.5,128.833333333333,26.25,41.65,78.85,170.0,56.5375,82.4833333333333,67.1,224.0,59.7,10.8722602739726,106.576271186441,165.5,26.55,23.45,66.85,257.5,244.75,178.96,37.23,48.35,11.9,29.6,10.1557142857143,15.95,14.9325,30.6666666666667,215.25,17.955,30.3095238095238,10.5361111111111,27.7,11.15,10.51875,11.2,18.475,44.35,43.8609375,9.91,21.62,16.99,26.7241935483871,13.6041666666667,8.6868,10.4483516483516,20.5615079365079,20.5334532374101,319.785714285714,81.8,3997.5,75.1,160.375,82.7,109.0,44.85,21.2428571428571,240.0,191.5,10.3991379310345,125.5,53.5256809338521,7.02,38.3666666666667,27.975,72.275,51.987323943662,50.94,126.0,82.7857142857143,49.95,38.4,112.5,18.6125,6.73,96.5083333333333,68.03,79.26,75.5,534.0,256.0,504.5,208.0,109.0,108.5,232.0,254.0,37.0857142857143,196.5,148.666666666667,86.5565217391304,152.0,47.6,69.1,101.0,46.95
37.7736842105263,37.245652173913,73.9666666666667,51.4,101.05,75.1428571428571,10.6107142857143,39.3,104.785714285714,29.5038461538462,34.95,350.5,194.0,18.55,119.625,383.0,17.5,,24.65,43.95,138.5,27.15,13.1,16.05,25.4166666666667,58.7,253.0,343.0,28.05,44.1166666666667,30.0,18.5,23.65,292.916666666667,230.5,272.5,46.4214285714286,11.1017766497462,152.5,,21.6158536585366,71.9,18.415,,347.5,229.822033898305,19.5,14.4434782608696,109.333333333333,37.98,19.35,20.0136363636364,60.22,23.8583333333333,230.5,128.833333333333,26.2666666666667,41.6565217391304,78.8571428571429,170.375,56.56,82.3846153846154,67.1,224.5,59.7,10.8639344262295,106.5,165.5,26.55,23.45,66.85,257.928571428571,244.625,178.944444444444,37.2291666666667,48.35,11.9,29.6,10.1928571428571,15.95,14.9464,30.6961538461538,215.25,17.955,30.3095238095238,10.55,27.6857142857143,11.1130434782609,10.55,11.2125,18.48,44.3678571428572,43.87,9.91777777777778,21.6014705882353,16.95,26.712962962963,13.63125,8.68,10.4136363636364,20.5682608695652,20.5480891719745,319.75,81.7909090909091,3997.5,75.2238461538462,160.25,82.7,109.333333333333,44.85,21.20625,240.0,191.5,10.3554852320675,125.5,53.3720930232558,7.02,38.375,28.0,72.2333333333333,51.86,50.9333333333333,126.0,82.88,49.95,38.45,112.5,18.611320754717,6.72,96.5,68.0166666666667,79.275,75.425,534.0,256.0,504.5,208.0,109.0,108.6,232.0,254.0,37.1,196.5,148.666666666667,86.5565217391304,152.25,47.6,69.0255319148936,101.0,46.95
37.784375,37.24375,73.9714285714286,51.3,101.105263157895,75.175,10.6392857142857,39.3,104.714285714286,29.5,34.975,350.0,194.0,18.55,119.625,382.5,17.5,,24.65,43.95,138.5,27.2,13.1,16.04,25.4096153846154,58.7,253.0,343.0,28.05,44.125,30.0,18.5,23.65,293.0,230.5,272.0,46.4,11.1037735849057,152.5,,21.6166666666667,71.9394736842106,18.4045454545455,,347.5,229.78813559322,19.5,14.4448275862069,109.34375,37.975,19.35,20.0375,60.22,23.88,230.5,128.5,26.2994444444444,41.65,78.8375,170.1,56.5384615384615,82.376,67.1,224.333333333333,59.7333333333333,10.8613259668508,106.545454545455,165.5,26.55,23.4260869565217,66.85,257.75,244.666666666667,178.604166666667,37.2018518518518,48.3928571428571,11.9,29.6066666666667,10.1513274336283,15.95,14.9416666666667,30.6863636363636,215.25,17.9625,30.3,10.55,27.7,11.125,10.55,11.25,18.4892857142857,44.365625,43.8666666666667,9.91,21.6157894736842,16.9987804878049,26.7100393700787,13.6294117647059,8.68255474452554,10.4397435897436,20.5647826086957,20.549358974359,319.5,81.7,3995.0,75.3797297297297,160.466666666667,82.8,109.0,44.85,21.2166666666667,239.72,191.363636363636,10.3891891891892,125.5,53.4842696629213,7.02071428571429,38.375,28.0,72.2004629629629,51.86,50.9083333333333,126.0,82.8823529411764,49.95,38.45,112.5625,18.6071428571429,6.72190476190476,96.4111111111111,68.0428571428571,79.275,75.48,534.0,255.9,503.5,208.0,109.166666666667,109.0,232.0,254.0,37.0954545454545,196.5,148.666666666667,86.5565217391304,152.5,47.45,69.1888888888889,101.0,46.95
37.7549019607843,37.2375,73.893137254902,51.25,101.272727272727,75.2,10.62,39.325,104.7,29.5166666666667,34.9375,351.0,193.9,18.55,119.625,382.75,17.497619047619,,24.65,43.9928571428571,138.5,27.2,13.1,16.05,25.41625,58.8,253.009803921569,343.0,28.05,44.125,29.9666666666667,18.5,23.65,293.0,230.5,272.0,46.4230769230769,11.102,152.527777777778,,21.5905172413793,71.9219512195122,18.4034482758621,,347.028571428571,229.824324324324,19.5,14.425,109.5,37.9928571428571,19.3583333333333,20.0307692307692,60.2,23.9,230.5,129.0,26.25,41.65625,78.7066666666667,170.25,56.5444444444445,82.25,67.1,224.333333333333,59.725,10.8657894736842,106.5,165.5,26.55,23.48,66.85,257.5,244.785714285714,179.0,37.2,48.35625,11.9,29.65,10.1612903225806,15.95,14.92,30.675,215.25,17.9615384615385,30.3,10.55,27.6833333333333,11.1033333333333,10.5333333333333,11.248,18.5,44.3557692307692,43.8724137931034,9.91,21.6,16.9727272727273,26.7004424778761,13.6203703703704,8.686,10.4326086956522,20.5633064516129,20.55,319.5,81.7,3995.0,75.4,160.527777777778,82.8,109.045454545455,44.85,21.21875,238.722972972973,191.5,10.3551792828685,125.5,53.8597597597598,7.03,38.3638888888889,28.0,72.2088235294118,51.7666666666667,50.9777777777778,126.0,82.909375,49.9809523809524,38.4590909090909,112.5,18.6147058823529,6.72,96.4636363636364,68.06,79.3125,75.4071428571429,532.0,255.9,504.0,208.0,109.0,108.7,232.0,254.0,37.0594594594595,196.166666666667,148.7,86.6,152.5,47.6,69.2,101.0,46.95
37.7990566037736,37.2431818181818,73.88,51.3090909090909,101.0,75.1888888888889,10.6365853658537,39.3,104.642857142857,29.5222222222222,34.9125,350.75,194.0,18.6,119.5,382.611111111111,17.5,,24.65,43.95,138.5,27.2,13.1,16.046875,25.418,58.8,253.083333333333,343.0,28.05,44.1333333333333,30.0,18.5,23.675,293.0,230.5,272.142857142857,46.4166666666667,11.1,152.55,,21.5905172413793,71.9733333333333,18.4071428571429,,347.166666666667,229.767441860465,19.5,14.45,109.233333333333,37.9928571428571,19.35,20.0333333333333,60.225,23.8724137931034,229.761904761905,129.5,26.28125,41.6545454545455,78.75,170.5,56.52,82.31,67.1,224.333333333333,59.76,10.8757425742574,106.566666666667,165.333333333333,26.55,23.5,66.9,257.5,244.5,178.87037037037,37.2388888888889,48.35,11.8970588235294,29.65,10.1584269662921,15.95,14.92,30.6538461538462,215.25,17.95,30.2833333333333,10.55,27.653125,11.13,10.55,11.2071428571429,18.4959459459459,44.352,43.8595238095238,9.915,21.6,16.9898148148148,26.7,13.6082568807339,8.68,10.4457142857143,20.559793814433,20.5564784053156,319.5,81.7,3995.0,75.358064516129,160.597222222222,82.8,109.166666666667,44.9,21.225,238.975,191.5,10.3965517241379,125.5,53.982546201232,7.02857142857143,38.3666666666667,28.0,72.2666666666667,51.7,50.9785714285714,126.222222222222,82.8595238095238,50.0066666666667,38.4590909090909,112.5,18.6125,6.72176470588235,96.4384615384616,68.0272727272727,79.3,75.4,532.0,256.0,502.0,208.0,109.444444444444,108.625,232.0,254.0,37.0911764705882,196.166666666667,149.0,86.6,152.5,47.6,69.1,101.0,46.95
37.7818181818182,37.2333333333333,73.85,51.2333333333333,101.111111111111,75.1785714285714,10.6333333333333,39.3,104.708333333333,29.5022727272727,34.9125,350.5,193.9,18.5006944444444,119.5,382.5,17.5,,24.65,43.975,138.5,27.2,13.1,16.05,25.4333333333333,58.8,253.423076923077,343.0,28.05,44.1361111111111,30.0,18.4985074626866,23.65,293.0,230.5,272.5,46.4,11.1,152.5,,21.55,71.9588888888889,18.4052631578947,,347.214285714286,229.734693877551,19.5,14.4272727272727,109.5,37.9666666666667,19.35,20.0022727272727,60.2,23.8833333333333,229.761904761905,129.3,26.28125,41.65,78.7272727272727,170.166666666667,56.5076923076923,82.33,67.1,224.5,59.7285714285714,10.855577689243,106.542682926829,165.5,26.55,23.45,66.9,257.75,244.55,178.5,37.203125,48.35,11.9,29.69375,10.184375,15.95,14.9269230769231,30.69,215.25,17.9854838709677,30.2833333333333,10.5083333333333,27.7,11.1375,10.55,11.25,18.5,44.3642857142857,43.8586956521739,9.91764705882353,21.6025,16.9821428571429,26.6949074074074,13.6368421052632,8.6818439716312,10.4125,20.5705607476636,20.5836538461538,319.5,81.7,3995.0,75.4103448275862,160.4625,82.8333333333333,109.192307692308,44.9,21.25,239.5,191.25,10.39,125.833333333333,53.9547368421053,7.02,38.4,27.975,72.2857142857143,51.7,50.9111111111111,126.0,82.6333333333333,50.1,38.4590909090909,112.75,18.6065217391304,6.72555555555555,96.4733333333333,68.0222222222222,79.3,75.4111111111111,532.0,256.0,503.5,208.0,109.557268722467,108.833333333333,232.0,254.0,37.09,196.5,148.5,86.6,152.0,47.6,69.1,101.0,46.9
37.7913043478261,37.2409090909091,73.8636363636364,51.3,101.157894736842,75.16,10.6055555555556,39.35,105.0,29.50625,34.91,350.5,193.9,18.5006944444444,119.5,382.0,17.4961538461538,,24.65,43.975,138.5,27.2,13.1,16.05,25.4125,58.8,253.3,343.0,28.05,44.15,30.0,18.4509345794392,23.65,293.0,230.5,272.5,46.405,11.0604651162791,152.566666666667,,21.5513888888889,71.912987012987,18.40625,,347.0,229.719298245614,19.5305555555556,14.45,109.433333333333,38.0,19.3884615384615,20.0285714285714,60.2,23.85,230.0,129.25,26.25,41.65,78.8,170.333333333333,56.5846153846154,82.34,67.0,224.5,59.7142857142857,10.8550561797753,106.5,165.0,26.548,23.45,66.9,257.9,244.5,178.5,37.2142857142857,48.35,11.9,29.7,10.2,15.95,14.9166666666667,30.675,215.5,17.9583333333333,30.3,10.55,27.65,11.1444444444444,10.55,11.25,18.5,44.3535714285714,43.8994897959184,9.91818181818182,21.6013513513514,16.9944444444444,26.6697368421053,13.6435483870968,8.68162790697675,10.45,20.553164556962,20.5884615384615,319.8,81.7,3990.0,75.3772727272727,160.5,82.9,109.309523809524,44.9,21.2277777777778,239.0,191.0,10.3893939393939,125.833333333333,53.9689497716895,7.01666666666667,38.35,27.97,72.25,51.7,50.9166666666667,125.9375,82.6086956521739,50.1958333333333,38.4590909090909,112.75,18.6025,6.73,96.4933333333333,68.0111111111111,79.3,75.4555555555556,532.0,255.833333333333,503.5,208.0,109.576923076923,108.6,232.0,254.0,37.08125,196.5,148.916666666667,86.6,152.0,47.45,69.1,101.0,46.9
37.7946428571429,37.2166666666667,73.8625,51.3666666666667,101.107142857143,75.2,10.6230769230769,39.2857142857143,104.666666666667,29.52,34.95,350.5,193.9,18.5006944444444,119.5,382.25,17.4882352941176,,24.65,43.99,138.5,27.2166666666667,13.1,16.05,25.4073529411765,58.8,253.375,343.0,28.005,44.15,30.0,18.4509345794392,23.65,293.0,230.5,272.5,46.425,11.07578125,152.515625,,21.55,71.9307692307692,18.4013513513514,,346.970588235294,229.843137254902,19.5,14.4489583333333,109.428571428571,38.0,19.35,20.0058823529412,60.2,23.8636363636364,230.0,129.0,26.25,41.65,78.77,170.5,56.6,82.375,67.1114285714286,224.5,59.7,10.8570205479452,106.5,165.125,26.5428571428571,23.45,66.9,257.5,244.5,178.5,37.2033333333333,48.35,11.9,29.7,10.1944444444444,15.95,14.9045454545455,30.7,215.5,17.9590909090909,30.3,10.55,27.6875,11.103125,10.5431818181818,11.25,18.5,44.3608695652174,43.8571428571428,9.9116,21.6169811320755,16.96875,26.659756097561,13.6269230769231,8.68,10.45,20.5675324675325,20.6,319.666666666667,81.7,3990.41666666667,75.4117647058823,160.470588235294,82.9,109.05,44.9,21.2,238.825,190.727722772277,10.4,125.5,54.1216666666667,7.02,38.36875,28.0,72.2875,51.7,50.9428571428571,125.75,82.6,50.3,38.45,112.625,18.6011111111111,6.72,96.5,68.05,79.25,75.4083333333333,532.0,255.5,503.5,208.0,109.727272727273,108.5,232.0,254.0,37.1,196.25,148.875,86.6,152.625,47.5583333333333,69.12,101.0,46.9
37.815625,37.2444444444445,73.9,51.4333333333333,101.227272727273,75.2,10.6,39.2857142857143,104.9,29.5083333333333,34.9166666666667,350.5,194.0,18.5375,119.875,383.0,17.4989361702128,,24.65,44.0,138.5,27.19,13.1,16.0318181818182,25.4076335877863,58.8,253.5,343.0,28.05,44.1603448275862,30.0,18.4916666666667,23.65,293.0,230.5,272.5,46.44375,11.092,152.5,,21.55,71.9,18.4,,346.909090909091,229.808333333333,19.5,14.4307692307692,109.363636363636,38.0,19.3923076923077,20.0125,60.25,23.875,230.0,129.136363636364,26.245,41.69,78.8,170.458333333333,56.5967741935484,82.3,67.2,224.0,59.7083333333333,10.8650684931507,106.757142857143,164.987804878049,26.5,23.45,66.9,257.5,244.529411764706,178.486910994764,37.2,48.35,11.9,29.7,10.2,16.0,14.9,30.653125,215.25,17.9625,30.3,10.55,27.6980769230769,11.1416666666667,10.55,11.25,18.496511627907,44.3708333333333,43.858064516129,9.91083333333333,21.6,16.9980392156863,26.6555147058824,13.6352272727273,8.68360655737705,10.4268292682927,20.5622549019608,20.5639344262295,319.8,81.7,3990.0,75.4,160.538461538462,82.9,109.045454545455,44.9,21.2020700636943,238.1,190.468085106383,10.384,125.5,53.9778846153846,7.02,38.3833333333333,28.0,72.2571428571428,51.75,50.9896551724138,126.0,82.6,50.3,38.45,112.625,18.6113636363636,6.72105263157895,96.45,68.06,79.2833333333333,75.4,532.0,255.5,508.0,208.0,109.973684210526,108.666666666667,232.0,254.0,37.0842105263158,196.5,149.0,86.6,153.0,47.5583333333333,69.2,101.0,46.9
37.7971428571429,37.2392857142857,73.8818181818182,51.5,101.0,75.1625,10.6495192307692,39.2857142857143,104.75,29.5083333333333,34.9333333333333,350.5,194.0,18.55,119.5,383.0,17.5,,24.65,43.9928571428571,138.5,27.19,13.1,16.025,25.436,58.7,253.5,343.0,28.05,44.15,30.0,18.4916666666667,23.6833333333333,293.0,230.5,272.5,46.41,11.0596153846154,152.5,,21.5395833333333,71.9029411764706,18.4130434782609,,346.408045977012,229.916666666667,19.5,14.45,109.482456140351,38.0,19.3857142857143,20.0083333333333,60.2083333333333,23.8569444444444,230.5,129.416666666667,26.2,41.68,78.8125,170.1,56.58,82.2121951219512,67.2,224.5,59.72,10.8581300813008,106.526315789474,165.0,26.5,23.45,66.8,257.7,244.452380952381,178.0,37.2318181818182,48.35,11.9,29.7,10.2,16.0,14.9,30.685,215.25,17.965625,30.275,10.5,27.6785714285714,11.1,10.505,11.25,18.5,44.35,43.8576923076923,9.912,21.6,16.9910256410256,26.6578431372549,13.6082677165354,8.6796335078534,10.4224489795918,20.5689873417722,20.597619047619,319.833333333333,81.7,3990.0,75.4772058823529,160.541666666667,82.9,109.0,44.9,21.2016806722689,238.333333333333,190.272727272727,10.3539877300614,125.5,53.855,7.02,38.35,28.0,72.2714285714286,51.7,50.9222222222222,126.0,82.6454545454546,50.3,38.4875,112.5,18.616,6.72105263157895,96.5,68.0666666666667,79.2666666666667,75.4166666666667,532.0,255.5,508.0,208.0,110.0,108.666666666667,232.0,254.0,37.0958333333333,196.5,148.875,86.6,153.0,47.5583333333333,69.2,101.0,46.95
37.80703125,37.245,73.88,51.5,101.2,75.18,10.65,39.2857142857143,104.7,29.5176470588235,34.95,350.5,194.0,18.55,119.5,383.5,17.5,,24.65,43.9833333333333,138.5,27.15,13.1,16.0089285714286,25.416,58.7,253.5,343.0,28.05,44.2,30.0,18.55,23.65,293.0,230.5,273.0,46.4,11.0596153846154,152.53125,,21.55,71.8666666666667,18.4055555555556,,345.9,229.613333333333,19.4990566037736,14.4416666666667,109.5,37.95,19.375,20.0083333333333,60.2,23.85625,230.5,129.5,26.2,41.7,78.75,170.45,56.5555555555556,82.1,67.2,224.5,59.7,10.8510230179028,106.7,164.75,26.5,23.45,66.8,257.5,244.107142857143,177.740157480315,37.2,48.35,11.9,29.7416666666667,10.2,16.0,14.9,30.6703125,215.0,17.9583333333333,30.275,10.55,27.6954545454545,11.1105263157895,10.5038461538462,11.225,18.4972972972973,44.335546875,43.8588235294118,9.91229166666667,21.6448598130841,16.96875,26.6540625,13.64,8.67755102040816,10.4202702702703,20.5744186046512,20.575,319.5,81.7,3990.0,75.5875576036866,160.65625,82.9,109.0,44.9,21.2178571428571,237.516129032258,190.425925925926,10.3731481481481,125.5,53.9516129032258,7.02,38.375,28.05,72.2555555555555,51.7,50.9166666666667,126.0,82.65,50.35,38.5,112.5,18.6037037037037,6.72,96.4625,68.0,79.3,75.4222222222222,532.0,255.5,508.0,208.0,109.846153846154,108.538461538462,232.0,254.0,37.103,196.111111111111,148.75,86.6,153.0,47.5583333333333,69.2761904761905,101.0,46.9
37.775,37.245652173913,73.8846153846154,51.5,101.090909090909,75.16,10.7,39.2857142857143,104.9,29.5115384615385,34.9125,350.5,194.0,18.55,119.5,383.75,17.5,,24.65,43.95,138.375,27.15,13.1,16.05,25.4102941176471,58.7,253.5,343.0,28.0,44.2,29.95,18.5,23.675,292.5,230.5,272.875,46.4214285714286,11.0604166666667,152.51,,21.55,71.8339285714286,18.4181818181818,,345.5,229.801470588235,19.45,14.45,109.5,37.95,19.35,20.0181818181818,60.3,23.8603448275862,230.5,129.4,26.2,41.6833333333333,78.7058823529412,170.444444444444,56.592,81.966265060241,67.2,224.5,59.8,10.8664473684211,106.517857142857,164.875,26.4987179487179,23.45,66.8,257.5,244.0,177.662162162162,37.2192307692308,48.3,11.9,29.75,10.2,15.95,14.9041666666667,30.6933333333333,215.5,17.9666666666667,30.3,10.5441176470588,27.7,11.128,10.5142857142857,11.225,18.4880952380952,44.3222222222222,43.8823529411765,9.91857142857143,21.60625,16.9967741935484,26.6755102040816,13.6391891891892,8.67846153846154,10.4083333333333,20.5644329896907,20.5842105263158,319.625,81.7,3990.0,75.6393939393939,160.5,83.0,109.277777777778,44.9,21.21,237.5,190.494252873563,10.35,125.5,54.0634782608696,7.02,38.35625,28.05,72.2714285714286,51.73,50.92,126.0,82.64,50.4,38.45,112.75,18.6083333333333,6.72,96.425,68.1,79.2666666666667,75.4,532.0,255.5,508.0,208.0,109.652173913043,108.9375,232.0,254.0,37.0555555555556,196.0,148.875,86.6,152.5,47.525,69.3,101.0,46.9
37.79,37.25,73.875,51.3,101.0,75.1857142857143,10.6513157894737,39.3,104.8,29.5095238095238,34.9166666666667,350.5,194.0,18.55,119.5,383.5,17.5,,24.6545454545454,44.0,138.5,27.175,13.15,16.05,25.4429906542056,58.7,253.5,343.0,28.0,44.2,30.0,18.5,23.6666666666667,293.0,230.5,272.875,46.425,11.0581632653061,152.5,,21.55,71.8967592592593,18.4,,346.483870967742,229.8515625,19.4921052631579,14.4448717948718,109.518433179723,38.0,19.3666666666667,20.009375,60.2909090909091,23.8666666666667,230.375,130.076315789474,26.2,41.655,78.7,170.458333333333,56.5571428571429,81.9421052631579,67.2,224.5,59.7795454545455,10.8531007751938,106.511111111111,165.022727272727,26.5,23.45,66.8,257.625,244.1,177.954545454545,37.2,48.3,11.9,29.75,10.1969696969697,16.0,14.91,30.65,215.5,17.9678571428571,30.2833333333333,10.55,27.685,11.1083333333333,10.55,11.2333333333333,18.5,44.3,43.8769230769231,9.91722222222222,21.6,16.9941176470588,26.6554054054054,13.6229166666667,8.671875,10.4481481481482,20.5702380952381,20.5783018867925,319.666666666667,81.7,3990.0,75.5966666666667,160.666666666667,83.0,109.0,44.85,21.2117647058824,237.5,190.15,10.3857142857143,125.25,53.9973333333333,7.02,38.35,28.1,72.24,51.6,50.9285714285714,126.0,82.62,50.4,38.5,112.5,18.6016666666667,6.72,96.4875,68.02,79.25,75.485,532.0,256.0,508.0,208.0,109.584905660377,108.625,232.0,254.0,37.0142857142857,196.5,148.5,86.6,153.0,47.525,69.47125,100.5,46.9
37.778125,37.245652173913,73.8913043478261,51.5,101.0,75.17,10.6833333333333,39.3,104.833333333333,29.5375,34.95,350.5,194.0,18.5444444444444,119.5,383.5,17.5,,24.6545454545454,43.95,138.5,27.2,13.125,16.075,25.425,58.7,253.5,343.0,28.0,44.1833333333333,30.0,18.5,23.6666666666667,293.0,230.5,272.875,46.4234848484848,11.0866666666667,152.533333333333,,21.5464285714286,71.8697674418605,18.4038461538462,,347.0,229.694915254237,19.5,14.45,109.846153846154,37.975,19.375,20.0375,60.2,23.8833333333333,230.375,130.5,26.2,41.6510638297872,78.71,170.5,56.6,81.8342105263158,67.3,225.0,59.796052631579,10.8748571428571,106.513513513514,165.5,26.5,23.40234375,66.8,257.571428571429,244.0625,178.166666666667,37.2071428571429,48.3461538461539,11.9,29.75,10.2,16.0,14.91,30.6521126760563,215.5,17.9676470588235,30.3,10.55,27.67,11.1375,10.5033333333333,11.2333333333333,18.5,44.3051724137931,43.8666666666667,9.91111111111111,21.6052631578947,16.9950980392157,26.6608108108108,13.6357142857143,8.67014440433213,10.434375,20.5626315789474,20.5895833333333,319.75,81.7,3990.0,75.4804347826087,160.75,82.9333333333333,109.0,44.8970588235294,21.21,237.5,190.510869565217,10.3577419354839,125.0,53.9459459459459,7.02,38.3625,28.0625,72.2777777777778,51.6833333333333,50.93,126.5,82.6888888888889,50.4096774193548,38.5,112.666666666667,18.6351781170483,6.73,96.4625,68.05,79.2076923076923,75.4,532.0,256.0,508.0,208.0,109.5,108.625,232.0,253.5,37.0411764705882,196.375,148.75,86.6,153.0,47.45,69.5085714285714,100.5,46.9
37.7833333333333,37.2432692307692,73.916,51.5,101.03488372093,75.1875,10.65,39.25,104.722222222222,29.54,34.9333333333333,350.5,194.5,18.55,119.5,384.0,17.5,,24.6545454545454,43.975,138.5,27.2,13.125,16.05,25.4266666666667,58.7,253.5,343.0,28.0,44.1875,30.0,18.5,23.65,293.0,230.5,272.875,46.4138888888889,11.0585365853659,152.558823529412,,21.5007352941176,71.8478260869565,18.4382352941176,,347.055555555556,229.948051948052,19.4725,14.4205882352941,109.852941176471,37.9857142857143,19.375,20.05,60.3,23.9,230.375,130.333333333333,26.2,41.665,78.7076923076923,170.690476190476,56.5833333333333,81.721052631579,67.3,224.5,59.8497619047619,10.8643518518518,106.727272727273,165.166666666667,26.5,23.4,66.8,257.983606557377,244.0,178.138888888889,37.25,48.3011363636364,11.9,29.8,10.1722222222222,16.0,14.93125,30.65,215.5,17.9785714285714,30.3,10.5471428571429,27.675,11.1454545454545,10.5166666666667,11.246875,18.4948275862069,44.3438461538462,43.85,9.91166666666667,21.609375,16.9777777777778,26.6637931034483,13.6291666666667,8.66950819672131,10.45,20.5611764705882,20.5996957403651,319.5,81.8,3990.0,75.328125,160.5,82.9666666666667,109.055555555556,44.875,21.2030303030303,237.882352941176,190.75,10.4,125.5,53.9434782608696,7.01,38.3891304347826,28.0625,72.2444444444445,51.6833333333333,50.9545454545455,126.5,82.5921568627451,50.5,38.5,112.5,18.6085365853659,6.72090909090909,96.425,68.0375,79.2333333333333,75.4055555555555,532.0,256.0,508.0,208.0,109.375,108.625,232.0,253.75,37.03,196.5,148.75,86.6,153.0,47.6,69.5545454545454,100.5,46.85
37.7943548387097,37.25,73.9166666666667,51.5,101.095238095238,75.2,10.65,39.3,104.7,29.5125,34.9,351.0,194.5,18.55,119.5,383.75,17.5,,24.6545454545454,43.95,138.5,27.2,13.125,16.05,25.4333333333333,58.75,253.5,343.0,28.0,44.1666666666667,30.0,18.4833333333333,23.7,293.0,230.5,272.875,46.4166666666667,11.0645161290323,152.62,,21.46,71.8940298507463,18.45,,347.083333333333,229.833333333333,19.4708333333333,14.4388888888889,109.961538461538,37.9625,19.35,20.0033333333333,60.2714285714286,23.89,230.375,130.1,26.1760869565217,41.7,78.6913043478261,171.0,56.6,81.603125,67.3,224.5,59.9823529411765,10.8698347107438,106.5,165.0,26.5,23.4,66.8,257.966666666667,244.166666666667,178.444444444444,37.25,48.35,11.8661764705882,29.8,10.195871559633,16.0,14.90125,30.6875,215.5,17.96875,30.3,10.55,27.6785714285714,11.15,10.5333333333333,11.25,18.5,44.3041666666667,43.8792682926829,9.91,21.6204545454545,16.9892857142857,26.677380952381,13.6118421052632,8.67,10.45,20.5630208333333,20.5991978609626,319.666666666667,81.8,3990.0,75.3595238095238,160.75,83.0,109.0,44.9,21.2235294117647,238.0,191.0,10.3527397260274,125.5,53.8657142857143,7.01,38.3666666666667,28.1,72.2714285714286,51.6666666666667,50.9142857142857,126.4375,82.5,50.45,38.5,112.5,18.6283018867925,6.72,96.4588235294118,68.06,79.1714285714286,75.32,532.0,256.0,506.0,208.0,109.5,108.55,232.0,253.875,37.0388888888889,196.5,149.0,86.6,153.0,47.4,69.52,100.5,46.8
37.7979166666667,37.2468085106383,73.9333333333333,51.55,101.0375,75.19,10.65,39.3,104.5625,29.5071428571429,34.9166666666667,351.0,194.5,18.55,119.5,383.9,17.5,,24.6545454545454,44.0,138.5,27.2,13.125,16.0239130434783,25.4154761904762,58.75,253.5,343.0,28.0,44.19,30.0,18.50625,23.69,293.0,230.5,272.875,46.40625,11.0918181818182,152.757575757576,,21.5047619047619,71.8955555555556,18.445,,347.222222222222,229.663265306122,19.45,14.45,109.833333333333,37.975,19.35,20.0090909090909,60.2714285714286,23.9,230.375,130.0,26.1760869565217,41.6666666666667,78.6521739130435,170.928571428571,56.5875,81.29,67.24,224.5,59.9181818181818,10.8569620253165,106.5,165.5,26.5,23.4,66.8,258.0,244.1875,178.3,37.2,48.35,11.88,29.8083333333333,10.1996932515337,16.0,14.9235294117647,30.6538461538461,215.5,17.96875,30.3,10.55,27.69,11.15,10.55,11.2384615384615,18.5039473684211,44.3166666666667,43.8818181818182,9.9101724137931,21.6384615384615,16.987037037037,26.6619565217391,13.6225,8.67737704918033,10.448,20.55,20.599375,319.5,81.8,3990.0,75.39375,160.666666666667,83.0,109.3,44.9,21.2041666666667,238.5,190.611111111111,10.3926470588235,125.5,53.8766666666667,7.01,38.4,28.1,72.24,51.6666666666667,50.9333333333333,126.5,82.5083333333333,50.4,38.5,112.642857142857,18.6333333333333,6.72358490566038,96.4222222222222,68.0117647058824,79.175,75.34,532.0,256.0,506.0,208.0,109.5,108.75,232.0,254.0,37.0235294117647,196.5,149.5,86.6,153.0,47.4,69.59,100.5,46.85
37.7888888888889,37.2479591836735,73.9604651162791,51.6,101.222222222222,75.1625,10.6833333333333,39.3,104.545454545455,29.4946428571429,34.925,351.0,194.5,18.55,119.5,383.1,17.4833333333333,,24.6545454545454,43.9962962962963,138.5,27.25,13.125,16.0357142857143,25.4210526315789,58.75,253.5,343.0,28.0,44.19,30.0,18.45,23.7,293.0,231.0,272.875,46.4357142857143,11.0645833333333,152.689655172414,,21.5,71.8822222222222,18.4485074626866,,347.655555555556,229.695652173913,19.47,14.4434782608696,110.0,38.0,19.35,20.0472972972973,60.2,23.88,230.375,129.75,26.175,41.68,78.64,171.0,56.54,81.3181818181818,67.25,225.0,59.9098360655738,10.8571428571429,106.5,165.5,26.5,23.4,66.8,258.0,244.25,178.506211180124,37.198275862069,48.35,11.9,29.8,10.1925373134328,15.95,14.9,30.6629032258064,215.5,17.9653846153846,30.3,10.5,27.65,11.1357142857143,10.55,11.25,18.55,44.34,43.875,9.91529411764706,21.6287878787879,16.9962962962963,26.6741935483871,13.6385714285714,8.676,10.446,20.5622093023256,20.6,319.5,81.8,3990.0,75.325,160.785714285714,82.9,109.0,44.9166666666667,21.205,238.625,190.625,10.35,125.5,53.8692307692308,7.0,38.38125,28.15,72.28,51.532,50.9333333333333,126.593220338983,82.525,50.4,38.5,112.5,18.6323529411765,6.72,96.5016949152542,68.05,79.0052631578948,75.3583333333333,531.0,256.0,506.0,208.0,109.5,108.625,232.0,254.0,37.0176470588235,196.5,149.4,86.6,152.5,47.4,69.6,100.5,46.85
37.7888888888889,37.2464285714286,73.9416666666667,51.6,101.44,75.2,10.6805555555556,39.25,104.8,29.5,34.9333333333333,350.75,194.5,18.5,119.75,383.0,17.4866666666667,,24.65,43.9525,138.5,27.25,13.125,16.05,25.4125,58.75,253.461538461538,343.0,28.0,44.2,30.0,18.45,23.65,293.0,231.0,272.875,46.4125,11.0764705882353,152.857142857143,,21.5423076923077,71.9030095759234,18.4375,,348.01282051282,229.789772727273,19.4961267605634,14.4185185185185,109.928571428571,37.975,19.3882352941177,20.01,60.2923076923077,23.8559523809524,230.4,129.5,26.1714285714286,41.6875,78.6727272727273,170.966666666667,56.5555555555556,81.4846153846154,67.3,225.0,59.9636363636364,10.878,106.647058823529,165.5,26.5,23.4,66.8,258.0,244.1875,178.809523809524,37.205,48.3142857142857,11.895,29.75,10.2003198294243,15.95,14.942,30.675,215.5,17.9848484848485,30.3,10.55,27.688,11.1001118568233,10.55,11.2416666666667,18.55,44.3441340782123,43.9104384133612,9.91140625,21.6148648648649,16.9833333333333,26.6655555555556,13.6362068965517,8.67714285714286,10.45,20.5643518518519,20.6,319.5,81.8,3990.0,75.4,160.5,82.975,109.285714285714,44.9166666666667,21.2045454545455,238.571428571429,191.0,10.3748120300752,125.5,53.8384615384615,7.00803921568628,38.365,28.05,72.23,51.4,50.9916666666667,126.581081081081,82.5,50.4076923076923,38.5,112.5,18.6159090909091,6.72309090909091,96.6,68.0375,79.0,75.3833333333333,531.0,256.0,506.0,208.0,109.461538461538,108.583333333333,232.0,254.0,37.0670731707317,196.5,149.0,86.6,152.5,47.6,69.65,100.5,46.85
37.7724489795918,37.25,73.9666666666667,51.6,101.272727272727,75.1888888888889,10.69,39.25,104.5,29.55,34.9,351.5,194.5,18.55,119.5,383.416666666667,17.5,,24.65,43.9027777777778,138.5,27.25,13.1,16.0548780487805,25.4307692307692,58.75,253.0,343.0,28.0,44.2,30.0,18.45,23.65,293.0,231.0,273.0,46.4428571428571,11.0932038834951,152.568181818182,,21.5,71.8932203389831,18.4357142857143,,348.813664596273,229.620967741935,19.49296875,14.4421052631579,109.933333333333,37.95,19.35,20.0,60.3076923076923,23.8714285714286,230.4,129.692307692308,26.15,41.65,78.8030303030303,171.0,56.5225,81.6333333333333,67.2833333333333,224.5,60.0,10.9052510760402,106.783333333333,165.382352941176,26.5,23.4,66.9,258.25,244.25,178.85,37.2,48.3142857142857,11.9,29.75,10.2244186046512,15.95,14.9497835497836,30.65,215.5,17.96,30.3,10.55,27.6769230769231,11.1032710280374,10.5166666666667,11.2416666666667,18.54,44.3850649350649,43.95,9.9175,21.6293103448276,16.9896551724138,26.6673333333333,13.618,8.68010638297872,10.44375,20.5537974683544,20.6005,319.5,81.7142857142857,3990.0,75.425,160.5,82.9833333333333,109.0,44.95,21.2,238.0,191.0,10.3782608695652,125.5,53.8965517241379,7.01090909090909,38.4,28.05,72.25,51.4,51.0017543859649,126.5,82.56,50.3,38.5,112.625,18.6022727272727,6.72,96.525,68.0,79.05,75.3166666666667,531.0,256.0,506.0,208.0,109.5,108.625,232.0,253.625,37.0732142857143,196.5,149.0,86.6,152.5625,47.4,69.7,100.5,46.9
37.7821428571429,37.2361111111111,73.9538461538462,51.6,101.2,75.2,10.68125,39.25,104.7,29.5333333333333,34.95,351.0,194.0,18.55,119.5,383.7,17.5,,24.7,43.9333333333333,138.5,27.2125,13.1,16.06,25.4469696969697,58.75,253.5,343.0,28.0,44.16015625,30.0,18.45,23.66875,293.0,231.0,273.214285714286,46.45,11.0729166666667,152.71875,,21.5028571428571,71.8967479674797,18.44,,348.579710144928,229.75641025641,19.4657894736842,14.4490945674044,109.625,38.0,19.35,20.0075,60.4,23.8615384615385,230.5,129.55,26.15,41.65,78.8,170.833333333333,56.5588235294118,81.7208333333333,67.2833333333333,224.5,60.0,10.9153594771242,106.507575757576,165.4,26.5029411764706,23.4,66.9,258.166666666667,244.166666666667,179.0,37.2038461538462,48.3375,11.8916666666667,29.75,10.2148351648352,15.95,14.95,30.6520833333333,215.5,17.9676470588235,30.2979166666667,10.5458333333333,27.6684210526316,11.1034482758621,10.55,11.2416666666667,18.5036616161616,44.3775,43.95,9.91285714285714,21.6480072463768,16.9989130434783,26.6564102564103,13.65,8.68691075514874,10.45,20.5610465116279,20.6193548387097,319.5,81.7142857142857,3995.0,75.4,160.5625,83.0,109.0,44.9,21.2,238.5,191.0,10.3714285714286,125.666666666667,53.8428571428571,7.01090909090909,38.4,28.0,72.3,51.5,51.0916666666667,126.5,82.55,50.3,38.46,112.75,18.6014705882353,6.72142857142857,96.5428571428571,68.025,79.08,75.3217391304348,531.0,256.25,506.0,208.0,109.5,108.5,232.0,253.625,37.06,196.5,149.5,86.6,152.5625,47.4,69.8,100.5,46.9
37.7925,37.25,73.9333333333333,51.6,101.291666666667,75.1666666666667,10.65,39.3,104.692307692308,29.55,34.9125,351.0,194.0,18.55,119.75,384.0,17.5,,24.7,43.92,138.5,27.2125,13.1,16.05,25.4208333333333,58.75,253.5,343.0,28.0,44.2,30.0,18.45,23.6928571428571,292.5,231.0,273.214285714286,46.45,11.0803571428571,152.72,,21.5,71.8972222222222,18.4073170731707,,348.166666666667,229.899103139013,19.480303030303,14.5,110.0,38.0,19.3533333333333,20.05,60.4,23.8442708333333,230.0,129.55,26.15,41.6568181818182,78.7608695652174,170.84375,56.562962962963,81.7307692307692,67.2222222222222,225.0,60.0087837837838,10.9228682170543,106.558823529412,165.111111111111,26.5035714285714,23.4,66.9,258.0,244.2,179.221456692913,37.20625,48.308,11.9,29.75,10.2,15.95,14.98,30.6573770491803,215.5,17.9633333333333,30.2979166666667,10.55,27.6727272727273,11.1423913043478,10.55,11.2,18.5428571428571,44.36,43.95,9.91166666666666,21.63828125,16.988,26.6524590163934,13.6347826086957,8.68987577639752,10.4373831775701,20.5565217391304,20.6455882352941,319.75,81.7142857142857,3992.5,75.4,160.833333333333,83.0,109.375,44.925,21.2,238.277777777778,191.083333333333,10.3916666666667,125.75,53.7660714285714,7.01,38.3875,28.0,72.2666666666667,51.5,51.0666666666667,127.0,82.5076923076923,50.2,38.475,112.666666666667,18.6131578947368,6.72714285714286,96.5906666666667,68.0058823529412,79.0928571428571,75.3666666666667,531.0,256.0,506.0,208.0,109.5,108.7,232.0,253.75,37.075,196.0,149.416666666667,86.6,152.5625,47.4,69.8,101.0,46.9
37.7955555555556,37.2641304347826,73.9777777777778,51.6,101.333333333333,75.1636363636364,10.6916666666667,39.3,104.527777777778,29.5454545454546,34.93125,351.0,194.166666666667,18.55,119.625,384.0,17.5,,24.7,43.9,138.5,27.2,13.1,16.0555555555556,25.425,58.75,253.9375,343.0,28.0,44.2,29.95,18.45,23.675,292.5,230.75,273.5,46.4518181818182,11.0728260869565,152.767857142857,,21.5,71.9583333333333,18.4,,348.48717948718,229.555555555556,19.4891304347826,14.4571428571429,109.911764705882,38.0,19.3518867924528,20.0071428571429,60.41,23.85,230.5,129.520833333333,26.2,41.6818181818182,78.7529411764706,170.923076923077,56.5595238095238,81.7875,67.2333333333333,225.0,60.0978723404255,10.9106382978723,106.534482758621,165.25,26.5,23.4,66.9,258.071428571429,244.5,179.552434456929,37.2,48.35,11.8916666666667,29.75,10.2,15.95,14.965,30.6545454545454,215.5,17.96,30.2833333333333,10.55,27.6992753623188,11.1019230769231,10.55,11.2,18.5035864978903,44.3671875,43.9496753246753,9.91076923076923,21.6191176470588,16.9975409836066,26.6633928571429,13.6326923076923,8.69,10.4337209302326,20.5608208955224,20.6265625,319.102040816327,81.7142857142857,3995.0,75.3545454545454,160.555555555556,83.0,109.0,44.9363636363636,21.1769230769231,238.125,191.357142857143,10.3545321637427,125.5,53.6648648648649,7.01,38.368085106383,28.1,72.2428571428572,51.5,51.1,126.6,82.5875,50.2,38.5,112.785714285714,18.6138888888889,6.72666666666667,96.5193548387097,68.0133333333333,79.1,75.3375,531.0,256.0,506.0,208.0,109.5,108.6,232.75,253.75,37.0791666666667,196.5,149.333333333333,86.6,152.5625,47.475,69.8068965517241,101.0,46.85
37.759375,37.2947368421053,73.9571428571429,51.6,101.321428571429,75.2,10.65,39.3,104.6875,29.5529411764706,34.9,351.0,194.166666666667,18.5727272727273,119.5,384.0,17.5083333333333,,24.7,43.9,138.5,27.2,13.1,16.05,25.4303571428571,58.75,253.5,343.0,28.0,44.2,29.95,18.5,23.675,292.5,231.0,273.5,46.45,11.0919230769231,152.708333333333,,21.55,71.925,18.4,,348.078125,229.737179487179,19.4666666666667,14.4981132075472,109.666666666667,38.0,19.35,20.0375,60.4,23.81,230.5,129.541666666667,26.15,41.7043859649123,78.8,170.846153846154,56.5192307692308,81.7214285714286,67.2052631578947,224.5,60.065,10.9393333333333,106.5,165.3,26.5,23.4,66.9,258.333333333333,244.533333333333,179.5,37.2,48.3,11.88,29.75,10.2479166666667,15.95,14.9509523809524,30.65,215.5,17.9636363636364,30.2833333333333,10.55,27.6666666666667,11.1013157894737,10.55,11.2,18.525,44.38125,43.95,9.9125,21.607,16.9975308641975,26.6717948717949,13.6271929824561,8.68945945945946,10.45,20.555612244898,20.6175925925926,318.928571428571,81.7142857142857,3995.0,75.3333333333333,160.5,83.0,109.038461538462,44.95,21.1589285714286,238.5,191.0,10.3502659574468,125.5,53.7,7.01071428571429,38.35625,28.15,72.2333333333333,51.5,51.1,126.413793103448,82.6,50.2,38.5,112.75,18.6066666666667,6.726875,96.5333333333334,68.0166666666667,79.2,75.36875,531.0,256.0,506.0,208.0,109.6,109.0,232.75,253.75,37.05,196.0,149.0,86.6,152.75,47.475,69.8862068965517,101.0,46.85
37.7705882352941,37.2962962962963,73.96875,51.6,101.375,75.2,10.6714285714286,39.3,104.555555555556,29.5714285714286,34.9318181818182,351.0,194.0,18.55,119.5,384.0,17.5083333333333,,24.7,43.9333333333333,138.333333333333,27.2,13.1,16.054347826087,25.4277777777778,58.75,253.5,343.0,28.0416666666667,44.2,29.95,18.5,23.675,292.5,231.0,273.0,46.4625,11.0661290322581,152.795454545455,,21.55,71.9191780821918,18.4055555555556,,348.571428571429,229.725490196078,19.4875,14.5,109.770833333333,37.9553191489362,19.3636363636364,20.0166666666667,60.3857142857143,23.8517699115044,230.5,130.0,26.15,41.7388888888889,78.8535714285714,170.931818181818,56.5086956521739,81.8,67.175,224.5,60.0571428571429,10.9070093457944,106.614285714286,165.125,26.5,23.4,66.9,257.977941176471,245.033333333333,179.532786885246,37.2304347826087,48.35,11.8944444444444,29.75,10.2013580246914,15.95,14.9794117647059,30.6584905660377,215.5,17.9638888888889,30.2833333333333,10.5210227272727,27.6928571428571,11.1030303030303,10.5166666666667,11.2,18.5007462686567,44.3727272727273,43.9485294117647,9.91125,21.6476780185758,16.998687664042,26.6654929577465,13.65,8.685625,10.4415254237288,20.57,20.6471428571428,318.875,81.8,3995.0,75.4,160.545454545455,83.0,109.05,44.95,21.1868421052632,239.0,190.944444444444,10.3966666666667,125.5,53.7115384615385,7.01,38.3875,28.1,72.2105263157895,51.6,51.0428571428571,126.413793103448,82.53,50.2,38.5,112.75,18.604054054054,6.72980769230769,96.5913043478261,68.0066666666667,79.2,75.3916666666667,531.0,256.0,506.0,208.0,109.5,108.666666666667,232.75,253.75,37.0027777777778,196.0,149.0625,86.6,152.5,47.5,69.8655172413793,101.0,46.85
37.7579268292683,37.2688679245283,73.9857142857143,51.6,101.1875,75.1285714285714,10.655,39.3,104.666666666667,29.6,34.9318181818182,351.0,194.0,18.5461538461538,119.987804878049,384.0,17.5,,24.7,43.9333333333333,138.5,27.2,13.15,16.0568181818182,25.4116279069767,58.75,253.5,343.0,28.0416666666667,44.2,30.0,18.5,23.65,292.5,231.0,273.0,46.48,11.0663636363636,152.702702702703,,21.5545454545455,71.9077922077922,18.4125,,348.98717948718,229.797619047619,19.4782786885246,14.5,109.5,37.9571428571429,19.35,20.0071428571429,60.3857142857143,23.8625,230.0,130.0,26.2,41.7227272727273,78.8,170.888888888889,56.52,81.93125,67.175,224.5,60.0727272727273,10.9146739130435,106.619047619048,165.0,26.5326086956522,23.45,66.9,257.666666666667,245.83,179.5,37.2449275362319,48.3,11.9,29.75,10.1671717171717,15.95,14.975,30.6595238095238,215.5,17.959375,30.2875,10.55,27.675,11.1227272727273,10.525,11.2142857142857,18.5,44.3666666666667,43.95,9.91117647058823,21.6431506849315,16.997520661157,26.6542682926829,13.63,8.68021582733813,10.45,20.564606741573,20.634,318.5,81.8,3995.0,75.3,160.5,82.8882352941176,109.0,44.9,21.1875,238.75,191.0,10.3962962962963,125.5,53.7444444444445,7.00170731707317,38.4,28.1,72.2333333333333,51.6,51.1,126.0,82.5,50.2,38.5,112.5,18.6025,6.72224489795918,96.565,68.02,79.1,75.4,531.0,256.0,506.0,208.0,110.024948024948,108.6,231.5,253.5,36.96875,196.125,148.5,86.6,152.5,47.5,69.7904761904762,101.0,46.85
37.8,37.2964285714286,73.9285714285714,51.6,101.166666666667,75.1666666666667,10.6857142857143,39.25,104.666666666667,29.6,34.9,351.0,194.0,18.5928571428571,119.555555555556,384.0,17.5,,24.7,43.9333333333333,138.4375,27.2,13.15,16.0551282051282,25.437,58.75,253.6,343.0,28.05,44.2,29.95,18.5,23.65,292.5,231.0,273.0,46.4958333333333,11.1,152.808823529412,,21.55,71.9068825910931,18.4277777777778,,349.5,229.717391304348,19.4877551020408,14.484375,109.25,37.9928571428571,19.35,20.0285714285714,60.35,23.8514285714286,230.25,130.056962025316,26.15,41.7595238095238,78.8,170.90625,56.5554054054054,81.9954545454545,67.1,224.5,60.0636363636364,10.9070967741935,106.70652173913,165.0,26.55,23.4333333333333,66.9,257.8,245.932432432432,179.677215189873,37.2590909090909,48.3,11.9,29.75,10.1627586206897,15.95,14.96,30.67,215.5,17.95625,30.275,10.5368421052632,27.7,11.1055555555556,10.55,11.23,18.5,44.3827586206896,43.9428571428571,9.91375,21.6458333333333,16.9971830985916,26.6834415584416,13.6192307692308,8.67986631016043,10.4444444444444,20.5607954545455,20.6217391304348,318.5,81.8,3995.0,75.35,160.555555555556,82.96,109.3,44.94375,21.2,239.222222222222,191.5,10.3866666666667,125.5,53.8115384615385,7.02454545454545,38.3545454545455,28.1142857142857,72.2142857142857,51.7,51.1,125.875,82.55,50.2,38.5,112.5,18.6074074074074,6.7225,96.5925925925926,68.0958904109589,79.1571428571429,75.4333333333333,531.0,256.0,506.0,208.0,110.435294117647,108.75,231.5,254.0,36.925,196.2,148.5,86.6,152.5,47.57,69.9078947368421,101.0,46.85
37.7766666666667,37.2970588235294,73.9413043478261,51.6,101.166666666667,75.1666666666667,10.653125,39.3,104.833333333333,29.59,34.92,351.0,193.583333333333,18.5855555555556,119.5,383.470588235294,17.55,,24.65,43.9375,138.5,27.2,13.15,16.0666666666667,25.425,58.75,253.807692307692,343.0,28.05,44.1535714285714,29.9583333333333,18.5,23.65,292.5,231.0,273.571428571429,46.490625,11.07625,152.763888888889,,21.5352941176471,71.9032258064516,18.4068181818182,,349.4375,229.735576923077,19.5,14.5,109.369565217391,37.9875,19.35,20.025,60.36,23.8538461538462,230.25,130.5,26.1916666666667,41.7529411764706,78.7809523809524,170.97619047619,56.59,82.0130434782609,67.1,225.0,60.1,10.9265027322404,106.557142857143,165.0,26.55,23.4,66.9,257.833333333333,245.507518796992,179.669491525424,37.25,48.3,11.9,29.775,10.15,15.95,14.9502538071066,30.690625,215.5,17.9538461538462,30.26,10.55,27.7,11.1166666666667,10.55,11.2,18.5083333333333,44.3722222222222,43.9454545454546,9.91,21.646875,16.9756097560976,26.6544642857143,13.6478260869565,8.67327272727273,10.4453488372093,20.5556701030928,20.6285714285714,318.5,81.7,3990.0,75.3285714285714,160.571428571429,82.9,109.214285714286,44.95,21.1563953488372,239.5,191.5,10.3942857142857,125.5,53.8181818181818,7.03785714285714,38.3666666666667,28.1142857142857,72.2625,51.7,51.06,125.666666666667,82.55,50.2,38.5,112.5,18.6108695652174,6.72027777777778,96.6095238095238,68.0545454545454,79.2,75.4052631578947,531.0,256.0,506.0,208.0,110.5,108.666666666667,231.5,254.0,36.9666666666667,196.125,148.5,86.6,152.5,47.6,69.9692307692308,101.0,46.85
37.79375,37.2925925925926,73.9869565217392,51.6,101.25,75.175,10.6636363636364,39.3,104.636363636364,29.6,34.95,350.75,193.5,18.55,119.5,383.0,17.55,,24.65,43.95,138.5,27.2,13.15,16.0966666666667,25.4283132530121,58.7,253.5,343.0,28.05,44.15625,29.9583333333333,18.5,23.65,292.0,231.0,273.571428571429,46.4863636363636,11.0845744680851,153.178048780488,,21.55,71.9038461538462,18.4294117647059,,349.005376344086,229.611842105263,19.4833333333333,14.5017857142857,109.277777777778,37.95,19.35,20.002,60.3,23.8536363636364,230.5,130.0,26.2,41.75,78.7844444444445,171.0,56.575,81.9,67.1,225.0,60.0080357142857,10.9024590163934,106.657894736842,165.0,26.525,23.4,66.9,257.65,244.816176470588,179.494117647059,37.2842105263158,48.3,11.9,29.775,10.152614379085,15.95,14.9513157894737,30.6577777777778,215.5,17.9619047619048,30.25,10.55,27.7,11.1166666666667,10.5375,11.23,18.5,44.389175257732,43.9333333333333,9.91018348623853,21.6762295081967,16.9811320754717,26.6551948051948,13.6392857142857,8.67991071428571,10.45,20.5609375,20.6452,319.1,81.7,3990.0,75.4,160.642857142857,82.975,109.05,44.9727272727273,21.2,239.047619047619,191.2,10.3729508196721,125.5,53.82,7.04028846153846,38.3625,28.1,72.2545454545455,51.6,51.1,126.0,82.5642857142857,50.2,38.5,112.666666666667,18.6,6.72,96.6,68.0904761904762,79.225,75.4166666666667,531.0,256.0,506.0,208.0,110.5,108.5,231.5,254.0,36.9736842105263,196.0,148.5,86.55,152.5,47.4,69.85,101.0,46.85
37.75625,37.2684782608696,73.9916666666667,51.7,101.357142857143,75.2,10.65,39.3,104.555555555556,29.55,34.9,351.0,193.5,18.5416666666667,119.5,383.5,17.55,,24.65,43.95,138.5,27.2,13.1083333333333,16.0586206896552,25.4055555555556,58.7,253.9375,343.0,28.05,44.2,29.9583333333333,18.5,23.65,292.0,231.0,274.972222222222,46.4791666666667,11.0896551724138,153.393939393939,,21.55,71.8926829268292,18.4111111111111,,348.98717948718,229.675862068966,19.4787878787879,14.5217391304348,109.03125,37.9666666666667,19.375,20.0038461538462,60.3,23.85,230.5,130.285714285714,26.2,41.7,78.8037037037037,170.913793103448,56.5321428571429,82.0666666666667,67.1,225.0,59.9691823899371,10.9,106.595238095238,165.0,26.5003731343284,23.425,66.9,257.916666666667,244.309523809524,179.478260869565,37.2633333333333,48.3,11.9,29.8086206896552,10.1941176470588,15.95,14.95,30.65,215.5,17.9607142857143,30.2625,10.55,27.7,11.12,10.55,11.2,18.5136363636364,44.3909090909091,43.94,9.91357142857143,21.6691489361702,16.9653846153846,26.6547297297297,13.6491957104558,8.676,10.4461538461538,20.5563953488372,20.6357142857143,319.25,81.8,3990.0,75.4,160.842105263158,83.0,109.0,45.0,21.18,238.8,191.0,10.3538461538462,125.986486486486,53.8,7.04,38.4,28.05,72.2214285714286,51.6083333333333,51.0571428571429,125.5,82.56,50.2,38.4583333333333,112.666666666667,18.6071428571429,6.72,96.5384615384615,68.0875,79.2,75.4307692307692,531.0,256.433333333333,505.0,208.0,110.486486486486,108.5625,231.5,254.0,36.9977272727273,196.0,149.0,86.55,152.75,47.4,69.7090909090909,101.0,46.85
37.7787878787879,37.2696428571429,73.893371757925,51.7,101.153846153846,75.175,10.65,39.2833333333333,104.636363636364,29.5875,34.95,350.916666666667,193.5,18.5416666666667,119.5,384.0,17.512962962963,,24.65,43.9,138.5,27.2,13.1166666666667,16.0833333333333,25.4410714285714,58.75,254.0,343.0,28.05,44.19,29.9583333333333,18.5,23.6833333333333,292.0,231.0,275.0,46.4909090909091,11.090350877193,153.5,,21.5428571428571,71.8727272727273,18.4113636363636,,349.021276595745,229.746575342466,19.5,14.5113636363636,109.5,37.95,19.4,20.0088235294118,60.3,23.8666666666667,230.5,130.5,26.1980769230769,41.7432432432432,78.74,170.921052631579,56.5208333333333,82.1153846153846,67.0857142857143,225.0,59.9,10.9115384615385,106.692307692308,165.0,26.5333333333333,23.4,66.8,257.7,244.277777777778,179.5,37.25,48.305,11.9,29.85,10.2,15.95,14.9506578947368,30.695,215.5,17.98125,30.2875,10.5388888888889,27.6976744186046,11.109375,10.55,11.2,18.5,44.356862745098,43.9428571428571,9.91733333333333,21.6836538461538,16.99,26.6642857142857,13.6480769230769,8.67833333333333,10.45,20.559595959596,20.6214285714286,318.5,81.8,3990.0,75.3285714285714,160.583333333333,83.0,109.055555555556,44.975,21.175,239.0,191.1,10.381914893617,125.980769230769,53.8,7.038,38.375,28.05,72.225,51.6,51.0,125.5,82.575,50.2,38.4583333333333,112.75,18.6,6.72,96.5923076923077,68.025,79.15,75.4125,531.0,256.5,505.0,208.0,110.75,108.666666666667,231.5,254.0,37.0173913043478,195.95,148.5,86.55,152.5,47.4,69.6166666666667,101.0,46.85
37.7894736842105,37.2904761904762,73.8545454545454,51.65,101.3125,75.175,10.65,39.2875,104.611111111111,29.6,34.91,350.875,193.5,18.55,119.6875,384.0,17.5017543859649,,24.65,43.9388888888889,138.5,27.2,13.15,16.0730769230769,25.4125,58.75,253.9375,343.0,28.05,44.19,29.9583333333333,18.4962962962963,23.7,292.0,231.0,275.0,46.4916666666667,11.1,153.381578947368,,21.5467391304348,71.8586466165414,18.4295454545455,,348.972222222222,229.778350515464,19.4909090909091,14.5,109.409090909091,37.95,19.3647058823529,20.0027777777778,60.32,23.85625,230.5,130.142857142857,26.1666666666667,41.7363636363636,78.7818181818182,170.92,56.5540540540541,82.2066666666667,67.04,225.0,59.96,10.9175,106.703703703704,165.5,26.5339673913044,23.4,66.9,257.833333333333,244.208333333333,179.463636363636,37.2365384615385,48.3333333333333,11.9,29.85,10.1988095238095,15.95,14.95,30.6923076923077,215.5,17.9766666666667,30.2944444444444,10.55,27.7,11.1166666666667,10.5083333333333,11.2,18.5029411764706,44.3546875,43.95,9.9128,21.6872881355932,16.9913366336634,26.6575471698113,13.6442857142857,8.67957446808511,10.4477272727273,20.5723404255319,20.6086956521739,318.75,81.8,3990.0,75.3,160.5625,83.0,109.25,44.98125,21.1615384615385,239.0,191.111111111111,10.366875,126.0,53.8857142857143,7.03166666666667,38.3714285714286,28.05,72.2285714285714,51.52,51.0571428571429,125.625,82.5178571428571,50.2,38.4,113.0,18.6013513513514,6.7275,96.5977272727273,68.0428571428571,79.1625,75.4209302325581,531.0,256.5,505.0,208.0,111.325934579439,108.571428571429,231.5,253.75,37.0064516129032,195.5,148.75,86.55,152.785714285714,47.6,69.52,101.0,46.85
37.76875,37.2882352941176,73.865,51.7,101.233333333333,75.2,10.6588235294118,39.3,104.75,29.6,34.95,350.875,193.5,18.55,119.666666666667,383.875,17.4857142857143,,24.65,43.95,139.0,27.2,13.15,16.0578947368421,25.4409836065574,58.75,253.930555555556,343.0,28.05,44.2,30.0,18.5,23.7,292.0,231.0,275.0,46.490625,11.0811320754717,153.5,,21.55,71.8789473684211,18.4352941176471,,348.514705882353,229.917322834646,19.4972440944882,14.4963414634146,109.214285714286,37.95,19.3964285714286,20.0117647058824,60.3866666666667,23.8684210526316,230.5,130.0625,26.2008196721311,41.75,78.7138888888889,171.0,56.5217391304348,82.2708333333333,67.0866666666667,225.0,59.975,10.9190607734807,106.5,165.4,26.5863636363636,23.4,66.9,258.0,244.5,179.145833333333,37.25,48.3333333333333,11.89,29.85,10.1912162162162,15.95,14.95,30.6941176470588,215.3,17.965,30.29375,10.55,27.7,11.1,10.55,11.2,18.5071428571429,44.3875,43.9375,9.91096774193548,21.6601851851852,16.9641304347826,26.6714285714286,13.65,8.68028455284553,10.4470588235294,20.5574074074074,20.6203125,318.75,81.8,3990.0,75.3,160.5,83.05,109.3125,44.9982456140351,21.1521739130435,238.5,191.0,10.3705882352941,126.0,53.9,7.04,38.4,28.0571428571429,72.2173913043478,51.56,51.0666666666667,125.979166666667,82.5,50.2,38.4,112.5,18.6155172413793,6.72,96.5875,68.025,79.1923076923077,75.41,532.5,256.5,504.0,208.0,111.242788461538,108.75,231.5,254.0,37.0,195.777777777778,148.75,86.55,152.785714285714,47.4,69.6,101.0,46.9
37.7535714285714,37.294,73.85,51.6,101.366666666667,75.1818181818182,10.65,39.3,104.65,29.595,34.95,351.4375,193.5,18.55,119.772727272727,383.9,17.5277777777778,,24.65,43.9074074074074,139.0,27.2,13.15,16.08,25.4242857142857,58.75,254.0,343.0,28.05,44.2,29.95,18.5,23.65,292.0,231.0,275.0,46.495,11.0869565217391,153.421052631579,,21.55,71.8701923076923,18.42,,349.239130434783,229.654411764706,19.4962837837838,14.495,109.403846153846,37.95,19.4,20.0047619047619,60.32,23.8333333333333,230.5,130.0,26.2,41.765,78.692,171.0,56.5,82.1933333333333,67.05,225.0,59.9142857142857,10.9072580645161,106.5,165.166666666667,26.5928571428571,23.4012195121951,66.9,257.833333333333,244.607142857143,179.178571428571,37.25,48.3375,11.9,29.85,10.2,15.95,14.95,30.675,215.5,17.965625,30.3,10.55,27.7,11.1042372881356,10.55,11.2,18.5034482758621,44.3692307692308,43.95,9.91363636363636,21.6830357142857,16.9861111111111,26.6593023255814,13.6436170212766,8.68,10.4492990654206,20.5640449438202,20.6051724137931,319.5,81.8,3990.0,75.2153846153846,160.125,83.05,109.166666666667,44.95,21.1521739130435,238.5,191.0,10.3909090909091,126.0,53.94,7.025,38.3818181818182,28.0571428571429,72.2230769230769,51.5166666666667,51.0307692307692,126.0,82.4923076923077,50.25,38.4,112.642857142857,18.6046511627907,6.73,96.5153846153846,68.0571428571428,79.1555555555556,75.4677419354839,532.5,257.0,504.0,208.0,111.3375,108.6,231.5,254.0,36.9607142857143,195.7,148.75,86.55,152.5,47.65,69.6,101.0,46.9
37.7886363636364,37.3,73.85,51.6,101.178571428571,75.19,10.65,39.3,104.625,29.59375,34.925,352.0,194.0,18.55,119.71875,383.428571428571,17.5,,24.65,43.95,139.0,27.15,13.15,16.0586956521739,25.4241935483871,58.75,253.833333333333,343.0,28.05,44.1785714285714,30.0,18.5,23.65,292.0,231.0,275.0,46.4888888888889,11.0854166666667,153.5,,21.55,71.8785714285714,18.4,,349.766666666667,229.827777777778,19.5015717092338,14.4916666666667,109.5,37.95,19.4,20.0060606060606,60.3916666666667,23.8357142857143,230.5,130.0,26.2483870967742,41.7433333333333,78.7018181818182,171.0,56.5233333333333,82.16,67.1,225.0,59.9,10.9,106.508333333333,165.285714285714,26.564,23.4,66.86,257.888888888889,244.55,179.50487804878,37.25,48.35,11.9,29.845,10.2,15.95,14.9333333333333,30.6581632653061,215.0,17.9703703703704,30.29,10.55,27.6941176470588,11.1011904761905,10.55,11.2363636363636,18.5112903225806,44.3557692307692,43.9455882352941,9.91,21.6916666666667,16.9969696969697,26.6555555555555,13.6469230769231,8.68347826086956,10.4411764705882,20.5605263157895,20.5995016611296,319.333333333333,81.7444444444444,3988.75,75.2151515151515,160.125,83.1,109.021551724138,44.95,21.15,238.5,190.974358974359,10.3970588235294,126.0,53.955,7.025,38.4,28.025,72.2363636363636,51.5666666666667,51.0166666666667,126.0,82.4,50.25,38.4,112.7,18.6189189189189,6.72914285714286,96.6,68.05,79.1,75.4454545454546,532.5,256.6,500.5,208.0,111.531007751938,108.666666666667,231.5,253.833333333333,36.9615384615385,195.5,148.75,86.55,152.5,47.65,69.6571428571429,101.0,46.9
37.7825,37.3,73.8636363636364,51.6,101.485714285714,75.1916666666667,10.65,39.3,104.6,29.59,34.95,352.142857142857,194.25,18.55,119.772727272727,383.0,17.5,,24.65,43.95,139.0,27.15,13.15,16.1,25.4357142857143,58.75,253.5,343.5,28.05,44.15,30.0,18.5,23.7,292.0,231.0,274.5,46.4611111111111,11.0729166666667,153.391304347826,,21.55,71.8558823529412,18.425,,349.5,229.878205128205,19.5038348082596,14.4837837837838,109.5,37.9833333333333,19.375,20.0041666666667,60.325,23.85,230.5,130.423076923077,26.1985714285714,41.75,78.7133333333333,171.25,56.5653846153846,82.05,67.1,224.625,59.95,10.9329131652661,106.5,165.166666666667,26.5552083333333,23.4,66.86,257.954545454545,244.558823529412,179.574468085106,37.2521739130435,48.3166666666667,11.88125,29.85,10.2,15.95,14.9333333333333,30.6511111111111,215.0,17.9519230769231,30.25,10.55,27.7,11.134693877551,10.55,11.21,18.5103448275862,44.3923076923077,43.9493506493507,9.91954372623574,21.6805555555556,16.9981481481481,26.6539682539683,13.6471153846154,8.68947368421053,10.4488235294118,20.5631147540984,20.5991666666667,319.833333333333,81.7,3990.0,75.2,160.0,83.1666666666667,109.0,44.95,21.1738095238095,238.541666666667,190.958333333333,10.3944444444444,125.75,53.9,7.02,38.4,28.075,72.225,51.6,51.0272727272727,126.0,82.2689655172414,50.3,38.45,112.5,18.60625,6.72623287671233,96.6228571428571,68.0833333333333,79.1064516129032,75.4222222222222,532.5,256.375,500.5,208.0,111.5,108.625,231.5,254.0,36.9166666666667,195.7,148.75,86.55,152.5,47.65,69.65,101.0,46.85
37.7973684210526,37.2696,73.83,51.6,101.409090909091,75.2,10.6494535519126,39.3,104.666666666667,29.5868421052632,34.9125,352.25,194.5,18.5166666666667,119.666666666667,383.428571428571,17.5,,24.65,43.9333333333333,139.0,27.15,13.125,16.0708333333333,25.4451923076923,58.75,253.5,343.0,28.05,44.15,30.0,18.5,23.6583333333333,292.0,231.0,274.0,46.4993902439024,11.0904545454545,153.485714285714,,21.5482142857143,71.8684210526316,18.4321428571429,,350.222087378641,229.913223140496,19.54,14.4833333333333,109.5,37.95,19.35,20.0178571428571,60.3,23.8009615384615,230.5,130.5,26.1983333333333,41.75,78.7234042553191,171.382352941176,56.5661971830986,82.14,67.05,225.0,59.9384615384615,10.9,106.5,165.0,26.55,23.3833333333333,66.86,257.944444444444,244.475,180.151063829787,37.25,48.3416666666667,11.9,29.85,10.2044247787611,15.95,14.95,30.6736842105263,215.0,17.9685185185185,30.3,10.5,27.7,11.1057142857143,10.55,11.2375,18.5086538461538,44.3739130434783,43.9483050847458,9.91902439024391,21.6670588235294,16.9964912280702,26.6506944444445,13.65,8.68333333333333,10.4273809523809,20.5510593220339,20.5901408450704,319.785714285714,81.7272727272727,3990.0,75.2,160.166666666667,83.2,109.25,44.96,21.1693548387097,237.981481481482,190.5,10.3990566037736,125.5,53.9058823529412,7.01297297297297,38.406,28.05,72.275,51.6,51.07,126.0,82.2,50.3,38.45,112.714285714286,18.6486458333333,6.72980392156863,96.7081967213115,68.0428571428571,79.0666666666667,75.4032258064516,532.5,256.375,500.5,208.0,111.236842105263,108.535714285714,233.0,253.972222222222,36.9473684210526,195.75,148.75,86.55,152.5,47.65,69.6727272727273,101.0,46.85
37.7966666666667,37.3479166666667,73.8871794871795,51.6,101.5,75.175,10.65,39.3,104.5,29.5666666666667,34.9166666666667,352.25,194.5,18.5466666666667,119.5,383.636363636364,17.5,,24.65,43.9375,139.0,27.15,13.125,16.0509259259259,25.4359375,58.75,253.75,343.0,28.05,44.15,29.96,18.5,23.6892857142857,292.0,231.5,274.0,46.5107142857143,11.074358974359,153.767605633803,,21.5409090909091,71.8615384615385,18.41375,,350.579113924051,229.830097087379,19.5298387096774,14.5,109.34375,37.95,19.395,20.0,60.35,23.8222222222222,230.25,130.5,26.2,41.75,78.5415384615385,171.452380952381,56.5653846153846,82.0833333333333,67.1,225.0,59.94,10.9068265682657,106.526315789474,165.5,26.5613095238095,23.4,66.9,257.75,244.0,180.918590522479,37.2703703703704,48.3,11.9,29.85,10.2423076923077,15.95,14.95,30.6823529411765,215.0,17.9578947368421,30.2666666666667,10.5433333333333,27.7,11.1089285714286,10.5018518518519,11.2,18.51,44.3985897435898,43.95,9.91862745098039,21.6579787234042,16.9783582089552,26.6467391304348,13.6488151658768,8.68740740740741,10.4207547169811,20.5681818181818,20.6,319.9375,81.7272727272727,3990.0,75.2,160.25,83.2,109.0,45.0,21.1594594594595,238.0,190.888888888889,10.387,125.5,53.9220930232558,7.02,38.45,28.075,72.2875,51.6,51.025,126.0,82.1777777777778,50.3,38.4,112.75,18.65,6.72962962962963,96.7702702702703,68.0545454545455,79.04,75.4333333333333,532.5,256.375,500.0,208.0,111.5,108.555555555556,233.0,254.25,36.9605263157895,195.75,148.666666666667,86.55,152.5,47.4,69.64,101.0,46.85
37.7977272727273,37.3008333333333,73.9,51.55,101.551652892562,75.19,10.65,39.3,104.595238095238,29.6,34.95,352.583333333333,194.5,18.5466666666667,119.571428571429,383.5,17.5076923076923,,24.7,43.95,139.0,27.15,13.125,16.0703703703704,25.4239130434783,58.75,253.6,343.0,28.05,44.1833333333333,29.95,18.5,23.65,292.0,231.5,273.5,46.5363636363636,11.0947674418605,153.494152046784,,21.5576923076923,71.8901960784314,18.40625,,350.5,229.702127659574,19.5,14.5375,109.4375,37.95,19.375,20.0152173913044,60.3869565217391,23.85,230.5,130.5,26.1953125,41.75,78.69,171.461538461538,56.5208333333333,82.0,67.1,225.0,59.9181818181818,10.906038647343,106.776923076923,165.5,26.6,23.4,66.9,257.529411764706,244.125,180.928066037736,37.25,48.35,11.9,29.85,10.2148648648649,15.95,14.95,30.6605263157895,215.0,17.9783333333333,30.25,10.55,27.7,11.1107142857143,10.5066666666667,11.2,18.5035714285714,44.4353658536585,43.95,9.92685714285714,21.6858585858586,16.996261682243,26.6530769230769,13.6473154362416,8.68787234042553,10.4322916666667,20.5801587301587,20.5985294117647,319.833333333333,81.7272727272727,3990.0,75.1722222222222,160.1,83.2,109.0,44.95,21.1576923076923,238.045454545455,191.178571428571,10.3844827586207,125.5,53.9,7.02,38.454347826087,28.075,72.2533333333333,51.6,51.0,126.0,82.1,50.3,38.425,112.526315789474,18.6453125,6.73581081081081,96.7972222222222,68.0571428571428,79.1,75.45,532.5,256.5,500.0,208.0,111.484375,108.666666666667,233.0,254.5,36.9285714285714,195.5,148.571428571429,86.55,152.125,47.4,69.6,101.0,46.85
37.7909090909091,37.3121794871795,73.8521739130435,51.5,101.285714285714,75.2,10.642238267148,39.3,104.578947368421,29.5909090909091,34.9222222222222,352.583333333333,194.5,18.5157894736842,119.5,383.142857142857,17.5416666666667,,24.7,43.9416666666667,139.0,27.2,13.15,16.09375,25.45,58.75,253.5,343.0,28.05,44.175,30.0,18.5,23.7,292.0,231.5,273.5,46.5342105263158,11.0636363636364,153.326923076923,,21.5481481481482,71.8736842105263,18.4198113207547,,350.491228070175,229.833333333333,19.4869230769231,14.5,109.258620689655,37.95,19.3809523809524,20.0,60.35,23.8611111111111,230.5,130.25,26.175,41.7275,78.7,171.5,56.5958333333333,81.98,67.075,225.0,59.925,10.9,106.5,165.5,26.5821428571429,23.3541666666667,66.9,257.625,244.166666666667,181.46261682243,37.2551724137931,48.3388888888889,11.9,29.85,10.2076923076923,15.95,14.95,30.690625,215.0,17.9661290322581,30.25625,10.55,27.7,11.1,10.55,11.225,18.5024017467249,44.4117021276596,43.948717948718,9.92950819672131,21.6603773584906,16.9984375,26.6536458333333,13.6471014492754,8.68163194444444,10.4194444444444,20.57734375,20.575,319.875,81.7272727272727,3990.0,75.1,160.5,83.2,109.0,44.95,21.15,238.0,191.166666666667,10.3553008595989,125.5,53.9,7.02,38.5275,28.075,72.3,51.6,51.0466666666667,126.0,82.2014705882353,50.25,38.4,112.5,18.6333333333333,6.74888888888889,96.7875,68.0545454545455,79.1375,75.4142857142857,532.5,256.5,500.0,208.0,111.431034482759,108.6,233.0,254.5,36.95,195.75,148.5,86.55,152.125,47.4,69.6117647058824,101.0,46.85
37.8,37.3236,73.8375,51.5666666666667,101.5,75.2,10.6451612903226,39.3,104.54347826087,29.5892857142857,34.9366666666667,352.666666666667,194.5,18.5157894736842,119.5,383.5,17.5083333333333,,24.7,43.9041666666667,139.0,27.15,13.15,16.0616666666667,25.4286956521739,58.75,254.0,343.0,28.05,44.15,30.0,18.5,23.7,292.0,231.5,273.5,46.55,11.0980487804878,153.46,,21.55,71.9198770491803,18.4333333333333,,350.423976608187,229.666666666667,19.4995049504951,14.5211538461538,109.462962962963,37.95,19.36875,20.0047619047619,60.32,23.9,230.4,130.0,26.2,41.7178571428571,78.7207547169811,171.670731707317,56.5619047619048,81.9333333333333,67.004347826087,225.0,59.9555555555556,10.9,106.524590163934,165.416666666667,26.55,23.35,66.9,257.833333333333,244.375,180.815699658703,37.2409090909091,48.3388888888889,11.9,29.8016129032258,10.2246835443038,15.95,14.95,30.6875,215.0,17.9644736842105,30.2666666666667,10.55,27.75,11.1055555555556,10.55,11.22,18.5181818181818,44.4013736263736,43.95,9.92361607142857,21.6541237113402,16.9880701754386,26.6292253521127,13.6522946859903,8.68283582089552,10.4236363636364,20.5700787401575,20.5681818181818,319.5,81.7052631578947,3990.0,75.225,160.25,83.2,109.0,44.95,21.1553353658537,238.0,191.166666666667,10.3522810218978,125.625,53.9024390243902,7.02076923076923,38.615,28.1,72.2357142857143,51.5666666666667,51.0789473684211,126.0,82.2166666666667,50.2,38.4,112.5,18.6333333333333,6.75,96.7756756756757,68.05,79.0769230769231,75.5,532.5,256.5,506.0,208.0,111.507692307692,108.583333333333,232.75,254.5,36.95,195.75,148.5,86.55,152.0,47.65,69.6538461538462,101.0,46.85
37.8416666666667,37.306,73.8,51.55,101.25,75.2,10.6107142857143,39.3,104.777777777778,29.5909090909091,34.9333333333333,352.75,194.0,18.6,119.571428571429,383.5,17.5,,24.675,43.95,139.0,27.1333333333333,13.15,16.1,25.4483333333333,58.7,253.8,343.0,28.05,44.13,30.0,18.5,23.7,292.0,231.5,274.0,46.5357142857143,11.0809160305344,153.363636363636,,21.55,71.9557377049181,18.4214285714286,,349.991379310345,229.845132743363,19.5,14.5166666666667,109.068181818182,37.9111111111111,19.35,20.0010638297872,60.3666666666667,23.9,230.5,130.0,26.2,41.74,78.6388888888889,172.0,56.5977777777778,81.9,67.05,224.75,59.9048780487805,10.9,106.5,165.4,26.5509803921569,23.3528301886793,66.85,257.503787878788,244.214285714286,180.488235294118,37.2,48.325,11.8586956521739,29.8,10.2075301204819,16.0,14.95,30.7,215.0,17.9679245283019,30.2666666666667,10.55,27.7488888888889,11.1,10.5142857142857,11.2,18.5090909090909,44.4,43.95,9.92666666666667,21.6708333333333,17.0,26.6080357142857,13.7,8.68054545454545,10.4297101449275,20.5858823529412,20.5997493734336,319.9375,81.7052631578947,3990.0,75.2,160.285714285714,83.2,109.0,44.95,21.171875,238.0625,191.442857142857,10.3505454545455,126.0,53.875,7.02333333333333,38.65,28.1,72.1833333333333,51.5333333333333,51.0142857142857,126.0,82.275,50.2,38.4,112.642857142857,18.6236111111111,6.75941176470588,96.7863636363636,68.03,79.085,75.475,532.5,256.5,506.0,208.0,111.5,108.666666666667,232.75,253.925,36.95,195.833333333333,148.8,86.55,152.4,47.45,69.6333333333333,101.0,46.85
37.85,37.278125,73.88625,51.6,101.375,75.248275862069,10.6152777777778,39.275,104.75,29.5958333333333,34.95,352.625,194.5,18.6,119.5,383.967391304348,17.5,,24.675,43.9111111111111,139.0,27.1,13.15,16.0789473684211,25.4039473684211,58.7,253.875,343.0,28.05,44.1375,30.0,18.5,23.6666666666667,292.0,231.5,274.0,46.5206896551724,11.0792452830189,153.4,,21.578125,71.9578947368421,18.4298245614035,,349.764150943396,229.849137931034,19.5045454545455,14.5065217391304,109.5,37.9,19.3879310344828,20.0,60.3952380952381,23.8875,230.5,129.875,26.2,41.7236842105263,78.64,171.666666666667,56.6,81.89,67.05,225.0,59.9692307692308,10.9110024449878,106.533333333333,165.25,26.55,23.35,66.85,257.548387096774,244.321428571429,180.071428571429,37.2475,48.325,11.8857142857143,29.8071428571429,10.2190476190476,15.9944444444444,14.95,30.6916666666667,215.0,17.9807692307692,30.2888888888889,10.5388888888889,27.79,11.1318181818182,10.5083333333333,11.2,18.5114583333333,44.3981818181818,43.95,9.91491582491582,21.6619883040936,16.9989473684211,26.604347826087,13.697619047619,8.68055555555556,10.4160256410256,20.5822695035461,20.5989361702128,319.5,81.7,3990.0,75.15,160.5,83.2142857142857,109.0,44.95,21.1625,238.046875,191.5,10.3848837209302,126.0,53.8909090909091,7.03071428571429,38.6333333333333,28.1,72.2,51.6,51.05,126.0,82.2608695652174,50.2,38.4,112.916666666667,18.6096153846154,6.76,96.7941176470588,68.0625,79.0,75.45,532.5,256.0,506.0,208.0,111.5,108.571428571429,232.5,253.5,36.9725,195.5,148.5,86.55,152.5,47.5166666666667,69.5285714285714,101.0,46.825
37.8024390243902,37.2754545454545,73.9791666666667,51.6,101.25,75.2769230769231,10.6323529411765,39.275,104.823529411765,29.5535714285714,34.9333333333333,352.5,194.026315789474,18.6,119.342105263158,384.12,17.5029411764706,,24.675,43.92,139.0,27.05,13.15,16.0845454545455,25.4194852941176,58.7,254.0,343.0,28.05,44.1,30.0,18.5,23.7,292.0,231.5,274.0,46.5318181818182,11.0774509803922,153.3125,,21.5875,71.9850393700787,18.4,,350.195652173913,229.865079365079,19.5119718309859,14.5125,109.465517241379,37.9,19.35,19.987037037037,60.3,23.8262096774194,230.5,129.9375,26.2,41.75,78.651724137931,171.5125,56.5918918918919,81.8444444444445,67.1,224.9,59.9128205128205,10.9097530864198,106.568965517241,165.333333333333,26.5882352941176,23.3533333333333,66.85,257.464285714286,244.5,180.40099009901,37.2302083333333,48.35,11.8769230769231,29.8071428571429,10.2025,16.0,14.9432432432432,30.65,215.0,17.975,30.3,10.55,27.7983870967742,11.1011589403974,10.5222222222222,11.2,18.5029411764706,44.3608108108108,43.9486842105263,9.93,21.6538057742782,16.9985714285714,26.6045454545455,13.6916666666667,8.6825,10.4107142857143,20.5907738095238,20.6,319.9,81.6,3990.0,75.108,160.761194029851,83.1,108.533333333333,44.905,21.16875,238.425,191.5,10.3921875,126.0,53.88,7.04839583333333,38.635,28.1,72.1222222222222,51.575,51.0636363636364,126.0,82.225,50.3,38.4,112.625,18.6152173913044,6.7672972972973,96.7730337078652,68.0071428571429,79.0,75.5,529.0,256.5,506.0,208.0,111.416666666667,108.583333333333,232.5,253.5,36.9973684210526,195.5,148.5,86.55,152.5,47.6,69.5,101.0,46.85
37.8173913043478,37.3,73.9973684210526,51.6,101.214285714286,75.2666666666667,10.636,39.3,104.55,29.6109195402299,34.9178571428571,352.875,194.0,18.55,119.5,384.0,17.5,,24.65,43.9,139.0,27.05,13.15,16.096875,25.4307142857143,58.75,254.0,343.0,28.075,44.15,29.95,18.55,23.6852941176471,292.0,231.5,274.0,46.5474358974359,11.0941176470588,153.013157894737,,21.5526315789474,71.9967741935484,18.4,,350.493975903615,230.0,19.5,14.5423076923077,109.5,37.92,19.36,19.9972826086956,60.35,23.8666666666667,230.5,129.8,26.2,41.7375,78.7,171.5,56.5847826086956,81.9222222222222,67.1,224.833333333333,59.94,10.897803030303,106.745283018868,165.125,26.6174715909091,23.3717391304348,66.8,257.5,244.5,180.611111111111,37.240625,48.3166666666667,11.9,29.8881355932203,10.2,15.975,14.95,30.6541666666667,215.0,17.9670731707317,30.2675,10.55,27.8,11.1,10.5166666666667,11.2042763157895,18.4907142857143,44.3833333333333,43.9492424242424,9.928125,21.6639784946237,16.9974747474747,26.601171875,13.6969387755102,8.68119402985075,10.426,20.5998579545455,20.5955223880597,319.666666666667,81.6,3990.0,75.1,160.666666666667,83.2,108.5,44.95,21.1884615384615,238.5,191.5,10.3532608695652,126.0,54.013,7.075625,38.65,28.1,72.1142857142857,51.55,51.0982905982906,126.0625,82.34,50.2,38.4,112.5,18.6375,6.76722222222222,96.9007518796993,68.088,79.0055555555555,75.5125,529.0,256.0,506.0,208.0,111.333333333333,108.472222222222,232.5,253.5,37.0,196.0,148.5,86.45,152.5,47.6,69.5,101.0,46.85
37.7590163934426,37.2875,73.9976744186047,51.5333333333333,101.375,75.3,10.6021276595745,39.2407407407407,104.849206349206,29.7,34.9333333333333,352.75,194.0,18.6,119.5,383.5,17.5238095238095,,24.65,43.95,139.0,27.05,13.15,16.0925925925926,25.4369047619048,58.7,253.90625,343.0,28.075,44.15,29.95,18.5,23.6852941176471,292.0,231.5,274.5,46.5125,11.0833333333333,153.2,,21.55,71.9938775510204,18.4030864197531,,351.096610169491,230.0,19.4830303030303,14.5444444444444,109.5,37.9166666666667,19.3526315789474,20.0363636363636,60.3,23.8538461538462,230.5,129.5,26.2,41.7,78.6,171.558823529412,56.5321428571429,81.9529411764706,67.0125,225.0,59.9279069767442,10.8662037037037,106.625,165.478260869565,26.6188775510204,23.3088235294118,66.8,257.8,244.4,181.019841269841,37.2142857142857,48.3045454545455,11.8907894736842,29.9166666666667,10.2416666666667,15.975,14.9907945736434,30.6777777777778,215.0,17.9651162790698,30.21,10.55,27.7666666666667,11.1016393442623,10.55,11.2032258064516,18.4558139534884,44.3589285714286,43.9431034482759,9.92866666666667,21.6518181818182,16.9987684729064,26.6003546099291,13.7,8.68697368421053,10.4327272727273,20.6197115384615,20.5857142857143,319.916666666667,81.65,3990.0,75.1,160.75,83.1571428571429,108.527777777778,44.95,21.1557142857143,238.571428571429,191.5,10.3579847908745,126.0,54.0761363636364,7.07010869565217,38.6142857142857,28.1,72.1125,51.5875,51.1304347826087,126.125,82.3142857142857,50.2,38.4,112.666666666667,18.6188888888889,6.75811881188119,97.0654822335026,68.0285714285714,79.0,75.5166666666667,529.0,256.0,506.0,208.0,111.318181818182,108.083333333333,232.0,253.5,37.0,196.0,148.5,86.45,152.5,47.45,69.42,100.75,46.85
37.7586206896552,37.2983870967742,73.9963963963964,51.55,101.318181818182,75.2944444444444,10.6258064516129,39.25,104.907407407407,29.7210396039604,34.925,352.75,194.0,18.5875,119.5,383.7,17.5359090909091,,24.65,43.925,139.0,27.1,13.15,16.1,25.4425,58.7,254.066326530612,343.5,28.075,44.15,29.95,18.5,23.6868421052632,292.5,231.5,274.5,46.5630952380952,11.0870588235294,153.458333333333,,21.55,71.9804347826087,18.4087988826816,,350.974576271186,229.997829861111,19.4875,14.5487179487179,109.396551724138,37.9285714285714,19.36875,20.0,60.3333333333333,23.8209677419355,230.5,129.678571428571,26.2,41.7045454545455,78.6333333333333,171.732142857143,56.6,82.1,67.1074074074074,224.625,59.9,10.8833732057416,106.594594594595,165.485294117647,26.6289473684211,23.35,66.8,257.722222222222,244.5,180.5,37.2544117647059,48.3475,11.9,29.9,10.2088383838384,16.03125,14.95,30.6555555555555,215.0,17.976,30.21,10.55,27.7833333333333,11.1030864197531,10.5125,11.2238095238095,18.4859375,44.3915178571429,43.9467741935484,9.92142857142857,21.6476297968397,16.9990566037736,26.609649122807,13.6786624203822,8.68073770491803,10.4069230769231,20.6469696969697,20.6,319.75,81.66,3995.0,75.15,160.8125,83.25,108.5,44.95,21.1539325842697,238.533333333333,191.967889908257,10.3820512820513,126.02380952381,54.0,7.07959064327485,38.6066666666667,28.1,72.1,51.6391304347826,51.1172413793104,126.3,82.305,50.2,38.4166666666667,112.8125,18.65,6.75360655737705,97.2807407407407,68.0620689655172,79.0166666666667,75.575,529.0,256.5,502.0,208.0,111.192307692308,108.0,232.0,253.5,36.9916666666667,196.1,148.75,86.45,152.75,47.45,69.5869565217391,100.75,46.85
37.7061728395062,37.3,73.9926315789474,51.5,101.25,75.2326086956522,10.625,39.2166666666667,104.681818181818,29.7659574468085,34.9041666666667,353.0,194.0,18.5144736842105,119.5,383.5,17.53203125,,24.65,43.9222222222222,139.0,27.1,13.1166666666667,16.0571428571429,25.4305785123967,58.8,254.042553191489,343.5,28.075,44.1583333333333,30.0,18.5,23.6840909090909,292.5,231.5,274.5,46.5842105263158,11.0960975609756,153.6,,21.5493243243243,71.9846153846154,18.4,,351.487394957983,229.974885844749,19.4657303370786,14.5081300813008,109.083333333333,38.0208333333333,19.3769230769231,20.001724137931,60.375,23.845,230.25,129.514705882353,26.2065789473684,41.7115384615385,78.684,171.6875,56.6,82.225,67.3,224.916666666667,59.9047619047619,10.8829836829837,106.863636363636,165.473684210526,26.6357142857143,23.3875,66.8,258.0,244.487179487179,180.996644295302,37.24,48.35,11.9,29.9307692307692,10.2101265822785,16.03125,14.95078125,30.6525252525252,215.0,17.9634615384615,30.27,10.5052631578947,27.7666666666667,11.1189024390244,10.55,11.2266666666667,18.4579365079365,44.4275,43.9479166666667,9.92272727272727,21.6923076923077,16.9975490196078,26.6013422818792,13.7,8.6804054054054,10.4205714285714,20.6478672985782,20.5989795918367,319.5,81.7,3995.0,75.1038961038961,161.0,83.25,108.814285714286,44.9730769230769,21.15,238.5,192.493421052632,10.362,126.0,53.969696969697,7.09274725274725,38.59375,28.1,72.0307692307692,51.6714285714286,51.2295302013423,126.0,82.3333333333333,50.3125,38.4166666666667,112.5,18.65,6.76666666666667,97.265,68.0388888888889,79.0304347826087,75.6,529.0,256.5,504.0,208.0,111.057692307692,108.2,232.0,253.5,37.0,196.5,148.5,86.55,152.5,47.45,69.7086956521739,100.625,46.85
37.695,37.2977272727273,73.9977611940298,51.5285714285714,101.388888888889,75.2866666666667,10.6,39.2083333333333,104.979452054795,29.7986486486486,34.9,353.0,194.045454545455,18.5,119.5,383.714285714286,17.5047619047619,,24.65,43.9333333333333,139.0,27.1,13.1166666666667,16.0877049180328,25.448347107438,58.8,253.9,343.2,28.075,44.192,29.95,18.5,23.675,292.0,231.5,274.5,46.6,11.0742774566474,153.522222222222,,21.6,71.9964788732394,18.4,,351.65,229.98,19.45,14.5,109.1875,38.03,19.35,20.0,60.4,23.8217391304348,230.3125,129.409090909091,26.1516129032258,41.7,78.6413333333333,171.615384615385,56.61,82.3058823529412,67.2714285714286,225.0,59.9,10.8908411214953,106.686046511628,165.46875,26.615306122449,23.3409090909091,66.82,257.90625,244.530612244898,181.389705882353,37.2051282051282,48.3625,11.8840425531915,29.9,10.2054347826087,16.0,14.9645833333333,30.6675,215.0,17.975,30.2916666666667,10.5071428571429,27.7534482758621,11.1,10.55,11.2357142857143,18.4622950819672,44.4094202898551,43.9405882352941,9.92862068965517,21.6821428571429,16.9955089820359,26.5949541284404,13.6834905660377,8.68494117647059,10.4328467153285,20.6490706319703,20.6104651162791,319.807692307692,81.7,3995.0,75.1793103448276,160.913043478261,83.2,108.85,44.995,21.1048387096774,238.21875,192.352941176471,10.35,125.5,54.037037037037,7.10007692307692,38.55,28.1,71.99625,51.7181818181818,51.2555555555556,125.875,82.4033898305084,50.4,38.4166666666667,112.5625,18.6484126984127,6.76566037735849,97.2537037037037,68.004347826087,79.0722222222222,75.7,529.0,256.5,505.0,208.0,111.008474576271,108.125,232.0,253.5,37.0,196.8,148.5,86.55,152.5,47.45,69.7285714285714,100.75,46.9
37.6621951219512,37.2615384615385,73.9908045977011,51.5142857142857,101.142857142857,75.25,10.6049504950495,39.2,104.881578947368,29.7963302752294,34.9,352.916666666667,194.125,18.5,120.0,383.909090909091,17.502,,24.65,43.9,139.0,27.1,13.1166666666667,16.096,25.4043859649123,58.7,253.816666666667,344.0,28.1,44.1888888888889,29.95,18.5,23.675,292.5,232.0,274.5,46.5944444444444,11.0991935483871,153.216981132075,,21.55,71.9916279069767,18.4,,351.760714285714,229.9,19.4512903225806,14.51875,109.361111111111,38.0428571428571,19.3738916256158,19.9988372093023,60.45625,23.835,230.111111111111,129.048387096774,26.15,41.6955555555556,78.7355769230769,171.431034482759,56.6878787878788,82.2515151515152,67.4333333333333,225.076923076923,59.904054054054,10.8969396195203,106.707547169811,165.351851851852,26.6025862068966,23.36,66.85,257.981481481481,244.5,181.473509933775,37.23,48.35,11.8944444444444,29.93,10.2073275862069,16.0,14.9530612244898,30.65,215.0,17.9635869565217,30.27,10.5450980392157,27.7625,11.1005263157895,10.5,11.2416666666667,18.4518867924528,44.4090163934426,43.945,9.92705882352941,21.669696969697,17.0,26.5765536723164,13.6956043956044,8.683,10.4353552859619,20.6442708333333,20.6481707317073,319.85,81.8,3999.54545454545,75.068,160.886363636364,83.1333333333333,108.653846153846,45.0,21.1252475247525,238.239130434783,192.443661971831,10.350625,125.5,54.0764705882353,7.11211604095563,38.47,28.075,71.9701492537313,51.8,51.2363636363636,125.95652173913,82.4866666666667,50.3428571428571,38.425,112.681818181818,18.6926470588235,6.76,97.1681818181818,68.00625,79.0555555555556,75.6857142857143,529.0,256.4375,501.0,208.0,110.914285714286,108.142857142857,232.0,253.5,37.0348214285714,196.785714285714,148.5,86.55,152.25,47.45,69.7,100.75,46.8333333333333
37.6911111111111,37.2807692307692,73.9422222222222,51.46,101.087837837838,75.15,10.6193693693694,39.2,104.576923076923,29.828947368421,34.905,353.5,194.166666666667,18.55,119.5,383.777777777778,17.515,,24.65,43.95,139.0,27.1,13.15,16.1,25.4052941176471,58.7,253.852941176471,344.0,28.05,44.1875,30.0,18.5,23.7,292.5,232.0,274.5,46.5625,11.1123655913978,153.5,,21.5573170731707,71.9950495049505,18.3787671232877,,351.5,229.887096774194,19.4615384615385,14.5027397260274,109.269230769231,38.0272727272727,19.418085106383,20.0142857142857,60.4636363636364,23.835,230.25,129.0,26.1344155844156,41.7,78.7702702702703,171.684782608696,56.6752808988764,82.4470588235294,67.3777777777778,224.988095238095,59.9344827586207,10.9348242811502,106.501612903226,165.666666666667,26.5975,23.3892857142857,66.9,258.0,244.102040816327,181.03947368421,37.2574468085106,48.4162162162162,11.9027777777778,29.95,10.2064102564103,16.0,14.9556451612903,30.6513513513514,215.0,17.9650684931507,30.2666666666667,10.5394736842105,27.775,11.0955445544554,10.5052631578947,11.2,18.4595505617978,44.3846428571429,43.9422222222222,9.91988764044943,21.6785714285714,16.9236575481256,26.5515306122449,13.6975935828877,8.68534653465346,10.4127155172414,20.65,20.6409090909091,319.941176470588,81.7666666666667,3998.33333333333,75.0,160.865384615385,83.1,108.544117647059,44.9916666666667,21.1042553191489,238.386363636364,192.279411764706,10.3634615384615,125.5,54.1042253521127,7.10154639175258,38.4175,28.0425925925926,71.9058823529412,51.8,51.2222222222222,125.6875,82.51875,50.33,38.45,112.571428571429,18.686170212766,6.75931677018634,97.0886363636364,68.0142857142857,79.0086956521739,75.88,529.0,256.0,501.0,208.0,111.323529411765,108.0,232.0,253.9,37.0666666666667,196.642857142857,148.9375,86.55,152.2,47.45,69.7222222222222,100.75,46.8285714285714
37.6911111111111,37.2807692307692,73.9422222222222,51.46,101.087837837838,75.15,10.6193693693694,39.2,104.576923076923,29.828947368421,34.905,353.5,194.166666666667,18.55,119.5,383.777777777778,17.515,,24.65,43.95,139.0,27.1,13.15,16.1,25.4052941176471,58.7,253.852941176471,344.0,28.05,44.1875,30.0,18.5,23.7,292.5,232.0,274.5,46.5625,11.1123655913978,153.5,,21.5573170731707,71.9950495049505,18.3787671232877,,351.5,229.887096774194,19.4615384615385,14.5027397260274,109.269230769231,38.0272727272727,19.418085106383,20.0142857142857,60.4636363636364,23.835,230.25,129.0,26.1344155844156,41.7,78.7702702702703,171.684782608696,56.6752808988764,82.4470588235294,67.3777777777778,224.988095238095,59.9344827586207,10.9348242811502,106.501612903226,165.666666666667,26.5975,23.3892857142857,66.9,258.0,244.102040816327,181.03947368421,37.2574468085106,48.4162162162162,11.9027777777778,29.95,10.2064102564103,16.0,14.9556451612903,30.6513513513514,215.0,17.9650684931507,30.2666666666667,10.5394736842105,27.775,11.0955445544554,10.5052631578947,11.2,18.4595505617978,44.3846428571429,43.9422222222222,9.91988764044943,21.6785714285714,16.9236575481256,26.5515306122449,13.6975935828877,8.68534653465346,10.4127155172414,20.65,20.6409090909091,319.941176470588,81.7666666666667,3998.33333333333,75.0,160.865384615385,83.1,108.544117647059,44.9916666666667,21.1042553191489,238.386363636364,192.279411764706,10.3634615384615,125.5,54.1042253521127,7.10154639175258,38.4175,28.0425925925926,71.9058823529412,51.8,51.2222222222222,125.6875,82.51875,50.33,38.45,112.571428571429,18.686170212766,6.75931677018634,97.0886363636364,68.0142857142857,79.0086956521739,75.88,529.0,256.0,501.0,208.0,111.323529411765,108.0,232.0,253.9,37.0666666666667,196.642857142857,148.9375,86.55,152.2,47.45,69.7222222222222,100.75,46.8285714285714
37.6911111111111,37.2807692307692,73.9422222222222,51.46,101.087837837838,75.15,10.6193693693694,39.2,104.576923076923,29.828947368421,34.905,353.5,194.166666666667,18.55,119.5,383.777777777778,17.515,,24.65,43.95,139.0,27.1,13.15,16.1,25.4052941176471,58.7,253.852941176471,344.0,28.05,44.1875,30.0,18.5,23.7,292.5,232.0,274.5,46.5625,11.1123655913978,153.5,,21.5573170731707,71.9950495049505,18.3787671232877,,351.5,229.887096774194,19.4615384615385,14.5027397260274,109.269230769231,38.0272727272727,19.418085106383,20.0142857142857,60.4636363636364,23.835,230.25,129.0,26.1344155844156,41.7,78.7702702702703,171.684782608696,56.6752808988764,82.4470588235294,67.3777777777778,224.988095238095,59.9344827586207,10.9348242811502,106.501612903226,165.666666666667,26.5975,23.3892857142857,66.9,258.0,244.102040816327,181.03947368421,37.2574468085106,48.4162162162162,11.9027777777778,29.95,10.2064102564103,16.0,14.9556451612903,30.6513513513514,215.0,17.9650684931507,30.2666666666667,10.5394736842105,27.775,11.0955445544554,10.5052631578947,11.2,18.4595505617978,44.3846428571429,43.9422222222222,9.91988764044943,21.6785714285714,16.9236575481256,26.5515306122449,13.6975935828877,8.68534653465346,10.4127155172414,20.65,20.6409090909091,319.941176470588,81.7666666666667,3998.33333333333,75.0,160.865384615385,83.1,108.544117647059,44.9916666666667,21.1042553191489,238.386363636364,192.279411764706,10.3634615384615,125.5,54.1042253521127,7.10154639175258,38.4175,28.0425925925926,71.9058823529412,51.8,51.2222222222222,125.6875,82.51875,50.33,38.45,112.571428571429,18.686170212766,6.75931677018634,97.0886363636364,68.0142857142857,79.0086956521739,75.88,529.0,256.0,501.0,208.0,111.323529411765,108.0,232.0,253.9,37.0666666666667,196.642857142857,148.9375,86.55,152.2,47.45,69.7222222222222,100.75,46.8285714285714
37.6911111111111,37.2807692307692,73.9422222222222,51.46,101.087837837838,75.15,10.6193693693694,39.2,104.576923076923,29.828947368421,34.905,353.5,194.166666666667,18.55,119.5,383.777777777778,17.515,,24.65,43.95,139.0,27.1,13.15,16.1,25.4052941176471,58.7,253.852941176471,344.0,28.05,44.1875,30.0,18.5,23.7,292.5,232.0,274.5,46.5625,11.1123655913978,153.5,,21.5573170731707,71.9950495049505,18.3787671232877,,351.5,229.887096774194,19.4615384615385,14.5027397260274,109.269230769231,38.0272727272727,19.418085106383,20.0142857142857,60.4636363636364,23.835,230.25,129.0,26.1344155844156,41.7,78.7702702702703,171.684782608696,56.6752808988764,82.4470588235294,67.3777777777778,224.988095238095,59.9344827586207,10.9348242811502,106.501612903226,165.666666666667,26.5975,23.3892857142857,66.9,258.0,244.102040816327,181.03947368421,37.2574468085106,48.4162162162162,11.9027777777778,29.95,10.2064102564103,16.0,14.9556451612903,30.6513513513514,215.0,17.9650684931507,30.2666666666667,10.5394736842105,27.775,11.0955445544554,10.5052631578947,11.2,18.4595505617978,44.3846428571429,43.9422222222222,9.91988764044943,21.6785714285714,16.9236575481256,26.5515306122449,13.6975935828877,8.68534653465346,10.4127155172414,20.65,20.6409090909091,319.941176470588,81.7666666666667,3998.33333333333,75.0,160.865384615385,83.1,108.544117647059,44.9916666666667,21.1042553191489,238.386363636364,192.279411764706,10.3634615384615,125.5,54.1042253521127,7.10154639175258,38.4175,28.0425925925926,71.9058823529412,51.8,51.2222222222222,125.6875,82.51875,50.33,38.45,112.571428571429,18.686170212766,6.75931677018634,97.0886363636364,68.0142857142857,79.0086956521739,75.88,529.0,256.0,501.0,208.0,111.323529411765,108.0,232.0,253.9,37.0666666666667,196.642857142857,148.9375,86.55,152.2,47.45,69.7222222222222,100.75,46.8285714285714
37.6911111111111,37.2807692307692,73.9422222222222,51.46,101.087837837838,75.15,10.6193693693694,39.2,104.576923076923,29.828947368421,34.905,353.5,194.166666666667,18.55,119.5,383.777777777778,17.515,,24.65,43.95,139.0,27.1,13.15,16.1,25.4052941176471,58.7,253.852941176471,344.0,28.05,44.1875,30.0,18.5,23.7,292.5,232.0,274.5,46.5625,11.1123655913978,153.5,,21.5573170731707,71.9950495049505,18.3787671232877,,351.5,229.887096774194,19.4615384615385,14.5027397260274,109.269230769231,38.0272727272727,19.418085106383,20.0142857142857,60.4636363636364,23.835,230.25,129.0,26.1344155844156,41.7,78.7702702702703,171.684782608696,56.6752808988764,82.4470588235294,67.3777777777778,224.988095238095,59.9344827586207,10.9348242811502,106.501612903226,165.666666666667,26.5975,23.3892857142857,66.9,258.0,244.102040816327,181.03947368421,37.2574468085106,48.4162162162162,11.9027777777778,29.95,10.2064102564103,16.0,14.9556451612903,30.6513513513514,215.0,17.9650684931507,30.2666666666667,10.5394736842105,27.775,11.0955445544554,10.5052631578947,11.2,18.4595505617978,44.3846428571429,43.9422222222222,9.91988764044943,21.6785714285714,16.9236575481256,26.5515306122449,13.6975935828877,8.68534653465346,10.4127155172414,20.65,20.6409090909091,319.941176470588,81.7666666666667,3998.33333333333,75.0,160.865384615385,83.1,108.544117647059,44.9916666666667,21.1042553191489,238.386363636364,192.279411764706,10.3634615384615,125.5,54.1042253521127,7.10154639175258,38.4175,28.0425925925926,71.9058823529412,51.8,51.2222222222222,125.6875,82.51875,50.33,38.45,112.571428571429,18.686170212766,6.75931677018634,97.0886363636364,68.0142857142857,79.0086956521739,75.88,529.0,256.0,501.0,208.0,111.323529411765,108.0,232.0,253.9,37.0666666666667,196.642857142857,148.9375,86.55,152.2,47.45,69.7222222222222,100.75,46.8285714285714
37.6911111111111,37.2807692307692,73.9422222222222,51.46,101.087837837838,75.15,10.6193693693694,39.2,104.576923076923,29.828947368421,34.905,353.5,194.166666666667,18.55,119.5,383.777777777778,17.515,,24.65,43.95,139.0,27.1,13.15,16.1,25.4052941176471,58.7,253.852941176471,344.0,28.05,44.1875,30.0,18.5,23.7,292.5,232.0,274.5,46.5625,11.1123655913978,153.5,,21.5573170731707,71.9950495049505,18.3787671232877,,351.5,229.887096774194,19.4615384615385,14.5027397260274,109.269230769231,38.0272727272727,19.418085106383,20.0142857142857,60.4636363636364,23.835,230.25,129.0,26.1344155844156,41.7,78.7702702702703,171.684782608696,56.6752808988764,82.4470588235294,67.3777777777778,224.988095238095,59.9344827586207,10.9348242811502,106.501612903226,165.666666666667,26.5975,23.3892857142857,66.9,258.0,244.102040816327,181.03947368421,37.2574468085106,48.4162162162162,11.9027777777778,29.95,10.2064102564103,16.0,14.9556451612903,30.6513513513514,215.0,17.9650684931507,30.2666666666667,10.5394736842105,27.775,11.0955445544554,10.5052631578947,11.2,18.4595505617978,44.3846428571429,43.9422222222222,9.91988764044943,21.6785714285714,16.9236575481256,26.5515306122449,13.6975935828877,8.68534653465346,10.4127155172414,20.65,20.6409090909091,319.941176470588,81.7666666666667,3998.33333333333,75.0,160.865384615385,83.1,108.544117647059,44.9916666666667,21.1042553191489,238.386363636364,192.279411764706,10.3634615384615,125.5,54.1042253521127,7.10154639175258,38.4175,28.0425925925926,71.9058823529412,51.8,51.2222222222222,125.6875,82.51875,50.33,38.45,112.571428571429,18.686170212766,6.75931677018634,97.0886363636364,68.0142857142857,79.0086956521739,75.88,529.0,256.0,501.0,208.0,111.323529411765,108.0,232.0,253.9,37.0666666666667,196.642857142857,148.9375,86.55,152.2,47.45,69.7222222222222,100.75,46.8285714285714
37.7,37.3,73.9,51.3,101.5,75.0,10.65,39.25,104.5,29.8,34.9,353.0,194.5,18.6,119.5,384.0,17.55,,24.7,43.95,139.0,27.15,13.1,16.05,25.45,58.6,255.0,341.5,28.0,44.2,29.95,18.5,23.6,292.5,231.5,274.5,46.6,11.1,153.0,,21.6,72.0,18.45,,352.0,230.0,19.4,14.45,109.5,38.1,19.4,20.0,60.4,23.85,230.5,128.0,26.1,41.7,78.8,172.0,56.8,82.0,67.5,225.0,60.0,10.95,107.0,165.0,26.55,23.4,66.9,257.5,245.0,180.5,37.1,48.45,11.9,30.0,10.2,15.95,14.95,30.6,215.0,18.0,30.2,10.5,27.65,11.1,10.5,11.2,18.5,44.3,43.9,9.9,21.6,17.0,26.55,13.65,8.68,10.4,20.55,20.6,319.5,81.6,4000.0,75.0,161.0,83.1,108.5,44.95,21.1,241.0,193.0,10.35,125.0,54.2,7.11,38.6,28.0,71.8,51.6,51.0,124.0,82.5,50.4,38.4,112.5,18.65,6.76,97.4,67.9,79.0,75.7,525.0,257.0,498.0,208.0,111.0,109.0,232.5,254.0,37.15,196.5,149.0,86.3,151.5,47.35,69.8,101.0,46.75
