stock1,stock2,model_type,w1,w2,pval,snr,mu,stdev,skewness,Emu,Estd,action
1314,1605,model3,-0.5543798638064266,0.44562013619357344,0.051874959871737375,0.7417289255166084,-0.007368422861712181,0.0010943882332180794,0.3026378432276926,-0.017681489331912176,0.00110205780599195,18
1314,2352,model3,-0.5725971646451852,0.42740283535481477,0.018440508568213228,0.1862472876517308,0.060214202450423415,0.0016124880139984565,-0.9158260299750696,-0.026876379232748455,0.0013281482627595619,24
1314,2353,model3,-0.4420294284793335,0.5579705715206665,0.03664858258251424,0.35805590235702545,0.5065985612275131,0.001529234249259313,-0.08593010527752963,0.18505117133965626,0.0014947257283047268,8
1314,2880,model3,0.3976253249200735,0.6023746750799266,0.06206609002305466,0.9972584188872,2.544696704027744,0.0008914463573445707,0.029924590084065207,0.9289998017561418,0.0008874178294469322,4
1314,2892,model3,-0.15473044243065814,0.8452695575693419,0.05228461829859792,1.187264134706853,1.7712073903880434,0.0009491529420241324,0.4971413107904155,0.7530281996725645,0.0009352551417415305,10
1303,1314,model3,-0.8889682029458865,-0.11103179705411344,0.060339499016746616,0.4764972902239715,-4.080654857735177,0.0007292801117669902,0.14618064400143888,-1.3633887690802826,0.0007299592233080617,24
1303,1605,model3,0.0,0.0,0.01087943187107967,0.5551350550872105,-3.7140081635884767,0.0006881915213519039,-0.1036455727040166,0.0,0.0006996121466234388,0
1303,2352,model3,-0.8639678552255802,0.13603214477441977,0.07407170196295253,0.6472061344709111,-3.2676887933307195,0.0006890575262753197,-0.34651330187435675,-1.1036384544506948,0.0006695038535462735,0
1303,2353,model2,-0.841370099388041,0.15862990061195917,0.001,0.8179681850101534,3.1230819620680643,0.0006787020027877968,-0.04082242290991168,-1.0548573501642928,0.0006788826960801477,3
1303,2356,model3,-0.8304844384476535,0.16951556155234646,0.11747007731280175,0.5501871385951198,-3.157210670178904,0.0006813109162011226,-0.1510218296771759,-0.999606486723547,0.0006731609481515843,0
1303,2377,model3,-0.9247036310937464,0.07529636890625363,0.02878562010573627,0.6231938331687421,-3.5629213146786225,0.0006753980730145018,-0.17298367376345875,-1.213794666054819,0.0006793209912849771,11
1303,2439,model3,-0.9195188966802808,0.08048110331971922,0.026111570804213988,0.5885569179418669,-3.782296843555041,0.000701344955102513,0.012716342983583907,-1.1930503548728129,0.00071267738858746,12
1303,2449,model3,-0.9292738743045993,-0.07072612569540082,0.0061318816807591926,0.4692042184203439,-4.149503702313957,0.0007438409824699013,0.1817800091982951,-1.4175678478872515,0.0007468780029671941,24
1303,2454,model3,-0.9001210944810375,0.09987890551896243,0.1474690025358605,0.5750676313562301,-3.4063875698490103,0.0006863611379583539,0.03910098302122197,-1.1228096109118932,0.0006946428328304037,24
1303,2474,model3,-0.9272286277816465,0.07277137221835349,0.04331210023859861,0.5602154518671413,-3.725996390339455,0.0007168812962353152,-0.13472819302549713,-1.2074976231091725,0.0007269690113925561,14
1303,2867,model3,0.0,0.0,0.03114117932499,0.6522233674246251,-3.737100285842921,0.000677095774819548,-0.05448078999341127,0.0,0.0006811444973785617,4
1303,2880,model3,-0.7879767703683512,-0.21202322963164866,0.015129619750975203,0.5718319669430204,-3.929686762872983,0.0006749680550965786,-0.11491786523535975,-1.3465158315956787,0.000682257499269284,10
1303,2890,model2,-0.8749918814840131,0.12500811851598687,0.001,0.5037609734970878,-3.7372663939485165,0.000703073757963056,0.060677586979584724,-1.1561465959074406,0.0007079913590181139,8
1303,2892,model1,-0.40164423432961477,0.5983557656703853,0.8420752989666241,0.7855255220959609,-4.145522447415395e-05,0.0008050272123477492,-0.3240945000219208,0.0436993359751457,0.0008084473197188767,24
1303,2915,model3,-0.9846983815722214,-0.015301618427778434,0.0443072346805462,0.4585430813559995,-3.784956755925257,0.0007779580028832041,0.04067703174834972,-1.4341402487167436,0.0007745495878455945,3
1303,4904,model2,-0.8670668347229039,0.13293316527709614,0.001,0.5142380736836595,-3.5926253597605813,0.0007051448272223891,0.14853085442478306,-1.0499332821074099,0.0007060619643285196,0
1303,6239,model3,-0.9414550664916479,-0.058544933508352076,0.12856366008006806,0.6546030656961982,-4.211554779087528,0.0006616380266313455,-0.049579377136404916,-1.4381988429010895,0.0006650896478298504,8
1303,9933,model3,-0.8925939967409332,-0.10740600325906677,0.4332186643271386,0.5801527858368135,-4.169997292448505,0.0006609848498599258,0.058468466193226265,-1.42719265773549,0.0006588038570806775,24
1303,9945,model3,-0.9212567022322934,0.07874329776770654,0.447455749625808,0.6836193287229887,-3.6018947547148894,0.0006360318554795452,-0.19161945150616247,-1.219858300411399,0.0006419988549918863,5
1605,2103,model3,-0.3483056235664796,0.6516943764335205,0.0333346556025141,0.41853345102162615,1.3723794430526737,0.0014952260581249128,0.12089448798866535,0.4888532847667244,0.0013086430804102993,0
1605,2313,model3,-0.35096368558443747,0.6490363144155625,0.033352613003494874,0.599670483748271,0.7555641891534972,0.0013678691757938784,0.10341971629448304,0.3223226458854774,0.001344997764076807,5
1605,2352,model3,-0.4888152541456755,0.5111847458543245,0.07306820928895201,0.3566443709959555,-0.005235195070798495,0.001791804319149111,-1.0417898458208716,0.04790383826247784,0.001533666622094331,0
1605,2353,model3,-0.4753215119334796,0.5246784880665204,0.03692945562733598,0.7678490359242149,0.23169103042714856,0.001445565053996983,-0.1497618170854004,0.05359431595285912,0.001371167566336924,8
1605,2439,model3,-0.610493425364593,0.389506574635407,0.02894667712688935,0.4915873358052297,0.2101295226079884,0.0015115836033476914,0.6398332259971686,0.0325446745182979,0.001521196154818695,5
1605,2449,model3,-0.33856517612428316,0.6614348238757168,0.011509700714644508,0.8954038552408483,1.2480015822974846,0.0009472294358178392,0.5322035712668065,0.4688975178972825,0.0009471676124230844,10
1605,2454,model3,-0.48053134562627525,0.5194686543737247,0.13890049910263072,0.909165462236798,1.5545899285736668,0.0010250284356025884,-0.0009333172101963547,0.42184531814721177,0.0010221116581896439,0
1605,2474,model3,-0.5296720737542145,0.4703279262457855,0.04689000456881511,0.72442621773992,1.0577629720864683,0.00132706423046365,0.03176859161037812,0.29189316267219084,0.0013348477939703475,5
1605,2880,model3,-0.34781638370104645,-0.6521836162989536,0.03935617948928731,1.9421056287506797,2.701611214387375,0.0009696553232557592,-0.037449589090673634,-0.9937635433635866,0.0009571268446896584,20
1605,2885,model3,-0.6335754896527083,0.36642451034729173,0.07732990457406944,0.6048027041603194,-0.8801089364990495,0.0015179480116724671,0.2005916843538625,-0.2685518235907549,0.0015126232196392975,5
1605,2915,model2,0.6100775165191388,0.38992248348086117,0.001,0.2759458827874819,-3.089300349537248,0.002185049814769037,-0.5330126297043339,1.1247763964726347,0.0021749812150156193,24
1605,9945,model3,-0.6122287816310198,0.38777121836898026,0.171015124629578,0.2931323911452779,-0.5702555169106279,0.001863901154728656,-0.00523796018432286,-0.07794172140165759,0.0018118648298868726,0
2103,2324,model3,0.38883739239674986,0.61116260760325,0.017123805910359422,0.5608351150095122,3.1539586618968616,0.0010770620248329327,0.2554296119116729,1.1358368866963071,0.0010086089570941292,11
2103,2330,model3,-0.3438717067159783,0.6561282932840217,0.036962168306798784,0.3458389440183172,1.385948582715342,0.0012190193798234206,-0.7656969100743208,0.6506804996929509,0.0011284504853908992,24
2103,2352,model3,0.0,0.0,0.07690743820912438,0.20724651173437272,-0.7841963982455282,0.0019110310431513808,-0.8797327580229558,0.0,0.0014925827504644845,24
2103,2353,model3,-0.5130296458758871,0.48697035412411294,0.01637796750998719,0.5748133853276429,-0.5166674273318832,0.0013927888748803106,-1.1018121710443851,-0.17712869234614115,0.0012181194622566348,8
2103,2439,model3,-0.6663616962193819,0.3336383037806182,0.026260076300185696,0.4184050398932252,-1.1365727318968584,0.0015407881757154138,-0.4390658043246714,-0.31407123637002854,0.0014379583837086651,24
2103,2449,model3,-0.35616948926750447,0.6438305107324954,0.0024871604751634103,0.6021887471052428,0.8506372127607057,0.0009449237561597498,0.5099390196417666,0.32091662873973265,0.0008942181718898137,5
2103,2498,model3,-0.4906919820214722,0.5093080179785279,0.013127580648063568,0.3889146543342159,0.0451186714354104,0.0012688554113184072,-0.3126511001477045,0.14091726989800074,0.0012092608118476624,13
2103,2885,model3,-0.6796984780087172,0.3203015219912828,0.039740989576484816,0.5444884744139341,-1.9371610392832013,0.001392566473977936,-0.2891336176450546,-0.5643828185911399,0.0012895767809357028,0
2103,2892,model3,-0.12919514285689657,0.8708048571431035,0.011422683341901779,0.8898886973524391,1.7684938143361308,0.0010488274545236874,0.21798090726686706,0.7398690485964396,0.0010408939493817902,9
2201,2353,model1,-0.49339097108058194,0.5066090289194181,0.9324807619171804,0.3007137607691799,-2.826106277008745e-05,0.0015645300618672335,0.6589018933175169,-0.09732368270911637,0.0015682692402093994,0
2201,9945,model3,-0.798074796250166,0.2019252037498341,0.3086157624493311,0.3783293394646127,-2.1259980494112822,0.00111380384602688,-0.6847802014303297,-0.6827839293073724,0.001096244876976483,8
2324,2377,model3,0.6803181445923461,0.3196818554076539,0.02734902593694399,0.3440842784732023,-3.3299141683260314,0.001120577767201863,0.1251825169860266,1.1998552811576286,0.0011217128422043906,8
2324,2890,model3,-0.5078505636263023,-0.49214943637369757,0.015637308521938172,0.21348423855068407,-2.637692728637016,0.0011958972899984634,-0.020578944860892026,-0.9281263857650154,0.0011951540043300911,24
2324,9945,model3,0.7154780495416642,0.28452195045833584,0.21280786705192786,0.2972482005737339,-3.06166644077294,0.0012466662040085089,0.324370792277808,1.1258892203964586,0.001253515597084215,8
2317,2890,model3,-0.4270037857849116,0.5729962142150884,0.08310018964433957,0.5071704247123406,-0.6249241628921041,0.0005843048405975592,0.09062051997462912,-0.1776895321549898,0.0005917407754860789,0
2313,2352,model1,-0.4976013388880966,0.5023986611119033,0.8596989515803038,0.5269324229193176,-9.546095664715242e-05,0.0014283718438966,-0.07518968062354378,1.8096108190940535e-05,0.0013397827367072534,24
2313,2353,model1,-0.4878122622856108,0.5121877377143893,0.8269309482797982,0.830733450142647,-3.139550804609333e-05,0.0013159700079972351,-0.0962937304693887,-0.00039026004345008616,0.0013172686320210485,8
2313,2377,model3,-0.6613851568043116,0.3386148431956884,0.029537510250161162,1.0100282606768982,-0.5430527321471658,0.0011417708686162242,0.08540891592872839,-0.15948307448888832,0.0011479929866459644,9
2313,2449,model3,-0.34692227172246404,0.6530777282775359,0.011747640491268413,0.3477809063721104,0.7411332909386046,0.0011883123428184975,0.3674157368278929,0.4295380929654023,0.0010878344878858122,24
2313,2454,model3,-0.587209808931383,0.4127901910686171,0.17212277624483852,0.8455083716924159,0.462258836538288,0.0009928712989317502,0.06401876219269786,0.10444366908377306,0.000981670148004487,10
2313,2867,model3,-0.7299991017273557,0.27000089827264423,0.10942686375425398,0.7765542764277769,-1.0730083152040832,0.001334641535792156,0.3720795911366156,-0.4536642702383373,0.0012912483043701452,24
2313,2880,model2,-0.4494008621264601,-0.5505991378735399,0.001,0.9159097940484939,-2.756736587495103,0.0010460701904846923,-0.034136370278859005,-1.0142450958561715,0.0010523813811124149,24
2313,2885,model3,-0.7412790357796448,0.25872096422035507,0.1369089491172798,1.005020392272989,-1.4693561865023503,0.0012510992668012546,0.15994993778668734,-0.5137062617565065,0.0012339677882017958,24
2313,2890,model3,-0.44625905356983814,0.5537409464301619,0.03351045666294568,1.7835396909764551,-0.07091251978187649,0.0007470035309398379,0.020265209928658497,-0.011041859775253153,0.0007560990706168713,12
2313,2892,model1,-0.4540092810468074,0.5459907189531926,0.9603538149422572,0.9589079929807032,-4.680845522415359e-05,0.0010118934674483275,0.13952366470446326,0.10778411421050313,0.001026589306259123,24
2313,3532,model3,0.8192332999330907,0.18076670006690923,0.1557524844712791,0.9895551590822628,2.9707435519111387,0.0015674428046324222,0.2938166698995555,1.0731548007814808,0.0015647482556075017,12
2313,6239,model3,0.7766123664216478,0.22338763357835228,0.13114258807659554,0.7395058660468881,-3.0931257302785893,0.0013048519156269936,0.14264534862656705,1.1171486664413108,0.0013152993834616002,24
2313,9945,model3,-0.6891848296507016,0.31081517034929845,0.5020155790946381,1.4899696953172281,-0.8212067418656005,0.0010288404132849122,0.14069394096731866,-0.2929708156877571,0.0010205981813214097,9
2330,2352,model3,-0.671579384596425,0.3284206154035751,0.16532905565201464,0.5129364109745443,-2.5197773995148247,0.0010690444701412978,-0.5367215087679996,-0.7802418540722503,0.000910022377679576,0
2330,2353,model3,0.0,0.0,0.1661744793248583,0.8965892749198965,-2.5055605367540554,0.0010413783217316252,-0.03797093109974888,0.0,0.001003703226799451,0
2330,2867,model3,-0.7474665850548432,0.25253341494515674,0.041066964231560914,1.752447830615872,-3.178052045710317,0.0008966640099848617,-0.0009560751139587149,-0.969259095715231,0.0008992733088830539,8
2330,2888,model3,-0.7376612574170179,0.26233874258298207,0.13344848526733274,0.42223192022186506,-3.4074049278802963,0.0012260470245359445,-0.6284744390976276,-1.0221245608758376,0.0010667498081926537,5
2330,2892,model3,-0.33194165893267064,0.6680583410673293,0.04871364840340029,1.4936833242487273,0.1591548840268735,0.0008074771428314036,-0.2481166598071541,0.14438369404409643,0.0008047649804743082,0
2330,3532,model3,0.85465090442133,0.14534909557866993,0.12016383896593795,1.5289579776789757,5.015791281434715,0.0010174489138048536,0.0231856065864645,1.608861292061056,0.0010164708690825724,14
2330,9945,model3,-0.763644822573206,0.2363551774267939,0.3261694993308882,1.844780799775712,-3.201977229783337,0.0008066440244447706,0.02399786197555405,-0.9544499648009819,0.0008088247319927095,16
2356,2498,model3,0.0,0.0,0.1764647189682588,0.10726152522366544,1.3402620757030208,0.0014795176415407505,1.3711943593283922,0.0,0.00104622026968715,24
2356,2823,model3,-0.49711205256466484,-0.5028879474353352,0.02610667201184645,0.12920700469310467,3.3085254914706157,0.002003917690738184,-0.7135162627597605,-1.1951949333274368,0.0019918077234693664,16
2356,2880,model3,-0.4717523665975414,0.5282476334024587,0.02550362790764014,0.2906058752349337,2.8186697151694005,0.0017042109692054453,-0.6857951342420717,0.005027714422680529,0.0016923062924251034,5
2356,2888,model1,-0.4042583199884095,0.5957416800115903,0.8722356416372044,0.20135878105619595,-4.153291986239853e-05,0.0019838185048711506,0.6135261300065981,-0.014212963596021217,0.0019347989092817941,3
2356,2892,model2,-0.23699438612019952,0.7630056138798005,0.001,1.5912409638293912,-1.2850541358487817,0.0008432074206049096,0.2534689479872027,0.5221766172254259,0.0008533643108360128,17
2356,4958,model3,-0.5728040977177955,0.4271959022822044,0.04288756866226102,0.3110205377359688,0.9978736448166036,0.001044685141705677,0.8602825845147497,-0.039023925799255864,0.0010466810815435632,0
2352,2356,model1,-0.48432867607971564,0.5156713239202844,0.998233903011706,0.4121350180737433,8.165560610909673e-05,0.0013174872247999608,-0.7088950436861372,0.09983308924556002,0.001278347878381334,5
2352,2377,model3,-0.5460853846462049,0.4539146153537952,0.1523824670875476,0.2309831955597895,0.4402149071973885,0.0016164837374988096,1.8162211873064,0.13477031426603303,0.0012616354483977253,0
2352,2439,model3,-0.6130361542748157,0.3869638457251843,0.09988295593394897,0.2025916292720683,0.3588525018671134,0.0019683029481848387,1.5614501767000848,-0.005910123233388231,0.0015178625632924381,8
2352,2449,model3,-0.2523760457267993,0.7476239542732007,0.01838337670045876,0.20144976999401493,1.7548299206163287,0.00145048320659639,1.6376054377148572,0.6401203362647998,0.0011037034646392704,24
2352,2454,model3,-0.47573864235972924,0.5242613576402708,0.057618107259150474,0.2315953019202206,1.4295434189564082,0.0015299962050385645,0.8721813465721568,0.40951638574122917,0.0012533362465016475,5
2352,2474,model3,-0.5388841046541956,0.4611158953458044,0.2586331227425945,0.356775914679435,0.9088791844865364,0.0014254778583850693,1.6836876387160433,0.2395845132747048,0.0011114779506999537,0
2352,2867,model3,-0.6320361633509686,0.3679638366490313,0.22473511996237472,0.17299727904517773,-0.4709524382908103,0.001992825977065151,0.7601267742317408,-0.24634098292684753,0.0015572761975864418,24
2352,2888,model1,-0.43668951189523864,0.5633104881047613,0.9176530492374584,0.2579037695437679,-4.5814240980295294e-05,0.0020537058947262877,-0.2619337293217568,-0.01690289628363936,0.002065850650476553,16
2352,2890,model1,-0.3948396306504995,0.6051603693495006,0.9026265790336238,0.2641567331720244,9.237953600671184e-05,0.0012869504533312465,0.33444518299502,0.0854344878662191,0.001168704817987215,4
2352,2892,model2,0.17958560451519964,-0.8204143954848004,0.001,2.06856838920541,-1.6539299481857956,0.0008904779173151695,0.018042790850877937,-0.6706138713098881,0.0008899784779067983,13
2352,3532,model2,0.7421970716419182,0.25780292835808183,0.001,0.4795798158205653,-3.046946833421962,0.00203581621776327,0.6687364040339067,1.0933393632503496,0.0017839338678371066,24
2353,2377,model3,-0.6243188259354882,0.3756811740645119,0.05219490693314558,0.7131946949912062,0.3262782459065803,0.001263032122132022,0.7789067049037983,-0.03606785154475166,0.00119057361149602,3
2353,2439,model3,-0.6687022860373899,0.33129771396261004,0.051583294106584944,0.5753404797074699,-0.009321084266810687,0.001690888155633399,0.4273867322496962,-0.122405706789948,0.0015867059219129365,8
2353,2449,model3,-0.38528413499481334,0.6147158650051867,0.032772216210904245,0.4747573732096818,1.1076078120463129,0.0012417620822453856,0.7171290836282791,0.3639063156092794,0.001125042255927196,0
2353,2454,model3,-0.5012571813301764,0.4987428186698237,0.17693344174430614,0.8596721791546011,1.2489786826225788,0.0011578936959929815,0.34910192623497144,0.3607564957991005,0.0011129469703779868,0
2353,2474,model3,-0.6154946302158802,0.3845053697841198,0.05025509286315203,0.4930688592402052,0.4261390376067111,0.0015234744777653053,0.0970736115830058,0.05796547894676246,0.001490847542370392,13
2353,2633,model2,-0.5294470726347505,0.47055292736524956,0.001,0.3016425042050613,-1.1994917091202022,0.0014967233678996241,-0.5195144385883091,-0.0015794065992236913,0.0014149679705251475,4
2353,2823,model3,-0.5914604171941236,-0.4085395828058765,0.07683090085014603,0.4285003218337441,2.98248322095798,0.0017638908183544055,0.30122846076500953,-1.081360639215782,0.0017695618681164344,9
2353,2867,model3,-0.6576166271083868,0.3423833728916133,0.04650089341584049,0.5551546548207397,-0.7652009169958308,0.0016466402381934016,-0.16462785173644215,-0.2728176721431194,0.0016061889468281516,24
2353,2880,model2,-0.37706710045749287,-0.6229328995425071,0.001,1.5986251105356917,-2.707605686091516,0.0009761825442867404,0.0995612813897366,-0.9965697076079402,0.0009723126307777086,0
2353,2885,model3,-0.7026616440790227,0.2973383559209774,0.08036948828286268,0.638698604898187,-1.0765738615217075,0.0015652596653602175,0.4595929593923407,-0.40556814546120407,0.001501162092768183,4
2353,2888,model3,0.0,0.0,0.03058030049695467,0.28620217748933124,-0.7673736409972387,0.002121956752782748,-0.5307527246281762,0.0,0.002112355682977275,24
2353,2890,model1,-0.45834611806951714,0.5416538819304829,0.8362870739569734,0.5351297637239207,1.590317721884708e-05,0.0012589828152177465,0.1504029721741612,-0.010515695593179723,0.0012506221845685359,24
2353,2892,model2,-0.5190617236123513,0.48093827638764874,0.001,1.2517336678524706,1.6888492263029755,0.0010214499545253793,0.03193351358169362,0.00024250016675656696,0.0010277343206883543,0
2353,2915,model3,0.64150456983218,0.35849543016782,0.05738365231366181,0.2617152925575992,-2.772447168548996,0.00260860549809806,-0.2332470542391821,1.1182416785156761,0.0026119066132905024,24
2353,4958,model1,-0.6143363478467483,0.3856636521532517,0.8785574345085578,0.4067060459141747,1.4963001881468745e-05,0.001662506406455737,-0.3009899029555685,-0.03992250334182431,0.0016606571077846365,9
2353,6239,model3,0.7188026937998881,0.28119730620011196,0.14996226780290614,0.6935494679186068,3.132543695133412,0.0015585409581867571,-0.10227266149807344,1.110140885966032,0.0015109515461224322,11
2353,9938,model3,0.7875846575147211,0.21241534248527882,0.3463444108590113,0.9366346305065036,3.0338826271675257,0.0015960505788623304,-0.17512075720848552,1.0782866721428657,0.001535882070292191,24
2353,9945,model3,-0.6244329941881276,0.3755670058118723,0.24103873122480474,0.6714590400681274,-0.4014717664613094,0.0013897611268888824,0.09547364643465624,-0.11343232365889776,0.0013562929369828598,4
2377,2439,model3,-0.5177479741828818,0.4822520258171182,0.025197391688353308,0.3186455907281842,0.10772554878497673,0.0015119672722011847,-0.0573368816267258,-0.020014294890667087,0.001519172958602291,18
2377,2449,model3,-0.17766123464331737,0.8223387653566826,0.030147763801491832,0.2679941513867905,2.1294714869440825,0.0013137937852205814,0.9278756863330304,0.7151074111619236,0.0011988809372219776,4
2377,2454,model3,-0.4624997229217699,0.5375002770782301,0.1348438065057113,0.2837621937076503,0.7704710407085362,0.0009708615675396646,-0.14024829950218606,0.2139940848562061,0.0009088098711733988,5
2377,2615,model3,-0.22625956068360345,0.7737404393163967,0.02729264301288284,0.3388268531145411,0.8047143358133346,0.001551617129455091,0.02398690301327408,0.45642900058417274,0.0015813971730431226,8
2377,2867,model3,-0.523483932150645,0.476516067849355,0.02790898424943313,0.3936146027713933,-0.9504981003501096,0.0012327376201099654,0.2493430303410824,-0.2859481757012877,0.0012343333306374358,13
2377,2880,model3,0.3228100608922035,0.6771899391077966,0.034822165150118926,1.095101754866089,3.2946179995812184,0.0009546759654483516,-0.2478204636269945,1.1737567447747188,0.0009432959648921443,4
2377,2887,model3,-0.20018181222655218,0.7998181877734478,0.02614069889639024,1.1726606241007476,1.2009486349909997,0.001334082994709558,-0.7991949554812565,0.4196067637050367,0.0013312882996917884,24
2377,2890,model3,-0.27820165320977425,0.7217983467902257,0.03403920959519727,0.4691737135320702,0.3206659780090427,0.0007432638391786313,0.4829107248645813,0.15512909776687167,0.0007429348352011666,0
2377,3231,model3,-0.39720066155349953,0.6027993384465005,0.0767265341185507,0.2881253150591805,0.06974535619619457,0.0012083598105823339,-0.7604622091890301,0.09325565100351228,0.0011016236475547832,24
2377,3532,model3,0.699772142836043,0.30022785716395683,0.11263452964825955,0.3397170197927395,4.3144539760052405,0.0015280288474894116,1.2661641079347248,1.4589175964991334,0.001413546477497399,3
2439,2867,model3,0.0,0.0,0.02753956817951184,0.3498290576266282,-0.8984979542113236,0.0017165553418937722,0.16143181969610226,0.0,0.0017233822742421065,8
2439,2880,model3,0.25806857319866855,0.7419314268013315,0.053077362555751545,0.7880106800889771,3.2980249569700395,0.0012191631061416884,-0.004576631242446591,1.160415878235743,0.0012022566130283402,5
2439,2885,model3,-0.5307262091756411,0.46927379082435894,0.059806109697589226,0.6439485614059683,-1.5245717011129607,0.00133189591585069,-0.3995504169655454,-0.40766834354270554,0.0013183192669025813,8
2439,2890,model3,-0.25628748295924453,0.7437125170407555,0.0365752262349744,0.6045323844518575,0.4949025929469737,0.0008542998377789711,0.017106367442081605,0.18797736889246355,0.0008509553205589662,9
2439,2892,model3,-0.11577363488997308,0.884226365110027,0.0380055133342397,1.2266461048662152,1.758205161955511,0.0009845237815559638,-0.026884383448136914,0.7346167107043869,0.0009596700861455357,0
2439,6239,model3,0.5797623706555649,0.4202376293444351,0.1019707250112796,0.3433415586545385,4.661027971760722,0.001663028457014674,-0.22207519472954865,1.5370718732525313,0.0016677668676552313,15
2449,2454,model3,-0.668185230747675,0.331814769252325,0.07565233957042447,0.4662324385667879,-0.4317678120498977,0.0008742180542234803,-0.4853580170248114,-0.23737544407640404,0.000811136387019267,8
2449,2474,model3,-0.7427491021562792,0.25725089784372085,0.01603015661368987,0.3297684349564744,-0.9351668275328407,0.0011503294898450058,-0.4930199866994047,-0.4524396343717304,0.0011161361120117634,24
2449,2633,model3,-0.8646487164316875,-0.13535128356831255,0.0056641153036678825,0.4257736202082845,0.7730669627356844,0.0011600376918392975,-0.2966720042111706,-1.177520640203864,0.0011696232021596474,5
2449,2823,model3,0.6854951859023111,0.31450481409768904,0.04917015819579392,0.3768881109222719,3.3628877308227008,0.0011496049567207662,1.1136691949322628,1.213603519412001,0.000954869299479636,0
2449,2880,model3,0.4771720068696025,0.5228279931303975,0.018489220853202586,1.294572736445554,3.039719312309745,0.0007803321011001875,0.4146132411494507,1.1021924969219972,0.0007447892542153204,21
2449,2883,model3,-0.7821045687143887,0.21789543128561134,0.06624388280209725,0.3451146916472916,-2.2968246635952534,0.0011071123468287779,-0.30348815755657044,-0.7732656484965076,0.0009664256179748394,8
2449,2885,model3,-0.7910573499014024,0.20894265009859755,0.03017822001058397,0.4649064470328312,-2.081236435108654,0.001118704445660663,-0.04246837400257917,-0.7551884565738914,0.0010789558945847645,24
2449,2892,model3,-0.0802793180249607,0.9197206819750393,0.003386407114976612,0.8379583474711725,1.879007137809129,0.0010643352686713554,0.25604818413258257,0.8570697650608642,0.0010573288989259811,0
2449,2915,model3,-0.7827319243941161,-0.217268075605884,0.0201746091055718,0.3023005940945346,-3.452576587513944,0.0012902957269570324,-0.8228612863935137,-1.2387755883861895,0.0012181677039407336,24
2449,3532,model3,-0.853549417281282,-0.1464505827187181,0.04010298082702341,0.2637601091810225,-3.3813704690187985,0.001566189298069427,-1.2334752116362464,-1.2186009456035276,0.001469389621103948,24
2454,2880,model3,0.39888746902310507,0.601112530976895,0.16762228247700453,2.261317243561144,3.8001348547868505,0.0007430685729946242,0.21078472713383187,1.285672164739346,0.0007419824041753825,5
2454,2892,model3,-0.12513030846086395,0.8748696915391361,0.15850637718648564,1.0655554966993148,1.3868768276211687,0.000988935828910212,0.3009022583470066,0.6951956558098491,0.0009846779474040226,0
2474,2880,model3,0.29374104341936186,0.7062589565806381,0.07411769083817821,0.7658586989699927,3.5699720170123466,0.0010756572811036463,-0.13041687393829968,1.215114766557731,0.0010691186388138232,5
2474,2887,model3,-0.24269709376212772,0.7573029062378723,0.02613183404479061,2.0849145145291916,0.6526780280338198,0.0011631929914612286,-0.3487247824927025,0.2719985600231685,0.0011597970139737071,24
2474,2890,model3,-0.26488615127732734,0.7351138487226726,0.049873463662044336,0.3958731785776224,0.1414019604121388,0.0008304435076536982,-0.23047759453881245,0.1359724822155097,0.0008388661447168548,8
2474,2892,model3,-0.16461047886650537,0.8353895211334946,0.07494005466950912,2.1198004811384767,1.272547081458885,0.0008803415221244527,0.1941733563642353,0.5877902740186554,0.0008617757581436249,0
2474,4958,model3,-0.3029542713691096,0.6970457286308904,0.04348629945155257,0.663430453165528,1.3295711970813306,0.0008979492621683394,-0.10853505489337807,0.4825515360578167,0.0008992363841985445,8
2633,2892,model1,-0.4895848073996467,0.5104151926003533,0.9398885765977244,0.4763274990624761,-8.71771317951442e-05,0.0010655453548250318,0.08753433188184462,0.0011797679009314566,0.001003331224119831,8
2834,2892,model3,-0.1849213039524872,0.8150786960475127,0.2798330710844824,1.42080990447682,1.7503479303673408,0.0008797987987914568,-0.14556479395217445,0.7080602319498427,0.0008816644493511162,0
2845,2890,model1,0.0,0.0,0.9053001857221664,0.3550836861074105,-0.0002156313941211829,0.000979809571297378,-0.2051059599848598,0.0,0.0008062263694735923,24
2867,2890,model3,-0.2594927324535359,0.7405072675464641,0.046368109219064174,0.3052376057632153,0.9831153199596676,0.0009087295830432307,0.3806613579645349,0.3154606919462594,0.0009178149846639916,24
2867,2892,model3,-0.10585433799330864,0.8941456620066913,0.04613853333756812,0.9871623639584054,2.119269888073672,0.001065611466656429,-0.20221433911233166,0.8155718125404929,0.001049915916864138,0
2867,3532,model3,0.6176889961388855,0.38231100386111455,0.0789765997260827,0.3314920111614135,3.2320892471540565,0.002404646667607114,0.7399573984286099,1.1686800625331877,0.002369701941299701,11
2867,4958,model3,-0.25930098207833796,0.740699017921662,0.045505836956830456,0.478968612559823,2.3074758363765264,0.0010710865637033648,-0.4265764100476656,0.7843887788830128,0.0010709361937243553,5
2880,2885,model3,0.777177582755293,0.22282241724470706,0.12204901759075902,1.4872699798475222,2.7006214937856674,0.001048417850895912,0.02017666198168068,0.9932203567366215,0.0010464075324648288,5
2880,2890,model3,-0.49579142637825135,-0.5042085736217488,0.042349173247624286,0.657294605306176,2.4810333398897857,0.0008707378718499751,-0.34632235918070564,-0.9048492645087103,0.0008712323150773162,24
2880,2915,model3,-0.7375968729500166,0.26240312704998325,0.02152931290354329,0.3915123072007587,-1.3493036793913218,0.00153650798361723,0.3043416762144261,-0.3836173164246935,0.0015517698269368284,0
2880,4958,model3,-0.5048008196629329,-0.49519918033706706,0.03642688896753633,0.5808028612269144,3.460811538102853,0.0010060261872111608,-0.4895108888695042,-1.2201183149019128,0.001011152338817492,5
2880,6269,model3,-0.6811190750896804,0.31888092491031955,0.21254222367997525,0.6364507408690595,-0.39999365485339655,0.0011038269826067321,0.0799778490616871,-0.2194270599597556,0.0011158148264490745,13
2880,9945,model3,0.7142611618845975,0.2857388381154024,0.4475997056014924,0.6595261356110205,-2.9746306463446537,0.001171198436001652,0.2360054174675453,1.097276686571166,0.0011791719232497175,19
2883,2885,model3,-0.5149425616711706,0.48505743832882936,0.2103468765782931,1.034863756898108,0.13611389870506208,0.000997960559436379,0.21634622618503813,0.059959256564511586,0.000979742587733179,5
2884,2915,model2,0.8433850752074649,-0.1566149247925351,0.001,0.8192609269917723,2.017249724109631,0.0009733692224411436,0.057652724348607035,0.6794926776017687,0.00098420583507345,24
2884,4958,model3,0.0,0.0,0.007182581752378161,0.39329669231031,-3.3333825552158665,0.0010132735624755157,-0.006653807661724134,0.0,0.0010487731385484924,0
2884,6285,model3,-0.9084815026279577,-0.09151849737204239,0.21262366401667251,0.585788062405558,-3.0148366276774534,0.0010824240491928054,-0.016585719900100108,-1.1064843311249382,0.001079253312484742,10
2884,9933,model3,-0.7071048977539203,0.2928951022460797,0.3961869887490596,0.2893442452862039,-0.534615019941185,0.001162712382312079,0.07287734636008665,-0.35430212174841047,0.0012401551512521392,8
2885,2892,model3,-0.09307476843350312,0.906925231566497,0.1058845883003301,1.3188175757661895,2.215277601180047,0.0010091653046291195,0.030971625868213518,0.8554479171413363,0.0009978217170336608,4
2887,2890,model1,-0.4732486205675128,0.5267513794324872,0.8179596472868756,1.0792788062922087,-1.015290361244888e-05,0.0008633338193660138,0.05207879103232203,-0.008291662865736026,0.0008628665502251067,8
2887,2892,model1,-0.5340128728038088,0.4659871271961912,0.9988616310761268,2.085830055761923,-4.512236091637423e-05,0.0009393735464513873,0.02451633237197321,0.0022904149316074307,0.0008932696449884537,0
2888,2890,model3,-0.25479386924367226,0.7452061307563277,0.03202569785452452,0.1633891847941932,1.0390107980376109,0.0012570738102555801,0.5181379621058988,0.40107737788745573,0.0010894134669921364,24
2888,2892,model2,-0.11462260074197457,0.8853773992580254,0.001,1.2178616004926508,-2.1367240110853962,0.0009808614290794898,0.29621894371419266,0.8320593768338557,0.0009860466861096138,17
2888,2915,model3,-0.5440248693452818,0.45597513065471823,0.040372098175913904,0.3583229252198321,0.7017036272281817,0.002048515397696412,-0.4587521554118262,0.23453088328700705,0.002077505887293301,9
2890,4958,model1,-0.6100847399749544,0.3899152600250457,0.8039037095888901,0.5899666884908736,-2.018849214644606e-05,0.000700512995868119,0.1037885756499246,0.0721998174556638,0.0006977572768973722,9
2892,2915,model2,-0.8539685657499837,0.14603143425001638,0.001,0.8964464850753109,-2.0714107648368256,0.0011235344644416297,0.010353480508033884,-0.6798482651480372,0.0011315882945498693,0
2892,3532,model3,-0.923252549953605,-0.07674745004639506,0.027693189542236672,1.1966596641135203,-2.900317008859921,0.0010572064954934113,0.21251592265599026,-1.0613320515721463,0.0010550598366312145,8
2892,4904,model2,-0.8677763708024007,0.1322236291975993,0.001,0.7857913730367613,-2.6064392709843403,0.0012365659155348064,-0.11229120918436512,-0.7059994276348697,0.0012432118499955116,13
2892,6285,model3,-0.8924430001687231,0.10755699983127698,0.2091289705341688,0.849959075419586,-2.402208382999592,0.0011803048865027565,-0.2541491871695326,-0.7625167083925689,0.0011857614532810431,0
2892,9945,model3,-0.8335049619712416,0.16649503802875845,0.4829432411803654,1.614934144259417,-1.8870304551186643,0.0009350326645130633,0.26461763860227155,-0.6481481661596818,0.000929973965660743,14
2915,4958,model3,-0.1364912923977823,0.8635087076022178,0.035922513648830895,0.17493979542027674,3.2197995916118463,0.0016368369290671386,0.5792971078559129,1.0393378579577885,0.0016023946345201895,24
3532,3706,model3,0.25416310874900067,0.7458368912509993,0.13412330818473012,0.18774815555201024,3.5813535027987125,0.0021584603461738848,0.15651959115049802,1.2742576520602753,0.001996152087098916,24
3532,9945,model3,0.36835072604425256,0.6316492739557474,0.4112117612163154,0.4163806426670922,3.751504045731516,0.0019192446794494282,0.25546736545050586,1.3200842715335264,0.0019308970725664038,4
4958,9945,model3,-0.7280181743229824,0.2719818256770175,0.1985817336906769,0.6076458781574747,-2.128282152315001,0.0008834972115725377,0.16093217119470427,-0.685987758339704,0.0008910639256663092,24
6269,9938,model3,0.0,0.0,0.575968983995927,0.5047542990904813,-2.2312928291983947,0.0013347811758096086,-0.35660408320329856,0.0,0.0013097072687291427,24
6285,9945,model3,0.0,0.0,0.030001040946803524,0.044786303996043934,-4.171891767124547,0.002787881098973634,-0.1018637032150344,0.0,0.0028392380368120747,24
