1101,1102,1216,1227,1301,1303,1314,1319,1326,1402,1434,1476,1477,1504,1536,1590,1605,1704,1717,1722,1723,1789,1802,1909,2002,2015,2049,2059,2103,2105,2106,2201,2204,2207,2227,2231,2301,2303,2308,2311,2313,2317,2324,2325,2327,2330,2337,2344,2345,2347,2352,2353,2354,2356,2357,2360,2371,2376,2377,2379,2382,2383,2385,2395,2408,2409,2412,2439,2448,2449,2451,2454,2474,2492,2498,2542,2603,2606,2610,2615,2618,2633,2723,2801,2809,2812,2823,2834,2845,2867,2880,2881,2882,2883,2884,2885,2886,2887,2888,2890,2891,2892,2912,2915,3008,3019,3034,3044,3045,3189,3231,3406,3443,3481,3532,3673,3682,3702,3706,4904,4915,4938,4943,4958,5264,5522,5871,5880,6116,6176,6239,6269,6285,6409,6414,6415,6452,6456,6505,8454,8464,9904,9910,9914,9917,9921,9933,9938,9941,9945
33.6913043478261,30.0073404255319,53.4928571428572,74.4,73.3084905660377,60.4938053097345,8.09943231441048,35.8027027027027,69.4675,27.8,30.3,431.986842105263,207.111111111111,26.123275862069,121.433774834437,150.0,7.11,27.4895716945996,30.3,40.2946428571429,114.94,49.286038961039,11.5045937334041,11.1,19.0009166666667,38.3,156.738805970149,396.0,20.0893442622951,55.505,49.0142857142857,31.0542253521127,21.0969151670951,349.730769230769,258.0,378.964285714286,33.1823529411765,11.8455852156057,158.034090909091,35.0,21.7805785123967,82.6810023310023,18.7878048780488,43.2313043478261,50.2,134.0,4.39140625,7.4,24.9037914691943,31.8924528301887,10.0001116071429,11.8912181303116,76.5164285714286,17.6255988023952,273.544444444444,58.5,5.3,31.7204545454545,34.56,68.5436842105263,53.4038674033149,63.0193548387097,68.9188235294118,207.1875,36.9921875,8.8091624011168,98.0733333333333,63.7378640776699,23.1603791469194,20.4451923076923,83.0,264.7625,304.458208955224,17.55,76.9802721088436,39.6972868217054,13.6747706422018,29.4635824436536,11.2498883928571,17.5018867924528,18.0309173272933,,221.175,16.09765625,23.0166666666667,9.83,26.3746113989637,8.23,9.90059171597633,19.3009259259259,15.45,50.9231331168831,45.6506807866868,8.60294532627866,19.7513873473918,12.6995910460611,22.3003527336861,12.1,7.35990338164251,10.1534525277435,17.2007222739981,15.3010775862069,212.0,56.6613636363636,2489.57142857143,30.7397727272727,116.0,54.3988505747127,100.483870967742,58.6415362731152,15.1546827794562,65.992,66.1,9.90086918730987,36.35,97.6242115027829,10.751724137931,32.1152542372881,23.3566137566138,67.1,41.3728947368421,82.418485915493,,93.0986754966887,152.969387755102,35.4,57.5,13.8982269503546,3.71288,90.9072463768116,69.0727777777778,90.2257062146893,81.2203947368421,456.315789473684,321.0,331.333333333333,332.75,134.009803921569,75.2296875,198.0,,44.7415841584158,178.979166666667,186.75,98.1,226.0,37.2,73.6103448275862,73.1,39.8704941860465
33.6666666666667,30.4040322580645,53.4021276595745,74.4,73.4966666666667,60.3645161290322,8.03088607594937,35.9071428571429,69.3571428571429,27.8,30.35,432.5625,206.615384615385,26.1,120.98275862069,150.0,7.11842105263158,27.3604316546763,30.3,40.1263157894737,114.94,49.5457446808511,11.4950819672131,11.1,19.00125,38.3,157.071428571429,396.0,19.9961904761905,55.6333333333333,49.528125,31.0555555555556,21.0191666666667,348.0,259.0,379.0,33.0560975609756,11.8,158.28125,35.0024509803922,21.6573170731707,82.6731132075472,18.7115853658537,43.0952830188679,50.3,134.516819571865,4.39,7.43923076923077,24.8215633423181,31.7594444444444,10.0008928571429,11.8521739130435,76.452,17.8141025641026,274.590909090909,58.5,5.35045454545454,31.7204545454545,34.7295081967213,69.15,53.4,63.3,69.0923076923077,208.25,36.909375,8.81660142348755,97.9428571428572,63.9578947368421,23.4335866261398,20.4023809523809,83.1,263.17816091954,307.396825396825,17.675,76.8978494623656,39.6349397590361,13.5959770114943,29.45,11.2022082018927,17.5416666666667,17.9073604060914,,222.083333333333,16.1,23.0,9.83,26.3351063829787,8.21863636363636,9.90045454545454,19.35,15.45,51.3651785714286,45.6776422764228,8.54183406113537,19.75,12.7012437810945,22.3,12.0960317460317,7.3604954954955,10.1555555555556,17.2114545454545,15.3,212.0,56.5538461538462,2482.0,30.7,116.0,54.6333333333333,100.0,59.5172839506173,15.2457746478873,65.99,66.3,9.90695175438596,36.35,98.0748120300752,10.8172413793103,32.1152542372881,23.4,67.1428571428571,41.1585714285714,82.2567164179104,,94.2944444444445,153.5,35.4,57.4588235294118,13.8740566037736,3.74410909090909,90.7219512195122,69.3571428571429,90.5329670329671,81.4325,456.5,322.375,331.333333333333,331.98275862069,133.913043478261,75.3,198.0,,45.0532608695652,178.388888888889,185.0,98.1,226.0,37.2,73.8,73.1,39.9931506849315
33.6115384615385,30.3947368421053,53.4909090909091,74.5,73.5222222222222,60.4214285714286,8.01,35.94375,69.3625,27.8285714285714,30.45,428.756756756757,205.329787234043,26.15,122.125,149.8125,7.11166666666667,27.3151041666667,30.3,40.1,114.5,49.8732142857143,11.5657142857143,11.125,19.0,38.1,157.208333333333,396.0,20.030303030303,55.675,49.68125,31.15,21.017,348.5,259.0,381.0,32.9344155844156,11.7898623279099,158.923076923077,35.0991189427313,21.680701754386,82.908875739645,18.7170454545455,43.15,50.3,134.959247648903,4.39,7.45266666666667,24.6040752351097,31.6701086956522,10.0,11.8657534246575,76.3781818181818,17.8059523809524,274.5,58.65,5.35764705882353,31.915625,34.8128888888889,69.35625,53.4181818181818,63.4285714285714,69.09,208.5,36.8833333333333,8.85,97.8392156862745,63.921568627451,23.3418128654971,20.35,83.2,264.320388349515,305.65625,17.7,76.8820895522388,39.5884615384615,13.5965909090909,29.45,11.2067567567568,17.5877049180328,17.9361764705882,,224.269230769231,16.0875,23.0,9.83,26.3466666666667,8.21863636363636,9.885,19.4,15.425,51.7448979591837,45.75078125,8.55382716049383,19.7461325966851,12.7309090909091,22.3,12.1003571428571,7.36970588235294,10.159375,17.2398340248963,15.3019607843137,211.4,56.5,2470.75,30.75,116.0,54.9969696969697,99.9720930232558,59.6348314606741,15.25,66.0272727272727,66.5,9.90736842105263,36.375,98.8604838709677,10.83,32.3,23.4,67.0282051282051,40.9689781021898,82.22,,94.0780487804878,153.5,35.5,57.452380952381,13.85,3.75829787234043,90.751724137931,69.6476190476191,90.6464788732394,81.7,456.0,324.0,331.333333333333,330.454545454545,134.0,75.3,198.0,,45.1833333333333,177.375,185.5,98.1,229.0,34.357625145518,73.975,73.1833333333333,39.8969696969697
33.6041666666667,30.3321428571429,53.4384615384615,74.475,73.5,60.4545454545455,8.03041666666667,35.9,69.4142857142857,27.8,30.4333333333333,425.691489361702,205.206349206349,26.09,123.0,149.5,7.12,27.2107142857143,30.3,40.1125,115.0,49.6459090909091,11.6277777777778,11.15,19.0,38.1,158.833333333333,395.2,20.15,55.6125,49.9333333333333,31.18,21.009756097561,348.75,259.0,383.0,32.8977272727273,11.783908045977,158.9,35.1874233128834,21.7368421052632,83.2446945337621,18.7198717948718,43.2,50.2,135.006191950464,4.39030303030303,7.41,24.6829508196721,31.5473282442748,10.0,11.8487012987013,76.3370629370629,17.8540816326531,275.222222222222,58.65,5.36,31.9166666666667,34.6143678160919,69.4481481481481,53.41875,63.6555555555556,69.175,208.166666666667,36.8833333333333,8.85927272727273,97.8034782608696,63.9222222222222,23.1214501510574,20.3069767441861,83.2,264.965277777778,305.849206349206,17.75,77.1296296296296,39.5241666666667,13.60125,29.45,11.2022388059701,17.6107142857143,18.0037848605578,,225.195121951219,16.0555555555556,22.9875,9.83,26.3858974358974,8.21125,9.885,19.38,15.4090909090909,51.6535483870968,45.7598360655738,8.55,19.7461764705882,12.7418103448276,22.3,12.1037878787879,7.36681818181818,10.2,17.2968926553672,15.3,211.4,56.4333333333333,2466.5,30.8,116.0,55.1636363636364,99.6,59.5492307692308,15.2276595744681,66.1666666666667,66.5,9.91216346153846,36.56,99.2418719211822,10.7755813953488,32.2727272727273,23.3861111111111,67.1461538461539,40.8577348066298,82.1,,93.8333333333333,153.5,35.5,57.4034482758621,13.884375,3.74685897435897,90.725,69.9095238095238,90.8384615384616,82.0830508474576,458.0,323.0,335.0,328.904761904762,134.15,75.5833333333333,198.1,,45.318085106383,176.666666666667,185.333333333333,98.1,229.857142857143,33.5828571428571,74.3,73.1833333333333,39.9
33.5571428571429,30.2357142857143,53.45,74.4333333333333,73.6176470588236,60.4333333333333,8.03196428571428,35.9111111111111,69.44,27.8,30.45,428.971428571429,204.27,26.0625,122.717391304348,149.5,7.13,27.2174418604651,30.3,40.175,114.75,49.4198412698413,11.6904411764706,11.15,18.9823467230444,38.1,160.457142857143,396.0,20.1153846153846,55.6470588235294,50.34,31.2,21.0339449541284,348.25,259.0,382.5,32.8625,11.7827868852459,159.357142857143,35.172,21.7605263157895,83.1988235294118,18.7678571428571,43.2147727272727,50.1166666666667,135.053164556962,4.38,7.40535714285714,24.7149754500818,31.5298507462687,9.99666666666667,11.85,76.4216216216216,17.85,275.166666666667,58.65,5.36,31.95,34.5673076923077,69.3131578947369,53.421052631579,63.6090909090909,69.2125,208.4,36.95,8.85962790697674,97.7423076923077,64.0222222222222,23.1668848167539,20.3,83.4,264.791304347826,306.290322580645,17.9336170212766,77.2315789473684,39.4346153846154,13.6315789473684,29.45,11.21484375,17.6046296296296,18.0312775330396,,224.466666666667,16.0555555555556,22.95,9.82041666666667,26.45,8.21964285714286,9.88242424242424,19.3625,15.4318181818182,51.7125,45.7921428571429,8.5534375,19.75,12.7215909090909,22.3,12.1,7.37,10.1705357142857,17.2788343558282,15.3,211.0,56.3375,2467.0,30.8333333333333,116.368421052632,55.1,99.6,59.0839160839161,15.2635658914729,66.15,66.5,9.90618,36.56,98.9743243243243,10.831007751938,32.4428571428571,23.4,67.1944444444444,41.0171328671329,82.2416666666667,,93.7666666666666,154.0,35.5,57.3625,13.9186486486487,3.74,90.7170731707317,69.9142857142857,90.8016129032258,81.9589743589744,459.916666666667,324.333333333333,335.0,330.607142857143,134.2,75.9285714285714,200.25,,45.371875,176.5,185.5,98.1,229.857142857143,33.6271226415094,74.2266666666667,73.3,39.9352941176471
33.5916666666667,30.1765625,53.4047619047619,74.5,73.8125,60.4625,8.036,35.91,69.4666666666667,27.8,30.5,426.534482758621,204.361111111111,26.0875,121.966666666667,150.0,7.1305,27.2183333333333,30.3,40.2283783783784,114.75,49.4604761904762,11.676582278481,11.15,18.8972222222222,38.1,159.8,396.0,20.075,55.6166666666667,50.4090909090909,31.3,21.077868852459,347.916666666667,259.0,382.0,32.8966666666667,11.7896551724138,159.5,35.1511764705882,21.7535714285714,83.1427536231884,18.7959183673469,43.2041666666667,50.08125,135.075396825397,4.4,7.38405660377359,24.6422018348624,31.653125,10.0,11.85,76.5130434782609,17.8877777777778,275.5,58.2,5.36,32.0,34.6831578947369,69.3461538461538,53.4611111111111,63.6,69.325,208.4,36.9636363636364,8.85625766871166,97.7105263157895,64.0434782608696,23.3912313432836,20.2785714285714,83.4666666666667,265.059322033898,307.444444444445,18.0706106870229,77.214,39.4797872340426,13.6,29.45,11.2295081967213,17.531884057971,18.1057803468208,,221.357142857143,16.08,22.9636363636364,9.82352941176471,26.4416666666667,8.22,9.8621875,19.4,15.4214285714286,51.7157142857143,45.8513888888889,8.5458552631579,19.7545454545455,12.750395256917,22.3458333333333,12.1057142857143,7.365,10.184375,17.2801020408163,15.3,211.454545454545,56.3,2465.83333333333,30.9636363636364,116.875,55.1,99.7,58.9943548387097,15.3228310502283,66.275,66.4,9.90872146118722,36.56,98.7339805825243,10.85,32.3,23.4,67.1857142857143,41.1318181818182,82.3490566037736,,93.8096774193548,153.8,35.55,57.4,14.05,3.7405,90.6105263157895,69.8861111111111,90.8022222222222,81.9875,464.464285714286,324.25,335.0,330.90625,134.083333333333,75.9111111111111,201.5,,45.3545454545455,176.9,185.5,98.1,230.75,33.7373134328358,74.0875,73.3,39.9955284552845
33.55,30.0904761904762,53.444,74.5,74.18125,60.4190476190476,8.04,36.0,69.5,27.85,30.45,426.058823529412,204.714285714286,26.075,121.533333333333,151.0,7.13875,27.2286885245902,30.1,40.2807692307692,115.0,49.79765625,11.697972972973,11.15,18.8605158730159,38.1,158.66,395.666666666667,20.0722222222222,55.5555555555556,50.3565217391304,31.4833333333333,21.15,347.916666666667,259.0,382.75,32.7174107142857,11.7924295774648,159.055555555556,35.1223404255319,21.7408163265306,83.0455696202532,18.7612903225806,43.2366666666667,50.15,135.021459227468,4.38060606060606,7.38306451612903,24.6908482142857,31.6943396226415,10.0,11.8231707317073,76.5230769230769,17.8879310344828,275.166666666667,58.15,5.36,32.0,34.6959302325581,69.38,53.38125,63.6,69.4454545454545,208.625,36.9875,8.85764285714285,97.6841463414634,64.0,23.489406779661,20.2763157894737,83.4666666666667,264.9,308.008196721311,18.0385185185185,77.2055555555556,39.5145454545455,13.6483333333333,29.45,11.245,17.4944444444444,18.1037162162162,,220.375,16.0935483870968,23.0,9.819375,26.4458333333333,8.22,9.84948979591837,19.4,15.4230769230769,51.6841379310345,45.85,8.54675925925926,19.75,12.7702380952381,22.31,12.1135135135135,7.36619047619048,10.1569306930693,17.2869565217391,15.3024767801858,211.454545454545,56.4,2465.0,31.04,116.5,55.0888888888889,99.8,58.9094339622641,15.4002717391304,66.5777777777778,66.5,9.90558052434457,36.7,98.8894308943089,10.8444444444444,32.25,23.4,67.2272727272727,41.152380952381,82.4,,93.8882352941176,153.8,35.55,57.4407407407407,13.9922222222222,3.73416666666667,90.5558139534884,69.9388888888889,90.7692307692308,82.0081081081081,463.2,324.25,335.0,331.1,134.4,75.84,202.0,,45.395652173913,176.9,185.8,98.0,230.0,33.8881944444444,74.08,73.5,40.1396551724138
33.55,30.08125,53.4820512820513,74.63,74.2478260869565,60.375,8.04333333333333,35.975,69.6666666666667,27.8488372093023,30.5,426.25,205.472727272727,26.055,122.0,151.0,7.14,27.2465753424658,30.1,40.3176470588235,114.5,50.0781073446328,11.7043269230769,11.15,18.8494545454545,38.1,158.041666666667,396.0,20.1176470588235,55.5375,50.2,31.35,21.1708333333333,348.0,259.0,383.75,32.85,11.8,159.357142857143,35.1088235294118,21.6705357142857,83.02625,18.7513888888889,43.3,50.1375,135.0,4.39,7.38966666666667,24.8238038277512,31.8051020408163,10.0342105263158,11.8131578947368,76.5112903225806,17.9384615384615,275.5,58.1,5.36,32.05,34.7278145695364,69.4142857142857,53.2872340425532,63.3925,69.72,208.5,37.0,8.85280092592593,97.6924812030075,64.0,23.5856643356643,20.26875,83.5,265.073529411765,308.379310344828,17.875,77.2851063829787,39.5065217391304,13.6483333333333,29.45,11.2052447552448,17.4041666666667,18.0336319218241,,219.7,16.0884615384615,22.9657894736842,9.81,26.5,8.21777777777778,9.852,19.3928571428571,15.4522222222222,51.71,45.826582278481,8.5322027972028,19.75,12.7932721712538,22.3227272727273,12.1059523809524,7.36294117647059,10.1828571428571,17.2854166666667,15.2983957219251,211.875,56.4375,2453.08823529412,31.0727272727273,116.111111111111,55.075,100.0,58.95,15.4,66.9357142857143,66.5,9.90171745152354,36.7,99.1837662337662,10.8263636363636,32.25,23.3965517241379,67.2571428571429,41.1014285714286,82.3042857142857,,93.95,153.5,35.55,57.3,13.9083333333333,3.74,90.3772727272727,70.0,90.6980769230769,82.0129032258064,463.5,325.0,335.0,330.576923076923,134.022727272727,75.6857142857143,201.0,,45.354347826087,176.9,186.0,98.0,230.0,33.9670731707317,73.9933333333333,73.7,40.2271604938272
33.5333333333333,30.0783333333333,53.4193548387097,74.9,74.4160714285714,60.3703703703704,8.04227272727272,35.975,69.9526315789474,27.9,30.5,427.5,205.85,26.075,122.03125,150.5,7.13129032258064,27.286,30.1,40.31,114.5,50.2158273381295,11.6644927536232,11.15,18.8533834586466,38.1,159.0,395.6875,20.1621621621622,55.5,50.2,31.4071428571429,21.2211538461538,348.5,259.0,383.75,32.85,11.8,159.058823529412,35.125,21.7178571428571,83.0093333333333,18.7765957446809,43.375,50.11,135.058823529412,4.39,7.400625,25.0455994897959,31.8770833333333,10.0107843137255,11.8378640776699,76.4362162162162,17.9,275.25,58.1,5.356875,32.1,34.7019417475728,69.5,53.1608695652174,63.125,69.9111111111111,208.5,37.1,8.84442675159236,97.766081871345,64.0625,23.6300387596899,20.2894736842105,83.5,266.668269230769,309.064102564103,17.7125,77.5254054054054,39.4958333333333,13.65,29.4512077294686,11.2017123287671,17.3473214285714,17.9303135888502,,218.166666666667,16.1,23.0,9.80111111111111,26.4625,8.2119801980198,9.86130434782609,19.4045454545455,15.4666666666667,51.6625,45.8866666666667,8.540625,19.75,12.7986263736264,22.35,12.1,7.36792079207921,10.1528985507246,17.2675925925926,15.2752688172043,211.5,56.5,2452.5,31.0111111111111,116.071428571429,54.9658536585366,99.9166666666667,59.172,15.3804347826087,67.0,66.1,9.90068883610451,36.7,99.7066666666667,10.8452380952381,32.2277777777778,23.4,67.2,41.0203488372093,82.2078125,,93.875,154.0,35.55,57.1755319148936,13.91,3.74171428571429,90.4,70.0074074074074,90.7,82.078125,463.416666666667,326.7,335.0,330.833333333333,134.0,75.5,201.0,,45.3,177.0,186.0,98.0,230.0,33.9927152317881,74.0,73.8,40.3017699115044
33.55,30.1,53.4625,74.95,74.3451612903226,60.415,8.04338461538461,36.0,70.0,27.9,30.5,429.25,206.0625,26.0615384615385,122.0,150.5,7.12736842105263,27.3372,30.1,40.3,115.0,50.0496621621622,11.625,11.15,18.8876811594203,38.1,159.0,396.0,20.1752941176471,55.5,50.3,31.45,21.2916666666667,348.5,259.0,383.5,32.8681818181818,11.7998901098901,159.333333333333,35.2506172839506,21.7728260869565,83.0344262295082,18.8,43.2846153846154,50.2833333333333,135.0,4.38090909090909,7.41,25.111432160804,31.9279411764706,10.05,11.85,76.4690140845071,17.9480769230769,275.5,58.1,5.36,32.15,34.8026178010471,69.6854545454545,53.1277777777778,63.0842105263158,69.91,209.0,37.2138888888889,8.83250737463127,97.9,64.3918918918919,23.7022831050228,20.275,83.6428571428571,268.23125,310.106060606061,17.8,78.0699300699301,39.5108695652174,13.6004807692308,29.4508064516129,11.2,17.4031914893617,17.5497923875433,,219.333333333333,16.0657480314961,23.05,9.80111111111111,26.5,8.21324675324675,9.87,19.4045454545455,15.45,51.7453703703704,45.8524096385542,8.54122807017544,19.7436363636364,12.7684210526316,22.3,12.1352941176471,7.36417475728155,10.1921875,17.3,15.3,211.5,56.5625,2469.54545454545,31.1625,116.357142857143,54.8636363636364,99.9166666666667,59.6844444444445,15.4271739130435,67.3526315789474,66.1,9.9017094017094,36.7,99.9392026578073,10.8003768844221,32.31,23.3886363636364,67.2,40.8987603305785,82.1912280701754,,94.2076923076923,154.0,35.55,57.0235294117647,13.8616438356164,3.75051020408163,90.5227272727273,70.8626436781609,90.7809523809524,82.3688172043011,465.166666666667,327.5,335.0,331.5,134.25,75.65,201.0,,45.2976744186047,177.0,185.875,98.0,229.5,34.0381818181818,74.1,73.8,40.3354166666667
33.546875,30.145,53.4636363636364,75.0,74.1777777777778,60.4352941176471,8.04338461538461,35.9647058823529,70.025,27.9,30.65,429.764705882353,206.518518518518,26.05,122.619047619048,150.5,7.13714285714286,27.3491071428571,30.1,40.25,115.0,50.2983240223464,11.6366666666667,11.15,18.9,38.1,159.090909090909,396.25,20.3283783783784,55.5391304347826,50.4166666666667,31.475,21.3,349.0,259.0,384.25,32.8916666666667,11.8110396570204,159.0,35.3761363636364,21.7521634615385,83.058904109589,18.7971264367816,43.3,50.2842105263158,135.0,4.38875,7.41645161290322,25.2740399385561,31.95,10.0291666666667,11.8661764705882,76.6161290322581,17.95,275.166666666667,58.1,5.36,32.15,34.9179347826087,69.8627906976744,53.1833333333333,63.4230769230769,69.9,209.0,37.2325,8.82890510948905,97.8769230769231,64.5666666666667,23.7271317829457,20.2966666666667,83.6428571428571,269.072033898305,310.5,17.865,78.1067708333333,39.5595744680851,13.6045454545455,29.5966666666667,11.1700549450549,17.45,17.5061860940695,,219.333333333333,16.0795454545455,23.05,9.806,26.5,8.21818181818182,9.85967741935484,19.40625,15.4508771929825,51.8871794871795,45.7853658536585,8.55574074074074,19.7456896551724,12.7588235294118,22.3285714285714,12.1113636363636,7.36066666666667,10.1984905660377,17.3388701517707,15.3367346938776,211.5,56.6285714285714,2470.0,31.35,117.189189189189,54.9533333333333,100.0,59.6142857142857,15.4027777777778,67.6666666666667,66.1,9.9,36.7,99.8515384615384,10.8473684210526,32.3363636363636,23.4421052631579,67.29,40.8188073394495,82.1277777777778,,94.5178571428571,154.5,35.6,57.0075,13.9077464788732,3.76,90.6133333333333,71.6042016806723,90.865,82.8886597938144,467.0625,327.5,333.5,331.375,134.5,75.65,201.0,,45.2611111111111,177.214285714286,185.875,98.0,229.0,34.1485294117647,74.3,73.8,40.3558441558442
33.554347826087,30.2,53.4787878787879,75.0,73.9962962962963,60.4571428571429,8.06,35.9583333333333,70.0,27.9333333333333,30.65,429.125,206.409090909091,26.1,123.0,150.5,7.14363636363636,27.3841836734694,30.1,40.25,115.0,50.2081081081081,11.6434782608696,11.15,18.8919642857143,38.1,159.5,396.25,20.369696969697,55.7,50.5125,31.45,21.1284722222222,349.5,259.5,385.5,32.85,11.8444852941176,159.0,35.3893939393939,21.7489130434783,83.067,18.8,43.3,50.32,135.112903225806,4.3837037037037,7.41851851851852,25.2453389830508,31.9811111111111,10.05,11.8611111111111,76.7862068965517,17.9857142857143,275.5,58.1,5.3508,32.15,34.9494680851064,69.9969696969697,53.1954545454546,63.5307692307692,69.89,209.0,37.225,8.84,97.8913043478261,64.7377777777778,23.7590643274854,20.2992424242424,83.6428571428571,268.736842105263,310.613636363636,17.95,77.9326923076923,39.5870689655172,13.5997005988024,29.64609375,11.1664383561644,17.5171641791045,17.6488469601677,,219.333333333333,16.0558333333333,23.0333333333333,9.81,26.4923076923077,8.2275,9.87555555555556,19.4214285714286,15.4553571428571,51.8793650793651,45.7988505747126,8.56533333333334,19.7430555555556,12.7513513513514,22.3444444444444,12.1,7.36193548387097,10.236,17.3465665236052,15.3021428571429,211.5,56.875,2470.0,31.25,117.51724137931,55.2111111111111,100.1,59.805,15.4013888888889,67.7785714285714,66.2,9.89956834532374,36.7,99.9,10.8166666666667,32.325,23.4605263157895,67.4454545454546,40.871875,82.1981481481481,,94.7019230769231,154.5,35.6,57.0031746031746,13.95,3.75791666666667,90.685,71.3678832116788,90.9811881188119,82.9401515151515,470.277777777778,327.5,334.5,331.954545454545,134.076923076923,75.8,201.0,,45.2583333333333,176.684210526316,186.0,98.0,229.0,34.2163265306122,74.4,73.8,40.3048913043478
33.6040816326531,30.1916666666667,53.4846153846154,75.1,73.7111111111111,60.4444444444444,8.06,35.9833333333333,70.0928571428571,27.8840909090909,30.65,429.15,206.294117647059,26.0932432432433,123.076923076923,151.0,7.15,27.4376146788991,30.05,40.25,115.0,50.0310344827586,11.65,11.15,18.8655882352941,38.15,159.833333333333,396.222222222222,20.36,55.7,50.6125,31.45,21.1413043478261,350.0,260.9,387.4,32.865625,11.8396226415094,159.047619047619,35.3965753424658,21.75,83.093220338983,18.7633333333333,43.35,50.5,135.176470588235,4.39672131147541,7.40338028169014,25.2169312169312,32.05,10.05,11.9,76.9303030303031,17.9625,275.388888888889,58.1,5.35,32.175,34.9581632653061,69.9966666666667,53.1727272727273,63.375,69.75,209.0,37.25,8.84411764705882,97.8972222222222,64.6882352941176,23.7871794871795,20.34,83.8,268.0,310.485714285714,17.9375,78.0708333333333,39.5894736842105,13.5522388059701,29.6125,11.1517333333333,17.6345238095238,17.6619191919192,,219.333333333333,16.1,23.04,9.8062962962963,26.48,8.215,9.87444444444444,19.4214285714286,15.4048611111111,51.8863636363636,45.8060344827586,8.5666,19.7079268292683,12.7934343434343,22.3004587155963,12.1002538071066,7.36493670886076,10.2009090909091,17.31,15.3,211.5,56.9133333333333,2470.0,31.3,117.375,55.6421052631579,100.0,59.9156862745098,15.4031914893617,67.8607142857143,66.1,9.89785046728972,36.7,99.8018633540372,10.8461538461538,32.30625,23.5,67.6,41.0050632911393,82.3527777777778,,94.8108108108108,155.0,35.6,57.0191358024691,13.9071428571429,3.75024691358025,90.8038461538462,71.245,90.9461538461538,83.4898148148148,474.439393939394,327.25,334.5,333.0,134.525,75.6,201.0,,45.2388888888889,177.0,186.166666666667,98.0,229.0,34.285,74.4,73.8,40.3157894736842
33.66,30.1883333333333,53.415625,75.1,73.5555555555556,60.4,8.06526315789474,36.0115384615385,69.8787878787879,27.85,30.65,429.166666666667,206.03125,26.0875,122.571428571429,151.0,7.15,27.4893835616438,30.05,40.275,115.0,50.0,11.65,11.15,18.8855263157895,38.15,159.294117647059,396.0,20.3619047619048,55.7,50.7,31.4,21.2,350.0,264.0,389.428571428571,32.85,11.8026845637584,159.0,35.453125,21.79375,83.0887755102041,18.7625,43.3441176470588,50.8185185185185,135.053459119497,4.41,7.413,25.2010067114094,32.0212765957447,10.0954545454545,11.8602739726027,77.7260683760684,17.9772727272727,275.5,58.1666666666667,5.3525,32.2,34.9037037037037,70.1892857142857,53.104,63.48125,69.5,209.0,37.25,8.84495867768595,97.8928571428572,64.73,23.7978395061728,20.325,83.8,267.892857142857,310.034482758621,17.95,78.2073529411765,39.5942857142857,13.5259259259259,29.5560344827586,11.1086206896552,17.6676470588235,17.6550448430493,,223.0,16.0866666666667,23.04375,9.81,26.493023255814,8.2125,9.88272727272727,19.4214285714286,15.4597345132743,51.8075268817204,45.7996212121212,8.55,19.7222222222222,12.75,22.3025862068966,12.1,7.36287128712871,10.2,17.3097435897436,15.3,211.5,56.975,2470.0,31.3,117.5,55.8095238095238,100.0,60.3315789473684,15.4,68.025,66.1,9.89871559633028,36.7,99.574,10.8583333333333,32.25,23.5192307692308,67.5432432432432,41.1121951219512,82.4590909090909,,94.8971428571429,155.0,35.6,56.9981132075472,13.9,3.7404,90.94,71.1875,90.975,83.598,479.814814814815,328.5,334.5,334.460526315789,134.9,75.6,201.0,,45.2,177.5,186.0,98.0,228.5,34.3266666666667,74.4,73.8,40.2568181818182
33.6666666666667,30.175,53.4235294117647,75.11,73.448,60.4285714285714,8.06833333333333,36.0,69.6,27.85,30.55,430.21875,206.285714285714,26.0615384615385,122.625,151.0,7.14666666666667,27.5372549019608,30.0205882352941,40.3,115.0,50.064,11.6534722222222,11.15,18.8543624161074,38.15,159.388888888889,396.0,20.36,55.6,50.7846153846154,31.4375,21.1979166666667,350.0,265.0,391.833333333333,32.8958333333333,11.8476923076923,159.05,35.4513513513514,21.8,83.0536784741145,18.8236686390532,43.4326923076923,50.8857142857143,135.040229885057,4.41,7.40291666666667,25.259076433121,32.0,10.05,11.8519230769231,77.7609375,17.95,275.5,58.2,5.35,32.2333333333333,34.8585365853659,70.3304347826087,53.1210526315789,63.5823529411765,69.59375,209.0,37.1727272727273,8.84935483870968,97.85,64.7,23.7858851674641,20.35,83.8,268.5,309.625,17.9142857142857,78.1261538461538,39.5712765957447,13.5278481012658,29.5,11.1082191780822,17.7,17.6641625615764,,223.0,16.0636363636364,23.05,9.81,26.5,8.2125,9.898,19.4,15.5,51.8153846153846,45.7602272727273,8.54681818181818,19.7,12.75,22.3,12.1142857142857,7.36,10.2015957446808,17.3077272727273,15.3,211.5,57.0,2471.5,31.28,117.5,55.6954545454546,100.0,60.2289473684211,15.3831081081081,68.1966666666667,66.2,9.90106172839506,36.7,99.332,10.8833333333333,32.2569444444444,23.5916666666667,67.6928571428572,41.0878571428571,82.5138888888889,,94.8282051282051,155.0,35.6,57.0,13.918115942029,3.744,90.9052631578948,71.2840336134454,91.0192307692308,83.2333333333333,479.535714285714,328.5,334.5,336.431818181818,135.0,75.575,201.0,,45.2,177.5,185.5,98.0,228.25,34.3421875,74.46,73.8,40.2329268292683
33.675,30.2,53.475,75.1,73.4142857142857,60.5,8.06666666666667,36.06,69.8285714285714,27.8966101694915,30.525,430.5,206.090909090909,26.115,122.676470588235,151.333333333333,7.14888888888889,27.4834600760456,30.0,40.255,114.5,50.1545454545455,11.696875,11.15,18.8895833333333,38.15,159.1,396.0,20.36,55.7,50.875,31.4857142857143,21.25,350.0,265.0,392.666666666667,32.95,11.8485714285714,159.375,35.4106382978723,21.85,83.1362068965517,18.8421052631579,43.4906779661017,50.8714285714286,135.08064516129,4.4,7.4,25.393016194332,31.994,10.05,11.8519230769231,77.5692307692308,17.9625,275.4375,58.3,5.3375,32.25,34.8018181818182,70.2442857142857,53.1,63.6583333333333,69.6,209.0,37.1,8.84987473903967,97.7971014492754,64.69,23.822602739726,20.35,83.8,268.47265625,309.519230769231,17.8770833333333,77.9401960784314,39.575,13.5666666666667,29.5,11.1197368421053,17.6827586206897,17.6638240574506,,222.611111111111,16.05,23.05,9.81,26.4642857142857,8.20913793103448,9.9,19.4,15.49,51.812,45.77,8.54904761904762,19.7236111111111,12.7498127340824,22.2962857142857,12.10125,7.36288888888889,10.2,17.32,15.3,211.5,57.05,2478.66666666667,31.1875,117.285714285714,55.6,100.0,60.3864864864865,15.3987179487179,68.0904761904762,66.3,9.90968421052632,36.7,99.592125984252,10.875,32.305,23.65,67.675,41.0952830188679,82.4411764705882,,94.8,155.0,35.7,57.0,13.9353658536585,3.742,90.8,71.2170212765957,91.1133333333333,83.15,476.666666666667,328.5,334.5,335.125,135.0,75.6,201.0,,45.25,177.5,185.5,97.9,228.5,34.3434782608696,74.4,73.8,40.2
33.6666666666667,30.1305555555556,53.4714285714286,75.1142857142857,73.4307692307692,60.4333333333333,8.07,36.0,69.8285714285714,27.8535714285714,30.5,430.184210526316,205.732142857143,26.1578947368421,122.571428571429,151.5,7.14642857142857,27.4408536585366,30.0,40.2416666666667,114.5,50.05,11.697619047619,11.1571428571429,18.8868421052632,38.15,159.038461538462,396.0,20.36,55.6945454545454,50.9555555555556,31.45625,21.2964285714286,350.0,265.0,391.0,32.9,11.8071428571429,159.0,35.3565789473684,21.8673076923077,83.1255952380952,18.8642857142857,43.4539473684211,50.8714285714286,135.0,4.4,7.4,25.3469444444444,32.0,10.0794117647059,11.8480158730159,77.4377049180328,17.9472222222222,275.083333333333,58.3,5.32413793103448,32.3,34.9036363636364,70.0113636363636,52.997619047619,63.6,69.625,209.0,37.1,8.86183098591549,97.7051282051282,64.5282051282051,23.8107692307692,20.35,83.7,268.485294117647,308.673913043478,17.8939024390244,77.6576271186441,39.5275862068966,13.5619047619048,29.4554347826087,11.1358490566038,17.6905737704918,17.6598863636364,,223.5,16.0818181818182,23.05,9.81,26.4537037037037,8.22454545454546,9.9,19.4,15.4714285714286,51.8066666666667,45.7485294117647,8.55395348837209,19.7166666666667,12.7456834532374,22.271875,12.1,7.34918811881188,10.2060606060606,17.3075949367089,15.3002551020408,211.416666666667,57.1346153846154,2482.5,31.15,117.25,55.6133333333333,100.125,60.3583333333333,15.3725,68.0555555555556,66.3,9.91317610062893,36.75,99.4262948207171,10.8916666666667,32.305,23.6,67.5864864864865,41.1188679245283,82.495652173913,,94.7676470588235,155.0,35.7,57.0,13.9333333333333,3.74008928571429,90.5333333333334,70.8780487804878,91.0846153846154,83.0222222222222,479.25,328.333333333333,335.75,334.85,135.0,75.6,201.0,,45.1625,177.5,186.0,97.9,228.5,34.3715277777778,74.28,73.8,40.1150943396227
33.7066666666667,30.1875,53.4571428571428,75.2,73.5944444444445,60.4,8.07,36.0125,69.8,27.8875,30.5,428.772727272727,204.9875,26.1541666666667,122.5,151.0,7.14565217391304,27.3797619047619,30.0,40.24375,114.5,50.085,11.684,11.1571428571429,18.888,38.15,158.7,396.0,20.3928571428571,55.65,50.8181818181818,31.425,21.296875,350.0,265.0,390.25,32.925,11.8216216216216,159.0,35.3348101265823,21.7792490118577,83.1098360655738,18.8439285714286,43.4583333333333,50.6,135.0,4.40058823529412,7.39154545454545,25.2294117647059,32.0045454545455,10.0714285714286,11.8234042553191,77.1,17.9046875,275.166666666667,58.3,5.33,32.309375,34.8738805970149,69.7913043478261,52.9222222222222,63.5125,69.6111111111111,209.0,37.1,8.8652752293578,97.7090909090909,64.38,23.7610091743119,20.35,83.525,268.220588235294,308.08064516129,17.9727272727273,77.6277777777778,39.4875,13.5454545454545,29.4793650793651,11.1323076923077,17.6,17.5832533013205,,223.416666666667,16.129347826087,23.0428571428571,9.81,26.4308823529412,8.2175,9.89,19.4,15.45,51.7769230769231,45.7384615384615,8.55338797814208,19.703125,12.7392857142857,22.2886363636364,12.1039473684211,7.3293085106383,10.2366666666667,17.3011627906977,15.3087628865979,211.0,57.08,2471.66666666667,31.1142857142857,117.1,55.5619047619048,100.25,60.1538461538461,15.3833333333333,67.9333333333333,66.1333333333333,9.91225165562914,36.75,99.0146718146718,10.8522727272727,32.3,23.555,67.5571428571428,41.0441176470588,82.4122807017544,,93.9477272727273,154.555555555556,35.7,57.0,13.9514705882353,3.73885906040269,90.2133333333333,70.5862068965517,91.0913043478261,83.0259259259259,478.0,327.5,335.75,333.852941176471,135.5,75.5,201.0,,45.15,177.5,185.5,97.8,228.5,34.4035087719298,74.325,73.8,40.1
33.7392857142857,30.2210526315789,53.4333333333333,75.3,73.52,60.4,8.07,36.0,69.8,27.8541666666667,30.4833333333333,428.0,204.5,26.15,122.0,151.0,7.15068965517241,27.3842857142857,30.0,40.3,114.5,49.908552631579,11.6961538461538,11.1571428571429,18.895,38.15,159.0,396.0,20.3571428571429,55.7019230769231,50.8666666666667,31.3964285714286,21.3076923076923,351.5,265.0,390.0,32.9,11.8,159.25,35.27421875,21.7607142857143,83.1318181818182,18.796875,43.4972222222222,50.6,134.94901065449,4.40471698113208,7.39026315789474,25.2113821138211,32.0194444444445,10.087037037037,11.8352941176471,77.2,17.9,275.166666666667,58.35,5.33294117647059,32.35,34.8306818181818,69.6965517241379,52.9619047619048,63.5,69.6,209.0,37.0625,8.86410256410256,97.705,64.5166666666667,23.6944444444444,20.3142857142857,83.525,268.342696629213,308.5,17.95,77.4872340425532,39.5108695652174,13.5472222222222,29.5597826086956,11.1022222222222,17.59375,17.5508163265306,,223.0,16.1,23.05,9.81090909090909,26.4807692307692,8.2175,9.88,19.4,15.4516129032258,51.7059523809524,45.734375,8.55036363636364,19.6877358490566,12.73,22.25,12.1032051282051,7.3281308411215,10.2026315789474,17.3010638297872,15.3,211.0,57.0,2470.0,31.0428571428571,116.703125,55.4777777777778,100.125,59.6808510638298,15.357,68.0,66.1,9.91768052516411,36.75,98.9445692883895,10.85,32.2741935483871,23.5,67.525,40.9775757575758,82.4882352941177,,93.6388888888889,154.125,35.7,57.0,13.9833333333333,3.73888888888889,90.2466666666667,70.4958333333333,90.96,83.0363636363637,477.0,326.5,335.75,332.863636363636,135.0,75.6,201.0,,45.0722222222222,177.5,185.5,97.8,228.5,34.4583333333333,74.0,73.8,40.1125
33.7026315789474,30.1954545454545,53.4185185185185,75.25,73.68,60.4,8.05745098039216,36.0,69.8,27.8975609756098,30.45,428.214285714286,204.5,26.14375,122.0,150.5,7.16,27.3744186046512,30.0,40.3,115.0,49.6756097560976,11.675,11.1571428571429,18.8621052631579,38.15,158.55,395.5625,20.35,55.7,50.725,31.45,21.3,352.5,266.875,388.333333333333,32.9,11.8082278481013,159.0,35.2428571428571,21.7560975609756,83.105,18.7972222222222,43.50625,50.6,134.784722222222,4.40026315789474,7.38,25.169801980198,32.05,10.0426966292135,11.8495238095238,77.1882352941177,17.9193965517241,275.25,58.2,5.34,32.39,34.8416666666667,69.537037037037,52.8833333333333,63.4666666666667,69.5625,209.0,37.05,8.86106796116505,97.7266666666667,64.4941176470588,23.6820512820513,20.3352941176471,83.525,268.18,308.414285714286,17.9533333333333,77.4758620689655,39.525,13.51875,29.5935483870968,11.1013020833333,17.6357142857143,17.4857304643262,,222.451612903226,16.15,23.0,9.81,26.4638888888889,8.21,9.8925,19.4,15.4833333333333,51.6361111111111,45.7108695652174,8.55239436619718,19.6910714285714,12.7489417989418,22.25,12.1004385964912,7.32683098591549,10.2,17.3046728971963,15.3055555555556,211.0,56.9,2470.0,31.0,116.333333333333,55.5,100.0,59.42,15.35,67.9461538461538,66.1,9.90967213114754,36.7,98.9801282051282,10.85,32.2424528301887,23.45,67.56,40.9806666666667,82.5428571428571,,93.8533333333333,154.0,35.7,56.9818181818182,13.9605263157895,3.73666666666667,90.2222222222222,70.4238095238095,90.8333333333333,83.0,476.928571428571,325.0,335.75,332.5,135.454545454545,75.575,201.0,,45.0481818181818,177.46875,185.125,97.8,228.5,34.5055555555555,74.0,73.8,40.11
33.6956896551724,30.2,53.4,75.2,73.55,60.3866666666667,8.043125,36.0,69.7625,27.95,30.4227272727273,426.733333333333,204.5,26.1071428571429,121.894736842105,150.5,7.15,27.371568627451,30.0,40.25,114.642857142857,49.5132911392405,11.6980263157895,11.1571428571429,18.8810344827586,38.15,158.5,395.5,20.3666666666667,55.6195652173913,50.725,31.45,21.35,352.5,268.0,388.333333333333,32.9357142857143,11.8301886792453,159.0,35.2375,21.7,83.0983425414365,18.7986842105263,43.5382352941176,50.5166666666667,134.642857142857,4.4,7.39,25.1659722222222,32.05,10.0426966292135,11.8318181818182,77.175,17.9,275.166666666667,58.1,5.34,32.4,34.8265625,69.434375,52.921052631579,63.4,69.4923076923077,208.928571428571,37.075,8.85252427184466,97.7115384615385,64.3418604651163,23.7340909090909,20.35,83.5,267.71978021978,308.0625,17.9954545454545,77.3551724137931,39.4888888888889,13.525,29.5763157894737,11.1084269662921,17.6,17.4000896057348,,219.0,16.1381355932203,23.0,9.81,26.4475,8.21,9.89,19.4,15.45,51.6679487179487,45.7184210526316,8.55009900990099,19.6560606060606,12.7452702702703,22.275,12.1,7.32541666666667,10.204854368932,17.3006147540984,15.3106382978723,210.961538461538,56.9,2470.0,31.1,116.155172413793,55.5,100.0,59.37,15.35,67.7466666666667,66.1,9.90877622377623,36.7,99.0220338983051,10.85,32.2075757575758,23.4476190476191,67.4969696969697,40.9363636363636,82.5047619047619,,93.8,154.0,35.7,56.9131578947369,13.95,3.73,90.1454545454546,70.3586206896552,90.7378378378378,82.9857142857143,477.0,325.25,335.75,332.5,135.0,75.55,201.0,,45.05,177.0,185.125,97.8,228.5,34.5464285714286,74.1,73.7,40.1027777777778
33.6928571428571,30.1717391304348,53.3241379310345,75.2,73.5666666666667,60.3,8.02757575757576,36.0666666666667,69.6727272727273,27.9,30.3375,426.0,204.333333333333,26.125,121.5,150.5,7.15,27.3418918918919,30.0,40.225,114.75,49.4510638297872,11.7,11.1571428571429,18.8537037037037,38.1,158.5,395.2,20.3833333333333,55.5875,50.7,31.45,21.35,352.5,268.0,387.0,32.95,11.8359813084112,158.880952380952,35.2275862068966,21.708064516129,83.0,18.7886363636364,43.5,50.4,134.627118644068,4.39,7.38125,25.1783333333333,32.0010204081633,10.0857142857143,11.8,77.0360824742268,17.9085365853659,275.25,58.04,5.34315789473684,32.3875,34.8115606936416,69.3652173913044,52.8846153846154,63.3333333333333,69.3833333333333,208.5,37.05,8.84006172839506,97.6617021276596,64.18,23.78125,20.35,83.6,266.5,307.8,18.0,77.3583333333333,39.453125,13.5003105590062,29.5958333333333,11.1034482758621,17.630303030303,17.3459677419355,,219.0,16.1357142857143,23.0,9.81,26.4037037037037,8.21625,9.88666666666667,19.4,15.440625,51.6690476190476,45.7105769230769,8.54852941176471,19.6865853658537,12.7179487179487,22.2822222222222,12.1111111111111,7.32062893081761,10.2,17.2998850574713,15.309375,210.833333333333,56.8,2467.5,31.1,115.9875,55.4903225806452,100.0,59.4875,15.35,67.3454545454546,66.0,9.91,36.6,99.0049180327869,10.8173728813559,32.1625,23.434375,67.425,40.95,82.4333333333333,,93.5406779661017,154.166666666667,35.7,56.8918367346939,13.9483333333333,3.738,89.9866666666667,70.2285714285714,90.6119047619048,82.9571428571429,479.0,324.5,335.75,332.0,135.4,75.55,200.5,,45.0538461538462,177.0,185.5,97.8,228.0,34.6224137931034,74.1,73.6333333333333,40.0953125
33.65,30.1772727272727,53.3153846153846,75.125,73.6,60.3125,8.02,36.14,69.6,27.8730769230769,30.3,425.75,204.194444444444,26.1333333333333,121.5,150.416666666667,7.14,27.341935483871,30.1166666666667,40.2125,114.5,49.5288888888889,11.6909090909091,11.1571428571429,18.8738372093023,38.05,158.75,395.0,20.3590909090909,55.5666666666667,50.7,31.3666666666667,21.3177083333333,352.5,268.25,386.0,32.9571428571429,11.8056910569106,158.5,35.2378787878788,21.7035714285714,83.0,18.7921052631579,43.5,50.275,134.594827586207,4.38,7.38035714285714,25.1493243243243,31.9932692307692,10.1,11.7564935064935,76.7215384615385,17.9,275.458333333333,58.0,5.34315789473684,32.42,34.8107142857143,69.4705882352941,52.8830188679245,63.3,69.36,208.5,37.0147058823529,8.84061224489796,97.6157894736842,64.0652173913043,23.7866666666667,20.3870967741936,83.6,266.647058823529,307.833333333333,18.0,77.3605263157895,39.4538461538462,13.4823699421965,29.6095238095238,11.0427653820149,17.5913043478261,17.1263395963814,,218.5,16.16,23.0,9.81,26.4241379310345,8.21142857142857,9.89916666666667,19.4,15.4125,51.7130434782609,45.7390909090909,8.54093220338983,19.6915094339623,12.7470149253731,22.25,12.1,7.32392592592593,10.2,17.2621428571429,15.3,210.5,56.7,2473.0,31.0833333333333,116.0,55.45,100.0,59.6,15.3009615384615,67.4538461538462,66.0,9.91147651006711,36.5,98.9976744186046,10.8021739130435,32.15,23.4,67.4,40.9583333333333,82.3818181818182,,93.25,154.0,35.7,56.85,13.9208333333333,3.73,89.725,70.1166666666667,90.4669014084507,82.8425531914894,479.0,323.1,335.75,331.714285714286,135.5,75.55,200.0,,45.08,177.2,185.818181818182,98.0,227.75,34.6818181818182,74.1,73.3,40.0939655172414
33.66,30.15,53.325,75.1,73.546511627907,60.3133333333333,8.025,36.1,69.5785714285714,27.8964285714286,30.3,426.846153846154,204.522727272727,26.15,122.1,150.0,7.14,27.3464285714286,30.1166666666667,40.225,114.5,49.7677419354839,11.70625,11.1571428571429,18.8546428571429,38.05,159.0,395.0,20.4,55.6,50.7,31.3166666666667,21.25,352.5,268.25,386.0,32.95,11.806976744186,158.9375,35.2282051282051,21.7053191489362,83.0025454545455,18.8125,43.5,50.2,134.534090909091,4.39,7.38,25.1108280254777,31.97,10.1,11.7354545454545,76.7761904761905,17.8502816901408,275.333333333333,58.0,5.35,32.4,34.81,69.5083333333333,52.9818181818182,63.3636363636364,69.35,208.5,37.0147058823529,8.84614379084967,97.6375,64.054054054054,23.9398916967509,20.3571428571429,83.6,267.916666666667,308.884615384615,18.072,77.4521739130435,39.4892857142857,13.45,29.6342105263158,10.9918809201624,17.55,17.0247245179063,,220.0,16.15,23.0,9.81,26.4,8.21727272727273,9.8825,19.4,15.4208333333333,51.7034482758621,45.7333333333333,8.53605769230769,19.675,12.75,22.2876712328767,12.1,7.31389610389611,10.2,17.2808823529412,15.3,211.0,56.74,2480.0,31.1,116.0,55.6,100.166666666667,59.6571428571429,15.3,67.3,66.0,9.91071428571429,36.35,99.1842105263158,10.8,32.1961538461538,23.4111111111111,67.3333333333333,41.01,82.3,,93.5061224489796,154.0,35.65,56.83,13.9,3.72130434782609,89.7568181818182,70.0861538461538,90.4133333333333,82.74,479.0,322.1,335.75,332.0,135.25,75.6,200.0,,45.1375,177.2,186.5,98.0,227.75,34.7828571428571,74.2,73.4,40.185
33.6722222222222,30.1555555555555,53.325,75.14,73.5,60.3,8.028,36.1,69.6,27.9,30.3,427.05,204.576923076923,26.16,122.0,150.166666666667,7.148,27.3359375,30.1166666666667,40.25,114.5,49.8216666666667,11.75,11.1571428571429,18.8543650793651,38.05,159.5,395.0,20.3666666666667,55.6021276595745,50.6142857142857,31.3038461538461,21.25,354.5,268.25,386.0,32.975,11.8053990610329,158.5,35.2410714285714,21.7095238095238,82.9121212121212,18.8,43.5,50.2,134.515384615385,4.39,7.39,25.1111111111111,31.9571428571429,10.0428571428571,11.7028985507246,76.8761904761905,17.8612903225806,275.321428571429,57.9,5.35,32.4,34.80875,69.6,52.9857142857143,63.4285714285714,69.36,208.5,37.0176470588235,8.84352941176471,97.6035714285714,63.9526315789474,23.9932926829268,20.3833333333333,83.6,268.234375,309.1875,18.1313432835821,77.6425925925926,39.45625,13.4194736842105,29.6166666666667,10.95,17.5857142857143,17.0973451327434,,220.0,16.15,23.05,9.81,26.4,8.21089285714286,9.8825,19.4,15.4,51.7454545454545,45.7585034013605,8.53857142857143,19.65234375,12.75,22.2769230769231,12.0899509803922,7.31697674418605,10.2,17.2818181818182,15.3,211.0,56.7,2487.5,31.17,116.0,55.69375,100.413043478261,59.6571428571429,15.3,67.7166666666667,66.0,9.91212765957447,36.3,99.525,10.8,32.2,23.405,67.4,41.0,82.35,,93.9739130434783,154.0,35.65,56.7707865168539,13.9277777777778,3.72,89.925,70.2448275862069,90.5583333333333,82.88,478.75,321.833333333333,335.75,332.5,135.5,75.6,200.0,,45.1962962962963,177.0,186.0,98.0,227.75,34.8617647058824,74.2,73.3,40.1588235294118
33.675,30.17,53.325,75.14,73.55,60.3214285714286,8.02333333333333,36.1,69.6,27.8006578947368,30.325,427.0,204.175,26.175,121.5,150.166666666667,7.15,27.4577720207254,30.1166666666667,40.2166666666667,114.75,49.8075,11.7875,11.1571428571429,18.8838709677419,38.05,159.6,395.0,20.3583333333333,55.62,50.6142857142857,31.3,21.25,353.875,268.5,388.0,32.9964285714286,11.8189393939394,158.5,35.2480769230769,21.75,82.9181818181818,18.8052631578947,43.4692307692308,50.2,134.623376623377,4.39,7.38,25.119696969697,31.9722222222222,10.05,11.75,76.9766666666667,17.8461538461539,275.5,57.9,5.34268292682927,32.45,34.8476190476191,69.5708333333333,53.0555555555556,63.4333333333333,69.325,208.5,37.0176470588235,8.84288888888889,97.6347826086956,64.0,24.0495726495726,20.397619047619,83.64,267.852272727273,309.195652173913,18.1826086956522,77.8185185185185,39.4666666666667,13.45,29.6166666666667,10.9557692307692,17.5555555555556,17.0948588709677,,220.0,16.15,23.0,9.81,26.4,8.20421052631579,9.8825,19.4,15.425,51.7142857142857,45.7452830188679,8.53891304347826,19.6524509803922,12.75,22.2520833333333,12.0839285714286,7.31,10.2,17.2716666666667,15.3,210.666666666667,56.8,2490.0,31.2,116.166666666667,55.7083333333333,100.0,59.684,15.2861111111111,67.7166666666667,66.0,9.9132911392405,36.3,99.6788235294118,10.8277777777778,32.2125,23.4,67.34375,41.0,82.3,,94.24,153.5,35.7,56.7029411764706,13.9,3.71888,90.125,70.2421052631579,90.7,83.016,478.0,324.0,336.0,332.75,135.5,75.55,199.5,,45.19,177.0,186.0,98.0,227.75,34.9,74.2,73.2,40.1022727272727
33.6571428571429,30.1638888888889,53.3444444444444,75.14,73.5,60.3333333333333,8.03,36.1857142857143,69.5,27.7576923076923,30.3,426.833333333333,204.15,26.15,121.97619047619,150.166666666667,7.15,27.3911764705882,30.1166666666667,40.25,115.0,49.8296296296296,11.8,11.1571428571429,18.8515355086372,38.05,159.3125,394.5,20.3545454545455,55.6090909090909,50.6666666666667,31.2833333333333,21.25,353.5,268.0,388.0,32.9241293532338,11.8318181818182,158.833333333333,35.2425925925926,21.7464285714286,82.9561111111111,18.7946428571429,43.58671875,50.2,134.533898305085,4.39,7.38096153846154,25.1806818181818,31.96,10.05,11.7146551724138,77.0,17.8492647058823,275.375,57.9,5.35,32.4833333333333,34.8296610169491,69.62,53.05,63.46,69.2148148148148,208.5,37.0,8.84087301587302,97.6055555555556,64.0,24.0404494382022,20.4,83.64,267.985714285714,309.363636363636,18.225,77.7227272727273,39.4714285714286,13.4536363636364,29.6333333333333,10.9635416666667,17.55,17.1789556962025,,220.0,16.15,23.0,9.81,26.4214285714286,8.21136363636364,9.8825,19.4,15.4307692307692,51.75,45.75,8.53352941176471,19.6630434782609,12.7560240963855,22.2557692307692,12.0966019417476,7.31,10.2,17.2838541666667,15.3129032258065,210.625,56.8,2485.0,31.15,116.5,55.7083333333333,100.25,59.8272727272727,15.2571428571429,67.7,66.0,9.911875,36.3,99.6542857142857,10.8,32.2,23.4,67.3230769230769,41.0,82.4079365079365,,93.8588235294118,153.5,35.7,56.6163265306122,13.91875,3.71,90.2125,70.2461538461538,90.725,83.2311111111111,477.357142857143,322.375,336.0,333.071428571429,135.5,75.6,199.75,,45.225,177.0,186.0,98.0,227.833333333333,34.979,74.2,73.2,40.1222222222222
33.6083333333333,30.15,53.3045454545455,75.2,73.7444444444444,60.3,8.02611111111111,36.2,69.5,27.75625,30.3,426.833333333333,204.277777777778,26.15,122.0,150.0,7.15,27.45,30.258,40.25,115.0,49.825,11.8,11.1571428571429,18.8276978417266,38.05,159.1,394.25,20.3966666666667,55.6,50.7,31.2590909090909,21.25,353.5,267.0,389.25,32.9848684210526,11.8,158.981818181818,35.2007142857143,21.7464285714286,82.95,18.7939189189189,43.5625,50.2,134.573333333333,4.39,7.37212598425197,25.196875,31.95,10.0083333333333,11.7021739130435,76.926,17.8125,275.5,57.9,5.34666666666667,32.5055555555556,34.85,69.6923076923077,53.0526315789474,63.4,68.7473372781065,208.5,37.0,8.84269230769231,97.6416666666667,64.2333333333333,24.0035714285714,20.4,83.7,267.625,309.4375,18.2804545454545,77.645,39.4435897435897,13.4583333333333,29.6673076923077,10.9647416413374,17.55,17.1735964912281,,219.75,16.15,23.0,9.80666666666667,26.4142857142857,8.20769230769231,9.88461538461538,19.35,15.415,51.735,45.7175925925926,8.54026315789474,19.6678571428571,12.748275862069,22.2533333333333,12.1,7.31151515151515,10.2,17.2751655629139,15.3010309278351,210.5,56.8,2480.0,31.1,116.333333333333,55.8297872340425,100.25,59.9846153846154,15.25,67.7,65.9,9.91338983050848,36.35,99.4,10.8,32.2,23.354,67.4,40.9916666666667,82.43,,93.7851851851852,153.5,35.7,56.5947368421053,13.9321428571429,3.70416,90.2,70.6329268292683,90.7,83.3974358974359,476.833333333333,322.375,336.0,333.071428571429,135.9375,75.55,199.75,,45.2,176.75,186.0,98.0,227.833333333333,34.9011111111111,74.1166666666667,73.3,40.1416666666667
33.6055555555556,30.1653846153846,53.3142857142857,75.2,73.8,60.3416666666667,8.02909090909091,36.21,69.6,27.75,30.3,426.833333333333,204.416666666667,26.1065217391304,122.25,150.375,7.15235294117647,27.4716666666667,30.25,40.2166666666667,114.5,49.85,11.7666666666667,11.1571428571429,18.8154545454545,38.1,159.166666666667,393.071428571429,20.3611111111111,55.6163265306122,50.7,31.1884615384615,21.2388888888889,353.5,266.0,389.25,33.0,11.8084210526316,159.125,35.1875,21.76,82.95,18.756015037594,43.5821428571428,50.2,134.666666666667,4.4,7.3693220338983,25.1993827160494,31.9568181818182,10.0,11.7,77.0,17.8125,275.5,57.9,5.35,32.55,34.8457142857143,69.7,52.9,63.45,68.584,208.5,36.95,8.84319444444444,97.66875,64.1857142857143,23.9891666666667,20.4,83.7,267.35,309.5,18.2719512195122,77.5157894736842,39.4068965517241,13.45,29.6856589147287,10.8987534626039,17.55,17.1108628659476,,219.75,16.152380952381,23.0,9.80806451612903,26.4242857142857,8.20247648902821,9.9,19.35,15.4083333333333,51.6863945578231,45.7314285714286,8.54495049504951,19.6505376344086,12.7269230769231,22.255,12.0816326530612,7.3110101010101,10.2225,17.2615015974441,15.3,210.5,56.8,2480.0,31.1,116.5,55.8916666666667,100.25,60.0,15.25,67.7,65.9,9.91017543859649,36.35,99.1826086956522,10.8,32.2,23.3520408163265,67.35,40.94,82.4648648648649,,93.6545454545455,153.5,35.7,56.4,13.9325,3.70120481927711,90.1,70.809375,90.7,83.38,476.0,322.375,336.0,334.318181818182,135.941176470588,75.6666666666667,199.75,,45.2,176.5,186.0,98.0,227.5,34.7875,74.1166666666667,73.3,40.1884615384615
33.5615384615385,30.15,53.2969696969697,75.3,73.8,60.3153846153846,8.02857142857143,36.2928571428571,69.6538461538462,27.787037037037,30.3,427.0,203.757142857143,26.0785714285714,122.166666666667,150.0,7.16,27.4410714285714,30.25,40.2333333333333,114.5,49.9285714285714,11.75625,11.1571428571429,18.8164893617021,38.1,159.0,392.9,20.4,55.65,50.7,31.2333333333333,21.2,353.5,266.0,389.75,33.0,11.8,159.125,35.1833333333333,21.775,82.9092105263158,18.7666666666667,43.6357142857143,50.2,134.565934065934,4.4,7.3693220338983,25.1846153846154,31.95,10.05,11.725,76.9891891891892,17.8263157894737,275.5,57.9,5.34393939393939,32.525,34.8789473684211,69.7,52.9357142857143,63.45,68.59375,208.75,36.95,8.84288888888889,97.647619047619,64.1,24.012962962963,20.35,83.7,267.25,309.55,18.2442307692308,77.5058823529412,39.3629032258064,13.4816091954023,29.6652777777778,10.8034246575342,17.5671052631579,17.0769841269841,,219.75,16.1125,23.0166666666667,9.8,26.4038461538462,8.23102564102564,9.88,19.35,15.41,51.6261904761905,45.7007194244604,8.5487684729064,19.6443396226415,12.7173913043478,22.2785714285714,12.1,7.31,10.2023809523809,17.2521739130435,15.3005,210.5,56.79,2480.0,31.1,116.5,55.96,100.0,59.95,15.2361111111111,67.7,65.925,9.90409090909091,36.35,99.3360655737705,10.8019230769231,32.1852941176471,23.3946808510638,67.3285714285714,40.888,82.475,,93.6,153.5,35.7,56.2027972027972,13.9238095238095,3.70054945054945,90.0857142857143,70.7297872340426,90.69,83.3703703703704,475.0,323.333333333333,336.0,336.022222222222,135.941176470588,75.65,200.0,,45.2,177.0,186.0,98.0,228.0,34.7112903225806,74.2,73.3,40.15
33.5204081632653,30.1357142857143,53.1686468646865,75.1709677419355,73.448051948052,60.0877272727273,8.02136363636363,36.4676470588235,69.5021978021978,27.6634615384615,30.2022727272727,425.10625,202.467532467532,26.0062814070352,122.027777777778,150.0,7.14715909090909,27.47071197411,30.28,40.1421052631579,114.166666666667,49.9387640449438,11.7860655737705,11.2,18.800421111735,38.0625,158.666666666667,392.9,20.375,55.53125,50.7,31.1676470588235,21.2,351.785714285714,263.0,389.0,32.9202127659574,11.7630678077683,158.818584070796,35.0877049180328,21.725,82.8490013315579,18.7098557692308,43.5875,50.0921568627451,134.554027504912,4.39,7.36534965034965,25.1247474747475,31.9035031847134,10.0,11.6763274336283,76.9706293706293,17.7996153846154,275.5,57.8941176470588,5.33615384615385,32.4875,34.8875,69.4492307692308,52.7747747747748,63.4,68.5391304347826,208.026315789474,36.8977611940299,8.82633802816901,97.5589830508474,63.963829787234,23.9691265060241,20.3984615384615,83.325,266.325,308.569444444445,18.16328125,77.2237410071942,39.2632743362832,13.45,29.6005882352941,10.7869017632242,17.53125,17.0590659340659,,219.833333333333,16.0599099099099,23.0,9.8,26.3700342465754,8.22101265822785,9.86188679245283,19.35,15.4102857142857,51.6047923322684,45.5720149253731,8.55,19.6051440329218,12.7020833333333,22.2531019202363,12.092523364486,7.29852731591449,10.1968007312614,17.2531,15.2994090909091,209.88,56.7125,2470.0,30.9907407407407,115.526315789474,55.9724264705882,100.0,59.8028571428571,15.1666077738516,67.4,65.75,9.89261968085106,36.3,99.0062256809338,10.7895161290323,32.1022727272727,23.3438775510204,67.2791666666667,40.8078767123288,82.3765060240964,,93.6571428571429,153.458333333333,35.6625,56.13875,13.9046875,3.69775700934579,89.9192592592592,70.5943661971831,90.6518518518518,83.2132075471698,472.75,324.0,336.0,336.306451612903,135.675,75.5761904761905,200.0,,45.1483870967742,176.272727272727,185.9,97.8,227.25,34.5363636363636,74.0857142857143,73.3,40.1101265822785
33.494,30.1032608695652,53.1809523809524,75.04,73.1027777777778,59.7522123893805,8.0165868263473,36.5685185185185,69.5,27.5822580645161,30.1375,423.527777777778,201.071428571429,25.9060344827586,121.5,149.5,7.14173333333333,27.3534749034749,30.3583333333333,40.0565217391304,114.25,49.7795454545454,11.75,11.15,18.7235236220472,38.05,158.571428571429,392.9,20.3547619047619,55.3823529411765,50.7,31.1625,21.2,350.0,263.0,389.0,32.7973333333333,11.7699013157895,158.0,35.0216049382716,21.7333333333333,82.7957627118644,18.6511976047904,43.5164179104478,50.0921568627451,134.477748691099,4.38061224489796,7.35441176470588,24.9735294117647,31.8006944444445,10.0125,11.6104100946372,76.9263736263736,17.755,275.171052631579,57.675,5.33615384615385,32.425,34.8583333333333,69.2166666666667,52.4554455445545,63.325,68.588,207.5,36.7196428571429,8.81212058212058,97.5300751879699,63.6914893617021,23.7733050847458,20.3142857142857,83.1,264.967741935484,307.361538461538,18.175,77.0,39.0145061728395,13.5,29.6026315789474,10.7071428571429,17.5013888888889,17.0550344827586,,219.5,16.1,23.0,9.80125,26.305487804878,8.2004347826087,9.86,19.35,15.45,51.5041666666667,45.4151639344262,8.541,19.6386956521739,12.7,22.2372727272727,12.0854368932039,7.26533604887984,10.150641025641,17.2596514745308,15.3,209.045454545455,56.6,2465.0,30.8769230769231,115.0,55.7430107526882,100.0,59.4962962962963,15.1011811023622,67.2571428571429,65.5,9.84546542553192,36.3,98.6224637681159,10.8,32.0666666666667,23.3205882352941,67.3125,40.651376146789,82.5115789473684,,93.3928571428572,153.0,35.65,56.0207865168539,13.9,3.67861788617886,89.825,70.2305555555555,90.5794871794871,83.006976744186,472.5,324.0,333.0,333.833333333333,135.1875,75.3933333333333,199.5,,45.0375,176.05,185.9,97.8,227.25,34.3559322033898,73.9526315789474,73.3,40.0510204081633
33.4931034482759,30.1016949152542,53.1892857142857,75.0,73.175,59.7107142857143,8.02,36.5916666666667,69.4527777777778,27.575,30.15,422.709302325581,200.853658536585,25.875,121.5,150.0,7.14098765432099,27.2516129032258,30.305,40.0524390243902,114.25,49.6236111111111,11.7661290322581,11.15,18.7064465408805,38.05,158.5,392.9,20.35625,55.34,50.7,31.2125,21.2125,349.75,263.25,387.75,32.76875,11.7678304239402,158.090909090909,35.056338028169,21.7029411764706,82.7126436781609,18.642735042735,43.5603448275862,49.9166666666667,134.275,4.38,7.34151898734177,24.8607142857143,31.7943037974684,10.0311111111111,11.6144736842105,76.8764705882353,17.7641509433962,275.171052631579,57.4,5.33,32.425,34.8388571428571,69.1971428571429,52.6333333333333,63.36,68.6333333333333,207.5,36.697619047619,8.80349904397706,97.5265306122449,63.475,23.7244755244755,20.3625,83.0029411764706,265.805555555556,307.5,18.2234375,76.914,39.0170454545455,13.4535714285714,29.65,10.8465909090909,17.55,17.0091825307951,,219.75,16.1,23.0,9.8,26.3,8.20642857142857,9.9,19.3357142857143,15.4688811188811,51.5866242038217,45.4052147239264,8.54,19.6337301587302,12.6927261613692,22.2303921568627,12.0931034482759,7.2501875,10.15,17.25,15.257299270073,209.357142857143,56.8,2465.0,30.85,115.021739130435,55.6189189189189,100.0,59.5666666666667,15.1358974358974,67.2333333333333,65.5,9.80146314631463,36.3,98.622,10.8,32.1116666666667,23.293661971831,67.4,40.6091549295775,82.5820224719101,,93.4,153.0,35.6388888888889,55.8075268817204,13.9,3.67448275862069,89.8,70.2472222222222,90.4584615384615,82.88,472.5,322.5,333.0,333.666666666667,134.357142857143,75.3333333333333,199.5,,45.0142857142857,176.0,185.9,97.8,226.5,34.3519230769231,73.7333333333333,73.2095238095238,40.05
33.5,30.09375,53.2,74.9,73.2,59.7538461538461,8.02,36.5666666666667,69.43125,27.5822580645161,30.15,423.875,201.09756097561,25.8625,121.642857142857,150.0,7.15,27.275,30.305,40.1916666666667,114.25,49.5098039215686,11.75,11.15,18.7186258278146,38.05,158.583333333333,392.5,20.35,55.2846153846154,50.6,31.2166666666667,21.2,349.5,263.25,387.75,32.75,11.7667487684729,158.5,35.0895604395604,21.7,82.7626740947075,18.6477777777778,43.5603448275862,49.875,134.213235294118,4.38444444444444,7.325,24.9731441048035,31.7928571428571,10.025,11.6379310344828,76.9272727272727,17.7441860465116,275.0,57.4,5.33,32.45,34.8041666666667,69.2111111111111,52.6666666666667,63.4,68.6777777777778,207.5,36.584375,8.80008203445447,97.5,63.58125,23.8025423728814,20.3324561403509,82.5714285714286,267.11,307.058823529412,18.1681818181818,77.08,39.0093023255814,13.4708333333333,29.675,10.7709507042254,17.55,16.9847266881029,,219.75,16.1,23.0,9.8,26.3325,8.2048275862069,9.9,19.35,15.45,51.552380952381,45.3950248756219,8.53975609756097,19.6166666666667,12.6510309278351,22.2021739130435,12.1,7.25602564102564,10.1732558139535,17.2483216783217,15.29,209.357142857143,56.8,2465.0,30.85,115.0,55.4909090909091,100.5,59.5181818181818,15.1411764705882,67.0153846153846,65.55,9.79285921625544,36.3,98.9177777777778,10.785,32.15,23.25,67.3375,40.6096774193549,82.5991228070176,,93.3777777777778,152.785714285714,35.6666666666667,55.6536231884058,13.9,3.68028571428571,89.7090909090909,70.2,90.4436363636364,82.7666666666667,472.5,322.0,333.0,332.5,134.0,75.4,199.0,,45.05,176.0,185.9,97.8,226.5,34.3083333333333,73.7222222222222,73.2,40.025
33.5,30.05,53.1555555555556,74.9,73.1428571428572,59.7409090909091,8.02,36.5323529411765,69.3576923076923,27.5926470588235,30.152380952381,423.75,201.555555555556,25.85625,121.6,149.5,7.15,27.2575757575758,30.305,40.16875,114.125,49.5413043478261,11.6774647887324,11.15,18.6859259259259,38.05,158.5,391.75,20.29,55.2963636363636,50.6,31.1647058823529,21.1842592592593,350.0,263.25,387.75,32.7165048543689,11.7584158415842,158.394736842105,35.1155339805825,21.6958333333333,82.7326203208556,18.6,43.6136363636364,49.85,134.313953488372,4.39,7.33862068965517,25.11,31.75,10.0,11.6197530864198,76.9,17.7275,274.833333333333,57.4166666666667,5.31285714285714,32.45,34.8041666666667,69.1390243902439,52.575,63.3875,68.7076923076923,207.5,36.65,8.78468438538206,97.5,63.5857142857143,23.7389908256881,20.3222222222222,82.5714285714286,266.6875,307.566666666667,18.1928571428571,77.278947368421,39.016,13.4863636363636,29.6428571428571,10.7983204134367,17.547619047619,16.9003362151777,,219.75,16.1,23.0,9.8,26.3,8.2,9.9,19.35,15.4016666666667,51.5043636363636,45.4297297297297,8.52903669724771,19.60625,12.658064516129,22.2,12.0515625,7.25442857142857,10.15,17.2090909090909,15.28,209.0,56.5,2465.0,30.85,115.0,55.2235294117647,100.0,59.52,15.1394736842105,67.0,65.6,9.76364102564102,36.3,98.9911764705882,10.7534482758621,32.0384615384615,23.2102150537634,67.3181818181818,40.6227272727273,82.78875,,93.4125,152.5,35.6666666666667,55.7,13.8913043478261,3.69,89.6392857142857,70.0416666666667,90.4925925925926,82.8192307692308,474.0,322.0,332.5,332.5,134.0,75.32,199.0,,45.05,176.0,185.5,97.8,226.75,34.3375,73.6888888888889,73.1142857142857,40.0087837837838
33.5,30.0826530612245,53.1461538461539,74.85,73.0042944785276,59.7357142857143,8.02,36.1708333333333,69.3,27.5766666666667,30.1,422.777777777778,201.5,25.85,121.7,149.0,7.14,27.25,30.305,40.2,114.0,49.6410714285714,11.6875,11.2,18.6558758314856,38.05,158.5,393.0,20.2636363636364,55.3916666666667,50.6,31.1472222222222,21.1268518518519,350.0,263.25,387.25,32.6638888888889,11.7527906976744,157.916666666667,35.10125,21.6488764044944,82.7766666666667,18.6,43.7032608695652,49.7973684210526,134.098591549296,4.38,7.33214285714286,25.0875,31.73,9.99996,11.6004444444444,76.8969696969697,17.7083333333333,274.464285714286,57.1583333333333,5.33,32.4318181818182,34.7952830188679,69.0722222222222,52.5115384615385,63.32,68.72,207.833333333333,36.7428571428571,8.77,97.4836734693878,63.6,23.7302631578947,20.3454545454545,82.6,266.5,307.481481481482,18.1904761904762,77.2444444444445,39.0125,13.4794117647059,29.6045454545455,10.7798958333333,17.5,16.8519372693727,,219.954545454545,16.1,23.0,9.80057142857143,26.3071428571429,8.2,9.9,19.3071428571429,15.4,51.5023474178404,45.4126865671642,8.51929292929293,19.6016516516517,12.65,22.2,12.0780701754386,7.25327731092437,10.1556179775281,17.2403225806452,15.2546511627907,209.0,56.504,2463.125,30.8045454545455,115.166666666667,55.0,100.0,59.6,15.1,67.0,65.6,9.76142543859649,36.3,98.7979166666667,10.755,32.012,23.1444915254237,67.3272727272727,40.6152777777778,82.9301587301587,,93.35,152.833333333333,35.6666666666667,55.666,13.86,3.68914285714286,89.6409090909091,70.04,90.4047619047619,82.7736842105263,474.833333333333,321.611111111111,332.5,332.5,134.0,75.34,199.0,,45.0666666666667,176.0,185.1,97.6666666666667,226.75,34.35,73.6571428571429,73.1,40.0158333333333
33.5,30.05,53.1654545454546,74.88,73.0,59.7,8.02,36.1357142857143,69.2461538461539,27.6,30.1,422.571428571429,201.521739130435,25.8625,121.75,148.583333333333,7.14085106382979,27.3,30.375,40.1727272727273,114.0,49.6392857142857,11.65,11.2,18.6506355932203,38.05,158.5,393.5,20.25,55.3333333333333,50.6,31.0933962264151,21.1410714285714,349.5,263.25,387.0,32.65,11.7372289156627,157.5,35.103947368421,21.6023809523809,82.7014440433213,18.6,43.7924418604651,49.75,134.186274509804,4.38,7.33,24.9520618556701,31.7,9.99083333333333,11.551912568306,76.825,17.7658333333333,274.125,57.4,5.31,32.35,34.7619718309859,69.0111111111111,52.6406779661017,63.3818181818182,68.775,207.833333333333,36.75,8.76495114006514,97.4227272727273,63.5,23.775,20.4,82.6,266.333333333333,307.133333333333,18.2,77.084,39.0133333333333,13.4571428571429,29.64,10.7992647058824,17.5,16.8449757869249,,219.954545454545,16.1296296296296,23.00625,9.79854545454545,26.3357142857143,8.20775,9.87,19.35,15.4,51.5043352601156,45.4412162162162,8.51064516129032,19.5962389380531,12.65,22.2134146341463,12.0575757575758,7.25108108108108,10.15,17.2083333333333,15.2574074074074,209.0,56.5941176470588,2470.0,30.8083333333333,115.0,54.8875,100.041666666667,59.5588235294118,15.1511111111111,67.1,65.5666666666667,9.75997498436523,36.3,98.6590604026846,10.76,32.0136363636364,23.1071428571429,67.3571428571429,40.5712121212121,82.9016,,93.2757575757576,152.375,35.5769230769231,55.7258064516129,13.85,3.69,89.5944444444444,70.0555555555556,90.3151515151515,82.8,474.25,320.588235294118,332.5,333.25,134.5,75.3333333333333,199.772727272727,,45.0708333333333,176.0,185.0,97.6,226.5,34.3660714285714,73.7,73.1,40.0
33.464,30.05,53.135,74.8,73.0153846153846,59.6257575757576,8.02,36.0909090909091,69.2,27.5714285714286,30.05625,420.98717948718,201.428571428571,25.8296296296296,121.5,148.5,7.13233333333333,27.3227272727273,30.375,40.15,114.0,49.6192307692308,11.65,11.15,18.6519417475728,38.05,158.0,393.5,20.253125,55.3304347826087,50.6,31.0230769230769,21.1666666666667,349.0,263.25,387.0,32.65,11.7,157.5,35.0476,21.6032258064516,82.7,18.5894904458599,43.9431818181818,49.75,134.28125,4.38,7.328,24.9222772277228,31.7306060606061,9.9875,11.5393939393939,76.8035714285714,17.7974025974026,274.136363636364,57.0,5.30056818181818,32.35,34.7178977272727,68.9745762711865,52.7,63.3,68.7,207.5,36.75,8.7589010989011,97.3875576036866,63.5,23.7766666666667,20.3928571428571,82.6,266.311111111111,307.5,18.1,77.0388888888889,38.9989583333333,13.4958646616541,29.6466666666667,10.7983870967742,17.45,16.8581787521079,,220.0,16.1,23.0,9.7984,26.3,8.2016,9.86166666666667,19.35,15.4,51.4110344827586,45.4661057692308,8.50957446808511,19.5846774193548,12.6405263157895,22.207,12.05,7.24654545454545,10.15,17.2061538461538,15.25,209.0,56.5,2472.5,30.8,115.0,54.7274193548387,100.0,59.595,15.17,67.1,65.6,9.76836956521739,36.3,98.8,10.7520833333333,31.952380952381,23.1232558139535,67.3095238095238,40.5863636363636,82.7559322033898,,93.3,152.0,35.5714285714286,55.8028571428571,13.85,3.69,89.505,69.6602739726027,90.1587155963303,82.8105263157894,474.25,318.25,332.5,333.25,134.5,75.305,199.772727272727,,45.0816176470588,176.083333333333,185.0,97.6,226.5,34.4642857142857,73.7,73.1,40.0
33.4916666666667,30.05,53.1952380952381,74.8,73.02,59.5933333333333,8.02,36.10625,69.2666666666667,27.595,30.0583333333333,421.833333333333,201.5,25.85,121.555555555556,148.5,7.138,27.2763157894737,30.375,40.2,113.5,49.6083333333333,11.7,11.15,18.6632352941176,38.05,158.071428571429,393.5,20.2,55.3555555555555,50.6,31.0066666666667,21.1666666666667,349.0,263.25,387.0,32.65,11.7275568181818,157.5,35.0666666666667,21.6,82.6441717791411,18.5960784313726,43.8901960784314,49.75,134.442307692308,4.37,7.32092592592593,24.8205357142857,31.709375,9.98460784313726,11.5396226415094,76.8,17.8219178082192,274.125,57.0,5.3,32.3,34.7025423728814,68.9038961038961,52.7,63.2055555555556,68.75,207.5,36.76875,8.75991304347826,97.3732142857143,63.6,23.8037735849057,20.3711538461538,82.7,266.844444444444,307.5,18.0642857142857,77.0947368421052,38.9409090909091,13.5166666666667,29.6144736842105,10.8,17.48,16.9240090600226,,220.0,16.1,22.9761904761905,9.78125,26.3,8.21,9.88,19.3111111111111,15.4333333333333,51.4417582417582,45.4969512195122,8.5069696969697,19.55,12.6166666666667,22.2,12.05,7.24117647058824,10.15,17.226,15.2838709677419,209.0,56.5,2470.0,30.8230769230769,115.0,54.655,100.0,59.575,15.1485294117647,67.1916666666667,65.6,9.77788770053476,36.2,98.7954545454546,10.75,31.9,23.1365853658536,67.325,40.5851063829787,82.8416666666667,,93.206,152.0,35.575,55.792,13.8482352941176,3.68222222222222,89.5166666666667,69.4238095238095,89.9452736318408,82.8333333333333,474.25,316.571428571429,332.5,333.25,134.5,75.3666666666667,200.833333333333,,45.15,176.083333333333,185.0,97.6,226.5,34.4642857142857,73.6388888888889,73.2,40.0
33.4625,30.05,53.153125,74.8714285714286,73.0,59.6,8.0194,36.26875,69.2444444444445,27.5625,30.08,423.1875,201.9,25.8758620689655,121.95,148.4375,7.13275862068966,27.4,30.375,40.1941176470588,113.5,49.57,11.6729166666667,11.15,18.6717391304348,38.05,158.0,393.5,20.2195121951219,55.39,50.62,31.0111111111111,21.2,349.0,263.25,387.0,32.65,11.7136842105263,157.5,35.05,21.6055555555555,82.6914285714286,18.6083333333333,43.7818181818182,49.7166666666667,134.405660377358,4.37,7.30899371069183,24.8983333333333,31.70125,10.0,11.5583333333333,76.7653846153846,17.85,274.5,56.8,5.30526315789474,32.3,34.7119047619048,68.9921568627451,52.7181818181818,63.15,68.695652173913,207.0,36.76875,8.76120689655172,97.4569696969697,63.6944444444444,23.8055555555556,20.35,82.7,267.266666666667,307.6,18.05,77.1066666666667,38.93125,13.55,29.66,10.8010498687664,17.4954545454545,16.9526898734177,,221.142857142857,16.1,22.9410714285714,9.78125,26.3235294117647,8.2,9.86,19.3,15.425,51.4745454545455,45.5308510638298,8.50817073170731,19.6,12.6157894736842,22.240625,12.05,7.24,10.1518518518519,17.2333333333333,15.2633333333333,209.0,56.6,2470.0,30.8230769230769,115.0,54.7774193548387,100.333333333333,59.7217391304348,15.1785714285714,67.125,65.6,9.79267973856209,36.2,98.8547008547009,10.7576923076923,31.8307692307692,23.15,67.3125,40.604954954955,82.8783783783784,,93.2954545454546,152.25,35.55,55.89375,13.85,3.68535714285714,89.6375,69.5788732394366,89.8200956937799,82.9185185185185,472.5,318.916666666667,332.5,333.25,134.25,75.3,200.833333333333,,45.2,176.5,185.0,97.6,226.5,34.5,73.8,73.2,40.0323529411765
33.4625,30.078947368421,53.2,74.8909090909091,73.0972222222222,59.6,8.03,36.3,69.2333333333333,27.5875,30.0042372881356,424.0,201.9375,25.8941176470588,122.681818181818,148.75,7.13318181818182,27.2583333333333,30.5,40.2138888888889,113.0,49.5608108108108,11.7,11.15,18.6779411764706,38.05,158.5,393.833333333333,20.1178571428571,55.35,50.62,31.025,21.2,349.0,263.25,387.0,32.675,11.7380357142857,157.880434782609,35.0933962264151,21.6134615384615,82.7,18.6022727272727,43.75,49.85,134.432249322493,4.37,7.30167441860465,24.8923076923077,31.75,9.99,11.5861111111111,76.7476190476191,17.8488372093023,274.25,56.775,5.3127027027027,32.25,34.7269230769231,69.1361111111111,52.8,63.1166666666667,68.6,207.0,36.8,8.77258823529412,97.5379310344828,63.7285714285714,23.8453125,20.35,82.7,267.810810810811,307.916666666667,18.0653846153846,77.2380952380952,38.95,13.55,29.6973684210526,10.851256281407,17.525,16.9857707509881,,221.142857142857,16.1,22.9166666666667,9.78125,26.3,8.21,9.8625,19.3045454545455,15.4,51.4918032786885,45.5901315789474,8.51532110091743,19.5939024390244,12.625,22.2416666666667,12.05,7.23484848484848,10.15,17.2246753246753,15.3,209.0,56.5,2480.0,30.9136363636364,115.0,54.83,100.0,59.825,15.1863636363636,67.175,65.56,9.80474452554744,36.2,98.8878787878788,10.75,31.8636363636364,23.2,67.3333333333333,40.7,82.9632653061225,,93.4,152.5,35.5,55.9064516129032,13.8480769230769,3.68636363636364,89.7166666666667,69.79,89.9,82.9,473.5,320.0,332.5,333.25,134.25,75.2954545454545,200.833333333333,,45.2,176.5,184.9,97.7,226.5,34.5055555555556,73.76,73.2,40.0955882352941
33.4944444444444,30.0764705882353,53.1985915492958,74.9,73.16,59.6828571428571,8.01063063063063,36.3,69.2857142857143,27.5947368421053,30.0042372881356,424.25,202.173076923077,25.9,122.892857142857,148.75,7.13727272727273,27.3325,30.5,40.2,113.125,49.5805555555556,11.7217391304348,11.15,18.7,38.05,158.25,394.0,20.1625,55.4,50.6333333333333,30.959375,21.1930555555556,349.0,265.0,387.5,32.6985714285714,11.7471074380165,158.444444444444,35.1155844155844,21.65,82.7511627906977,18.65,43.7744680851064,50.0454545454545,134.5,4.37,7.30402985074627,25.0032258064516,31.75,9.99,11.6,76.7959183673469,17.8483333333333,274.5,56.775,5.31545454545455,32.3433333333333,34.7145833333333,69.3954545454545,52.9,63.1,68.5875,207.0,36.87,8.77365853658536,97.5,63.7,23.85,20.3946428571429,83.1142857142857,267.604166666667,308.2,18.05,77.2057142857143,38.9571428571429,13.55,29.6866666666667,10.85,17.55,16.9945473251029,,222.0,16.1,22.9,9.79,26.3166666666667,8.21,9.8625,19.3045454545455,15.4,51.5958333333333,45.5947916666667,8.52554054054054,19.6,12.65,22.2452380952381,12.1,7.22845714285714,10.19375,17.229012345679,15.3,209.0,56.664705882353,2480.0,30.85,115.5,54.9,100.5,59.9454545454546,15.1854838709677,67.2,65.7,9.8101052631579,36.3,99.0322033898305,10.8,31.8932432432432,23.20625,67.34,40.7507936507936,83.0246268656716,,93.5,152.2,35.5875,55.98,13.842,3.68571428571429,89.85,70.1297619047619,90.1305263157895,83.0,474.0,321.0,332.5,334.0,134.0,75.3,200.833333333333,,45.2454545454545,176.5,184.5,97.7,226.5,34.65,73.8,73.15,40.1706896551724
33.4666666666667,30.0928571428571,53.1676470588235,74.9,73.1823529411765,59.7,8.00994594594595,36.3,69.2285714285714,27.5928571428571,30.01875,425.294117647059,202.842105263158,25.94375,122.833333333333,149.0,7.13943396226415,27.27,30.5,40.2,113.0,49.6473684210526,11.75,11.15,18.6714285714286,38.05,158.5,394.0,20.1566666666667,55.4,50.7,30.975,21.19375,348.785714285714,265.75,387.5,32.6731578947368,11.7474402730375,158.477272727273,35.15,21.6583333333333,82.798595505618,18.6663043478261,43.6681818181818,50.2,134.722222222222,4.37,7.31975609756098,25.09875,31.75,9.99,11.6070707070707,76.7884615384615,17.8375,274.4,56.96,5.328,32.2625,34.745,69.5708333333333,52.875,63.1,68.5666666666667,207.333333333333,36.9357142857143,8.79381703470032,97.49,63.94,23.8610294117647,20.3989583333333,83.2,267.94,309.0,18.05,77.492,38.9770833333333,13.545652173913,29.7,10.8541666666667,17.5192307692308,17.0240740740741,,222.0,16.0955696202532,22.95,9.78074074074074,26.30625,8.21,9.86,19.3132653061224,15.4051724137931,51.6508771929825,45.6333333333333,8.528,19.5912969283276,12.6575,22.2060402684564,12.05625,7.2236858974359,10.1528301886792,17.2457317073171,15.2988795518207,209.0,56.59,2485.0,30.95,115.647058823529,54.9961538461538,100.0,59.9666666666667,15.2047945205479,67.225,65.7,9.81883211678832,36.3,99.1862068965517,10.7524752475248,31.946875,23.25,67.4,40.8,83.1428571428571,,93.5,152.5,35.5571428571429,56.0933333333333,13.8,3.68129032258065,89.85,70.1333333333333,90.3971428571429,83.1285714285714,475.333333333333,320.833333333333,332.5,334.25,134.25,75.3,200.833333333333,,45.2382352941177,176.75,184.0,97.7,226.5,34.7,73.92,73.15,40.195652173913
33.4666666666667,30.0976190476191,53.2,75.0,73.2,59.7,8.02375,36.3,69.3,27.5961538461539,30.05,425.8,203.693548387097,25.95,123.0,149.0,7.14,27.375,30.5,40.2065217391304,113.071428571429,49.7579545454546,11.75,11.15,18.6767716535433,38.05,158.5,394.0,20.19,55.3944444444444,50.7,30.99,21.2,348.833333333333,267.0,387.5,32.7,11.7831395348837,159.0,35.125,21.6583333333333,82.7944,18.6944444444444,43.5916666666667,49.95,134.926470588235,4.37375,7.33304347826087,25.1048780487805,31.72,9.99166666666667,11.6434210526316,76.9033333333333,17.8,274.2,56.96,5.33,32.375,34.7948717948718,69.6,52.8571428571428,63.275,68.5642857142857,207.416666666667,37.0,8.79676300578035,97.4642857142857,64.0333333333333,23.8595238095238,20.41875,83.2,268.5,309.224137931035,18.0083333333333,77.5272727272727,38.9785714285714,13.545652173913,29.8590909090909,10.8920875420875,17.5,17.1100823045268,,221.583333333333,16.05,22.9,9.78,26.325,8.21,9.86076923076923,19.35,15.4,51.6903846153846,45.6382352941176,8.5268,19.6,12.6785714285714,22.200129982669,12.0994186046512,7.22822510822511,10.1980769230769,17.2470338983051,15.2993150684931,209.0,56.7,2490.0,30.95,116.0,55.16,100.5,60.0,15.2,67.3142857142857,65.7,9.81724137931034,36.3,99.1333333333333,10.7958333333333,31.95,23.25,67.3090909090909,40.8333333333333,83.2113636363636,,93.6,152.5,35.5571428571429,56.1304347826087,13.85,3.69583333333333,89.9,70.1137254901961,90.4125,83.2444444444445,476.875,320.833333333333,332.5,335.0,134.53125,75.2333333333333,200.833333333333,,45.2,176.75,183.875,97.7,226.5,34.7,73.9333333333333,73.15,40.2142857142857
33.459375,30.1,53.2,75.0,73.15,59.6945945945946,8.03615384615385,36.3022727272727,69.3071428571428,27.5803571428571,30.05,424.395833333333,203.954545454545,25.95,123.15,149.0,7.138,27.3547619047619,30.5,40.25,113.0,49.9653409090909,11.8064814814815,11.15,18.7,38.05,158.875,394.5,20.15,55.4,50.82,31.0076923076923,21.2027777777778,348.5,267.0,387.0,32.7,11.7722222222222,158.75,35.14375,21.68,82.8736842105263,18.6757575757576,43.5428571428571,49.95,134.928571428571,4.37993103448276,7.3456,25.1197674418605,31.7,9.99142857142857,11.6521052631579,76.9444444444444,17.8,274.166666666667,56.96,5.335,32.4166666666667,34.8421296296296,69.6777777777778,52.82,63.4,68.5,207.5,37.0,8.79867768595041,97.4916666666667,64.2,23.8653333333333,20.41875,83.2,268.45,309.1,18.0909090909091,77.54,38.9645161290323,13.50625,29.8934782608696,10.8930348258706,17.5,17.1443181818182,,221.583333333333,16.0526315789474,22.9,9.78,26.3117647058824,8.21,9.86076923076923,19.35,15.4,51.7,45.65,8.53,19.6,12.7,22.2030120481928,12.05,7.24274193548387,10.1927419354839,17.2392993630573,15.2944444444444,209.0,56.7277777777778,2490.0,30.95,116.0,55.18,100.3,60.0,15.2,67.4,65.7,9.81938144329897,36.3,99.2545454545454,10.8,31.9954545454545,23.3,67.33,40.87,83.2259259259259,,93.7,152.5,35.55,56.18,13.8068965517241,3.69583333333333,89.9916666666667,70.24,90.4,83.3466666666667,477.0,321.166666666667,332.5,335.791666666667,135.0,75.2958333333333,200.833333333333,,45.2,176.666666666667,184.0,97.6,226.5,34.738,73.8090909090909,73.15,40.2661290322581
33.45,30.0979310344828,53.2,75.0222222222222,73.1666666666667,59.7,8.03625,36.3022727272727,69.3272727272727,27.5892857142857,30.0333333333333,425.375,204.045454545455,25.94,123.5,149.0,7.13727272727273,27.3653846153846,30.5,40.25,112.5,50.0684210526316,11.8333333333333,11.15,18.6784482758621,38.05,159.0,394.5,20.2,55.3818181818182,50.9277777777778,31.0115384615385,21.25,349.166666666667,266.5,387.0,32.7142857142857,11.7689655172414,158.5,35.142,21.6681818181818,82.8816326530612,18.6675,43.5047619047619,50.1,134.785714285714,4.38,7.35,25.1962085308057,31.74,9.99,11.7,76.9684210526316,17.8,274.5,57.0,5.34,32.4,34.8775862068966,69.63125,52.86,63.5,68.58,207.0,36.9583333333333,8.79805555555556,97.4692307692308,64.2,23.85,20.41875,83.1,268.65,309.125,18.1263157894737,77.4833333333333,38.9960317460318,13.534375,29.9375,10.9496402877698,17.55,17.1466063348416,,221.5,16.0553333333333,22.9,9.78,26.3416666666667,8.2,9.86454545454545,19.3066666666667,15.405,51.6979381443299,45.6463541666667,8.52050847457627,19.625,12.65,22.2,12.05,7.2471052631579,10.1538461538462,17.2455056179775,15.3,208.916666666667,56.75,2490.0,30.9125,116.0,55.25,100.2,60.0,15.2,67.4,65.6,9.80985294117647,36.3,99.1,10.7928571428571,31.9,23.3,67.3272727272727,40.8875,83.2,,93.7,153.0,35.55,56.1827586206896,13.8,3.7,90.1,70.2583333333333,90.3888888888889,83.37,475.0,321.5,332.5,336.375,134.666666666667,75.36,200.833333333333,,45.2416666666667,176.666666666667,184.0,97.65,226.5,34.795,73.8,73.15,40.2727272727273
33.446,30.096,53.1911764705882,75.08,73.1,59.7,8.04,36.35,69.32,27.5794117647059,30.0464285714286,424.928571428571,204.045454545455,25.9,124.0,149.0,7.13081632653061,27.30625,30.5,40.2133333333333,112.526315789474,50.1565891472868,11.8277777777778,11.15,18.6803370786517,38.05,158.5,394.5,20.1916666666667,55.36875,50.9277777777778,31.0428571428571,21.265625,349.166666666667,266.5,386.0,32.7166666666667,11.75,158.5,35.11,21.7,82.8844827586207,18.6694444444444,43.5,50.1,134.897435897436,4.38,7.35,25.2445578231292,31.7282608695652,9.99,11.7054347826087,76.9,17.8,274.166666666667,57.05,5.34,32.4,34.9102739726028,69.7,52.8,63.6,68.575,207.25,37.0,8.79032,97.4235294117647,64.1,23.8055555555556,20.41875,83.1,268.836734693878,309.214285714286,18.1,77.5162162162162,38.9809523809524,13.55,29.9557142857143,10.935,17.566,17.10703125,,222.0,16.0595238095238,22.9,9.78,26.3,8.2,9.86,19.3066666666667,15.4,51.6981481481482,45.6467948717949,8.52,19.6126582278481,12.6881355932203,22.193137254902,12.05,7.24296296296296,10.153,17.234649122807,15.29,208.5,56.7,2490.0,30.85,115.75,55.2047619047619,100.2,59.9666666666667,15.2,67.44,65.7,9.81538461538462,36.3,99.155,10.75,31.85,23.37125,67.3533333333333,40.8857142857143,83.1985294117647,,93.7666666666667,152.5,35.6,56.14375,13.8,3.716875,90.1,70.2657142857143,90.3857142857143,83.5131578947368,475.0,321.5,332.5,335.0,134.5,75.35,200.833333333333,,45.1970588235294,176.666666666667,184.0,97.7,226.166666666667,34.7928571428571,73.8,73.15,40.2819444444444
33.4115384615385,30.096875,53.1928571428572,75.1857142857143,73.1833333333333,59.7,8.05,36.35,69.2769230769231,27.575,30.05,425.5,203.555555555556,25.9388888888889,124.0,149.0,7.13727272727273,27.3,30.3,40.25,112.625,50.1388888888889,11.8384615384615,11.15,18.6576470588235,38.05,159.0,393.833333333333,20.1916666666667,55.36,51.1333333333333,31.0,21.25,349.166666666667,266.5,386.0,32.7444444444444,11.7634615384615,158.5,35.125,21.65,82.8707070707071,18.675,43.4125,49.95625,134.851351351351,4.38638554216867,7.34846153846154,25.2716494845361,31.71,9.99238095238095,11.6933333333333,76.9375,17.8,274.0,57.05,5.345,32.4,34.9849148418492,69.7666666666667,52.8333333333333,63.6,68.59375,207.25,37.0,8.79016129032258,97.45,64.0,23.8107142857143,20.4,83.1,269.0,309.0,18.1,77.4857142857143,38.95,13.597619047619,29.95,10.9255555555556,17.6,17.0588394793926,,221.5,16.0590909090909,22.9029411764706,9.78,26.3,8.2,9.86,19.3,15.4125,51.7036144578313,45.6421686746988,8.51772727272727,19.625,12.65,22.1583333333333,12.0636363636364,7.24513043478261,10.1683333333333,17.2453947368421,15.2903846153846,208.5,56.7,2490.0,30.975,116.0,55.2166666666667,100.0,59.9483870967742,15.2,67.55,65.66,9.80545851528384,36.3,99.2125,10.7857142857143,31.85,23.4041666666667,67.3333333333333,40.9,83.1,,93.7333333333333,152.5,35.5,56.11,13.8,3.71913043478261,90.1,70.2736842105263,90.3035714285714,83.5075,475.5,322.5,332.5,335.0,135.0,75.59,200.833333333333,,45.15,176.5,184.0,97.7,226.0,34.8,73.9,73.15,40.25
33.4,30.0785714285714,53.1951219512195,75.2125,73.1,59.7782608695652,8.04,36.3475,69.2,27.5891304347826,30.05,426.0,203.5,25.9318181818182,124.0,149.0,7.14,27.3897435897436,30.3,40.3111111111111,112.666666666667,50.047619047619,11.822,11.2,18.6846153846154,38.05,159.0,394.0,20.211231884058,55.3888888888889,51.2,30.9966666666667,21.2073684210526,348.0,266.5,386.0,32.6783333333333,11.7511811023622,158.625,35.1074074074074,21.65,82.8696428571428,18.6636363636364,43.4407407407407,49.95625,134.944444444444,4.39,7.35,25.25,31.7,10.0,11.65,76.9027777777778,17.8,274.0,57.2,5.33090909090909,32.4375,35.1398611111111,69.8,52.825,63.6,68.54,207.5,36.975,8.79313725490196,97.4995575221239,64.0,23.8720238095238,20.4,82.8,269.0,309.0,18.0892857142857,77.475,38.9571428571429,13.5519230769231,29.9163934426229,10.9014084507042,17.55,17.0065312046444,,222.0,16.0875,22.9,9.78,26.31875,8.19941176470588,9.86,19.3,15.4,51.790243902439,45.616384180791,8.51,19.6,12.6947580645161,22.1878640776699,12.0923076923077,7.24605263157895,10.15,17.2354271356784,15.2501488095238,208.5,56.7666666666667,2488.0,30.975,116.0,55.3,100.2,59.8285714285714,15.2,67.7,65.66,9.8083950617284,36.3,99.2,10.7909090909091,31.8571428571429,23.3730769230769,67.35,40.9,83.1058823529412,,93.76,152.5,35.5,56.1545454545455,13.8184210526316,3.72,90.1875,70.3181818181818,90.28,83.4227272727273,475.5,323.0,332.5,335.666666666667,135.0,75.4,200.833333333333,,45.1,176.5,184.0,97.65,226.0,34.7916666666667,73.9,73.15,40.2394736842105
33.4,30.1,53.1739130434783,75.275,73.1,59.7782608695652,8.0537037037037,36.35,69.2,27.5785714285714,30.05,425.611111111111,203.0,25.92,123.98,149.0,7.14,27.3727272727273,30.3,40.35625,113.0,50.011,11.8417647058824,11.2,18.6515151515152,38.05,158.833333333333,394.0,20.4,55.3666666666667,51.2,31.05,21.105,348.5,266.5,386.0,32.6815789473684,11.75,158.75,35.1197368421053,21.6474137931034,82.8067796610169,18.65,43.425,49.95625,134.542435424354,4.39,7.35565217391304,25.2233333333333,31.7021739130435,10.0,11.6642857142857,76.8714285714286,17.8,274.0,57.2,5.33090909090909,32.4375,35.4575907590759,69.8214285714286,52.8214285714286,63.5,68.5,207.0,37.0,8.79848484848485,97.4731707317073,64.025,23.88,20.4,82.8,268.847826086957,308.8,18.15,77.4,38.9714285714286,13.55,29.94375,10.901048951049,17.65,17.037890625,,222.0,16.05,22.9480769230769,9.78,26.321052631579,8.19166666666666,9.8675,19.3055555555556,15.4,51.7287671232877,45.6631578947368,8.51103448275862,19.6442307692308,12.675,22.1795454545455,12.0741666666667,7.24981191222571,10.1818181818182,17.225974025974,15.2881355932203,208.666666666667,56.7909090909091,2486.66666666667,30.975,115.9,55.2,99.9913043478261,59.8818181818182,15.2,67.8,65.65,9.8044,36.3,99.2,10.77,31.85,23.4,67.37,40.8791666666667,83.1285714285714,,93.7117647058824,152.666666666667,35.5,56.1111111111111,13.8038461538462,3.72,90.2,70.4066666666667,90.2,83.3923076923077,475.166666666667,322.75,332.5,332.958333333333,135.0,75.6,200.833333333333,,45.12,176.5,184.125,97.65,226.0,34.8,73.9,73.15,40.21
33.4394736842105,30.115,53.1612903225807,75.3,73.1818181818182,59.8,8.04,36.35,69.2428571428571,27.5875,30.05,425.5,203.142857142857,25.9375,124.111111111111,149.0,7.14083333333333,27.3890625,30.3,40.3583333333333,112.9,49.9846153846154,11.825,11.2,18.6927184466019,38.05,159.0,394.0,20.4,55.4,51.36,31.0485294117647,21.1486842105263,348.5,265.5,386.0,32.705,11.7697368421053,158.95,35.1326086956522,21.65,82.8337837837838,18.65,43.440625,49.95625,134.655405405405,4.39,7.35,25.2363157894737,31.7,10.0,11.65,76.9,17.8,274.4,57.2,5.34,32.4333333333333,35.5487987987988,69.82,52.9,63.4,68.5333333333333,207.0,36.975,8.79307692307692,97.5,64.1,23.9047872340425,20.4,82.8,268.5,308.714285714286,18.1094594594595,77.4,38.98125,13.55,29.925,10.9345794392523,17.6590909090909,17.028,,221.75,16.0541666666667,22.9266666666667,9.78,26.3452830188679,8.19954545454545,9.86,19.35,15.4004032258065,51.7822222222222,45.6592105263158,8.51707317073171,19.648828125,12.6571428571429,22.1842105263158,12.0625,7.25919191919192,10.181914893617,17.2044520547945,15.2892857142857,208.5,56.8,2486.66666666667,31.0,116.0,55.3,99.95,59.925,15.2031914893617,67.9,65.6,9.80787878787879,36.3,99.2325581395349,10.7944444444444,31.8888888888889,23.4,67.3214285714286,40.9,83.175,,93.6666666666667,152.666666666667,35.5,56.2625,13.8382352941176,3.72,90.3,70.3380952380952,90.2619047619048,83.26,475.166666666667,323.0,332.5,333.2,135.0,75.5,200.833333333333,,45.1375,176.5,183.5,97.65,226.55,34.8291666666667,73.9,73.15,40.27375
33.4214285714286,30.125,53.2,75.4,73.1333333333333,59.8,8.04,36.3375,69.2625,27.5785714285714,30.05,424.857142857143,203.166666666667,25.9388888888889,124.55,149.0,7.15619047619048,27.35,30.3,40.36875,113.0,49.8692307692308,11.8537735849057,11.2,18.6951219512195,38.05,159.0,394.0,20.4,55.38,51.36,31.0410714285714,21.1620689655172,348.5,265.5,386.0,32.75,11.7547619047619,158.833333333333,35.15,21.7,82.8724137931035,18.6545454545455,43.45,49.95625,134.729508196721,4.39,7.35,25.2636363636364,31.725,10.0,11.65,76.8571428571429,17.8277777777778,274.5,57.2,5.34,32.45,35.4761627906977,69.8444444444444,52.9533333333333,63.4,68.56,207.5,36.95,8.7925,97.4916666666667,64.1,23.9075757575758,20.4,83.1,268.46875,308.388888888889,18.1094594594595,77.4444444444444,38.958125,13.55,29.9,10.95,17.6971428571429,17.0201492537313,,221.5,16.05,22.95,9.78,26.3004545454545,8.19505882352941,9.862,19.35,15.4,51.7244604316547,45.6542056074766,8.51175792507204,19.65,12.65,22.1508771929825,12.0507042253521,7.26490196078431,10.1847826086957,17.2214285714286,15.3,208.5,56.8,2486.66666666667,31.0,116.166666666667,55.3190476190476,99.9,60.0,15.15,67.9363636363636,65.6,9.80465753424658,36.3,99.3111111111111,10.7875,31.9,23.4,67.4,40.8605263157895,83.1891304347826,,93.6333333333333,152.666666666667,35.5125,56.2947368421053,13.8277777777778,3.72090909090909,90.325,70.3368421052632,90.2896551724138,83.3944444444445,475.166666666667,323.0,337.0,333.0,135.0,75.55,200.833333333333,,45.105,176.5,183.5,97.7,226.55,34.85,73.8,73.15,40.3056818181818
33.4157894736842,30.1026315789474,53.1969696969697,75.4,73.1142857142857,59.925,8.04,36.35,69.2125,27.5861111111111,30.05,424.5,203.0,25.9470588235294,124.546875,149.35,7.15416666666667,27.35,30.3,40.47,112.5,49.9333333333333,11.8738095238095,11.2,18.6565159574468,38.05,159.0,394.0,20.3333333333333,55.3866666666667,51.3,31.0333333333333,21.1833333333333,349.5,265.5,386.0,32.7277777777778,11.75,158.6,35.1180555555556,21.6833333333333,82.8416666666667,18.66953125,43.42,49.95625,134.65,4.39,7.35,25.302380952381,31.75,10.05,11.6896551724138,76.8736842105263,17.8136363636364,274.2,57.2,5.33166666666667,32.45,35.3256493506493,69.8,52.9538461538462,63.5,68.55,207.5,37.0106060606061,8.78863247863248,97.4844444444444,64.1,23.9441176470588,20.4,83.1,268.2,308.2,18.06875,77.375,38.9135135135135,13.55,29.8988636363636,10.9241071428571,17.7425,17.0361111111111,,222.166666666667,16.05,22.95,9.78,26.2646153846154,8.19549019607843,9.86,19.35,15.4,51.7745098039216,45.6304054054054,8.50267326732673,19.65,12.65,22.15,12.05,7.26483870967742,10.15,17.2398936170213,15.255,208.5,56.8,2485.0,31.05,116.0,55.4833333333333,99.9545454545455,60.01875,15.15,67.75,65.6,9.80817073170732,36.3,99.4130434782609,10.7923076923077,31.9333333333333,23.4,67.325,40.8625,83.2,,93.65,152.666666666667,35.5125,56.3,13.8133333333333,3.72090909090909,90.3117647058824,70.2444444444444,90.3189655172414,83.4416666666667,474.5,323.0,337.0,333.0,135.071428571429,75.66875,200.833333333333,,45.1125,176.5,183.5,97.7,226.55,34.9136363636364,73.8,73.15,40.3043103448276
33.45,30.1026315789474,53.2,75.5,73.1142857142857,60.0,8.04,36.35,69.2921568627451,27.575,30.1291666666667,424.0,203.0,26.0,124.454545454545,149.35,7.16,27.378431372549,30.3,40.4,112.5,49.8821428571428,11.8714285714286,11.2,18.698,38.05,159.0,394.0,20.3333333333333,55.4,51.4,31.05,21.2041666666667,349.5,265.5,386.0,32.75,11.7532142857143,159.0,35.1388888888889,21.65,82.892,18.656,43.43,49.95625,134.828767123288,4.4,7.36,25.3185714285714,31.7457831325301,10.0104166666667,11.7,76.8906542056075,17.8460674157303,274.5,57.2,5.33,32.45,35.1743150684932,69.79375,52.9866666666667,63.6,68.55,207.5,37.05,8.7815,97.4967741935484,64.2,23.9137931034483,20.4,83.1,268.25,308.538461538462,18.0884615384615,77.4714285714286,38.9425,13.55,29.9083333333333,10.9067567567568,17.7392857142857,17.0359259259259,,222.166666666667,16.05,22.9272727272727,9.78,26.2990384615385,8.2,9.8625,19.35,15.4,51.7875,45.6546218487395,8.50727272727273,19.65,12.65,22.19375,12.0966666666667,7.26,10.15,17.2380281690141,15.3,208.5,56.8,2485.0,31.1,116.0,55.54,99.9666666666666,60.0416666666667,15.1840425531915,67.85,65.6,9.80053475935829,36.3,99.6306451612903,10.8,31.95,23.3857142857143,67.375,40.9,83.2,,93.7166666666667,152.666666666667,35.55625,56.4171428571428,13.8486486486486,3.71714285714286,90.3454545454545,70.3827586206897,90.4,83.4511627906977,474.0,323.0,337.0,334.0,135.0,75.66875,200.833333333333,,45.1,176.5,183.75,97.8,227.0,34.96,73.8,73.15,40.325
33.445652173913,30.1333333333333,53.2,75.5,73.15,60.0,8.04833333333333,36.4,69.375,27.6065326633166,30.19,424.0,202.8125,26.0142857142857,124.5,149.35,7.14,27.4,30.3,40.5,112.5,49.9032258064516,11.894375,11.2,18.6946666666667,38.05,159.0,394.0,20.2783783783784,55.4,51.4,31.04,21.25,349.5,265.5,386.0,32.7,11.7251655629139,158.625,35.1017857142857,21.65,82.8903225806452,18.65625,43.4325,49.95625,134.57,4.4,7.36,25.3025773195876,31.7865671641791,10.0,11.7,76.9941176470588,17.8982456140351,274.0,57.1,5.33,32.45,35.1396103896104,69.7333333333333,52.9764705882353,63.5,68.5285714285714,207.0,37.05,8.78097297297297,97.5,64.3,23.9876923076923,20.4,83.1,268.5,308.45,18.05,77.3175,38.95,13.55,29.9473684210526,10.9030303030303,17.75,17.0508333333333,,222.25,16.0642857142857,22.9272727272727,9.78,26.3,8.19666666666667,9.8625,19.3058823529412,15.42,51.8,45.6912162162162,8.51,19.6875,12.65,22.1888888888889,12.05,7.26157894736842,10.1739130434783,17.2451807228916,15.258,208.5,56.8,2485.0,31.1,116.0,55.6875,99.95,60.0833333333333,15.1928571428571,67.8,65.6,9.80688679245283,36.3,99.6795918367347,10.8,31.95,23.3857142857143,67.4,40.9,83.2,,93.7,152.833333333333,35.7,56.4375,13.8470588235294,3.71,90.275,70.3777777777778,90.3741379310345,83.5,474.0,322.5,337.0,334.75,135.0,75.6333333333333,200.833333333333,,45.1363636363636,176.875,184.0,97.8,227.0,35.0,73.8,73.2,40.3194444444444
33.42,30.1307692307692,53.1897435897436,75.52,73.1833333333333,60.1,8.04090909090909,36.4,69.34,27.6527027027027,30.2,424.333333333333,203.0,26.0520833333333,124.260869565217,149.35,7.14,27.35,30.3,40.5,113.5,49.97,11.9,11.2,18.7,38.05,159.0,394.0,20.4,55.4,51.43,31.05,21.25,349.5,265.5,386.0,32.7,11.7253333333333,158.769230769231,35.1321428571429,21.6357142857143,82.8939393939394,18.710593220339,43.4025,50.2,134.893333333333,4.39,7.34903225806452,25.2793103448276,31.85,10.0,11.7,77.0,17.8774647887324,274.5,57.1,5.33,32.475,35.1038647342995,69.79375,52.92,63.5,68.5809523809524,207.5,37.05,8.789,97.465,64.4105263157895,24.016339869281,20.4,83.1,268.166666666667,308.0,18.1,77.2222222222222,38.90625,13.6,29.95,10.9193181818182,17.75,17.0783333333333,,222.0,16.0785714285714,22.9,9.77259259259259,26.3044117647059,8.19714285714286,9.8625,19.3,15.425,51.7853658536585,45.6912280701755,8.51,19.6571428571429,12.6532110091743,22.15,12.0666666666667,7.2671875,10.1758620689655,17.207196969697,15.3,208.5,56.8,2485.0,31.1,116.0,55.7,99.96,60.1,15.1625,67.8,65.7,9.80127192982456,36.3,99.5933333333333,10.8,31.95,23.3777777777778,67.3222222222222,40.875,83.2083333333333,,93.6722222222222,152.833333333333,35.7,56.49375,13.8375,3.71,90.3515151515152,70.36875,90.348,83.4736842105263,473.5,322.25,337.0,335.0,134.75,75.7888888888889,200.833333333333,,45.1089285714286,176.875,183.75,97.8,226.0,35.0,73.8333333333333,73.2,40.3192307692308
33.42,30.125,53.1869565217391,75.6333333333333,73.15,60.1,8.0425,36.4136363636364,69.4,27.65,30.35,424.5,203.5,26.1148648648649,124.0,149.35,7.14444444444444,27.4,30.3,40.5,113.125,49.9764705882353,11.9,11.2,18.6636363636364,38.05,159.0,394.0,20.4,55.4033333333333,51.4,31.05,21.2055555555556,349.5,265.5,386.0,32.75,11.7448113207547,158.769230769231,35.1363636363636,21.640625,82.8964285714286,18.7083333333333,43.3785714285714,50.2,134.650943396226,4.39,7.34,25.2791666666667,31.8478260869565,10.0,11.675,76.9727272727273,17.85,274.2,57.1,5.33888888888889,32.5,34.9808333333333,69.7047619047619,53.0,63.4,68.56,207.25,37.115625,8.78046808510638,97.5,64.4,23.9970588235294,20.4,83.1,268.953125,308.961538461538,18.075,77.375,38.9416666666667,13.6,29.9583333333333,10.9448275862069,17.7125,17.0854166666667,,221.5,16.08,22.9,9.77333333333333,26.3,8.2,9.87,19.3,15.4,51.7875,45.695,8.51261363636364,19.6892857142857,12.65,22.1666666666667,12.0928571428571,7.2625,10.1983333333333,17.2407894736842,15.3,208.8125,56.85,2485.0,31.1,116.0,55.7846153846154,99.96,60.1,15.1875,67.8,65.7,9.80628205128205,36.3,99.6,10.8,32.0,23.4,67.4,40.851724137931,83.2,,93.6333333333333,153.0,35.7,56.5452830188679,13.8035714285714,3.71,90.475,70.3526315789474,90.4,83.4714285714286,474.5,322.0,337.0,335.0,135.0,75.6666666666667,200.833333333333,,45.105,176.875,184.0,97.9,226.0,34.9943609022556,73.8,73.2,40.3472222222222
33.44,30.1391304347826,53.1875,75.7,73.1833333333333,60.1,8.05,36.5,69.4,27.65,30.35,425.5,203.5,26.1333333333333,124.333333333333,149.0,7.14444444444444,27.3576923076923,30.3,40.55,113.125,50.0,11.85,11.2,18.6928571428571,38.05,158.875,394.0,20.358,55.5,51.4619047619048,31.0431034482759,21.225,349.5,265.5,386.0,32.75,11.7474820143885,159.0,35.2072916666667,21.6517857142857,82.8775,18.70625,43.34125,50.2,134.8125,4.39,7.34666666666667,25.2773255813953,31.85,10.0,11.6513157894737,76.9894736842105,17.85,274.5,57.1,5.33285714285714,32.5,34.8957236842105,69.75,52.9421052631579,63.4,68.5363636363636,207.5,37.15,8.78232323232323,97.4416666666667,64.4555555555556,23.9982954545454,20.3666666666667,83.1,269.666666666667,309.0,18.1,77.4,38.9214285714286,13.6,29.9941176470588,10.9424242424242,17.6916666666667,17.0689189189189,,221.5,16.05,22.9,9.77333333333333,26.3111111111111,8.2,9.87,19.3,15.4,51.7438202247191,45.6939024390244,8.53,19.6534482758621,12.6875,22.197619047619,12.05,7.26130434782609,10.1666666666667,17.2370967741936,15.2583333333333,208.5,56.9,2485.0,31.1,116.333333333333,55.825,100.0,60.1909090909091,15.15,67.75,65.7,9.80841121495327,36.3,99.4353846153846,10.85,32.0,23.35,67.3166666666667,40.8714285714286,83.2027777777778,,93.6,153.0,35.7,56.6,13.8015151515152,3.7,90.4833333333333,70.32,90.3354166666667,83.4,474.5,322.0,337.0,335.3,135.0,75.6,200.833333333333,,45.105,176.75,184.0,97.9,226.0,34.9901315789474,73.8,73.2,40.3465517241379
33.45,30.1535714285714,53.1947368421053,75.8,73.1266666666667,60.05,8.06333333333333,36.5,69.5105263157895,27.675,30.2,426.0,203.5,26.14,124.5,149.0,7.14444444444444,27.3214285714286,30.3,40.5,113.125,50.01,11.8777777777778,11.2,18.6945652173913,38.05,159.0,394.0,20.365,55.5,51.4619047619048,31.1,21.247619047619,350.0,265.5,386.0,32.7523809523809,11.7416666666667,159.0,35.2444444444444,21.6944444444444,82.880612244898,18.7208333333333,43.3083333333333,50.15,135.0,4.39,7.3547619047619,25.3,31.8375,10.0,11.65,77.0625,17.9,274.5,57.1,5.33285714285714,32.5,34.9572033898305,69.79,52.9967948717949,63.5,68.525,207.5,37.1428571428571,8.78819277108434,97.4611111111111,64.5,24.0025641025641,20.4,83.1,270.316384180791,309.5,18.05,77.3875,38.9483333333333,13.6,30.17,10.9504545454545,17.7,17.0825688073394,,221.5,16.05,22.9,9.77,26.3076923076923,8.193,9.87,19.3,15.4,51.8,45.6784210526316,8.52545454545455,19.69625,12.68125,22.1567567567568,12.0798850574713,7.25714285714286,10.1555555555556,17.244014084507,15.3,208.5,56.9,2491.875,31.1,116.5,55.9894736842105,99.975,60.3294117647059,15.2,67.58,65.825,9.8096551724138,36.3,99.2666666666666,10.8,32.05,23.35,67.36,40.8833333333333,83.1707317073171,,93.5666666666667,153.0,35.7,56.62,13.8318181818182,3.69,90.49375,70.375,90.3875,83.4,474.25,322.0,337.0,336.0,135.375,75.7,200.833333333333,,45.15,176.75,184.0,97.9,226.75,35.2230769230769,73.8,73.2,40.4
33.4,30.1142857142857,53.2,75.8083333333333,73.2,60.025,8.07,36.5,69.6,27.7,30.2,426.0,204.0,26.15,124.5,149.0,7.14875,27.3357142857143,30.3,40.4833333333333,113.125,50.0435897435897,11.9,11.2,18.7036585365854,38.05,159.0,394.0,20.4,55.5,51.5,31.1055555555556,21.3,350.0,265.5,386.0,32.775,11.75,159.0,35.219512195122,21.7,82.874358974359,18.7133333333333,43.3166666666667,50.1,134.829608938547,4.39,7.355,25.3486486486486,31.84,10.0,11.65,77.0833333333333,17.9,274.166666666667,57.1,5.33933333333333,32.45,34.8653614457831,69.9,52.9833333333333,63.6,68.5714285714286,207.666666666667,37.15,8.78657142857143,97.4954545454546,64.4,24.0276595744681,20.3991935483871,83.0333333333333,270.5,309.5,18.0897435897436,77.4,39.0,13.6,30.7583333333333,11.0,17.7,17.1353846153846,,221.333333333333,16.0974576271187,22.9444444444444,9.77,26.3,8.205,9.86,19.3,15.4,51.8,45.7256097560976,8.526,19.665625,12.6875,22.1928571428571,12.0571428571429,7.25379310344827,10.2,17.2445378151261,15.3,208.9,56.9,2501.25,31.1,116.5,56.0916666666667,100.0,60.4,15.2,67.5,65.825,9.80922807017544,36.3,99.5,10.8,32.05,23.35,67.3666666666667,40.9,83.1105263157895,,93.625,153.0,35.7,56.7,13.8333333333333,3.7102688172043,90.6,70.4,90.29375,83.4794117647059,475.0,322.0,337.0,336.0,135.5,75.7,200.833333333333,,45.1552631578947,176.75,184.0,97.9,227.0,35.3076923076923,73.8,73.2,40.6040084388186
33.4,30.1486842105263,53.2,75.825,73.2,60.052380952381,8.07,36.5,69.5846153846154,27.6961538461538,30.2,426.2,203.5,26.112,124.5,149.0,7.14833333333333,27.35,30.3,40.4833333333333,113.125,50.2087248322148,11.9,11.2,18.75,38.0113636363636,159.0,393.5,20.3666666666667,55.4818181818182,51.5,31.1602564102564,21.2875,350.0,264.5,386.0,32.8,11.7705882352941,159.0,35.2821428571429,21.7017857142857,82.8526315789473,18.7,43.28125,50.0,134.956081081081,4.38090909090909,7.36,25.4573732718894,31.8970588235294,10.0,11.65,77.0,17.9333333333333,274.166666666667,57.1,5.34,32.4875,34.856511627907,70.0,52.9551020408163,63.5222222222222,68.58125,208.0,37.15,8.78987012987013,97.5538461538462,64.4666666666667,24.0505555555555,20.45,83.1,270.5,309.681818181818,18.1,77.4,39.0546153846154,13.6,30.6,11.0,17.73,17.1679487179487,,221.25,16.096875,22.95,9.77,26.3325396825397,8.21,9.86,19.35,15.4,51.8352941176471,45.7098159509202,8.53660714285714,19.6555555555556,12.6524752475248,22.1941176470588,12.05,7.25125,10.1992063492063,17.2432367149758,15.275,209.0,57.0136363636364,2502.5,31.125,116.5,56.1,99.98,60.555,15.2,67.55,66.0,9.80970414201183,36.3,99.54,10.85,32.05,23.3555555555556,67.3375,40.88,83.1307692307692,,93.6571428571429,153.0,35.7,56.69375,13.846875,3.72,90.61,70.3,90.3129032258065,83.7680473372781,474.0,322.0,337.0,336.0,135.5,75.7,200.833333333333,,45.2,177.0,184.0,97.9,227.0,35.3166666666667,74.0,73.2,40.8111464968153
33.4,30.1,53.1925925925926,75.8142857142857,73.14,60.1150943396227,8.065,36.5,69.5111111111111,27.6952380952381,30.25,425.833333333333,203.5,26.1166666666667,124.3125,149.0,7.14727272727273,27.3022222222222,30.31875,40.45,113.0,50.269014084507,11.85,11.2,18.7449275362319,38.0113636363636,159.0,394.5,20.35,55.4888888888889,51.6083333333333,31.25,21.316,349.5,264.5,386.0,32.75,11.75,158.923076923077,35.2833333333333,21.725,82.8,18.7,43.25,49.9611111111111,134.760273972603,4.38,7.36,25.5623973727422,31.95,10.0,11.6616666666667,77.0,17.9441176470588,274.3125,57.1,5.33555555555556,32.4537037037037,34.6340413318025,70.0182692307692,52.9857142857143,63.5222222222222,68.5857142857143,208.0,37.1833333333333,8.78973333333333,97.5428571428571,64.4,24.1397590361446,20.425,83.1,270.5,310.0,18.1,77.4166666666667,39.05,13.6,30.57,11.0052369077307,17.75,17.1921641791045,,221.25,16.08125,22.925,9.77,26.31875,8.2,9.8675,19.3,15.4,51.8971428571428,45.7080786026201,8.53,19.6619047619048,12.6576923076923,22.1615384615385,12.05,7.24354430379747,10.1666666666667,17.2427884615385,15.2842105263158,209.0,57.1,2501.0,31.15,116.5,55.9884615384615,99.95,60.5384615384615,15.2,67.78,66.0,9.80449275362319,36.3,99.475,10.8,32.0333333333333,23.3666666666667,67.3833333333333,40.9,83.1633333333333,,93.7,153.0,35.75,56.6625,13.8209677419355,3.72,90.6333333333333,70.4125,90.3,84.0892086330935,475.0,322.0,337.0,336.0,135.5,75.7642857142857,200.833333333333,,45.15,176.928571428571,184.0,97.9,227.0,35.3333333333333,74.0,73.2,40.7925
33.4142857142857,30.1476190476191,53.1933333333333,75.8,73.1913043478261,60.2507692307692,8.06,36.5,69.5,27.7125,30.25,425.5,203.5,26.1,124.3125,149.375,7.15,27.3055555555556,30.31875,40.45,113.0,50.4513736263736,11.85,11.2,18.7477272727273,38.0113636363636,159.0,394.1875,20.35,55.47,51.6416666666667,31.25,21.325,349.5,264.5,386.0,32.75,11.75,159.142857142857,35.268,21.7392857142857,82.8306666666667,18.7035714285714,43.2490566037736,49.9611111111111,135.000840336134,4.3816,7.36,25.5528436018957,31.935,10.0,11.67,76.9906976744186,17.9,274.25,57.1,5.34,32.475,34.6926315789474,70.1,53.0081395348837,63.6,68.6,207.666666666667,37.1555555555555,8.79,97.5818181818182,64.4,24.1737623762376,20.425,83.05,270.472972972973,310.0,18.1227272727273,77.48,39.0888888888889,13.5916666666667,30.5,11.0002898550725,17.75,17.2357388316151,,221.0,16.0807692307692,22.95,9.77833333333333,26.3,8.2,9.8675,19.3,15.4,51.8830508474576,45.7285714285714,8.54,19.6596153846154,12.6884615384615,22.1909090909091,12.05,7.24016806722689,10.19,17.2485915492958,15.26,208.5,57.1,2501.0,31.2322580645161,116.5,55.81,99.95,60.4438596491228,15.225,67.7,66.0,9.805,36.3,99.4454545454546,10.82,32.0,23.35,67.3076923076923,40.9,83.1294117647059,,93.65,153.0,35.7,56.6625,13.8272727272727,3.72,90.6,70.38,90.3190476190476,84.1283018867925,473.5,321.75,337.0,336.0,135.5,75.9,200.833333333333,,45.15,176.944444444444,184.0,97.9,227.0,35.3653846153846,74.0,73.2,40.7775862068966
33.444375,30.1275,53.1415094339623,75.8333333333333,73.1266666666667,60.4,8.07,36.5,69.5533333333333,27.7,30.25,425.5,203.75,26.14,124.285714285714,149.5,7.15,27.3,30.31875,40.4590909090909,113.0,50.7938888888889,11.865,11.2,18.7069037656904,38.0113636363636,159.0,394.1875,20.35,55.4666666666667,51.6,31.25,21.35,349.5,264.5,386.0,32.775,11.7508474576271,159.222222222222,35.2014705882353,21.75,82.8047368421053,18.7029411764706,43.2466666666667,49.95,135.386363636364,4.38961538461538,7.36,25.5024590163934,31.9,10.0,11.68125,76.9304347826087,17.9166666666667,274.25,57.1,5.34,32.475,34.7166666666667,70.0909090909091,53.0384615384615,63.5625,68.6333333333333,207.5,37.15,8.79007434944238,97.5375,64.4,24.1321428571429,20.4142857142857,83.1,270.352941176471,310.1875,18.1,77.48,39.098275862069,13.5857142857143,30.6,10.9833333333333,17.7,17.2356976744186,,220.5,16.0710526315789,22.9388888888889,9.78,26.328947368421,8.2,9.8675,19.3,15.4,51.8740740740741,45.7199029126214,8.54523076923077,19.6802631578947,12.6537037037037,22.15,12.05,7.23802816901408,10.1616666666667,17.2273109243697,15.2651785714286,208.5,57.1,2500.0,31.3,116.5625,55.8625,99.95,60.15,15.225,67.7,66.0,9.80898950131234,36.3,99.4,10.837037037037,31.95,23.4,67.3444444444445,40.8692307692308,83.136,,93.7,153.0,35.7,56.6722222222222,13.8225806451613,3.72071428571429,90.6,70.4041666666667,90.4,84.1269230769231,473.5,321.5,337.0,336.0,135.5,75.9692307692308,201.0,,45.16,177.333333333333,184.333333333333,98.0,227.0,35.3777777777778,74.1,73.2,40.7965753424658
33.45,30.1357142857143,53.1969696969697,75.9928571428571,73.18,60.4,8.07,36.55,69.6,27.7,30.25,425.785714285714,203.75,26.14,124.5,149.5,7.15,27.3153846153846,30.31875,40.5,113.0,50.8006024096386,11.9,11.2,18.7305555555556,38.0113636363636,159.05,394.214285714286,20.35,55.5,51.7,31.4125,21.35,349.5,264.5,386.0,32.8,11.75,159.4375,35.1615384615385,21.75,82.7725099601594,18.7391891891892,43.3041666666667,49.95,135.038194444444,4.39,7.35555555555556,25.5007462686567,31.9,10.0,11.7,76.9571428571429,17.95,274.333333333333,57.1,5.34,32.49,34.85,70.09,53.0909090909091,63.730303030303,68.6,208.0,37.15,8.79847826086957,97.6,64.4,24.1598540145985,20.4166666666667,83.2833333333333,270.763157894737,310.1875,18.1,77.5,39.1,13.5833333333333,30.5894736842105,10.9576923076923,17.7375,17.2470833333333,,220.5,16.096875,22.95,9.78,26.3357142857143,8.204,9.8675,19.3371794871795,15.4166666666667,51.888679245283,45.7377777777778,8.55325,19.6966666666667,12.6973684210526,22.1611111111111,12.0656862745098,7.2336231884058,10.1842105263158,17.2497076023392,15.2893203883495,208.5,57.2,2500.0,31.3,117.0,55.8884615384615,99.9666666666666,60.3363636363636,15.2,67.7,66.0,9.81052631578947,36.3,99.4,10.837037037037,32.0,23.3769230769231,67.35,40.9,83.1909090909091,,93.7333333333333,153.0,35.7,56.7,13.845,3.73930693069307,90.575,70.45,90.4,83.975,473.5,321.5,337.0,336.0,135.5,75.92,201.0,,45.15,177.333333333333,184.0,98.0,227.0,35.45,74.1,73.2,40.8353658536585
33.475,30.1444444444445,53.1875,76.2,73.14,60.4,8.07,36.5666666666667,69.5625,27.725,30.25,426.0,203.921052631579,26.15,124.0,149.25,7.15,27.3125,30.31875,40.5,113.0,50.6216666666667,11.8607142857143,11.2,18.7466216216216,38.0113636363636,159.0,394.333333333333,20.35,55.5,51.7,31.43125,21.35,349.5,264.5,386.0,32.8071428571429,11.7569444444444,159.5,35.1868421052631,21.75,82.7722222222222,18.75,43.3520833333333,49.95,135.1375,4.39857142857143,7.37,25.5086206896552,31.9,10.0166666666667,11.7,77.0,17.94,274.428571428571,57.2,5.33909090909091,32.525,34.9,70.1770992366412,53.0,63.8857142857143,68.6285714285714,207.75,37.15,8.79636363636364,97.5846153846154,64.475,24.2078616352201,20.4166666666667,83.2833333333333,270.666666666667,310.2,18.1,77.5,39.0944444444444,13.5571428571429,30.4941176470588,10.9722222222222,17.7,17.2368181818182,,220.5,16.0888888888889,22.9484848484848,9.77071428571428,26.3166666666667,8.2092,9.8675,19.35,15.425,51.9507936507936,45.75,8.55060240963855,19.6603260869565,12.6730769230769,22.19375,12.05,7.23285714285714,10.1681818181818,17.2494011976048,15.2931034482759,208.5,57.2947368421053,2500.0,31.3,117.0,55.9628571428571,99.9038461538461,60.3,15.225,67.921875,66.0,9.81791505791506,36.3,99.4852941176471,10.837037037037,32.005,23.4,67.3444444444444,40.8625,83.1444444444445,,93.6727272727273,153.0,35.7,56.675,13.81,3.73466666666667,90.6,70.3727272727273,90.4545454545454,83.9166666666667,473.5,321.5,337.0,336.0,135.5,75.95,201.0,,45.15,177.5,184.0,98.0,227.0,35.4375,74.1,73.2,40.8595238095238
33.4583333333333,30.1225806451613,53.2,76.2,73.1857142857143,60.4961538461539,8.07,36.6,69.6666666666667,27.7,30.25,425.3,203.888888888889,26.2214285714286,124.25,149.5,7.16,27.3,30.31875,40.5,113.0,50.7551282051282,11.8857142857143,11.2,18.74875,38.0113636363636,159.0,394.333333333333,20.35,55.5,51.7,31.495,21.298,349.5,264.5,386.0,32.98,11.75,159.45,35.1954545454545,21.775,82.7858695652174,18.7520833333333,43.4,49.95,135.26,4.39857142857143,7.37,25.5247422680412,31.9466666666667,10.05,11.6583333333333,77.0,17.95,274.472222222222,57.4,5.34,32.45,34.8992307692308,70.6255813953488,53.0090909090909,63.9,68.6666666666667,208.0,37.15,8.79922222222222,97.5708333333333,64.3,24.1516393442623,20.4166666666667,83.2,271.5,310.0,18.15,77.5,39.1127118644068,13.55,30.6,10.9988095238095,17.7,17.2305194805195,,220.5,16.1,22.98,9.77913043478261,26.3444444444445,8.21,9.86,19.35,15.425,52.0,45.7333333333333,8.55972972972973,19.6833333333333,12.6558139534884,22.1518181818182,12.05,7.23578947368421,10.1576923076923,17.2492443324937,15.2985119047619,208.916666666667,57.4666666666667,2503.75,31.3,116.941176470588,56.4444736842105,99.9,60.3111111111111,15.25,68.0555555555556,66.0,9.82,36.3,99.6,10.85,31.9909090909091,23.4272727272727,67.3941176470588,40.89375,83.186,,93.61,153.0,35.75,56.7,13.8125,3.73,90.6,70.4111111111111,90.525,83.9421052631579,474.5,321.75,337.0,336.8125,135.533333333333,76.1666666666667,201.0,,45.1666666666667,177.5,184.0,98.0,227.0,35.4533333333333,74.1,73.2,40.9
33.475,30.1,53.2,76.25,73.1928571428572,60.5,8.06,36.6590909090909,69.7444444444445,27.7,30.2666666666667,424.916666666667,203.75,26.2766666666667,124.5,150.0,7.15636363636364,27.3035,30.31875,40.5,113.0,50.727027027027,11.8857142857143,11.2,18.7611607142857,38.0113636363636,159.0,394.333333333333,20.4068965517241,55.4952380952381,51.65,31.5,21.3,349.5,264.5,387.0,32.9777777777778,11.7602941176471,159.5,35.2,21.7571428571429,82.7138157894737,18.75,43.4033333333333,49.95,135.048951048951,4.39857142857143,7.36473684210526,25.5526595744681,31.9666666666667,10.05,11.6659090909091,76.9578947368421,18.0076791808874,274.5,57.4,5.33,32.45,34.95,70.9402597402597,53.075,64.012,68.6,207.916666666667,37.1526315789474,8.80026402640264,97.6,64.5,24.121875,20.4166666666667,83.2,271.496183206107,310.434782608696,18.15,77.5214285714286,39.1071428571429,13.6,30.62,10.9738095238095,17.75,17.25,,220.25,16.1131578947368,22.98,9.78095238095238,26.3863636363636,8.21,9.87,19.35,15.4,52.0493670886076,45.7578014184397,8.58456140350877,19.6982142857143,12.6928571428571,22.1992424242424,12.05,7.23686567164179,10.1833333333333,17.2566666666667,15.291935483871,208.916666666667,57.525,2509.81481481482,31.3,116.9,56.2565217391304,99.975,60.3636363636364,15.245,68.0285714285714,66.1,9.83491596638656,36.3,99.7532710280374,10.8504347826087,32.0225,23.45,67.3526315789474,40.9034482758621,83.1375,,93.5666666666667,153.0,35.7,56.7,13.84875,3.735,90.6142857142857,70.4892857142857,90.5622641509434,83.9583333333333,474.5,321.75,337.0,338.51724137931,136.0,76.1,201.0,,45.1666666666667,177.875,184.0,98.0,227.5,35.5590909090909,74.2545454545455,73.2,40.9834196891192
33.45,30.1333333333333,53.2102990033223,76.25,73.2,60.46,8.06,36.7,69.87,27.7,30.2666666666667,424.555555555555,204.0,26.275,124.5,149.5,7.16,27.35,30.31875,40.5,113.0,50.7960784313726,11.8875,11.2083333333333,18.8,38.0113636363636,159.0,394.333333333333,20.4,55.4416666666667,51.65,31.5,21.3,349.5,264.5,387.0,32.9833333333333,11.75,159.583333333333,35.1934782608696,21.7455882352941,82.7326086956522,18.7735294117647,43.45,49.95,135.166666666667,4.4,7.37,25.5813636363636,31.9,10.05,11.6930555555556,76.925,18.0876923076923,274.25,57.4,5.34,32.5711538461538,35.0,70.9391304347826,53.05,64.1833333333333,68.5714285714286,207.5,37.175,8.80996336996337,97.6,64.6607142857143,24.1094594594595,20.4,83.2,270.957627118644,310.75,18.15,77.6457446808511,39.1,13.6,30.572,11.0,17.7,17.259693877551,,220.0,16.125,22.9833333333333,9.78095238095238,26.3916666666667,8.21,9.87,19.3125,15.4375,52.1,45.7671779141104,8.59072072072072,19.68125,12.7,22.1928571428571,12.0546875,7.24,10.1507800312012,17.3,15.3018918918919,208.892857142857,57.8821428571429,2510.0,31.3,116.916666666667,56.2826086956522,99.96,60.4,15.25,68.0285714285714,66.2,9.85198675496689,36.3,99.8952830188679,10.9,32.05,23.45,67.4,40.95,83.1714285714286,,93.65,153.0,35.7,56.8,13.8477777777778,3.74,90.6,70.4444444444444,90.5625,83.9769230769231,475.0,321.75,337.0,340.010204081633,136.0,76.1,201.0,,45.2,178.0,184.083333333333,98.0,227.5,35.6361111111111,74.4914285714286,73.2,41.0472222222222
33.4807692307692,30.1333333333333,53.3378787878788,76.29,73.2,60.4583333333333,8.06,36.6909090909091,69.7357142857143,27.71,30.34,424.083333333333,204.0,26.2,124.586956521739,149.5,7.1584,27.35625,30.31875,40.45,113.75,51.0264925373134,11.8795918367347,11.2083333333333,18.7963235294118,38.0113636363636,159.0625,394.333333333333,20.4470588235294,55.4909090909091,51.8,31.475,21.3166666666667,349.5,264.5,387.0,32.95,11.753125,159.75,35.2361111111111,21.7791666666667,82.8,18.775,43.3722222222222,50.0125,135.065217391304,4.4,7.38,25.5533333333333,31.9,10.05,11.6615384615385,76.9823529411765,18.0958333333333,274.357142857143,57.4,5.3375,32.55,35.031914893617,70.9647058823529,53.0444444444445,64.1285714285714,68.5166666666667,207.5,37.1521739130435,8.81005376344086,97.5909090909091,64.7235294117647,24.14375,20.4,83.3,270.7,310.75,18.1625,77.8285714285714,39.1,13.552,30.5613636363636,10.9707317073171,17.8,17.2767857142857,,220.0,16.11,22.975,9.8,26.35,8.204,9.87,19.35,15.4166666666667,52.0895833333333,45.7678571428571,8.59,19.6808510638298,12.75,22.179674796748,12.05,7.25037037037037,10.1469964664311,17.2878205128205,15.3,208.5,57.9310344827586,2507.85714285714,31.2833333333333,116.9,56.3952380952381,99.9,60.4,15.2520833333333,67.92,66.2,9.86525252525252,36.3,99.8690265486726,10.8714285714286,32.0,23.455,67.3461538461538,40.95,83.1636363636364,,93.6,153.0,35.75,56.7142857142857,13.8484848484848,3.74,90.6,70.4428571428572,90.4948717948718,84.0764705882353,475.0,321.75,337.0,340.0,135.666666666667,76.05,201.0,,45.2,177.7,184.0,98.0,227.5,35.7045454545455,74.9272727272727,73.2,41.0015151515152
33.4692307692308,30.1428571428571,53.4,76.3,73.3,60.58125,8.068,36.6833333333333,69.8333333333333,27.725,30.34,423.5,204.05,26.2166666666667,125.0,149.5,7.159,27.3166666666667,30.31875,40.45,114.0,51.3149560117302,11.95,11.2,18.8172131147541,38.05,159.166666666667,394.333333333333,20.4470588235294,55.475,51.9,31.5,21.3136363636364,349.5,264.5,387.0,32.95,11.77125,160.0,35.2166666666667,21.8,82.8,18.7681818181818,43.3743902439024,49.95,135.078947368421,4.395,7.37952380952381,25.5974576271186,31.9,10.05,11.6817307692308,76.9095238095238,18.0916666666667,274.5,57.4,5.34,32.6,35.1,70.9666666666667,53.0055555555556,64.1,68.5970588235294,208.0,37.1521739130435,8.80862857142857,97.6,64.7,24.1526315789474,20.4,83.3,270.714285714286,310.45,18.15,77.8518518518518,39.1416666666667,13.55,30.5785714285714,10.95,17.8,17.2553278688525,,218.5,16.1,23.0,9.8,26.35,8.204,9.86666666666666,19.35,15.4,52.0021739130435,45.78,8.58571428571429,19.7,12.75,22.1909090909091,12.0522727272727,7.25977272727273,10.1503584229391,17.2923076923077,15.3458333333333,208.5,58.115,2505.0,31.3,116.9,56.4,99.975,60.46875,15.275,67.8666666666667,66.2,9.87259259259259,36.3,99.8738461538461,10.9,32.0,23.455,67.38,40.95,83.1727272727273,,93.508,153.0,35.85,56.8,13.8485294117647,3.73052631578947,90.6,70.43,90.5875,84.1878787878788,475.0,321.5,337.0,339.85,136.0,76.05,201.0,,45.2,177.7,184.75,98.0,227.5,35.8990566037736,75.3125,73.2,41.0013888888889
33.4583333333333,30.1416666666667,53.4,76.25,73.3,60.5,8.07,36.675,70.0,27.7375,30.34,423.0,204.5,26.225,125.846875,150.0,7.15857142857143,27.3625,30.31875,40.5,114.0,51.2457142857143,11.9477272727273,11.2,18.8392857142857,38.05,159.5,395.0,20.4066666666667,55.4619047619048,51.9833333333333,31.5,21.35,349.7,264.5,387.5,32.95,11.75,160.0,35.25,21.75,82.8,18.75,43.4,49.9166666666667,135.054054054054,4.39,7.38,25.5893258426966,31.9,10.04,11.6903846153846,77.0,18.09,274.5,57.2,5.34,32.6035714285714,35.0502604166667,70.9096774193548,53.09,64.175,68.5928571428571,207.5,37.125,8.80983606557377,97.5791666666666,64.7,24.1535714285714,20.4,83.4,270.85,310.25,18.15,77.8555555555555,39.1354838709678,13.6,30.625,10.975,17.85,17.2514124293785,,220.0,16.1,22.95,9.8,26.3666666666667,8.21,9.87,19.35,15.4461538461538,52.0534482758621,45.7850746268657,8.5805,19.6828703703704,12.7521428571429,22.1982142857143,12.0848623853211,7.25833333333333,10.2,17.2592105263158,15.3,208.5,58.0111111111111,2505.0,31.356,116.9,56.4,100.0,60.5,15.3,67.8,66.2,9.86864406779661,36.3,99.7411764705882,10.85,32.0,23.45,67.4,40.9425925925926,83.15,,93.5,153.0,35.8285714285714,56.7833333333333,13.8454545454545,3.73,90.6,70.38,90.5136363636364,84.2277777777778,477.0,322.0,338.0,339.0,136.0,76.09,201.0,,45.25,177.7,184.5,98.0,227.5,35.9333333333333,75.7785714285714,73.2,40.9739130434783
33.4971153846154,30.11875,53.3677419354839,76.2571428571429,73.2,60.5,8.07,36.7185185185185,69.92,27.7,30.34,420.835616438356,204.318181818182,26.175,126.530864197531,150.0,7.16,27.3288461538462,30.31875,40.5,114.0,51.1679487179487,11.9583333333333,11.2954545454545,18.85,38.05,159.5,395.0,20.4066666666667,55.5,52.1,31.5055555555556,21.35,349.7,264.5,387.5,32.955,11.7530303030303,160.054054054054,35.2333333333333,21.75,82.8,18.7791666666667,43.3538461538462,49.975,135.410256410256,4.39,7.38375,25.5657894736842,31.925,10.05,11.6970588235294,77.0054054054054,18.06875,275.0,57.2,5.34,32.725,34.9173728813559,70.8814814814815,53.0714285714286,64.1333333333333,68.6176470588235,207.5,37.125,8.80974212034384,97.6363636363636,64.8,24.15,20.4,83.4,271.32967032967,310.4,18.15,77.8,39.1305555555556,13.55,30.65,10.9972222222222,17.8,17.25,,220.0,16.1,22.9833333333333,9.8,26.3928571428571,8.21,9.87,19.35,15.4,52.1285714285714,45.7959016393443,8.58,19.7,12.7508645533141,22.2,12.0654761904762,7.25884615384615,10.2,17.2767857142857,15.3388888888889,208.5,58.0,2505.0,31.388,117.0,56.3727272727273,100.0,60.5166666666667,15.2714285714286,67.8666666666667,66.3,9.86848484848485,36.3,99.704347826087,10.9,32.0,23.45,67.425,40.934375,83.204,,93.4454545454546,153.0,35.75,56.7625,13.8477272727273,3.73,90.6666666666667,70.4090909090909,90.4333333333333,84.374025974026,477.0,321.75,338.0,338.0,136.0,76.1833333333333,201.0,,45.2384615384615,177.7,184.25,98.0,227.5,35.9147058823529,75.796,73.2,40.9722222222222
33.55,30.115,53.4,76.25,73.2428571428571,60.5,8.07,36.6611111111111,70.0,27.7416666666667,30.4,419.176470588235,204.1,26.25,126.473684210526,150.0,7.16058823529412,27.35,30.3125,40.5,114.0,51.0398305084746,11.98125,11.3071428571429,18.85,38.05,159.461538461538,394.0,20.4066666666667,55.5,52.1,31.52,21.4,349.7,264.5,387.5,32.955,11.7566666666667,160.5,35.2857142857143,21.7,82.8,18.7666666666667,43.4,50.1,135.0,4.38978723404255,7.39,25.5466101694915,31.95,10.05,11.6863636363636,77.0592592592592,18.0612244897959,275.0,57.1,5.34666666666667,32.7,34.8553398058252,70.7133333333333,53.025,64.1333333333333,68.7,207.833333333333,37.1,8.81,97.6888888888889,64.7142857142857,24.1423913043478,20.4,83.3666666666667,272.0,310.5,18.15,77.8,39.1409090909091,13.55,30.7,10.9964285714286,17.8878378378378,17.2560344827586,,220.0,16.1428571428571,22.9833333333333,9.8,26.3833333333333,8.21,9.87,19.35,15.41,52.104,45.7944444444445,8.58,19.695,12.7359504132231,22.2013636363636,12.05,7.26,10.178125,17.3,15.3380952380952,208.75,58.0666666666667,2510.0,31.35,116.5,56.244262295082,99.96,60.5636363636364,15.25,67.8666666666667,66.3,9.87,36.3,99.7,10.9,32.0578947368421,23.45,67.4833333333333,40.925,83.3,,93.45,153.0,35.75,56.7,13.8464285714286,3.71933333333333,90.6777777777778,70.4315789473684,90.4710144927536,84.5216666666667,477.0,321.75,338.0,337.916666666667,136.0,76.2777777777778,201.0,,45.25,177.7,184.0,98.0,227.5,35.830487804878,75.41,73.2,40.9484848484849
33.5470588235294,30.1083333333333,53.3967741935484,76.32,73.2428571428571,60.5058823529412,8.075,36.7,70.0,27.7,30.4,420.708333333333,204.166666666667,26.3,126.020408163265,150.0,7.16958333333333,27.3928571428571,30.3125,40.475,113.5,50.9647058823529,12.0,11.3071428571429,18.8100823045268,38.05,159.5,394.0,20.4066666666667,55.5,52.0,31.5375,21.4,349.7,264.5,386.5,32.955,11.7948979591837,160.333333333333,35.2911764705882,21.75,82.7988095238095,18.796,43.375,50.1,135.145833333333,4.39,7.38,25.55,31.94,10.1,11.7,77.05,18.05,275.0,57.1,5.34666666666667,32.7142857142857,34.8266233766234,70.6181818181818,53.0375,64.1,68.62,207.75,37.2,8.81994791666667,97.6857142857143,64.7,24.11,20.4,83.3666666666667,271.652173913043,310.5,18.15,77.8,39.15,13.55,30.82,10.9529411764706,17.8823529411765,17.3,,220.0,16.125,22.9833333333333,9.78,26.3992063492064,8.21,9.87,19.4,15.4,52.2,45.7811023622047,8.57685185185185,19.6961538461538,12.7,22.2,12.0615384615385,7.26982456140351,10.1791666666667,17.27,15.3142857142857,208.954545454545,58.0,2510.0,31.35,116.75,56.2055555555556,99.95,60.65,15.3,67.8666666666667,66.3,9.88,36.3,99.6333333333333,10.9,32.05,23.45,67.4444444444444,40.940625,83.4795665634675,,93.4666666666666,152.5,35.75,56.8,13.8394736842105,3.71,90.7538461538462,70.2882352941176,90.5,84.5631578947368,477.0,321.75,338.0,339.0,136.0,76.3833333333333,201.0,,45.2214285714286,178.0,184.416666666667,98.0,227.5,35.7666666666667,75.3,73.1,40.9964912280702
33.5,30.1375,53.3928571428571,76.3,73.2516129032258,60.4052631578947,8.08,36.7,69.96875,27.7,30.4,420.5625,204.5,26.25,126.0,150.0,7.16642857142857,27.35,30.3125,40.5,113.5,51.0212765957447,11.95,11.3071428571429,18.7979299363057,38.05,159.875,394.0,20.3638888888889,55.4939393939394,52.05,31.54,21.3791666666667,349.5,264.5,386.5,32.9681818181818,11.7573333333333,160.5,35.2588235294118,21.7475,82.8,18.7814814814815,43.3272727272727,50.1,135.173913043478,4.39,7.385,25.5265957446809,31.9425,10.05,11.7,77.0833333333333,18.0255813953488,274.875,57.1,5.34,32.7,34.7560975609756,70.4111111111111,53.0333333333333,64.1,68.61,207.75,37.1909090909091,8.82950450450451,97.66,64.7,24.1,20.4,83.4,270.964285714286,310.5,18.1,77.8,39.1,13.55,30.7607142857143,10.95,17.925,17.2802816901408,,220.0,16.1076923076923,22.9666666666667,9.78,26.4272727272727,8.21,9.87444444444444,19.4,15.4,52.1631578947369,45.7964285714286,8.576,19.6895833333333,12.7,22.2053571428571,12.05,7.26959459459459,10.1544642857143,17.2843137254902,15.3053571428571,208.5,58.0,2510.0,31.3166666666667,117.0,56.1966666666667,99.9666666666666,60.796,15.3012820512821,67.9,66.3,9.87971929824562,36.3,99.6264705882353,10.8916666666667,32.05,23.45,67.45,40.9458333333333,83.8,,93.468,152.5,35.75,56.82,13.8305555555556,3.73,90.8,70.2333333333333,90.5,84.5653846153846,474.5,321.75,338.0,339.0,136.0,76.3714285714286,201.0,,45.2441176470588,177.642857142857,184.458333333333,98.0,227.5,35.8,75.2666666666667,73.1,40.9672413793104
33.5,30.11,53.4,76.2777777777778,73.2,60.4,8.08666666666667,36.7,69.88,27.7272727272727,30.35,421.15625,204.5,26.225,125.736842105263,150.0,7.17,27.3318181818182,30.3125,40.5104166666667,113.5,50.9068965517241,11.9932203389831,11.3,18.7777777777778,38.05,159.25,394.0,20.45,55.4972972972973,52.0,31.5166666666667,21.4,349.333333333333,264.5,386.5,32.9583333333333,11.7422064777328,160.3,35.2418367346939,21.7,82.7915254237288,18.7833333333333,43.25,50.0,135.145161290323,4.39,7.39350877192983,25.5036231884058,31.9433333333333,10.1,11.7,77.0357142857143,18.0,275.0,57.1,5.34,32.75,34.6944680851064,70.2555555555555,53.03,64.0,68.7,208.0,37.15,8.83,97.675,64.7388888888889,24.1125,20.4,83.3,270.77027027027,310.5,18.15,77.85,39.1,13.55,30.73,11.0,17.9363636363636,17.3,,220.0,16.1166666666667,22.9928571428571,9.7721875,26.4,8.21,9.87444444444444,19.4,15.4,52.1901960784314,45.7886666666667,8.57,19.6714285714286,12.7653498871332,22.2083333333333,12.05,7.2778125,10.15,17.2733333333333,15.3,208.5,58.0,2505.0,31.3,116.75,56.125,99.925,60.8785714285714,15.3192307692308,67.8,66.3,9.88044176706827,36.3,99.7,10.85,32.0416666666667,23.45,67.45,40.9488095238095,83.8282608695652,,93.4777777777778,152.5,35.7,56.8166666666667,13.8,3.73,90.8,70.1777777777778,90.55,84.6232558139535,474.5,323.0,338.0,339.0,136.0,76.27,201.0,,45.2071428571429,177.5,184.0,97.7,227.5,35.7631578947368,75.375,73.1,40.9613636363636
33.5,30.1495967741936,53.3863636363636,76.1857142857143,73.16,60.4,8.08666666666667,36.65,69.8636363636364,27.7428571428571,30.35,421.2,204.5,26.225,126.0,150.0,7.16727272727273,27.3153846153846,30.3125,40.55,113.5,50.8,12.0,11.3,18.7790322580645,38.05,159.5,394.666666666667,20.45,55.5833333333333,51.9333333333333,31.52,21.4,349.0,264.5,386.5,32.95,11.7238461538462,160.0,35.2340909090909,21.7428571428571,82.7905172413793,18.75625,43.25625,50.0,135.061538461538,4.39,7.40076923076923,25.4379518072289,31.9,10.1,11.7057692307692,77.075,18.0,274.5,57.0,5.34,32.7125,34.632429245283,70.1285714285714,53.0,64.0,68.6166666666667,207.5,37.13,8.83697916666667,97.6357142857143,64.7352941176471,24.1342105263158,20.4,83.3,270.52380952381,310.0,18.15,77.7027027027027,39.1625,13.5892857142857,30.7,10.9727272727273,17.8531914893617,17.2998161764706,,220.0,16.1,22.9785714285714,9.79,26.4277777777778,8.21,9.87,19.4,15.4423076923077,52.1871794871795,45.8,8.56885714285714,19.6916666666667,12.751724137931,22.2115384615385,12.05,7.27809523809524,10.1583333333333,17.2568181818182,15.3,208.916666666667,57.95,2505.0,31.3,116.5,56.13,99.95,60.7882352941176,15.2991379310345,67.8333333333333,66.3,9.88984455958549,36.3,99.6214285714286,10.85,32.0989583333333,23.45,67.4272727272727,40.9515625,83.8120481927711,,93.6,152.5,35.7,56.8576923076923,13.8460317460317,3.71210526315789,90.75,70.075,90.5135135135135,84.6192307692308,474.5,323.0,337.666666666667,339.6,135.8,76.15,201.0,,45.225,177.5,184.5,97.7,227.5,35.75625,75.5,73.1,40.9805555555555
33.5,30.15,53.3631578947369,76.2,73.1083333333333,60.3710526315789,8.09,36.65,69.8181818181818,27.7045454545454,30.35,421.2,204.0,26.2,125.5,150.0,7.169,27.3153846153846,30.3125,40.5444444444445,113.0,50.6553571428571,12.0,11.3,18.7798245614035,38.05,159.5,394.5,20.4142857142857,55.5818181818182,51.8,31.5388888888889,21.39375,349.0,264.5,387.5,32.95,11.7051912568306,160.3125,35.2027027027027,21.7428571428571,82.7717171717172,18.7690476190476,43.26,49.95,135.108108108108,4.4,7.39979166666667,25.403125,31.9,10.1,11.7,77.0,18.0,274.5,57.0,5.34,32.725,34.617667844523,70.1933333333334,53.0615384615385,64.0,68.675,207.5,37.1333333333333,8.83767123287671,97.6181818181818,64.6,24.1072580645161,20.4222222222222,83.3,270.4,309.875,18.15,77.6,39.1528571428571,13.5954545454545,30.7,10.9889830508475,17.8,17.2876470588235,,220.0,16.1107142857143,22.9857142857143,9.79,26.4,8.20230769230769,9.87,19.4,15.4,52.2,45.8342857142857,8.56,19.6681818181818,12.7558823529412,22.2,12.05,7.27292682926829,10.1847222222222,17.2530612244898,15.30625,209.0,57.9,2499.44444444444,31.25,116.5,56.08,99.9636363636364,60.5390243902439,15.2636363636364,67.8333333333333,66.1,9.88861788617886,36.3,99.5,10.85,32.1446428571429,23.5,67.4285714285714,41.0,83.7684210526316,,93.52,152.5,35.7,56.775,13.8203703703704,3.71,90.7,70.0923076923077,90.5333333333333,84.4108108108108,474.5,323.0,337.0,339.0,135.75,76.1,201.0,,45.2,177.0,184.25,98.0,227.5,35.74375,75.6,73.1,40.95
33.535,30.15,53.3531914893617,76.08,73.0818181818182,60.3,8.09,36.7,69.7222222222222,27.7,30.3,420.954545454545,204.166666666667,26.2592105263158,125.05,150.0,7.17,27.3,30.3125,40.54,113.0,50.7076923076923,11.9583333333333,11.3,18.7648648648649,38.05,159.5,395.0,20.4,55.5571428571429,51.8,31.5222222222222,21.44,348.5,264.5,387.5,32.95,11.7106060606061,160.029411764706,35.2295454545455,21.7428571428571,82.7708860759494,18.793670886076,43.2346153846154,49.95,135.090163934426,4.39,7.38149253731343,25.3479166666667,31.909375,10.1,11.7,77.0333333333333,18.0,274.5,57.3,5.34,32.745,34.630303030303,70.2434782608696,53.0434782608696,64.0,68.6,207.5,37.1333333333333,8.84042654028436,97.60625,64.6142857142857,24.1234567901235,20.3948529411765,83.3333333333333,270.5,309.5,18.15,77.5,39.175,13.5966666666667,30.7444444444444,10.9924757281553,17.8,17.2688888888889,,220.0,16.102,22.95,9.78,26.4,8.2,9.87,19.4,15.4,52.16,45.8559523809524,8.55230769230769,19.6621621621622,12.7461111111111,22.2022388059701,12.0837837837838,7.27,10.1671875,17.2524752475248,15.3092592592593,208.5,57.8571428571428,2497.5,31.25,116.75,56.0333333333333,99.9,60.47,15.25,67.8,66.1,9.88550458715597,36.3,99.4416666666667,10.85,32.06,23.5,67.4384615384615,41.0,83.604,,93.48,152.5,35.7,56.75,13.8133333333333,3.71,90.6666666666667,70.0357142857143,90.5,84.1192307692308,476.25,322.25,337.0,338.25,136.0,76.04,201.0,,45.2045454545455,177.5,184.0,98.0,227.5,35.7125,75.5,73.1,40.9587301587302
33.55,30.15,53.3916666666667,76.08,73.0,60.3,8.07925925925926,36.7,69.8,27.7,30.3,420.5,204.166666666667,26.3,125.25,149.5,7.178125,27.3052631578947,30.3125,40.54,113.5,50.7833333333333,11.975,11.3,18.8,38.05,159.5,395.0,20.36875,55.6,51.7,31.53,21.4125,348.5,264.5,387.5,32.95,11.7478873239437,160.0,35.2333333333333,21.7428571428571,82.7858156028369,18.7956896551724,43.25,49.95,135.034482758621,4.39,7.39,25.3845454545455,31.93,10.1,11.7,77.0411764705882,17.95,275.0,57.3,5.34,32.75,34.6123376623377,70.3105263157895,53.07,63.9,68.55,207.5,37.1166666666667,8.84584615384615,97.6454545454546,64.6,24.1017543859649,20.3875,83.4,270.166666666667,309.583333333333,18.1,77.5,39.15,13.6,30.7166666666667,11.0,17.8375,17.2811764705882,,220.0,16.075,22.9,9.78,26.4444444444444,8.2,9.86,19.4,15.4,52.1138888888889,45.9,8.55,19.6571428571429,12.7,22.2,12.05,7.27157894736842,10.1815789473684,17.285,15.3125,208.5,57.8571428571428,2490.0,31.2666666666667,117.0,56.004,100.0,60.3333333333333,15.25,67.8,66.1,9.89,36.3,99.4846153846154,10.85,32.1,23.5,67.5,41.0,83.6272727272727,,93.4625,152.555555555556,35.7,56.775,13.84,3.72,90.6,70.0103448275862,90.5,84.1433333333333,476.25,322.25,337.0,338.25,136.0,76.0166666666667,201.0,,45.2,177.5,184.0,98.0,227.5,35.7,75.4,73.1,40.9508474576271
33.5055555555556,30.1346153846154,53.3393442622951,76.0,73.0181818181818,60.3048780487805,8.07925925925926,36.7,69.7833333333333,27.7,30.2944444444444,420.0,204.5,26.275,125.545454545455,149.5,7.18,27.2666666666667,30.325,40.5,113.0,50.7264705882353,12.0,11.3,18.7540462427746,38.05,159.5,395.0,20.4,55.6,51.616,31.55,21.45,348.5,264.5,387.5,32.9636363636364,11.725,160.166666666667,35.226,21.7428571428571,82.7690476190476,18.7714285714286,43.2714285714286,49.95,135.187050359712,4.39,7.39,25.3982142857143,31.9357142857143,10.1,11.7019230769231,77.0818181818182,17.9992366412214,275.0,57.3,5.34,32.75,34.6,70.3,53.05,63.9,68.55,207.5,37.15,8.83753303964758,97.675,64.6,24.1007142857143,20.3981707317073,83.4,270.375,309.416666666667,18.0815789473684,77.5,39.15,13.6,30.7285714285714,11.0208333333333,17.8,17.2819672131148,,220.0,16.0846153846154,22.9,9.78,26.4428571428571,8.19375,9.86,19.35,15.4,52.1243243243243,45.8910714285714,8.55090909090909,19.6782608695652,12.7083333333333,22.21875,12.05,7.27666666666667,10.175,17.2794117647059,15.3013888888889,208.5,57.775,2497.5,31.2,117.0,55.925,99.9,60.4,15.25,67.8,66.1,9.88701492537314,36.3,99.4235294117647,10.85,32.0875,23.5,67.5,41.0,83.6875,,93.5333333333334,152.5,35.7,56.7333333333333,13.809375,3.71,90.4575,69.9222222222222,90.4243243243243,84.125,478.5,322.0,337.0,338.5,136.0,76.0,201.0,,45.15,177.0,184.25,98.0,228.0,35.7,75.4,73.1,40.8944444444445
33.5,30.1105263157895,53.3733333333333,76.0,73.02,60.3684210526316,8.07925925925926,36.7,69.7647058823529,27.7076923076923,30.25,420.5,204.5,26.25,125.666666666667,149.5,7.18888888888889,27.25,30.327868852459,40.5846153846154,113.0,50.7954545454545,11.95,11.3,18.7666666666667,38.05,159.5,395.0,20.35,55.5916666666667,51.616,31.53,21.45,347.59375,264.5,387.5,32.96,11.7368421052632,160.166666666667,35.224,21.7428571428571,82.8,18.7678571428571,43.2315789473684,49.95,135.09375,4.39834782608696,7.39,25.445652173913,31.9,10.1,11.6961538461538,77.0111111111111,17.9897727272727,274.5,57.3,5.34,32.75,34.6490384615385,70.3,53.0333333333333,63.8,68.5846153846154,207.0,37.1,8.83456953642384,97.58,64.6,24.1,20.4,83.4,270.0,309.0,18.0,77.5,39.1375,13.5857142857143,30.746875,11.0277272727273,17.8,17.2784722222222,,220.5,16.08125,22.9,9.78,26.4071428571429,8.196,9.86,19.36,15.4,52.0520833333333,45.9188976377953,8.55,19.6591666666667,12.709375,22.2027777777778,12.05,7.27922413793103,10.1637931034483,17.2554054054054,15.3055555555556,209.0,57.7,2506.66666666667,31.2,116.5,55.95,99.9,60.4,15.25,67.8,66.1,9.88770491803279,36.3,99.4166666666667,10.85,32.1,23.5,67.4181818181818,41.0,83.6166666666667,,93.6,152.5,35.675,56.7,13.8166666666667,3.71833333333333,90.3449275362319,69.6760869565217,90.4565217391304,84.2125,477.75,322.0,335.5,338.25,135.666666666667,76.05,201.0,,45.15,177.0,184.166666666667,98.0,227.5,35.6952380952381,75.4925925925926,73.1,40.8586956521739
33.505,30.1,53.3576923076923,76.0333333333333,73.025,60.3714285714286,8.07925925925926,36.7,69.7285714285714,27.7,30.25,418.646551724138,204.0625,26.21,125.583333333333,149.5,7.19,27.25,30.2339285714286,40.69375,113.5,50.85,11.95,11.3,18.7653465346535,38.05,159.5,395.0,20.3176470588235,55.5428571428571,51.7,31.5375,21.4142857142857,347.0,264.5,387.5,32.965625,11.7234848484848,160.083333333333,35.2071428571429,21.7,82.8793103448276,18.7638888888889,43.195,49.95,135.059523809524,4.41230769230769,7.39,25.4803921568627,31.9,10.1,11.6962962962963,77.0083333333333,18.0,274.666666666667,57.0,5.34,32.8,34.6944444444444,70.35,53.0615384615385,63.8,68.5785714285714,207.166666666667,37.1333333333333,8.83642857142857,97.652380952381,64.7,24.1,20.4,83.3,270.045454545455,309.0,18.0,77.5,39.1642857142857,13.5875,30.75,11.0325,17.8,17.3305194805195,,220.5,16.0704545454545,22.9,9.78,26.4071428571429,8.19,9.86094339622641,19.36,15.4,52.072,45.96796875,8.55071428571429,19.678125,12.7195652173913,22.205,12.05,7.27222222222222,10.1711538461538,17.2517857142857,15.3388888888889,208.625,57.7,2510.0,31.2,117.137096774194,55.95,99.95,60.4,15.25,67.8,66.1,9.88135135135135,36.3,99.5083333333333,10.85,32.05,23.4916666666667,67.45,41.0,83.61,,93.4571428571429,152.5,35.675,56.7,13.82,3.72,90.5,69.6,90.5,84.2111111111111,477.75,322.0,335.0,338.0,135.666666666667,76.0,201.0,,45.15625,177.333333333333,184.0,98.0,227.5,35.655,75.4666666666667,73.1,40.8333333333333
33.5,30.1,53.3791666666667,76.1,73.075,60.3,8.08,36.7055555555556,69.7833333333333,27.7,30.25,416.121951219512,204.0625,26.1708333333333,125.5,149.5,7.1875,27.2777777777778,30.2339285714286,40.69375,113.5,50.80625,12.0,11.3,18.7607142857143,38.05,159.5,395.0,20.33,55.58,51.7,31.5375,21.4,347.0,264.5,387.5,32.9666666666667,11.7592039800995,160.0,35.2463414634146,21.7,82.8737704918033,18.7611111111111,43.15,49.95,135.08064516129,4.41,7.39,25.5483870967742,31.9,10.07,11.7,77.05,18.0,275.0,57.0,5.34,32.75,34.6710526315789,70.3166666666667,53.0333333333333,63.8,68.6,207.0,37.1,8.83527777777778,97.6555555555556,64.7,24.0810344827586,20.4,83.3,270.388888888889,309.0,18.0,77.6,39.1333333333333,13.6,30.8333333333333,11.0,17.8,17.3015151515152,,220.5,16.0722222222222,22.9,9.78,26.4416666666667,8.19967741935484,9.86094339622641,19.36,15.4,52.0666666666667,46.01,8.55968253968254,19.6857142857143,12.7217391304348,22.2236842105263,12.05,7.27809523809524,10.1916666666667,17.25625,15.3011,208.625,57.7,2505.0,31.2,117.333333333333,56.0,99.9,60.4,15.2875,67.8,66.1,9.88810344827586,36.3,99.5714285714286,10.85,32.05,23.475,67.4307692307692,40.9552631578947,83.6142857142857,,93.48,152.5,35.6,56.7,13.8083333333333,3.71,90.4,69.6,90.4631578947368,84.1772727272727,477.0,321.5,335.0,337.8,136.0,76.0,201.0,,45.16,177.333333333333,184.0,98.0,227.5,35.6375,75.4,73.1,40.8222222222222
33.5025,30.104347826087,53.3068965517241,76.0,73.0037037037037,60.3,8.08,36.75,69.7038461538462,27.6972222222222,30.25,417.0,204.0,26.1233333333333,125.5,149.5,7.18846153846154,27.3088235294118,30.2339285714286,40.6642857142857,113.0,50.8625,11.965,11.3,18.7482300884956,38.05,159.5,394.5,20.33,55.5153846153846,51.6,31.5083333333333,21.371875,347.0,264.5,386.0,32.9473404255319,11.7518867924528,160.0,35.2271428571429,21.7298969072165,82.8127272727273,18.7512195121951,43.15,49.95,135.04296875,4.4,7.39,25.4905405405405,31.8888888888889,10.05,11.7,77.0015625,18.0,274.5,57.0,5.34,32.80625,34.664,70.2833333333333,53.0357142857143,63.75,68.6,207.0,37.1,8.83554744525547,97.5705882352941,64.7,24.1135135135135,20.4,83.3,269.822916666667,309.181818181818,18.0,77.5,39.1,13.5736842105263,30.8125,11.0,17.75,17.3175438596491,,220.5,16.0555555555556,22.9,9.78,26.4018518518518,8.19,9.87,19.36,15.4,52.0313432835821,46.0586206896552,8.55359649122807,19.6556603773585,12.7037313432836,22.2048780487805,12.05,7.27263888888889,10.1516666666667,17.25,15.3164285714286,208.5,57.7,2505.0,31.2,117.1,55.9052631578947,99.9222222222222,60.3714285714286,15.25,67.8,66.1,9.88656,36.3,99.5928571428571,10.8363636363636,32.075,23.45,67.3875,40.9426229508197,83.5992907801418,,93.5,152.5,35.6,56.6823529411765,13.8010638297872,3.70074074074074,90.4142857142857,69.5848484848485,90.44,84.15,477.0,321.5,335.0,337.7,136.0625,75.8,201.0,,45.0690476190476,177.0,184.0,98.0,227.5,35.672,75.4,73.1,40.7930555555555
33.5,30.104347826087,53.2555555555555,76.1,73.0,60.2941176470588,8.08,36.765,69.6739130434783,27.65,30.225,416.208333333333,203.5,26.075,125.5,149.5,7.188125,27.28,30.2339285714286,40.65,113.0,50.8880952380952,11.975,11.3,18.7066666666667,38.05,159.25,395.0,20.33,55.5242424242424,51.6,31.5071428571429,21.3714285714286,345.714285714286,264.5,386.0,32.8960199004975,11.7586538461538,160.037037037037,35.2488888888889,21.7,82.84,18.7525,43.1409090909091,50.0,135.008196721311,4.4,7.39,25.46625,31.85,10.0142857142857,11.6990740740741,77.0125,18.0,274.5,57.1,5.34,32.8,34.7,70.2,53.0027586206897,63.75,68.6,207.0,37.1,8.83823529411764,97.5444444444445,64.7,24.1016129032258,20.4,83.3,269.1875,309.2,18.0,77.4461538461538,39.1104166666667,13.5833333333333,30.9,11.0,17.75,17.3479553903346,,220.5,16.0738095238095,22.95,9.78,26.4,8.19,9.87,19.36,15.4,52.0186440677966,46.0391304347826,8.55525,19.6571428571429,12.7,22.2182926829268,12.05,7.27,10.1557692307692,17.2568965517241,15.3,208.5,57.7,2500.0,31.2416666666667,117.0,55.87,99.9166666666667,60.3,15.25,67.7,66.2,9.88,36.3,99.61875,10.8,32.075,23.45,67.34,40.8633333333333,83.6,,93.6,152.25,35.6,56.6454545454546,13.8,3.7,90.4,69.605,90.45,84.0583333333333,479.0,322.5,335.0,336.428571428571,136.0,75.7,201.0,,45.05,177.0,184.0,98.0,227.5,35.7136363636364,75.4,73.1,40.75
33.5041666666667,30.1,53.22,76.0,73.00625,60.3,8.08,36.775,69.6588235294118,27.65,30.1833333333333,412.38679245283,203.326923076923,26.0681818181818,125.555555555556,149.5,7.19,27.3,30.2339285714286,40.65,113.0,50.9,11.95,11.3,18.7243055555556,38.1,159.25,394.642857142857,20.31,55.4878787878788,51.8,31.53,21.38,345.25,264.5,386.375,32.85,11.75,160.0625,35.2666666666667,21.7,82.8095238095238,18.7533333333333,43.1081818181818,50.1,135.0078125,4.4,7.39677419354839,25.4907407407407,31.8833333333333,10.0142857142857,11.6878787878788,77.0,17.9625,274.5,57.2,5.34,32.834375,34.6961538461538,70.1571428571429,53.0,63.7,68.6625,207.0,37.1,8.82633416458853,97.5617647058824,64.7,24.1352941176471,20.4,83.3,269.0,309.125,18.05,77.375,39.1,13.58,30.9625,11.0,17.75,17.3523148148148,,220.625,16.0683333333333,22.91,9.78,26.4,8.1947619047619,9.87,19.36,15.4,52.065306122449,46.1159292035398,8.55,19.6606060606061,12.7180327868852,22.2107142857143,12.05,7.27253164556962,10.1584415584416,17.2535714285714,15.3,208.5,57.6363636363636,2500.0,31.2416666666667,117.0,55.8285714285714,99.9,60.3222222222222,15.25,67.8,66.2,9.87084615384615,36.3,99.721052631579,10.8,32.0944444444444,23.45,67.3071428571428,40.7980769230769,83.56,,93.5666666666667,152.0,35.6,56.6666666666667,13.8142857142857,3.706875,90.4,69.6,90.4,84.0526315789474,479.0,322.5,335.0,337.0,136.0,75.7,201.5,,45.0936170212766,177.0,184.0,98.0,227.5,35.75,75.38,73.6,40.7583333333333
33.5,30.1,53.2615384615385,76.05,73.025,60.3153846153846,8.08,36.7944444444445,69.6571428571429,27.65,30.1466666666667,410.853658536585,202.942307692308,26.07,125.555555555556,149.75,7.18,27.3,30.2339285714286,40.65,113.5,50.9,11.9512953367876,11.3,18.7340909090909,38.1,159.25,394.5,20.3,55.4925925925926,51.8,31.52,21.4,345.5,264.5,386.0,32.85,11.7551724137931,160.0,35.2588235294118,21.7,82.832,18.75,43.1064102564102,50.1,135.0,4.4,7.39,25.4471428571429,31.85,10.0,11.65,77.0083333333333,17.9727272727273,274.6,57.1,5.34,32.85,34.7625,70.0428571428571,53.05,63.6,68.5714285714286,207.0,37.05,8.81683168316832,97.5571428571428,64.675,24.10625,20.4,83.3,269.0,309.0,18.05,77.3,39.1,13.55,31.0411764705882,11.0,17.75,17.3559405940594,,222.0,16.08,22.9,9.78,26.4,8.19,9.88,19.36,15.4,52.0723404255319,46.1703608247423,8.55161290322581,19.65,12.7166666666667,22.2275862068966,12.05,7.27,10.15,17.25,15.3,208.5,57.64,2510.0,31.25,116.964285714286,55.7730769230769,99.9875,60.3,15.28,67.6,66.2,9.868375,36.3,99.6571428571429,10.8,32.0625,23.45,67.325,40.735,83.4959459459459,,93.4947368421053,152.5,35.55,56.6,13.8166666666667,3.71227272727273,90.4,69.6363636363636,90.3177215189874,84.0916666666667,478.833333333333,322.5,335.0,337.0,136.0,75.7,201.5,,45.0625,177.25,184.0,98.0,227.75,35.7666666666667,75.3,73.6,40.7625
33.5,30.12,53.2764705882353,76.0166666666667,73.0,60.298,8.08,36.7875,69.6705882352941,27.6672413793104,30.1,415.09756097561,202.916666666667,26.0666666666667,125.25,149.75,7.19,27.25,30.2,40.6,113.5,50.8960784313725,11.9486111111111,11.3,18.7158536585366,38.1,159.5,394.5,20.2928571428571,55.4842105263158,52.0,31.52,21.3714285714286,345.5,264.5,386.0,32.85,11.75,160.05,35.2791666666667,21.75,82.8603773584906,18.7788461538462,43.1027777777778,50.1,135.0,4.4,7.39,25.45,31.85,10.0,11.6714285714286,77.0533333333333,17.95,274.5,57.1,5.33,32.8611111111111,34.7692307692308,69.8285714285714,53.0,63.7,68.58,207.0,37.125,8.80886524822695,97.5666666666666,64.65,24.1491379310345,20.45,83.3,269.0,309.0,18.05,77.2166666666667,39.1,13.55,31.3928571428571,11.0,17.75,17.3640845070423,,221.5,16.0625,22.9,9.77,26.4,8.19166666666666,9.875,19.36,15.4,52.0115226337449,46.1725806451613,8.552,19.6809523809524,12.7,22.226,12.05,7.27078125,10.1617647058824,17.252380952381,15.303125,208.5,57.6,2510.0,31.25,116.5,55.6230769230769,99.9,60.3166666666667,15.2520833333333,67.625,66.2,9.86233766233766,36.3,99.5727272727273,10.8,32.0916666666667,23.5,67.2294117647059,40.6410256410256,83.4,,93.4,152.0,35.65,56.6,13.8304347826087,3.71,90.4,69.6041666666667,90.2222222222222,84.1,477.5,322.5,335.0,337.166666666667,136.0,75.725,201.5,,45.05625,177.0,184.25,98.1,227.5,35.7857142857143,75.275,73.6,40.75
33.5227272727273,30.1,53.2166666666667,76.0,73.0,60.2571428571429,8.08,36.8,69.6285714285714,27.65,30.1,415.333333333333,202.583333333333,26.0428571428571,125.25,149.5,7.18769230769231,27.2516129032258,30.2,40.6333333333333,113.5,50.995,11.9,11.3,18.7080808080808,38.1,159.5,394.5,20.2928571428571,55.525,52.1,31.53,21.3636363636364,346.0,264.5,386.0,32.8625,11.75,160.071428571429,35.2085714285714,21.7482558139535,82.8394904458599,18.7714285714286,43.1239130434783,50.0,135.011363636364,4.4,7.39,25.4456896551724,31.8,10.0,11.6642857142857,77.0,17.95,274.666666666667,57.1,5.32666666666667,32.9,34.8307692307692,69.7666666666667,53.0071428571429,63.6,68.65,207.083333333333,37.0666666666667,8.80464285714286,97.525,64.7,24.1,20.5,83.4,269.472222222222,309.05,18.05,77.2393939393939,39.1083333333333,13.5625,31.38,11.008,17.5657051282051,17.2837412587413,,221.5,16.0578947368421,22.9,9.78,26.430487804878,8.19,9.87,19.36,15.4093023255814,51.983908045977,46.1857894736842,8.54804054054054,19.6573170731707,12.7058823529412,22.2196245733788,12.05,7.26277108433735,10.1555555555556,17.2505555555556,15.3,208.5,57.55,2510.0,31.25,116.875,55.55,99.9181818181818,60.3,15.2826086956522,67.6,66.2,9.86036697247706,36.3,99.6,10.8,32.0866666666667,23.5,67.2285714285714,40.6192307692308,83.4,,93.32,152.0,35.65,56.65,13.8038461538462,3.71,90.4,69.5333333333333,90.3,84.2,477.5,322.5,335.0,337.166666666667,136.0,75.74,201.5,,45.05,177.166666666667,184.0,98.1,227.5,35.8214285714286,75.2,73.6,40.75
33.5071428571429,30.1,53.2739130434783,75.975,73.0060606060606,60.3,8.07909090909091,36.775,69.68,27.65,30.1,413.75,203.0,26.0428571428571,125.125,149.5,7.19571428571429,27.25,30.2,40.6333333333333,114.0,51.1045977011494,11.9,11.3,18.748523206751,38.1,159.5,394.5,20.2928571428571,55.5,52.1,31.5375,21.4,345.5,265.166666666667,386.0,32.8928571428571,11.7518181818182,160.0,35.2078947368421,21.7482558139535,82.8454545454546,18.7607142857143,43.1096153846154,50.05,135.0,4.4,7.39,25.4432432432432,31.8428571428571,10.0576923076923,11.6990384615385,77.0,17.95,275.0,57.1,5.32666666666667,32.88,34.85,69.748,53.08,63.6333333333333,68.6,207.166666666667,37.0666666666667,8.80214285714286,97.6,64.7,24.1333333333333,20.5,83.4,269.472222222222,309.375,18.0,77.3333333333333,39.15,13.55,31.35625,11.03125,17.4847619047619,17.2497737556561,,221.0,16.0916666666667,22.95,9.77571428571428,26.4,8.19,9.87,19.36,15.425,52.0,46.1946902654867,8.54742857142857,19.67734375,12.7,22.2361111111111,12.05,7.26,10.1952380952381,17.2536363636364,15.3111111111111,208.5,57.6,2505.0,31.25,117.0,55.6,99.9375,60.3,15.2944444444444,67.6,66.2,9.85340909090909,36.6875,99.675,10.8,32.15,23.45,67.2583333333333,40.605,83.4,,93.3,152.0,35.75,56.7,13.82,3.71,90.425,69.5166666666667,90.2266666666667,84.2405405405405,477.5,322.0,335.0,337.0,136.0,75.8,201.5,,45.025,177.0,184.0,98.2,227.964285714286,35.8277777777778,75.2,73.6,40.75
33.5,30.0982456140351,53.2916666666667,75.9,73.0704545454546,60.4,8.07909090909091,36.7978260869565,69.7,27.6961538461538,30.1,414.785714285714,202.538461538462,26.06,125.0,149.5,7.19,27.25,30.2,40.65,113.666666666667,51.019696969697,11.9,11.3,18.735,38.1,159.555555555556,394.5,20.3,55.6,52.0166666666667,31.55,21.4,345.5,265.166666666667,386.0,32.8928571428571,11.75,160.5,35.2423076923077,21.7666666666667,82.8235294117647,18.7727272727273,43.11,50.0,135.022727272727,4.4,7.39,25.45,31.8125,10.0576923076923,11.7,77.0,17.9961538461538,275.0,57.1,5.32666666666667,32.88,34.8492537313433,69.84,53.0222222222222,63.6333333333333,68.6,207.0,37.05,8.80961538461539,97.59,64.8,24.1539682539682,20.4666666666667,83.4,270.0,309.333333333333,18.0,77.24,39.1233333333333,13.5509523809524,31.3333333333333,10.9996784565916,17.4996835443038,17.2592857142857,,221.0,16.0625,22.91,9.77571428571428,26.43125,8.19,9.87,19.36,15.4,51.9373831775701,46.2300699300699,8.54,19.6636363636364,12.725,22.2431034482759,12.05,7.2630303030303,10.1625,17.2603658536585,15.3,208.5,57.6,2505.0,31.25,117.0,55.7,100.0,60.4318181818182,15.305652173913,67.6,66.2,9.85450819672131,36.6875,99.5972972972973,10.8,32.1,23.45,67.275,40.59375,83.4,,93.3,152.444444444444,35.65,56.68,13.8,3.71032786885246,90.4,69.5,90.2192307692308,84.2823529411765,476.5,322.0,335.0,337.0,136.0,75.7333333333333,201.5,,45.1,177.0,184.0,98.2,227.964285714286,35.8375,75.2,73.6,40.7318181818182
33.4961538461538,30.05,53.2923076923077,75.9,73.0333333333333,60.3,8.07,36.8434210526316,69.8,27.6974358974359,30.05,413.857142857143,202.4,26.1666666666667,125.5,149.583333333333,7.19,27.2,30.2,40.65,113.666666666667,50.9655172413793,11.95,11.3,18.7506172839506,38.1,159.5,394.5,20.3121621621622,55.5033333333333,52.0166666666667,31.55,21.4,345.5,265.166666666667,386.0,32.85,11.7534482758621,160.25,35.23,21.7927631578947,82.85,18.7666666666667,43.1375,50.0,135.0,4.39,7.4,25.4810344827586,31.8,10.0583333333333,11.7142857142857,77.0181818181818,17.9958333333333,275.0,57.1,5.32,32.85,34.8851851851852,69.85,53.025,63.7,68.6333333333333,207.0,37.05,8.80943005181347,97.5478260869565,64.8,24.1559210526316,20.4666666666667,83.4230769230769,270.152173913043,309.4375,18.05,77.24,39.1,13.55,31.3727272727273,10.9892617449664,17.4988372093023,17.2326923076923,,220.5,16.0836734693878,22.95,9.77571428571428,26.4490196078431,8.2,9.87,19.4,15.4,52.1363636363636,46.2857142857143,8.55,19.66,12.7466666666667,22.24375,12.05,7.26,10.1666666666667,17.25,15.3053571428571,208.5,57.6,2505.0,31.2,117.0,55.58125,99.9666666666666,60.5,15.3035714285714,67.6,66.2,9.85854166666667,36.75,99.7,10.8,32.1,23.45,67.3083333333333,40.5638461538461,83.4758620689655,,93.25,152.375,35.65,56.68,13.84375,3.708,90.4,69.6,90.1113821138212,84.4903225806452,479.0,322.0,335.0,337.0,136.0,75.78,201.5,,45.0,177.0,184.0,98.2,227.964285714286,35.85,75.3,73.6,40.7
33.45,30.0666666666667,53.3,75.9,73.0333333333333,60.3,8.06844444444445,36.9171428571429,69.7666666666667,27.7,30.0524193548387,415.065789473684,202.021739130435,26.1666666666667,125.5,149.5,7.19769230769231,27.3,30.3,40.65,113.666666666667,51.0,11.95,11.25,18.8,38.1,159.5,394.5,20.3121621621622,55.5,52.0166666666667,31.55,21.4,345.5,265.166666666667,386.0,32.8892857142857,11.75,160.5,35.2722222222222,21.7934782608696,82.8962264150944,18.7946808510638,43.1058823529412,50.0,135.05,4.39,7.4,25.4897058823529,31.825,10.0583333333333,11.75,77.0,17.9545454545455,275.0,57.1,5.32,32.9,34.9,69.8,53.0642857142857,63.7,68.59375,207.0,37.05,8.81,97.5571428571428,64.8588235294118,24.15,20.45,83.5,270.0625,309.538461538462,18.05,77.5166666666667,39.1,13.55,31.4833333333333,10.9505766062603,17.4985401459854,17.2367647058824,,220.5,16.0975,22.9642857142857,9.77571428571428,26.45,8.2,9.87,19.4,15.4458333333333,52.1,46.3605263157895,8.54324324324324,19.685,12.7,22.2483333333333,12.05,7.2604,10.175,17.2823529411765,15.31,208.5,57.6,2505.0,31.2,117.5,55.6809523809524,99.95,60.5,15.3166666666667,67.5,66.2,9.85538461538462,36.75,99.7,10.8,32.1,23.45,67.3142857142857,40.5875,83.559375,,93.2571428571429,152.6,35.65,56.7105263157895,13.8447368421053,3.70064516129032,90.4888888888889,69.6769230769231,90.1875,84.5806451612903,479.0,322.0,335.0,337.0,135.5,75.75,201.5,,45.0450980392157,177.0,184.0,98.6,227.964285714286,35.8625,75.3,73.6,40.7076923076923
33.4583333333333,30.08125,53.2944444444445,75.9,73.05,60.3913043478261,8.06,37.0100806451613,69.75,27.6875,30.05,415.0,202.3125,26.2,125.5,149.5,7.2,27.2,30.3,40.65,113.5,51.15625,11.9333333333333,11.25,18.79375,38.1,159.5,394.5,20.3121621621622,55.5285714285714,52.0166666666667,31.55,21.3722222222222,345.5,265.166666666667,386.5,32.9,11.75,160.5,35.2958333333333,21.75,82.8325842696629,18.7962962962963,43.1214285714286,50.0,135.03488372093,4.39,7.39,25.4851351351351,31.8455882352941,10.08125,11.7,76.9666666666667,18.0471153846154,274.666666666667,57.1,5.32,32.85,34.9234042553191,69.8333333333333,53.0545454545455,63.8,68.56,207.0,37.05,8.81785714285714,97.5666666666667,64.9421052631579,24.1493243243243,20.44,83.5,270.5,310.0,18.05,77.7,39.1,13.6,31.5166666666667,10.9546703296703,17.5059523809524,17.2375,,220.5,16.0979166666667,22.9642857142857,9.79,26.45,8.20909090909091,9.87,19.35,15.4,52.1647058823529,46.3704268292683,8.5475,19.6714285714286,12.7407407407407,22.2274193548387,12.058064516129,7.26333333333333,10.1552631578947,17.2516129032258,15.3,208.5,57.675,2505.0,31.2,117.25,55.6333333333333,100.0,60.5454545454545,15.3428571428571,67.5285714285714,66.2,9.85615384615385,36.75,99.7,10.85,32.1,23.45,67.4,40.5769230769231,83.5181818181818,,93.275,153.0,35.65,56.8,13.8176470588235,3.7,90.5,69.6647058823529,90.2,84.5857142857143,479.0,322.0,335.0,337.0,135.615384615385,75.7,201.5,,45.05,177.0,184.25,98.6,227.964285714286,35.9,75.3,73.6,40.7492957746479
33.4714285714286,30.1,53.3,75.9,72.9815789473684,60.3,8.06,37.2209016393443,69.7727272727273,27.7,30.0018248175182,415.916666666667,202.166666666667,26.25,125.5,149.5,7.19,27.2875,30.25,40.65,113.5,51.6224274406332,11.95,11.25,18.7993103448276,38.1,160.0,394.055555555555,20.3121621621622,55.5277777777778,52.0833333333333,31.53,21.4,345.6,265.166666666667,386.5,32.8875,11.7502564102564,160.4375,35.2727272727273,21.75,82.8542857142857,18.8,43.1029411764706,50.0,135.125,4.39,7.38,25.4486486486486,31.85,10.08125,11.7013157894737,76.975,18.0493670886076,274.964285714286,57.1,5.32,32.845,35.0221461187215,69.8571428571429,53.0444444444445,63.8,68.62,207.0,37.0458333333333,8.81946428571429,97.6,65.0,24.1847826086956,20.4,83.4,270.51724137931,310.027777777778,18.06,77.6,39.1,13.5772727272727,31.5888888888889,10.95,17.565,17.20375,,220.333333333333,16.1136363636364,22.9642857142857,9.78,26.4961538461538,8.2,9.87,19.3442307692308,15.4166666666667,52.2258620689655,46.3541095890411,8.54833333333333,19.6633333333333,12.7129032258064,22.2483146067416,12.05,7.26,10.175,17.2992495309568,15.325,208.5,57.7,2505.0,31.2,117.0,55.7,99.9,60.5,15.3,67.5,66.2,9.85192307692308,36.75,99.66,10.8,32.0966666666667,23.4625,67.3125,40.5979166666667,83.55,,93.2,152.454545454545,35.65,56.8,13.8459770114943,3.7,90.5,69.6375,90.2,84.6509433962264,479.5,322.5,335.0,338.0,135.0,75.7,201.5,,45.0214285714286,177.0,184.25,98.6,228.0,36.0,75.2,73.6,40.75
33.4833333333333,30.0961538461539,53.3,75.9,72.9909090909091,60.4,8.06,37.4177777777778,69.8,27.69,29.9877777777778,416.076923076923,202.541666666667,26.3,125.25,149.5,7.20238095238095,27.25,30.25,40.65,113.5,51.6212121212121,11.9,11.25,18.8461538461539,38.1,160.0,394.055555555555,20.3121621621622,55.5571428571429,52.1666666666667,31.55,21.4342105263158,345.6,265.166666666667,387.0,32.85,11.7,160.519230769231,35.3,21.75,82.802380952381,18.8486486486486,43.1125,50.0,135.105769230769,4.39555555555556,7.38,25.5,31.85,10.05,11.7083333333333,76.95,18.0979591836735,274.964285714286,57.1,5.32969696969697,32.85,35.1036458333333,69.8,53.0733333333333,63.88,68.6888888888889,207.0,37.0458333333333,8.82582524271844,97.5962962962963,64.9636363636364,24.1964285714286,20.4,83.4,270.916666666667,310.2,18.05,77.575,39.125,13.5944444444444,31.66,10.95,17.6,17.2365384615385,,220.0,16.13,22.9833333333333,9.78,26.5215909090909,8.2,9.86833333333333,19.35,15.4,52.265,46.395,8.5536,19.6785714285714,12.7,22.2434782608696,12.0716666666667,7.26965986394558,10.1575,17.3039965986395,15.35,208.5,57.8,2505.0,31.2,117.0,55.7,100.0,60.5125,15.3166666666667,67.5,66.05,9.8553125,36.75,99.5944444444444,10.8385714285714,32.0966666666667,23.45,67.3916666666667,40.5875,83.5,,93.25,152.3,35.65,56.75,13.85,3.72,90.5,69.7285714285714,90.2,84.7838709677419,479.5,322.5,335.0,338.0,135.5,75.75,201.5,,45.05,177.25,184.0,98.6,228.0,36.05,75.2,73.6,40.7571428571429
33.4708333333333,30.0884615384615,53.3,75.9,72.9625,60.3,8.06,37.5189873417721,69.8076923076923,27.6887096774194,29.9884615384615,416.0,202.142857142857,26.2625,125.0,149.5,7.19714285714286,27.2636363636364,30.25,40.65,113.5,51.5595238095238,11.925,11.25,18.8121951219512,38.1,159.75,393.75,20.3121621621622,55.58,52.2,31.5416666666667,21.45,345.5,265.166666666667,387.0,32.85,11.7083916083916,160.589285714286,35.3344827586207,21.75,82.8162790697675,18.81,43.125,50.0,135.065217391304,4.39,7.38,25.5220930232558,31.8214285714286,10.0333333333333,11.7146341463415,76.9016949152542,18.1,275.0,57.1,5.32969696969697,32.85,35.0985294117647,69.8411764705883,53.0142857142857,63.9,68.6333333333333,207.071428571429,37.0458333333333,8.8332,97.5625,65.22,24.1488888888889,20.4,83.4,271.0,310.5,18.0625,77.5833333333333,39.1,13.5857142857143,31.7,10.95,17.5875,17.249,,220.0,16.1166666666667,23.0,9.78,26.5620689655172,8.2,9.87,19.35,15.424,52.3,46.3952380952381,8.54644444444444,19.6511494252874,12.7238095238095,22.2277777777778,12.05,7.26263157894737,10.1546875,17.33875,15.340625,208.5,57.92,2505.0,31.2,117.033333333333,55.6090909090909,99.9666666666666,60.5875,15.3333333333333,67.5,66.05,9.85355555555556,36.75,99.6,10.8454545454545,32.0833333333333,23.45,67.3714285714286,40.5921052631579,83.585,,93.2333333333333,152.5,35.65,56.75,13.8302816901408,3.72,90.5,69.7416666666667,90.2090909090909,85.0007220216606,479.5,323.0,335.0,338.0,135.5,75.7666666666667,201.5,,45.03,177.0,184.0,98.6,228.0,36.05,75.2,73.6,40.8
33.45625,30.0615384615385,53.2857142857143,75.9,72.9757575757576,60.3,8.06,37.4561643835616,69.8272727272727,27.6857142857143,29.95,417.0,202.5,26.2111111111111,125.5,149.5,7.20333333333333,27.2,30.25,40.65,113.5,51.4845238095238,11.9,11.25,18.8089285714286,38.1,159.5,394.0,20.3909090909091,55.5,52.2,31.5357142857143,21.4444444444444,345.5,265.166666666667,387.0,32.85,11.7020833333333,160.5,35.3211538461538,21.7538461538462,82.8258426966292,18.8,43.10625,50.0,135.0,4.39,7.38,25.5285714285714,31.8416666666667,10.0333333333333,11.7071428571429,76.9333333333333,18.125,274.96875,57.1,5.34,32.85,35.0854166666667,69.85,53.0538461538462,63.9,68.7428571428571,207.0,37.0,8.83,97.5575757575758,65.35,24.11875,20.42,83.45,271.05,310.2,18.05,77.625,39.1,13.57,31.7323529411765,10.9504166666667,17.55,17.2416666666667,,220.0,16.1090909090909,22.975,9.78,26.55,8.2,9.87,19.35,15.4,52.284126984127,46.3783333333333,8.54333333333333,19.688,12.7,22.2302325581395,12.05,7.26979020979021,10.15,17.3007575757576,15.3013888888889,208.5,57.9,2505.0,31.2,117.0,55.6090909090909,99.9,60.5846153846154,15.3,67.5,66.05,9.85055837563451,36.75,99.6222222222222,10.825,32.0666666666667,23.4642857142857,67.3111111111111,40.5789473684211,83.4857142857143,,93.2709677419355,152.333333333333,35.65,56.7,13.8471428571429,3.71166666666667,90.5,69.7538461538462,90.3,85.3101910828025,479.333333333333,323.0,335.0,338.0,135.5,75.7,201.5,,45.01,177.0,184.0,98.7,227.875,36.0,75.2,73.6,40.798
33.4183098591549,30.05,53.2461538461539,75.975,72.9,60.3,8.06,37.4458333333333,69.7428571428571,27.6516393442623,29.95,417.0,202.315789473684,26.1722222222222,125.5,149.5,7.2,27.2,30.25,40.6566666666667,113.5,51.4982142857143,11.9333333333333,11.25,18.8040322580645,38.1,159.5,394.0,20.4,55.4263157894737,52.2,31.5166666666667,21.425,345.5,265.166666666667,387.0,32.8566666666667,11.7,160.5,35.3162162162162,21.8,82.8488505747126,18.8319672131148,43.1,50.1,135.002252252252,4.39,7.38,25.5392857142857,31.8,10.0333333333333,11.7185185185185,76.8970588235294,18.1258064516129,274.5,57.1,5.34,32.85,35.0229797979798,69.8666666666667,53.0,63.9,68.6857142857143,207.0,37.0,8.82240740740741,97.5285714285714,65.2923076923077,24.1482142857143,20.43,83.6,270.522727272727,310.333333333333,18.08,77.5666666666667,39.1172413793104,13.56,31.7375,10.9420634920635,17.55,17.2005540166205,,220.0,16.1145833333333,22.9527272727273,9.79483333333333,26.5255102040816,8.2,9.88,19.35,15.4,52.265,46.3682432432432,8.5412987012987,19.65,12.7139534883721,22.2171232876712,12.05,7.26575,10.1632530120482,17.3054166666667,15.3,208.375,58.0,2505.0,31.2,117.083333333333,55.7,99.9,60.57,15.30625,67.5,66.05,9.8307100591716,36.75,99.8213114754099,10.8333333333333,32.05,23.4642857142857,67.32,40.5825,83.4,,93.2375,152.0,35.6,56.7166666666667,13.859375,3.7,90.5,69.695,90.315625,85.48,478.25,323.0,335.0,338.0,135.5,75.6818181818182,201.5,,45.0541666666667,176.5,184.0,98.7,227.5,36.0666666666667,75.2,73.6,40.8
33.3694029850746,30.0572916666667,53.275,76.0,72.9,60.2854838709677,8.06,37.3798076923077,69.7333333333333,27.65,29.93,416.875,201.714285714286,26.1,125.5,149.5,7.19444444444445,27.2423076923077,30.25,40.6166666666667,114.0,51.4625,11.9,11.25,18.8163043478261,38.1,159.0,394.25,20.375,55.4769230769231,52.195,31.5453703703704,21.45,345.5,265.166666666667,387.0,32.87,11.7225225225225,160.5,35.2871794871795,21.8,82.812,18.8076086956522,43.1,50.1,135.004347826087,4.39988095238095,7.38,25.55125,31.8,10.05,11.7,76.8,18.1277777777778,274.666666666667,57.1,5.34,32.8529411764706,34.9863636363636,69.8285714285714,53.0153846153846,63.9,68.6,206.75,37.0,8.81025641025641,97.5346153846154,65.225,24.128125,20.43,83.5,270.5,310.25,18.05,77.55,39.1166666666667,13.55,31.6541666666667,10.9008928571429,17.55,17.1950643776824,,220.0,16.1109375,22.95,9.79483333333333,26.51,8.20416666666667,9.88,19.35,15.4,52.2311475409836,46.3767045454546,8.53968253968254,19.65,12.7078125,22.2122448979592,12.05,7.26849056603774,10.1617647058824,17.3,15.3,208.433333333333,57.9888888888889,2500.0,31.2,117.0,55.7,99.9,60.5,15.3,67.5,66.05,9.81752688172043,36.75,99.879381443299,10.8,32.025,23.45,67.3090909090909,40.5522727272727,83.4,,93.2666666666666,152.0,35.6,56.7,13.837,3.700625,90.4,69.55,90.4,85.2043478260869,478.0,323.0,335.0,338.0,135.5,75.625,201.5,,45.0428571428571,176.5,184.0,98.7,227.0,36.025,75.0,73.6,40.7972972972973
33.3,30.0560606060606,53.2921052631579,76.0,72.8636363636364,60.2,8.06,37.3134615384615,69.74,27.6611111111111,29.9142857142857,416.875,201.088888888889,26.0714285714286,125.5,149.5,7.204375,27.2166666666667,30.25,40.6238095238095,114.0,51.3441860465116,11.946875,11.25,18.8108695652174,38.1,159.5,394.5,20.4,55.4875,52.2,31.6,21.45,345.5,265.166666666667,386.0,32.85,11.7131034482759,160.5,35.2825,21.8,82.8,18.8305555555556,43.0768518518518,50.1,135.0,4.40833333333333,7.37769470404985,25.5910377358491,31.75,10.05,11.7,76.8904761904762,18.15,274.5,57.1,5.34,32.8375,34.995,69.8029411764706,53.06,63.9,68.6,206.5,37.0,8.81,97.55,65.15,24.1388888888889,20.4,83.5,270.166666666667,310.25,18.1,77.6,39.1,13.55,31.6375,10.8714774281806,17.55,17.1480861244019,,220.0,16.0642857142857,22.95,9.79483333333333,26.4975,8.20869565217391,9.88,19.35,15.4,52.2324324324324,46.4,8.54045454545454,19.65,12.7,22.2267857142857,12.0621951219512,7.2636312849162,10.1576923076923,17.3297297297297,15.3,208.5,57.9,2500.0,31.2,117.0,55.7,99.9909090909091,60.58,15.25,67.5,66.05,9.81,36.75,99.7,10.8,32.0,23.45,67.35,40.5233333333333,83.4,,93.3,152.0,35.6,56.75,13.875,3.700625,90.3446808510638,69.6142857142857,90.3380952380952,85.1294117647059,478.0,323.0,335.0,338.0,135.5,75.6,201.5,,45.0,176.5,184.0,98.7,227.0,36.0,75.0,73.6,40.7916666666667
33.3,30.05625,53.3,76.075,72.8,60.29,8.06,37.3,69.78,27.6857142857143,29.9142857142857,416.428571428571,200.84375,26.0714285714286,125.5,149.5,7.21636363636364,27.27,30.35,40.6238095238095,114.0,51.2806451612903,11.95,11.25,18.8214285714286,38.1,160.0,395.0,20.35,55.4818181818182,52.2,31.5833333333333,21.4076271186441,345.357142857143,265.166666666667,386.0,32.85,11.7,160.717391304348,35.2916666666667,21.75,82.8487804878049,18.8142857142857,43.0944444444444,50.1,135.008333333333,4.4,7.36,25.6691025641026,31.75,10.05,11.7008064516129,76.9,18.18125,275.0,57.2,5.34,32.8,35.0194444444444,69.75,53.075,63.9,68.6,206.5,37.0,8.81666666666667,97.6,65.2583333333333,24.1238095238095,20.4,83.6,270.535714285714,310.5,18.1,77.6,39.0964285714286,13.55,31.5875,10.9,17.55,17.1558974358974,,220.0,16.0952380952381,22.975,9.8,26.45,8.2,9.88,19.35,15.4222222222222,52.275,46.4149122807018,8.54545454545454,19.6625,12.7,22.2382352941176,12.05,7.26898305084746,10.1846153846154,17.3057692307692,15.3027777777778,208.5,57.9,2500.0,31.2,117.0,55.6,100.0,60.52,15.25,67.5,66.05,9.8189406779661,36.75,99.7058823529411,10.85,32.025,23.45,67.3777777777778,40.5050724637681,83.4416666666667,,93.2571428571429,152.0,35.6,56.7666666666667,13.8416666666667,3.7,90.2,69.62,90.4,85.1038461538462,478.0,322.0,335.0,338.0,135.5,75.6,201.0,,45.01,177.0,184.0,98.775,227.0,36.075,75.0,73.6,40.7916666666667
33.3,30.0769230769231,53.3,76.1666666666667,72.896875,60.4,8.06,37.2166666666667,69.775,27.65,29.9833333333333,416.0,201.055555555556,26.0833333333333,125.25,149.5,7.21272727272727,27.2,30.35,40.65,114.0,51.3,11.95,11.25,18.8107142857143,38.1,160.0,395.0,20.35,55.5142857142857,52.2,31.6,21.5,345.357142857143,265.166666666667,386.0,32.8371681415929,11.7096153846154,161.0,35.275,21.7583333333333,82.8666666666667,18.83,43.129537366548,50.14,135.026315789474,4.4,7.36,25.797005988024,31.75,10.0,11.7,76.8940298507463,18.15,274.5,57.2,5.34,32.84,35.0307692307692,69.7666666666667,53.0048,63.9,68.6,206.5,37.025,8.81,97.6,65.28125,24.15,20.4166666666667,83.6,270.588235294118,310.5,18.15,77.58,39.05,13.55,31.5,10.8572625698324,17.5833333333333,17.165,,220.0,16.11,22.95,9.8,26.45,8.2,9.88416666666667,19.35,15.4166666666667,52.3,46.45,8.54263157894737,19.6602040816327,12.7333333333333,22.242,12.05,7.26384615384615,10.1642857142857,17.3009541984733,15.3008143322476,208.25,57.9,2495.0,31.13,117.25,55.54,99.9,60.5428571428571,15.25,67.4,66.05,9.81710784313725,36.75,99.8,10.8333333333333,32.025,23.41,67.3076923076923,40.4166666666667,83.4692307692308,,93.3,152.0,35.6384615384615,56.7,13.825,3.70333333333333,90.105,69.5933333333333,90.33,85.1,477.0,322.0,335.0,338.0,135.5,75.6,201.0,,45.05,177.0,183.875,98.775,227.0,36.035,75.0,73.6,40.752380952381
33.30625,30.0636363636364,53.2961538461538,76.2,72.925,60.3,8.0525,37.25,69.86,27.65,29.9125,416.0,201.625,26.0833333333333,125.5,149.5,7.2025,27.2,30.35,40.7,114.0,51.2894736842105,11.95,11.25,18.7975213675214,38.1,160.0,394.7,20.35,55.5,52.3153846153846,31.5583333333333,21.4666666666667,345.357142857143,265.166666666667,387.0,32.8,11.7014765100671,160.5,35.2791666666667,21.7666666666667,82.8703703703704,18.8,43.2928571428571,50.2,135.026785714286,4.4,7.35507614213198,25.77,31.7538461538462,10.0,11.65,76.8272727272727,18.15,274.928571428571,57.1,5.34,32.85,35.0291666666667,69.775,53.025,63.8666666666667,68.65,206.5,37.0272727272727,8.815,97.5684210526316,65.3952380952381,24.1473684210526,20.4,83.5,270.375,310.6,18.15,77.5428571428571,39.05,13.55,31.5285714285714,10.8108374384236,17.6,17.1505263157895,,220.0,16.1,22.95,9.8,26.4666666666667,8.2,9.88333333333334,19.35,15.4333333333333,52.2864864864865,46.457423580786,8.54064516129032,19.65,12.7370967741936,22.2395833333333,12.053125,7.26913580246913,10.15,17.3045454545455,15.290586797066,208.5,57.9,2495.0,31.13,117.25,55.6,99.9,60.625,15.25,67.5,66.18,9.81643243243243,36.75,99.8,10.85,32.0166666666667,23.45,67.3833333333333,40.1383333333333,83.588,,93.28,152.033333333333,35.6,56.8,13.8444444444444,3.7,90.2,69.52,90.3052631578947,85.0571428571428,476.5,322.0,335.0,338.0,135.5,75.6,201.0,,45.04,177.0,183.5,98.9,227.0,36.05,75.0,73.6,40.775
33.3,30.0625,53.3253521126761,76.34,72.9,60.3,8.05,37.3,69.8,27.6545454545455,29.9,416.25,201.9,26.05,125.5,149.0,7.2025,27.25,30.35,40.7,114.0,51.3,11.9333333333333,11.25,18.7672413793103,38.1,159.0,394.7,20.35,55.4444444444444,52.3153846153846,31.55,21.5333333333333,345.357142857143,264.5,387.0,32.8,11.7,160.5,35.3366666666667,21.75,82.8,18.8192307692308,43.25,50.2,135.008474576271,4.4,7.35507614213198,25.722131147541,31.7571428571429,10.0,11.6642857142857,76.8705882352941,18.1403846153846,274.75,57.3,5.34,32.875,35.09,69.7052631578947,53.0217391304348,63.8666666666667,68.66,206.5,37.0,8.81819672131147,97.55,65.3733333333333,24.1197368421053,20.4,83.5,270.0,311.0,18.1,77.6125,39.075,13.5625,31.5416666666667,10.8565714285714,17.55,17.1645161290323,,220.0,16.1179245283019,22.95,9.8,26.45,8.2,9.89,19.35,15.4,52.3,46.5225274725275,8.54714285714286,19.65,12.7,22.2354166666667,12.05,7.26277777777778,10.1890243902439,17.3336956521739,15.2833333333333,208.166666666667,57.9,2497.5,31.1,117.0,55.5157894736842,99.9962962962963,60.6,15.25,67.5,66.18,9.8191472868217,36.75,99.7833333333333,10.8428571428571,32.0166666666667,23.4333333333333,67.3090909090909,40.0,83.5134328358209,,93.4,151.833333333333,35.6,56.725,13.8,3.70740740740741,90.1833333333333,69.5363636363636,90.4,85.204,476.5,323.0,335.0,338.0,135.5,75.64,201.0,,45.01875,176.5,184.0,98.7166666666666,227.0,36.055,75.0,73.6,40.75
33.3083333333333,30.05,53.3961538461538,76.4,72.9555555555556,60.3,8.05,37.2076923076923,69.8428571428571,27.65625,30.0,416.909090909091,202.0,26.0625,125.5,149.0,7.21,27.3,30.35,40.7461538461539,114.0,51.4731707317073,11.9454545454545,11.25,18.7846153846154,38.1,159.0,394.5,20.35,55.50625,52.35,31.5571428571429,21.5,345.5,264.5,387.0,32.8125,11.700293255132,160.666666666667,35.3333333333333,21.75,82.8159090909091,18.8,43.2125,50.2,135.0,4.4,7.35,25.75,31.7857142857143,10.0,11.6583333333333,76.85,18.1,274.857142857143,57.3,5.34,32.875,35.0944444444444,69.7,53.0,63.8666666666667,68.6555555555555,206.375,37.0,8.81993243243243,97.5625,65.4806451612903,24.1333333333333,20.4,83.4,270.4,310.7,18.0625,77.6833333333333,39.0833333333333,13.55,31.5416666666667,10.9357142857143,17.6,17.1976851851852,,220.0,16.1166666666667,22.95,9.8,26.4772727272727,8.2,9.89,19.35,15.4,52.3657894736842,46.5443298969072,8.54263157894737,19.651,12.70875,22.235,12.0666666666667,7.26,10.1763157894737,17.3161764705882,15.2875,208.483870967742,57.925,2497.5,31.1,117.46875,55.6,100.0,60.6,15.25,67.5,66.0,9.81164319248826,36.75,99.7052631578947,10.85,32.025,23.4333333333333,67.375,40.0522099447514,83.4884615384615,,93.4,151.9,35.6,56.7857142857143,13.8483870967742,3.70875,90.1833333333333,69.5181818181818,90.4,85.3,476.5,323.0,334.5,338.0,135.5,75.6333333333333,201.0,,45.03,176.5,184.0,98.8,227.0,36.0368421052632,75.0666666666667,73.6,40.75
33.34,30.06,53.3866666666667,76.3944444444445,72.9166666666667,60.3,8.05428571428572,37.2083333333333,69.8333333333333,27.675,29.9,417.772727272727,201.6,26.0777777777778,125.428571428571,149.0,7.21,27.3,30.475,40.75,113.5,51.5629310344828,11.9142857142857,11.25,18.7682926829268,38.1,159.0,394.5,20.3,55.6,52.3,31.55,21.51,345.5,264.5,387.0,32.83125,11.7,160.55,35.3551724137931,21.7777777777778,82.8185185185185,18.8,43.25,50.2,135.05625,4.4,7.34,25.7865546218487,31.75,10.0,11.65,76.8636363636364,18.1,275.0,57.3,5.35,32.875,35.09375,69.7,53.0,63.9,68.65,206.1875,37.0375,8.82810344827586,97.5666666666667,65.5535714285714,24.1125,20.4285714285714,83.4,270.3,310.75,18.0625,77.6125,39.08125,13.597619047619,31.5428571428571,10.9,17.5875,17.2106666666667,,220.0,16.1277777777778,22.95,9.8,26.45,8.20882352941176,9.89,19.35,15.415,52.4,46.577037037037,8.54,19.6571428571429,12.721875,22.2375,12.0557692307692,7.26433333333333,10.1583333333333,17.3,15.2758333333333,208.5,57.9,2500.0,31.1,117.46875,55.5166666666667,100.333333333333,60.6714285714286,15.25,67.5,66.0,9.81,36.75,99.7,10.85,32.025,23.4333333333333,67.35,40.1661538461538,83.4772727272727,,93.3333333333333,152.0,35.625,56.7555555555556,13.85,3.71,90.1769230769231,69.5,90.4,85.2285714285714,476.5,323.0,334.5,338.0,135.5,75.625,201.0,,45.0375,176.5,184.0,98.8,227.0,35.996875,75.1,73.6,40.8
33.3111111111111,30.0769230769231,53.4,76.4,72.9,60.32,8.05,37.2282608695652,69.88,27.65,29.95,417.9,202.0,26.05,125.0,149.0,7.2,27.255,30.475,40.75,113.833333333333,51.7596590909091,11.9225,11.25,18.7597222222222,38.1,159.0,394.5,20.3,55.6,52.3,31.6,21.55,345.5,264.5,387.0,32.825,11.7,160.5,35.3214285714286,21.75,82.8188679245283,18.8,43.2541666666667,50.3,135.190909090909,4.4096875,7.35,25.8137168141593,31.7666666666667,10.0,11.652380952381,76.8333333333333,18.1277777777778,274.9375,57.3,5.35,32.875,35.106976744186,69.725,53.0636363636364,63.9,68.65,206.0,37.0375,8.82217391304348,97.5928571428571,65.575,24.14,20.4454545454545,83.5,270.625,310.714285714286,18.075,77.7985714285714,39.0607142857143,13.597619047619,31.5366666666667,10.9150793650794,17.5583333333333,17.2263636363636,,220.0,16.11,22.95,9.8,26.45,8.20888888888889,9.89,19.35,15.4,52.3986394557823,46.5965753424658,8.54272727272727,19.6590909090909,12.7,22.2363636363636,12.0547169811321,7.26444444444444,10.1636363636364,17.302,15.2894736842105,208.5,57.925,2500.0,31.1,117.5,55.5166666666667,100.0,60.6,15.275,67.6,66.0,9.80977678571429,36.75,99.7,10.8666666666667,32.069696969697,23.4333333333333,67.2571428571429,40.1518518518519,83.5727272727273,,93.4,152.0,35.6333333333333,56.775,13.85,3.71,90.29375,69.5526315789474,90.4,85.2272727272727,476.5,323.0,335.0,338.0,135.1,75.6866666666667,201.5,,45.0416666666667,176.5,184.0,98.8,227.0,36.0,75.0,73.6,40.8
33.3166666666667,30.075,53.4,76.5214285714286,72.9833333333333,60.38,8.06,37.24,69.91,27.675,29.93125,417.5,202.5,26.05,125.333333333333,149.0,7.21,27.2538461538462,30.475,40.7625,113.833333333333,51.7880952380952,11.9225,11.25,18.7894366197183,38.1,159.5,394.5,20.3,55.6,52.4,31.575,21.54,345.5,264.5,387.0,32.85,11.7034653465347,160.75,35.3537037037037,21.75,82.8691489361702,18.8035714285714,43.3,50.3,135.190909090909,4.40833333333333,7.35,25.884009009009,31.75,10.0022727272727,11.65,76.8428571428572,18.1,274.5,57.3,5.35,32.9,35.1434782608696,69.7916666666667,53.0,63.8,68.6666666666667,206.0,37.0375,8.8290625,97.5363636363636,65.5818181818182,24.1049645390071,20.45,83.3666666666667,270.75,311.0,18.075,77.9576923076923,39.0666666666667,13.6,31.6785714285714,10.95,17.559375,17.2247252747253,,220.0,16.125,22.95,9.81,26.4258333333333,8.21,9.89,19.35,15.4,52.523,46.6708333333333,8.54625,19.6617647058823,12.7294117647059,22.2028571428571,12.05,7.26775862068966,10.1934782608696,17.3153846153846,15.29375,208.5,57.9,2497.5,31.1,117.5,55.6,100.0,60.6916666666667,15.2666666666667,67.7,66.0,9.80857142857143,36.75,99.7987951807229,10.8833333333333,32.0970588235294,23.45,67.3,40.15,83.57,,93.4307692307692,152.0,35.65,56.8125,13.85,3.71,90.4,69.6181818181818,90.4,85.2511111111111,478.5,323.0,334.0,338.0,135.1,75.68,201.5,,45.0416666666667,177.0,184.0,98.8,227.5,36.0,75.0,73.7,40.78
33.3055555555556,30.0625,53.4,76.7833333333333,72.96,60.3,8.05666666666667,37.2875,69.9375,27.7,29.9,417.75,202.944444444444,26.115,125.5,149.357142857143,7.219,27.25,30.525,40.8,113.833333333333,51.7,11.9416666666667,11.25,18.7840909090909,38.1,159.5,393.857142857143,20.3366666666667,55.5928571428571,52.4,31.6,21.5416666666667,346.0,264.5,387.0,32.85,11.7,160.8,35.45,21.75,82.8758620689655,18.8232142857143,43.2642857142857,50.24,135.12037037037,4.40444444444445,7.35,25.9420265780731,31.7541666666667,10.05,11.6596153846154,76.9,18.11,274.833333333333,57.1,5.35,32.9225,35.1333333333333,69.7955555555555,53.0857142857143,63.8,68.72,206.0,37.05,8.83157894736842,97.5909090909091,65.55,24.1157894736842,20.45,83.4,270.571428571429,311.0,18.075,78.0659090909091,39.084375,13.6,31.7,10.95,17.55,17.2177215189873,,220.0,16.1,22.9477272727273,9.81,26.4439393939394,8.21,9.89,19.4,15.4,52.5868852459016,46.7327906976744,8.54753424657534,19.695652173913,12.7388888888889,22.2458333333333,12.0529411764706,7.26847826086957,10.1875,17.3,15.2914634146341,208.5,58.0,2508.88888888889,31.1,117.375,55.6,100.375,60.7933333333333,15.3009433962264,67.8,66.0,9.80878228782288,36.75,100.043537414966,10.85,32.1,23.45,67.275,40.1534482758621,83.5888888888889,,93.3583333333333,152.0,35.65,56.8636363636364,13.8875,3.70981651376147,90.4,69.6884615384615,90.4137931034483,85.383870967742,477.166666666667,323.0,334.0,338.0,135.4375,75.7,201.5,,45.02,177.0,184.0,98.6,227.5,36.1045454545455,75.0,73.7,40.79
33.3,30.05,53.4,76.9470588235294,72.9666666666667,60.3,8.06,37.3092105263158,70.0,27.67,29.95,418.0,203.071428571429,26.15,125.5,149.5,7.22,27.25,30.525,40.8,113.666666666667,51.6357142857143,11.9055555555556,11.25,18.7928571428571,38.1,160.0,393.857142857143,20.4,55.6,52.5,31.6,21.55,346.166666666667,264.5,387.0,32.8,11.7,160.666666666667,35.4071428571429,21.7916666666667,82.86,18.825,43.3,50.24,135.295454545455,4.40833333333333,7.35,25.995,31.7576923076923,10.05,11.6968181818182,76.825,18.1166666666667,275.0,57.3,5.35,32.95625,35.1572727272727,69.8461538461539,53.0913043478261,63.8,68.65,206.0,37.05,8.83993939393939,97.5894736842105,65.6823529411765,24.1464285714286,20.4547619047619,83.4,271.0,311.539473684211,18.05,78.1431034482759,39.1,13.6,31.8,10.9794117647059,17.55,17.2156862745098,,220.0,16.13,22.9142857142857,9.81,26.475,8.2,9.89,19.4,15.41,52.6080536912752,46.7727564102564,8.54979166666667,19.6545454545455,12.7214285714286,22.2388888888889,12.0848837209302,7.26454545454545,10.1571428571429,17.3071428571429,15.272972972973,208.5,57.9833333333333,2515.83333333333,31.1,117.375,55.6,100.25,60.9433333333333,15.35,67.8,66.3,9.80319638455218,36.75,100.42125984252,10.85,32.1,23.5,67.32,40.1986486486487,83.66,,93.4,152.0,35.64,56.9166666666667,13.8993902439024,3.71,90.5,69.6875,90.5074074074074,85.4075,477.0,323.0,333.0,338.714285714286,135.916666666667,75.7,201.5,,45.05,177.0,184.0,98.6,227.5,36.19,75.1,73.7,40.7961538461538
33.3,30.05,53.3909090909091,77.03,72.95,60.32,8.06,37.3730769230769,70.0,27.6833333333333,29.95,418.333333333333,203.4375,26.2,125.5,149.5,7.22833333333333,27.25,30.525,40.8,113.666666666667,51.6708333333333,11.95,11.25,18.7904761904762,38.1,159.5,393.857142857143,20.36875,55.6157894736842,52.5,31.64,21.55,346.75,264.5,387.0,32.8,11.7,160.75,35.4366666666667,21.7961538461538,82.8741379310345,18.8045454545455,43.2625,50.24,135.161538461538,4.40833333333333,7.35,26.1049668874172,31.8,10.0053571428571,11.7225,76.8653846153846,18.15,274.833333333333,57.3,5.35,32.975,35.1944444444444,69.9,53.0375,63.8,68.6,206.083333333333,37.05,8.84063492063492,97.6,65.7125,24.14,20.4666666666667,83.4,271.0,311.565217391304,18.05,78.0830508474576,39.085,13.6,31.8,11.0,17.5710526315789,17.2294520547945,,220.0,16.125,22.9142857142857,9.81,26.4857142857143,8.20888888888889,9.89,19.4,15.4125,52.7,46.7554945054945,8.54989795918367,19.66,12.745652173913,22.228947368421,12.0942857142857,7.26909090909091,10.1954545454545,17.3044943820225,15.2924242424242,209.0,57.9,2520.0,31.2571428571429,117.375,55.504347826087,100.5,61.1866666666667,15.3,67.9,66.3,9.80949367088608,36.75,100.5,10.85,32.1,23.5,67.25,40.2469387755102,83.6730769230769,,93.5,152.125,35.6,56.9666666666667,13.8986842105263,3.71333333333333,90.6461538461539,69.7,90.6416666666667,85.4695652173913,477.0,323.0,333.0,339.0,136.0,75.615,201.5,,45.0125,177.2,184.5,98.8,227.5,36.2916666666667,75.2,73.6,40.8
33.3071428571429,30.05,53.3888888888889,77.17,72.9695652173913,60.35,8.06352941176471,37.3923076923077,70.0,27.6666666666667,29.9083333333333,418.333333333333,203.333333333333,26.2192307692308,126.0,149.5,7.24363636363636,27.25,30.525,40.8,113.666666666667,51.7777777777778,11.9466666666667,11.3,18.7754716981132,38.1,159.722222222222,394.0,20.4,55.6214285714286,52.5,31.6071428571429,21.55,346.75,264.5,387.0,32.81,11.663475177305,160.928571428571,35.38,21.7961538461538,82.8607142857143,18.8075,43.275,50.24,135.202380952381,4.40833333333333,7.35,26.0913043478261,31.7794117647059,10.0053571428571,11.7277777777778,76.9,18.145652173913,275.0,57.3,5.35,32.98,35.15390625,69.9,53.025,63.9,68.65,206.416666666667,37.05,8.84037037037037,97.5814814814815,65.7388888888889,24.1018518518519,20.4666666666667,83.4,270.9375,311.333333333333,18.1,78.0422222222222,39.1086206896552,13.55,32.0264705882353,10.9838461538462,17.5545454545455,17.232298136646,,220.0,16.1142857142857,22.9,9.82,26.4941176470588,8.20833333333333,9.89,19.4,15.4136363636364,52.6435,46.75,8.55,19.6566666666667,12.7071428571429,22.2220588235294,12.0788461538462,7.26944099378882,10.1532258064516,17.3022222222222,15.28,208.75,57.9666666666667,2518.33333333333,31.4108695652174,117.375,55.6,100.125,61.204347826087,15.346875,67.9,66.3,9.80917910447761,36.75,100.5,10.85,32.0666666666667,23.5,67.2166666666667,40.3,83.685,,93.5142857142857,152.125,35.65,56.99375,13.8947368421053,3.71222222222222,90.8,69.7791666666667,90.7297297297297,85.4754901960784,478.0,323.0,333.0,339.423076923077,136.0,75.6,202.0,,45.03125,177.625,184.5,98.8,228.0,36.3769230769231,75.2,73.6,40.8
33.3266666666667,30.0538461538462,53.4,77.2681818181818,73.0833333333333,60.3,8.06352941176471,37.3928571428571,70.05,27.6846153846154,29.9806451612903,418.5,203.4,26.23,125.833333333333,149.5,7.23611111111111,27.3384615384615,30.5,40.8071428571429,113.666666666667,51.7466666666667,11.9375,11.3,18.778431372549,38.1,159.5,394.0,20.4,55.6857142857143,52.5,31.625,21.5302631578947,346.25,264.5,387.0,32.8,11.6711764705882,160.833333333333,35.4229166666667,21.7916666666667,82.8770114942529,18.8193548387097,43.275,50.24,135.151515151515,4.40833333333333,7.35005617977528,26.074011299435,31.7583333333333,10.0053571428571,11.7285714285714,76.9075757575758,18.18125,274.75,57.3,5.35,33.0,35.1448717948718,69.9,53.0705882352941,63.9,68.675,206.0,37.1,8.84307692307692,97.56,65.79,24.0916666666667,20.5,83.4,270.95,311.444444444445,18.0857142857143,78.0304347826087,39.1125,13.5833333333333,32.12,10.954347826087,17.55,17.2164634146341,,220.0,16.1444444444444,22.9,9.82,26.4977272727273,8.20428571428571,9.89,19.4,15.4166666666667,52.6698113207547,46.7113636363636,8.5572,19.6625,12.7384615384615,22.250414078675,12.05,7.2678,10.162962962963,17.3048387096774,15.2631578947368,208.5,57.9,2517.14285714286,31.422972972973,117.25,55.6,100.375,61.147619047619,15.3495901639344,67.9,66.5,9.80793696275072,36.75,100.406685236769,10.85,32.075,23.5,67.275,40.3178571428571,83.6338461538462,,93.5666666666667,152.5,35.65,56.92,13.8884615384615,3.72,90.6666666666667,69.7933333333333,90.724,85.5894736842105,476.5,323.0,333.0,339.0,136.0,75.6153846153846,202.0,,45.025,177.625,184.166666666667,98.8,227.5,36.44,75.2,73.6,40.83
33.3357142857143,30.0833333333333,53.395652173913,77.515,73.025,60.2807692307692,8.06352941176471,37.3941176470588,70.0,27.6944444444444,30.05,418.6,203.166666666667,26.23,125.888888888889,149.5,7.24,27.3111111111111,30.5166666666667,40.8071428571429,113.75,51.7208333333333,11.9,11.3,18.7805555555556,38.1,159.5,394.0,20.4,55.6866666666667,52.5,31.65,21.6,346.25,264.5,386.0,32.8166666666667,11.6570652173913,160.785714285714,35.3911764705882,21.76,82.8493827160494,18.8,43.25,50.24,135.2,4.40666666666667,7.36,26.00925,31.75,10.0484848484848,11.7416666666667,77.0,18.175,274.666666666667,57.2,5.34,32.95,35.1166666666667,69.9,53.0428571428571,63.9,68.6333333333333,206.0625,37.1857142857143,8.84493333333333,97.5867924528302,65.7842105263158,24.0991666666667,20.5,83.2,271.0,311.5,18.1,78.0,39.125,13.55,32.2055555555555,10.95,17.5052631578947,17.2268817204301,,220.0,16.1375,22.95,9.82,26.5073529411765,8.20625,9.89,19.4,15.4080882352941,52.6009090909091,46.715350877193,8.55148148148148,19.6760869565217,12.7166666666667,22.2925,12.0604166666667,7.26368421052632,10.1833333333333,17.3011363636364,15.2940677966102,208.5,57.8,2515.0,31.4875,117.166666666667,55.55,100.333333333333,61.0428571428571,15.3514285714286,67.9,66.5,9.80785915492958,36.75,100.028846153846,10.85,32.095,23.5,67.225,40.334375,83.6461538461538,,93.6666666666667,152.5,35.65,56.8916666666667,13.9035714285714,3.715,90.8,69.87,90.7357142857143,85.6685039370079,476.5,323.0,333.0,339.5,136.0,75.5875,202.5,,45.0,177.5,184.3,98.8,227.5,36.4625,75.2,73.6,40.8076923076923
33.3125,30.0583333333333,53.4625,77.8516129032258,73.08125,60.2875,8.06,37.3583333333333,70.04,27.6852941176471,30.0,418.333333333333,203.0,26.2375,126.0,149.5,7.23692307692308,27.2625,30.5166666666667,40.8,113.75,51.6666666666667,11.9095238095238,11.3,18.7986263736264,38.1,160.0,394.0,20.3666666666667,55.66875,52.5,31.65,21.64,346.25,264.5,386.0,32.83,11.6524193548387,160.833333333333,35.3857142857143,21.8,82.8,18.8176470588235,43.25625,50.3,135.171641791045,4.40958904109589,7.36,25.9852941176471,31.7785714285714,10.05,11.7055555555556,77.0,18.1933333333333,274.9,57.2,5.34,32.95,35.109375,70.0,53.025,63.9,68.6571428571429,206.5,37.17,8.84284403669725,97.6,65.75,24.1166666666667,20.5,83.17,270.923076923077,311.5,18.1,78.03,39.1142857142857,13.5966666666667,32.3421052631579,10.935,17.5065217391304,17.2185,,220.0,16.1142857142857,22.9530303030303,9.82,26.51,8.208,9.89,19.4076923076923,15.4291666666667,52.6813559322034,46.7259036144578,8.5525,19.6685714285714,12.7065476190476,22.2717391304348,12.0830218068536,7.26783333333333,10.1703125,17.3416666666667,15.2980263157895,208.5,57.8,2515.0,31.4972222222222,117.166666666667,55.6,100.125,60.9,15.35,67.9,66.5,9.80633540372671,36.75,100.106666666667,10.8954545454545,32.075,23.5,67.2176470588235,40.346511627907,83.6555555555555,,93.6333333333333,152.5,35.65,56.9912280701754,13.85,3.715,90.7375,69.7416666666667,90.7,86.2428229665072,476.5,323.5,333.0,340.0,136.0,75.66,202.5,,45.025,177.5,184.333333333333,98.8,228.0,36.45,75.3333333333333,73.6,40.8
33.33,30.0672413793103,53.5,77.6714285714286,73.0166666666667,60.325,8.06,37.35,70.0166666666667,27.65,30.00625,418.0,203.0,26.25,126.0,149.333333333333,7.25,27.2735294117647,30.5166666666667,40.8,113.666666666667,51.3539682539683,11.9052631578947,11.3,18.8,38.1,160.0,394.0,20.3666666666667,55.69,52.4111111111111,31.6428571428571,21.65,346.25,264.5,386.0,32.8,11.6579268292683,160.75,35.4351351351351,21.8,82.8,18.815,43.225,50.2,135.072727272727,4.40855263157895,7.37,26.0,31.775,10.05,11.75,77.02,18.15,275.0,57.2,5.34,32.95,35.1307692307692,69.9333333333333,53.075,64.0,68.75,206.25,37.175,8.84833333333333,97.6,65.7421052631579,24.1476190476191,20.5,83.2,271.0,311.5,18.1,78.02,39.1375,13.5862068965517,32.415,10.9205882352941,17.5052631578947,17.2171428571429,,220.0,16.12,23.0,9.82,26.5,8.20857142857143,9.88,19.4,15.425,52.652380952381,46.7025862068966,8.54835820895522,19.694,12.7,22.2892857142857,12.0991379310345,7.264375,10.19375,17.325,15.2955357142857,208.5,57.8,2515.71428571429,31.4928571428571,117.5,55.6,100.416666666667,60.9,15.35,67.9,66.5,9.81017182130584,36.75,99.9636363636364,10.8625,32.1,23.45,67.2222222222222,40.3604651162791,83.6757575757576,,93.6333333333333,152.0,35.65,57.0,13.9066666666667,3.72,90.7,69.69,90.7666666666667,86.6353333333333,476.5,323.5,334.0,340.0,136.0,75.7166666666667,203.0,,45.0453488372093,177.5,184.0,98.85,228.0,36.5,75.325,73.6,40.85
33.348,30.0805555555556,53.515625,77.475,73.0,60.3333333333333,8.06,37.355,70.0,27.6708333333333,30.0,417.6,203.071428571429,26.2611111111111,126.0,149.333333333333,7.235,27.3333333333333,30.5666666666667,40.8045454545455,113.666666666667,51.2153846153846,11.9,11.3,18.7905172413793,38.1,160.0,394.0,20.3666666666667,55.6333333333333,52.4,31.6018518518519,21.7286764705882,346.0,264.5,386.0,32.825,11.65,160.833333333333,35.3907407407407,21.75,82.8049180327869,18.8208333333333,43.2,50.2,135.035714285714,4.4,7.37,25.99375,31.7833333333333,10.0512820512821,11.7038461538462,77.05,18.15,274.5,57.2,5.36,32.95,35.1,70.0,53.05,64.0,68.75,206.5,37.15,8.84894736842105,97.6136363636364,65.64,24.1214285714286,20.5,83.2,270.547619047619,311.4,18.15,77.9705882352941,39.1285714285714,13.6,32.3818181818182,10.9490099009901,17.5445595854922,17.2267123287671,,220.0,16.1222222222222,22.95,9.8,26.5,8.20555555555556,9.89333333333333,19.4,15.4178571428571,52.6757575757576,46.7295918367347,8.545,19.67,12.7204545454545,22.2739130434783,12.0996021220159,7.266,10.1653846153846,17.3219512195122,15.2932203389831,208.5,57.8,2520.0,31.5473684210526,117.0,55.6,100.0,60.9,15.3533333333333,67.9,66.5,9.81682242990654,36.75,99.9133333333334,10.85,32.1,23.5,67.25,40.3636363636364,83.6666666666667,,93.7,152.0,35.65,56.96,13.9,3.72,90.65,69.7666666666667,90.7142857142857,86.5294871794872,476.5,323.5,334.0,339.5,136.0,75.86,203.5,,45.058,177.0,184.0,98.85,228.0,36.515625,75.3,73.6,40.8
33.3071428571429,30.0508333333333,53.5705882352941,77.4,73.0384615384615,60.3,8.07307692307692,37.3984848484848,70.03,27.675,29.9964285714286,417.5,202.85,26.25,126.409090909091,149.333333333333,7.24,27.3,30.5333333333333,40.825,113.666666666667,51.19,11.9038461538462,11.3,18.7968181818182,38.1,159.5,394.0,20.3666666666667,55.6769230769231,52.425,31.6,21.7183333333333,346.0,264.5,386.0,32.82,11.6653284671533,161.0,35.4,21.75,82.8805496828752,18.8,43.1826923076923,50.1,135.059701492537,4.4,7.366,25.9905405405405,31.75,10.0558823529412,11.7433333333333,77.0,18.1352941176471,275.0,57.2,5.36,32.975,35.1388888888889,70.0,53.076,64.0,68.8166666666667,206.25,37.2,8.84976608187134,97.6416666666667,65.6545454545454,24.1428571428571,20.4579365079365,83.3,270.277777777778,311.5,18.15,77.9777777777778,39.1657894736842,13.6,32.3,10.9490740740741,17.55,17.222,,220.0,16.1111111111111,22.95,9.81793103448276,26.5,8.2,9.89333333333333,19.4,15.4,52.6375,46.7350877192982,8.54,19.6595238095238,12.7146341463415,22.2883720930233,12.0925307557118,7.26741935483871,10.1701298701299,17.3181818181818,15.2993464052288,208.5,57.8,2523.57142857143,31.50625,117.0,55.6,100.0,60.9,15.35,67.9,66.5,9.81384615384616,36.75,99.82,10.85,32.0666666666667,23.5,67.2666666666667,40.3219512195122,83.6,,93.68,152.5,35.65,56.9954545454545,13.9,3.72,90.6,69.7111111111111,90.74,86.6839743589744,476.5,323.5,335.0,339.5,136.0,75.7,203.857142857143,,45.0512195121951,177.5,184.0,99.0,228.0,36.5833333333333,75.3666666666667,73.8,40.828125
33.3285714285714,30.0470588235294,53.5913043478261,77.375,73.0103448275862,60.3,8.07307692307692,37.3675,70.0,27.675,29.9,418.0,203.1,26.25,126.5,149.333333333333,7.235,27.35,30.5333333333333,40.85,113.5,51.1661016949153,11.921875,11.3,18.7962962962963,38.05,159.5,394.0,20.3666666666667,55.7,52.425,31.6,21.7,346.0,264.5,386.0,32.8166666666667,11.65,161.0,35.4119047619048,21.75,82.9,18.8029411764706,43.15,50.1,135.103260869565,4.40833333333333,7.37,25.9733333333333,31.7646341463415,10.1,11.7416666666667,77.1,18.12,275.090909090909,57.2,5.36,33.0,35.1491666666667,70.0,53.0375,64.1,68.8666666666667,206.5,37.2125,8.84611570247934,97.6777777777778,65.6,24.1472222222222,20.4579365079365,83.3,270.4,311.53125,18.1,77.9714285714286,39.2,13.6,32.25,10.915,17.6,17.2283333333333,,220.0,16.1,22.95,9.81793103448276,26.50625,8.2,9.89333333333333,19.4,15.4494791666667,52.5818181818182,46.75,8.53826086956522,19.6764705882353,12.7275,22.2712121212121,12.1083333333333,7.2631746031746,10.1623456790123,17.3067567567568,15.2980392156863,208.0,57.8,2520.0,31.5321428571429,117.0,55.6076923076923,100.333333333333,60.96,15.35,67.96,66.5,9.81632352941176,36.75,99.8125,10.85,32.05,23.4833333333333,67.237037037037,40.2571428571429,83.6307692307692,,93.7333333333333,152.5,35.7,56.9818181818182,13.9125,3.72,90.6,69.825,90.7884615384615,86.9784552845528,477.25,323.5,335.5,339.5,136.0,75.8,203.5,,45.0744897959184,177.0,184.5,99.4666666666666,227.5,36.596875,75.3666666666667,73.8,40.8407407407407
33.35,30.0486486486486,53.5976190476191,77.4,73.0,60.2333333333333,8.08,37.4,70.0,27.6833333333333,29.975,418.394736842105,203.0,26.2944444444444,126.2,149.0,7.24,27.3402777777778,30.5333333333333,40.8833333333333,113.666666666667,51.2705882352941,11.905,11.3,18.798717948718,38.05,160.0,394.0,20.4,55.7,52.425,31.65,21.71,346.0,264.5,386.0,32.8428571428571,11.65,161.083333333333,35.3576923076923,21.75,82.9235294117647,18.8,43.2,50.1,135.094827586207,4.40833333333333,7.37,25.9666666666667,31.755,10.0677419354839,11.7,77.08,18.1526315789474,275.2,57.2,5.35,32.9985714285714,35.1491803278689,70.0,53.08125,64.0,68.825,206.5,37.2794117647059,8.85610169491525,97.6545454545455,65.6,24.1647058823529,20.45,83.3,270.4,311.4,18.15,77.9714285714286,39.25,13.6,32.225,10.9323529411765,17.5928571428571,17.2561111111111,,220.0,16.1055555555556,22.95,9.81793103448276,26.5452380952381,8.20714285714286,9.89,19.4,15.4484615384615,52.5883720930233,46.7385964912281,8.53607142857143,19.6895833333333,12.741935483871,22.2923076923077,12.1,7.26592592592593,10.16,17.32,15.299375,208.346153846154,57.8,2530.0,31.5545454545455,117.0,55.6076923076923,100.0,61.0142857142857,15.35,68.0055555555555,66.5,9.81588235294118,36.75,99.9,10.8521739130435,32.0583333333333,23.45,67.3,40.2416666666667,83.6482758620689,,93.8,152.0,35.7,56.9098265895954,13.9,3.72,90.6,69.7,90.665,86.8008849557522,476.5,323.5,335.5,339.5,136.0,75.8,203.5,,45.1047619047619,177.0,184.5,99.4666666666666,227.5,36.625,75.4,73.8,40.8479591836735
33.3409090909091,30.0375,53.6804347826087,77.32,72.96,60.3333333333333,8.08,37.4,70.04,27.6875,29.95,419.0,203.083333333333,26.3,125.944444444444,149.0,7.2475,27.3692307692308,30.5333333333333,40.8833333333333,113.666666666667,51.2125,11.9,11.3,18.8483333333333,38.05,160.0,393.5,20.4,55.7,52.5,31.6,21.72,346.0,264.5,386.0,32.83,11.65,161.5,35.4075,21.75,82.9877192982456,18.815,43.1711538461538,50.1,135.17,4.41,7.37,25.9326446280992,31.75,10.1,11.7,77.0846153846154,18.2,275.375,57.15,5.35,33.0,35.1857142857143,69.9875,53.0818181818182,64.1,68.8,206.5,37.25,8.85363636363636,97.7,65.625,24.19375,20.4,83.4,270.35,311.227272727273,18.125,77.9941176470588,39.2944444444445,13.6,32.09,10.95,17.6,17.2117647058824,,220.5,16.1,22.95,9.81793103448276,26.5461538461538,8.2,9.89,19.4,15.4366666666667,52.5893617021277,46.7360655737705,8.54025,19.6630434782609,12.7499115044248,22.3,12.1,7.26204081632653,10.1717391304348,17.325,15.3,208.5,57.9,2525.0,31.5071428571429,117.25,55.7,100.25,61.15,15.35,68.075,66.5,9.8154347826087,36.75,100.0,10.85,32.05,23.45,67.2384615384615,40.2394736842105,83.6434782608696,,93.725,152.0,35.65,56.9111111111111,13.925,3.72,90.7,69.6857142857143,90.7,86.4512820512821,476.5,323.5,335.5,339.5,136.0,75.9,203.5,,45.0884615384615,177.0,184.0,99.5,227.5,36.6625,75.2666666666667,73.8,40.8684210526316
33.35,30.046875,53.8317073170732,77.5269230769231,73.0851063829787,60.3666666666667,8.07384615384616,37.3777777777778,70.0,27.6923076923077,30.0,418.8,203.083333333333,26.31,125.5,149.5,7.238,27.4125,30.5333333333333,40.8833333333333,113.5,51.1661016949153,11.9,11.3,18.8153846153846,38.05,160.015625,393.5,20.3785714285714,55.7,52.5,31.6480769230769,21.7328125,346.5,264.5,386.0,32.84,11.65,160.531578947368,35.4642857142857,21.8,82.9666666666667,18.8,43.1583333333333,50.1,135.081081081081,4.41,7.37,25.9348484848485,31.7527027027027,10.1,11.7222222222222,77.1,18.221875,275.375,57.2,5.35,33.0,35.175,69.9,53.1,64.2,68.8,206.5,37.275,8.855,97.6583333333334,65.6,24.175,20.4,83.3,270.65625,310.978260869565,18.15,78.0714285714286,39.4,13.65,32.0404761904762,10.9272727272727,17.5958333333333,17.2272151898734,,220.5,16.1,23.0,9.81793103448276,26.55,8.20833333333333,9.89,19.4,15.4480769230769,52.6301886792453,46.7197530864198,8.54815789473684,19.65,12.7897727272727,22.2961538461538,12.0991150442478,7.26959247648903,10.158,17.339175257732,15.32,208.5,57.8,2523.33333333333,31.55,117.4375,55.7,100.333333333333,61.1666666666667,15.3416666666667,68.0666666666667,66.5,9.81915,36.75,100.181818181818,10.85,32.0833333333333,23.45,67.3,40.25,83.6928571428572,,93.75,152.5,35.65,56.9,13.9,3.71,90.7,69.7,90.7,86.4777777777778,476.5,323.5,335.5,340.0,135.5,75.9,203.5,,45.1,177.0,184.0,99.5,227.5,36.6466666666667,75.2666666666667,73.8,40.8777777777778
33.375,30.05,53.8676470588235,77.6846153846154,73.3,60.4605042016807,8.08,37.3727272727273,70.0333333333333,27.6714285714286,29.9538461538462,418.714285714286,203.083333333333,26.3,126.0,149.0,7.249,27.4576923076923,30.5333333333333,40.85,113.666666666667,51.3069767441861,11.8625,11.3,18.8125,38.05,160.333333333333,393.5,20.41,55.7,52.5,31.65,21.75,346.5,264.5,386.0,32.85,11.6967383246849,159.666666666667,35.4583333333333,21.7785714285714,82.958064516129,18.8133333333333,43.15,50.1,135.092105263158,4.415,7.37,25.9724137931034,31.7575,10.1,11.7010989010989,77.0333333333333,18.2648351648352,275.5,57.2,5.35,33.0333333333333,35.1611111111111,69.975,53.0642857142857,64.23,68.75,206.333333333333,37.25,8.85887323943662,97.675,65.7,24.198275862069,20.43,83.4,270.4,311.166666666667,18.2,78.1,39.3581081081081,13.6375,32.25,10.9393617021277,17.6051136363636,17.2387096774194,,220.0,16.11,22.9575,9.81793103448276,26.55,8.20833333333333,9.88,19.4,15.442,52.6891304347826,46.7190217391304,8.556,19.6772727272727,12.7972222222222,22.2972222222222,12.0857142857143,7.27514084507042,10.15,17.3505671902269,15.3,208.490909090909,57.9,2530.0,31.6119565217391,117.4375,55.7,100.0,61.1,15.35,68.1,66.5,9.82030211480363,36.75,100.277777777778,10.85,32.1,23.45,67.26,40.25,83.6769230769231,,93.7052631578947,152.0,35.71,56.94,13.9,3.71083333333333,90.7,69.6941176470588,90.7,86.4793650793651,476.5,324.0,335.5,340.0,135.75,75.95,203.5,,45.05,177.5,184.0,99.5,227.5,36.65,75.2666666666667,73.8,40.8944444444445
33.3933333333333,30.0833333333333,53.9607142857143,77.6875,73.2,60.5,8.08,37.4,70.0333333333333,27.65,29.9222222222222,418.357142857143,203.25,26.325,126.0,149.0,7.25,27.5129310344828,30.5333333333333,40.8972222222222,113.5,51.6626865671642,11.8605263157895,11.3,18.848743718593,38.05,160.5,393.5,20.45,55.8,52.5,31.7,21.75,346.5,264.5,386.0,32.825,11.696144278607,159.53125,35.475,21.7785714285714,82.9913793103448,18.8045454545455,43.1558823529412,50.1,135.098591549296,4.415,7.38,25.9933333333333,31.76,10.05,11.7,77.1947368421053,18.3025423728814,275.5,57.2,5.34,33.0660714285714,35.17,69.9928571428571,53.1,64.34,68.8666666666667,206.5,37.3,8.85945454545455,97.7,65.75,24.1961538461538,20.4,83.3,270.2,311.5,18.2,78.0846153846154,39.3652173913043,13.6375,32.175,10.9662162162162,17.6,17.2572463768116,,220.0,16.12,22.9575,9.81793103448276,26.55,8.2075,9.88,19.4,15.45,52.6530303030303,46.7456140350877,8.56243902439024,19.65,12.8,22.3,12.0882352941176,7.27695652173913,10.1711538461538,17.375,15.335,208.45,57.8,2530.0,31.7470588235294,117.125,55.7,100.5,61.1,15.3,68.12,66.5,9.83228971962617,36.75,100.0,10.85,32.1,23.45,67.2357142857143,40.2137096774194,83.6809523809524,,93.6333333333333,152.0,35.71,56.9,13.9,3.71,90.6375,69.6875,90.78,86.7185185185185,477.5,324.0,335.5,340.8515625,135.5,75.9666666666667,204.0,,45.1,177.333333333333,184.0,99.5,227.5,36.65,75.2,73.8,40.9
33.35,30.0863636363636,53.8709677419355,77.6272727272727,73.1,60.5,8.08,37.3958333333333,70.0833333333333,27.6535714285714,30.0,418.625,203.0,26.3,126.0,149.5,7.24909090909091,27.5344444444444,30.5333333333333,40.9,113.5,51.7157894736842,11.8727272727273,11.3,18.85,38.05,161.134146341463,394.0,20.45,55.8,52.4,31.7,21.75,346.5,264.5,386.0,32.85,11.6921686746988,159.730769230769,35.4875,21.7910714285714,82.9731543624161,18.8115384615385,43.2,50.1,135.141509433962,4.415,7.3975572519084,25.9988505747126,31.75,10.0833333333333,11.6944444444444,77.3046511627907,18.29,275.625,57.2,5.34,33.1,35.175,70.0068965517241,53.0545454545455,64.3,68.8941176470588,206.428571428571,37.25,8.85314049586777,97.6666666666667,65.74,24.2013513513514,20.4455882352941,83.3,270.5,311.416666666667,18.1464285714286,78.1285714285714,39.3444444444444,13.65,32.1875,10.9714285714286,17.6416666666667,17.2583333333333,,220.5,16.1,22.95,9.81793103448276,26.55,8.2,9.89,19.4,15.440625,52.6808510638298,46.75,8.57,19.6555555555556,12.7958333333333,22.3,12.0980769230769,7.27,10.1614285714286,17.3884615384615,15.35,208.45,57.875,2532.0,31.7363636363636,117.0,55.7,100.333333333333,61.1,15.3,68.1,66.5,9.83971014492754,36.75,100.476744186047,10.85,32.1,23.4828125,67.3,40.2,83.68,,93.7,152.166666666667,35.75,56.9,13.9125,3.71896551724138,90.7,69.63,90.7,86.8732394366197,477.5,324.0,335.5,342.02380952381,135.7,76.0142857142857,203.5,,45.1,177.5,185.0,99.5,227.5,36.60625,75.2,73.8,40.858
33.3714285714286,30.05,53.8648648648649,77.6272727272727,73.2058823529412,60.4555555555555,8.08,37.4338235294118,70.1,27.6777777777778,30.05,418.583333333333,203.0,26.3,126.0,149.904761904762,7.25,27.5909638554217,30.575,40.93125,113.5,51.6235294117647,11.85,11.3,18.86875,38.05,161.151515151515,394.0,20.4,55.808,52.4,31.6642857142857,21.6505434782609,346.5,264.5,386.0,32.85,11.6816062176166,159.5,35.4730769230769,21.7944444444444,82.9937984496124,18.8125,43.17,50.25,135.254237288136,4.415,7.40666666666667,26.0417910447761,31.7527777777778,10.1,11.6986486486486,77.5304347826087,18.25625,276.0,57.1,5.34,33.1166666666667,35.1803571428571,70.1,53.0965517241379,64.3,68.95,206.5,37.28,8.85282722513089,97.7,65.8,24.23,20.5369905956113,83.6,270.875,311.25,18.1416666666667,78.1,39.425,13.65,32.175,10.95,17.6471014492754,17.2644578313253,,220.5,16.1285714285714,22.95,9.81793103448276,26.5518518518519,8.199,9.88,19.4,15.4375,52.7,46.7918032786885,8.57666666666667,19.6590909090909,12.752027027027,22.2925,12.0855855855856,7.2725,10.154,17.3710526315789,15.3294117647059,208.9375,57.9,2538.0,31.71875,117.0,55.7454545454545,100.333333333333,61.1956521739131,15.35,67.975,66.5,9.84051724137931,36.75,100.5,10.9030864197531,32.1013888888889,23.5,67.2724137931035,40.2,83.6977777777778,,93.8,152.5,35.7,56.9714285714286,13.9,3.71576923076923,90.7916666666667,69.6222222222222,90.7,86.8166666666667,476.5,323.5,335.0,341.875,135.583333333333,76.0428571428571,203.5,,45.07,177.5,184.5,99.5,227.5,36.6166666666667,75.2,73.8,40.9
33.3772727272727,30.0571428571429,53.8375,77.5142857142857,73.12,60.3636363636364,8.08,37.4719512195122,70.0,27.69,30.01875,419.0,203.25,26.3055555555556,126.0,149.904761904762,7.25,27.64375,30.575,40.95,113.5,51.5368421052632,11.85,11.3,18.879347826087,38.05,161.0,394.0,20.4083333333333,55.89,52.4,31.65,21.6,346.9,264.5,386.0,32.8962962962963,11.6576923076923,159.357142857143,35.4794871794872,21.7954545454545,83.0204081632653,18.8022727272727,43.1927083333333,50.2,135.087719298246,4.415,7.41,26.0388888888889,31.75,10.1,11.6955555555556,77.6185185185185,18.25,275.9,57.1,5.34,33.1,35.1733333333333,70.0333333333333,53.01875,64.3,68.9428571428572,206.5,37.2333333333333,8.85,97.65625,65.7666666666667,24.2465909090909,20.746511627907,83.5,270.454545454545,311.4,18.1,78.019512195122,39.4,13.65,32.2,10.9978260869565,17.65,17.2775590551181,,220.5,16.1153846153846,22.95,9.81793103448276,26.52,8.2,9.87,19.4,15.4038461538462,52.7655172413793,46.7647727272727,8.57542168674699,19.6571428571429,12.7673076923077,22.316,12.0909722222222,7.27964912280702,10.15,17.3798611111111,15.303125,208.5,57.9,2539.61538461539,31.65,117.25,55.8,100.0,61.2,15.36,67.9,66.5,9.84708333333333,36.75,100.5,10.9,32.05,23.5,67.3725,40.2,83.7425,,93.76,152.555555555556,35.65,56.97,13.9,3.72,90.6964285714286,69.4752808988764,90.72,86.6236842105263,476.5,323.5,335.0,341.611111111111,135.666666666667,75.9333333333333,203.5,,45.0666666666667,177.0,184.333333333333,99.5,228.0,36.5714285714286,75.2,73.7,40.8789473684211
33.395,30.05,53.8,77.5,73.12,60.3375,8.075,37.4909090909091,70.0636363636364,27.6992424242424,30.05,418.583333333333,203.333333333333,26.3125,125.9,150.0,7.25266666666667,27.6588888888889,30.575,40.95,113.5,51.5818181818182,11.8645833333333,11.3,18.89,38.05,161.0,394.5,20.4590909090909,56.0,52.4,31.7,21.6,346.9,264.5,386.0,32.9,11.6561904761905,159.166666666667,35.46,21.7951612903226,83.0714285714286,18.805,43.2,50.2,135.223684210526,4.41,7.40473684210526,26.102380952381,31.75,10.1,11.6984848484848,77.7074074074074,18.25,275.875,57.2,5.34,33.1083333333333,35.1681818181818,70.1,53.1,64.26,68.8,206.5,37.3,8.85192307692308,97.67,65.8,24.2471428571429,20.7,83.5,270.5,311.0,18.1,77.9666666666667,39.4,13.65,32.175,11.0,17.65,17.25,,220.5,16.125,22.95,9.81793103448276,26.5,8.2,9.87,19.4,15.4333333333333,52.7972222222222,46.7946428571428,8.57375,19.6576923076923,12.79,22.3434782608696,12.1,7.28230769230769,10.1780701754386,17.3886363636364,15.3105263157895,208.5,58.0,2540.0,31.6222222222222,117.25,55.7875,100.333333333333,61.2,15.35,68.1,66.5,9.84945454545454,36.75,100.178571428571,10.95,32.05,23.5,67.3857142857143,40.2282608695652,83.7673076923077,,93.725,152.555555555556,35.65,57.0,13.9166666666667,3.72,90.7,69.3739130434783,90.8,86.575,476.0,323.5,335.0,341.333333333333,135.666666666667,75.96,203.5,,45.0853658536585,177.0,184.0,99.4,228.0,36.4473684210526,75.2,73.7,40.8625
33.4,30.0538461538461,53.8,77.45,73.1857142857143,60.3,8.07083333333333,37.4659090909091,70.0636363636364,27.7,30.05,418.423076923077,203.0,26.3,126.0,150.0,7.25,27.7190721649485,30.5642857142857,40.95,113.5,51.6027027027027,11.8552631578947,11.3,18.8875,38.05,161.0,395.0,20.5,56.0,52.45,31.7,21.625,346.9,264.5,386.0,32.9125,11.6666666666667,159.5,35.4847222222222,21.8,83.0818181818182,18.8425,43.175,50.2,135.12962962963,4.41,7.41,26.1856481481482,31.75,10.1,11.6985294117647,77.73125,18.25,276.0,57.2,5.34,33.05,35.1961538461538,70.1,53.09,64.26,68.7714285714286,206.5,37.2,8.85,97.6666666666667,65.7285714285714,24.25,20.7,83.5,270.166666666667,311.0,18.1,77.9833333333333,39.42,13.6875,32.2,10.9868421052632,17.69,17.2809523809524,,220.5,16.1,22.95,9.82,26.5452380952381,8.2,9.87,19.45,15.4125,52.7960784313725,46.7492537313433,8.57,19.6958333333333,12.7857142857143,22.3333333333333,12.1147058823529,7.288,10.1527777777778,17.3840909090909,15.3,208.5,58.0,2536.66666666667,31.625,117.5,55.8333333333333,100.333333333333,61.275,15.35,67.8,66.5,9.8523595505618,36.8,100.047297297297,10.95,32.075,23.5,67.3428571428571,40.25,83.7777777777778,,93.8,153.0,35.675,56.9166666666667,13.9,3.72,90.7,69.4818181818182,90.8,86.5055555555556,476.333333333333,323.5,335.0,341.416666666667,135.5,76.0,203.5,,45.0928571428571,177.0,184.0,99.4,228.0,36.2928571428571,75.2,73.7,40.8635135135135
33.395,30.03125,53.7777777777778,77.4555555555556,73.0925,60.3066666666667,8.07083333333333,37.4954545454545,70.0181818181818,27.700625,30.0428571428571,418.357142857143,203.0,26.2285714285714,126.25,150.0,7.24727272727273,27.6787234042553,30.5642857142857,40.95,113.5,51.5785714285714,11.85,11.3,18.8555555555556,38.05,161.0,394.6,20.5,56.0,52.35,31.65625,21.625,346.9,264.5,386.0,32.9238095238095,11.6745614035088,159.083333333333,35.4510101010101,21.8,83.0617021276596,18.8261904761905,43.2493670886076,50.2,135.175925925926,4.42,7.41,26.2814102564103,31.75390625,10.1125,11.65,77.7,18.25,275.75,57.2,5.34,33.05,35.19375,70.09,53.0111111111111,64.35,68.75,206.5,37.25,8.85076045627376,97.6428571428571,65.65,24.2492307692308,20.7,83.5,269.915254237288,311.0,18.1,77.9777777777778,39.4,13.6583333333333,32.2296296296296,10.9770833333333,17.6852272727273,17.2524752475248,,221.0,16.1058823529412,22.9958333333333,9.82,26.5,8.19090909090909,9.87,19.45,15.4,52.7836363636363,46.7286885245902,8.57,19.6525,12.7815789473684,22.3392405063291,12.1,7.28,10.1522727272727,17.3735849056604,15.3,208.884615384615,57.8888888888889,2540.0,31.625,117.2,55.88,100.0,61.2727272727273,15.35,67.8,66.5,9.85492307692308,36.8,100.217391304348,10.9464285714286,32.05,23.5,67.37,40.2097222222222,83.7760869565218,,93.7666666666667,153.0,35.6857142857143,56.95,13.9,3.72,90.7111111111111,69.3444444444445,90.8052631578947,86.4978723404255,476.0,324.0,335.0,341.0,135.5,75.9736842105263,203.5,,45.055,177.0,184.0,99.4,227.833333333333,36.195,75.3,73.7,40.8
33.36875,30.0538461538462,53.7242424242424,77.44,73.07,60.2861111111111,8.06,37.4761904761905,70.0117647058824,27.6964285714286,29.9976744186046,418.0,203.166666666667,26.21,126.0,150.0,7.24454545454545,27.7234375,30.5642857142857,40.9125,113.5,51.5925925925926,11.8388888888889,11.25,18.86,38.05,160.75,394.6,20.45,56.09,52.3,31.66,21.6,346.75,264.5,386.0,32.9,11.65,159.1,35.4030303030303,21.7884615384615,82.9921568627451,18.8365853658537,43.2833333333333,50.3,135.142857142857,4.42,7.41,26.3462871287129,31.7142857142857,10.1,11.6789473684211,77.6,18.25,275.666666666667,57.2,5.34,33.05,35.1546511627907,70.1727272727273,53.052,64.3307692307692,68.78,206.333333333333,37.2333333333333,8.84976923076923,97.6210526315789,65.5478260869565,24.2125,20.65,83.5,269.657894736842,311.333333333333,18.075,77.8913043478261,39.4,13.65,32.3333333333333,10.95,17.6833333333333,17.25,,220.5,16.092,22.95,9.82,26.5133333333333,8.19454545454545,9.87,19.45,15.4,52.7563636363636,46.7325,8.56976744186047,19.65,12.766,22.3418181818182,12.1055555555556,7.28291666666667,10.1789473684211,17.3640625,15.3019230769231,209.0,57.8888888888889,2538.75,31.6,117.166666666667,55.9,100.166666666667,61.2090909090909,15.35,67.8,66.5,9.85648648648649,36.8,100.071428571429,10.9555555555556,32.090625,23.55,67.3090909090909,40.2106060606061,83.7820512820513,,93.688,152.875,35.65,56.92,13.9,3.72,90.7111111111111,69.4,90.7967741935484,86.3602941176471,473.0,323.5,335.0,340.5,135.5,75.9285714285714,203.5,,45.0413043478261,177.25,184.166666666667,99.4,228.0,36.15,75.3,73.7,40.8032258064516
33.3791666666667,30.05,53.7830508474576,77.4,73.1,60.1961538461539,8.06,37.45,70.0,27.7,29.9583333333333,417.5,203.0,26.1625,126.4,150.0,7.23538461538462,27.7642857142857,30.5642857142857,40.8833333333333,113.5,51.6761904761905,11.83125,11.25,18.8525423728814,38.075,160.833333333333,394.6,20.45,56.1368421052632,52.3,31.65,21.6055555555556,346.8,264.5,386.0,32.8828571428571,11.6572413793103,159.15,35.3367088607595,21.7647058823529,82.9302521008403,18.805,43.2611111111111,50.3,135.117283950617,4.41,7.40314814814815,26.3054945054945,31.7445652173913,10.1,11.698125,77.6615384615385,18.2408163265306,275.9375,57.2,5.34,32.9916666666667,35.159375,70.1,53.0260869565217,64.2,68.8363636363636,206.5,37.225,8.85232323232323,97.6315789473684,65.5,24.2,20.65,83.5,268.968085106383,311.0,18.05,77.8625,39.40625,13.6119047619048,32.346875,10.9666666666667,17.65,17.2868965517241,,220.5,16.0833333333333,22.95,9.82,26.5076923076923,8.19,9.87,19.45,15.4494082840237,52.7397959183673,46.6887387387387,8.56581632653061,19.6507462686567,12.7625,22.3445945945946,12.1,7.28911917098446,10.1625,17.3566176470588,15.3119047619048,208.576923076923,57.8181818181818,2532.0,31.55,117.1875,55.9,100.0,61.2,15.3590909090909,67.8,66.5,9.855,36.8,100.0,10.9636363636364,32.07,23.5403846153846,67.2947368421053,40.1962962962963,83.7576923076923,,93.4416666666667,152.5,35.65,56.8952380952381,13.9,3.72,90.7,69.4538461538462,90.74,86.3133333333333,473.166666666667,323.5,335.0,341.1,135.5,75.8583333333333,203.5,,45.01,177.0,184.0,99.4,227.5,36.1345454545455,75.4,73.7,40.7642857142857
33.4,30.05,53.8222222222222,77.4,73.0611111111111,60.161038961039,8.07,37.45,69.8627906976744,27.7,29.91,417.9375,202.833333333333,26.125,126.333333333333,150.0,7.24,27.7,30.5642857142857,40.875,113.5,51.5259259259259,11.8,11.25,18.8917910447761,38.1,160.5,394.6,20.45,56.075,52.5,31.6,21.625,346.0,264.5,386.0,32.8565217391304,11.65,159.285714285714,35.3416666666667,21.8,82.9166666666667,18.8,43.254,50.3,135.0859375,4.412,7.4,26.3134920634921,31.7441176470588,10.1,11.7,77.6,18.2,275.5,57.2,5.34,33.0571428571429,35.1557692307692,70.095652173913,53.0407407407407,64.2,68.7666666666667,206.5,37.2,8.85106382978723,97.65,65.4,24.1714285714286,20.6485294117647,83.5,268.571428571429,311.083333333333,18.05,77.9125,39.475,13.63125,32.4,10.9666666666667,17.6472972972973,17.26,,221.0,16.1178571428571,22.95,9.81833333333333,26.5,8.19526315789474,9.87,19.45,15.45,52.709375,46.6676923076923,8.57233870967742,19.65,12.75,22.3204081632653,12.0882352941176,7.28673913043478,10.1615384615385,17.3646153846154,15.3,208.5,57.8,2525.0,31.55,117.5,55.9,100.0,61.275,15.3538461538462,67.86,66.5,9.85717391304348,36.8,99.9038461538461,10.95,32.0666666666667,23.5403846153846,67.2571428571429,40.1940677966102,83.7371428571429,,93.3181818181818,152.5,35.65,56.8,13.9,3.715,90.7,69.475,90.7413793103449,86.2904761904762,473.166666666667,323.5,335.0,341.5,135.5,75.9181818181818,203.5,,45.0055555555556,177.038461538462,184.0,99.4,227.5,36.15,75.4,73.7,40.7571428571429
33.35,30.0777777777778,53.878947368421,77.3666666666667,73.0666666666667,60.1,8.07,37.45,69.8454545454546,27.7227272727273,29.95,417.9375,202.833333333333,26.1333333333333,126.25,150.0,7.24,27.6762295081967,30.5642857142857,40.85,113.0,51.4117647058823,11.8,11.25,18.8603448275862,38.1,161.0,394.5,20.45,56.0571428571429,52.5,31.65,21.63,346.0,264.5,386.0,32.851724137931,11.6499399759904,159.083333333333,35.3632352941176,21.8,82.922,18.8333333333333,43.2571428571429,50.3,135.045454545455,4.41,7.4,26.2884328358209,31.7304347826087,10.1,11.7,77.5793103448276,18.2,276.0,57.3,5.34,32.95,35.1510416666667,70.0,53.0133333333333,64.2,68.7666666666667,206.5,37.2333333333333,8.850625,97.6625,65.34,24.15,20.6485294117647,83.5,268.970588235294,311.0,18.05,77.88,39.4923076923077,13.62,32.35,10.95,17.6,17.25,,221.0,16.1166666666667,22.95,9.81833333333333,26.5208333333333,8.19868421052632,9.87,19.45,15.4512820512821,52.6157407407407,46.6491596638655,8.56,19.6533333333333,12.7526315789474,22.3227272727273,12.0921568627451,7.28577777777778,10.15,17.3634920634921,15.3,208.972222222222,57.8,2527.5,31.55,117.0,55.9,100.214285714286,61.22,15.35,67.8,66.5,9.85236842105263,36.95,99.824,10.9428571428571,32.0625,23.5,67.2333333333333,40.1954545454545,83.7217391304348,,93.4,152.5,35.65,56.8090909090909,13.8858695652174,3.715,90.7,69.47,90.8,86.2333333333333,473.928571428571,323.5,335.0,340.75,135.636363636364,75.775,203.5,,45.0125,177.038461538462,184.333333333333,99.4,227.5,36.1970588235294,75.4,73.7,40.75
33.3833333333333,30.05,53.8882352941176,77.4,73.0909090909091,60.1,8.07,37.45,69.85,27.7,29.9,418.0,202.75,26.15,125.964285714286,150.0,7.24333333333333,27.6555555555555,30.55,40.85,113.0,51.3461538461539,11.812,11.25,18.874358974359,38.1,160.5,394.5,20.45,56.075,52.3,31.65,21.6166666666667,346.0,264.5,386.0,32.85,11.6260964912281,159.0,35.4125,21.8,82.9258620689655,18.8,43.215625,50.3,135.0125,4.41952380952381,7.4,26.2683333333333,31.725,10.1,11.6777777777778,77.3818181818182,18.2,275.666666666667,57.3,5.34,33.1,35.1409090909091,70.0705882352941,53.0565217391304,64.2,68.7,206.5,37.1722222222222,8.85010204081633,97.6571428571428,65.3,24.15,20.6485294117647,83.5,268.9,310.866666666667,18.05,77.9,39.497619047619,13.6125,32.35,10.95,17.6,17.2467391304348,,221.0,16.1294117647059,22.975,9.81833333333333,26.5,8.19,9.87,19.45,15.45,52.5702127659575,46.6175324675325,8.568,19.65,12.75,22.3105263157895,12.0993506493506,7.2816,10.15,17.3611111111111,15.3,209.0,57.8,2525.0,31.55,117.125,55.85,100.0,61.2,15.35,67.8,66.5,9.85233333333334,36.95,99.775,10.9,32.05,23.5,67.2714285714286,40.2433333333333,83.71,,93.35,152.9,35.65,56.8,13.85,3.71,90.725,69.3511627906977,90.7181818181818,86.1538461538461,473.928571428571,324.0,335.0,340.75,135.5,75.825,203.0,,45.0441176470588,177.5,184.0,99.4,227.5,36.1970588235294,75.3333333333333,73.7,40.7970588235294
33.4,30.05,53.8087719298245,77.2857142857143,73.0642857142857,60.115,8.07,37.45,69.8363636363636,27.7027777777778,29.9214285714286,418.0,202.6,26.16,125.5,150.0,7.24,27.65,30.55,40.85,113.0,51.265,11.8,11.25,18.85,38.1,160.666666666667,394.5,20.45,56.14,52.3,31.6125,21.6166666666667,346.0,264.5,384.714285714286,32.8772727272727,11.6114457831325,159.1,35.3916666666667,21.8,82.9145833333333,18.8,43.2,50.3,135.066176470588,4.41625,7.4,26.2126666666667,31.7166666666667,10.1,11.690625,77.31,18.2,275.5,57.4,5.34024390243902,33.0,35.1166666666667,70.0,53.0076923076923,64.25,68.85,206.5,37.1833333333333,8.85,97.6133333333333,65.3,24.1214285714286,20.6,83.4,268.5,310.866666666667,18.05,77.8333333333333,39.5333333333333,13.5578207381371,32.35,10.9575,17.6,17.2186567164179,,221.0,16.1166666666667,22.95,9.81833333333333,26.5,8.19473684210526,9.89,19.45,15.45,52.5661764705882,46.6343137254902,8.56975,19.65,12.7588888888889,22.3212121212121,12.1,7.28660869565217,10.1522222222222,17.3608695652174,15.3115384615385,208.5,57.8,2530.0,31.55,117.0,55.9,100.0,61.2,15.35,67.8,66.5,9.85180722891566,36.95,99.775,10.9,32.05,23.5416666666667,67.2111111111111,40.25,83.6892307692308,,93.35,152.9,35.65,56.825,13.85,3.71,90.7,69.3,90.725,86.1058823529412,473.928571428571,324.0,335.0,340.75,135.0,75.8875,203.5,,45.04,177.0,184.0,99.4,227.5,36.1583333333333,75.3,73.7,40.7666666666667
33.3625,30.0,53.7675675675676,77.22,73.0833333333333,60.082,8.07123456790123,37.45,69.8,27.7105769230769,29.9041666666667,417.5,202.947368421053,26.0954545454546,125.590909090909,150.0,7.24,27.6583333333333,30.65,40.85,113.5,51.1541666666667,11.7615384615385,11.25,18.8510989010989,38.1,160.5,394.5,20.4666666666667,56.2357142857143,52.3,31.6,21.6238636363636,346.0,264.5,384.714285714286,32.85,11.6042087542088,159.0,35.4076923076923,21.795,82.9009090909091,18.8,43.2,50.3,135.071106094808,4.41083333333333,7.4,26.1644230769231,31.725,10.1,11.6871794871795,77.3,18.2116279069767,275.5,57.3,5.35,33.0,35.145,70.0,53.0222222222222,64.2,68.85,206.5,37.15,8.84623762376237,97.6076923076923,65.2,24.1060606060606,20.6166666666667,83.4,268.537037037037,310.5,18.015034965035,77.8125,39.5659090909091,13.5494652406417,32.3291666666667,10.95,17.6,17.2,,221.0,16.1064516129032,22.95,9.81,26.5,8.19153846153846,9.89,19.45,15.4543103448276,52.578,46.5955357142857,8.56105263157895,19.655612244898,12.7527397260274,22.3044117647059,12.1,7.28632850241546,10.15,17.35,15.3,208.973684210526,57.7,2530.0,31.55,117.071428571429,55.9,100.017857142857,61.2,15.3378048780488,67.8,66.5,9.85060301507538,37.0,99.7666666666667,10.90625,32.05,23.5,67.2055555555556,40.2825,83.6,,93.3,152.5,35.65,56.8,13.85,3.71,90.73,69.2583333333333,90.7,86.0558441558441,473.5,324.0,335.0,340.5,135.5,75.86,203.5,,45.0153846153846,177.125,184.0,99.4,227.5,36.0888888888889,75.3,73.7,40.7857142857143
33.3647058823529,30.0294117647059,53.7263157894737,77.2285714285714,73.02,60.0850746268657,8.06,37.4,69.815,27.7,29.9444444444444,417.5,202.966666666667,26.0583333333333,125.5,150.0,7.2375,27.6234375,30.65,40.8125,113.0,51.0842105263158,11.7677419354839,11.25,18.8598214285714,38.1,160.5,394.5,20.45,56.24,52.38,31.61,21.6,346.0,264.5,383.0,32.8382352941176,11.6015384615385,159.0,35.402,21.7916666666667,82.8727272727273,18.8096153846154,43.1909090909091,50.3,135.096846846847,4.41666666666667,7.4,26.1560606060606,31.7,10.1,11.65,77.3011111111111,18.2,275.5,57.325,5.35,33.0,35.1461538461538,70.0,53.0611111111111,64.2,68.7444444444444,206.5,37.15,8.84,97.65625,65.2,24.1125,20.6083333333333,83.4,268.52380952381,310.839285714286,17.95,77.8133333333333,39.58,13.55,32.25,10.95,17.5946666666667,17.2117647058824,,220.9,16.1235294117647,22.95,9.81,26.4883333333333,8.19,9.87,19.45,15.45,52.4740740740741,46.534,8.56,19.6509090909091,12.745625,22.3151515151515,12.1,7.28,10.1511363636364,17.38,15.302,208.973684210526,57.75,2525.0,31.55,117.25,55.9555555555555,100.0,61.2,15.3,67.8,66.5,9.84335766423357,37.05,99.792,10.9,32.0666666666667,23.5,67.225,40.2636363636364,83.6333333333333,,93.4,152.9,35.65,56.7272727272727,13.8708333333333,3.71566037735849,90.7666666666667,69.2842105263158,90.6357142857143,85.8333333333333,474.0,324.0,335.0,340.0,135.5,75.8727272727273,203.5,,45.0045454545455,177.0,184.0,99.4,227.5,36.1,75.3,73.7,40.8
33.35,30.05,53.7888888888889,77.2,73.05,60.1032258064516,8.06,37.4,69.7833333333333,27.7,29.9142857142857,417.5,202.5,26.075,125.5,150.0,7.239,27.6354838709677,30.65,40.85,113.0,51.0764705882353,11.7890625,11.25,18.8603448275862,38.1,160.5,394.5,20.4583333333333,56.175,52.3,31.6,21.5833333333333,345.75,264.5,383.75,32.8,11.6,159.142857142857,35.3666666666667,21.7916666666667,82.8485714285714,18.8,43.25,50.3,135.036231884058,4.41,7.39,26.1808823529412,31.745,10.1,11.69,77.2857142857143,18.2,275.5,57.4,5.35,32.9833333333333,35.15,70.0,53.05,64.2,68.8666666666667,206.5,37.15,8.8425,97.65,65.2,24.098347107438,20.65,83.4,268.625,310.75,17.95,77.8,39.5583333333333,13.55,32.1981481481481,10.95,17.5527777777778,17.2217391304348,,220.9,16.1166666666667,22.95,9.81,26.45,8.195,9.86,19.45,15.45,52.4948717948718,46.4438775510204,8.56943925233645,19.6514534883721,12.7166666666667,22.3386363636364,12.1,7.28,10.1568965517241,17.35,15.3,208.973684210526,57.8,2525.0,31.55,117.333333333333,56.0,100.3,61.1923076923077,15.3,67.8,66.5,9.83674033149171,37.05,99.7965517241379,10.9,32.05,23.5,67.2714285714286,40.2065789473684,83.6,,93.3166666666667,152.833333333333,35.65,56.7555555555556,13.85,3.71333333333333,90.7666666666667,69.3,90.7176470588235,85.7,473.5,324.0,335.0,339.916666666667,135.5,75.85,203.5,,45.01,177.5,184.5,99.2,227.5,36.0833333333333,75.3,73.7,40.75
33.3666666666667,30.0485294117647,53.7809523809524,77.3,73.0,60.12,8.05,37.3666666666667,69.7473684210526,27.7,30.0,417.0,202.666666666667,26.05,125.5,150.0,7.23846153846154,27.6045454545455,30.75,40.85,113.0,51.1242424242424,11.7890625,11.25,18.85,38.1,160.5,394.5,20.45,56.2,52.2363636363636,31.6,21.6,345.5,264.5,383.75,32.9,11.6066371681416,159.25,35.3952380952381,21.75,82.8147058823529,18.8047619047619,43.203125,50.25,135.018867924528,4.41,7.39,26.1694444444444,31.7041666666667,10.1,11.6977272727273,77.1285714285714,18.25,275.5,57.4,5.35,33.0,35.1857142857143,70.0166666666667,53.0428571428571,64.2,68.8333333333333,206.5,37.1625,8.84458333333333,97.6777777777778,65.2,24.05,20.6227272727273,83.6,269.05,311.0,17.95,77.8,39.55,13.55,32.15,10.9571428571429,17.55,17.2075757575758,,220.9,16.1333333333333,22.95,9.82,26.48125,8.19,9.86,19.4,15.4571428571429,52.4818181818182,46.4661458333333,8.56771428571429,19.65,12.7,22.3368421052632,12.1,7.28243902439024,10.15,17.3657894736842,15.3,208.5,57.8125,2525.0,31.5,117.5,56.1,100.0,61.1727272727273,15.35,67.8,66.5,9.83573913043478,37.0,99.8666666666667,10.9,32.0833333333333,23.5,67.2555555555555,40.209375,83.6333333333333,,93.36,152.5,35.6666666666667,56.7,13.85,3.71333333333333,90.7,69.3,90.7166666666666,85.7882352941176,473.5,324.5,335.0,340.0,135.5,75.85,203.5,,45.0333333333333,177.5,184.0,99.1333333333333,227.5,36.1229166666667,75.3,73.7,40.7642857142857
33.35,30.05,53.7923076923077,77.34,73.0375,60.1,8.06,37.35,69.7444444444445,27.7,30.0,417.5,202.666666666667,26.07,125.5,150.0,7.24,27.6596153846154,30.75,40.85,113.0,51.18,11.75,11.25,18.8529411764706,38.1,160.5,394.5,20.4,56.1777777777778,52.1,31.62,21.6,345.5,264.5,383.75,32.875,11.6,159.4,35.4,21.75,82.828,18.8,43.2142857142857,50.3,135.0859375,4.41714285714286,7.39,26.1452380952381,31.7357142857143,10.1,11.7,77.1,18.2,275.5,57.4,5.35,32.95,35.1954545454545,70.08,53.025,64.1,68.825,206.0,37.1625,8.84578947368421,97.6875,65.3666666666667,24.0607142857143,20.6,83.4,269.3,311.0,17.9785714285714,77.8,39.5785714285714,13.55,32.0925,10.95,17.5418918918919,17.2022222222222,,221.0,16.125,22.95,9.81,26.4545454545454,8.19,9.86,19.4,15.45,52.547619047619,46.4952830188679,8.57133333333333,19.65,12.7,22.3243243243243,12.1,7.28745098039216,10.15625,17.3678571428571,15.305,208.5,57.8125,2525.0,31.5,117.333333333333,56.125,100.0,61.1,15.3,67.8,66.2,9.83365853658537,37.0,99.8333333333333,10.9,32.0833333333333,23.5083333333333,67.225,40.16,83.6692307692308,,93.4,152.5,35.65,56.7,13.85,3.72,90.7166666666667,69.2857142857143,90.78,85.6866666666667,474.0,324.5,335.0,340.0,135.5,75.84,203.578947368421,,45.0285714285714,177.5,184.0,99.0,227.5,36.1375,75.3,73.7,40.75
33.3785714285714,30.0833333333333,53.7954545454545,77.4,73.0,60.1,8.05,37.35,69.7909090909091,27.7,29.9642857142857,417.5,202.5,26.11,125.5,149.0,7.245,27.6288461538462,30.75,40.85,113.0,51.4162790697674,11.7975274725275,11.25,18.869696969697,38.1,160.5,394.5,20.45,56.15,52.1,31.6,21.56875,345.0,264.5,383.75,32.8555555555556,11.6132743362832,159.0,35.3981132075472,21.8,82.8677083333333,18.8066666666667,43.20625,50.2,135.024691358025,4.41714285714286,7.39,26.1446428571429,31.7333333333333,10.1,11.7,77.15,18.2,275.5,57.4,5.35,32.95,35.19,70.0,53.07,64.1,68.8333333333333,206.5,37.1666666666667,8.846,97.6333333333333,65.3666666666667,24.0727272727273,20.6,83.4,269.0,310.8,17.95,77.8666666666667,39.5875,13.6,31.9638392857143,10.95,17.5,17.2252747252747,,221.333333333333,16.15,22.95,9.81,26.4916666666667,8.19,9.87,19.4,15.45,52.6615384615385,46.4913793103448,8.57,19.65,12.7084615384615,22.34375,12.1,7.28,10.15,17.3631578947368,15.3361445783133,208.928571428571,57.8,2530.0,31.55,117.333333333333,56.1166666666667,100.0625,61.18,15.3,67.8,66.2,9.83821428571429,37.0,99.8833333333333,10.9041666666667,32.1,23.5083333333333,67.3,40.1270833333333,83.6984126984127,,93.4,152.5,35.65,56.7666666666667,13.85,3.72,90.7,69.3,90.7333333333333,85.8,473.8,325.0,335.0,340.5,135.5,75.8,204.0,,45.0166666666667,177.5,184.0,99.0,227.5,36.1214285714286,75.3,73.7,40.75
33.3666666666667,30.05,53.7769230769231,77.4,73.0710526315789,60.10625,8.05,37.35,69.75,27.7,29.95,417.5,203.0,26.1125,126.0,149.0,7.248,27.65,30.75,40.85,113.0,51.4315789473684,11.8,11.25,18.855,38.1,160.0,394.5,20.45,56.2857142857143,52.1,31.65,21.5833333333333,345.0,264.5,383.75,32.8555555555556,11.6077519379845,159.3125,35.3916666666667,21.7852941176471,82.8763888888889,18.8,43.2090909090909,50.2,135.075757575758,4.41,7.39,26.1468085106383,31.7388888888889,10.1,11.7166666666667,77.15,18.2,275.625,57.35,5.34,32.95,35.1833333333333,70.0,53.0363636363636,64.2,68.86,206.0,37.175,8.84904109589041,97.6875,65.2,24.1,20.6,83.4,269.357142857143,310.625,18.0,77.8,39.55,13.5583333333333,31.85,10.95,17.5047619047619,17.2034090909091,,221.5,16.15,22.95,9.81,26.46875,8.19,9.87,19.45,15.48,52.6,46.5118181818182,8.57,19.654347826087,12.737037037037,22.3452380952381,12.1071428571429,7.28026315789474,10.15,17.3678571428571,15.3,208.954545454545,57.9,2530.0,31.5,117.5,56.1,100.166666666667,61.1,15.3,67.7666666666667,66.2,9.83617647058823,37.0,99.8333333333333,10.9,32.0944444444444,23.5083333333333,67.2555555555555,40.1114583333333,83.75625,,93.4,152.5,35.65,56.8,13.85,3.72,90.7,69.2391304347826,90.7230769230769,85.8823529411765,473.8,325.0,335.0,340.5,135.0,75.8,204.0,,45.0222222222222,177.75,184.166666666667,99.2,227.5,36.15,75.3,73.7,40.8
33.35,30.075,53.7947368421053,77.5,73.05,60.1,8.05,37.35,69.8,27.7,30.0,417.5,202.970588235294,26.1,125.5,149.0,7.24428571428571,27.6166666666667,30.75,40.85,113.0,51.276,11.8,11.25,18.8595238095238,38.1,160.0,394.5,20.4375,56.22,52.1,31.65,21.55,345.5,264.5,384.0,32.85,11.6023364485981,159.25,35.38,21.8,82.8871428571429,18.8,43.225,50.2,135.020408163265,4.41,7.38090909090909,26.15625,31.75,10.1,11.7,77.22,18.2,275.625,57.35,5.34,32.95,35.2,70.0,53.04375,64.12,68.8230769230769,206.0,37.15,8.84980769230769,97.67,65.2,24.1027777777778,20.6,83.4,269.166666666667,310.833333333333,17.95,77.8,39.55,13.5583333333333,31.84,10.95,17.5232558139535,17.2011111111111,,221.5,16.1318181818182,22.95,9.81,26.45,8.19,9.87,19.45,15.45,52.5777777777778,46.5570175438597,8.56142857142857,19.659375,12.7365384615385,22.3357142857143,12.126,7.2804,10.1533333333333,17.3729166666667,15.3142857142857,208.958333333333,57.8,2527.5,31.525,117.0,56.2,100.333333333333,61.1,15.3,67.7666666666667,66.2,9.83771428571429,37.0,99.9,10.9,32.05,23.5,67.25,40.0857142857143,83.7,,93.4,152.5,35.65,56.8,13.85,3.72,90.75,69.2555555555555,90.7875,85.9653846153846,474.5,325.0,335.0,340.875,135.5,76.1,204.0,,45.0,177.75,184.0,99.2,227.5,36.2,75.3,73.6,40.775
33.35,30.0714285714286,53.7809523809524,77.4,73.0375,60.1294117647059,8.05,37.405,69.76,27.7,29.95,417.5,203.0,26.0666666666667,125.5,149.333333333333,7.25,27.6526315789474,30.75,40.845,113.5,51.2,11.8,11.25,18.85,38.1,160.0,395.0,20.4375,56.35,52.152380952381,31.65,21.55,345.5,264.5,384.0,32.85,11.6025510204082,159.25,35.4,21.8,82.8695652173913,18.8,43.2,50.2,135.273684210526,4.41,7.39,26.1388888888889,31.740625,10.1,11.7428571428571,77.14,18.2,275.5,57.35,5.36,32.95,35.1861111111111,70.0,53.0058823529412,64.1,68.85,206.0,37.2,8.84310580204778,97.7,65.3166666666667,24.1375,20.6,83.4,269.5,310.666666666667,17.95,77.8,39.55,13.55,31.78125,10.9441176470588,17.5,17.2192307692308,,221.0,16.1363636363636,22.9625,9.81,26.45,8.2,9.87,19.45,15.45,52.5,46.6112068965517,8.56,19.654,12.7261904761905,22.3444444444445,12.1,7.28,10.1684210526316,17.35625,15.3,209.0,57.9,2525.0,31.525,117.25,56.2,100.1,61.1,15.325,67.75,66.2,9.83023696682464,37.0,99.7916666666667,10.9,32.05,23.5,67.3222222222222,40.0524390243902,83.7457142857143,,93.4,152.5,35.65,56.825,13.85,3.72,90.7125,69.2888888888889,90.7266666666667,86.0368421052632,474.5,325.0,335.0,341.227272727273,135.25,75.8,204.0,,45.0454545454545,177.625,184.0,99.0,227.5,36.175,75.2,73.6,40.7565217391304
33.3980769230769,30.0666666666667,53.7739130434783,77.4333333333333,73.01,60.1176470588235,8.05,37.45,69.7555555555556,27.7,29.975,417.5625,203.25,26.0694444444444,126.0,149.333333333333,7.25,27.6166666666667,30.75,40.845,113.0,51.2,11.8,11.25,18.8765625,38.05,160.0,395.0,20.45,56.4,52.152380952381,31.65,21.5666666666667,345.5,264.5,384.3,32.9,11.608984375,159.25,35.41875,21.75,82.8936274509804,18.804347826087,43.225,50.3,135.111842105263,4.41833333333333,7.39,26.1392857142857,31.73,10.1,11.7,77.2333333333333,18.225,275.5,57.4,5.36,33.0,35.1972222222222,70.0090909090909,53.0466666666667,64.1,68.8,206.25,37.15,8.84058823529412,97.6714285714286,65.3,24.1,20.65,83.5,269.321428571429,310.722222222222,17.95,77.85,39.55,13.55,31.75,10.9486842105263,17.5027777777778,17.2412037037037,,221.0,16.1214285714286,22.95,9.81,26.45,8.19,9.89,19.45,15.4583333333333,52.55,46.6787037037037,8.56307692307692,19.65,12.7142857142857,22.3477272727273,12.1,7.28212765957447,10.15,17.35,15.3,209.0,57.9,2525.0,31.5,117.25,56.1833333333333,100.142857142857,61.1,15.306,67.75,66.2,9.82723684210526,37.0,99.7166666666667,10.9,32.0961538461539,23.5,67.3285714285714,40.021875,83.7,,93.45,152.5,35.6625,56.9,13.85625,3.71152173913043,90.7,69.2555555555555,90.8,86.1941176470588,474.5,325.0,335.0,341.868421052632,135.5,75.95,204.0,,45.0214285714286,177.125,184.0,99.1666666666667,227.5,36.1571428571429,75.1625,73.6,40.7576923076923
33.35,30.0833333333333,53.7909090909091,77.4,73.0,60.1,8.05,37.41875,69.7642857142857,27.7142857142857,29.9666666666667,417.846153846154,203.25,26.0653846153846,126.0,149.5,7.25266666666667,27.61875,30.75,40.8416666666667,113.0,51.2,11.7772727272727,11.25,18.8788461538462,38.05,160.0,394.5,20.45,56.39375,52.2,31.625,21.5625,345.0,264.5,384.0,32.85,11.6,159.5,35.4071428571429,21.75,82.890625,18.8,43.1875,50.3,135.0,4.41833333333333,7.39,26.1359375,31.75,10.1,11.7,77.2,18.2450819672131,275.25,57.4,5.34714285714286,33.025,35.1592105263158,69.9410256410256,53.064,64.1,68.75,206.25,37.2,8.84,97.6625,65.2714285714286,24.1071428571429,20.6333333333333,83.45,269.0,310.75,17.95,77.85,39.56,13.55,31.7846153846154,10.95,17.5,17.2806338028169,,221.0,16.166,22.9970588235294,9.81,26.45,8.19,9.89,19.45,15.45,52.6619047619048,46.6709302325581,8.56320512820513,19.6548780487805,12.7,22.3375,12.1083333333333,7.28,10.1575757575758,17.3588235294118,15.32,208.5,57.9884615384615,2525.0,31.5,117.0,56.2,100.5,61.1857142857143,15.3,67.75,66.1,9.82802816901409,37.0,99.6007936507936,10.9,32.05,23.5,67.3571428571428,40.0003448275862,83.7242424242424,,93.4666666666667,152.5,35.6625,56.8,13.85,3.71152173913043,90.7,69.25,90.75,86.0,474.5,325.0,335.0,342.882352941176,135.5,75.9,204.0,,45.05,177.0,184.454545454545,99.1666666666667,227.5,36.2,75.1,73.6,40.76
33.3777777777778,30.0535714285714,53.7809523809524,77.14,73.0054545454546,60.1,8.055,37.4363636363636,69.7555555555556,27.7,29.95,418.5,203.0,26.07,126.0,149.5,7.25555555555556,27.6142857142857,30.725,40.8208333333333,113.0,51.2,11.7772727272727,11.25,18.877380952381,38.05,160.5,394.5,20.45,56.3444444444444,52.2,31.625,21.57,345.0,264.5,384.0,32.85,11.6,159.142857142857,35.436,21.75,82.8948453608248,18.8,43.1940476190476,50.3,135.052631578947,4.41769230769231,7.39,26.1454545454545,31.73125,10.1,11.7214285714286,77.1666666666667,18.2576923076923,275.0,57.4,5.35,33.05,35.1767857142857,69.8,53.047619047619,64.1,68.8,206.0,37.15,8.84192307692308,97.6352941176471,65.2,24.1005154639175,20.6333333333333,83.45,269.0,310.7,18.0,77.9,39.55,13.58125,31.8,10.9455696202532,17.5,17.26640625,,221.5,16.1607142857143,23.0,9.81,26.4666666666667,8.19,9.89,19.45,15.45,52.6375,46.7324074074074,8.56552631578947,19.6678571428571,12.7193069306931,22.325,12.1166666666667,7.28,10.1552631578947,17.3545454545455,15.3044117647059,208.5,57.9666666666667,2530.0,31.5,117.166666666667,56.196,100.083333333333,61.1666666666667,15.3071428571429,67.6,66.0,9.82746478873239,37.0,99.3668292682927,10.9,32.13,23.5,67.3230769230769,39.9276119402985,83.7111111111111,,93.44,152.75,35.6625,56.8,13.8555555555556,3.71152173913043,90.7,69.28,90.7375,85.9384615384616,474.0,325.0,335.0,343.1875,135.5,75.9,204.0,,45.0333333333333,177.0,184.166666666667,99.3,227.5,36.2,75.0375,73.6,40.748
33.3571428571429,30.0666666666667,53.788,77.0173913043478,72.975,60.1,8.05,37.4619047619048,69.7833333333333,27.72,30.0,417.5625,203.5,26.045,126.0,149.5,7.25210526315789,27.6142857142857,30.725,40.825,113.0,51.2846153846154,11.7772727272727,11.25,18.8993670886076,38.05,160.0,394.5,20.4105263157895,56.475,52.1,31.6,21.55,345.0,264.5,384.0,32.85,11.6,159.25,35.45,21.75,82.9,18.8,43.1852941176471,50.3,135.0,4.41769230769231,7.39,26.1507352941176,31.7416666666667,10.1,11.7125,77.15,18.25,275.0,57.3,5.35,33.05,35.1722222222222,69.74,53.0578947368421,64.1,68.8,206.0,37.2,8.84,97.6571428571429,65.225,24.1201754385965,20.6,83.45,269.0,310.5,17.95,77.8923076923077,39.5380952380952,13.55,31.796875,10.9333333333333,17.5,17.2728571428571,,221.5,16.17,23.0,9.81,26.48,8.19,9.89,19.45,15.45,52.685,46.73125,8.56592592592593,19.6653846153846,12.7454545454545,22.3611111111111,12.1,7.28,10.15625,17.35,15.3041666666667,209.0,57.9666666666667,2530.0,31.5,117.0,56.2,100.166666666667,61.1,15.3,67.6,65.9842105263158,9.82172573189522,37.0,99.2816,10.9,32.05,23.45,67.3666666666667,39.8309375,83.7,,93.6,152.5,35.65,56.8,13.85,3.71152173913043,90.7,69.2,90.7,85.9,474.5,325.5,334.0,342.75,135.5,75.8,203.666666666667,,45.0166666666667,177.0,184.0,99.3,228.5,36.165,75.0,73.6,40.7066666666667
33.4,30.05,53.8,77.0,72.9666666666667,60.1,8.05,37.475,69.7555555555555,27.7,30.0,417.125,203.5,26.0333333333333,125.5,149.5,7.25909090909091,27.6083333333333,30.725,40.85,113.0,51.2777777777778,11.8,11.25,18.8985294117647,38.05,160.333333333333,394.5,20.4105263157895,56.3428571428571,52.1,31.625,21.5785714285714,345.0,266.0,384.0,32.85,11.6188356164384,159.5,35.4533333333333,21.75,82.9,18.8,43.2,50.3,135.065789473684,4.41,7.39,26.1873015873016,31.7458333333333,10.1,11.7,77.1666666666667,18.25,275.0,57.4,5.35,33.05,35.1666666666667,69.7,53.0545454545455,64.1,68.8916666666667,206.0,37.15,8.83616033755274,97.6714285714286,65.225,24.1,20.6166666666667,83.5,269.0,310.666666666667,17.95,77.89,39.5130952380952,13.55,31.8,10.9375,17.5,17.2952879581152,,221.5,16.1571428571429,23.0,9.81,26.45,8.19833333333333,9.88,19.45,15.45,52.6777777777778,46.75,8.566875,19.6661290322581,12.7459459459459,22.3846153846154,12.12,7.28066666666667,10.15,17.35,15.33,209.0,57.9666666666667,2530.0,31.5166666666667,117.0,56.2,100.5,61.1,15.3,67.6,65.9842105263158,9.82274725274725,37.0,99.196875,10.9,32.05,23.5,67.3666666666666,39.8009433962264,83.7,,93.6,152.75,35.65,56.86,13.86,3.71,90.7,69.1777777777778,90.6125,85.9666666666667,474.5,325.5,334.0,342.928571428571,135.5,75.9,203.666666666667,,45.0,177.0,184.0,99.3,228.5,36.18,75.0,73.6,40.7388888888889
33.3575,30.05,53.8,76.9333333333333,72.9428571428572,60.1,8.05,37.4980769230769,69.77,27.7166666666667,29.955,417.4,203.25,26.0,125.833333333333,149.5,7.24954545454545,27.6235294117647,30.725,40.85,113.0,51.3,11.8,11.25,18.88,38.05,160.333333333333,394.5,20.4105263157895,56.3875,52.1,31.5790322580645,21.575,345.0,266.0,384.0,32.85,11.6012121212121,159.333333333333,35.4444444444444,21.75,82.875641025641,18.8153846153846,43.2,50.3,135.117021276596,4.41,7.38333333333333,26.2203125,31.75,10.1,11.7,77.1,18.25,275.0,57.4,5.35,33.1,35.2,69.7666666666667,53.0222222222222,64.1,68.7952380952381,206.0,37.175,8.84,97.6363636363636,65.25,24.0504545454545,20.6166666666667,83.5,269.0,310.944444444445,18.0,77.9,39.52,13.58125,31.8,10.9479166666667,17.5336538461538,17.2540816326531,,221.5,16.1583333333333,23.05,9.81,26.45,8.19,9.88,19.45,15.45,52.6878048780488,46.7024242424242,8.56,19.6451219512195,12.7097014925373,22.385,12.1,7.28461538461538,10.15,17.3608695652174,15.3,208.5,57.9,2530.0,31.55,117.0,56.1875,100.083333333333,61.1,15.3166666666667,67.6,65.9842105263158,9.8285,37.0,99.1439024390244,10.9125,32.1,23.5,67.325,39.8564285714286,83.6978723404255,,93.55,152.5,35.65,56.8,13.8545454545455,3.72,90.7,69.1909090909091,90.6027027027027,86.0169811320755,474.5,325.833333333333,334.0,342.8,135.9,75.9285714285714,203.0,,45.025,177.0,184.0625,99.3,227.5,36.1444444444445,75.0,73.6,40.75
33.3575,30.05,53.8095238095238,77.0,72.9333333333333,60.1,8.05,37.4509174311927,69.7625,27.7,29.955,417.166666666667,203.25,26.0375,126.0,149.5,7.25444444444444,27.60625,30.7,40.8375,113.0,51.2944444444445,11.8,11.25,18.8615384615385,38.05,160.333333333333,394.5,20.4105263157895,56.48125,52.1,31.6,21.5636363636364,345.0,266.0,385.0,32.85,11.6,159.25,35.4,21.75,82.896,18.8,43.2,50.21,135.101265822785,4.41,7.38333333333333,26.2028301886793,31.7125,10.1,11.7166666666667,77.1,18.25,275.0,57.4,5.35,33.05,35.194,69.7,53.04,64.0,68.75,206.0,37.15,8.84619047619048,97.64,65.25,24.043220338983,20.6,83.5,268.6,310.9375,17.95,77.9,39.5083333333333,13.6,31.8,10.9458333333333,17.5,17.25,,221.5,16.1666666666667,23.05,9.81,26.48,8.19,9.88,19.45,15.475,52.6878048780488,46.6570093457944,8.56,19.6214285714286,12.75,22.3857142857143,12.1,7.28,10.1528571428571,17.3717391304348,15.3092592592593,208.5,57.8916666666667,2535.0,31.55,117.0,56.175,100.25,61.1333333333333,15.35,67.6,65.9842105263158,9.82955223880597,37.0,99.1695652173913,10.9,32.1,23.5,67.3,39.9066666666667,83.6230769230769,,93.6,152.5,35.65,56.8,13.884375,3.73,90.7,69.17,90.6071428571428,86.0058823529412,474.5,326.5,334.0,343.4,135.9,75.8714285714286,203.0,,45.0166666666667,177.25,184.0,99.3,227.5,36.1,75.0,73.6,40.725
33.35,30.05,53.9,76.9,72.9125,60.1083333333333,8.04222222222222,37.4644736842105,69.84,27.7,30.0,418.0,203.125,26.0375,126.0,149.5,7.255,27.5928571428571,30.6,40.8583333333333,113.071428571429,51.3,11.8,11.25,18.85,38.05,160.333333333333,394.5,20.45,56.4333333333333,52.1,31.55,21.5714285714286,345.5,266.0,385.0,32.86,11.6,159.4,35.45,21.7571428571429,82.8838235294118,18.8,43.2,50.21,135.067567567568,4.42,7.38333333333333,26.2,31.725,10.1,11.7423076923077,77.025,18.2208333333333,275.25,57.4,5.35,33.05,35.1875,69.7,53.021052631579,64.0,68.7,206.0,37.2,8.84533333333333,97.6538461538461,65.2,24.08,20.6166666666667,83.5,268.75,311.0,17.95,77.85,39.5,13.55,31.85,10.9491935483871,17.5454545454545,17.2971223021583,,221.5,16.17,23.1,9.81,26.4642857142857,8.2,9.87,19.45,15.45,52.6789473684211,46.645,8.56083333333333,19.6,12.75,22.3985714285714,12.1,7.28964157706093,10.1820512820513,17.351724137931,15.3,208.5,57.9,2530.0,31.55,117.0,56.18,100.25,61.1,15.3478260869565,67.6,65.95,9.82123595505618,37.0,99.2987341772152,10.9,32.05,23.5,67.3111111111111,39.9078947368421,83.6333333333333,,93.48,152.5,35.65,56.8,13.8571428571429,3.72,90.6230769230769,69.1466666666667,90.5875,86.1,474.25,326.5,334.0,344.0,136.0,75.9,203.0,,45.0071428571429,177.5,184.0,99.3,227.5,36.1041666666667,75.0,73.6,40.7
33.35,30.0727272727273,53.8583333333333,76.8625,72.9,60.0166666666667,8.04833333333333,37.45,69.875,27.7,29.95,418.0,203.0,26.0107142857143,126.0,149.5,7.25571428571429,27.55,30.6,40.8583333333333,113.071428571429,51.3,11.8,11.25,18.8666666666667,38.05,160.25,394.5,20.4,56.3785714285714,52.0,31.55,21.5642857142857,345.5,266.0,385.0,32.86,11.6032894736842,159.214285714286,35.45,21.8,82.8759259259259,18.8011363636364,43.25,50.21,135.0234375,4.42,7.38333333333333,26.2296875,31.7,10.1,11.7384615384615,77.075,18.2,275.0,57.3,5.35,33.05,35.185,69.6694915254237,53.0888888888889,64.0,68.7714285714286,206.0,37.125,8.84125,97.6625,65.3,24.0446428571429,20.6071428571429,83.5,269.321428571429,311.0,17.95,77.9,39.5,13.55,31.87,10.95,17.5310344827586,17.3484972677596,,221.5,16.15,23.0833333333333,9.81,26.45,8.2,9.87,19.45,15.4583333333333,52.7081081081081,46.641,8.56,19.6,12.7575,22.3875,12.1,7.28261904761905,10.15,17.3960829493088,15.3,208.5,57.9,2527.5,31.5,117.0,56.2,100.214285714286,61.1,15.35,67.7,65.95,9.82753846153846,37.0,99.2987341772152,10.9,32.05,23.5,67.3,39.8880952380952,83.6333333333333,,93.35,152.666666666667,35.65,56.8,13.85,3.72,90.6230769230769,69.1064516129032,90.5230769230769,86.075,475.0,326.5,334.0,344.838709677419,136.0,75.9,203.0,,45.03125,178.0,184.0,99.3,227.5,36.1041666666667,75.0,73.6,40.7
33.35,30.05,53.9,76.8,72.9,60.0714285714286,8.05,37.45,69.8333333333333,27.7,30.0,418.0,203.0,26.0416666666667,126.0,149.5,7.25769230769231,27.5411764705882,30.6,40.85,113.071428571429,51.3,11.75,11.25,18.8891304347826,38.05,160.25,394.5,20.4125,56.3666666666667,52.0,31.5833333333333,21.58,345.5,266.0,385.0,32.8533333333333,11.6,159.375,35.4923076923077,21.8,82.8545454545454,18.8,43.25,50.2,135.022727272727,4.42,7.39,26.2302631578947,31.725,10.05,11.7131578947368,77.0272727272727,18.2,275.0,57.3,5.35,33.0884615384615,35.2084905660377,69.525,53.0833333333333,64.0,68.7666666666667,206.0,37.2,8.83692307692308,97.6833333333333,65.3,24.0085365853659,20.6,83.5,269.454545454545,311.0625,17.95,77.8615384615385,39.5,13.6,32.05,10.95,17.5,17.3345454545455,,221.5,16.1642857142857,23.05,9.81,26.4764705882353,8.2,9.87,19.45,15.45,52.6785714285714,46.65,8.56777777777778,19.6,12.75,22.3947368421053,12.1,7.28990512333966,10.171875,17.3583333333333,15.3,208.5,57.8,2525.0,31.5,116.75,56.2,100.0,61.1,15.3333333333333,67.7,65.95,9.82622950819672,37.0,99.4,10.9,32.05,23.5,67.3125,39.8655555555556,83.65,,93.325,152.5,35.65,56.9,13.85,3.72,90.6,69.1,90.6,86.0681818181818,475.25,326.5,334.0,346.038461538462,135.5,75.9,204.0,,45.0166666666667,178.0,184.0,99.3,227.5,36.15,75.1,73.6,40.7
33.35,30.05125,53.8769230769231,76.8,72.9545454545455,60.0571428571429,8.05,37.5,69.8875,27.725,30.0,417.5,203.0,26.012962962963,126.0,149.5,7.26,27.52,30.6,40.85,113.0,51.34,11.77,11.25,18.8666666666667,38.05,160.25,394.5,20.4125,56.4625,52.2,31.55,21.57,346.5,266.0,384.0,32.85,11.595045045045,159.166666666667,35.4739130434783,21.8,82.8771428571429,18.8,43.25,50.2166666666667,135.05612244898,4.42,7.39,26.2574074074074,31.7,10.05,11.7,77.06,18.2,275.0,57.3,5.35,33.05,35.25,69.4674418604651,53.0285714285714,64.0166666666667,68.7,206.25,37.1,8.84,97.6818181818182,65.4,24.0108695652174,20.6134615384615,83.5,269.75,311.5,17.95,77.9,39.5333333333333,13.55,31.9,11.0,17.5083333333333,17.362380952381,,221.5,16.1666666666667,23.05,9.81,26.45,8.2,9.87,19.45,15.4980769230769,52.6844444444445,46.6448979591837,8.56625,19.6,12.7505555555556,22.39875,12.1,7.29886363636364,10.15,17.3797872340426,15.3037037037037,209.0,57.8,2525.0,31.5,117.0,56.192,100.1,61.1857142857143,15.35,67.7,65.95,9.83046511627907,37.0,99.4076923076923,10.9,32.05,23.475,67.3333333333333,39.9,83.6636363636364,,93.4,152.5,35.6,56.8,13.8766666666667,3.71333333333333,90.5,69.0666666666667,90.5666666666667,86.0428571428571,475.25,326.5,334.0,347.263157894737,135.5,75.95,203.0,,45.0166666666667,177.75,184.0,99.3,227.5,36.15,75.05,73.6,40.7
33.4,30.05,53.8866666666667,76.8,72.99,60.0,8.04333333333333,37.5,69.8555555555555,27.7,30.0,417.0,203.25,26.05,126.0,149.5,7.24,27.5,30.6,40.85,113.0,51.4090909090909,11.75,11.25,18.8941176470588,38.05,160.0,394.5,20.35,56.42,52.2,31.6,21.5384615384615,346.5,266.0,384.0,32.9,11.5626373626374,159.5,35.4986607142857,21.8,82.8710526315789,18.8022727272727,43.25,50.1,135.091836734694,4.42,7.39,26.335393258427,31.7,10.05,11.71,77.06,18.1647058823529,275.0,57.3,5.35,33.0625,35.25,69.3916666666667,53.05,64.0166666666667,68.7142857142857,206.0,37.1666666666667,8.837,97.675,65.4,24.0525316455696,20.6166666666667,83.5,269.833333333333,311.125,17.95,77.9,39.525,13.55,31.9666666666667,10.95,17.5,17.3771428571429,,221.5,16.1625,23.05,9.81,26.4,8.2,9.87,19.45,15.45,52.6789473684211,46.6491228070175,8.56083333333333,19.6423076923077,12.742,22.3833333333333,12.1115384615385,7.29980861244019,10.15,17.3964646464646,15.335,208.916666666667,57.8333333333333,2520.0,31.5,116.5,56.2,100.25,61.12,15.325,67.7,65.95,9.83633333333333,37.0,99.4,10.9,32.0666666666667,23.45,67.3,39.8705882352941,83.6857142857143,,93.4,152.5,35.6,56.8,13.86875,3.718,90.6,69.0909090909091,90.6,86.0166666666667,475.25,326.5,334.0,346.461538461538,136.0,75.9,203.0,,45.0333333333333,177.75,184.0,99.2,227.5,36.1785714285714,75.0,73.6,40.65
33.35,30.0527777777778,53.8947368421053,76.8,72.9333333333333,60.0,8.05,37.4515625,69.89,27.7,29.9875,417.5,203.25,26.0,126.0,149.5,7.24,27.50625,30.6,40.85,113.0,51.4071428571429,11.75,11.25,18.8818181818182,38.05,160.0,394.5,20.35,56.5,52.2,31.5666666666667,21.55,346.5,266.0,384.0,32.9,11.5597087378641,159.4375,35.5294871794872,21.7928571428571,82.8363636363636,18.8,43.2428571428571,50.1,135.083783783784,4.41818181818182,7.39,26.2880952380952,31.7166666666667,10.05,11.71,77.0066666666667,18.1541666666667,275.0,57.3,5.35,33.0625,35.2475,69.3125,53.0666666666667,64.0,68.75,206.25,37.1,8.83117647058823,97.6909090909091,65.3,24.0916666666667,20.6,83.5,269.5,311.0,17.9,77.8,39.5125,13.55,32.0,10.9977272727273,17.5,17.4286219081272,,221.5,16.15,23.05,9.81,26.425,8.2,9.87,19.45,15.45,52.6514285714286,46.6450980392157,8.56133333333333,19.6,12.7214285714286,22.3892857142857,12.1,7.29823529411765,10.1568965517241,17.4069345238095,15.3090909090909,209.0,57.8333333333333,2520.0,31.5,116.5,56.2266666666667,100.333333333333,61.18,15.3333333333333,67.8,65.95,9.833,37.0,99.38125,10.9,32.1421052631579,23.45,67.3111111111111,39.8323529411765,83.6222222222222,,93.38,152.5,35.6,56.8,13.85,3.71,90.5,69.0875,90.6,86.0631578947368,474.5,326.5,334.0,345.5,136.0,75.9333333333333,203.0,,45.01,178.0,184.0,99.2,227.5,36.1961538461538,75.0,73.6,40.65
33.35,30.0611111111111,53.9,76.825,72.9777777777778,60.0,8.0425,37.41875,69.9,27.7,29.9875,417.5,203.0,26.05,125.8,149.5,7.25,27.5,30.6,40.85,113.0,51.472602739726,11.7537037037037,11.25,18.8921052631579,38.05,160.0,394.5,20.35,56.45,52.2,31.575,21.51,346.3,266.0,384.0,32.8833333333333,11.55,159.333333333333,35.5474576271186,21.7958333333333,82.8903225806452,18.8,43.2851351351351,50.1,135.03125,4.41818181818182,7.38,26.2811111111111,31.75,10.05,11.725,77.0181818181818,18.1,275.0,57.3,5.35,33.0666666666667,35.2473684210526,69.33,53.1,64.0,68.7333333333333,206.0,37.125,8.83,97.6545454545455,65.5,24.0916666666667,20.6,83.5,269.5,311.5,17.9,77.9,39.5104166666667,13.55,32.0,10.9933333333333,17.5025,17.4327160493827,,221.0,16.1625,23.0712765957447,9.81,26.4,8.2,9.87,19.45,15.475,52.6842105263158,46.6893617021277,8.56811764705882,19.6,12.7222222222222,22.38125,12.1315789473684,7.30783783783784,10.1527777777778,17.4497093023256,15.3,209.5,57.88,2520.0,31.5,116.5,56.3,100.214285714286,61.1833333333333,15.3090909090909,67.8,65.95,9.83777777777778,37.0,99.4,10.9,32.1421052631579,23.45,67.3166666666667,39.8559523809524,83.61,,93.4,152.5,35.6,56.8,13.8763157894737,3.71,90.5,69.1123287671233,90.6,86.0208333333333,474.5,326.5,334.0,345.75,136.0,75.9,203.0,,45.0,178.0,183.8,99.2,227.5,36.2392857142857,75.0,73.6,40.6666666666667
33.3905405405405,30.05,53.9125,76.8,72.9,60.0,8.05,37.4266666666667,69.8166666666667,27.7,29.95,417.5,203.45652173913,26.0714285714286,126.0,149.5,7.25,27.58,30.6,40.85,113.0,51.4513513513514,11.75,11.25,18.8913793103448,38.05,160.0,394.5,20.4130434782609,56.42,52.1,31.6,21.5,346.0,266.0,384.0,32.85,11.5515748031496,159.444444444444,35.5282051282051,21.7958333333333,82.8755555555556,18.8,43.2961538461538,50.1,135.095890410959,4.41818181818182,7.38,26.2546875,31.71,10.05,11.7285714285714,77.075,18.1,275.214285714286,57.3,5.35,33.0666666666667,35.25,69.3,53.0473684210526,64.0,68.725,206.0,37.1,8.83783783783784,97.6857142857143,65.5,24.095,20.6,83.5,269.5,311.166666666667,17.9,77.9,39.5,13.59375,32.0,10.987012987013,17.5,17.3918604651163,,221.0,16.1583333333333,23.0712765957447,9.80909090909091,26.4142857142857,8.2,9.87,19.45,15.4571428571429,52.6945945945946,46.7,8.56780487804878,19.6,12.74,22.3923076923077,12.1344827586207,7.30111111111111,10.1546875,17.45,15.3,209.0,57.8,2520.0,31.5071428571429,116.5,56.3,100.125,61.225,15.3125,67.8,65.95,9.83651162790697,36.9166666666667,99.4,10.9,32.1666666666667,23.45,67.3,39.8653846153846,83.62,,93.5,152.5,35.6,56.8,13.8625,3.71,90.6,69.2,90.6,86.0705882352941,474.5,326.2,334.0,346.4375,136.0,75.9333333333333,203.0,,45.0125,178.0,183.5,99.2,228.0,36.2392857142857,75.0,73.6,40.6522727272727
33.35,30.05,53.9545454545455,76.8,72.9,60.0,8.05,37.441095890411,69.8875,27.7,29.95,416.775,203.5,26.0333333333333,125.5,149.5,7.25,27.5476190476191,30.71,40.85,113.0,51.4166666666667,11.75,11.25,18.871875,38.05,159.5,394.5,20.4130434782609,56.4333333333333,52.1,31.6,21.5333333333333,346.0,266.0,384.0,32.85,11.55,159.55,35.58,21.75,82.8480519480519,18.8045454545455,43.325,50.1,135.162162162162,4.42,7.39,26.2756756756757,31.7,10.05,11.7,77.004,18.1,275.25,57.3,5.35,33.05,35.25,69.2214285714286,53.0285714285714,64.05,68.7666666666667,206.0,37.15,8.83988095238095,97.69375,65.4,24.1,20.6,83.5,269.5,311.0,17.9,77.9,39.495,13.5515873015873,32.0,10.9571428571429,17.4625,17.3546153846154,,221.0,16.1625,23.15,9.80909090909091,26.40625,8.2,9.88,19.45,15.45,52.7,46.6882978723404,8.56838709677419,19.635,12.75,22.3904761904762,12.1,7.30015384615385,10.152380952381,17.4458762886598,15.3,209.0,57.7416666666667,2520.0,31.55,116.95,56.3294117647059,100.0,61.2,15.3041666666667,67.8,65.9,9.83451612903226,36.9166666666667,99.4,10.9,32.2,23.45,67.38,39.8931818181818,83.6583333333333,,93.5,152.5,35.6,56.8,13.85,3.71,90.59,69.209375,90.6,86.0222222222222,474.5,326.5,334.0,347.0,136.0,75.9,203.5,,45.05,178.0,183.5,99.2,228.0,36.34,75.0,73.6,40.65
33.35,30.05,54.0,76.8142857142857,72.9842105263158,60.0,8.05,37.4777777777778,69.84,27.7,29.975,416.5,203.5,26.08,126.0,149.0,7.25,27.65,30.71,40.8942307692308,113.0,51.4055555555556,11.752380952381,11.25,18.88,38.05,159.0,394.5,20.4130434782609,56.4625,52.1,31.5833333333333,21.5461538461538,346.0,266.0,384.0,32.8714285714286,11.5591666666667,160.0,35.55,21.75,82.8636363636364,18.8417030567686,43.25,50.1,135.201492537313,4.42,7.39,26.3390625,31.725,10.05,11.7,77.0357142857143,18.15,275.166666666667,57.3,5.35,33.045,35.2383720930233,69.2,53.02,64.0,68.7375,206.0,37.1,8.846,97.7,65.34,24.12,20.6375,83.5,269.444444444444,311.25,17.9,77.8,39.5153846153846,13.55,32.0,11.0,17.4833333333333,17.2921052631579,,221.333333333333,16.1666666666667,23.15,9.80909090909091,26.4,8.2,9.878,19.45,15.45,52.7,46.695,8.56473684210526,19.6057142857143,12.75,22.4104166666667,12.1,7.29823529411765,10.1645161290323,17.4447368421053,15.3125,209.0,57.7,2520.0,31.55,116.5,56.4085714285714,100.398734177215,61.22,15.35,67.8,65.9,9.83786885245902,36.9166666666667,99.4,10.9416666666667,32.25,23.45,67.3777777777778,39.9,83.6863636363636,,93.4692307692308,152.5,35.6,56.8,13.85,3.71,90.6,69.3,90.6,86.0615384615384,474.5,326.0,334.0,348.214285714286,136.0,75.98,203.5,,45.05,178.0,183.25,99.2,228.0,36.3222222222222,75.0,73.6,40.65
33.39765625,30.05,53.9962962962963,76.8142857142857,72.9607843137255,60.05,8.05,37.4666666666667,69.9,27.725,29.975,416.5,203.5,26.2583333333333,126.0,149.0,7.25,27.5,30.71,40.8942307692308,113.0,51.46,11.75,11.25,18.8611111111111,38.05,159.5,395.0,20.4130434782609,56.35,52.1,31.5833333333333,21.6,346.0,266.0,384.0,32.9,11.5672413793103,159.833333333333,35.5978260869565,21.8,82.8904761904762,18.8391304347826,43.3166666666667,50.1,135.15625,4.42,7.398,26.3008333333333,31.7,10.1,11.73,77.0806451612903,18.2,275.333333333333,57.3,5.35,33.0,35.25,69.3,53.0894736842105,64.1,68.75,206.0,37.1166666666667,8.84935483870968,97.6888888888889,65.4,24.125,20.6083333333333,83.5,269.1,311.0,17.9,77.8,39.525,13.55,32.0,11.0,17.45,17.2121573301549,,221.75,16.15,23.125,9.80909090909091,26.4,8.2,9.878,19.45,15.475,52.6976744186047,46.7,8.57,19.63125,12.75,22.4296296296296,12.1083333333333,7.29454545454546,10.1522222222222,17.45,15.3185714285714,209.5,57.7,2520.0,31.55,116.5,56.4875,100.5,61.2,15.3,67.8,65.9,9.84,36.9166666666667,99.35,10.9416666666667,32.25,23.45,67.3,39.9,83.65,,93.6,152.5,35.6,56.8909090909091,13.9,3.71,90.6,69.3470588235294,90.65,86.0,474.5,326.888888888889,334.0,349.942857142857,136.0,76.0117647058823,203.5,,45.0142857142857,178.0,183.25,99.2,228.0,36.3576923076923,74.9333333333333,73.6,40.6545454545455
33.4,30.05,54.0,76.9,73.1,60.0333333333333,8.05,37.475,69.87,27.7,30.0,416.5,204.0,26.1638888888889,126.0,149.0,7.25,27.5294117647059,30.71,40.9,113.0,51.3571428571428,11.7605263157895,11.25,18.9,38.05,159.5,395.0,20.4130434782609,56.4777777777778,52.3,31.6,21.6,346.0,266.0,384.0,32.875,11.57625,160.0,35.5925925925926,21.77,82.9,18.8266666666667,43.3,50.1,135.265625,4.42,7.39916666666667,26.31375,31.7,10.1,11.7090909090909,77.0166666666667,18.2,275.0,57.3,5.35,33.0333333333333,35.268,69.3454545454545,53.0875,64.1,68.6642857142857,206.25,37.15,8.84987341772152,97.64,65.4,24.1125,20.651282051282,83.5,269.166666666667,311.0,17.9,77.8,39.5,13.55,32.0,10.9954545454545,17.45,17.1955357142857,,222.0,16.15,23.125,9.80909090909091,26.4,8.2,9.878,19.45,15.49,52.6857142857143,46.6954545454546,8.56,19.64125,12.75,22.4208333333333,12.1,7.29384615384616,10.154347826087,17.45,15.35,209.5,57.7,2520.0,31.55,116.5,56.5,100.375,61.2909090909091,15.3166666666667,67.8,65.9,9.82176043557169,36.9166666666667,99.3393939393939,10.95,32.25,23.4,67.3333333333333,39.8558823529412,83.6866666666667,,93.6,152.5,35.625,56.9,13.88,3.71995744680851,90.6047619047619,69.4,90.7,86.0692307692308,475.0,327.0,334.0,350.083333333333,136.0,76.04,203.5,,45.05,178.0,183.0,99.2,228.0,36.4,74.9333333333333,73.6,40.65
33.4,30.05,54.0064516129032,76.9,73.0333333333333,60.06,8.04,37.45,69.9545454545455,27.746511627907,30.1361111111111,415.37,203.75,26.1638888888889,126.0,149.0,7.25923076923077,27.5722222222222,30.71,40.9,113.0,51.3863636363636,11.75,11.25,18.8857142857143,38.05,159.5,395.0,20.4130434782609,56.4,52.3,31.6,21.5857142857143,346.0,266.0,384.0,32.8583333333333,11.5528901734104,159.75,35.6041666666667,21.8,82.9,18.8391304347826,43.2791666666667,50.1166666666667,135.279411764706,4.42,7.4,26.3208333333333,31.7,10.1,11.7,77.0166666666667,18.2,275.5,57.3,5.35,33.0,35.25,69.42,53.0857142857143,64.1,68.6333333333333,206.25,37.0875,8.85095652173913,97.7,65.4,24.1428571428571,20.6944444444444,83.4833333333333,269.375,311.0,17.95,77.8,39.5333333333333,13.6,31.985,10.9586956521739,17.45,17.2029411764706,,222.0,16.1566666666667,23.1,9.806,26.4083333333333,8.2,9.878,19.45,15.472131147541,52.6984615384615,46.73125,8.57,19.625,12.75,22.4178571428571,12.1473214285714,7.30133663366336,10.15,17.448679245283,15.3,209.0,57.7,2525.0,31.525,116.5,56.5444444444445,100.333333333333,61.3166666666667,15.35,67.85,65.9333333333333,9.8335294117647,36.9166666666667,99.4,10.9514285714286,32.25,23.4,67.3,39.8455555555556,83.6222222222222,,93.6,152.9,35.625,56.8833333333333,13.85,3.73583815028902,90.7,69.2954545454545,90.6470588235294,86.0818181818182,476.125,327.0,334.0,349.54347826087,136.0,76.1,203.5,,45.0616666666667,178.0,183.0,99.2,228.0,36.4,74.9333333333333,73.6,40.6238095238095
33.375,30.05,54.1,76.8,73.075,60.08,8.04393939393939,37.49,70.0,27.7454545454545,30.2428571428571,414.5,203.75,26.25,125.5,149.0,7.26833333333333,27.5666666666667,30.71,40.9,113.0,51.3,11.75,11.25,18.8966666666667,38.05,159.4,395.0,20.4130434782609,56.5,52.3,31.6,21.6,346.0,265.0,384.0,32.8583333333333,11.55,160.0,35.6595238095238,21.75,82.9,18.8256944444444,43.2545454545455,50.2,135.209090909091,4.42,7.4,26.2741935483871,31.7,10.0666666666667,11.746511627907,77.02,18.15,275.333333333333,57.3,5.36,33.0,35.245652173913,69.48,53.0388888888889,64.1,68.65,206.4375,37.15,8.85888888888889,97.69,65.4105263157895,24.121052631579,20.6666666666667,83.4833333333333,269.357142857143,311.0,17.95,77.8,39.5,13.55,32.0,10.95,17.45,17.208282208589,,222.0,16.15,23.1,9.806,26.425,8.2,9.878,19.45,15.475,52.7079365079365,46.7507633587786,8.56666666666667,19.64,12.7642857142857,22.45,12.1448275862069,7.3025,10.1666666666667,17.4583333333333,15.35,209.0,57.7,2527.14285714286,31.55,117.0,56.5125,100.1,61.3,15.34,67.85,65.9333333333333,9.83587628865979,36.9166666666667,99.4,10.9514285714286,32.25,23.4333333333333,67.2916666666667,39.8433333333333,83.6722222222222,,93.57,152.5,35.6,56.8833333333333,13.8583333333333,3.74,90.7,69.34375,90.7,86.04,475.5,327.0,334.0,348.6,136.0,76.1095238095238,203.5,,45.1,178.0,183.0,99.2,228.0,36.4,74.9333333333333,73.6,40.6166666666667
33.4,30.05,54.0666666666667,76.85,73.1,60.0657894736842,8.04231884057971,37.5,69.975,27.7041666666667,30.3060606060606,414.035714285714,203.666666666667,26.2,125.666666666667,149.0,7.26989130434783,27.5759259259259,30.75,40.9,113.0,51.3,11.75,11.25,18.9,38.05,159.5,394.75,20.4857142857143,56.5,52.3,31.6,21.5583333333333,346.0,265.0,384.0,32.875,11.5549528301887,160.0,35.6206896551724,21.75,82.9137254901961,18.85,43.3025641025641,50.2,135.263440860215,4.42,7.4,26.3,31.7125,10.0666666666667,11.75,77.075,18.15,275.0,57.3,5.35,33.05,35.2645833333333,69.475,53.0428571428571,64.1,68.64,206.25,37.0518518518519,8.85619047619047,97.7038461538461,65.5,24.1423076923077,20.62100456621,83.4833333333333,269.5,311.285714285714,17.95,77.8,39.5,13.55,32.0,10.95,17.45625,17.2012315270936,,222.5,16.15,23.1,9.8,26.41,8.2,9.87076923076923,19.45,15.4981481481481,52.8,46.7815476190476,8.56666666666667,19.6026315789474,12.75,22.4084905660377,12.1321766561514,7.307,10.1985879332478,17.5,15.35,209.0,57.8,2530.83333333333,31.5444444444444,117.0,56.4933333333333,100.5,61.3,15.35,67.85,65.9333333333333,9.84030303030303,36.9166666666667,99.41,10.9545454545455,32.25,23.4,67.2333333333333,39.8513157894737,83.6538461538462,,93.58,152.5,35.6357142857143,56.9,13.875,3.74,90.7,69.32,90.675,86.0631578947368,475.5,327.0,334.0,349.0,136.0,76.21,203.5,,45.1,178.0,183.0,99.2,228.0,36.45,74.92,73.6,40.6135135135135
33.3818181818182,30.0555555555556,54.144776119403,76.8,73.0166666666667,60.05,8.04231884057971,37.4714285714286,70.0,27.7,30.35,413.75,203.666666666667,26.2,126.0,149.0,7.27466666666667,27.6253731343284,30.75,40.9,113.5,51.3,11.75,11.25,18.8625,38.05,159.1,395.25,20.4857142857143,56.4857142857143,52.3166666666667,31.575,21.6,346.0,265.0,385.5,32.875,11.55,159.96875,35.6125,21.75,82.9125,18.876,43.35,50.2,135.142045454545,4.42,7.4,26.35,31.7,10.0666666666667,11.74,77.0,18.15,275.5,57.3,5.35,33.0333333333333,35.2888888888889,69.5,53.05,64.1,68.6125,206.5,37.05,8.85851063829787,97.79,65.35,24.1011627906977,20.65,83.4833333333333,269.5,311.166666666667,17.9552631578947,77.8,39.5166666666667,13.6,32.0,10.95,17.45,17.2273148148148,,222.5,16.1959459459459,23.1,9.8,26.4333333333333,8.21,9.88,19.45,15.495,52.7895833333333,46.7913043478261,8.5625,19.6088709677419,12.7888888888889,22.4333333333333,12.1625,7.30946428571428,10.2,17.49375,15.3,209.0,57.8,2535.0,31.5444444444444,117.0,56.45,100.5,61.3,15.35,67.85,65.9333333333333,9.83551724137931,36.9166666666667,99.4,10.9545454545455,32.25,23.4,67.2,39.8822580645161,83.6555555555556,,93.6,153.0,35.6357142857143,56.8333333333333,13.85,3.74,90.7,69.3166666666667,90.7,86.174358974359,477.0,327.0,334.0,349.5,136.0,76.2333333333333,203.5,,45.0625,178.0,183.0,99.2,228.0,36.5,74.92,73.7,40.6
33.4,30.0672043010753,54.1892857142857,76.85,73.0909090909091,60.1,8.04231884057971,37.5,70.0,27.7,30.35,414.0,203.5,26.2,125.75,149.0,7.27936170212766,27.65,30.75,40.9,113.5,51.2928571428571,11.75,11.25,18.9,38.05,159.1,395.5,20.4857142857143,56.5,52.3166666666667,31.575,21.575,346.0,265.0,385.0,32.8583333333333,11.5642335766423,160.0,35.65,21.7928571428571,82.9942857142857,18.8483606557377,43.35,50.2,135.125,4.42,7.4,26.4216494845361,31.7490825688073,10.05,11.7166666666667,77.0,18.15,275.25,57.3,5.34,33.0333333333333,35.296875,69.5,53.0666666666667,64.0,68.65,206.166666666667,37.05,8.85293650793651,97.7875,65.5,24.1,20.65,83.4,269.5,311.416666666667,17.95,77.9,39.5,13.6,31.99,10.95,17.45,17.2092592592593,,222.5,16.2083333333333,23.15,9.8,26.4,8.2,9.88,19.45,15.4541666666667,52.8,46.8,8.56833333333333,19.65,12.7666666666667,22.4458333333333,12.1611111111111,7.3088679245283,10.2166666666667,17.4986301369863,15.3,209.0,57.8,2540.0,31.5444444444444,117.020833333333,56.4666666666667,100.416666666667,61.3,15.35,67.75,65.9333333333333,9.84,36.9166666666667,99.3,10.95,32.25,23.4,67.3,39.8730769230769,83.6347826086956,,93.6,153.0,35.6357142857143,56.9,13.8875,3.740625,90.7,69.3277777777778,90.7,86.2567567567568,477.0,327.0,334.0,349.6,136.0,76.3,203.5,,45.0625,178.0,182.944444444444,99.2,228.0,36.55,75.0,73.7,40.6
33.4,30.0535714285714,54.0666666666667,76.8,73.0470588235294,60.0055555555555,8.04166666666667,37.5,69.96,27.7,30.325,414.76,203.75,26.15,125.75,149.0,7.28131578947368,27.5636363636364,30.75,40.9,113.0,51.395652173913,11.75,11.25,18.8745283018868,38.05,159.0,395.5,20.4333333333333,56.5105263157895,52.3,31.5666666666667,21.59,345.5,265.0,385.0,32.8535714285714,11.5512820512821,159.928571428571,35.5841666666667,21.79,82.9181818181818,18.8108695652174,43.35,50.1,135.1375,4.42,7.4,26.4543165467626,31.7444444444445,10.05,11.7055555555556,77.0,18.1552631578947,275.0,57.3,5.33428571428571,33.0,35.285,69.5,53.0473684210526,64.0,68.5942857142857,206.5,37.05,8.85094117647059,97.6909090909091,65.6,24.1214285714286,20.65,83.4,269.0,311.125,17.95,77.8,39.55,13.575,31.9833333333333,10.9631578947368,17.48125,17.2289473684211,,222.5,16.1833333333333,23.1,9.80846153846154,26.4145833333333,8.2,9.89,19.45,15.45,52.7979310344828,46.7868421052631,8.56674698795181,19.6125,12.7633333333333,22.4128205128205,12.15,7.30826923076923,10.2003731343284,17.4761467889908,15.304347826087,209.0,57.8,2530.0,31.5444444444444,117.0,56.4666666666667,100.15,61.3,15.35,67.75,65.8,9.83659574468085,36.85,99.4,10.95,32.2625,23.4,67.2705882352941,39.8916666666667,83.6538461538462,,93.5782608695652,153.464285714286,35.6625,56.9,13.8714285714286,3.74,90.68,69.2241379310345,90.7,86.3769230769231,477.5,327.0,334.0,349.892857142857,136.0,76.25,203.5,,45.0555555555556,178.0,182.5,99.3,228.0,36.525,75.0,73.7,40.6
33.4,30.05,54.0454545454545,76.8,73.1,60.0,8.05,37.4675,69.95,27.7115384615385,30.35,415.5,203.59375,26.15,125.75,149.0,7.29,27.55,30.7,40.9,113.5,51.4,11.7483870967742,11.25,18.8897058823529,38.05,159.0,395.5,20.4,56.6333333333333,52.3,31.5583333333333,21.5934210526316,345.0,265.0,385.0,32.88,11.55,159.964285714286,35.5325581395349,21.75,82.8783783783784,18.81,43.385,50.1,135.128205128205,4.42,7.4,26.4734848484849,31.75,10.05,11.7285714285714,77.0125,18.15,274.5625,57.3,5.33,33.0,35.2863636363636,69.5,53.1,64.0,68.56,206.5,37.05,8.84601156069364,97.6111111111111,65.6,24.13,20.65,83.4,269.0,311.3125,17.9833333333333,77.7333333333333,39.5,13.5875,32.0,10.95,17.4590909090909,17.2,,222.5,16.1777777777778,23.1125,9.80846153846154,26.4083333333333,8.205,9.89,19.45,15.4576923076923,52.895,46.8178899082569,8.57,19.6181818181818,12.75,22.4227272727273,12.1692307692308,7.30421052631579,10.1790322580645,17.4843137254902,15.304347826087,209.2,57.7571428571428,2530.0,31.5444444444444,117.0,56.45,100.333333333333,61.3,15.3388888888889,67.75,65.8,9.83,36.85,99.408,10.9416666666667,32.2625,23.4,67.2733333333333,39.838,83.6898550724638,,93.45,153.5,35.675,56.9,13.86,3.730625,90.7,69.2294117647059,90.6833333333334,86.3372549019608,477.5,327.0,335.0,350.111111111111,136.0,76.2181818181818,203.5,,45.1,178.0,182.25,99.3,228.0,36.55,75.0,73.7,40.6
33.3769230769231,30.0380952380952,53.9863636363636,76.8,73.0555555555555,60.0,8.05,37.45,69.8555555555555,27.7166666666667,30.325,415.125,203.5,26.15,125.8,149.0,7.28769230769231,27.6138888888889,30.7,40.9,113.5,51.4052631578947,11.7,11.25,18.8511627906977,38.05,159.0,394.875,20.4045454545455,56.4333333333333,52.3,31.55,21.575,345.0,265.0,385.0,32.85,11.5537878787879,159.6,35.525,21.7833333333333,82.8253164556962,18.8,43.3328947368421,50.1,135.040229885057,4.42833333333333,7.4,26.4264705882353,31.7521739130435,10.05,11.7,77.0,18.15,274.75,57.3,5.33,33.0333333333333,35.2838235294118,69.5,53.0444444444445,64.0,68.5428571428571,206.166666666667,37.05,8.84806451612903,97.6190476190476,65.4,24.1012195121951,20.65,83.4,268.928571428571,311.0,18.0,77.725,39.5,13.55,31.9916666666667,10.9708333333333,17.45,17.1886178861789,,222.5,16.185,23.1,9.80846153846154,26.4,8.19923076923077,9.88777777777778,19.45,15.4525,52.8235294117647,46.8366071428571,8.57,19.6107843137255,12.7555555555556,22.4076923076923,12.15,7.30066666666667,10.16125,17.4655844155844,15.3,209.0,57.75,2530.0,31.55,116.5,56.5,100.181818181818,61.3,15.3125,67.85,65.9,9.83,36.85,99.4692307692308,10.90625,32.25,23.4,67.275,39.8132352941176,83.7322580645161,,93.46,153.166666666667,35.6666666666667,56.9,13.85,3.730625,90.7,69.1333333333333,90.7,86.23125,477.0,327.0,335.0,349.5,136.0,76.2666666666667,203.5,,45.075,178.166666666667,182.0,99.3,228.0,36.5431818181818,75.0,73.7,40.6
33.3533333333333,30.04375,53.9340909090909,76.8,73.0857142857143,60.0,8.05,37.45,69.84,27.725,30.3,415.0,203.461538461538,26.1,125.75,149.0,7.29,27.6362068965517,30.7,40.9055555555556,113.0,51.4,11.7,11.25,18.8548076923077,38.1,159.0,395.0,20.4333333333333,56.5615384615385,52.3,31.58,21.6,345.0,264.5,386.5,32.8714285714286,11.5522727272727,159.5,35.505,21.8,82.8494382022472,18.8,43.35,50.1,135.050847457627,4.42,7.4,26.436170212766,31.7866666666667,10.05,11.7,77.0625,18.15,274.611111111111,57.4,5.33,33.0,35.2818181818182,69.5,53.0333333333333,63.9666666666667,68.5333333333333,206.125,37.05,8.84121212121212,97.6266666666667,65.5,24.102380952381,20.6,83.4,269.0,310.625,18.0,77.7,39.5083333333333,13.55,31.99,10.9931034482759,17.4304347826087,17.2072580645161,,223.135135135135,16.15,23.11,9.80846153846154,26.4,8.19625,9.88777777777778,19.45,15.45,52.8491525423729,46.827397260274,8.56818181818182,19.6,12.75,22.4050847457627,12.15,7.3,10.1597826086957,17.4626436781609,15.3,209.0,57.7,2530.0,31.55,117.0,56.4166666666667,100.045454545455,61.3,15.305,67.85,65.9,9.82920454545454,36.55,99.4,10.9,32.2625,23.4,67.2142857142857,39.845,83.7,,93.5,153.166666666667,35.7,56.9,13.85,3.73,90.7,69.16,90.7,86.1058823529412,476.0,327.0,335.0,347.75,136.0,76.2375,203.5,,45.0666666666667,178.166666666667,182.0,99.3,228.0,36.575,75.0,73.7,40.5697674418605
33.35,30.0,53.98,76.8,73.0166666666667,60.0214285714286,8.045,37.5,69.876,27.7190476190476,30.3,414.75,203.363636363636,26.1,126.0,149.0,7.28676470588235,27.6678571428571,30.7,40.8875,113.0,51.4,11.7,11.25,18.8666666666667,38.1,159.0,395.0,20.35,56.58,52.3,31.6,21.5642857142857,345.0,264.5,386.5,32.85,11.55,159.833333333333,35.5666666666667,21.8,82.8977011494253,18.8,43.3833333333333,50.1,135.051886792453,4.43,7.4,26.5055424528302,31.79,10.05,11.7,77.0777777777778,18.15,274.5,57.4,5.34,33.0,35.2522727272727,69.5,53.0142857142857,63.9,68.5,206.5,37.15,8.84666666666667,97.6769230769231,65.5,24.1125,20.6,83.4,268.666666666667,310.954545454545,17.97,77.7,39.525,13.5954545454545,32.0,10.9517543859649,17.41875,17.2142857142857,,223.0,16.1625,23.15,9.8,26.4428571428571,8.19,9.88777777777778,19.45,15.4666666666667,52.8666666666667,46.8348484848485,8.56315789473684,19.63,12.75,22.42,12.15,7.30113636363636,10.1666666666667,17.4878787878788,15.3,209.0,57.7,2530.0,31.55,116.5,56.45,100.166666666667,61.3,15.3,67.85,65.9,9.82614814814815,36.55,99.3966666666667,10.93,32.25,23.4,67.2714285714286,39.8485915492958,83.7095238095238,,93.6,153.166666666667,35.65,56.9,13.8545454545455,3.73833333333333,90.7,69.16,90.68,86.1666666666667,478.0,327.0,335.0,347.75,136.0,76.2764705882353,203.5,,45.1,178.5,182.0,99.3,228.0,36.5666666666667,75.0,73.7,40.5481818181818
33.35,30.0,53.9678571428571,76.9,73.02,60.06,8.045,37.49,69.8666666666667,27.7,30.325,414.5,203.444444444444,26.1,126.08,149.0,7.28,27.55,30.75,40.8875,113.0,51.425,11.7,11.25,18.885,38.1,159.5,395.0,20.43,56.6625,52.3,31.6,21.5978260869565,345.0,264.0,387.0,32.85,11.5504201680672,159.95652173913,35.5,21.76,82.8916666666667,18.8,43.3375,50.1,135.125,4.43,7.4,26.6387711864407,31.75,10.05,11.7467391304348,77.0007692307692,18.15,274.666666666667,57.4,5.34,33.0,35.2725,69.475,53.075,64.0,68.5333333333333,206.0,37.15,8.84477272727273,97.6615384615384,65.5,24.1192307692308,20.6,83.4,269.0,311.0,18.0,77.7708333333333,39.525,13.5991803278689,31.9857142857143,10.95,17.4,17.2203125,,223.045454545455,16.1722222222222,23.1125,9.8,26.4451923076923,8.20721649484536,9.88777777777778,19.45,15.4571428571429,52.9,46.8365671641791,8.56407407407407,19.6038461538462,12.75,22.4142857142857,12.15,7.30454545454545,10.1692307692308,17.4647058823529,15.3,209.0,57.7,2530.0,31.55,116.5,56.42,100.333333333333,61.3,15.325,67.75,65.9,9.82959183673469,36.55,99.425,10.9,32.25,23.4,67.2142857142857,39.8858333333334,83.76,,93.5,153.166666666667,35.65,56.9,13.8653846153846,3.74,90.7,69.2,90.7,86.18,478.0,326.25,335.0,348.5,136.0,76.21,203.5,,45.0722222222222,178.25,181.9,99.3,228.0,36.5571428571429,75.0,73.7,40.55
33.375,30.0227272727273,54.0,76.8,73.02,60.1,8.045,37.5,69.85,27.75,30.325,413.785714285714,203.5,26.05,126.0,149.0,7.28538461538462,27.5346153846154,30.675,40.8875,113.0,51.3529411764706,11.7,11.25,18.9,38.1,159.25,395.0,20.35,56.7,52.3,31.6,21.56875,345.0,264.0,387.0,32.8625,11.55,160.0,35.5384615384615,21.76,82.8933333333333,18.8,43.3410256410256,50.1,135.105263157895,4.42,7.4,26.5935483870968,31.79,10.05,11.75,76.95,18.15,274.833333333333,57.4,5.34,33.0166666666667,35.2647058823529,69.5,53.1,64.0,68.575,206.0,37.2,8.84978723404255,97.6647058823529,65.5,24.1361111111111,20.6,83.4,269.0625,310.6,18.0,77.8,39.5225,13.5991803278689,31.95,10.997619047619,17.4068181818182,17.22875,,223.045454545455,16.15,23.15,9.8,26.45,8.21,9.89,19.4,15.45,52.8880952380952,46.8345070422535,8.57,19.6090909090909,12.7247747747748,22.43,12.15,7.30555555555555,10.195,17.4645390070922,15.3090361445783,209.0,57.7,2530.0,31.55,116.5,56.45,100.5,61.3,15.3461538461538,67.75,65.9,9.83625,36.55,99.425,10.9125,32.25,23.4,67.2166666666667,39.9,83.7583333333333,,93.5333333333334,154.0,35.65,56.9,13.8833333333333,3.74,90.7,69.2,90.64,86.16875,478.0,326.666666666667,335.0,349.0,136.0,76.3,203.5,,45.1,178.5,181.5,99.3,228.0,36.55,74.925,73.8,40.55
33.4,30.02,54.0,76.8166666666667,73.05,60.06,8.04727272727273,37.5,69.8888888888889,27.7875,30.3,413.375,203.5,26.05,126.25,149.0,7.28818181818182,27.615,30.675,40.85,113.0,51.35,11.705,11.25,18.8975,38.1,159.5,395.0,20.45,56.675,52.3,31.55,21.6,345.0,264.0,386.5,32.8625,11.55,159.916666666667,35.5729166666667,21.7954545454545,82.883870967742,18.8,43.35,50.1,135.198275862069,4.42,7.4,26.6520979020979,31.7666666666667,10.05,11.7666666666667,76.94,18.15,274.6,57.4,5.346,33.0,35.2914285714286,69.4,53.05,64.0,68.5,206.5,37.2136363636364,8.84916666666667,97.6909090909091,65.55,24.1328125,20.6,83.4666666666667,269.0,311.25,18.0,77.7875,39.5857142857143,13.575,32.0,10.9740740740741,17.4,17.2340909090909,,222.5,16.1833333333333,23.1,9.8,26.4388888888889,8.21,9.89,19.45,15.45,52.9,46.8328125,8.56888888888889,19.6,12.7472972972973,22.4416666666667,12.15,7.3,10.1995901639344,17.4633333333333,15.35,209.357142857143,57.7,2526.66666666667,31.5,117.0,56.5,100.333333333333,61.372,15.3461538461538,67.8,65.9,9.83984375,36.55,99.4892857142857,10.9,32.25,23.45,67.2,39.9,83.7977272727273,,93.5333333333334,153.5,35.6,56.9,13.89,3.74,90.68,69.1952380952381,90.6263157894737,86.1842105263158,476.0,326.666666666667,335.0,349.0,136.5,76.2,203.5,,45.1,178.0,181.5,99.3,228.0,36.5555555555556,74.9,73.8,40.55
33.3451219512195,30.000641025641,53.99375,76.8,72.998275862069,60.0015267175572,8.05,37.4997159090909,69.85,27.7448275862069,30.3,414.0,202.94262295082,26.0476190476191,126.5,149.0,7.28538461538462,27.6458333333333,30.675,40.85,113.0,51.3363636363636,11.7,11.25,18.864,38.1,159.5,395.0,20.46,56.65,52.2833333333333,31.5534482758621,21.6,345.0,264.0,386.5,32.85,11.5505567928731,159.638888888889,35.5472972972973,21.8,82.8772727272727,18.8,43.4026315789474,50.1,135.15625,4.42,7.4,26.7541058394161,31.75,10.1,11.7583333333333,76.8676258992806,18.1,274.5,57.4,5.346,32.95,35.2909090909091,69.4,53.0409090909091,63.9,68.5714285714286,206.5,37.2666666666667,8.84260869565217,97.5860465116279,65.5,24.1461538461538,20.6,83.4,269.5,311.0,18.0,77.8875,39.5478260869565,13.55,31.9533333333333,10.994,17.4,17.2053864168618,,222.5,16.1482142857143,23.125,9.8,26.4142857142857,8.20697674418605,9.89,19.45,15.4502994011976,52.8644444444445,46.8258620689655,8.56051282051282,19.6058685446009,12.7423076923077,22.4057894736842,12.15,7.29932489451477,10.1905797101449,17.4502450980392,15.3214285714286,209.0,57.7,2528.33333333333,31.5,117.0,56.45,100.25,61.3,15.3214285714286,67.8,65.9,9.83457627118644,36.55,99.4875,10.90390625,32.2458333333333,23.45,67.2333333333333,39.8941176470588,83.8,,93.56,153.5,35.65,56.9,13.8510050251256,3.74,90.6909090909091,69.1333333333333,90.6666666666667,86.3223880597015,476.25,326.666666666667,334.5,347.5,136.5,76.2,203.5,,45.0882352941177,177.888888888889,181.55,99.2,228.0,36.5409090909091,74.9,73.8,40.55625
33.3205882352941,30.0045454545455,54.012389380531,76.8,72.9,60.0263157894737,8.05,37.554081632653,69.8139534883721,27.7,30.325,413.166666666667,202.875,26.0,126.5,149.0,7.29153846153846,27.6583333333333,30.7,40.8,113.0,51.39,11.6734375,11.25,18.8673469387755,38.1,159.25,395.0,20.46,56.65,52.2833333333333,31.575,21.5833333333333,344.875,264.0,386.5,32.85,11.55,159.857142857143,35.5208333333333,21.8,82.8236842105263,18.8,43.4361111111111,50.2,135.14,4.42,7.4,26.8219679633867,31.75,10.0857142857143,11.75,76.8015151515152,18.1,274.5,57.4,5.35,32.975,35.2984375,69.4,53.0142857142857,64.075,68.58,206.25,37.1,8.8444,97.5714285714286,65.5,24.14,20.6,83.4,269.416666666667,311.0,17.95,77.8,39.54,13.5625,32.0,10.9868421052632,17.4,17.1584905660377,,222.5,16.1115384615385,23.125,9.81666666666667,26.40625,8.19,9.88,19.45,15.45,52.8754716981132,46.8326388888889,8.5604,19.6309523809524,12.7388888888889,22.3603448275862,12.1466666666667,7.29857142857143,10.15625,17.4500595238095,15.3,209.0,57.7,2528.33333333333,31.55,116.875,56.4294117647059,100.05,61.3,15.35,67.8,65.9,9.83,36.55,99.5,10.9166666666667,32.2,23.45,67.2,39.9,83.7981132075472,,93.475,153.5,35.65,56.95,13.85,3.74,90.7,69.1571428571429,90.62,86.5017094017094,476.25,327.714285714286,334.5,347.5,136.0,76.13,203.5,,45.0568965517241,177.5,181.5,99.1,228.0,36.5,74.85,73.8,40.5115384615385
33.30625,30.0,54.2734513274336,76.7166666666667,72.9,60.0217391304348,8.04,37.6,69.74,27.7,30.3,413.0,202.625,26.0125,126.375,149.0,7.3,27.6263157894737,30.7,40.8,113.0,51.3142857142857,11.652380952381,11.25,18.8538461538462,38.1,159.416666666667,394.5,20.46,56.56,52.3,31.565,21.5636363636364,344.5,263.5,386.5,32.8625,11.5419642857143,159.59375,35.5192307692308,21.8375,82.8590361445783,18.8,43.4125,50.1,135.15,4.42,7.39277777777778,26.8598522167488,31.75,10.0961538461538,11.75,76.8,18.0952380952381,274.833333333333,57.4,5.34,32.975,35.2692307692308,69.4,53.0946428571429,64.075,68.5,206.5,37.25,8.84033333333333,97.592,65.5,24.15,20.6,83.4,269.0,310.5,18.0,77.8,39.5645833333333,13.57,31.96,10.95,17.3785714285714,17.1432989690722,,222.5,16.134375,23.1,9.81666666666667,26.4071428571429,8.195,9.89058823529412,19.45,15.45,52.8071856287425,46.8258064516129,8.55909090909091,19.615,12.7,22.36875,12.1432835820896,7.29,10.1558823529412,17.4453271028037,15.3092592592593,210.240740740741,57.6833333333333,2525.0,31.55,116.818181818182,56.4166666666667,100.0625,61.3,15.3,67.8,65.9,9.829375,36.55,99.5,10.9,32.2,23.45,67.2,39.9029411764706,83.7111111111111,,93.45,153.5,35.65,56.9,13.85,3.74,90.6,69.0245614035088,90.6125,86.5310344827586,476.25,328.0,334.5,347.166666666667,136.35,76.0714285714286,203.25,,45.075,177.5,181.444444444444,99.1,228.0,36.5,74.85,73.8,40.54
33.3277777777778,30.0018518518518,54.2404761904762,76.6285714285714,72.9416666666667,60.0333333333333,8.04,37.5970588235294,69.8428571428571,27.7386363636364,30.2655172413793,412.8,202.625,26.0,126.5,149.0,7.28526315789474,27.55,30.7,40.8,113.0,51.33,11.65,11.25,18.8672413793103,38.05,159.5,394.5,20.45,56.7,52.3,31.5916666666667,21.5642857142857,344.5,264.0,386.5,32.9,11.55,159.666666666667,35.5125,21.8,82.8763157894737,18.8,43.4125,50.1,135.22,4.42833333333333,7.37047169811321,26.8354037267081,31.7684210526316,10.0961538461538,11.7526315789474,76.7823529411765,18.1,274.833333333333,57.4,5.34,32.95,35.2987804878049,69.4,53.09,64.1,68.58,206.0,37.175,8.8303125,97.5538461538462,65.5,24.1470588235294,20.6,83.4,269.0,310.916666666667,18.0,77.8,39.55,13.6,32.0,10.9423076923077,17.35,17.1366666666667,,222.5,16.12,23.1,9.81666666666667,26.43,8.19,9.89058823529412,19.45,15.45,52.8235294117647,46.8122727272727,8.555,19.6454545454545,12.7,22.3690476190476,12.142,7.29746268656716,10.1863636363636,17.4,15.3444444444444,211.5,57.6833333333333,2520.0,31.55,117.0,56.45,100.5,61.3,15.3428571428571,67.8,65.9,9.83,36.775,99.5,10.9125,32.2,23.45,67.2928571428571,39.95,83.8368421052631,,93.5,153.5,35.65,56.9,13.85,3.74357142857143,90.6,69.1620253164557,90.6214285714286,86.5802325581396,476.0,328.333333333333,334.5,347.166666666667,136.35,76.1,203.5,,45.0833333333333,177.5,181.25,99.1,227.958333333333,36.501724137931,74.85,73.8,40.5
33.3214285714286,30.0,54.2,76.52,72.9333333333333,60.1,8.04,37.5625,69.84,27.725,30.25,413.2,202.892857142857,25.9987179487179,126.5,149.0,7.29181818181818,27.5708333333333,30.7,40.8,113.0,51.3,11.65,11.25,18.8766666666667,38.05,159.0,395.5,20.45,56.65,52.2,31.5916666666667,21.6,344.5,264.0,386.5,32.8555555555556,11.5556701030928,160.0,35.53,21.8,82.8836363636364,18.8466101694915,43.35,50.14,135.112068965517,4.42,7.36733333333333,26.7366013071895,31.7352941176471,10.1,11.7464285714286,76.8,18.1,274.555555555556,57.4,5.34,32.95,35.3032608695652,69.4,53.1214285714286,64.15,68.5666666666667,206.5,37.25,8.83,97.6,65.5,24.1428571428571,20.6,83.4,269.4,311.5,18.0,77.75,39.5,13.6,31.975,10.9405405405405,17.3555555555556,17.1080073349633,,222.5,16.1,23.1,9.81666666666667,26.4166666666667,8.20403225806451,9.88065789473684,19.45,15.45,52.8,46.7834645669291,8.55416666666667,19.6375,12.71,22.3833333333333,12.138,7.29861538461538,10.1947368421053,17.4277777777778,15.3,210.25,57.8,2520.0,31.55,117.0,56.4042253521127,100.15,61.3777777777778,15.35,67.8,65.9,9.83387096774194,36.775,99.575,10.9125,32.2,23.45,67.2,39.9388888888889,83.8485714285714,,93.5,153.0,35.65,56.96,13.8497455470738,3.74,90.6,69.1733333333333,90.6407407407407,86.645871559633,476.5,328.333333333333,334.5,347.0,136.178571428571,76.0,203.5,,45.0916666666667,177.5,181.416666666667,99.0,227.958333333333,36.5,74.85,73.8,40.5
33.3478260869565,30.0236842105263,54.1439024390244,76.5,72.9,60.0,8.04,37.5785714285714,69.9,27.7985294117647,30.275,413.695652173913,202.5,25.975,126.285714285714,149.0,7.29333333333333,27.52,30.7,40.8,112.6,51.2666666666667,11.65,11.25,18.8940476190476,38.05,160.0,395.083333333333,20.48125,56.7,52.2,31.5833333333333,21.5615384615385,344.5,264.0,386.5,32.85,11.5674418604651,159.722222222222,35.5,21.8,82.8987012987013,18.8166666666667,43.4142857142857,50.2,135.270491803279,4.42869565217391,7.36,26.7418604651163,31.74,10.09,11.7416666666667,76.778947368421,18.15,274.75,57.4,5.34,32.925,35.35,69.4,53.1333333333333,64.2,68.54,206.5,37.2,8.83090909090909,97.6,65.5,24.1236842105263,20.6,83.5,269.0,311.5,18.0,77.8090909090909,39.5266666666667,13.6,31.9833333333333,10.95,17.3537037037037,17.1122222222222,,222.5,16.1,23.1,9.81666666666667,26.4416666666667,8.2,9.88065789473684,19.45,15.45,52.8515151515152,46.7254098360656,8.55961538461539,19.6113636363636,12.7083333333333,22.3928571428571,12.1454545454545,7.2978947368421,10.1875,17.4086206896552,15.3,210.5,57.8,2530.0,31.55,116.875,56.3,100.3,61.3384615384615,15.35,67.9,65.9,9.83675496688742,36.775,99.5,10.925,32.2,23.45,67.2428571428571,39.9444444444444,83.8105263157894,,93.5,153.25,35.65,57.0,13.825,3.74,90.6,69.145,90.6984375,86.7325,476.5,328.0,334.5,347.0,136.178571428571,76.0105263157894,203.5,,45.1,177.5,181.5,99.1,227.958333333333,36.45,75.0,73.8,40.4766666666667
33.35,30.0083333333333,54.1428571428572,76.5,72.94,60.02,8.04896551724138,37.5868421052632,69.875,27.8,30.3125,414.15625,202.681818181818,26.0055555555556,126.021739130435,149.0,7.29125,27.5611111111111,30.7,40.8,112.6,51.22,11.65,11.25,18.8978260869565,38.1,159.5,395.5,20.48125,56.6,52.2,31.5833333333333,21.5833333333333,345.0,264.0,386.5,32.85,11.55,160.0,35.5263157894737,21.8,82.8943396226415,18.8484042553191,43.4333333333333,50.2,135.283333333333,4.42,7.37,26.7095744680851,31.75,10.1,11.7305555555556,76.7959183673469,18.1935897435897,274.75,57.45,5.34,32.8875,35.3858108108108,69.425,53.1777777777778,64.2,68.5909090909091,206.5,37.25,8.84433962264151,97.5928571428571,65.5,24.1175,20.6,83.5,269.333333333333,311.25,18.0,77.8,39.5833333333333,13.55,31.9833333333333,10.95,17.35,17.1626506024096,,222.5,16.1646341463415,23.1,9.81666666666667,26.43125,8.21,9.88065789473684,19.45,15.45,52.8785714285714,46.6994505494506,8.55111111111111,19.6105263157895,12.7,22.3894736842105,12.1346153846154,7.29111111111111,10.1963235294118,17.4480392156863,15.3,210.5,57.8,2530.0,31.55,117.0,56.2357142857143,100.25,61.37,15.35,67.9,65.9,9.83153846153846,36.75,99.3581081081081,10.925,32.2,23.45,67.2666666666667,39.9967889908257,83.7565217391304,,93.46,153.0,35.65,56.9,13.8470588235294,3.73,90.5727272727273,69.1,90.7625,86.7952380952381,476.5,328.0,335.0,346.5,136.1875,76.0,203.5,,45.0550847457627,177.333333333333,182.0,99.1,227.958333333333,36.3868421052632,74.9,73.8,40.45
33.3227272727273,30.0,54.2,76.5,72.9,60.025,8.04,37.6,69.8666666666667,27.7527777777778,30.3,414.75,202.583333333333,25.9944444444444,126.277777777778,148.875,7.29666666666667,27.625,30.7,40.85,112.5,51.212,11.6052631578947,11.25,18.8920634920635,38.1,159.5,395.0,20.45,56.6714285714286,52.2,31.61,21.6,344.625,264.0,386.5,32.9,11.5527777777778,160.0,35.5470588235294,21.8,82.8840909090909,18.85,43.45,50.2,135.115942028986,4.42,7.36454545454546,26.7,31.7494949494949,10.1,11.75,76.7909090909091,18.2,274.666666666667,57.45,5.345,32.85,35.39,69.4,53.1571428571429,64.3,68.5777777777778,206.5,37.2,8.8415873015873,97.5875,65.575,24.1222222222222,20.6,83.5,269.458333333333,311.5,17.9625,77.9434782608696,39.475,13.6,32.0,10.9486111111111,17.35,17.1739130434783,,222.5,16.19,23.1,9.81666666666667,26.425,8.2,9.89,19.4,15.45,52.839705882353,46.691,8.55217391304348,19.6403409090909,12.734,22.3928571428571,12.1447368421053,7.29,10.1833333333333,17.4222222222222,15.3,209.5,57.9,2530.0,31.55,116.916666666667,56.2,100.5,61.3909090909091,15.35,67.85,65.9,9.83547169811321,36.75,99.2737704918033,10.9,32.2,23.45,67.2,40.05,83.7555555555556,,93.44,153.0,35.6962962962963,56.8475,13.85,3.73,90.5,69.15,90.8,86.772972972973,476.75,328.0,335.0,347.2,136.1875,76.1,203.5,,45.0142857142857,177.333333333333,182.0,99.0,227.958333333333,36.325,74.85,73.8,40.4171428571429
33.30625,30.0375,54.2,76.6875,72.9133333333333,60.0,8.04,37.5935483870968,69.875,27.75,30.3,414.0,202.5,26.0071428571429,126.0,148.5,7.29861111111111,27.55,30.7,40.85,112.5,51.2039215686275,11.65,11.25,18.8673076923077,38.1,160.0,395.0,20.5018518518519,56.7,52.2,31.61,21.5608695652174,345.0,264.0,386.5,32.9,11.5531598513011,159.75,35.5357142857143,21.8,82.8918032786885,18.85,43.45,50.2,135.376811594203,4.42,7.36454545454546,26.7212962962963,31.7916666666667,10.1,11.7071428571429,76.8,18.1975609756098,275.0,57.45,5.345,32.86,35.3971428571429,69.4,53.15,64.4,68.575,206.5,37.225,8.84333333333333,97.5928571428571,65.5,24.1458333333333,20.6,83.6,269.5,311.166666666667,17.9625,77.9592592592593,39.45,13.6,32.0,10.9708333333333,17.35,17.1851851851852,,222.5,16.17,23.1,9.8,26.4,8.2,9.8725,19.4,15.45,52.851282051282,46.694,8.55970588235294,19.6181818181818,12.7232876712329,22.3954545454545,12.1441176470588,7.29684210526316,10.1928571428571,17.4,15.3,209.5,57.8,2530.0,31.55,117.0,56.1,100.333333333333,61.4307692307692,15.345,67.8,65.9,9.83190476190476,36.75,99.169387755102,10.9,32.2,23.4,67.25,40.0619047619048,83.7,,93.5,153.0,35.7166666666667,56.604347826087,13.85,3.73975,90.5,69.1714285714286,90.8,86.7333333333333,476.75,328.0,335.0,348.0,136.0,76.0,203.5,,45.025,177.333333333333,182.0,99.1,227.958333333333,36.3357142857143,74.9,73.8,40.4
33.34,30.0473544973545,54.2,76.7,72.95,60.0,8.04,37.65,69.8666666666667,27.75,30.4,414.0,202.55,26.0071428571429,126.0,148.5,7.305,27.5625,30.65,40.85,112.5,51.0267441860465,11.65,11.25,18.8571428571429,38.1,160.0,394.5,20.5018518518519,56.7736842105263,52.2,31.65,21.6,345.0,264.0,386.5,32.85,11.5620535714286,159.75,35.5425,21.8,82.8843137254902,18.85,43.4333333333333,50.3,135.305555555556,4.42,7.37,26.6795454545455,31.7916666666667,10.05,11.75,76.8,18.15,274.75,57.45,5.35,32.86,35.4242857142857,69.4,53.1933333333333,64.5,68.5777777777778,206.5,37.2166666666667,8.83963636363636,97.5333333333334,65.52,24.1269230769231,20.65,83.6,269.5,311.25,18.0,77.975,39.51875,13.575,32.0,10.9844827586207,17.35,17.1529411764706,,222.0,16.15,23.1,9.8,26.4,8.2,9.87,19.4,15.4625,52.8521739130435,46.70875,8.55966666666667,19.6192307692308,12.7432692307692,22.3928571428571,12.15,7.29,10.1942028985507,17.4090909090909,15.3333333333333,209.5,57.8333333333333,2530.0,31.55,117.0,56.05,100.333333333333,61.45,15.3142857142857,67.8666666666667,66.0,9.83769230769231,36.75,98.9022421524664,10.9333333333333,32.25,23.4,67.2125,40.09375,83.7,,93.5,153.0,35.75,56.5166666666667,13.85,3.74,90.5,69.2,90.725,86.6,476.75,328.0,335.0,348.0,136.5,76.0,203.5,,45.0472222222222,177.333333333333,181.9,99.1,227.958333333333,36.2666666666667,74.85,73.8,40.45
33.3485915492958,30.05,54.2,76.7833333333333,72.95,60.02,8.05,37.65,69.8222222222222,27.7184210526316,30.35,413.9375,202.5,26.05,126.0,148.5,7.3,27.65,30.65,40.85,112.5,50.9,11.65,11.25,18.8529411764706,38.1,160.0,394.5,20.5,56.8230769230769,52.4,31.6,21.5916666666667,345.0,264.0,386.5,32.8928571428571,11.55,159.833333333333,35.5433333333333,21.8,82.8983870967742,18.85,43.4,50.3,135.290322580645,4.42,7.37,26.69375,31.78,10.05,11.7434782608696,76.8,18.153125,274.5,57.5,5.34987179487179,32.9,35.4222222222222,69.43,53.1,64.5379310344828,68.5428571428571,206.833333333333,37.2166666666667,8.83,97.5987951807229,65.5,24.1428571428571,20.64,83.6,269.5,311.5,18.0,77.9222222222222,39.5333333333333,13.55,32.0,11.0,17.35,17.1901639344262,,222.0,16.15,23.1458333333333,9.8,26.4125,8.2,9.87,19.45,15.45,52.8813953488372,46.75,8.55883333333333,19.6153846153846,12.734375,22.3923076923077,12.15,7.29125,10.195,17.42,15.3446428571429,209.5,57.8333333333333,2530.0,31.5375,117.0,56.075,100.5,61.3838709677419,15.35,67.8,66.0,9.83095238095238,36.75,98.5739644970414,10.9,32.2,23.4,67.2,40.1015625,83.7387096774194,,93.4333333333333,153.0,35.7,56.5961538461539,13.847619047619,3.73666666666667,90.5333333333334,69.1625,90.7217391304348,86.58,476.0,327.5,335.0,348.0,136.5,76.0166666666667,203.5,,45.035,177.0,181.833333333333,99.1,227.958333333333,36.31,74.8,73.8,40.45
33.4,30.0822580645161,54.195,76.7833333333333,72.9166666666667,60.08125,8.04666666666667,37.6977272727273,69.7333333333333,27.7,30.35,414.0,202.5,26.05,126.0,148.5,7.3,27.6166666666667,30.75,40.85,112.5,50.8322916666667,11.65,11.25,18.8681818181818,38.1,159.75,394.5,20.55,56.8454545454545,52.4,31.65,21.5705882352941,345.0,264.0,386.5,32.9,11.5509398496241,160.0,35.55,21.825,82.8447368421053,18.85,43.3892857142857,50.3,135.181818181818,4.42,7.37,26.7313725490196,31.75,10.05,11.75,76.8,18.15,274.75,57.4,5.35047619047619,32.9,35.4479166666667,69.4,53.1933333333333,64.6916666666667,68.55,206.833333333333,37.2125,8.83567567567568,97.6102564102564,65.5,24.1388888888889,20.6,83.6,269.75,311.0,18.0,77.98,39.5333333333333,13.55,32.0,10.9647058823529,17.3727272727273,17.2,,222.0,16.175,23.2,9.8,26.4458333333333,8.2,9.88,19.45,15.475,52.868,46.7264150943396,8.5596875,19.625,12.7305555555556,22.4014218009479,12.15,7.2975,10.17,17.415,15.3428571428571,209.5,57.8,2530.0,31.5375,117.0,56.1,100.25,61.36,15.3083333333333,67.8,65.9,9.83588235294118,36.75,98.662962962963,10.9057142857143,32.2,23.45,67.2142857142857,40.1011627906977,83.7228070175439,,93.46,153.0,35.7,56.63125,13.84,3.73,90.5142857142857,69.2,90.775,86.5944444444444,476.0,327.5,335.0,348.0,136.5,76.0166666666667,203.5,,45.05,177.0,182.0,99.1,227.958333333333,36.3,74.7,73.7,40.4615384615385
33.35,30.0625,54.2,76.9,72.9,60.0,8.049375,37.6887755102041,69.7818181818182,27.7,30.35,414.0,202.5,26.0,126.0,148.5,7.3,27.63,30.65,40.85,112.5,50.8241935483871,11.6583333333333,11.25,18.8659090909091,38.1,160.0,394.5,20.55,56.86,52.4,31.65,21.5642857142857,345.0,264.0,386.5,32.85,11.55,159.916666666667,35.5227272727273,21.85,82.8836065573771,18.8414634146341,43.4,50.3,135.172413793103,4.42,7.37,26.7459459459459,31.75,10.05,11.75,76.8,18.15,274.9,57.4,5.36925,32.85,35.4539325842697,69.4692307692308,53.1818181818182,64.6,68.56,206.833333333333,37.2166666666667,8.835625,97.6857142857143,65.4888888888889,24.125,20.6,83.6,269.916666666667,311.5,17.9625,77.9666666666667,39.5,13.6,32.0044117647059,10.95,17.353125,17.2045851528384,,222.5,16.15,23.2,9.8,26.435,8.2,9.88,19.45,15.45,52.9,46.75,8.56111111111111,19.6133333333333,12.7071428571429,22.44,12.1469696969697,7.29,10.1833333333333,17.4095238095238,15.3125,209.794117647059,57.8,2530.0,31.5,117.0,56.05,100.5,61.3,15.3071428571429,67.8,65.9333333333333,9.83848484848485,36.75,98.5846153846154,10.9,32.2,23.45,67.22,40.0833333333333,83.7,,93.4666666666666,153.0,35.7,56.63125,13.85,3.73,90.5666666666667,69.1714285714286,90.75625,86.6,476.0,327.05,335.0,348.25,136.5,76.05,203.5,,45.0384615384615,177.0,181.958333333333,99.2,227.875,36.3,74.725,73.7,40.4541666666667
33.4,30.0555555555556,54.2193548387097,76.9,72.96,60.0,8.04,37.7112676056338,69.77,27.7,30.3666666666667,413.666666666667,202.5,26.0,126.0,148.5,7.29828571428571,27.65,30.6,40.85,112.75,50.9945945945946,11.6090909090909,11.25,18.896875,38.1,159.625,394.5,20.5,56.83,52.3,31.65,21.5541666666667,345.0,264.0,386.5,32.875,11.55,159.9,35.5384615384615,21.8375,82.8769230769231,18.8,43.38125,50.3,135.214285714286,4.41857142857143,7.36033898305085,26.7313953488372,31.8,10.05,11.75,76.8,18.15,274.6,57.4,5.37,32.85,35.49375,69.4939759036145,53.14,64.6,68.6,206.833333333333,37.1833333333333,8.8375,97.6923076923077,65.4428571428572,24.14375,20.65,83.6,269.954545454545,311.5,17.95,78.0,39.5,13.6,32.0272727272727,10.95,17.35,17.1974137931035,,222.5,16.15,23.2,9.8,26.4222222222222,8.2,9.88,19.45,15.45,52.8565217391304,46.7715277777778,8.56363636363636,19.6142857142857,12.7387096774194,22.4416666666667,12.15,7.29,10.175,17.4410714285714,15.35,209.794117647059,57.9,2530.0,31.55,116.8125,56.1,100.5,61.3,15.3375,67.7,65.9333333333333,9.83728813559322,36.75,98.6132352941176,10.9,32.2,23.45,67.2,40.1,83.725,,93.4733333333333,153.0,35.7,56.75,13.8333333333333,3.73558823529412,90.56,69.2,90.7055555555555,86.5625,476.0,328.0,335.0,348.0,136.25,76.0,203.5,,45.05,177.0,182.0,99.2,227.875,36.2833333333333,74.725,73.7,40.4576923076923
33.4,30.05,54.1909090909091,77.0,72.9,60.0,8.04,37.7833333333333,69.75,27.7035714285714,30.375,413.5,202.5,26.0,126.0,148.5,7.30454545454545,27.6230769230769,30.6,40.85,112.75,50.9470588235294,11.6323529411765,11.25,18.8708333333333,38.1,159.5,394.5,20.5,56.9533333333333,52.3,31.65,21.55,345.0,264.0,386.5,32.85,11.550641025641,159.833333333333,35.5533333333333,21.85,82.8754098360656,18.8055555555556,43.4,50.3,135.255319148936,4.42,7.365,26.716,31.75,10.05,11.75,76.8,18.15,275.0,57.4,5.36,32.8666666666667,35.475,69.6302325581395,53.1266666666667,64.6,68.625,206.5,37.1666666666667,8.83069565217391,97.6705882352941,65.4428571428572,24.13,20.65,83.6,270.0,311.5625,18.0,78.0,39.5,13.6,32.05,10.95,17.35,17.1940476190476,,222.5,16.1666666666667,23.2382352941176,9.8,26.4071428571429,8.2,9.88,19.45,15.475,52.8875,46.7972222222222,8.56375,19.6121212121212,12.734375,22.4454545454545,12.1,7.29,10.196,17.4456772334294,15.35,209.5,57.9,2530.0,31.55,116.9,56.1,100.375,61.3,15.31,67.7,65.9333333333333,9.83642857142857,36.65,98.6705882352941,10.92,32.2,23.4,67.2454545454545,40.1214285714286,83.6804347826087,,93.4666666666666,153.1,35.7,56.8,13.8464285714286,3.74,90.6,69.1428571428571,90.7142857142857,86.6375,476.0,328.0,335.0,348.0,136.5,76.0,203.5,,45.05,177.0,181.875,99.3,227.875,36.25,74.725,73.6,40.4522727272727
33.3666666666667,30.05,54.2,77.16,72.9142857142857,59.9333333333333,8.03666666666667,37.7891304347826,69.8,27.7,30.4,413.5,202.5,26.0,126.0,148.25,7.29571428571429,27.6045454545455,30.6,40.9,112.5,51.0,11.625,11.25,18.8878787878788,38.1,159.583333333333,394.5,20.5,56.975,52.3,31.65,21.5625,345.0,264.0,386.5,32.85,11.5512048192771,159.7,35.6,21.8,82.880487804878,18.8323529411765,43.375,50.4,135.233870967742,4.41,7.36705882352941,26.7132352941176,31.75,10.05,11.7061403508772,76.7875,18.175,275.0,57.4,5.37058558558559,32.8,35.4964285714286,69.775,53.1875,64.6,68.625,206.5,37.2,8.8385,97.68,65.4333333333333,24.14375,20.65,83.6,269.833333333333,312.033333333333,18.0,77.98,39.5272727272727,13.6,32.075,10.9310344827586,17.35,17.1951923076923,,222.5,16.15,23.25,9.8,26.4415094339623,8.205,9.88,19.45,15.45,52.9,46.7814285714286,8.56136363636364,19.6233333333333,12.7078431372549,22.4458333333333,12.13125,7.29,10.1890625,17.4408517350158,15.3103448275862,210.0,57.9,2528.33333333333,31.55,117.0,56.1,100.5,61.3,15.325,67.7,65.9333333333333,9.83868421052632,36.6,98.6971428571429,10.95,32.2125,23.4,67.2454545454545,40.14,83.6166666666667,,93.5,153.0,35.7,56.8,13.8461538461538,3.74,90.6,69.2,90.7105263157895,86.60625,477.0,328.0,335.0,348.0,136.5,76.0,203.5,,45.085,177.0,181.875,99.3,227.875,36.2318181818182,74.725,73.6,40.4555555555556
33.4,30.05,54.2108108108108,77.175,72.9,59.9,8.03666666666667,37.7768656716418,69.7666666666667,27.75,30.4,413.333333333333,202.307692307692,26.0,126.0,148.5,7.31,27.555,30.6,40.85,112.5,51.0,11.668,11.25,18.895,38.1,160.0,394.5,20.5,56.9391304347826,52.3,31.6,21.5166666666667,345.5,263.5,386.5,32.8958333333333,11.55,160.0,35.5583333333333,21.85,82.865,18.815,43.4,50.4,135.448275862069,4.41,7.36,26.671052631579,31.7954545454546,10.05,11.7061403508772,76.8,18.18,274.75,57.4,5.38235294117647,32.8,35.4984375,69.8285714285714,53.14,64.6,68.6857142857143,206.5,37.15,8.84065789473684,97.6923076923077,65.4333333333333,24.1480769230769,20.65,83.6,269.991666666667,312.5,18.0,77.9153846153846,39.55,13.6,32.17,10.9424242424242,17.3547619047619,17.1989690721649,,222.5,16.15,23.25,9.8,26.4436363636364,8.20857142857143,9.88,19.45,15.475,52.8857142857143,46.8,8.56136363636364,19.625,12.725,22.4464285714286,12.1428571428571,7.29704225352113,10.1960526315789,17.45,15.35,210.0,57.9,2530.0,31.55,117.0,56.1,100.5,61.3,15.35,67.7,65.9333333333333,9.83898305084746,36.6,98.7857142857143,10.9,32.21,23.4,67.2727272727273,40.1357142857143,83.6333333333333,,93.4666666666666,153.0,35.7458333333333,56.85,13.8470588235294,3.73040983606557,90.5333333333334,69.2,90.7625,86.65,477.0,328.0,335.0,348.0,136.222222222222,76.0,203.5,,45.1,177.5,181.666666666667,99.3333333333333,227.875,36.2071428571429,74.725,73.6,40.5
33.3666666666667,30.05,54.2,77.3,72.9,59.9,8.03954545454545,37.7576923076923,69.8,27.75,30.4,413.0,202.0,25.95,126.0,148.0,7.29666666666667,27.55,30.6,40.85,113.0,51.0,11.65,11.25,18.8791666666667,38.1,160.0,394.5,20.5,56.94,52.4,31.65,21.55,345.75,263.5,386.5,32.9,11.55,159.888888888889,35.5857142857143,21.845,82.878125,18.8166666666667,43.3642857142857,50.4,135.382352941176,4.41,7.37018867924528,26.65,31.7954545454546,10.05,11.7,76.8,18.1533333333333,275.0,57.4,5.38835616438356,32.9,35.4905172413793,69.8,53.1375,64.6363636363636,68.6,206.5,37.2,8.84085714285714,97.684,65.5,24.1406779661017,20.65,83.6,270.0,312.5625,17.95,77.8944444444445,39.6346153846154,13.5987804878049,32.1833333333333,10.95,17.35,17.2004918032787,,222.5,16.17,23.29375,9.8,26.4454545454545,8.21,9.88,19.45,15.45625,52.9,46.7939024390244,8.56261904761905,19.6432098765432,12.7428571428571,22.4454545454545,12.1428571428571,7.29,10.2,17.4575,15.3166666666667,210.0,57.9,2530.0,31.5,117.0,56.1,100.5,61.3,15.3447368421053,67.7,65.9333333333333,9.83696202531646,36.6,98.8041666666667,10.9,32.2,23.4,67.2222222222222,40.135,83.6466666666667,,93.5428571428571,153.25,35.7,56.8833333333333,13.8447368421053,3.73,90.6,69.2,90.7333333333333,86.6230769230769,477.0,328.0,335.0,348.5,136.5,76.0,203.5,,45.0532258064516,177.25,181.5,99.3333333333333,227.875,36.2,74.7,73.6,40.4861111111111
33.3666666666667,30.0487951807229,54.2,77.2,72.95,59.9,8.03,37.7192307692308,69.7666666666667,27.7,30.35,413.0,202.03125,25.95,126.0,148.0,7.3,27.5730769230769,30.6,40.85,112.7,51.0266666666667,11.65,11.25,18.8886363636364,38.1,160.0,394.5,20.5,57.0,52.4,31.6583333333333,21.5136363636364,345.75,263.5,386.5,32.9,11.5838734567901,160.0,35.5666666666667,21.85,82.8883333333333,18.8,43.4,50.4,135.349557522124,4.41,7.38,26.6805555555556,31.7976190476191,10.05,11.7083333333333,76.7962962962963,18.1533333333333,275.0,57.4,5.3906329113924,32.9,35.4990566037736,69.9,53.1928571428572,64.6,68.65,206.5,37.1,8.84922330097087,97.6714285714286,65.5,24.15,20.6,83.6,270.0,312.5,17.95,77.9,39.65,13.6,32.225,10.9412698412698,17.35,17.2469135802469,,222.5,16.2166666666667,23.29375,9.8,26.4214285714286,8.21,9.88,19.45,15.45,52.9,46.8,8.56261904761905,19.64375,12.7441176470588,22.4368421052632,12.1,7.29,10.1815789473684,17.45,15.3034482758621,209.5,57.8,2535.0,31.52,117.083333333333,56.1857142857143,100.166666666667,61.2857142857143,15.346875,67.7,65.9333333333333,9.83981481481481,36.6,98.9,10.9052631578947,32.2,23.4,67.2222222222222,40.15,83.6483870967742,,93.6,153.0,35.7,56.9,13.8493421052632,3.73,90.6,69.1625,90.8,86.5947368421052,476.0,328.0,335.0,349.0,136.0,76.0071428571428,203.5,,45.0423076923077,178.0,181.75,99.3333333333333,227.875,36.21,74.7,73.6,40.5
33.3909090909091,30.05,54.184,77.2,72.9,59.9181818181818,8.04,37.735,69.8357142857143,27.7666666666667,30.35,413.1,202.0,26.0,126.0,148.0,7.29538461538462,27.55,30.6,40.85,113.0,51.0,11.65,11.25,18.8508403361345,38.1,159.833333333333,395.0,20.5,56.975,52.4,31.6357142857143,21.5029411764706,345.0,263.5,386.5,32.925,11.55,159.642857142857,35.5866666666667,21.8,82.853488372093,18.8166666666667,43.3833333333333,50.45,135.16049382716,4.41909090909091,7.38,26.69875,31.77,10.05,11.7166666666667,76.8,18.15,274.5,57.4,5.40267857142857,32.9,35.4990384615385,69.8,53.1666666666667,64.6,68.675,206.5,37.2,8.86744047619048,97.775,65.5,24.1605263157895,20.6,83.6,270.0,312.5,17.9916666666667,77.9,39.65,13.5954545454545,32.25,10.945,17.35,17.2391304347826,,222.5,16.15,23.29375,9.81,26.4434782608696,8.20428571428571,9.88,19.45,15.4555555555556,52.8753846153846,46.7917910447761,8.56776119402985,19.6055555555556,12.7166666666667,22.4181818181818,12.1,7.29117647058824,10.1971232876712,17.45,15.3294117647059,209.5,57.8,2535.0,31.52,117.166666666667,56.18,100.5,61.2071428571429,15.3467741935484,67.7,65.9333333333333,9.84176923076923,36.6,98.9222222222222,10.9,32.2,23.4,67.2357142857143,40.1321428571429,83.61,,93.55,153.0,35.7545454545455,56.8,13.8409090909091,3.72,90.6,69.19375,90.8,86.5333333333333,476.5,328.0,335.0,348.5,135.75,76.0,203.5,,45.0,177.0,181.5,99.4,227.875,36.1642857142857,74.775,73.6,40.5038461538461
33.35,30.05,54.2,77.2166666666667,72.9,59.96,8.03181818181818,37.75,69.7148148148148,27.74,30.35,413.125,202.0,26.05,126.0,148.0,7.30352941176471,27.5916666666667,30.6,40.85,113.0,51.0875,11.65,11.25,18.8918604651163,38.1,160.0,394.5,20.5,56.9857142857143,52.4,31.65,21.5333333333333,345.0,263.5,386.25,32.871645021645,11.5648305084746,160.0,35.55,21.825,82.8309090909091,18.8096153846154,43.4,50.45,135.166666666667,4.4190625,7.38,26.7390625,31.75,10.1,11.75,76.8,18.15,274.583333333333,57.4,5.416875,32.9,35.5131147540984,69.9,53.1009259259259,64.6,68.6833333333333,206.75,37.15,8.88162162162162,97.7615384615384,65.5,24.2,20.6125,83.6,270.0,312.5,18.0079787234043,77.82,39.6090909090909,13.5954545454545,32.25,10.954132231405,17.35,17.2235294117647,,222.5,16.15,23.25,9.81,26.4277777777778,8.21,9.88,19.45,15.45,52.975,46.7898148148148,8.56333333333333,19.6287234042553,12.75,22.4416666666667,12.1166666666667,7.29461538461538,10.1988636363636,17.4541666666667,15.3392857142857,209.5,57.9,2540.0,31.52,117.375,56.15,100.5,61.2,15.35,67.7,65.9333333333333,9.8487109375,36.7,98.8733333333333,10.905,32.21875,23.4,67.24,40.13,83.6142857142857,,93.5428571428571,153.0,35.75,56.8,13.8478260869565,3.726,90.6035714285714,69.248,90.8,86.5161290322581,476.0,328.0,335.0,348.5,136.0,76.0,203.5,,45.05,177.0,181.5625,99.4,227.875,36.1951923076923,74.775,73.6,40.5485714285714
33.35,30.05,54.2,77.2166666666667,72.9666666666667,59.96,8.04460526315789,37.780487804878,69.9,27.7,30.35,413.5,202.208333333333,26.05,126.444444444444,148.0,7.308,27.55,30.6181818181818,40.9,113.0,51.1,11.7,11.25,18.8804347826087,38.1,159.5,394.5,20.45,57.0,52.4,31.65,21.5333333333333,345.0,263.5,386.25,32.85,11.55,159.875,35.55,21.825,82.8685714285714,18.8448863636364,43.3833333333333,50.45,135.040404040404,4.4190625,7.38,26.7492857142857,31.75,10.1,11.75,76.9,18.15,275.0,57.4,5.4,32.9,35.5527777777778,69.8,53.1142857142857,64.58,68.7333333333333,206.666666666667,37.0928571428571,8.87731182795699,97.7529411764706,65.5,24.1961538461538,20.6227272727273,83.6,270.0,312.416666666667,18.0333333333333,77.8,39.5875,13.6,32.25,10.9794117647059,17.3,17.2041333333333,,222.5,16.15,23.25,9.81,26.4111111111111,8.21,9.88,19.45,15.45,52.9765957446808,46.775,8.56,19.6263157894737,12.75,22.45,12.1238095238095,7.29,10.2,17.45,15.3038461538462,209.5,57.9,2540.0,31.52,117.166666666667,56.2,100.375,61.2,15.34,67.6,65.9,9.85161290322581,36.7,98.8117647058824,10.905,32.2,23.4,67.2,40.1357142857143,83.6428571428571,,93.6,152.9,35.75,56.8333333333333,13.85,3.71362903225806,90.7,69.3285714285714,90.8,86.6333333333333,476.0,328.0,335.0,348.5,136.0,76.0,203.5,,45.045,177.0,181.590909090909,99.4,227.875,36.2,74.8,73.6,40.55
33.35,30.005,54.1714285714286,77.2,72.9,59.9066666666667,8.03666666666667,37.7958333333333,69.8333333333333,27.7,30.325,413.0,202.047619047619,26.0,126.5,148.0,7.30769230769231,27.55,30.75,40.85,112.5,51.1090909090909,11.6954545454545,11.25,18.8702380952381,38.1,159.5,394.5,20.45,56.9214285714286,52.4,31.625,21.5166666666667,345.0,263.5,386.25,32.7607142857143,11.55,159.925,35.5313953488372,21.85,82.8697183098592,18.838,43.375,50.4875,135.154411764706,4.42,7.38,26.7364864864865,31.7571428571429,10.1,11.7,76.8020408163265,18.15,274.9375,57.4,5.4,32.945,35.58984375,69.8,53.1444444444445,64.65,68.6,206.5,37.1,8.86946188340807,97.7571428571429,65.52,24.1983333333333,20.6027777777778,83.6,269.818181818182,312.3125,18.0333333333333,77.85,39.5666666666667,13.55,32.25,10.9508928571429,17.3326923076923,17.1992,,222.5,16.165,23.2,9.81,26.4083333333333,8.207,9.88,19.45,15.4576923076923,52.9704545454545,46.7825396825397,8.56211267605634,19.6077922077922,12.708,22.4075757575758,12.1088235294118,7.2902,10.1703703703704,17.4467576791809,15.325,209.5,57.9,2535.0,31.52,117.0,56.1888888888889,100.25,61.2,15.353125,67.6,65.9,9.85714285714285,36.7,98.6143835616438,10.9,32.1973684210526,23.4,67.225,40.1479166666667,83.6272727272727,,93.5333333333334,152.5,35.75,56.84,13.8173076923077,3.71,90.7095238095238,69.2833333333333,90.8,86.9817757009346,476.0,328.0,335.0,348.0,136.0,76.0,203.5,,45.03125,177.0,181.875,99.35,228.0,36.2467741935484,74.8,73.6,40.4785714285714
33.3977272727273,30.0,54.2769230769231,77.2,72.9142857142857,59.9,8.03085714285714,37.79375,69.8142857142857,27.7,30.325,412.916666666667,201.931034482759,26.0071428571429,126.25,148.0,7.30307692307692,27.55,30.75,40.8958333333333,112.5,51.12,11.65,11.25,18.88125,38.1,159.5,394.5,20.4,56.8904761904762,52.4,31.65,21.5027272727273,345.0,263.5,386.25,32.75,11.5612781954887,159.852941176471,35.5454545454545,21.85,82.8922330097087,18.8,43.3642857142857,50.5,135.347457627119,4.42869565217391,7.37625,26.7147058823529,31.75,10.05,11.725,76.75,18.15,275.071428571429,57.5,5.39923076923077,32.975,35.578947368421,69.8,53.125,64.6,68.6375,206.5,37.2,8.865,97.7916666666666,65.6214285714286,24.2086419753086,20.625,83.6,269.666666666667,312.5,18.0,77.8666666666667,39.59375,13.6,32.25,10.9161016949153,17.34,17.2,,222.5,16.1666666666667,23.2,9.81,26.425,8.207,9.88,19.45,15.45,52.9717948717949,46.791,8.56,19.64375,12.7472222222222,22.4458333333333,12.14,7.29,10.2,17.4125,15.35,209.5,57.9,2540.0,31.52,117.25,56.2,100.166666666667,61.2705882352941,15.38,67.6571428571429,65.9,9.85922222222222,36.7,98.1683083511777,10.9,32.1875,23.4,67.3,40.1758064516129,83.636,,93.5666666666667,152.5,35.75,56.8,13.8444444444444,3.72,90.8,69.25,90.7272727272727,87.3612781954887,476.0,328.0,335.0,348.0,136.0,76.0,203.5,,45.0866666666667,177.5,181.875,99.35,228.0,36.2916666666667,74.8,73.6,40.45
33.35,30.0008771929825,54.3,77.1,72.9,59.94,8.02,37.8,69.9,27.7375,30.325,412.5,201.538461538462,26.0,126.5,148.0,7.30727272727273,27.55,30.7,40.9,112.5,51.208,11.7,11.25,18.8607142857143,38.1,159.5,394.75,20.4,56.8857142857143,52.4,31.65,21.52,345.0,263.5,386.25,32.75,11.55,159.909090909091,35.51,21.8481818181818,82.8807692307692,18.8,43.4,50.5,135.283333333333,4.41833333333333,7.37882352941176,26.6975609756098,31.75,10.05,11.7,76.8,18.15,275.071428571429,57.5,5.39923076923077,32.9275,35.575,69.8,53.1625,64.56,68.64,206.5,37.05,8.86869565217391,97.7909090909091,65.7,24.1972222222222,20.625,83.6,270.0,312.5,18.01,77.8166666666667,39.575,13.6,32.2115384615385,10.95,17.3125,17.2,,222.5,16.15,23.2,9.81,26.406,8.21,9.88,19.45,15.45,52.95,46.7926470588235,8.556,19.61875,12.75,22.4464285714286,12.1166666666667,7.29,10.2,17.4293103448276,15.306,210.0,57.91,2540.0,31.52,117.3,56.2,100.416666666667,61.2,15.35,67.6,65.9,9.85840579710145,36.6,97.8089552238806,10.9,32.2,23.4,67.2142857142857,40.2,83.65,,93.6,152.5,35.75,56.8,13.85,3.71,90.8,69.2833333333333,90.8,87.574025974026,476.0,328.0,335.0,347.5,136.0,76.0,203.5,,45.0944444444445,177.5,181.5,99.4,228.0,36.34375,74.8,73.6,40.4538461538462
33.4,30.0214285714286,54.2738095238095,77.1,72.9,59.9846153846154,8.03,37.7771428571429,69.775,27.709375,30.3,412.210526315789,201.5,26.0,126.5,148.0,7.306875,27.55,30.7,40.9,112.5,51.3148148148148,11.69375,11.3,18.872,38.1,159.5,395.0,20.35,56.8076923076923,52.4,31.65,21.5,345.0,263.5,386.5,32.8,11.55,160.0,35.55,21.8481818181818,82.8906976744186,18.8468468468469,43.353125,50.5,135.367924528302,4.42857142857143,7.38,26.65,31.7583333333333,10.05,11.7384615384615,76.7944444444444,18.15,275.5,57.5,5.39923076923077,32.9,35.6,69.8,53.16,64.6,68.6,207.0,37.2,8.86636363636364,97.7846153846154,65.6,24.1875,20.6,83.6,270.423076923077,312.333333333333,18.0083333333333,77.8,39.5875,13.6,32.2,10.95,17.3142857142857,17.19765625,,222.5,16.15,23.2,9.81,26.4,8.21,9.87,19.45,15.4666666666667,52.95,46.7943396226415,8.5575,19.6085714285714,12.7458333333333,22.42,12.14375,7.29472440944882,10.2,17.4192307692308,15.3,209.5,57.91,2540.0,31.55,117.441176470588,56.3833333333333,100.5,61.2333333333333,15.38125,67.6166666666667,65.8666666666667,9.85831168831169,36.6,98.1244897959184,10.9,32.2,23.4,67.2875,40.2,83.6533333333333,,93.57,152.5,35.75,56.8375,13.8476744186047,3.72,90.8,69.3,90.7266666666667,87.2642857142857,476.0,328.0,335.0,347.5,136.0,76.025,203.5,,45.0944444444445,177.0,182.0,99.3333333333333,228.0,36.34375,74.7666666666667,73.6,40.5
33.35625,30.0041666666667,54.2645833333333,77.0,72.9310344827586,59.9111111111111,8.03,37.8020833333333,69.75,27.7042372881356,30.3,411.044642857143,201.583333333333,26.0,126.5,147.75,7.31,27.55,30.7,40.9,113.0,51.2702702702703,11.6666666666667,11.3,18.8622222222222,38.1,159.0,395.0,20.3625,56.8,52.4,31.6166666666667,21.5071428571429,345.0,263.5,386.5,32.7958333333333,11.5528,159.92,35.5022727272727,21.8333333333333,82.8495238095238,18.84140625,43.3642857142857,50.5,135.316176470588,4.42857142857143,7.38,26.6766666666667,31.75,10.05,11.7,76.78,18.1555555555556,275.3,57.4,5.39923076923077,32.85,35.6555555555556,69.8,53.1105263157895,64.7,68.7,206.833333333333,37.15,8.86058479532164,97.7428571428571,65.6,24.15,20.6,83.5,270.152777777778,312.0,18.0,77.8,39.6,13.6,32.1886363636364,10.937037037037,17.3033333333333,17.1965753424658,,222.0,16.15,23.2,9.81,26.4055555555555,8.20971153846154,9.8603125,19.45,15.45,52.9262295081967,46.7704545454545,8.55163265306123,19.6052631578947,12.7230769230769,22.4390804597701,12.115625,7.29,10.1813559322034,17.4125,15.3016129032258,209.944444444444,57.9,2540.0,31.5,117.54347826087,56.3285714285714,100.0,61.275,15.375,67.6,65.8666666666667,9.85723684210526,36.6,98.1336283185841,10.9,32.16,23.4,67.2090909090909,40.2123287671233,83.6379310344827,,93.6,152.5,35.75,56.8,13.8260869565217,3.73,90.8,69.3,90.8,87.2617647058824,476.0,328.0,335.0,347.5,136.0,76.0,203.5,,45.0769230769231,177.0,182.0,99.3333333333333,228.5,36.3435483870968,74.7,73.6,40.4969696969697
33.35,30.0083333333333,54.2038961038961,77.0,72.9,59.9157894736842,8.02006329113924,37.8824786324786,69.6090909090909,27.7,30.31875,409.791208791209,201.5,26.0,126.548780487805,147.152173913043,7.30538461538462,27.55,30.7,40.92,113.0,51.295,11.675,11.3,18.8514705882353,38.1,159.125,395.0,20.3833333333333,56.7777777777778,52.425,31.625,21.54,345.0,263.5,386.5,32.7611111111111,11.55,159.833333333333,35.5136363636364,21.825,82.8126050420168,18.8291666666667,43.3590909090909,50.5,135.327380952381,4.42,7.39,26.6884615384615,31.75,10.1,11.7,76.7714285714286,18.1785714285714,275.0,57.4909090909091,5.39,32.85,35.7,69.7,53.1230769230769,64.6,68.62,206.5,37.15,8.85262711864407,97.6833333333333,65.6,24.1511111111111,20.6,83.5,269.664179104478,312.0,18.0,77.8,39.63,13.5777777777778,32.16,10.9616279069767,17.3283018867925,17.2,,221.5,16.1076923076923,23.2,9.81,26.4,8.21,9.86777777777777,19.45,15.4521739130435,52.9387755102041,46.7855555555556,8.55511627906977,19.605,12.7181818181818,22.4078431372549,12.125,7.29406504065041,10.1775510204082,17.4157534246575,15.302,209.9,57.8888888888889,2540.0,31.5,117.5,56.33125,100.166666666667,61.2,15.35,67.6,65.8666666666667,9.85363636363636,36.6,97.8954954954955,10.91875,32.1566666666667,23.45,67.2869565217391,40.2458333333333,83.6,,93.51,152.5,35.75,56.8666666666667,13.8268292682927,3.73,90.7166666666666,69.2791666666667,90.7571428571429,87.1630434782609,476.0,328.0,335.0,347.5,135.75,76.0117647058824,203.5,,45.0722222222222,177.166666666667,182.0,99.35,228.0,36.3833333333333,74.7,73.6,40.5
33.35,30.04125,54.1272727272727,77.0857142857143,72.9,59.9352941176471,8.02,37.9551546391753,69.6272727272727,27.7,30.3458333333333,409.15,201.071428571429,26.0,127.0,145.333333333333,7.30555555555555,27.5571428571429,30.75,40.9,112.625,51.2142857142857,11.65,11.3,18.8568493150685,38.1,159.125,395.0,20.3625,56.7,52.425,31.6,21.4625,345.0,263.5,386.5,32.75,11.55,159.6,35.5227272727273,21.825,82.8440677966102,18.81,43.3444444444445,50.5,135.361538461538,4.42,7.39,26.6618644067797,31.75,10.1,11.7055555555556,76.7888888888889,18.15,275.25,57.4666666666667,5.39,32.875,35.7118421052632,69.7,53.1583333333333,64.5666666666667,68.6,206.5,37.015625,8.85333333333334,97.7647058823529,65.5,24.1107142857143,20.63,83.5,268.816326530612,312.269230769231,18.0125,77.7,39.6285714285714,13.55,32.1666666666667,10.9823529411765,17.3372093023256,17.2036231884058,,221.5,16.1133333333333,23.2,9.81,26.4,8.21,9.87,19.4045454545455,15.45,52.8754716981132,46.7557065217391,8.55048780487805,19.606,12.7138888888889,22.4115384615385,12.102380952381,7.29024390243903,10.1911764705882,17.4125,15.3055555555556,209.5,57.85,2532.5,31.5,117.4,56.4,100.0,61.2,15.375,67.6,65.8666666666667,9.84314516129032,36.6,97.4993710691824,10.9,32.12,23.4,67.29,40.25,83.6454545454546,,93.4941176470588,152.5,35.7666666666667,56.8333333333333,13.8,3.73,90.7052631578948,69.2461538461538,90.8,87.125,476.0,328.0,335.0,347.0,135.75,75.9041666666667,203.25,,45.0785714285714,177.166666666667,182.0,99.3,228.0,36.35,74.7,73.6,40.4958333333333
33.3777777777778,30.0,54.1,77.05625,72.96,59.925,8.01955555555556,37.9585365853659,69.7,27.74375,30.3458333333333,409.909090909091,201.111111111111,26.0333333333333,126.714285714286,144.607142857143,7.30666666666667,27.5857142857143,30.75,40.9,113.0,51.1583333333333,11.694375,11.25,18.87,38.1,159.0,395.0,20.3625,56.8,52.425,31.6,21.5,345.0,263.5,386.5,32.75,11.55,159.986111111111,35.5111111111111,21.8,82.8510638297872,18.81,43.3083333333333,50.5,135.215517241379,4.42,7.39,26.5264705882353,31.75,10.05,11.7375,76.7944444444444,18.15,275.25,57.4666666666667,5.39428571428572,32.9,35.6954545454545,69.6,53.1108108108108,64.6521739130435,68.65,206.5,37.15,8.85991596638656,97.7904761904762,65.5,24.0996815286624,20.6,83.4857142857143,268.583333333333,312.333333333333,18.0125,77.6666666666667,39.6125,13.55,32.1666666666667,10.9828125,17.3107142857143,17.25,,221.5,16.125,23.2,9.81,26.4,8.21,9.87,19.4045454545455,15.45,52.8895833333333,46.7939655172414,8.5595,19.6333333333333,12.752442159383,22.4466666666667,12.1333333333333,7.29618556701031,10.1989583333333,17.4496894409938,15.3291666666667,209.5,57.9,2531.0,31.5125,117.0,56.38,100.115384615385,61.2,15.3666666666667,67.6,65.85,9.83553191489362,36.6,97.1080882352941,10.85,32.12,23.4,67.3,40.2210526315789,83.6923076923077,,93.4941176470588,152.5,35.7666666666667,56.8,13.8166666666667,3.73,90.61,69.2692307692308,90.8,87.1705882352941,475.0,328.0,334.5,346.777777777778,135.666666666667,75.9,203.0,,45.1,177.166666666667,182.333333333333,99.3,228.0,36.45,74.7,73.6,40.5
33.35,30.00625,54.0891891891892,77.04,72.9,59.9935779816514,8.01857142857143,37.9,69.62,27.7166666666667,30.35,409.4375,201.0,25.9875,126.5,145.0,7.31263157894737,27.5928571428571,30.74,40.9,113.0,51.1,11.6933333333333,11.25,18.8865853658537,38.1,159.0,395.5,20.38,56.78,52.425,31.625,21.45,345.25,263.5,386.5,32.7785714285714,11.55,160.0,35.53,21.8,82.825,18.8261904761905,43.3403846153846,50.5,135.190476190476,4.41,7.4,26.5211111111111,31.75,10.05,11.71875,76.8,18.15,275.0,57.5,5.38659574468085,32.875,35.656862745098,69.6,53.1142857142857,64.6,68.675,206.5,37.15,8.86486486486486,97.77,65.5,24.0558333333333,20.625,83.4833333333333,268.5,312.166666666667,18.0125,77.5888888888889,39.6,13.55,32.1666666666667,10.9916666666667,17.3763157894737,17.2096428571429,,221.5,16.1166666666667,23.2,9.81,26.4,8.21,9.87,19.3760869565217,15.4538461538462,52.8895833333333,46.7833333333333,8.55090909090909,19.6373015873016,12.7826086956522,22.425,12.1125,7.2931746031746,10.2023809523809,17.4270833333333,15.3166666666667,209.5,57.8,2530.0,31.5,117.166666666667,56.35,100.3,61.2,15.3583333333333,67.5,65.85,9.83864285714286,36.6,97.0286908077994,10.85,32.1166666666667,23.4,67.26,40.2111111111111,83.6583333333333,,93.5,152.5,35.75,56.8333333333333,13.81,3.72,90.65,69.28,90.8,87.0434782608696,473.333333333333,328.0,334.5,347.0,135.75,75.9,203.0,,45.0818181818182,177.5,182.5,99.3,228.0,36.4166666666667,74.775,73.6,40.4988372093023
33.3666666666667,30.0071428571429,54.1,77.1,72.9,59.9333333333333,8.01857142857143,37.9,69.69,27.725,30.35,409.3125,201.357142857143,26.0,126.5,145.5,7.30789473684211,27.6,30.74,40.9,113.0,51.1166666666667,11.7,11.25,18.8957264957265,38.1,159.0,395.5,20.4,56.7904761904762,52.3,31.625,21.45,345.25,263.5,385.0,32.7785714285714,11.55,160.0,35.55,21.85,82.8526315789474,18.8090909090909,43.3423076923077,50.5,135.278571428571,4.41,7.39454545454545,26.6333333333333,31.7714285714286,10.1,11.7375,76.8761904761905,18.15,275.0,57.5,5.38,32.875,35.652380952381,69.6,53.1857142857143,64.56,68.6666666666667,206.5,37.05,8.8608064516129,97.7625,65.4,24.0553571428571,20.6,83.4833333333333,268.875,311.970588235294,18.0125,77.51,39.6,13.5981481481481,32.15,10.9605555555556,17.45,17.2,,221.5,16.125,23.2,9.81,26.4,8.21,9.87,19.35,15.45,52.8980392156863,46.7512738853503,8.55666666666667,19.6428571428571,12.7583333333333,22.4375,12.12,7.29217391304348,10.23,17.4428571428571,15.314,209.5,57.8,2530.0,31.5142857142857,117.25,56.375,100.25,61.2,15.35,67.5,65.9,9.82157495256167,36.6,97.0649350649351,10.85,32.1166666666667,23.4,67.2,40.2,83.6769230769231,,93.55,152.666666666667,35.75,56.8166666666667,13.8333333333333,3.72,90.6333333333333,69.2875,90.7764705882353,86.955223880597,473.0,327.0,334.5,347.0,135.5,75.9,203.0,,45.0973684210526,177.5,182.25,99.3,228.0,36.425,74.8,73.6,40.4875
33.4045,30.0035714285714,54.0969696969697,77.0,72.9,59.975,8.0175,37.8395833333333,69.64,27.7033333333333,30.3,409.0,201.0,25.95,126.5,145.5,7.31416666666667,27.6,30.74,40.95,112.625,51.1454545454545,11.7,11.25,18.8988372093023,38.1,159.0,395.5,20.4058823529412,56.8,52.3,31.65,21.40078125,345.0,263.5,385.0,32.75,11.53756432247,159.95,35.525,21.825,82.8682926829268,18.82,43.35,50.5,135.279761904762,4.42,7.4,26.6241379310345,31.75,10.05,11.745,76.975,18.15,275.5,57.5,5.39052631578947,32.8875,35.640625,69.5769230769231,53.1210526315789,64.55,68.6333333333333,206.5,37.0333333333333,8.86253521126761,97.7857142857143,65.4,24.05,20.6,83.4,268.875,311.5,18.0125,77.5913043478261,39.6,13.6,32.1833333333333,10.95,17.4975,17.2004587155963,,221.5,16.1428571428571,23.2,9.80857142857143,26.4125,8.21,9.87,19.35,15.45,52.898,46.7271084337349,8.55028571428572,19.6,12.775,22.4409090909091,12.1142857142857,7.29,10.2,17.4294117647059,15.3,209.916666666667,57.8,2530.0,31.5142857142857,117.333333333333,56.4,100.25,61.2,15.4,67.5,65.9,9.84761904761905,36.6,97.1454545454545,10.8647058823529,32.1166666666667,23.4214285714286,67.3,40.2359375,83.645,,93.55,152.5,35.75,56.8666666666667,13.8333333333333,3.72,90.7,69.2214285714286,90.78,86.7535714285714,473.0,327.0,334.5,346.5,135.5,75.925,203.0,,45.1111111111111,177.0,182.25,99.3,228.0,36.425,74.8,73.6,40.5
33.45,30.01,54.1,77.05,72.9133333333333,59.9857142857143,8.01852459016393,37.8704081632653,69.6411764705882,27.7458333333333,30.3,408.375,202.927272727273,25.9833333333333,126.5,145.5,7.30333333333333,27.6,30.74,40.9,113.0,51.2,11.7,11.25,18.89,38.1,159.0,395.0,20.4625,56.7555555555556,52.4,31.65,21.4038461538461,345.0,263.5,385.0,32.8166666666667,11.5062913907285,160.0,35.5423076923077,21.802380952381,82.8880281690141,18.83125,43.35,50.5,135.125,4.42,7.39,26.6326923076923,31.75,10.1,11.7,76.96,18.1413793103448,275.25,57.4,5.37,32.8625,35.6458333333333,69.5,53.12,64.5,68.6333333333333,206.5,37.05,8.869,97.7928571428571,65.4,24.0625,20.609375,83.4,268.5,311.5,18.0125,77.5913043478261,39.6,13.6,32.175,10.933,17.4666666666667,17.1975369458128,,222.0,16.1458333333333,23.2083333333333,9.80055555555556,26.44,8.21,9.87,19.35,15.45,52.8878048780488,46.7085714285714,8.553,19.6230769230769,12.7777777777778,22.4392857142857,12.15,7.29029585798816,10.2375,17.403125,15.325,210.0,57.8666666666667,2530.0,31.5,117.5,56.4,100.3,61.24,15.3727272727273,67.5,65.9,9.84521739130435,36.6,97.2298245614035,10.85,32.13,23.45,67.25,40.2625,83.66875,,93.6,152.5,35.7,56.8,13.8428571428571,3.71027932960894,90.7,69.3,90.7352941176471,86.8,473.0,327.0,334.5,346.125,135.5,75.9,203.0,,45.15,177.0,182.5,99.25,228.0,36.4,74.8,73.6,40.4954545454545
33.48,30.0053571428571,54.0969696969697,77.0,72.9,59.9125,8.02,37.8357142857143,69.68,27.71875,30.3,408.181818181818,202.5,25.95,126.5,145.833333333333,7.29916666666667,27.6,30.74,40.9,113.25,51.2777777777778,11.75,11.25,18.8892857142857,38.1,159.0,395.0,20.4444444444444,56.8428571428571,52.4,31.6375,21.4088235294118,345.0,263.5,385.0,32.75,11.504347826087,160.0,35.5,21.8444444444445,82.8523809523809,18.85,43.3475,50.5,135.274509803922,4.415,7.39,26.6033333333333,31.75,10.05,11.7055555555556,76.9,18.1,275.0,57.4,5.37,32.8625,35.65,69.5,53.1642857142857,64.6,68.6,206.5,37.05,8.86365853658537,97.7882352941176,65.4,24.0772727272727,20.609375,83.4,268.5,311.666666666667,18.0022727272727,77.6333333333333,39.6,13.6,32.1947368421053,10.941875,17.4631578947368,17.1993188010899,,222.0,16.1519230769231,23.2083333333333,9.80055555555556,26.4,8.21,9.87,19.35,15.4578947368421,52.919801980198,46.6528571428571,8.55645161290323,19.6240740740741,12.75,22.4285714285714,12.1,7.29,10.21,17.409375,15.3,210.0,57.9,2530.0,31.5,117.375,56.3916666666667,100.375,61.2555555555555,15.3772727272727,67.5,65.9,9.84588235294118,36.6,97.3145454545455,10.86,32.11875,23.45,67.2222222222222,40.2951923076923,83.7035714285714,,93.6,152.5,35.7,56.8,13.8,3.71,90.6375,69.13125,90.8,86.895,473.5,327.25,334.0,346.0,136.0,75.8058823529412,203.5,,45.1394736842105,177.0,182.5,99.25,228.0,36.4,74.8,73.6,40.4933333333333
33.5,30.0357142857143,54.1,77.025,72.95,59.98,8.01645161290323,37.85,69.6833333333333,27.7066666666667,30.3,408.666666666667,202.7,25.95,126.25,146.5,7.31,27.5555555555556,30.8,40.925,113.0,51.3047619047619,11.7444444444444,11.25,18.8863636363636,38.1,159.021739130435,395.0,20.5,56.8571428571428,52.4,31.65,21.43,345.5,263.5,385.0,32.75,11.5159663865546,160.0,35.5384615384615,21.8,82.85,18.8461538461538,43.3583333333333,50.44,135.216216216216,4.41938461538462,7.39,26.55,31.75,10.1,11.7,76.9916666666667,18.1,275.333333333333,57.425,5.37333333333333,32.85,35.6028571428571,69.5,53.125,64.575,68.6833333333333,207.0,37.1,8.86931034482759,97.8,65.3,24.0590909090909,20.65,83.3,269.0,311.666666666667,18.0,77.647619047619,39.6,13.6,32.2107142857143,10.9621951219512,17.4403846153846,17.1884057971014,,222.0,16.2,23.2,9.80055555555556,26.4083333333333,8.21,9.87,19.4,15.46,52.9196428571428,46.630487804878,8.555,19.6277777777778,12.75,22.4384615384615,12.1354166666667,7.29,10.23,17.441935483871,15.3029411764706,210.0,57.9,2530.0,31.5208333333333,117.166666666667,56.4333333333333,100.166666666667,61.2714285714286,15.35,67.5,65.9,9.84,36.6,97.504081632653,10.86,32.1,23.425,67.2222222222222,40.34375,83.7681818181818,,93.6,153.0,35.7,56.5333333333333,13.8166666666667,3.71,90.6166666666667,69.1066666666667,90.8,86.775,473.5,327.5,334.0,346.0,136.0,75.75,203.5,,45.19375,177.0,182.75,99.3,228.0,36.45,74.7,73.6,40.5392857142857
33.47,30.0055555555556,54.1688888888889,77.0,72.9,59.9,8.02,37.8533333333333,69.7,27.71875,30.3,408.892857142857,202.363636363636,25.9875,126.5,146.5,7.31,27.5642857142857,30.8,40.925,113.0,51.4,11.7466666666667,11.25,18.8861111111111,38.1,159.0,395.0,20.5,56.88,52.4,31.65,21.4333333333333,345.0,263.5,385.0,32.75,11.5145299145299,160.047945205479,35.5423076923077,21.8,82.8543859649123,18.85,43.3583333333333,50.44,135.376470588235,4.41938461538462,7.4,26.6,31.75,10.1,11.7166666666667,76.98,18.1,275.5,57.425,5.38,32.85,35.5307692307692,69.5071428571429,53.1363636363636,64.6,68.62,206.5,37.1447368421053,8.86324324324324,97.8777777777778,65.4,24.0722222222222,20.65,83.3,269.109375,311.5,18.0,77.66,39.6333333333333,13.6,32.25,11.0,17.4045454545454,17.2362068965517,,222.166666666667,16.15,23.2,9.81,26.4,8.21,9.87,19.4,15.45,52.9686274509804,46.65,8.5525,19.625,12.7690476190476,22.4352941176471,12.1,7.29083333333333,10.25,17.4125,15.3486486486486,210.0,57.8888888888889,2530.0,31.5208333333333,117.166666666667,56.4863636363636,100.375,61.2333333333333,15.3583333333333,67.5,65.9,9.8472972972973,36.6,97.7476635514019,10.9,32.1125,23.45,67.2125,40.3703703703704,83.7583333333333,,93.5666666666667,152.5,35.7,56.4055555555555,13.8192307692308,3.7095652173913,90.6333333333333,69.1454545454546,90.8,86.8090909090909,473.0,327.5,334.0,346.0,136.0,75.7333333333333,203.5,,45.2,177.0,182.75,99.2,228.0,36.45,74.8,73.6,40.546835443038
33.45,30.0047169811321,54.196875,77.0333333333333,72.9,59.92,8.02228571428571,37.81,69.6333333333333,27.7,30.35,408.5,202.083333333333,25.95,126.5,146.333333333333,7.30476190476191,27.6,30.8,40.9,113.0,51.3736842105263,11.7,11.25,18.8733333333333,38.1,158.5,395.0,20.5,56.9,52.4,31.65,21.405,345.0,263.5,385.0,32.77,11.5216374269006,159.984375,35.5136363636364,21.8,82.8944,18.85,43.38,50.44,135.05,4.42,7.4,26.6288461538462,31.75,10.0516129032258,11.7008130081301,76.9769230769231,18.1,275.25,57.5,5.38,32.875,35.4590909090909,69.5,53.14375,64.52,68.65,206.5,37.1447368421053,8.86923076923077,97.8277777777778,65.35,24.0666666666667,20.6,83.3,269.5,311.475609756098,18.0,77.7,39.6478260869565,13.6,32.24375,10.9913333333333,17.4,17.2430555555556,,222.5,16.1666666666667,23.2,9.81,26.4277777777778,8.21,9.88230769230769,19.4,15.46,52.9603773584906,46.6480769230769,8.55409090909091,19.6397727272727,12.75,22.4263157894737,12.1305555555556,7.29545454545454,10.2153846153846,17.4390243902439,15.3125,209.954545454545,57.8333333333333,2530.0,31.5,117.5,56.5,100.25,61.2,15.35,67.5,65.9,9.84297297297297,36.6,97.6677419354839,10.85,32.1166666666667,23.45,67.25,40.4439024390244,83.7054054054054,,93.6,152.5,35.7,56.54,13.8433333333333,3.71,90.7,69.18,90.8,86.7,472.5,327.5,334.0,346.0,136.0,75.7928571428571,203.5,,45.1888888888889,177.5,182.666666666667,99.2,227.5,36.45,74.8,73.6,40.55
33.45,30.0,54.2109589041096,77.05,72.925,60.0,8.02,37.806,69.6916666666667,27.74,30.325,409.55,202.0,26.0,126.5,146.375,7.2964,27.6,30.75,40.9,113.0,51.3882352941176,11.75,11.25,18.8934782608696,38.1,159.0,395.0,20.45,56.93,52.4,31.6333333333333,21.4375,345.0,263.5,385.0,32.75,11.5057312252964,160.0,35.53125,21.8,82.8945736434109,18.85,43.3583333333333,50.3,135.104651162791,4.42,7.39,26.5132478632479,31.7971698113208,10.0516129032258,11.705,76.9,18.1,275.166666666667,57.5,5.38,32.875,35.4975,69.55,53.12,64.55,68.64,206.5,37.1666666666667,8.87111111111111,97.88,65.3142857142857,24.0911764705882,20.6166666666667,83.3,269.333333333333,311.1,18.0,77.7,39.6,13.6,32.25,11.0,17.4,17.2472972972973,,222.75,16.15,23.1666666666667,9.8,26.4166666666667,8.22,9.880625,19.4,15.4785714285714,53.0,46.6798611111111,8.55583333333333,19.6027777777778,12.75,22.4357142857143,12.128125,7.29135802469136,10.2166666666667,17.4338709677419,15.3026315789474,209.5,57.8333333333333,2530.0,31.5,117.5,56.5,100.5,61.2,15.35,67.5,65.9,9.84795698924731,36.6,97.3660377358491,10.8625,32.1166666666667,23.4428571428571,67.2285714285714,40.484375,83.775,,93.6,152.833333333333,35.7,56.6,13.8333333333333,3.70878787878788,90.7,69.18,90.7411764705882,86.8136363636364,472.666666666667,327.5,334.0,345.875,135.5,75.8,203.5,,45.2,177.5,183.0,99.3,227.5,36.4,74.8,73.5,40.5076271186441
33.4884615384615,30.0025,54.3,77.05,72.9,59.9545454545455,8.02,37.7571428571429,69.6714285714286,27.735,30.3,410.4,202.0,25.975,126.5,146.5,7.3,27.55,30.75,40.9,113.0,51.2571428571429,11.75,11.25,18.884,38.1,158.5,395.0,20.45,57.0,52.4,31.6333333333333,21.4166666666667,345.0,263.5,385.0,32.75,11.5166666666667,159.95,35.5,21.7514285714286,82.9,18.85,43.4,50.3,135.133720930233,4.42,7.4,26.4962962962963,31.7978260869565,10.05,11.7,76.9125,18.1,275.5,57.4,5.38,32.89,35.49,69.5,53.175,64.55,68.5923076923077,206.5,37.1666666666667,8.85582914572864,97.9,65.3,24.096,20.6227272727273,83.3,269.333333333333,311.125,18.0,77.7,39.6416666666667,13.6,32.25,10.9990740740741,17.4,17.25,,222.75,16.1958333333333,23.1666666666667,9.8,26.4227272727273,8.2195,9.89,19.35,15.45,53.0,46.7129032258065,8.5528,19.6439024390244,12.78125,22.4333333333333,12.1,7.29,10.24,17.4343137254902,15.3285714285714,209.5,57.875,2520.0,31.55,117.75,56.4954545454545,100.416666666667,61.2,15.35,67.6,65.8666666666667,9.83671052631579,36.6,97.1495495495495,10.85,32.1333333333333,23.45,67.2833333333333,40.475,83.7739130434783,,93.5777777777778,152.5,35.7,56.7,13.85,3.71106666666667,90.6117647058824,69.2,90.7636363636364,86.8764705882353,472.666666666667,327.5,334.0,345.5,135.666666666667,75.7333333333333,203.5,,45.185,177.5,182.5,99.2,227.5,36.35,74.8,73.6,40.5
33.48,30.0016666666667,54.3,77.0888888888889,72.9571428571429,59.9333333333333,8.02,37.7304347826087,69.685,27.75,30.30625,411.0,202.0,25.95,126.46875,146.0,7.29307692307692,27.55,30.75,40.9,113.0,51.2923076923077,11.7318181818182,11.25,18.8857142857143,38.1,159.0,395.0,20.45,56.93125,52.4,31.65,21.415,345.0,263.5,385.0,32.75,11.5100961538462,160.0,35.5277777777778,21.7807692307692,82.89,18.85,43.4,50.3,135.191780821918,4.43,7.4,26.4322580645161,31.798623853211,10.05,11.7472222222222,76.98,18.1066666666667,275.166666666667,57.4,5.38,32.89,35.48125,69.525,53.1375,64.55,68.5357142857143,206.75,37.1666666666667,8.868,97.9,65.3,24.0516949152542,20.6,83.3,269.5,311.45652173913,18.0,77.7,39.6111111111111,13.6,32.2571428571429,10.98625,17.375,17.2470930232558,,221.9375,16.2642105263158,23.15,9.805,26.4454545454545,8.2195,9.89,19.35,15.4625,53.0189781021898,46.7420634920635,8.55272727272727,19.6136363636364,12.771875,22.4547008547009,12.1166666666667,7.28469696969697,10.22,17.4468421052632,15.3,209.5,57.9,2520.0,31.45,117.625,56.5,100.125,61.2,15.35,67.5,65.8666666666667,9.83779661016949,36.6,96.6710069444444,10.85,32.15,23.4,67.3166666666667,40.442,83.8,,93.6,152.5,35.7333333333333,56.74,13.8444444444444,3.71666666666667,90.6222222222222,69.2,90.8,86.9,473.0,327.5,334.0,345.1,136.0,75.78,203.25,,45.1928571428571,177.5,182.5,99.2,227.5,36.3,74.7,73.6,40.4515625
33.5,30.0,54.3,77.1,72.9,59.98,8.02,37.7,69.7,27.75,30.30625,411.25,202.0,26.0,126.6,146.0,7.295,27.5516129032258,30.75,40.9,113.0,51.315,11.75,11.25,18.8925,38.1,159.0,395.0,20.45,56.9333333333333,52.4,31.6,21.43,345.0,263.5,384.0,32.75,11.5074285714286,160.0,35.5423076923077,21.75,82.8954545454546,18.85,43.35,50.3,135.121621621622,4.42,7.38,26.4321917808219,31.85,10.05,11.7,76.9170212765958,18.1,275.5,57.4,5.37,32.9,35.5,69.5,53.1555555555556,64.55,68.54,206.5,37.2,8.86769230769231,97.8875,65.2103448275862,24.0105263157895,20.6,83.3,269.416666666667,311.0,18.0,77.605,39.6333333333333,13.6,32.285,10.9942528735632,17.35,17.2361111111111,,221.9375,16.24,23.15,9.8,26.4029411764706,8.2195,9.89,19.35,15.45,53.0893939393939,46.7407692307692,8.55722222222222,19.625,12.75,22.4933333333333,12.1,7.28,10.2,17.4204545454545,15.34,209.5,57.8,2520.0,31.45,117.5,56.4888888888889,100.5,61.2,15.35,67.5,65.8666666666667,9.846,36.6,96.2875647668394,10.85,32.15,23.45,67.325,40.4266666666667,83.7785714285714,,93.6,152.833333333333,35.6973684210526,56.75,13.84375,3.71,90.7,69.16,90.7,86.9,472.25,327.5,334.0,345.0,136.0,75.8,203.25,,45.15,177.5,182.5,99.3,227.5,36.32,74.7,73.6,40.45
33.45,30.0,54.304347826087,77.1142857142857,72.9,59.9090909090909,8.02,37.7,69.7,27.7476190476191,30.3,411.6,202.071428571429,25.96,127.0,146.0,7.29538461538462,27.55,30.75,40.9,113.0,51.23125,11.75,11.25,18.8817647058824,38.1,158.5,395.0,20.45,56.875,52.4,31.6166666666667,21.4403846153846,345.0,263.5,384.0,32.7127090301003,11.5059829059829,159.625,35.4981927710843,21.75,82.8810606060606,18.85,43.3055555555556,50.3,135.224137931034,4.42,7.39,26.3822033898305,31.83125,10.05,11.7447368421053,76.825,18.1,275.25,57.4,5.37,32.975,35.5229166666667,69.5733333333333,53.1,64.55,68.54,206.5,37.18,8.86675,97.8666666666667,65.3,24.0471698113207,20.6,83.3,269.0,311.166666666667,18.0,77.51,39.6,13.6,32.2821428571429,10.9787878787879,17.3571428571429,17.2051401869159,,222.5,16.15,23.15,9.8,26.4266666666667,8.21,9.89,19.35,15.45,53.0803921568627,46.7421052631579,8.55674418604651,19.6192307692308,12.75,22.4536764705882,12.1,7.28,10.2,17.4104166666667,15.325,209.5,57.8,2520.0,31.45,117.833333333333,56.4923076923077,100.3125,61.2,15.3942307692308,67.6,65.8666666666667,9.84222222222222,36.6,96.0529304029304,10.8642857142857,32.1,23.4,67.295,40.4021739130435,83.7470588235294,,93.5166666666667,153.0,35.6973684210526,56.7,13.8260869565217,3.71,90.60625,69.1571428571428,90.6454545454545,86.9,472.0,327.5,334.0,345.6,135.5,75.8,203.25,,45.1045454545455,177.0,182.5,99.3,227.5,36.3,74.8,73.6,40.45
33.4785714285714,30.0,54.3464788732394,77.1,72.975,59.9041666666667,8.01071428571429,37.65,69.8285714285714,27.75,30.3,412.25,202.46,25.9534482758621,126.666666666667,145.833333333333,7.29833333333333,27.5041666666667,30.75,40.925,113.0,51.2086956521739,11.7,11.25,18.899375,38.1,158.75,395.0,20.45,56.8777777777778,52.4166666666667,31.65,21.4363636363636,345.0,263.5,384.0,32.5757009345794,11.5031914893617,159.75,35.4907407407407,21.7833333333333,82.8722222222222,18.8823529411765,43.3166666666667,50.3,135.01137487636,4.42,7.38,26.35,31.8,10.0583333333333,11.7235294117647,76.86,18.1,275.0,57.4,5.37957547169811,32.975,35.5666666666667,69.5971014492754,53.1233333333333,64.5,68.5666666666667,206.454545454545,37.1875,8.85973214285714,97.8785714285714,65.16,24.05,20.6,83.3,269.0,311.0,18.0,77.4518518518519,39.6,13.6,32.3,10.9692307692308,17.3685714285714,17.2269230769231,,222.5,16.22,23.1583333333333,9.8,26.3960648148148,8.2125,9.89,19.4,15.4625,53.1476744186047,46.7651898734177,8.55432432432432,19.6108108108108,12.75,22.453125,12.1,7.28,10.2194444444444,17.403,15.330303030303,209.5,57.7,2520.0,31.45,117.714285714286,56.5,100.166666666667,61.2,15.35,67.4909090909091,65.8,9.84206896551724,36.6,95.5375,10.85,32.12,23.4,67.2461538461538,40.3904761904762,83.7923076923077,,93.575,153.0,35.6363636363636,56.71,13.8321428571429,3.71018181818182,90.62,69.1857142857143,90.6357142857143,86.925,471.5,327.5,334.0,345.6,135.511363636364,75.9,203.0,,45.1,177.166666666667,182.5,99.15,227.5,36.3055555555556,74.7,73.6,40.45
33.45,30.0009259259259,54.3857142857143,77.0833333333333,72.90625,59.9027027027027,8.01071428571429,37.65,69.7214285714286,27.74,30.3,413.25,202.555555555556,25.9714285714286,126.857142857143,144.804347826087,7.29571428571429,27.5,30.75,40.9,113.0,51.1619047619048,11.7,11.25,18.8565573770492,38.1,158.5,395.0,20.45,56.8166666666667,52.4166666666667,31.6166666666667,21.445,345.0,263.5,384.0,32.4936090225564,11.5,159.833333333333,35.4666666666667,21.75,82.8280898876405,18.85,43.3,50.3,135.042105263158,4.41980392156863,7.38,26.3678082191781,31.8,10.0583333333333,11.71875,76.8,18.1138888888889,275.125,57.4,5.3746511627907,32.9428571428571,35.5921875,69.64,53.1263157894737,64.5,68.525,206.0,37.2,8.85508196721312,97.8565217391304,65.1,24.0969387755102,20.6384615384615,83.2,269.0,311.2,17.95,77.321875,39.6,13.6,32.3021739130435,10.9857142857143,17.3734042553191,17.240243902439,,222.0,16.1642857142857,23.1,9.8,26.35,8.21,9.89,19.4,15.45,53.1637931034483,46.7657534246575,8.55101694915254,19.6157142857143,12.75,22.4130136986301,12.1,7.28,10.2012195121951,17.4343333333333,15.3013888888889,209.5,57.7,2520.0,31.45,117.5,56.46,100.071428571429,61.2,15.3717391304348,67.4,65.8,9.84565656565657,36.6,95.8116959064328,10.8571428571429,32.11,23.4,67.2125,40.3522727272727,83.7521739130435,,93.5666666666667,152.833333333333,35.6,56.62,13.8,3.71,90.6,69.1183673469388,90.6619047619048,86.9041666666667,471.5,327.666666666667,334.0,345.5,135.5,75.8,203.0,,45.15,177.0,182.5,99.0,227.5,36.2894736842105,74.7,73.6,40.45
33.45,29.9975,54.3730158730159,77.15,72.9666666666667,60.0,8.01666666666667,37.6690476190476,69.84,27.7166666666667,30.3,413.375,202.75,25.9875,126.590909090909,143.4375,7.305,27.5,30.75,40.95,113.0,51.1666666666667,11.75,11.25,18.8857142857143,38.1,158.7,394.5,20.4,56.9,52.4666666666667,31.65,21.4454545454545,345.0,263.5,384.0,32.3,11.5190217391304,159.75,35.4777777777778,21.78,82.83671875,18.85,43.35,50.3,135.092105263158,4.41,7.38,26.3454081632653,31.85,10.05,11.7018518518518,76.84,18.1,275.333333333333,57.4,5.37,32.9428571428571,35.569696969697,69.6,53.1166666666667,64.5,68.525,206.0,37.1357142857143,8.85835051546392,97.89,64.9181818181818,24.095,20.6384615384615,83.3538461538462,269.0,311.416666666667,17.95,77.4,39.6203703703704,13.6,32.35,11.0,17.35,17.25,,222.0,16.2,23.1,9.8,26.3761904761905,8.21,9.89,19.4,15.4625,53.1923076923077,46.7975,8.55878048780488,19.6083333333333,12.7803921568627,22.4769230769231,12.1396551724138,7.28,10.205,17.4447368421053,15.3326086956522,209.5,57.7,2520.0,31.45,117.55,56.45,100.375,61.2,15.3625,67.4,65.8,9.84555555555556,36.6,96.1388888888889,10.8571428571429,32.1,23.4,67.2666666666667,40.35,83.7,,93.525,153.0,35.625,56.6875,13.8076923076923,3.71,90.58,69.1166666666667,90.615,86.8,470.785714285714,327.5,334.0,345.75,135.0,75.8666666666667,203.0,,45.2027777777778,177.0,182.375,99.0,227.5,36.25,74.7,73.6,40.4803921568627
33.45625,29.9854838709677,54.4,77.15,72.92,59.95,8.01476190476191,37.7,69.9,27.7175,30.325,413.625,202.5,26.0,126.8,144.0,7.30833333333333,27.5333333333333,30.7666666666667,40.9,113.0,51.2166666666667,11.7307692307692,11.25,18.859375,38.1,158.5,394.5,20.4125,56.8333333333333,52.4,31.6166666666667,21.415,345.0,263.5,384.0,32.2903846153846,11.5272058823529,159.75,35.4916666666667,21.7564102564103,82.8675675675676,18.8638888888889,43.35,50.3,135.025423728814,4.41909090909091,7.38,26.3736111111111,31.83,10.05,11.7018518518518,76.825,18.09,275.333333333333,57.4,5.38,32.9,35.5607142857143,69.7,53.1470588235294,64.5,68.5818181818182,206.0,37.15,8.85581920903955,97.8928571428571,64.8428571428571,24.0909090909091,20.6,83.3538461538462,269.0,311.5,17.95,77.3916666666667,39.6045454545455,13.6,32.35,10.9951807228916,17.35,17.2480519480519,,222.0,16.1875,23.1,9.8,26.3994117647059,8.21,9.89,19.4,15.45,53.1868421052632,46.798,8.555625,19.6222222222222,12.75,22.49,12.1,7.27487804878049,10.246511627907,17.4125,15.3037037037037,210.0,57.7,2520.0,31.55,117.818181818182,56.5,100.5,61.2636363636364,15.35,67.4,65.8,9.841,36.6,95.9400749063671,10.85,32.1,23.45,67.2142857142857,40.305,83.6931506849315,,93.6,153.0,35.6,56.7,13.8,3.71,90.6,69.0137931034483,90.7,86.8047619047619,469.571428571429,327.0,334.0,346.0,135.166666666667,75.8,203.0,,45.25,177.5,182.5,99.075,227.5,36.24375,74.7,73.6,40.45
33.45,29.95,54.3918918918919,77.1333333333333,72.9142857142857,59.94,8.01944444444444,37.65,69.85625,27.7166666666667,30.35,414.0,202.5,25.9888888888889,126.676470588235,143.722222222222,7.309,27.525,30.7666666666667,40.9,113.0,51.2,11.7166666666667,11.25,18.85,38.1,158.5,394.5,20.45,56.88,52.4,31.6333333333333,21.4451923076923,345.0,263.5,384.0,32.3,11.5300505050505,159.75,35.48125,21.7675675675676,82.8805194805195,18.85,43.335,50.3,135.092307692308,4.41909090909091,7.38,26.3662790697675,31.8366666666667,10.0529850746269,11.7,76.8076923076923,18.05,275.083333333333,57.4,5.38,32.9,35.5592592592593,69.7615384615385,53.11,64.5,68.625,206.0,37.1,8.86318181818182,97.9538461538461,65.06,24.0958333333333,20.6,83.2,269.0,311.5,18.0,77.3,39.5833333333333,13.6,32.375,10.9559139784946,17.35,17.2629411764706,,222.0,16.1833333333333,23.1,9.8,26.35,8.212,9.89,19.4,15.45,53.1872340425532,46.791447368421,8.55796296296296,19.6,12.75,22.4469696969697,12.1178571428571,7.27542857142857,10.2,17.4122448979592,15.30625,209.833333333333,57.8,2517.5,31.5125,117.5,56.421052631579,100.416666666667,61.2916666666667,15.3962962962963,67.3,65.8,9.84492753623188,36.6,95.6116822429907,10.85,32.1394736842105,23.4461538461539,67.2666666666667,40.3,83.6,,93.6,153.0,35.6,56.6875,13.825,3.70285714285714,90.6,69.0714285714286,90.7,86.8,468.5,327.0,334.0,346.0,135.055555555556,75.8666666666667,203.5,,45.2569444444444,177.0,182.125,99.075,227.5,36.2,74.8,73.6,40.48125
33.45,29.95,54.396,77.0,72.9,59.925,8.02,37.6642857142857,69.85,27.7,30.35,414.0,202.4375,25.975,126.5,143.5,7.3075,27.54375,30.7666666666667,40.9,113.0,51.1921875,11.7447841726619,11.25,18.8945652173913,38.1,158.5,394.5,20.4,56.875,52.1777777777778,31.65,21.5076923076923,345.0,263.5,384.0,32.425,11.5119623655914,159.5,35.4928571428571,21.75,82.822641509434,18.8642857142857,43.3111111111111,50.3,135.0,4.41,7.38,26.3724137931034,31.8333333333333,10.05,11.7,76.8,18.0966666666667,275.5,57.4,5.37785714285714,32.9,35.595,69.8,53.1333333333333,64.5,68.6333333333333,206.0,37.125,8.86497487437186,97.9095238095238,64.9733333333333,24.1,20.6,83.2,269.0,311.0,17.95,77.2466666666667,39.5311475409836,13.6,32.4,11.0,17.3539473684211,17.2521739130435,,222.125,16.2090909090909,23.1,9.80142857142857,26.3942307692308,8.219375,9.89,19.4,15.47,53.1985074626866,46.7967261904762,8.5532,19.6413043478261,12.75,22.4625,12.1029411764706,7.27,10.2,17.4472527472527,15.3142857142857,209.958333333333,57.7166666666667,2520.0,31.5,117.5,56.5,100.333333333333,61.22,15.3942307692308,67.3,65.8,9.8415294117647,36.6,96.0426666666667,10.8555555555556,32.1,23.4461538461539,67.2,40.25,83.6151515151515,,93.5090909090909,153.0,35.6,56.8,13.8483870967742,3.70153846153846,90.675,69.0590909090909,90.65,86.8307692307692,468.0,327.0,334.0,345.7,135.0,75.8,203.5,,45.29,177.0,182.5,99.075,227.5,36.2493333333333,74.8,73.6,40.4583333333333
33.45,29.95,54.4050847457627,77.0,72.91,59.9518518518519,8.02,37.675,69.9714285714286,27.7,30.3333333333333,414.0,202.125,25.96,127.0,144.0,7.31666666666667,27.55,30.72,40.9,113.0,51.1279069767442,11.7833333333333,11.25,18.8730769230769,38.1,158.5,394.5,20.425,56.8666666666667,52.11,31.6333333333333,21.575,345.0,263.5,384.0,32.5,11.5014851485149,159.833333333333,35.4826086956522,21.8,82.8787401574803,18.8571428571429,43.32,50.3,135.027777777778,4.41,7.39,26.408,31.8,10.05,11.7108695652174,76.7692307692308,18.0642857142857,275.125,57.4,5.37968253968254,32.9,35.5711538461538,69.8,53.1333333333333,64.5,68.6121951219512,206.0,37.1166666666667,8.85494623655914,97.9666666666666,64.9733333333333,24.1016393442623,20.6011904761905,83.2,269.2,311.6,17.9666666666667,77.3125,39.49,13.6,32.425,11.015,17.35,17.2505364806867,,222.0,16.15,23.1,9.80833333333334,26.405,8.22,9.89,19.4,15.45,53.2101351351351,46.8,8.555,19.6128205128205,12.75,22.4794117647059,12.1,7.27,10.2410714285714,17.4402654867257,15.3333333333333,210.0,57.72,2520.0,31.5,117.75,56.4875,100.2,61.2,15.35,67.3,65.8,9.845,36.6,95.9288135593221,10.85,32.1,23.45,67.2588235294118,40.25,83.6,,93.5076923076923,153.0,35.6,56.78,13.834375,3.709375,90.62,69.0833333333333,90.6217391304348,86.9,468.666666666667,327.0,334.0,346.25,134.875,75.84,203.5,,45.2833333333333,177.25,182.0,99.2,227.5,36.29,74.8,73.6,40.4625
33.45,29.9625,54.4,77.0,72.9090909090909,59.9666666666667,8.02,37.65,69.875,27.7125,30.35,415.474226804124,202.75,25.9666666666667,127.0,144.25,7.30357142857143,27.6,30.6535714285714,40.9,113.0,51.2,11.8,11.25,18.8774193548387,38.1,158.5,394.5,20.4,56.8857142857143,52.1,31.65,21.6,345.388888888889,263.5,384.0,32.52,11.5226618705036,159.875,35.45,21.75,82.8763636363637,18.8535714285714,43.3125,50.3,135.064102564103,4.42,7.39,26.445652173913,31.8375,10.1,11.7166666666667,76.7689655172414,18.1,275.166666666667,57.4,5.38,32.92,35.5693548387097,69.8,53.1090909090909,64.4,68.6333333333333,206.5,37.15,8.85636363636364,97.9818181818182,64.9333333333333,24.1333333333333,20.625,83.3,269.0,311.5,17.9,77.3,39.5128205128205,13.6,32.50625,11.0478260869565,17.3454166666667,17.2836538461538,,222.0,16.1785714285714,23.1,9.80833333333334,26.4,8.216,9.89,19.375,15.46,53.1676056338028,46.7833333333333,8.55095238095238,19.628,12.75,22.4659090909091,12.1285714285714,7.27024390243902,10.24,17.4478260869565,15.3366666666667,210.0,57.72,2520.0,31.5,117.90625,56.3867924528302,100.4,61.2166666666667,15.385,67.3,65.8,9.84019607843137,36.6,95.74,10.8916666666667,32.1,23.45,67.3083333333333,40.2666666666667,83.65,,93.5,153.0,35.6454545454545,56.8,13.8469696969697,3.7,90.6142857142857,69.1,90.6,86.94,469.0,327.0,334.0,347.0,134.5,75.85,203.5,,45.3346153846154,177.5,182.5,99.2,227.5,36.25,74.8,73.6,40.45
33.45,29.951,54.4975609756098,77.00625,72.9,59.92,8.02,37.65,69.85,27.7071428571429,30.3375,416.45652173913,202.78125,25.9857142857143,126.875,143.833333333333,7.30818181818182,27.6,30.6029411764706,40.9,112.5,51.2512195121951,11.7541666666667,11.25,18.8822222222222,38.1,158.5,394.5,20.4,56.85,52.1,31.6333333333333,21.5636363636364,345.388888888889,263.5,384.0,32.5,11.5084112149533,159.85,35.4777777777778,21.75,82.86,18.85,43.3357142857143,50.3,135.070588235294,4.42,7.39,26.4966666666667,31.8,10.05,11.7083333333333,76.7875,18.1085365853659,275.333333333333,57.4,5.38,32.9875,35.585,69.8,53.15,64.4333333333333,68.65,206.5,37.1038461538462,8.86886363636363,97.9,64.98,24.135,20.60625,83.3,269.0,311.0,17.9,77.3,39.5,13.625,32.669512195122,11.01,17.3422222222222,17.2817142857143,,222.25,16.175,23.1,9.80833333333334,26.4083333333333,8.21,9.89,19.3666666666667,15.45,53.1781818181818,46.7987341772152,8.55038461538462,19.6258620689655,12.7613636363636,22.4570175438596,12.1113636363636,7.27,10.2208333333333,17.4474637681159,15.3166666666667,210.0,57.75,2520.0,31.5,117.75,56.2111111111111,100.1,61.25,15.3822580645161,67.2,65.9,9.84,36.6,95.511320754717,10.8985294117647,32.1,23.4954545454545,67.3,40.25,83.62,,93.5,153.0,35.65,56.7,13.8465753424658,3.70666666666667,90.6571428571429,69.0833333333333,90.6,86.9,469.0,327.0,334.0,347.0,134.5,75.9166666666667,203.5,,45.384375,177.166666666667,182.75,99.2,227.5,36.3,74.8,73.6,40.475
33.4590909090909,29.9491452991453,54.5,77.0,72.94,59.9,8.02,37.65,69.93,27.7,30.3,416.0,202.352941176471,25.9833333333333,126.928571428571,143.5,7.303125,27.6,30.6352941176471,40.9,112.5,51.2166666666667,11.75,11.25,18.8636363636364,38.1,158.5,395.0,20.35,56.9,52.1333333333333,31.6333333333333,21.56875,345.388888888889,263.5,383.5,32.4990740740741,11.500406504065,159.740740740741,35.45,21.775,82.8638297872341,18.8518518518519,43.35,50.3,135.073170731707,4.42,7.39,26.5012658227848,31.8095238095238,10.0596774193548,11.7,76.8,18.1465517241379,275.375,57.4,5.39904761904762,33.0,35.595,69.8,53.1333333333333,64.4333333333333,68.6,206.333333333333,37.15,8.86137931034483,97.97,65.0,24.1214285714286,20.625,83.3333333333333,268.52479338843,311.125,17.9,77.3277777777778,39.53125,13.6,32.9,11.0,17.35,17.3041528239203,,222.5,16.16,23.1,9.80833333333334,26.4,8.21,9.89,19.4,15.45,53.1869565217391,46.7916666666667,8.55458333333334,19.615,12.75,22.494,12.1,7.27,10.2208333333333,17.4414285714286,15.3057692307692,210.0,57.75,2530.0,31.5,117.75,56.0944444444445,100.333333333333,61.3225,15.3966666666667,67.2,65.9,9.84065789473684,36.6,95.7923076923077,10.8571428571429,32.1333333333333,23.4090909090909,67.3,40.25,83.6714285714286,,93.6,153.0,35.71,56.75,13.8476923076923,3.70066666666667,90.6666666666667,69.0857142857143,90.6,86.8,469.0,327.0,334.0,347.0,134.5,75.9,203.0,,45.4,177.5,182.5,99.2,227.5,36.2945945945946,74.9,73.6,40.4625
33.45,29.9119047619048,54.5,77.0,72.9111111111111,59.9147058823529,8.02,37.65,69.86,27.7185185185185,30.3,416.0,202.352941176471,25.975,126.9,144.0,7.30923076923077,27.6,30.6352941176471,40.9,112.5,51.2142857142857,11.75,11.25,18.8765625,38.1,158.5,395.0,20.35,56.8666666666667,52.1,31.625,21.6,345.5,263.5,383.5,32.4,11.5052795031056,159.916666666667,35.5,21.775,82.8701754385965,18.85,43.375,50.3,135.026666666667,4.42,7.39,26.55,31.8071428571429,10.09,11.7111111111111,76.7958333333333,18.1318181818182,275.0,57.4,5.39904761904762,32.9833333333333,35.5777777777778,69.8,53.11,64.4333333333333,68.625,206.0,37.1,8.86607142857143,97.9583333333333,65.0,24.125,20.6,83.3333333333333,268.794117647059,311.25,17.9,77.3846153846154,39.5076923076923,13.6,33.028125,11.0,17.35,17.2958791208791,,223.0,16.15,23.1,9.80833333333334,26.41875,8.21,9.89,19.4,15.45,53.2,46.7955882352941,8.55428571428572,19.6111842105263,12.75,22.4583333333333,12.105,7.27,10.2373015873016,17.4486111111111,15.3105263157895,209.5,57.75,2530.0,31.5,117.5,56.0,100.214285714286,61.4095238095238,15.35,67.2,65.9,9.84794745484401,36.6,95.99,10.85,32.1125,23.4090909090909,67.3166666666667,40.25,83.6888888888889,,93.5666666666667,153.0,35.6833333333333,56.7,13.8411111111111,3.70066666666667,90.6125,69.12,90.5523809523809,86.9444444444444,469.166666666667,327.0,334.0,347.0,134.5,75.92,203.0,,45.414,177.0,183.0,99.2,227.5,36.35,74.9,73.6,40.45
33.45,29.9,54.5742424242424,77.0,72.9,59.9733333333333,8.0225,37.6375,70.0,27.7478260869565,30.3375,415.833333333333,202.0,26.0125,127.0,143.75,7.3005,27.5964285714286,30.6352941176471,40.9,112.5,51.3137931034483,11.75,11.25,18.8853333333333,38.1,158.5,395.0,20.35,56.8857142857143,52.1,31.6166666666667,21.559375,345.5,263.5,383.5,32.4653846153846,11.5243315508021,159.977272727273,35.5357142857143,21.75,82.8875,18.8685185185185,43.3642857142857,50.3,135.045454545455,4.42761904761905,7.4,26.5804347826087,31.82,10.0833333333333,11.7002976190476,76.8,18.2,275.25,57.4,5.41,32.9833333333333,35.5642857142857,69.8,53.1272727272727,64.5,68.6111111111111,206.0,37.15,8.86428571428571,97.9461538461538,65.0,24.1055555555556,20.6,83.3333333333333,268.75,311.333333333333,17.9,77.5,39.4875,13.6,33.1924242424242,11.0,17.3966666666667,17.3023364485981,,222.5,16.15,23.1,9.80833333333334,26.4491935483871,8.21,9.89,19.3642857142857,15.5,53.1808510638298,46.8,8.55142857142857,19.63,12.7616666666667,22.4884615384615,12.103488372093,7.27373831775701,10.2434782608696,17.4961038961039,15.3307692307692,209.5,57.7714285714286,2530.0,31.45,117.875,55.9,100.5,61.4166666666667,15.3521739130435,67.2,65.85,9.86,36.6,96.0210526315789,10.85,32.1,23.45,67.3,40.2571428571429,83.6529411764706,,93.6,153.0,35.6833333333333,56.6823529411765,13.8338235294118,3.70982608695652,90.6333333333333,69.2,90.5615384615384,86.9,469.5,327.0,334.0,347.0,134.5,75.9,202.5,,45.4447368421053,177.0,182.5,99.05,227.5,36.4392857142857,74.8,73.6,40.45
33.44375,29.85,54.5740740740741,76.9,72.9555555555556,59.98,8.02,37.6125,70.05,27.7526315789474,30.3,415.75,202.25,26.0,127.0,144.0,7.3,27.6,30.5428571428571,40.89,112.5,51.5496855345912,11.75,11.25,18.8766666666667,38.1,158.5,395.0,20.3083333333333,56.8375,52.1,31.6444444444444,21.6,345.375,263.5,383.5,32.475,11.5010760401722,160.0,35.4954545454545,21.75,82.8518918918919,18.85,43.3833333333333,50.3,135.262048192771,4.42761904761905,7.39333333333333,26.5510869565217,31.8,10.05,11.7,76.7916666666667,18.1583333333333,275.25,57.4,5.39,32.9961538461538,35.5857142857143,69.8,53.1615384615385,64.5,68.6,206.3125,37.075,8.86977011494253,97.9363636363636,65.1,24.1346153846154,20.6083333333333,83.3,269.0,311.0,17.93125,77.5625,39.5176470588235,13.6,33.1571428571429,11.0007692307692,17.3981927710843,17.3447058823529,,222.5,16.15,23.1125,9.80833333333334,26.44,8.21,9.89133333333333,19.3941176470588,15.4607142857143,53.17,46.828125,8.55689655172414,19.6048780487805,12.7583333333333,22.4666666666667,12.101724137931,7.27246913580247,10.2,17.4927536231884,15.3115384615385,210.5,57.7,2520.0,31.5,117.875,55.7970588235294,100.2,61.425,15.39,67.3,65.85,9.85636363636364,36.6,95.8822580645162,10.85,32.1,23.4,67.3333333333333,40.25,83.6620689655172,,93.6,153.5,35.8,56.65,13.8391304347826,3.70583333333333,90.61,69.2,90.6,86.9086956521739,469.0,327.0,334.0,347.0,134.5,75.9666666666667,202.5,,45.4285714285714,177.0,182.5,99.05,227.5,36.6519230769231,74.8,73.6,40.4676470588235
33.4,29.8571428571429,54.5088,76.8285714285714,73.0,59.9727272727273,8.01555555555555,37.6809523809524,70.0,27.7673913043478,30.3,416.0,202.5,26.0333333333333,127.0,144.0,7.30833333333333,27.6,30.5964285714286,40.85,112.5,51.859765625,11.7916666666667,11.25,18.8586206896552,38.1,158.5,395.0,20.3083333333333,56.8666666666667,52.1,31.6,21.5083333333333,345.375,263.5,383.5,32.49375,11.5001424501424,159.931818181818,35.48125,21.75,82.8702127659574,18.8666666666667,43.3642857142857,50.35,135.089743589744,4.42111111111111,7.39,26.55,31.8,10.05,11.7,76.7521739130435,18.15,275.0,57.4,5.39,33.0,35.5694444444444,69.8,53.164705882353,64.45,68.675,206.3125,37.15,8.86845070422535,97.95,65.1,24.1375,20.64,83.3,269.0,311.2,17.9,77.55,39.4666666666667,13.6,33.1,10.9936440677966,17.4232142857143,17.3161971830986,,222.5,16.15625,23.1045454545455,9.8,26.4,8.21,9.89,19.45,15.4636363636364,53.0943661971831,46.8416666666667,8.55795180722891,19.6176470588235,12.75,22.4642857142857,12.1,7.27295454545455,10.2,17.4932203389831,15.3173913043478,209.75,57.7,2520.0,31.5,117.5,55.775,100.125,61.4444444444444,15.36,67.25,65.85,9.85865853658536,36.6,95.5024193548387,10.8538461538462,32.1285714285714,23.4076923076923,67.3272727272727,40.24,83.625,,93.5666666666667,153.5,35.7,56.6888888888889,13.8346153846154,3.71714285714286,90.7,69.1333333333333,90.6225352112676,86.9,469.1,327.0,334.0,347.0,134.5,75.9,202.5,,45.4461538461538,177.25,182.5,99.05,227.666666666667,36.7857142857143,74.8,73.6,40.45
33.4318181818182,29.8909090909091,54.4933333333333,76.9,73.0307692307692,59.96,8.01555555555555,37.675,70.0,27.7888888888889,30.35,416.0,202.0,26.0375,127.0,144.0,7.30625,27.65,30.6571428571429,40.85,112.5,52.0322580645161,11.7916666666667,11.25,18.8766666666667,38.1,158.0,395.0,20.3083333333333,56.85,52.1,31.7,21.5491379310345,345.375,263.5,383.5,32.5,11.5173515981735,159.970588235294,35.4833333333333,21.75,82.8649122807018,18.85,43.35,50.35,135.042682926829,4.42,7.39538461538462,26.575,31.8,10.05,11.695,76.7875,18.15,275.166666666667,57.4,5.4025,32.9972222222222,35.6,69.8,53.1,64.5,68.6,206.454545454545,37.1,8.87230769230769,97.9571428571429,64.99,24.1346153846154,20.6117647058824,83.4,269.0,311.0,17.9,77.5666666666667,39.45,13.6,33.075,10.9990196078431,17.4147058823529,17.325,,222.5,16.15,23.125,9.8,26.4307692307692,8.21,9.89,19.45,15.45,53.0758620689655,46.8477777777778,8.55,19.6136363636364,12.7666666666667,22.4704545454545,12.1,7.27626086956522,10.20125,17.4632142857143,15.3333333333333,210.0,57.8,2520.0,31.425,117.7,55.795652173913,100.428571428571,61.4375,15.3671428571429,67.2285714285714,65.85,9.86,36.6,95.3284722222222,10.9,32.1045454545455,23.45,67.3333333333333,40.25,83.7137931034483,,93.6,153.0,35.8,56.6161290322581,13.8375,3.71967741935484,90.7,69.1,90.6388888888889,86.8666666666667,469.1,327.0,334.0,347.0,134.5,75.9,202.5,,45.46875,177.25,182.5,99.2,227.5,36.8375,74.8,73.6,40.4526315789474
33.4294117647059,29.8589285714286,54.4931034482759,76.9666666666667,73.1066666666667,60.0307692307692,8.01931034482759,37.675,70.0,27.8,30.3,416.0,202.038461538462,26.025,127.0,144.0,7.30916666666667,27.6,30.6272727272727,40.85,112.5,51.9666666666667,11.75,11.25,18.8708333333333,38.1,158.0,394.5,20.3,56.8545454545455,52.15,31.6535714285714,21.6,345.375,263.5,383.5,32.4621621621622,11.505023923445,160.0,35.45,21.8,82.8611111111111,18.85,43.3166666666667,50.35,135.201754385965,4.42,7.38823529411765,26.5833333333333,31.8464285714286,10.05,11.6888888888889,76.803125,18.1545454545455,275.388888888889,57.4,5.411875,33.0,35.5847826086956,69.7,53.0920454545455,64.5,68.6857142857143,206.5,37.1,8.87184210526316,97.975,65.0,24.115625,20.625,83.4,269.0,311.0,17.9,77.475,39.45,13.6,33.09375,11.0,17.4068181818182,17.3498622589532,,222.5,16.1642857142857,23.1,9.8,26.4392857142857,8.21,9.88,19.45,15.45,53.194,46.8442105263158,8.55175,19.6315217391304,12.7846551724138,22.4794117647059,12.1,7.27,10.2,17.4924731182796,15.3036585365854,210.0,57.7333333333333,2520.0,31.425,117.75,55.8,100.166666666667,61.4333333333333,15.35,67.2,66.0,9.86486486486486,36.6,95.4,10.875,32.1,23.4333333333333,67.3125,40.2,83.7392857142857,,93.6,153.0,35.7,56.6260869565217,13.8361111111111,3.7284,90.675,69.1,90.7,86.8,469.1,327.0,333.5,346.916666666667,134.5,75.9,202.5,,45.5,177.5,182.5,99.2,227.5,36.825,74.85,73.6,40.45
33.4,29.8791666666667,54.4857142857143,77.0,73.0333333333333,60.0,8.02,37.65,70.0,27.7666666666667,30.3,415.833333333333,202.25,26.0,127.108108108108,144.0,7.30214285714286,27.6,30.6272727272727,40.8,113.0,51.8938461538462,11.75,11.25,18.8647058823529,38.1,158.0,394.5,20.3166666666667,56.8,52.1142857142857,31.65,21.5541666666667,345.5,263.5,383.5,32.36,11.5007299270073,159.9,35.4933333333333,21.7925,82.8451612903226,18.85,43.3,50.35,135.066265060241,4.415,7.38,26.5232394366197,31.8357142857143,10.05,11.6934782608696,76.9,18.1625,275.0,57.4,5.40666666666667,32.9625,35.553125,69.7333333333333,53.0565217391304,64.45,68.65,206.5,37.115,8.87945945945946,97.8954545454546,65.0,24.1411764705882,20.6109375,83.3333333333333,269.333333333333,311.166666666667,17.95,77.4,39.45,13.60625,33.0833333333333,11.0030303030303,17.415,17.345,,222.5,16.1625,23.1,9.8,26.4272727272727,8.21,9.88,19.45,15.45,53.1818181818182,46.8375,8.55484848484848,19.6060747663551,12.7615384615385,22.485,12.1017857142857,7.27108695652174,10.2,17.4969512195122,15.3152777777778,209.884615384615,57.75,2522.5,31.45,117.916666666667,55.7875,100.125,61.4,15.35,67.2,66.0,9.86989010989011,36.6,95.5,10.8875,32.1,23.4333333333333,67.3428571428571,40.1963414634146,83.76,,93.5666666666667,153.0,35.7,56.5246376811594,13.8403225806452,3.73344827586207,90.6555555555556,69.1,90.6857142857143,86.7933333333333,469.5,326.75,333.5,346.5,134.527777777778,76.0,202.5,,45.4807692307692,177.375,182.5,99.2,227.5,36.8,74.85,73.6,40.5
33.4035714285714,29.9063829787234,54.4911111111111,76.9,73.0142857142857,60.0,8.02,37.678125,69.9857142857143,27.75,30.3,415.9,202.0,26.03125,127.5,144.166666666667,7.3,27.6,30.6272727272727,40.8,113.0,51.825,11.756,11.3,18.8645161290323,38.1,158.25,394.5,20.325,56.8416666666667,52.1142857142857,31.6166666666667,21.553125,346.0,263.5,383.5,32.35,11.5071661237785,160.0,35.4545454545455,21.75,82.8142857142857,18.8760563380282,43.3142857142857,50.35,135.083333333333,4.4175,7.39428571428571,26.5166666666667,31.81875,10.05,11.6642857142857,76.8666666666667,18.1692307692308,275.071428571429,57.4,5.43,32.9833333333333,35.5772727272727,69.7857142857143,53.0166666666667,64.5,68.6,206.1,37.15,8.87377358490566,97.8235294117647,64.9333333333333,24.1486842105263,20.6,83.3,269.4,311.0,17.9,77.4285714285714,39.4,13.6,33.090625,11.0,17.4,17.3506944444444,,222.5,16.1571428571429,23.125,9.805,26.4,8.21,9.88,19.45,15.452,53.1948453608247,46.842523364486,8.55333333333333,19.6013157894737,12.75,22.4533333333333,12.1077922077922,7.27818181818182,10.2044117647059,17.4833333333333,15.3015625,209.5,57.775,2525.0,31.45,118.0,55.8,100.1875,61.4,15.3868421052632,67.3,66.0,9.86688524590164,36.6,95.6568181818182,10.85,32.1478260869565,23.45,67.3,40.19375,83.7352941176471,,93.52,153.0,35.7,56.4105263157895,13.8261363636364,3.73142857142857,90.6,69.1777777777778,90.6111111111111,86.7217391304348,470.0,326.75,333.5,346.166666666667,134.527777777778,75.9777777777778,203.0,,45.4928571428571,177.0,182.166666666667,99.2,227.5,36.8,74.9,73.6,40.4954545454545
33.401724137931,29.9214285714286,54.4897435897436,76.95,73.0,60.0,8.01916666666667,37.6035714285714,69.95,27.75,30.31,415.565217391304,202.461538461538,26.0,127.5,144.0,7.29769230769231,27.6,30.55,40.8407407407407,113.0,51.9,11.7541666666667,11.3,18.85,38.1,158.5,394.5,20.3083333333333,56.86,52.1,31.63,21.5125,346.0,263.5,384.4,32.33125,11.5218518518519,159.933333333333,35.45,21.75,82.8863057324841,18.85,43.3181818181818,50.35,135.0,4.4175,7.39,26.4838983050847,31.8,10.05,11.6882352941176,76.85,18.1625,275.0,57.48,5.39,33.0,35.5571428571429,69.7,53.0,64.6,68.6666666666667,206.5,37.1038461538461,8.88039301310044,97.8090909090909,65.0,24.1225,20.6,83.3,269.948717948718,310.571428571429,17.9,77.4272727272727,39.4085714285714,13.6,33.1485294117647,11.0174418604651,17.4,17.3451219512195,,222.5,16.1615384615385,23.1041666666667,9.806,26.4294117647059,8.21,9.88,19.395,15.45,53.2511627906977,46.8201030927835,8.55696202531646,19.6088235294118,12.7537037037037,22.45,12.1,7.27,10.2234375,17.4836538461538,15.322,209.954545454545,57.7,2525.0,31.4,117.928571428571,55.8,100.166666666667,61.4785714285714,15.35,67.3,66.0,9.87262910798122,36.6,95.6887096774194,10.8833333333333,32.15,23.4136363636364,67.3,40.1545454545455,83.7259259259259,,93.5666666666667,153.0,35.7,56.4058823529412,13.825,3.73652173913043,90.6,69.125,90.6,86.662962962963,470.166666666667,326.75,333.5,346.0,134.5,75.95,203.0,,45.5074074074074,177.0,182.333333333333,99.2,227.5,36.8458333333333,74.9,73.6,40.5
33.4,29.95,54.4972222222222,76.9,72.9555555555556,60.0,8.01916666666667,37.6,69.9,27.76,30.3,414.868421052632,202.666666666667,26.0,127.509433962264,144.25,7.29966666666667,27.5916666666667,30.55,40.85,113.0,51.9333333333333,11.7816770186335,11.3,18.8609756097561,38.1,158.357142857143,394.5,20.3625,56.8777777777778,52.1,31.6416666666667,21.5166666666667,346.75,263.5,384.25,32.325,11.5107594936709,160.0,35.45,21.775,82.8227272727273,18.8511494252874,43.3107142857143,50.35,135.112068965517,4.41,7.39,26.5785714285714,31.8307692307692,10.05,11.6823529411765,76.8444444444444,18.15,275.1,57.3,5.39,32.947619047619,35.5541666666667,69.7,53.0,64.5,68.7,207.0,37.15,8.88481481481482,97.7666666666667,65.0,24.1192307692308,20.61,83.4,270.05,310.75,17.9571428571429,77.5,39.38,13.6,33.15,11.0020408163265,17.4,17.35,,222.5,16.1605263157895,23.1,9.806,26.4,8.21722222222222,9.89,19.395,15.4533333333333,53.2239130434783,46.8182242990654,8.55111111111111,19.6060975609756,12.7658536585366,22.45,12.1038461538461,7.27,10.2011627906977,17.4884615384615,15.3107142857143,210.0,57.7,2525.0,31.4,117.75,55.82,100.375,61.5,15.3978260869565,67.2,65.9916666666667,9.87588235294118,36.6,95.7,10.8571428571429,32.15,23.44375,67.36,40.1857142857143,83.775,,93.5947368421053,153.25,35.7,56.4,13.8,3.73333333333333,90.7364705882353,69.15,90.6,86.6038461538461,471.2,326.75,333.5,346.5,134.5,76.0,203.0,,45.575,177.5,182.25,99.3,227.5,36.8285714285714,74.9,73.6,40.4966666666667
33.4,29.9,54.5134615384615,76.95,72.9333333333333,60.0,8.02,37.575,70.0,27.75,30.3,413.95652173913,202.875,26.0,127.54,144.15625,7.308,27.554347826087,30.5388888888889,40.9,113.0,51.8526315789474,11.7666666666667,11.3,18.8645833333333,38.15,158.5,394.5,20.445,56.8,52.1,31.7,21.5076923076923,347.0,263.5,383.0,32.35,11.5176136363636,159.985714285714,35.45,21.775,82.8818181818182,18.85,43.33,50.35,135.193548387097,4.41909090909091,7.38,26.6413793103448,31.8,10.05,11.6692307692308,76.8958333333333,18.1989130434783,275.1,57.3,5.39,32.95,35.5625,69.7,53.0071428571429,64.6,68.7,207.0,37.12,8.89563049853373,97.77,64.9,24.119512195122,20.6,83.4,270.0,310.625,18.0,77.475,39.4,13.6,33.2,11.025,17.4,17.3495391705069,,222.5,16.2171428571429,23.1,9.8,26.415625,8.21625,9.89,19.4,15.45,53.1905660377359,46.8458333333333,8.55588235294118,19.6030303030303,12.7703703703704,22.45,12.1,7.27,10.2,17.4892857142857,15.3182926829268,209.75,57.8,2525.0,31.4,118.0,55.8666666666667,100.166666666667,61.6,15.4,67.3,66.2,9.87791479820628,36.6,95.7,10.8875,32.15,23.45,67.3,40.175,83.7875,,93.6,153.0,35.75,56.4,13.8421875,3.74,90.7884615384615,69.1333333333333,90.6,86.5581395348837,472.666666666667,326.0,333.5,347.3,134.5,76.04,203.0,,45.5809523809524,177.5,182.5,99.3,227.5,36.85,74.9,73.6,40.4966666666667
33.4,29.9,54.5617647058823,77.0,72.94,60.0,8.03,37.55,69.9,27.7666666666667,30.3,413.233333333333,202.5,26.0,127.5,144.0,7.30769230769231,27.56,30.5,40.9,113.0,51.8842105263158,11.7642857142857,11.3,18.8605263157895,38.15,158.4,394.5,20.4,56.87,52.1,31.6,21.57,346.75,263.5,383.0,32.375,11.5108552631579,159.997340425532,35.45,21.75,82.8608695652174,18.8496894409938,43.3111111111111,50.35,135.297872340425,4.41869565217391,7.39,26.6133333333333,31.8,10.1,11.6583333333333,76.86,18.2013888888889,275.0,57.3,5.39,32.9,35.5529411764706,69.7,53.0,64.6,68.6,207.0,37.15,8.90611111111111,97.7571428571429,64.9666666666667,24.1176470588235,20.63,83.4,270.316666666667,310.75,18.0,77.44,39.4275,13.6,33.2571428571429,11.0,17.4257142857143,17.3485915492958,,222.0,16.2111111111111,23.1,9.8,26.4166666666667,8.21,9.89,19.4,15.4535714285714,53.186,46.8467213114754,8.55078947368421,19.6045454545455,12.7606060606061,22.45,12.1,7.2725,10.1984913793103,17.4773148148148,15.3,209.75,57.7333333333333,2525.0,31.4,117.933333333333,55.8933333333333,100.125,61.6,15.3566666666667,67.3,66.2,9.89862414008756,36.6,95.644,10.8571428571429,32.15,23.4291666666667,67.3375,40.15,83.7212121212121,,93.6,153.0,35.7,56.464705882353,13.82,3.73,90.82,69.1571428571429,90.64,86.54,474.0,326.5,333.5,348.0,134.5,76.04,203.0,,45.58,177.0,182.0,99.3,228.0,36.825,75.0,73.6,40.4521739130435
33.425,29.9,54.6,76.9,72.9769230769231,60.0,8.02,37.5361111111111,69.9833333333333,27.75,30.3,412.4,202.5,26.0166666666667,127.5,144.0,7.30842105263158,27.6,30.5,40.9,113.0,52.036974789916,11.7717391304348,11.3,18.8984126984127,38.15,158.166666666667,395.0,20.6,56.9,52.04,31.67,21.597619047619,347.5,263.5,383.0,32.4,11.5259803921569,160.0,35.45,21.7973684210526,82.8627450980392,18.8205128205128,43.325,50.4478260869565,135.143617021277,4.41,7.39294117647059,26.6254385964912,31.8125,10.1,11.6875,76.9,18.23,275.0,57.4,5.4,32.9,35.5492753623188,69.7,53.0277777777778,64.5,68.6875,207.0,37.125,8.91553333333333,97.7307692307692,65.0,24.1560606060606,20.6,83.4,270.25,310.6,17.9666666666667,77.5090909090909,39.4125,13.604347826087,33.2961538461538,11.0,17.4125,17.35,,222.0,16.2214285714286,23.1125,9.8,26.4464285714286,8.21666666666667,9.88,19.3833333333333,15.4625,53.1925925925926,46.8948275862069,8.55322580645161,19.6125,12.7836111111111,22.45,12.1,7.27,10.1583333333333,17.4906504065041,15.3423076923077,209.75,57.8,2525.0,31.4,118.0,55.8333333333333,100.285714285714,61.605,15.36875,67.2,66.1,9.90402583423035,36.6,95.4228070175438,10.8785714285714,32.15,23.4363636363636,67.3,40.1277777777778,83.7466666666667,,93.7,153.0,35.75,56.4916666666667,13.828,3.73,90.8,69.15,90.65,86.5014925373134,475.25,326.0,333.5,347.863636363636,134.5,76.0,203.0,,45.6233333333333,177.0,182.0,99.3,227.5,36.8222222222222,75.0,73.6,40.5
33.4033333333333,29.9375,54.5923076923077,76.95,72.9791666666667,60.0090909090909,8.02,37.5055555555556,69.9166666666667,27.785,30.3,411.9,202.541666666667,26.0,127.5,143.846153846154,7.31909090909091,27.6,30.5,40.9,113.0,52.0688888888889,11.75,11.3,18.87375,38.15,158.25,395.0,20.54,56.86,51.9222222222222,31.65,21.55,347.5,263.5,383.0,32.4505319148936,11.5346153846154,159.571428571429,35.45,21.775,82.8430379746835,18.8315789473684,43.3214285714286,50.6333333333333,135.076086956522,4.41,7.39333333333333,26.6717741935484,31.8,10.1,11.6565217391304,76.8121212121212,18.24375,275.0,57.4,5.39,32.9,35.5166666666667,69.6846153846154,53.0,64.5,68.6454545454545,206.666666666667,37.125,8.91173076923077,97.74,65.0105263157895,24.19,20.6333333333333,83.3,270.0625,310.6,17.975,77.5333333333333,39.4145833333333,13.6,33.3678571428571,11.040243902439,17.4,17.3491071428572,,222.25,16.228125,23.1,9.8,26.4147058823529,8.21,9.88,19.3833333333333,15.45,53.1933333333333,46.8882352941176,8.55441860465116,19.6171428571429,12.75,22.45,12.1,7.27431034482759,10.15,17.4842424242424,15.302,210.0,57.8,2520.0,31.4,118.181818181818,55.869696969697,100.0,61.5818181818182,15.3947368421053,67.2,66.1,9.92393103448276,36.6,95.3122448979592,10.86875,32.1,23.4333333333333,67.3,40.115,83.7666666666667,,93.66,153.0,35.725,56.484,13.8313953488372,3.7325,90.82,69.1965517241379,90.6,86.4038461538461,475.0,326.0,333.5,350.681818181818,134.5,76.0333333333333,203.0,,45.6029411764706,177.166666666667,183.0,98.9666666666666,227.875,36.8015625,75.0,73.6,40.4514705882353
33.403125,29.9071428571429,54.6,76.95,72.9384615384615,60.0181818181818,8.02952380952381,37.5083333333333,69.9,27.79,30.325,412.0,202.5,26.0,127.678571428571,143.375,7.31769230769231,27.598275862069,30.5,40.9,113.5,52.0220779220779,11.75,11.3,18.8767441860465,38.15,158.5,395.0,20.4466666666667,56.8461538461539,52.0,31.6625,21.5075,347.5,263.5,383.0,32.49,11.5491836734694,159.5,35.45,21.75,82.8396624472574,18.8375,43.3047619047619,50.6333333333333,135.162162162162,4.41,7.39230769230769,26.7019047619048,31.8033333333333,10.05,11.675,76.8,18.2125,275.0,57.3,5.4,32.9,35.5038461538462,69.7,53.0,64.575,68.675,206.8,37.14,8.91065359477124,97.7307692307692,64.96,24.1664,20.6,83.3,270.175,310.5,17.975,77.5859375,39.4045454545455,13.6066666666667,33.4444444444444,11.05,17.4056818181818,17.3488636363636,,222.0,16.2041666666667,23.1,9.8,26.4296296296296,8.21,9.88,19.3833333333333,15.45,53.1860759493671,46.8813333333333,8.55,19.6134615384615,12.7836787564767,22.4586206896552,12.1,7.27141304347826,10.152380952381,17.4823717948718,15.3192307692308,210.0,57.8,2522.5,31.4,118.333333333333,55.8923076923077,100.083333333333,61.5545454545455,15.3761904761905,67.2333333333333,66.1,9.92647482014388,36.6,95.4025316455697,10.86,32.1125,23.4428571428571,67.3166666666667,40.0746478873239,83.7575,,93.7,153.0,35.75,56.5478260869565,13.8428571428571,3.73036363636364,90.8,69.1333333333333,90.6,86.4,475.0,326.0,333.5,350.722222222222,135.0,76.0142857142857,203.0,,45.6113636363636,177.5,183.0,99.2,228.0,36.7735294117647,75.0,73.6,40.45
33.36875,29.9333333333333,54.6,76.9,72.9631578947368,60.0090909090909,8.02,37.5,69.9,27.755,30.3,412.318181818182,202.5,26.0,128.0,143.5,7.32217391304348,27.5882352941176,30.5,40.85,113.5,52.181981981982,11.75,11.3,18.886301369863,38.15,158.5,395.5,20.5,56.82,51.975,31.65,21.6,346.75,263.5,382.75,32.5,11.5555194805195,159.505494505495,35.45,21.8,82.8,18.8,43.3111111111111,50.6333333333333,135.05,4.41,7.39210526315789,26.7008928571429,31.8192307692308,10.05,11.65,76.8,18.215,275.1,57.3,5.39333333333333,32.9166666666667,35.5,69.7083333333333,53.052380952381,64.6,68.7571428571429,207.0,37.18125,8.90300469483568,97.7727272727273,64.95,24.1696428571429,20.6,83.28,270.033333333333,310.375,17.95,77.5833333333333,39.4,13.6,33.5235294117647,11.0408333333333,17.3920560747664,17.3515410958904,,222.0,16.2125,23.1,9.8,26.4,8.21,9.885,19.35,15.4527027027027,53.2764705882353,46.886,8.55013513513514,19.6163265306122,12.7613636363636,22.4510869565217,12.1,7.27,10.1520833333333,17.4852,15.328125,210.0,57.8,2522.5,31.425,118.0,55.9214285714286,100.0,61.5,15.3545454545455,67.2,66.1,9.92040816326531,36.6,95.3555555555556,10.8714285714286,32.1,23.45,67.3,40.0434782608696,83.7935897435897,,93.775,153.0,35.75,56.5428571428571,13.85,3.73,90.8,69.1666666666667,90.53125,86.42,473.714285714286,326.0,333.5,350.0,135.0,75.9333333333333,203.0,,45.6208333333333,177.5,183.5,99.2,228.0,36.7333333333333,75.0,73.6,40.4973684210526
33.3526315789474,29.9053571428571,54.5869565217391,76.975,72.9111111111111,60.0736842105263,8.02978723404255,37.5,69.8333333333333,27.75,30.3125,412.6,202.583333333333,26.0416666666667,127.82,143.5,7.31294117647059,27.5653846153846,30.5,40.8583333333333,113.5,52.2808510638298,11.7671875,11.3,18.87875,38.15,158.5,395.5,20.4633333333333,56.8727272727273,51.9,31.65,21.4615384615385,346.75,263.5,382.75,32.5,11.5722972972973,159.5,35.45,21.7972222222222,82.7728813559322,18.8090909090909,43.305,50.5333333333333,135.128048780488,4.41666666666667,7.393125,26.7153846153846,31.8,10.05,11.6833333333333,76.8,18.2029411764706,275.0,57.3,5.4,32.9657894736842,35.4941860465116,69.7276595744681,53.025,64.6,68.75,207.0,37.1625,8.9025,97.7266666666667,65.0,24.1869565217391,20.6041666666667,83.28,269.875,310.375,17.9136363636364,77.6,39.375,13.6184210526316,33.5403846153846,11.0468253968254,17.35,17.3657407407407,,222.0,16.2090909090909,23.1,9.80769230769231,26.4166666666667,8.21,9.88030303030303,19.35,15.4571428571429,53.2716981132075,46.8880952380952,8.55651515151515,19.61,12.79,22.45,12.1061224489796,7.2683125,10.1796296296296,17.4941964285714,15.3152173913043,210.441176470588,57.8,2520.0,31.45,118.375,56.0,100.125,61.5111111111111,15.3574074074074,67.3,66.1,9.92,36.6,95.5071428571429,10.853125,32.1461538461539,23.45,67.2166666666667,40.0063829787234,83.7869565217391,,93.7666666666667,152.833333333333,35.7,56.5555555555556,13.8185185185185,3.73238095238095,90.8142857142857,69.1444444444445,90.5125,86.3857142857143,473.714285714286,326.5,333.5,350.0,135.0,75.925,203.0,,45.6222222222222,177.136363636364,183.0,99.2,228.0,36.6681818181818,75.0,73.6,40.5
33.35,29.9416666666667,54.5965217391305,76.975,72.9,60.0866666666667,8.03,37.5,69.9,27.7625,30.3,413.0,202.857142857143,26.05,128.0,144.0,7.31,27.6,30.5,40.9,113.5,52.2632653061225,11.73,11.3,18.9,38.15,158.5,395.5,20.455,56.8666666666667,51.9,31.675,21.55,346.75,263.5,382.75,32.55,11.55,159.519230769231,35.4882352941176,21.7932432432432,82.8,18.8382352941176,43.3083333333333,50.5333333333333,135.166666666667,4.41625,7.4,26.7235294117647,31.8136363636364,10.05,11.6892857142857,76.8,18.2142857142857,275.0,57.3,5.39423076923077,32.95,35.4533333333333,69.7222222222222,53.0478260869565,64.6,68.8,207.5,37.1666666666667,8.90179104477612,97.6137931034482,64.9666666666667,24.1822580645161,20.6,83.28,269.975,310.25,17.91,77.6075268817204,39.3605263157895,13.6416666666667,33.5956521739131,11.0469387755102,17.35,17.3926829268293,,222.166666666667,16.1708333333333,23.1166666666667,9.8,26.4166666666667,8.21416666666667,9.8875,19.35,15.4625,53.3,46.8905660377358,8.55108108108108,19.6192307692308,12.7714285714286,22.46,12.1034246575342,7.26214285714286,10.178125,17.4964285714286,15.3431818181818,210.416666666667,57.9,2520.0,31.45,118.5,56.0,100.0,61.5083333333333,15.3903846153846,67.3,66.1,9.91844594594594,36.6,95.98125,10.9,32.15,23.45,67.2764705882353,40.0138888888889,83.7823529411765,,93.8,153.0,35.7,56.5727272727273,13.8428571428571,3.73020746887967,90.815,69.1545454545455,90.5,86.4,473.0,326.5,333.5,349.75,134.875,76.025,202.5,,45.65,177.136363636364,183.0,99.2,228.0,36.5777777777778,75.0,73.6,40.55
33.35,29.9791666666667,54.6292682926829,76.95,72.9,60.1,8.03,37.5,69.8,27.75,30.3,413.888888888889,202.571428571429,26.05,128.125,143.666666666667,7.30909090909091,27.6,30.7,40.9,113.5,52.1102040816327,11.7015625,11.3,18.8861111111111,38.15,158.166666666667,395.0,20.45,56.9,51.9,31.675,21.4178571428571,346.5,263.5,382.4,32.55,11.5571428571429,159.52380952381,35.45,21.7964285714286,82.7978873239437,18.83,43.2857142857143,50.5333333333333,135.191358024691,4.41625,7.39946428571429,26.7208333333333,31.8363636363636,10.1,11.69,76.8,18.2142857142857,275.166666666667,57.3,5.396875,32.95,35.4932432432432,69.7,53.0,64.6,68.7928571428571,207.5,37.1681818181818,8.90114285714285,97.7,65.0,24.1642857142857,20.6,83.25,270.05,310.0,17.9,77.756,39.3541666666667,13.6166666666667,33.7340909090909,11.0486842105263,17.35,17.39,,222.166666666667,16.15,23.1029411764706,9.8,26.425,8.21416666666667,9.8875,19.4,15.46875,53.2985915492958,46.893085106383,8.5504347826087,19.645,12.7833333333333,22.4977272727273,12.1,7.26,10.1863636363636,17.4907079646018,15.3277777777778,210.416666666667,57.8857142857143,2525.0,31.5,118.5,56.1846153846154,100.2,61.5,15.3996350364964,67.3,66.1,9.91882352941177,36.6,96.1021052631579,10.9,32.15,23.5,67.275,39.9927083333333,83.8147368421053,,93.8444444444444,152.75,35.75,56.5818181818182,13.8433333333333,3.73,90.8714285714286,69.16,90.5,86.3555555555556,473.0,325.0,333.0,349.75,135.0,75.9,202.5,,45.6029411764706,177.25,183.0,99.1,227.5,36.3870967741936,74.9,73.6,40.5464285714286
33.3423913043478,29.95,54.6098591549296,77.0,72.9666666666667,60.1166666666667,8.03518518518519,37.5,69.7090909090909,27.7,30.3,414.25,202.794117647059,26.05,128.0625,143.5,7.31,27.55,30.69,40.85,113.5,51.9971428571429,11.65,11.3,18.8961538461538,38.15,158.333333333333,395.0,20.425,56.8833333333333,51.9,31.7,21.4090909090909,346.5,263.5,382.4,32.525,11.5936363636364,160.0,35.4916666666667,21.790350877193,82.8038938053097,18.8464285714286,43.2817073170732,50.6,135.150862068966,4.41,7.40833333333333,26.75,31.85,10.05,11.7,76.8,18.21,275.166666666667,57.3,5.39,32.975,35.4605263157895,69.7,53.1,64.5333333333333,68.88,207.25,37.16,8.90880952380952,97.6833333333333,65.0,24.174,20.625,83.2,270.0,310.166666666667,17.9473684210526,77.7857142857143,39.3,13.6227272727273,33.965625,11.03125,17.355,17.3895161290323,,222.0,16.1785714285714,23.12,9.8,26.4461538461538,8.21,9.89,19.4,15.4506944444444,53.3109375,46.9,8.5526,19.61875,12.7518181818182,22.4777777777778,12.1,7.26,10.1524193548387,17.493119266055,15.3137931034483,210.416666666667,57.85,2525.0,31.49375,118.5,56.2,100.2,61.5,15.4090909090909,67.3,65.95,9.91884297520661,36.7333333333333,96.2314606741573,10.85,32.15,23.45,67.2833333333333,39.985,83.8086956521739,,93.9,152.75,35.75,56.5413793103448,13.8473684210526,3.72,90.8354838709678,69.1666666666667,90.5270270270271,86.36,474.0,325.0,332.5,350.0,135.0,75.96,202.5,,45.6077777777778,177.0,183.0,99.1,227.5,36.2978260869565,74.8,73.6,40.5121212121212
33.309375,29.9785714285714,54.59375,77.0,73.0,60.1,8.02,37.45,69.6833333333333,27.7235294117647,30.3,414.045454545455,203.0,26.0,128.1,143.5,7.30409090909091,27.5575,30.69,40.85,113.5,52.04,11.65,11.3,18.890350877193,38.15,158.454545454545,395.75,20.425,56.9526315789474,51.9666666666667,31.7,21.4078947368421,346.5,263.5,382.0,32.54,11.5560606060606,159.525,35.490625,21.7833333333333,82.8797752808989,18.825,43.2917910447761,50.675,135.291666666667,4.41666666666667,7.41875,26.7662790697674,31.8166666666667,10.0545454545455,11.6990740740741,76.8,18.2696721311475,275.5,57.3,5.39,32.97,35.4675,69.69,53.06,64.6,68.9,207.5,37.1770833333333,8.90766666666667,97.6833333333333,65.06,24.1984375,20.6,83.3,270.18,310.285714285714,17.9473684210526,77.7774193548387,39.3,13.6,34.0294117647059,11.0494382022472,17.38125,17.3930303030303,,222.0,16.15,23.1,9.8,26.4333333333333,8.214,9.89,19.3875,15.45,53.3527777777778,46.9186046511628,8.55321428571429,19.6230769230769,12.75,22.45,12.131746031746,7.27203065134099,10.1647058823529,17.4992125984252,15.325,210.466666666667,57.9,2526.66666666667,31.5,118.184210526316,56.2,100.2,61.5,15.4309523809524,67.3,65.95,9.91852760736196,36.8,96.3968,10.865625,32.1333333333333,23.4625,67.275,39.975,83.7986486486486,,93.9,152.5,35.8,56.518,13.8363636363636,3.72769230769231,90.855,69.2828571428572,90.5125,86.4038461538462,474.0,325.0,332.5,350.0,135.0,76.12,203.0,,45.5972222222222,177.0,183.0,99.15,227.5,36.3,74.8,73.6,40.5
33.3026315789474,29.98,54.5782608695652,77.0,73.0333333333333,60.1083333333333,8.025,37.45,69.6954545454546,27.7045454545454,30.3,413.6,203.125,26.0,128.0,143.666666666667,7.31333333333333,27.5583333333333,30.69,40.8875,113.5,51.9595744680851,11.6515625,11.3,18.85,38.15,158.2,395.75,20.4333333333333,57.0,51.99,31.6666666666667,21.405,346.5,263.5,382.0,32.5590909090909,11.5578125,159.538461538462,35.4533333333333,21.7875,82.8444444444444,18.825,43.3222222222222,50.6,135.089928057554,4.41,7.41,26.7465517241379,31.8,10.05,11.7034090909091,76.79,18.299504950495,275.0,57.3,5.4,32.97,35.4928571428571,69.65,53.0423076923077,64.5818181818182,68.8222222222222,208.0,37.1764705882353,8.90347826086957,97.6116071428572,65.05,24.2042016806723,20.6,83.25,270.5,310.142857142857,17.9473684210526,77.8,39.35,13.61,34.0769230769231,11.0536666666667,17.35,17.397572815534,,222.0,16.17,23.1321428571429,9.81,26.45,8.21,9.89,19.3875,15.45,53.2954887218045,46.9481132075472,8.55,19.625,12.7857142857143,22.4613636363636,12.1,7.27809523809524,10.1586956521739,17.4704255319149,15.3068181818182,210.25,57.8083333333333,2530.0,31.5,118.3,56.2,100.166666666667,61.4333333333333,15.4008333333333,67.3875,65.95,9.91944444444444,36.8,96.6377777777778,10.8857142857143,32.125,23.4590909090909,67.25,39.95,83.7,,93.8333333333333,152.5,35.8,56.5,13.8441176470588,3.72666666666667,90.8538461538461,69.4,90.495,86.5037037037037,473.0,326.0,332.5,350.0,135.0,76.1285714285714,203.0,,45.5566666666667,177.0,183.0,99.15,227.5,36.3,74.8,73.6,40.5444444444445
33.3447368421053,29.9959183673469,54.5675,76.9666666666667,73.0357142857143,60.12,8.03,37.41,69.7555555555555,27.7105263157895,30.3,413.733333333333,203.333333333333,26.025,128.0,143.666666666667,7.31785714285714,27.575,30.69,40.85,113.5,51.8978723404255,11.65,11.3,18.8531545741325,38.15,158.214285714286,396.125,20.45,56.9851851851852,52.2,31.65,21.4291666666667,346.5,263.5,382.0,32.5954545454545,11.5806818181818,159.545454545455,35.4653846153846,21.775,82.8533333333334,18.8463768115942,43.35,50.6,135.26,4.41,7.407625,26.73125,31.8083333333333,10.075,11.7455882352941,76.78,18.3014705882353,275.375,57.3,5.40076923076923,32.95,35.46875,69.6061224489796,53.0017094017094,64.6142857142857,68.94,208.0,37.2,8.90796019900497,97.655,65.1,24.2053571428571,20.6,83.3,270.370967741935,310.25,17.9473684210526,77.7571428571428,39.3,13.6,33.9902777777778,11.05,17.36,17.3911504424779,,221.875,16.1533333333333,23.14,9.81,26.4555555555556,8.21,9.88,19.4,15.45,53.28125,46.9705882352941,8.55394736842105,19.615625,12.7701923076923,22.45,12.1,7.28,10.1607142857143,17.4934782608696,15.3,210.25,57.8,2530.0,31.45,118.428571428571,56.3538461538461,100.166666666667,61.43,15.3815217391304,67.5,65.9,9.91941520467836,36.8,96.5236559139785,10.8681818181818,32.125,23.45,67.2,39.90625,83.7428571428571,,93.84,152.5,35.8,56.55,13.846017699115,3.7228947368421,90.9157894736842,69.3333333333333,90.4,86.6090909090909,473.0,326.0,332.5,350.0,135.0,76.1857142857143,203.0,,45.55,177.5,183.625,99.15,227.5,36.25,74.8,73.6,40.5484375
33.3583333333333,30.0,54.5944444444445,76.9,73.09,60.1,8.02709302325581,37.4775,69.72,27.7490740740741,30.3,413.583333333333,203.0,26.025,128.0,143.8,7.32928571428571,27.55,30.69,40.8857142857143,113.5,51.8351351351351,11.65,11.3,18.875,38.15,158.5,396.75,20.45,56.9833333333333,52.2,31.6666666666667,21.4507142857143,346.5,263.5,381.7,32.5928571428571,11.5987341772152,159.5,35.4608695652174,21.7676470588235,82.8353658536585,18.8225,43.35,50.7,135.194444444444,4.41,7.41,26.75,31.8,10.075,11.7083333333333,76.7866666666667,18.35,275.5,57.3,5.4,32.95,35.487037037037,69.6060606060606,53.0142857142857,64.6,69.3,208.5,37.2454545454545,8.90264984227129,97.5946428571428,65.0375,24.2447916666667,20.6,83.3,270.535714285714,310.307692307692,17.95,77.7023809523809,39.357,13.6,34.0321917808219,11.05,17.3517857142857,17.4,,221.875,16.1852941176471,23.12,9.81210526315789,26.4888888888889,8.21,9.88,19.35,15.45,53.2639344262295,46.9921052631579,8.55238938053097,19.61,12.777027027027,22.4527777777778,12.1,7.28777777777778,10.1881355932203,17.4921232876712,15.3071428571429,210.25,57.82,2531.66666666667,31.45,118.5,56.4,100.05,61.44,15.425,67.6,66.0,9.90921443736731,36.8,96.5475609756098,10.8617647058824,32.125,23.5,67.2944444444444,39.93,83.8285714285714,,93.9,152.5,35.8,56.5133333333333,13.85,3.73,90.9,69.2857142857143,90.4019230769231,86.6111111111111,473.125,327.0,332.5,350.25,135.0,76.0,203.0,,45.5638888888889,177.5,183.0,99.2,227.5,36.25,74.9,73.6,40.5431034482759
33.35,30.0175,54.545,77.0,73.0066666666667,60.12,8.03,37.504,69.6916666666667,27.75,30.3,414.0,203.454545454545,26.05,127.5,144.136363636364,7.324375,27.5709523809524,30.65,40.85,113.5,51.9441176470588,11.6646341463415,11.3,18.8657894736842,38.15,158.5,396.0,20.4,56.9913043478261,52.2,31.65,21.4886363636364,346.5,263.5,381.5,32.602,11.5932692307692,159.666666666667,35.4583333333333,21.7819444444444,82.8876712328767,18.8,43.35,50.7,135.188888888889,4.41636363636364,7.4078125,26.7975806451613,31.8,10.05,11.7261904761905,76.7438596491228,18.359375,275.0,57.3,5.4,32.96,35.4985714285714,69.6,53.06875,64.7,69.2846153846154,208.5,37.3818181818182,8.90619047619048,97.5722222222222,65.03,24.2504347826087,20.55,83.4,270.5,310.4375,17.95,77.6882352941176,39.4,13.6125,34.1104166666667,11.05,17.3671052631579,17.4240740740741,,222.0,16.1875,23.125,9.81333333333333,26.4642857142857,8.21,9.88,19.4,15.45,53.2915662650603,46.9883838383838,8.55046511627907,19.6176470588235,12.7779220779221,22.4642857142857,12.1,7.28560975609756,10.1836956521739,17.4978873239437,15.3228260869565,210.409090909091,57.9,2532.5,31.49,118.333333333333,56.4,100.090909090909,61.4966666666667,15.4083333333333,67.5,66.0,9.90845679012346,36.7,96.3677966101695,10.8666666666667,32.1111111111111,23.4916666666667,67.4,39.9463768115942,83.8244186046512,,93.9,152.5,35.8,56.5133333333333,13.855,3.72866666666667,90.8941176470588,69.141935483871,90.4928571428571,86.5586206896552,472.2,327.0,332.5,350.375,135.0,76.0,203.0,,45.6,177.461538461538,183.0,99.2,227.5,36.2233333333333,74.8,73.6,40.5305555555556
33.35,30.0285714285714,54.5676470588235,76.94,73.1,60.0583333333333,8.04294117647059,37.5045454545455,69.7,27.7461538461538,30.325,414.342105263158,203.315789473684,26.0979166666667,127.545454545455,144.5,7.32818181818182,27.6108695652174,30.65,40.9,113.0,52.0,11.6509090909091,11.25,18.8614285714286,38.2,158.5,395.5,20.4,57.06,52.3,31.65,21.4611111111111,346.25,263.0,381.75,32.6,11.6073033707865,159.875,35.4722222222222,21.7833333333333,82.8603773584906,18.8094594594595,43.38125,50.7,135.344339622642,4.41555555555556,7.41,26.8431818181818,31.8131578947368,10.05,11.7178571428571,76.7842105263158,18.3611111111111,275.083333333333,57.3,5.4,32.95,35.5042857142857,69.6125,53.0,64.7,69.3333333333333,208.5,37.4574074074074,8.90813008130081,97.5833333333333,65.1125,24.2714285714286,20.555,83.4,270.538461538462,310.866666666667,18.0,77.6333333333333,39.3857142857143,13.6388888888889,34.125,11.05,17.35,17.444696969697,,222.125,16.1425925925926,23.1214285714286,9.81714285714285,26.4968253968254,8.21916666666667,9.88,19.4,15.45,53.2811320754717,46.996,8.55209302325582,19.6333333333333,12.7808823529412,22.4535714285714,12.1108695652174,7.2804,10.1806818181818,17.4997142857143,15.3171875,210.409090909091,57.7,2535.0,31.5,118.45,56.4,100.166666666667,61.51875,15.44,67.6,66.0,9.9071469740634,36.6,96.1694444444445,10.8785714285714,32.14375,23.4976190476191,67.3,39.9781609195402,83.7941176470588,,93.9,152.5,35.7964285714286,56.575,13.8625,3.72666666666667,90.8166666666667,69.2,90.5176470588235,86.5791666666667,473.5,327.0,332.0,350.97619047619,135.0,76.0,203.0,,45.5966666666667,177.833333333333,184.0,99.1,227.5,36.2,74.9,73.6,40.5558823529412
33.3590909090909,30.025,54.5925,76.9833333333333,73.0615384615385,60.08,8.0425,37.498,69.7181818181818,27.7083333333333,30.3,414.541666666667,203.0,26.1,127.125,144.5,7.33,27.5666666666667,30.6333333333333,40.9071428571429,113.5,52.1324324324324,11.6148936170213,11.25,18.8511904761905,38.2,158.1,395.5,20.45,57.0904761904762,52.2,31.6666666666667,21.490625,346.25,263.0,382.0,32.6735294117647,11.6127659574468,159.590909090909,35.4855263157895,21.7714285714286,82.8375,18.8125,43.4166666666667,50.8423076923077,135.235537190083,4.41047619047619,7.40625,26.818023255814,31.815625,10.1,11.7092592592593,76.7625,18.35,275.0,57.3,5.4,33.0,35.515625,69.66,53.0711111111111,64.6913043478261,69.36,208.5,37.4625,8.90167630057804,97.5761904761905,65.155,24.265625,20.5611111111111,83.4,270.533333333333,311.0,18.0,77.6409090909091,39.3542857142857,13.6125,34.1541666666667,11.1,17.3528301886792,17.4488151658768,,222.125,16.1305555555556,23.1375,9.82,26.5012195121951,8.218,9.87,19.4,15.455,53.286301369863,46.9968421052632,8.55228310502283,19.6164556962025,12.7833333333333,22.4592592592593,12.1244444444444,7.27962962962963,10.1962121212121,17.5,15.3346153846154,210.5,57.8,2535.0,31.46875,118.428571428571,56.4,100.0,61.7,15.4074074074074,67.6,66.0,9.91133333333334,36.7,95.9970297029703,10.8571428571429,32.1319444444444,23.5,67.35,40.1284090909091,83.8372881355932,,93.9,152.75,35.75,56.575,13.864,3.72269230769231,90.8555555555556,69.2,90.5380952380952,86.5769230769231,473.5,327.0,332.0,352.346153846154,135.0,76.1,203.0,,45.6352941176471,177.8,183.5,99.1,227.5,36.2107142857143,74.9,73.6,40.5606382978723
33.3565217391304,30.0607142857143,54.5787878787879,77.0,73.0181818181818,60.032,8.03166666666667,37.5,69.6285714285714,27.7034482758621,30.3066666666667,414.166666666667,203.269230769231,26.1,127.5,144.0,7.31,27.5833333333333,30.6375,40.9,113.333333333333,52.075,11.60625,11.25,18.8543333333333,38.2,158.25,395.5,20.45,57.05,52.2,31.645,21.5166666666667,346.25,263.0,382.0,32.7921875,11.6,159.5,35.4324324324324,21.7951871657754,82.8764150943396,18.8125,43.3535714285714,51.0181818181818,135.297570850202,4.41,7.40888888888889,26.8793991416309,31.8,10.05,11.7125,76.7608695652174,18.3738095238095,274.75,57.3,5.40333333333333,32.9958333333333,35.5203703703704,69.7709677419355,53.0588235294118,64.8172413793103,69.5125,208.25,37.45,8.90364705882353,97.5347826086956,65.2444444444444,24.277358490566,20.5941176470588,83.4,270.895348837209,310.625,18.0,77.6193548387097,39.3211267605634,13.6378787878788,34.1285714285714,11.0798245614035,17.35,17.4858993902439,,222.125,16.1120689655172,23.15,9.828,26.48875,8.21,9.87763157894737,19.3625,15.4578125,53.295,46.9799270072993,8.55371428571429,19.6120967741936,12.7529411764706,22.4982384823848,12.102380952381,7.27810126582278,10.1793650793651,17.4865789473684,15.3129310344828,210.357142857143,57.7785714285714,2535.0,31.5,118.45,56.4,100.041666666667,61.74,15.4263157894737,67.6,66.1,9.91114754098361,36.7,95.9879310344828,10.8891304347826,32.175,23.4757142857143,67.3090909090909,40.2230769230769,83.8197368421053,,93.9666666666667,152.75,35.75,56.5607142857143,13.85375,3.73,90.8636363636364,69.2066666666667,90.52,86.5891891891892,473.5,327.0,332.0,352.5,135.045454545455,76.0,203.0,,45.6277777777778,177.833333333333,183.944444444444,99.1,227.5,36.2,74.9,73.6,40.5125
33.3689655172414,30.0760869565217,54.566,77.0,73.0541666666667,60.1172413793104,8.05,37.5,69.6411764705882,27.7035714285714,30.3222222222222,414.047619047619,203.166666666667,26.05,127.08,144.166666666667,7.315,27.55,30.6375,40.8875,113.5,52.0661016949152,11.6125,11.25,18.8610169491525,38.2,158.25,396.333333333333,20.45,57.0809523809524,52.22,31.62,21.4565217391304,346.0,263.0,382.25,32.852380952381,11.5785714285714,159.678571428571,35.4388157894737,21.7958333333333,82.8407692307692,18.8012396694215,43.3181818181818,50.8230769230769,135.25730994152,4.41,7.41,26.9041666666667,31.8,10.055,11.7088235294118,76.7859649122807,18.3607142857143,274.5,57.3,5.4,33.0,35.5107142857143,69.8,53.0,64.8,69.5727272727273,208.5,37.5313725490196,8.91204887218045,97.5464285714286,65.3,24.2771186440678,20.575,83.4666666666667,270.923076923077,310.5,18.0444444444444,77.6371428571428,39.3260869565217,13.6,34.1772727272727,11.1237745098039,17.3628205128205,17.5269874476987,,222.25,16.1263157894737,23.1545454545454,9.83444444444444,26.4735294117647,8.21,9.88,19.3947368421053,15.45,53.2759493670886,46.9695402298851,8.55290909090909,19.6182926829268,12.7685840707965,22.4861111111111,12.1,7.28,10.1945833333333,17.4971153846154,15.311320754717,210.25,57.81,2530.0,31.5333333333333,118.5,56.4285714285714,100.0625,61.8095238095238,15.4181818181818,67.7,66.1,9.90742537313433,36.7,96.0764705882353,10.85,32.16875,23.5585561497326,67.3166666666667,40.2214285714286,83.8846153846154,,93.8818181818182,152.583333333333,35.7,56.5738095238095,13.8617647058823,3.72,90.8642857142857,69.3076923076923,90.5553191489362,86.6463414634146,473.5,326.75,332.0,351.5,135.5,75.9571428571429,203.0,,45.5833333333333,177.75,184.0,99.25,227.5,36.1724137931035,74.9833333333333,73.6,40.5071428571429
33.3825,30.0825,54.569696969697,76.9166666666667,73.0375,60.1,8.0446511627907,37.4946428571429,69.6,27.7111111111111,30.3,413.527777777778,203.05,26.035,127.176470588235,143.75,7.315,27.598275862069,30.6375,40.85,113.5,52.1774193548387,11.6090909090909,11.25,18.8661458333333,38.15,158.444444444444,395.875,20.414,57.0181818181818,52.22,31.65,21.45,347.125,263.0,382.25,32.885,11.580303030303,159.9625,35.4810344827586,21.7539682539682,82.85,18.804347826087,43.2961538461538,50.55,135.406914893617,4.41,7.41188679245283,26.9123711340206,31.8009259259259,10.1,11.7109375,76.7689655172414,18.35,274.666666666667,57.4,5.4,33.0,35.5309210526316,69.7738095238095,53.0021739130435,64.8,69.6285714285714,209.0,37.6794117647059,8.92236641221374,97.5046511627907,65.45,24.2791891891892,20.5583333333333,83.4666666666667,271.024752475248,310.5,18.0,77.6125,39.3131578947369,13.6013157894737,34.1166666666667,11.1125,17.362,17.5235042735043,,221.5,16.1266666666667,23.2583333333333,9.84444444444444,26.4883333333333,8.20818181818182,9.88,19.3833333333333,15.45,53.2631578947368,46.9899305555556,8.5525786163522,19.6176470588235,12.7822033898305,22.4826086956522,12.1057291666667,7.28685714285714,10.2083333333333,17.5248397435897,15.3289473684211,210.0,57.8857142857143,2530.0,31.5333333333333,118.4,56.4916666666667,100.285714285714,61.9,15.450974025974,67.7,66.05,9.91073369565218,36.6,96.163829787234,10.8818181818182,32.15625,23.6653225806452,67.3,40.2269230769231,83.8821428571428,,93.9,153.0,35.7,56.6,13.8828947368421,3.72699029126214,90.9096774193549,69.3142857142857,90.5555555555556,86.6975609756097,472.75,326.0,331.5,351.7,135.0,75.85,203.0,,45.5153846153846,177.666666666667,184.0,99.25,227.5,36.1325,74.8666666666667,73.6,40.5714285714286
33.3632352941176,30.053125,54.5765625,76.9,73.0,60.1111111111111,8.05125,37.5804347826087,69.6060606060606,27.7058823529412,30.3166666666667,412.306818181818,203.275862068966,26.052380952381,127.285714285714,144.0,7.31,27.5752336448598,30.65,40.8583333333333,113.375,52.4616071428572,11.6406976744186,11.25,18.876171875,38.2,158.5,396.0,20.41,57.0777777777778,52.3,31.6571428571429,21.4625,346.0,263.0,382.75,32.8893939393939,11.570295202952,159.982456140351,35.45,21.7666666666667,82.8633744855967,18.8338709677419,43.2777777777778,50.6,135.202743902439,4.41086956521739,7.413125,26.9613573407202,31.8048387096774,10.055,11.7,76.790243902439,18.3947619047619,274.932203389831,57.4,5.405,32.95,35.545,69.8,53.0,64.7666666666667,69.8,208.944444444444,37.6680327868852,8.91654545454545,97.5264705882353,65.6481481481481,24.3031531531532,20.5984615384615,83.4666666666667,271.481481481481,310.678571428571,18.0,77.7333333333333,39.325,13.6088235294118,34.085,11.1,17.3661290322581,17.5444915254237,,222.0,16.13,23.35,9.85701754385965,26.4535714285714,8.20416666666667,9.88,19.3576923076923,15.45,53.2801886792453,46.9971698113208,8.55093457943925,19.6151898734177,12.7692307692308,22.4538461538462,12.1223140495868,7.28257142857143,10.1986363636364,17.543231441048,15.3183908045977,209.95,57.8375,2528.125,31.5,118.222222222222,56.4769230769231,100.136363636364,61.8130434782609,15.486,67.8,66.05,9.91563157894737,36.65,96.2005291005291,10.9125,32.1428571428571,23.6938461538462,67.3666666666667,40.2,83.8396226415094,,93.8888888888889,153.25,35.7,56.5133333333333,13.8637931034483,3.72337662337662,90.924,69.2916666666667,90.5661764705882,86.7,472.5,326.0,331.666666666667,351.75,135.5,75.8,203.0,,45.4928571428571,177.928571428571,183.9,99.25,227.5,36.11,74.8,73.6,40.5921875
33.3634615384615,30.0458333333333,54.5666666666667,76.9777777777778,73.025,60.1285714285714,8.0455223880597,37.5307692307692,69.635294117647,27.70625,30.3,413.2,203.181818181818,26.1045454545455,127.863636363636,144.0,7.31,27.629,30.625,40.85,113.333333333333,52.7846153846154,11.65,11.25,18.8946902654867,38.2,158.5,396.5,20.4,57.05,52.25,31.6952380952381,21.464,345.75,263.0,383.0,32.8681818181818,11.5867647058823,159.973684210526,35.4909090909091,21.7755434782609,82.8940740740741,18.8477941176471,43.3115384615385,50.7,135.310810810811,4.41645161290322,7.41648648648649,26.9750902527076,31.7879310344828,10.0820512820513,11.7045454545455,76.7327586206897,18.35,274.988636363636,57.4083333333333,5.39853146853147,32.9928571428571,35.5640625,69.8210526315789,53.0,64.7375,69.66,209.0,37.671875,8.92096385542169,97.5636363636364,65.7148148148148,24.3372093023256,20.5678571428572,83.425,271.427419354839,310.522727272727,18.0,77.6818181818182,39.3413043478261,13.635,33.9519230769231,11.1027777777778,17.33,17.5226315789474,,221.642857142857,16.125,23.3357142857143,9.852,26.4576923076923,8.21333333333333,9.87084507042254,19.4,15.4590909090909,53.264406779661,46.9509202453988,8.55345132743363,19.6430921052632,12.787841191067,22.4931818181818,12.1022222222222,7.2834,10.2063636363636,17.5192028985507,15.3067567567568,209.5,57.84,2525.5,31.5318181818182,118.416666666667,56.5,100.285714285714,61.7909090909091,15.474,67.7,66.0,9.91568253968254,36.65,96.191847826087,10.9,32.1477272727273,23.6927536231884,67.39,40.2291666666667,83.866,,93.91875,153.25,35.6428571428571,56.4961538461539,13.8497747747748,3.72025974025974,90.8909090909091,69.2807692307692,90.6818181818182,86.7181818181818,471.3,325.428571428571,332.0,352.454545454545,135.176470588235,75.9857142857143,202.5,,45.4133333333333,177.75,184.071428571429,98.9333333333333,227.0,36.090625,74.8,73.5,40.6
33.3634615384615,30.0458333333333,54.5666666666667,76.9777777777778,73.025,60.1285714285714,8.0455223880597,37.5307692307692,69.635294117647,27.70625,30.3,413.2,203.181818181818,26.1045454545455,127.863636363636,144.0,7.31,27.629,30.625,40.85,113.333333333333,52.7846153846154,11.65,11.25,18.8946902654867,38.2,158.5,396.5,20.4,57.05,52.25,31.6952380952381,21.464,345.75,263.0,383.0,32.8681818181818,11.5867647058823,159.973684210526,35.4909090909091,21.7755434782609,82.8940740740741,18.8477941176471,43.3115384615385,50.7,135.310810810811,4.41645161290322,7.41648648648649,26.9750902527076,31.7879310344828,10.0820512820513,11.7045454545455,76.7327586206897,18.35,274.988636363636,57.4083333333333,5.39853146853147,32.9928571428571,35.5640625,69.8210526315789,53.0,64.7375,69.66,209.0,37.671875,8.92096385542169,97.5636363636364,65.7148148148148,24.3372093023256,20.5678571428572,83.425,271.427419354839,310.522727272727,18.0,77.6818181818182,39.3413043478261,13.635,33.9519230769231,11.1027777777778,17.33,17.5226315789474,,221.642857142857,16.125,23.3357142857143,9.852,26.4576923076923,8.21333333333333,9.87084507042254,19.4,15.4590909090909,53.264406779661,46.9509202453988,8.55345132743363,19.6430921052632,12.787841191067,22.4931818181818,12.1022222222222,7.2834,10.2063636363636,17.5192028985507,15.3067567567568,209.5,57.84,2525.5,31.5318181818182,118.416666666667,56.5,100.285714285714,61.7909090909091,15.474,67.7,66.0,9.91568253968254,36.65,96.191847826087,10.9,32.1477272727273,23.6927536231884,67.39,40.2291666666667,83.866,,93.91875,153.25,35.6428571428571,56.4961538461539,13.8497747747748,3.72025974025974,90.8909090909091,69.2807692307692,90.6818181818182,86.7181818181818,471.3,325.428571428571,332.0,352.454545454545,135.176470588235,75.9857142857143,202.5,,45.4133333333333,177.75,184.071428571429,98.9333333333333,227.0,36.090625,74.8,73.5,40.6
33.3634615384615,30.0458333333333,54.5666666666667,76.9777777777778,73.025,60.1285714285714,8.0455223880597,37.5307692307692,69.635294117647,27.70625,30.3,413.2,203.181818181818,26.1045454545455,127.863636363636,144.0,7.31,27.629,30.625,40.85,113.333333333333,52.7846153846154,11.65,11.25,18.8946902654867,38.2,158.5,396.5,20.4,57.05,52.25,31.6952380952381,21.464,345.75,263.0,383.0,32.8681818181818,11.5867647058823,159.973684210526,35.4909090909091,21.7755434782609,82.8940740740741,18.8477941176471,43.3115384615385,50.7,135.310810810811,4.41645161290322,7.41648648648649,26.9750902527076,31.7879310344828,10.0820512820513,11.7045454545455,76.7327586206897,18.35,274.988636363636,57.4083333333333,5.39853146853147,32.9928571428571,35.5640625,69.8210526315789,53.0,64.7375,69.66,209.0,37.671875,8.92096385542169,97.5636363636364,65.7148148148148,24.3372093023256,20.5678571428572,83.425,271.427419354839,310.522727272727,18.0,77.6818181818182,39.3413043478261,13.635,33.9519230769231,11.1027777777778,17.33,17.5226315789474,,221.642857142857,16.125,23.3357142857143,9.852,26.4576923076923,8.21333333333333,9.87084507042254,19.4,15.4590909090909,53.264406779661,46.9509202453988,8.55345132743363,19.6430921052632,12.787841191067,22.4931818181818,12.1022222222222,7.2834,10.2063636363636,17.5192028985507,15.3067567567568,209.5,57.84,2525.5,31.5318181818182,118.416666666667,56.5,100.285714285714,61.7909090909091,15.474,67.7,66.0,9.91568253968254,36.65,96.191847826087,10.9,32.1477272727273,23.6927536231884,67.39,40.2291666666667,83.866,,93.91875,153.25,35.6428571428571,56.4961538461539,13.8497747747748,3.72025974025974,90.8909090909091,69.2807692307692,90.6818181818182,86.7181818181818,471.3,325.428571428571,332.0,352.454545454545,135.176470588235,75.9857142857143,202.5,,45.4133333333333,177.75,184.071428571429,98.9333333333333,227.0,36.090625,74.8,73.5,40.6
33.3634615384615,30.0458333333333,54.5666666666667,76.9777777777778,73.025,60.1285714285714,8.0455223880597,37.5307692307692,69.635294117647,27.70625,30.3,413.2,203.181818181818,26.1045454545455,127.863636363636,144.0,7.31,27.629,30.625,40.85,113.333333333333,52.7846153846154,11.65,11.25,18.8946902654867,38.2,158.5,396.5,20.4,57.05,52.25,31.6952380952381,21.464,345.75,263.0,383.0,32.8681818181818,11.5867647058823,159.973684210526,35.4909090909091,21.7755434782609,82.8940740740741,18.8477941176471,43.3115384615385,50.7,135.310810810811,4.41645161290322,7.41648648648649,26.9750902527076,31.7879310344828,10.0820512820513,11.7045454545455,76.7327586206897,18.35,274.988636363636,57.4083333333333,5.39853146853147,32.9928571428571,35.5640625,69.8210526315789,53.0,64.7375,69.66,209.0,37.671875,8.92096385542169,97.5636363636364,65.7148148148148,24.3372093023256,20.5678571428572,83.425,271.427419354839,310.522727272727,18.0,77.6818181818182,39.3413043478261,13.635,33.9519230769231,11.1027777777778,17.33,17.5226315789474,,221.642857142857,16.125,23.3357142857143,9.852,26.4576923076923,8.21333333333333,9.87084507042254,19.4,15.4590909090909,53.264406779661,46.9509202453988,8.55345132743363,19.6430921052632,12.787841191067,22.4931818181818,12.1022222222222,7.2834,10.2063636363636,17.5192028985507,15.3067567567568,209.5,57.84,2525.5,31.5318181818182,118.416666666667,56.5,100.285714285714,61.7909090909091,15.474,67.7,66.0,9.91568253968254,36.65,96.191847826087,10.9,32.1477272727273,23.6927536231884,67.39,40.2291666666667,83.866,,93.91875,153.25,35.6428571428571,56.4961538461539,13.8497747747748,3.72025974025974,90.8909090909091,69.2807692307692,90.6818181818182,86.7181818181818,471.3,325.428571428571,332.0,352.454545454545,135.176470588235,75.9857142857143,202.5,,45.4133333333333,177.75,184.071428571429,98.9333333333333,227.0,36.090625,74.8,73.5,40.6
33.3634615384615,30.0458333333333,54.5666666666667,76.9777777777778,73.025,60.1285714285714,8.0455223880597,37.5307692307692,69.635294117647,27.70625,30.3,413.2,203.181818181818,26.1045454545455,127.863636363636,144.0,7.31,27.629,30.625,40.85,113.333333333333,52.7846153846154,11.65,11.25,18.8946902654867,38.2,158.5,396.5,20.4,57.05,52.25,31.6952380952381,21.464,345.75,263.0,383.0,32.8681818181818,11.5867647058823,159.973684210526,35.4909090909091,21.7755434782609,82.8940740740741,18.8477941176471,43.3115384615385,50.7,135.310810810811,4.41645161290322,7.41648648648649,26.9750902527076,31.7879310344828,10.0820512820513,11.7045454545455,76.7327586206897,18.35,274.988636363636,57.4083333333333,5.39853146853147,32.9928571428571,35.5640625,69.8210526315789,53.0,64.7375,69.66,209.0,37.671875,8.92096385542169,97.5636363636364,65.7148148148148,24.3372093023256,20.5678571428572,83.425,271.427419354839,310.522727272727,18.0,77.6818181818182,39.3413043478261,13.635,33.9519230769231,11.1027777777778,17.33,17.5226315789474,,221.642857142857,16.125,23.3357142857143,9.852,26.4576923076923,8.21333333333333,9.87084507042254,19.4,15.4590909090909,53.264406779661,46.9509202453988,8.55345132743363,19.6430921052632,12.787841191067,22.4931818181818,12.1022222222222,7.2834,10.2063636363636,17.5192028985507,15.3067567567568,209.5,57.84,2525.5,31.5318181818182,118.416666666667,56.5,100.285714285714,61.7909090909091,15.474,67.7,66.0,9.91568253968254,36.65,96.191847826087,10.9,32.1477272727273,23.6927536231884,67.39,40.2291666666667,83.866,,93.91875,153.25,35.6428571428571,56.4961538461539,13.8497747747748,3.72025974025974,90.8909090909091,69.2807692307692,90.6818181818182,86.7181818181818,471.3,325.428571428571,332.0,352.454545454545,135.176470588235,75.9857142857143,202.5,,45.4133333333333,177.75,184.071428571429,98.9333333333333,227.0,36.090625,74.8,73.5,40.6
33.3634615384615,30.0458333333333,54.5666666666667,76.9777777777778,73.025,60.1285714285714,8.0455223880597,37.5307692307692,69.635294117647,27.70625,30.3,413.2,203.181818181818,26.1045454545455,127.863636363636,144.0,7.31,27.629,30.625,40.85,113.333333333333,52.7846153846154,11.65,11.25,18.8946902654867,38.2,158.5,396.5,20.4,57.05,52.25,31.6952380952381,21.464,345.75,263.0,383.0,32.8681818181818,11.5867647058823,159.973684210526,35.4909090909091,21.7755434782609,82.8940740740741,18.8477941176471,43.3115384615385,50.7,135.310810810811,4.41645161290322,7.41648648648649,26.9750902527076,31.7879310344828,10.0820512820513,11.7045454545455,76.7327586206897,18.35,274.988636363636,57.4083333333333,5.39853146853147,32.9928571428571,35.5640625,69.8210526315789,53.0,64.7375,69.66,209.0,37.671875,8.92096385542169,97.5636363636364,65.7148148148148,24.3372093023256,20.5678571428572,83.425,271.427419354839,310.522727272727,18.0,77.6818181818182,39.3413043478261,13.635,33.9519230769231,11.1027777777778,17.33,17.5226315789474,,221.642857142857,16.125,23.3357142857143,9.852,26.4576923076923,8.21333333333333,9.87084507042254,19.4,15.4590909090909,53.264406779661,46.9509202453988,8.55345132743363,19.6430921052632,12.787841191067,22.4931818181818,12.1022222222222,7.2834,10.2063636363636,17.5192028985507,15.3067567567568,209.5,57.84,2525.5,31.5318181818182,118.416666666667,56.5,100.285714285714,61.7909090909091,15.474,67.7,66.0,9.91568253968254,36.65,96.191847826087,10.9,32.1477272727273,23.6927536231884,67.39,40.2291666666667,83.866,,93.91875,153.25,35.6428571428571,56.4961538461539,13.8497747747748,3.72025974025974,90.8909090909091,69.2807692307692,90.6818181818182,86.7181818181818,471.3,325.428571428571,332.0,352.454545454545,135.176470588235,75.9857142857143,202.5,,45.4133333333333,177.75,184.071428571429,98.9333333333333,227.0,36.090625,74.8,73.5,40.6
33.3,30.0,54.2,76.8,72.9,60.0,8.06,37.65,69.5,27.7,30.25,413.0,203.0,26.1,128.0,143.5,7.31,27.6,30.5,40.75,113.0,53.0,11.6,11.25,18.8,38.1,158.5,396.0,20.4,57.0,52.1,31.6,21.35,345.5,263.0,382.0,32.7,11.55,160.0,35.3,21.75,82.8,18.8,43.2,50.5,135.0,4.41,7.42,27.0,31.75,10.05,11.7,76.6,18.35,274.5,57.3,5.38,33.0,35.6,69.5,53.0,64.7,69.5,208.5,37.55,8.89,97.3,66.0,24.25,20.5,83.2,270.5,310.0,18.0,78.0,39.15,13.6,33.65,11.05,17.25,17.5,,222.0,16.1,23.25,9.88,26.4,8.2,9.87,19.4,15.45,53.1,46.8,8.52,19.6,12.75,22.45,12.1,7.27,10.15,17.4,15.3,209.5,57.6,2515.0,31.5,118.0,56.5,100.0,61.3,15.5,68.0,66.2,9.9,36.75,96.8,10.9,32.1,23.75,67.2,40.1,84.0,,93.9,153.5,35.6,56.3,13.8,3.71,90.8,69.4,90.6,87.1,470.0,328.0,331.5,354.5,135.0,75.9,202.5,,45.3,177.5,183.5,98.8,227.0,36.05,74.8,73.4,40.55
