1101,1102,1216,1227,1301,1303,1314,1319,1326,1402,1434,1476,1477,1504,1536,1590,1605,1704,1717,1722,1723,1789,1802,1909,2002,2015,2049,2059,2103,2105,2106,2201,2204,2207,2227,2231,2301,2303,2308,2311,2313,2317,2324,2325,2327,2330,2337,2344,2345,2347,2352,2353,2354,2356,2357,2360,2371,2376,2377,2379,2382,2383,2385,2395,2408,2409,2412,2439,2448,2449,2451,2454,2474,2492,2498,2542,2603,2606,2610,2615,2618,2633,2723,2801,2809,2812,2823,2834,2845,2867,2880,2881,2882,2883,2884,2885,2886,2887,2888,2890,2891,2892,2912,2915,3008,3019,3034,3044,3045,3189,3231,3406,3443,3481,3532,3673,3682,3702,3706,4904,4915,4938,4943,4958,5264,5522,5871,5880,6116,6176,6239,6269,6285,6409,6414,6415,6452,6456,6505,8454,8464,9904,9910,9914,9917,9921,9933,9938,9941,9945
35.0,33.2,70.4,49.05,99.0,73.0,11.9,37.8,104.5,28.85,33.7,347.0,172.0,18.0,122.5,337.0,17.2,51.9,23.75,46.2,135.5,25.1,13.6,16.0,24.05,58.2,241.0,333.0,27.35,41.3,29.55,19.9,24.3,242.0,224.0,243.0,40.85,11.1,129.5,,21.35,70.5,17.5,,340.5,223.5,19.55,14.15,99.9,35.8,19.8,19.2,60.1,21.9,216.0,120.5,37.35,39.0,68.1,139.0,50.5,80.8,63.0,231.5,53.2,12.45,107.5,127.0,28.05,21.55,67.6,228.0,222.5,171.0,39.8,46.0,12.1,32.5,10.5,16.1,15.55,30.35,219.0,17.7,31.4,10.2,29.0,10.75,10.05,12.45,17.7,47.75,47.95,10.0,20.3,15.3,25.9,13.4,9.74,10.2,20.0,19.85,320.0,84.5,3250.0,65.7,139.0,81.9,108.5,51.5,18.8,203.0,193.0,10.2,137.0,49.3,7.72,36.5,27.4,72.8,44.6,51.3,119.5,80.2,38.5,34.7,95.8,17.8,7.11,83.0,69.5,78.5,80.3,505.0,264.5,461.0,173.5,96.0,113.0,200.0,254.0,31.15,186.5,133.5,87.4,145.5,44.4,49.5,89.3,47.0
35.0,33.2,70.1,49.05,98.8,72.8,11.9,37.8,104.5,28.85,33.7,347.5,172.0,18.05,122.5,340.0,17.15,51.9,23.75,46.25,135.5,25.1,13.6,16.0,24.0,58.2,241.5,333.0,27.35,41.25,29.55,19.9,24.3,242.0,224.0,245.0,40.85,11.05,129.5,,21.4,70.5,17.45,,340.0,224.0,19.55,14.15,100.5,35.65,19.8,19.15,60.2,21.95,216.0,120.5,37.45,39.1,68.4,138.5,50.5,81.3,63.0,231.5,53.1,12.45,107.5,128.0,28.05,21.7,67.6,228.0,221.5,172.0,39.85,46.2,12.15,32.55,10.5,16.1,15.55,30.35,220.0,17.6,31.4,10.2,28.95,10.75,10.05,12.45,17.6,47.6,47.95,10.0,20.35,15.3,25.85,13.4,9.76,10.2,20.0,19.75,320.0,84.6,3245.0,65.8,139.0,81.9,108.5,51.7,18.8,204.0,194.5,10.25,136.5,49.25,7.71,36.55,27.4,72.6,44.7,51.4,120.5,80.7,38.5,34.7,96.0,17.8,7.11,83.2,69.7,78.6,80.5,505.0,266.0,461.5,173.0,95.6,112.5,201.0,254.5,31.15,186.0,133.5,87.4,146.0,44.35,49.5,89.4,47.0
35.0,33.2,70.0,49.05,98.8,72.7,11.9,37.8,104.5,28.85,33.7,348.5,172.0,18.0,122.5,340.0,17.15,51.9,23.75,46.3,135.5,25.1,13.6,16.0,24.05,58.2,243.0,333.0,27.35,41.3,29.55,19.9,24.3,242.0,224.0,244.0,40.85,11.05,129.0,,21.45,70.3,17.5,,340.0,224.0,19.55,14.15,101.5,35.65,19.85,19.15,60.3,21.95,216.0,120.0,37.5,39.2,68.5,139.0,50.4,81.6,63.0,231.5,53.2,12.45,107.5,128.0,28.15,21.7,67.6,228.0,221.0,172.0,39.7,46.05,12.1,32.6,10.5,16.1,15.5,30.35,220.5,17.6,31.4,10.2,28.95,10.75,10.05,12.45,17.6,47.55,47.95,9.99,20.35,15.25,25.85,13.4,9.74,10.2,20.0,19.8,320.0,84.6,3245.0,65.6,139.0,81.9,108.5,52.0,18.85,202.0,194.0,10.25,136.0,49.35,7.71,36.55,27.4,72.7,44.8,51.3,120.5,80.7,38.5,34.7,96.0,17.8,7.11,83.2,69.9,78.4,81.0,505.0,266.0,461.5,174.0,95.6,112.5,201.0,253.0,31.2,184.0,133.5,87.4,146.0,44.35,49.7,89.4,47.0
35.0,33.1,69.9,49.0,98.8,72.7,11.9,37.8,105.0,28.85,33.7,348.0,172.0,18.0,122.5,339.0,17.2,51.9,23.75,46.3,135.5,25.1,13.6,16.0,23.9,58.2,243.5,333.0,27.35,41.3,29.55,19.95,24.3,242.0,224.0,244.0,40.85,11.05,129.0,,21.35,70.2,17.5,,342.0,224.0,19.5,14.15,101.0,35.7,19.85,19.15,60.4,22.0,216.0,120.5,37.5,39.25,68.4,139.0,50.4,81.5,62.8,229.5,53.5,12.45,107.5,127.5,28.1,21.55,67.6,228.0,221.0,172.5,39.6,46.05,12.15,32.6,10.5,16.1,15.5,30.35,220.5,17.6,31.4,10.2,28.9,10.8,10.05,12.45,17.6,47.6,47.95,9.98,20.35,15.25,25.85,13.35,9.75,10.2,20.0,19.8,320.0,84.6,3245.0,65.7,139.0,81.7,108.5,51.7,18.85,202.0,194.5,10.25,135.5,49.5,7.7,36.7,27.4,72.8,44.7,51.4,120.0,80.6,38.5,34.7,96.0,17.8,7.12,83.3,69.9,78.2,81.0,505.0,265.0,461.5,173.0,95.8,112.5,201.0,251.5,31.25,183.5,133.5,87.4,145.0,44.35,49.7,89.4,47.0
35.0,33.1,69.7,48.9,98.9,72.8,11.9,37.8,104.5,28.85,33.7,349.0,172.0,18.0,122.5,338.0,17.2,51.9,23.75,46.3,135.5,25.1,13.6,16.0,23.85,58.2,242.0,333.0,27.35,41.25,29.55,19.95,24.3,242.0,224.0,244.5,40.8,11.05,129.5,,21.4,70.1,17.5,,340.5,223.5,19.55,14.15,100.5,35.7,19.8,19.2,60.4,21.95,216.0,121.0,37.45,39.3,68.4,138.5,50.4,81.5,62.8,229.5,53.6,12.4,107.5,127.5,28.15,21.4,67.6,231.5,221.0,172.0,39.8,46.05,12.15,32.65,10.5,16.1,15.5,30.4,220.5,17.6,31.4,10.2,28.9,10.75,10.1,12.4,17.65,47.6,47.9,9.98,20.3,15.25,25.8,13.4,9.74,10.2,19.95,19.8,320.5,84.6,3250.0,65.7,139.0,81.8,108.5,51.5,18.85,202.0,194.0,10.2,136.0,49.5,7.7,36.7,27.4,72.8,44.7,51.2,120.0,80.5,38.55,34.7,96.1,17.8,7.16,83.3,69.7,78.2,81.0,505.0,264.5,464.0,173.0,95.9,112.5,201.0,251.5,31.25,184.0,133.0,87.4,145.0,44.3,49.8,89.4,47.0
35.0,33.1,69.6,48.9,98.8,72.7,11.95,37.8,105.0,28.85,33.7,349.0,172.0,18.05,122.5,338.5,17.15,51.9,23.75,46.4,135.5,25.1,13.6,16.0,23.85,58.2,242.0,333.0,27.35,41.25,29.55,19.95,24.3,242.0,224.0,244.5,40.8,11.05,129.0,,21.45,70.2,17.5,,338.5,223.5,19.5,14.15,100.0,35.7,19.8,19.15,60.4,22.0,216.0,120.5,37.3,39.3,68.3,138.5,50.4,81.3,62.7,229.5,53.5,12.45,107.5,127.5,28.05,21.3,67.6,231.0,220.5,171.5,39.8,46.15,12.1,32.7,10.55,16.1,15.55,30.4,220.5,17.6,31.4,10.2,28.95,10.75,10.1,12.4,17.65,47.6,47.9,9.98,20.3,15.25,25.8,13.4,9.75,10.2,19.95,19.85,320.5,84.6,3250.0,65.4,138.0,81.7,108.0,51.4,18.85,202.5,194.0,10.2,137.0,49.6,7.69,36.7,27.4,72.8,44.6,51.2,119.5,80.7,38.5,34.7,96.1,17.8,7.16,83.6,69.9,78.4,80.8,505.0,265.0,464.0,173.5,96.0,112.5,201.0,252.5,31.3,185.5,133.0,87.4,145.0,44.3,49.7,89.4,47.0
34.95,33.05,69.7,48.9,98.7,72.7,11.9,37.8,105.0,28.85,33.7,348.0,172.0,18.0,122.5,340.0,17.15,51.9,23.7,46.45,135.5,25.1,13.6,16.0,23.9,58.2,242.0,333.0,27.35,41.25,29.4,19.95,24.3,242.0,224.0,244.5,40.8,11.05,129.0,,21.35,70.5,17.5,,339.5,223.5,19.5,14.15,100.0,35.65,19.75,19.1,60.1,21.95,216.0,120.0,37.3,39.25,68.1,138.5,50.4,81.0,62.9,227.5,53.3,12.45,107.0,127.5,28.05,21.3,67.6,230.0,221.5,172.0,39.7,46.2,12.1,32.6,10.55,16.1,15.55,30.4,221.0,17.6,31.4,10.2,28.9,10.8,10.1,12.4,17.65,47.6,47.9,9.98,20.3,15.25,25.8,13.4,9.74,10.25,19.95,19.85,320.5,84.5,3270.0,65.6,138.0,81.5,108.0,51.5,18.8,202.5,194.0,10.25,137.0,49.5,7.7,36.6,27.4,72.7,44.5,51.2,119.5,80.8,38.65,34.7,96.2,17.8,7.13,83.6,69.9,78.2,80.8,505.0,264.5,465.0,173.0,96.0,112.5,201.0,253.0,31.25,185.5,133.0,87.4,145.0,44.3,49.85,89.6,47.0
34.9,33.05,70.0,48.9,98.7,72.8,11.85,37.8,105.0,28.85,33.7,346.0,172.0,18.1,122.5,339.5,17.15,51.9,23.7,46.5,135.5,25.1,13.6,16.0,23.95,58.2,241.5,331.5,27.35,41.25,29.4,19.95,24.3,242.0,224.0,244.0,40.8,11.1,129.0,,21.4,70.7,17.45,,339.0,223.5,19.5,14.15,100.5,35.75,19.8,19.15,60.2,22.0,216.0,120.0,37.4,39.15,68.1,138.5,50.3,81.3,62.9,228.0,53.5,12.45,107.0,127.5,28.0,21.25,67.6,231.0,222.5,171.5,39.8,46.2,12.1,32.6,10.55,16.1,15.55,30.4,220.0,17.6,31.4,10.2,28.9,10.75,10.1,12.4,17.65,47.6,47.85,9.97,20.3,15.25,25.8,13.4,9.73,10.2,19.95,19.8,320.0,84.3,3280.0,65.6,137.5,81.1,108.0,51.6,18.85,202.5,194.5,10.2,136.5,49.3,7.73,36.6,27.4,72.7,44.5,51.2,120.0,80.9,38.7,34.7,96.3,17.8,7.13,83.6,69.8,78.3,80.8,505.0,264.0,465.0,173.0,96.0,112.5,201.0,253.0,31.25,186.0,133.0,87.4,145.5,44.3,49.85,89.6,47.15
34.95,33.15,69.9,48.7,98.7,72.8,11.9,37.8,105.0,28.85,33.7,346.0,172.0,18.05,122.5,339.5,17.1,51.8,23.7,46.5,135.5,25.1,13.6,16.0,23.95,58.2,242.0,331.5,27.35,41.3,29.4,19.95,24.3,242.0,224.0,244.5,40.8,11.1,129.5,,21.35,70.7,17.5,,339.0,223.5,19.55,14.15,100.5,35.7,19.8,19.1,60.2,21.95,216.0,119.5,37.45,39.05,68.2,138.5,50.3,81.1,62.9,228.0,53.6,12.45,107.0,127.5,27.85,21.25,67.6,231.0,222.0,171.5,39.7,46.2,12.1,32.55,10.55,16.1,15.55,30.45,219.5,17.6,31.4,10.2,28.9,10.75,10.1,12.4,17.65,47.55,47.8,9.97,20.3,15.25,25.8,13.4,9.73,10.2,19.95,19.8,319.0,84.3,3275.0,65.3,138.0,81.0,108.0,51.6,18.8,203.5,194.0,10.2,136.5,49.2,7.76,36.65,27.35,72.7,44.45,51.2,120.0,80.9,38.5,34.7,96.2,17.8,7.14,83.5,69.7,78.1,80.7,505.0,264.0,465.0,172.0,96.1,112.5,201.0,251.5,31.25,185.5,133.0,87.4,145.5,44.3,49.85,89.6,47.15
34.95,33.1,70.0,48.5,98.6,72.7,11.85,37.8,105.0,28.85,33.7,346.5,172.0,18.0,122.5,339.0,17.15,51.8,23.7,46.45,135.5,25.1,13.6,16.0,23.95,58.2,241.5,332.5,27.35,41.4,29.4,19.95,24.3,242.0,224.0,244.5,40.8,11.05,129.5,,21.35,70.5,17.5,,339.0,223.5,19.55,14.15,100.5,35.75,19.8,19.15,60.3,21.95,216.0,120.0,37.35,39.0,68.3,139.0,50.3,81.0,63.1,228.0,53.7,12.4,107.0,127.5,27.9,21.2,67.6,230.5,222.0,171.5,39.7,46.2,12.1,32.6,10.55,16.1,15.55,30.45,219.5,17.6,31.4,10.2,28.9,10.75,10.1,12.4,17.65,47.6,47.8,9.97,20.3,15.25,25.8,13.4,9.73,10.2,19.9,19.8,318.5,84.4,3260.0,65.7,138.0,81.0,108.0,51.6,18.8,203.5,194.0,10.2,136.5,49.15,7.76,36.65,27.35,72.7,44.5,51.2,120.0,81.1,38.5,34.7,96.2,17.8,7.16,83.4,69.7,78.2,80.5,505.0,264.0,465.0,171.5,96.1,112.5,201.0,251.0,31.2,184.5,133.0,87.4,145.5,44.2,49.8,89.6,47.15
34.9,33.1,69.9,48.5,98.7,72.7,11.85,37.8,105.0,28.85,33.65,346.5,172.0,18.0,122.5,339.0,17.15,51.8,23.7,46.45,135.5,25.1,13.7,16.0,23.9,58.2,241.5,332.5,27.35,41.4,29.4,19.95,24.3,242.0,224.0,244.5,40.8,11.05,129.0,,21.4,70.5,17.5,,340.0,223.5,19.55,14.15,100.5,35.7,19.8,19.05,60.3,22.0,216.0,120.5,37.45,38.95,68.3,138.5,50.4,80.8,63.5,227.5,53.5,12.45,107.0,127.5,27.9,21.0,67.6,230.5,222.5,171.5,39.65,46.05,12.15,32.55,10.55,16.1,15.5,30.45,219.5,17.6,31.4,10.2,28.95,10.75,10.1,12.3,17.65,47.6,47.85,9.97,20.35,15.25,25.8,13.4,9.73,10.25,19.95,19.8,318.5,84.4,3260.0,65.8,138.5,81.2,108.0,51.3,18.8,204.0,194.0,10.2,136.0,49.1,7.76,36.65,27.35,72.7,44.5,51.1,120.0,81.0,38.45,34.7,96.1,17.8,7.16,83.4,69.7,78.3,80.2,505.0,263.5,465.0,171.0,96.1,113.0,201.0,251.5,31.2,184.5,132.0,87.4,146.0,44.2,49.7,89.6,47.15
34.95,33.1,69.9,48.8,98.8,72.6,11.9,37.8,104.5,28.85,33.65,346.0,172.0,17.95,123.0,339.0,17.15,51.8,23.7,46.35,135.5,25.1,13.65,16.0,23.9,58.2,241.5,332.5,27.35,41.35,29.35,20.0,24.25,242.0,224.0,244.0,40.75,11.05,129.0,,21.4,70.4,17.5,,341.0,223.5,19.55,14.1,100.5,35.65,19.85,19.1,60.3,22.0,216.0,120.0,37.4,38.9,68.2,139.0,50.3,80.8,63.6,228.5,53.6,12.45,107.0,127.5,27.95,20.95,67.6,230.0,222.5,172.0,39.7,46.05,12.1,32.55,10.55,16.1,15.5,30.45,219.5,17.6,31.4,10.2,28.95,10.75,10.1,12.25,17.65,47.55,47.8,9.96,20.3,15.25,25.85,13.4,9.73,10.25,19.9,19.85,318.5,84.2,3265.0,65.6,138.5,81.3,108.0,51.0,18.8,204.0,194.5,10.2,135.5,49.15,7.77,36.65,27.35,72.7,44.5,51.2,120.5,80.8,38.45,34.7,96.1,17.8,7.16,83.2,69.7,78.3,80.6,505.0,263.5,465.0,171.5,96.1,113.0,201.0,251.5,31.2,184.5,132.5,87.4,145.5,44.2,50.0,89.6,47.15
34.95,33.15,69.8,48.8,98.7,72.6,11.9,37.8,104.5,28.8,33.7,346.0,172.0,17.95,123.0,341.0,17.15,51.8,23.7,46.3,135.5,25.1,13.65,16.0,23.9,58.2,242.0,332.5,27.35,41.35,29.35,19.95,24.25,242.0,224.0,244.0,40.8,11.05,129.0,,21.35,70.3,17.5,,342.0,223.5,19.5,14.1,100.0,35.7,19.8,19.05,60.3,21.95,216.0,120.0,37.4,38.95,68.2,139.0,50.4,80.6,63.6,228.5,53.6,12.4,107.5,127.5,28.0,20.95,67.6,230.0,222.5,172.5,39.65,46.05,12.1,32.5,10.55,16.1,15.55,30.45,220.5,17.6,31.4,10.2,28.95,10.75,10.1,12.25,17.65,47.55,47.75,9.96,20.3,15.25,25.8,13.4,9.72,10.2,19.9,19.8,317.5,84.2,3270.0,65.6,138.5,81.4,108.0,50.8,18.85,204.0,194.0,10.2,135.5,49.2,7.77,36.65,27.35,72.7,44.6,51.1,121.0,80.9,38.4,34.6,96.0,17.75,7.15,83.1,69.7,78.3,80.5,505.0,263.5,465.0,171.5,96.0,113.0,201.0,251.5,31.2,184.5,132.5,87.4,145.5,44.2,50.1,89.6,47.15
34.9,33.15,69.7,48.85,98.9,72.6,11.9,37.8,104.5,28.75,33.7,346.0,172.0,17.9,124.0,342.5,17.2,51.8,23.7,46.25,135.5,25.1,13.65,16.0,23.9,58.2,242.0,332.5,27.35,41.35,29.35,19.95,24.25,242.0,224.0,243.5,40.75,11.1,129.0,,21.4,70.3,17.5,,341.5,223.5,19.5,14.1,100.0,35.7,19.8,19.1,60.4,21.95,216.0,120.0,37.3,39.0,68.3,139.0,50.3,80.6,63.5,228.5,53.6,12.45,107.5,127.5,28.0,20.9,67.6,230.0,223.0,172.0,39.65,46.05,12.1,32.5,10.55,16.1,15.55,30.45,220.0,17.6,31.4,10.2,28.95,10.7,10.1,12.3,17.65,47.55,47.7,9.96,20.35,15.25,25.8,13.4,9.73,10.2,19.95,19.8,317.5,84.2,3265.0,65.6,138.5,81.3,108.0,51.0,18.85,204.0,194.0,10.2,136.0,49.2,7.74,36.65,27.35,72.6,44.6,51.1,121.0,80.8,38.35,34.5,96.0,17.8,7.15,83.1,69.7,78.3,80.4,505.0,264.5,465.0,171.5,95.9,113.0,201.0,251.0,31.2,184.5,132.5,87.4,145.5,44.2,50.1,89.6,47.15
34.95,33.15,69.8,48.85,98.9,72.6,11.9,37.75,104.5,28.75,33.7,346.0,172.0,17.95,124.0,343.0,17.2,51.8,23.7,46.25,135.5,25.1,13.7,16.0,23.9,58.2,242.5,332.5,27.35,41.35,29.35,19.95,24.25,242.0,224.0,243.5,40.75,11.05,129.0,,21.35,70.3,17.45,,341.0,223.5,19.55,14.1,100.0,35.65,19.8,19.1,60.3,21.95,216.0,120.0,37.15,39.05,68.3,139.0,50.4,80.7,63.5,228.5,53.6,12.4,107.5,127.0,28.0,20.9,67.6,230.5,223.0,172.0,39.65,46.05,12.1,32.5,10.5,16.1,15.5,30.45,221.0,17.6,31.4,10.2,28.9,10.7,10.1,12.3,17.65,47.55,47.65,9.96,20.3,15.25,25.8,13.4,9.73,10.2,19.95,19.8,317.0,84.2,3270.0,65.6,138.5,81.2,108.0,50.8,18.85,203.5,193.5,10.25,135.5,49.3,7.76,36.65,27.35,72.6,44.6,51.1,121.0,80.8,38.35,34.5,96.0,17.8,7.15,83.4,69.7,78.5,80.5,505.0,265.0,465.0,172.0,95.9,113.0,201.0,251.5,31.2,184.5,132.5,87.4,146.0,44.2,50.0,89.5,47.15
34.95,33.1,69.6,48.85,98.8,72.5,11.85,37.75,104.5,28.75,33.7,346.0,172.0,17.95,123.5,342.0,17.15,51.8,23.7,46.25,135.5,25.1,13.6,16.0,23.9,58.2,241.5,332.5,27.35,41.35,29.35,19.95,24.25,242.0,224.0,242.5,40.75,11.05,129.0,,21.3,70.3,17.45,,341.5,223.5,19.45,14.1,100.0,35.65,19.85,19.05,60.1,21.95,216.0,120.0,37.15,39.05,68.5,139.5,50.3,80.7,63.2,228.5,53.6,12.4,107.5,127.5,28.0,20.6,67.7,230.5,223.5,172.0,39.65,46.05,12.1,32.45,10.55,16.1,15.5,30.45,221.0,17.6,31.4,10.15,28.95,10.7,10.1,12.3,17.65,47.55,47.7,9.97,20.35,15.3,25.75,13.4,9.72,10.2,19.9,19.8,316.0,84.2,3265.0,65.7,138.0,81.0,108.0,50.6,18.8,203.0,194.0,10.2,136.0,49.45,7.74,36.65,27.35,72.6,44.6,51.1,121.0,80.8,38.4,34.5,96.1,17.8,7.15,83.4,69.8,78.5,80.6,505.0,265.0,466.0,172.5,96.0,113.0,201.0,250.0,31.15,185.0,132.5,87.4,145.5,44.2,50.0,89.6,47.15
34.95,33.1,69.6,48.85,98.8,72.3,11.85,37.8,104.5,28.7,33.7,345.5,172.0,17.95,123.5,342.0,17.15,51.8,23.65,46.15,135.5,25.1,13.6,16.0,23.9,58.2,242.0,332.5,27.35,41.35,29.35,19.95,24.25,242.0,224.0,242.5,40.75,11.05,128.5,,21.3,70.4,17.45,,341.0,223.0,19.45,14.05,100.0,35.65,19.8,19.05,60.1,21.95,216.0,120.0,37.25,39.05,68.6,139.0,50.3,80.8,63.2,228.5,53.6,12.4,107.5,127.5,28.05,20.85,67.7,230.5,223.5,172.0,39.65,46.05,12.1,32.45,10.55,16.1,15.5,30.45,221.0,17.6,31.4,10.15,28.95,10.7,10.1,12.3,17.65,47.5,47.65,9.95,20.35,15.3,25.75,13.4,9.71,10.2,19.9,19.8,315.0,84.2,3265.0,65.7,138.0,81.1,108.0,51.0,18.85,203.5,194.0,10.2,136.0,49.4,7.74,36.65,27.35,72.6,44.6,51.1,120.5,80.8,38.4,34.35,96.1,17.8,7.15,83.6,69.7,78.4,80.6,505.0,265.0,470.0,172.5,96.0,113.0,201.0,246.5,31.15,185.0,132.5,87.4,145.5,44.2,50.0,89.7,47.1
34.9,33.1,69.6,48.85,98.8,72.4,11.85,37.95,104.5,28.7,33.7,345.0,172.0,17.95,123.5,342.5,17.15,51.8,23.65,46.15,135.5,25.1,13.6,16.0,23.95,58.2,242.0,332.5,27.35,41.35,29.35,19.95,24.25,242.0,224.0,242.5,40.75,11.05,128.5,,21.3,70.4,17.45,,340.0,223.5,19.45,14.1,100.5,35.65,19.8,19.05,60.1,21.95,216.0,120.0,37.25,39.1,68.5,139.5,50.2,80.8,63.2,228.5,53.6,12.45,107.5,127.5,28.05,20.65,68.1,230.5,223.5,172.5,39.65,46.05,12.05,32.45,10.55,16.1,15.45,30.45,221.0,17.6,31.4,10.15,28.95,10.75,10.1,12.3,17.65,47.55,47.65,9.96,20.35,15.25,25.8,13.4,9.72,10.25,19.95,19.8,314.5,84.2,3270.0,65.6,138.0,81.1,108.0,51.0,18.8,204.0,194.0,10.25,136.0,49.4,7.75,36.6,27.35,72.6,44.65,51.2,120.5,80.8,38.35,34.35,96.1,17.8,7.15,83.7,69.7,78.6,80.5,505.0,265.0,470.0,172.5,96.0,113.0,200.5,245.5,31.15,185.5,132.5,87.4,145.5,44.2,49.9,89.7,47.15
34.95,33.15,69.7,48.85,98.7,72.3,11.85,37.95,105.0,28.7,33.7,344.0,172.0,18.0,123.5,344.5,17.15,51.8,23.65,46.1,135.5,25.1,13.6,16.0,23.9,58.2,242.0,332.5,27.35,41.35,29.35,19.95,24.25,242.0,224.0,242.5,40.75,11.05,128.5,,21.25,70.4,17.45,,340.0,223.5,19.45,14.1,100.5,35.65,19.8,19.1,60.1,21.95,216.0,120.0,37.2,39.15,68.4,139.5,50.2,81.0,62.8,227.0,53.5,12.45,107.5,127.5,28.05,20.6,68.1,231.0,223.5,172.5,39.65,46.0,12.05,32.45,10.5,16.1,15.45,30.45,221.5,17.6,31.4,10.15,28.95,10.7,10.05,12.35,17.6,47.55,47.65,9.96,20.35,15.3,25.8,13.4,9.72,10.2,19.9,19.75,315.0,84.2,3275.0,65.7,138.0,81.1,108.0,51.0,18.85,203.5,194.0,10.2,136.0,49.35,7.75,36.6,27.35,72.6,44.7,51.2,120.0,80.8,38.35,34.35,96.2,17.8,7.14,83.8,69.5,78.6,80.6,505.0,265.0,471.0,173.0,96.0,113.0,200.5,246.5,31.1,185.5,132.5,87.4,145.5,44.2,49.95,89.6,47.15
34.95,33.15,69.7,48.85,98.8,72.4,11.85,37.95,104.5,28.7,33.7,343.5,172.0,18.0,123.5,344.5,17.2,51.8,23.65,46.1,135.5,25.1,13.6,16.0,23.9,58.2,242.0,332.5,27.35,41.35,29.35,19.95,24.25,242.0,224.0,243.0,40.75,11.1,128.5,,21.3,70.5,17.45,,341.0,223.5,19.45,14.1,100.0,35.65,19.8,19.05,60.1,21.95,216.0,120.0,37.2,39.15,68.4,139.0,50.2,81.0,62.7,227.0,53.5,12.4,107.5,127.0,28.1,20.6,68.1,231.0,223.0,172.5,39.65,46.1,12.1,32.45,10.5,16.1,15.45,30.45,221.5,17.6,31.4,10.15,28.95,10.7,10.05,12.35,17.65,47.55,47.6,9.97,20.35,15.3,25.8,13.4,9.73,10.2,19.9,19.8,315.5,84.3,3275.0,65.8,138.0,81.2,108.0,51.1,18.8,203.5,194.0,10.2,136.5,49.4,7.76,36.6,27.35,72.6,44.7,51.2,120.0,80.8,38.3,34.4,96.2,17.8,7.14,84.0,69.7,78.8,80.7,505.0,265.0,470.0,172.5,96.1,113.0,200.5,247.5,31.1,185.5,132.5,87.4,145.5,44.2,50.0,89.8,47.15
34.9,33.15,69.6,48.85,98.8,72.4,11.85,37.95,104.5,28.7,33.65,344.0,172.0,18.0,123.5,344.0,17.15,51.8,23.65,46.1,135.5,25.1,13.6,15.95,23.9,58.2,242.0,329.5,27.35,41.35,29.35,19.9,24.25,242.0,224.0,243.0,40.75,11.05,128.5,,21.35,70.4,17.45,,341.0,223.0,19.45,14.1,100.0,35.7,19.75,19.05,60.1,22.0,216.0,120.0,37.15,39.05,68.5,139.0,50.2,81.1,62.8,227.0,53.5,12.45,107.5,127.0,28.05,20.55,67.6,231.0,223.0,172.5,39.65,46.05,12.1,32.45,10.5,16.1,15.45,30.45,221.5,17.6,31.4,10.15,28.95,10.75,10.05,12.35,17.65,47.55,47.6,9.96,20.35,15.25,25.75,13.35,9.72,10.2,19.9,19.75,315.5,84.4,3275.0,66.0,137.5,81.2,108.0,51.1,18.85,203.5,194.0,10.2,137.5,49.3,7.76,36.6,27.35,72.5,44.8,51.2,119.5,80.8,38.25,34.4,96.2,17.8,7.14,83.9,69.6,78.8,80.7,505.0,264.5,470.0,172.5,96.2,112.5,200.5,248.0,31.0,186.0,132.5,87.4,145.5,44.2,50.0,89.8,47.2
34.95,33.05,69.7,48.85,98.7,72.4,11.85,37.95,104.5,28.7,33.65,344.5,172.0,17.95,123.0,343.5,17.15,51.8,23.65,46.2,135.5,25.1,13.6,15.95,23.85,58.2,242.5,329.5,27.35,41.35,29.35,19.9,24.3,242.0,224.0,243.0,40.7,11.05,128.5,,21.35,70.4,17.45,,341.0,223.0,19.4,14.05,100.5,35.65,19.75,19.05,60.1,22.0,216.0,120.0,37.2,39.1,68.5,139.0,50.2,81.2,62.8,227.0,53.4,12.4,107.5,127.0,28.1,20.5,67.6,231.0,223.0,173.0,39.65,46.0,12.1,32.45,10.55,16.1,15.5,30.4,221.5,17.55,31.4,10.15,28.85,10.75,10.05,12.35,17.65,47.55,47.55,9.95,20.3,15.25,25.75,13.4,9.72,10.2,19.9,19.75,315.5,84.3,3275.0,66.0,137.5,81.1,108.0,51.0,18.85,203.5,194.0,10.2,138.0,49.35,7.75,36.6,27.35,72.4,44.8,51.2,119.5,80.8,38.45,34.4,96.0,17.8,7.14,83.8,69.6,78.9,80.7,505.0,264.5,470.0,172.5,96.1,112.0,200.5,248.0,31.1,185.0,132.5,87.4,145.0,44.2,50.0,89.9,47.2
34.95,33.05,69.7,48.85,98.6,72.4,11.85,37.95,104.5,28.7,33.6,345.0,171.5,17.95,123.0,344.5,17.15,51.8,23.65,46.2,135.5,25.1,13.65,15.95,23.85,58.2,242.5,329.5,27.35,41.35,29.4,19.95,24.3,242.0,224.0,242.5,40.7,11.0,128.0,,21.3,70.4,17.45,,341.0,223.0,19.45,14.1,100.0,35.65,19.75,19.05,60.1,21.95,216.0,120.0,37.25,39.05,68.5,139.0,50.2,81.3,62.8,227.0,53.4,12.4,107.5,127.5,28.1,20.7,67.6,231.0,222.5,173.0,39.65,46.0,12.1,32.45,10.5,16.1,15.5,30.4,222.0,17.55,31.4,10.15,28.85,10.75,10.05,12.35,17.65,47.55,47.5,9.94,20.3,15.3,25.7,13.4,9.72,10.2,19.9,19.8,315.0,84.2,3275.0,65.9,137.5,81.2,108.0,50.9,18.8,203.5,194.0,10.25,137.5,49.3,7.74,36.6,27.35,72.4,44.8,51.2,120.0,80.8,38.5,34.4,95.9,17.8,7.14,83.9,69.8,78.8,80.7,505.0,264.0,469.0,172.0,96.0,112.0,200.5,248.5,31.1,184.5,132.5,87.4,145.0,44.2,50.0,89.6,47.2
34.95,33.05,69.7,48.85,98.7,72.4,11.85,37.95,104.5,28.7,33.6,346.5,171.0,17.95,123.0,344.5,17.15,51.8,23.65,46.15,135.5,25.1,13.65,15.9,23.9,58.2,242.5,329.5,27.35,41.35,29.4,19.95,24.25,242.0,224.0,242.5,40.7,11.0,128.0,,21.35,70.4,17.4,,341.0,223.0,19.45,14.1,100.0,35.65,19.75,19.1,60.1,21.95,216.0,120.0,37.2,39.1,68.5,138.5,50.2,81.3,62.8,227.0,53.4,12.45,107.5,127.0,28.1,20.75,67.6,231.0,222.5,173.0,39.6,46.0,12.1,32.45,10.5,16.1,15.5,30.4,222.0,17.55,31.4,10.15,28.85,10.75,10.05,12.3,17.6,47.55,47.5,9.94,20.3,15.3,25.7,13.4,9.72,10.2,19.9,19.8,316.5,84.2,3270.0,65.9,138.0,81.1,108.0,50.8,18.8,203.5,193.5,10.2,137.5,49.3,7.74,36.6,27.3,72.4,44.8,50.9,120.0,80.8,38.6,34.4,95.9,17.8,7.12,84.0,69.8,79.2,80.5,505.0,263.5,469.0,172.5,96.0,112.0,200.5,248.5,31.15,184.5,132.5,87.4,145.0,44.2,50.0,89.6,47.2
34.9,33.05,69.7,48.85,98.6,72.4,11.85,37.95,104.5,28.7,33.6,345.5,171.0,17.95,123.0,344.0,17.15,51.8,23.65,46.15,135.5,25.1,13.65,15.9,23.9,58.2,242.5,329.5,27.35,41.35,29.4,19.95,24.35,241.0,224.0,242.5,40.7,11.0,128.0,,21.35,70.3,17.4,,340.0,223.0,19.45,14.1,99.9,35.65,19.75,19.05,60.1,21.95,216.0,120.0,37.2,39.1,68.5,138.5,50.2,81.1,62.9,227.0,53.3,12.45,107.5,127.0,28.1,20.7,67.6,231.0,222.0,173.0,39.35,45.9,12.1,32.45,10.55,16.1,15.5,30.4,222.0,17.55,31.4,10.15,28.85,10.75,10.05,12.3,17.6,47.5,47.5,9.93,20.3,15.3,25.7,13.4,9.71,10.2,19.9,19.8,315.5,84.2,3270.0,65.9,137.5,81.2,108.0,50.5,18.8,204.0,193.5,10.2,137.5,49.2,7.77,36.6,27.3,72.4,44.8,50.9,119.0,80.7,38.6,34.4,95.8,17.8,7.12,84.0,69.9,79.3,80.4,505.0,264.0,469.0,172.5,95.9,112.0,200.5,248.5,31.2,185.0,132.5,87.4,145.0,44.2,50.0,89.6,47.2
34.95,33.05,69.7,48.85,98.6,72.4,11.85,37.95,104.5,28.7,33.6,345.5,171.0,17.95,122.5,343.0,17.15,51.8,23.65,46.15,135.5,25.1,13.65,15.95,23.85,58.2,242.5,329.5,27.15,41.35,29.4,19.9,24.35,241.0,224.0,242.5,40.7,11.0,128.0,,21.35,70.3,17.45,,339.5,223.0,19.45,14.05,99.6,35.7,19.7,19.05,60.1,21.95,216.0,120.0,37.15,39.05,68.5,138.5,50.2,81.0,62.9,227.0,53.3,12.4,107.5,127.0,28.15,20.75,67.6,231.0,222.0,172.0,39.35,45.9,12.1,32.45,10.55,16.1,15.5,30.4,222.0,17.6,31.45,10.15,28.8,10.75,10.05,12.3,17.6,47.45,47.45,9.93,20.3,15.25,25.7,13.4,9.72,10.2,19.9,19.8,315.0,84.2,3270.0,65.8,138.0,81.1,108.0,50.3,18.8,203.5,193.0,10.2,137.5,49.15,7.81,36.6,27.3,72.3,44.8,51.1,119.5,80.7,38.65,34.4,95.9,17.75,7.11,84.0,69.9,79.1,80.4,505.0,264.0,469.0,172.5,95.8,112.0,200.5,248.5,31.15,185.0,132.5,87.4,144.5,44.2,50.0,89.6,47.2
34.95,33.1,69.7,48.85,98.7,72.4,11.9,37.95,104.5,28.7,33.6,345.5,172.0,17.95,122.5,343.0,17.15,51.8,23.65,46.15,135.5,25.1,13.65,15.95,23.85,58.2,242.0,329.5,27.3,41.3,29.4,19.9,24.35,241.0,224.0,242.0,40.7,11.05,128.5,,21.35,70.3,17.45,,339.5,223.0,19.45,14.05,99.5,35.7,19.7,19.1,60.1,21.95,216.0,119.5,37.05,39.0,68.4,138.5,50.3,81.0,62.7,227.0,53.2,12.4,107.5,127.0,28.1,20.75,67.6,231.0,222.0,172.0,39.4,45.9,12.05,32.5,10.55,16.1,15.5,30.4,222.0,17.6,31.45,10.15,28.8,10.75,10.05,12.3,17.6,47.4,47.4,9.93,20.3,15.25,25.7,13.35,9.71,10.3,19.9,19.8,315.5,84.0,3265.0,65.9,138.5,81.1,108.0,50.5,18.85,203.5,193.0,10.25,137.0,49.15,7.84,36.6,27.35,72.4,44.8,51.1,119.5,80.7,38.7,34.4,95.9,17.75,7.1,83.9,69.9,79.2,80.3,505.0,264.0,469.0,172.5,95.7,112.0,200.5,248.5,31.15,185.0,132.5,87.4,145.0,44.2,50.0,89.6,47.2
34.95,33.05,69.6,48.85,98.6,72.4,11.9,37.95,104.5,28.7,33.6,345.5,171.0,18.0,122.5,343.0,17.15,51.8,23.65,46.15,135.5,25.1,13.65,15.95,23.85,58.2,242.0,327.5,27.3,41.3,29.4,19.95,24.3,241.0,224.0,242.0,40.75,11.0,128.5,,21.35,70.3,17.45,,339.0,222.5,19.45,14.05,99.7,35.7,19.7,19.05,60.1,21.95,216.0,120.0,36.95,39.05,68.4,138.5,50.2,81.0,62.7,227.0,53.2,12.45,107.0,127.0,28.1,20.8,67.6,231.0,222.0,172.0,39.6,45.9,12.05,32.5,10.55,16.1,15.5,30.4,222.0,17.6,31.45,10.15,28.8,10.75,10.05,12.3,17.6,47.4,47.45,9.93,20.3,15.3,25.7,13.4,9.71,10.25,19.9,19.8,315.5,83.9,3265.0,65.8,138.0,81.1,108.0,50.7,18.8,203.0,193.5,10.2,137.0,49.2,7.85,36.65,27.35,72.3,44.7,51.2,119.5,80.6,38.75,34.4,96.0,17.75,7.1,84.1,69.9,79.1,80.3,505.0,264.0,469.0,172.5,95.7,112.0,200.5,249.0,31.15,185.5,132.5,87.4,145.5,44.2,50.0,89.6,47.2
34.95,33.1,69.6,48.85,98.6,72.4,11.85,37.95,105.0,28.7,33.6,345.5,171.5,17.9,122.5,342.5,17.15,51.8,23.65,46.1,135.5,25.1,13.65,15.95,23.85,58.2,241.5,329.5,27.3,41.3,29.4,19.95,24.25,241.0,224.0,242.0,40.7,11.0,128.5,,21.35,70.3,17.45,,339.0,222.5,19.45,14.1,99.9,35.65,19.7,19.05,60.1,21.95,216.0,120.0,37.0,39.0,68.3,138.5,50.3,81.1,62.7,227.0,53.1,12.45,107.5,127.0,28.2,20.85,67.6,231.0,222.0,171.5,39.55,45.9,12.05,32.5,10.55,16.1,15.5,30.4,221.5,17.6,31.45,10.15,28.8,10.7,10.05,12.3,17.6,47.4,47.4,9.93,20.35,15.25,25.7,13.4,9.71,10.3,19.9,19.8,315.5,83.8,3270.0,65.8,138.0,81.3,108.0,50.8,18.8,202.5,193.0,10.2,137.0,49.15,7.85,36.65,27.35,72.4,44.8,51.1,119.5,80.6,38.8,34.4,96.0,17.75,7.11,84.0,69.9,79.1,80.0,505.0,264.0,469.0,172.5,95.7,112.5,200.5,250.0,31.15,185.0,132.5,87.4,145.5,44.2,50.0,89.6,47.2
34.95,33.05,69.7,48.85,98.6,72.5,11.85,37.95,104.5,28.7,33.6,345.5,171.5,17.95,122.5,342.5,17.15,51.8,23.65,46.1,135.5,25.1,13.65,15.95,23.9,58.2,241.5,329.5,27.3,41.3,29.4,19.95,24.25,242.0,224.0,242.0,40.7,11.0,128.5,,21.35,70.3,17.4,,339.5,222.5,19.45,14.1,99.9,35.7,19.7,19.05,60.0,21.95,216.0,120.0,37.05,39.05,68.3,138.5,50.3,81.1,62.7,226.5,53.1,12.45,107.0,127.0,28.15,20.85,67.6,230.5,221.5,172.0,39.6,45.9,12.05,32.5,10.5,16.1,15.5,30.4,222.0,17.6,31.45,10.15,28.8,10.75,10.05,12.35,17.6,47.35,47.4,9.93,20.3,15.3,25.75,13.4,9.71,10.3,19.9,19.8,315.5,84.0,3270.0,65.7,138.0,81.1,108.0,50.5,18.8,202.5,193.0,10.2,137.0,49.2,7.85,36.65,27.35,72.5,44.6,51.2,119.5,80.7,38.5,34.4,96.1,17.75,7.12,83.9,69.8,79.2,79.9,505.0,263.5,469.0,172.5,95.7,112.5,200.5,250.0,31.1,185.0,133.0,87.4,145.5,44.2,50.0,89.8,47.2
34.95,33.05,69.7,48.85,98.5,72.4,11.9,37.95,105.0,28.75,33.6,345.5,171.5,17.95,123.0,342.0,17.15,51.8,23.65,46.15,135.5,25.1,13.65,15.95,23.85,58.2,241.5,330.0,27.3,41.3,29.4,19.95,24.25,242.5,224.0,242.0,40.7,11.0,128.5,,21.3,70.3,17.4,,339.5,223.0,19.45,14.05,99.9,35.7,19.7,19.05,60.1,21.95,216.0,119.5,36.95,39.05,68.3,138.5,50.2,81.1,62.7,226.5,53.1,12.45,107.5,127.0,28.1,20.8,67.6,230.5,222.0,172.0,39.6,45.9,12.05,32.55,10.5,16.1,15.45,30.4,222.0,17.6,31.45,10.15,28.85,10.75,10.05,12.3,17.6,47.4,47.45,9.93,20.3,15.3,25.75,13.4,9.71,10.3,19.9,19.8,315.5,83.9,3265.0,65.7,138.0,81.3,108.0,50.6,18.8,202.5,193.0,10.2,137.0,49.15,7.86,36.65,27.35,72.6,44.85,51.2,119.5,80.7,38.4,34.4,96.2,17.75,7.11,83.8,69.8,79.5,79.8,505.0,263.5,469.0,172.0,95.8,112.5,200.5,249.0,31.1,185.0,133.0,87.4,145.5,44.2,50.0,89.8,47.2
34.95,33.05,69.7,48.75,98.4,72.4,11.85,37.95,104.5,28.7,33.6,345.5,171.5,17.95,123.0,341.5,17.1,51.8,23.65,46.15,135.5,25.1,13.6,15.9,23.85,58.2,241.5,330.5,27.3,41.3,29.4,19.95,24.25,242.5,224.0,242.0,40.75,11.05,128.0,,21.35,70.3,17.45,,339.5,223.0,19.45,14.05,99.9,35.7,19.75,19.05,60.0,22.0,216.0,119.5,36.95,39.05,68.2,138.5,50.2,81.2,62.7,226.5,53.1,12.4,107.0,127.0,28.05,20.85,67.6,230.5,222.0,172.0,39.6,46.0,12.05,32.55,10.5,16.1,15.45,30.4,222.0,17.6,31.45,10.15,28.8,10.75,10.05,12.3,17.6,47.35,47.45,9.92,20.3,15.3,25.75,13.35,9.71,10.25,19.9,19.8,315.5,83.9,3270.0,65.7,137.5,81.3,108.0,50.5,18.85,202.5,193.0,10.2,137.0,49.2,7.88,36.65,27.4,72.7,44.9,51.1,119.0,80.7,38.5,34.4,96.2,17.75,7.13,83.7,69.8,79.3,79.8,505.0,263.5,466.0,172.5,95.9,112.5,200.5,249.0,31.15,185.0,133.0,87.4,145.0,44.2,50.0,89.6,47.15
34.95,33.1,69.7,48.75,98.3,72.4,11.85,37.95,105.0,28.7,33.6,345.5,171.5,17.95,123.0,342.0,17.15,51.8,23.65,46.15,135.5,25.1,13.6,15.9,23.9,58.2,241.5,330.5,27.3,41.3,29.4,19.95,24.25,242.5,224.0,242.0,40.7,11.05,128.5,,21.35,70.2,17.4,,340.0,222.5,19.45,14.1,99.9,35.7,19.75,19.05,60.0,22.1,216.0,120.0,36.9,39.05,68.2,138.5,50.2,81.1,62.7,226.5,53.1,12.4,107.5,127.0,28.05,20.8,67.6,231.5,222.0,172.5,39.55,46.0,12.05,32.55,10.5,16.1,15.5,30.45,222.0,17.6,31.45,10.15,28.8,10.75,10.05,12.3,17.65,47.4,47.4,9.92,20.3,15.3,25.7,13.35,9.72,10.3,19.9,19.8,315.5,83.9,3270.0,65.9,137.5,81.1,108.0,50.5,18.85,204.0,193.0,10.2,137.5,49.2,7.9,36.65,27.35,72.6,44.95,51.0,119.0,80.7,38.65,34.4,96.2,17.75,7.13,83.7,69.8,79.2,79.8,505.0,263.5,466.0,172.0,96.0,112.5,200.5,249.0,31.05,185.0,133.0,87.4,145.5,44.2,49.9,89.6,47.15
34.95,33.05,69.8,48.75,98.3,72.4,11.85,38.0,105.0,28.65,33.65,345.5,171.5,17.95,123.0,342.0,17.15,51.8,23.65,46.15,135.5,25.1,13.6,15.9,23.85,58.2,241.5,329.0,27.3,41.35,29.4,19.9,24.15,242.5,224.0,242.0,40.7,11.05,128.5,,21.3,70.2,17.4,,340.0,223.0,19.4,14.05,99.9,35.75,19.8,19.05,60.0,22.05,215.5,120.0,36.75,39.1,68.3,138.5,50.2,81.1,62.7,226.5,53.1,12.4,107.0,127.0,28.0,20.8,67.6,231.0,222.5,172.0,39.5,46.0,12.05,32.55,10.5,16.1,15.5,30.45,222.0,17.6,31.45,10.15,28.8,10.7,10.05,12.3,17.6,47.4,47.4,9.92,20.3,15.3,25.7,13.4,9.71,10.3,19.9,19.8,315.0,83.9,3270.0,66.0,138.0,81.3,108.0,50.6,18.85,204.5,193.0,10.2,138.0,49.2,7.89,36.65,27.35,72.4,44.95,51.0,119.0,80.6,38.65,34.4,96.2,17.8,7.14,83.7,69.8,79.1,79.8,505.0,263.5,466.0,172.0,96.1,112.5,200.5,249.0,31.0,185.0,133.5,87.4,145.5,44.15,49.95,89.6,47.15
34.95,33.1,69.8,48.75,98.3,72.5,11.85,38.0,104.5,28.65,33.65,345.5,171.5,17.95,123.0,342.5,17.15,51.8,23.65,46.15,135.5,25.1,13.6,15.9,23.9,58.2,241.5,330.5,27.3,41.35,29.4,19.95,24.15,242.5,224.0,242.0,40.7,11.1,128.5,,21.35,70.3,17.4,,340.0,223.5,19.4,14.1,99.8,35.75,19.8,19.0,60.0,22.1,215.5,120.0,36.75,39.1,68.2,138.5,50.1,81.1,62.6,226.5,53.1,12.4,107.0,127.0,28.1,20.8,67.6,230.5,223.5,172.0,39.45,46.0,12.05,32.55,10.5,16.1,15.5,30.45,222.0,17.6,31.45,10.15,28.8,10.75,10.05,12.35,17.6,47.4,47.35,9.92,20.3,15.35,25.7,13.4,9.71,10.3,19.9,19.8,315.0,84.3,3275.0,66.1,138.0,81.1,108.0,50.6,18.85,204.0,194.0,10.25,138.5,49.25,7.9,36.65,27.35,72.4,44.95,51.0,119.0,80.5,38.65,34.4,96.2,17.8,7.14,83.5,69.8,79.1,79.7,505.0,263.5,466.0,172.0,96.1,112.5,200.5,249.0,31.15,184.5,133.5,87.4,145.5,44.1,50.0,89.6,47.15
34.95,33.05,69.8,48.75,98.3,72.4,11.85,38.0,104.5,28.65,33.7,345.5,171.5,17.95,123.0,342.5,17.15,51.8,23.65,46.15,135.5,25.1,13.6,15.9,23.95,58.2,242.0,330.5,27.3,41.35,29.4,19.9,24.15,242.5,224.0,242.0,40.7,11.1,128.5,,21.3,70.4,17.4,,340.5,223.5,19.4,14.1,99.8,35.75,19.8,19.05,60.0,22.15,215.5,120.0,36.8,39.15,68.4,139.0,50.1,81.1,62.6,226.5,53.1,12.4,107.0,127.0,28.05,20.8,67.6,230.5,224.0,172.0,39.45,46.0,12.05,32.6,10.5,16.1,15.5,30.45,222.0,17.6,31.45,10.15,28.8,10.75,10.05,12.35,17.6,47.35,47.4,9.92,20.3,15.35,25.7,13.35,9.71,10.3,19.95,19.75,315.5,84.2,3275.0,66.2,138.0,81.2,108.0,50.6,18.85,204.5,194.0,10.2,139.0,49.3,7.92,36.65,27.35,72.4,45.0,51.0,119.0,80.6,38.65,34.4,96.2,17.8,7.14,83.7,69.8,79.0,79.7,505.0,264.0,466.0,172.0,96.1,112.5,200.5,249.5,31.15,184.5,133.5,87.4,146.0,44.1,50.1,89.6,47.15
34.95,33.05,69.8,48.8,98.2,72.4,11.85,38.0,104.5,28.65,33.7,345.5,171.5,17.95,123.0,342.5,17.15,51.8,23.65,46.1,135.5,25.1,13.6,15.9,23.9,58.2,242.5,330.5,27.3,41.3,29.4,19.9,24.15,242.5,224.0,242.5,40.7,11.05,128.0,,21.3,70.3,17.4,,340.5,224.0,19.4,14.1,99.8,35.75,19.8,19.0,60.1,22.15,215.5,119.5,36.8,39.1,68.4,139.0,50.1,81.4,62.6,226.0,53.1,12.4,107.5,127.5,28.0,20.85,67.6,230.5,224.5,172.0,39.6,45.95,12.05,32.6,10.5,16.1,15.5,30.45,222.0,17.6,31.45,10.15,28.85,10.75,10.05,12.35,17.6,47.4,47.4,9.92,20.3,15.35,25.75,13.4,9.71,10.25,19.95,19.75,315.5,84.2,3275.0,66.0,138.0,81.2,108.0,50.6,18.85,205.0,194.0,10.2,139.5,49.3,7.91,36.65,27.35,72.4,45.0,51.0,118.5,80.5,38.7,34.4,96.2,17.8,7.14,83.8,69.8,79.0,79.9,505.0,264.0,466.0,172.0,96.1,112.5,200.5,249.5,31.15,184.5,133.5,87.4,146.0,44.1,50.0,89.6,47.15
34.95,33.05,69.8,48.8,98.2,72.4,11.85,38.0,104.5,28.7,33.7,345.5,171.5,17.9,123.0,341.0,17.15,51.8,23.65,46.1,135.5,25.1,13.6,15.9,23.9,58.2,242.5,330.5,27.3,41.35,29.4,19.9,24.15,242.5,224.0,242.5,40.7,11.05,128.5,,21.35,70.4,17.4,,340.0,224.0,19.35,14.05,99.6,35.7,19.8,19.05,60.1,22.1,215.5,120.0,36.9,39.15,68.5,139.0,50.1,81.4,62.6,226.0,53.2,12.4,107.0,127.5,28.0,20.85,67.6,230.5,224.5,172.0,39.65,45.95,12.05,32.55,10.5,16.1,15.5,30.45,222.5,17.6,31.45,10.15,28.85,10.75,10.05,12.35,17.6,47.4,47.4,9.92,20.3,15.3,25.75,13.4,9.71,10.25,19.9,19.75,315.5,84.2,3275.0,66.0,138.0,81.3,108.0,50.7,18.85,204.5,194.0,10.2,141.0,49.35,7.9,36.65,27.35,72.4,45.35,51.1,118.5,80.5,38.75,34.4,96.2,17.8,7.14,83.8,69.8,79.0,79.8,505.0,264.5,467.0,172.0,96.0,112.5,200.5,249.5,31.25,184.5,133.5,87.4,146.0,44.1,50.0,89.6,47.15
34.95,33.05,69.8,48.8,98.2,72.3,11.9,38.0,105.0,28.65,33.7,345.5,171.5,17.9,123.0,341.5,17.2,51.8,23.65,46.1,135.5,25.1,13.6,15.9,23.9,58.2,242.5,330.5,27.3,41.3,29.4,19.9,24.15,242.5,224.0,242.5,40.7,11.1,128.0,,21.3,70.3,17.4,,339.5,224.0,19.35,14.1,99.5,35.75,19.8,19.1,60.1,22.1,215.5,119.5,36.85,39.15,68.5,139.5,50.1,81.4,62.7,226.0,53.2,12.4,107.5,127.5,28.05,20.85,67.6,231.0,225.0,172.0,39.65,45.95,12.05,32.55,10.55,16.1,15.5,30.45,223.0,17.6,31.45,10.15,28.85,10.75,10.05,12.35,17.6,47.4,47.4,9.92,20.3,15.3,25.75,13.4,9.71,10.3,19.95,19.75,315.5,84.2,3275.0,66.1,138.0,81.3,108.0,50.7,18.85,204.5,193.5,10.25,140.5,49.35,7.91,36.65,27.35,72.4,45.25,51.1,119.0,80.6,38.75,34.4,96.2,17.8,7.14,83.9,69.8,79.0,79.8,505.0,265.5,468.0,172.0,96.0,113.0,200.5,249.5,31.2,185.0,133.5,87.4,146.0,44.05,49.95,89.6,47.15
34.9,33.05,69.7,48.8,98.2,72.4,11.9,38.05,105.0,28.65,33.7,345.5,171.5,18.0,123.0,341.0,17.15,51.8,23.65,46.1,135.5,25.1,13.6,15.95,23.9,58.2,242.0,330.5,27.3,41.3,29.4,19.9,24.15,242.5,224.0,242.5,40.7,11.1,128.5,,21.35,70.3,17.4,,339.5,224.0,19.35,14.1,99.6,35.75,19.8,19.1,60.2,22.1,215.5,119.5,36.85,39.15,68.5,139.5,50.2,81.4,62.7,226.0,53.2,12.4,107.0,127.5,28.05,20.85,67.6,231.0,225.0,171.5,39.7,45.95,12.05,32.55,10.5,16.1,15.45,30.45,224.0,17.6,31.45,10.15,28.85,10.75,10.05,12.35,17.6,47.4,47.4,9.93,20.3,15.3,25.75,13.4,9.71,10.3,19.95,19.8,315.5,84.2,3275.0,66.0,138.0,81.2,108.0,50.7,18.85,204.5,194.0,10.3,140.5,49.35,7.89,36.65,27.4,72.4,45.25,51.1,119.0,80.5,38.8,34.4,96.2,17.8,7.13,84.0,69.8,79.1,79.8,505.0,266.0,468.0,171.5,96.0,112.5,200.5,249.5,31.25,185.0,133.5,87.4,146.0,44.0,49.9,89.6,47.15
34.95,33.05,69.8,48.8,98.2,72.3,11.9,38.3,104.5,28.65,33.7,345.5,171.0,17.9,123.5,341.0,17.15,51.8,23.65,46.1,135.5,25.1,13.6,15.95,23.9,58.2,242.0,330.5,27.3,41.3,29.4,19.9,24.2,242.5,224.0,242.5,40.7,11.05,128.5,,21.3,70.4,17.4,,339.5,224.0,19.4,14.1,99.8,35.75,19.75,19.15,60.2,22.1,215.5,119.5,36.9,39.15,68.5,139.0,50.2,81.1,62.7,226.0,53.2,12.4,107.0,127.0,28.05,20.8,67.6,231.0,224.5,172.0,39.65,45.9,12.05,32.55,10.55,16.1,15.5,30.5,225.0,17.6,31.45,10.15,28.85,10.75,10.05,12.35,17.65,47.4,47.4,9.94,20.3,15.3,25.7,13.4,9.71,10.3,19.9,19.75,315.5,84.3,3275.0,66.0,138.0,81.3,108.0,50.6,18.8,204.5,194.0,10.3,140.5,49.3,7.87,36.65,27.4,72.4,45.1,51.1,119.0,80.6,38.85,34.4,96.2,17.8,7.15,84.0,69.7,79.1,79.9,505.0,268.0,468.0,171.0,96.0,112.5,200.5,250.0,31.25,185.0,133.0,87.4,146.0,44.0,49.95,89.6,47.15
34.95,33.05,69.9,48.8,98.2,72.3,11.9,38.25,105.0,28.65,33.7,345.0,171.0,17.95,123.5,341.0,17.2,51.8,23.65,46.1,135.5,25.1,13.6,15.95,23.9,58.2,242.0,330.5,27.3,41.3,29.4,19.95,24.2,242.5,224.0,242.5,40.7,11.1,128.5,,21.35,70.4,17.4,,339.5,224.0,19.4,14.1,99.8,35.75,19.8,19.2,60.2,22.1,215.5,119.5,36.9,39.15,68.4,139.0,50.2,81.2,62.7,226.0,53.1,12.45,107.0,127.0,28.0,20.85,67.6,231.0,224.5,171.5,39.65,45.9,12.05,32.5,10.5,16.1,15.5,30.5,225.5,17.55,31.45,10.2,28.8,10.75,10.05,12.35,17.65,47.35,47.4,9.93,20.3,15.3,25.7,13.4,9.71,10.3,19.9,19.8,315.5,84.3,3275.0,66.0,137.5,81.3,108.0,50.6,18.85,204.5,194.5,10.25,141.0,49.3,7.84,36.65,27.35,72.4,45.2,51.1,119.0,80.5,38.85,34.4,96.1,17.8,7.15,84.1,69.7,79.1,79.9,505.0,267.5,468.0,171.0,96.0,112.5,200.5,250.5,31.25,185.0,133.0,87.4,146.0,44.0,50.0,89.6,47.15
34.9,33.05,69.7,48.8,98.2,72.3,11.85,38.25,104.5,28.6,33.7,345.0,171.0,17.95,123.0,341.0,17.15,51.8,23.65,46.05,135.5,25.25,13.6,15.95,23.9,58.2,241.5,330.5,27.35,41.3,29.4,19.9,24.2,242.5,224.0,242.5,40.7,11.1,128.0,,21.35,70.4,17.45,,340.0,224.0,19.35,14.1,99.8,35.75,19.8,19.2,60.3,22.05,215.5,119.5,36.9,39.15,68.4,139.5,50.2,81.3,62.6,226.0,53.3,12.4,107.5,126.5,28.0,20.8,67.6,231.0,225.5,172.0,39.65,45.95,12.05,32.5,10.5,16.1,15.5,30.6,225.5,17.55,31.45,10.2,28.85,10.75,10.05,12.35,17.65,47.4,47.4,9.94,20.3,15.3,25.7,13.4,9.71,10.3,19.9,19.8,315.0,84.3,3275.0,66.2,138.0,81.3,108.0,50.4,18.85,205.5,194.0,10.25,141.0,49.3,7.84,36.6,27.35,72.4,45.2,51.1,119.0,80.7,38.85,34.4,96.1,17.8,7.15,84.2,69.7,79.0,79.9,505.0,266.0,467.0,170.5,95.9,112.5,200.5,250.0,31.25,184.5,133.0,87.4,145.5,44.0,50.0,89.6,47.15
34.95,33.0,69.7,48.8,98.3,72.4,11.85,38.25,105.0,28.6,33.7,345.0,170.0,17.95,123.0,341.5,17.15,51.8,23.65,46.1,135.5,25.25,13.6,15.9,23.95,58.2,241.5,330.5,27.35,41.3,29.4,19.9,24.2,242.5,224.0,242.5,40.75,11.1,128.0,,21.4,70.5,17.4,,339.5,224.0,19.35,14.1,99.7,35.7,19.8,19.2,60.3,22.05,215.5,119.5,36.85,39.15,68.5,139.5,50.1,81.3,62.6,225.5,53.3,12.4,107.0,127.0,28.0,20.8,67.6,231.0,225.0,172.0,39.65,45.95,12.0,32.5,10.55,16.1,15.5,30.55,224.5,17.55,31.45,10.2,28.8,10.75,10.05,12.3,17.6,47.45,47.4,9.93,20.3,15.3,25.7,13.4,9.71,10.25,19.9,19.8,315.0,84.2,3275.0,66.1,138.0,81.4,108.0,50.4,18.85,204.5,195.0,10.2,140.0,49.35,7.81,36.6,27.35,72.4,45.25,51.1,119.5,80.8,38.85,34.4,96.0,17.8,7.15,84.1,69.9,79.0,80.0,505.0,266.5,467.0,170.5,96.0,112.5,200.5,250.0,31.25,184.5,133.0,87.4,145.5,44.0,50.0,89.6,47.15
34.95,33.05,69.7,48.75,98.3,72.4,11.9,38.25,104.5,28.6,33.7,345.0,170.0,17.95,123.0,341.0,17.15,51.8,23.65,46.1,135.5,25.25,13.6,15.9,23.9,58.2,241.5,330.5,27.35,41.35,29.4,19.9,24.2,242.5,224.0,242.5,40.75,11.05,128.5,,21.4,70.5,17.4,,339.5,224.0,19.4,14.1,99.6,35.7,19.8,19.2,60.3,22.05,215.5,119.0,36.75,39.15,68.5,139.5,50.1,81.3,62.6,226.5,53.3,12.4,107.0,127.0,28.0,20.8,67.6,231.0,226.0,172.0,39.6,45.95,12.0,32.5,10.55,16.1,15.5,30.5,222.5,17.55,31.45,10.2,28.8,10.75,10.05,12.3,17.6,47.45,47.45,9.93,20.3,15.3,25.7,13.4,9.7,10.25,19.9,19.75,315.5,84.3,3275.0,66.1,138.0,81.3,108.0,50.3,18.85,205.0,197.0,10.2,140.5,49.3,7.83,36.6,27.35,72.4,45.25,51.1,119.0,80.8,38.85,34.4,96.0,17.8,7.15,84.0,69.8,79.0,79.9,505.0,267.0,468.0,171.0,96.0,112.5,200.5,250.0,31.2,184.5,133.0,87.4,145.5,44.0,50.0,89.6,47.15
34.9,33.05,69.7,48.75,98.2,72.3,11.9,38.25,105.0,28.6,33.7,345.0,170.5,17.95,123.0,341.5,17.15,51.8,23.65,46.1,136.0,25.25,13.6,15.95,23.95,58.2,241.5,330.5,27.35,41.3,29.4,19.9,24.2,242.5,224.0,242.5,40.75,11.1,128.0,,21.35,70.6,17.4,,339.5,224.0,19.4,14.1,99.7,35.7,19.8,19.25,60.3,22.05,216.0,119.5,36.85,39.1,68.5,139.5,50.1,81.4,62.6,225.5,53.3,12.45,107.0,127.0,28.0,20.85,67.6,231.0,226.0,172.0,39.65,45.9,12.0,32.5,10.55,16.1,15.45,30.5,222.5,17.55,31.45,10.2,28.85,10.75,10.05,12.3,17.6,47.45,47.45,9.93,20.3,15.3,25.7,13.4,9.71,10.25,19.9,19.75,315.5,84.3,3270.0,66.2,138.0,81.3,108.0,50.3,18.85,205.0,195.5,10.2,141.0,49.3,7.86,36.6,27.35,72.4,45.2,51.0,119.5,80.7,38.8,34.4,96.0,17.8,7.15,84.0,69.8,79.0,80.0,505.0,267.0,468.0,170.5,96.0,112.5,200.5,250.0,31.2,184.0,133.0,87.4,145.5,44.0,50.0,89.5,47.15
34.9,33.0,69.7,48.75,98.3,72.3,11.9,38.25,105.0,28.6,33.7,345.0,170.5,17.9,123.0,341.5,17.15,51.8,23.65,46.1,136.0,25.25,13.6,15.95,23.9,58.2,242.0,330.5,27.35,41.3,29.4,19.9,24.2,242.5,224.0,242.5,40.75,11.05,128.0,,21.35,70.7,17.4,,340.0,224.0,19.45,14.1,99.7,35.7,19.8,19.2,60.3,22.05,215.5,119.5,36.85,39.05,68.5,139.0,50.1,81.3,62.7,225.5,53.4,12.4,107.5,127.0,28.0,20.85,67.6,231.0,226.0,172.0,39.6,45.9,12.0,32.5,10.55,16.1,15.5,30.5,222.5,17.55,31.45,10.2,28.85,10.75,10.05,12.3,17.6,47.45,47.45,9.93,20.3,15.3,25.7,13.35,9.72,10.3,19.9,19.75,315.5,84.1,3270.0,66.2,137.5,81.3,108.0,50.1,18.8,205.0,196.0,10.25,140.5,49.35,7.86,36.6,27.35,72.4,45.2,51.1,119.0,80.8,38.8,34.4,96.0,17.75,7.15,83.9,70.0,79.1,80.0,505.0,266.5,468.0,170.5,96.1,113.0,200.5,250.5,31.15,183.5,133.0,87.4,145.5,44.0,50.0,89.5,47.15
34.9,33.0,69.7,48.75,98.3,72.4,11.9,38.25,105.0,28.6,33.7,345.5,170.5,17.9,123.0,341.5,17.15,51.8,23.65,46.1,136.0,25.25,13.6,15.95,23.9,58.2,242.0,329.5,27.35,41.3,29.4,19.9,24.2,242.5,224.0,242.5,40.75,11.05,128.0,,21.35,70.7,17.4,,340.5,224.0,19.5,14.1,99.7,35.65,19.75,19.2,60.3,22.05,215.5,119.5,36.85,39.05,68.5,139.0,50.1,81.3,62.7,226.0,53.4,12.45,107.0,127.0,28.0,20.85,67.6,231.5,226.0,172.0,39.6,45.9,12.0,32.5,10.5,16.1,15.45,30.5,224.0,17.6,31.45,10.2,28.85,10.75,10.05,12.3,17.65,47.45,47.45,9.93,20.3,15.3,25.7,13.4,9.71,10.25,19.9,19.75,315.5,84.1,3270.0,66.3,137.5,81.3,107.5,50.2,18.8,205.0,197.0,10.2,139.5,49.3,7.85,36.6,27.35,72.4,45.25,51.1,119.5,80.9,38.8,34.4,96.0,17.8,7.15,83.9,69.9,79.1,80.0,505.0,266.0,468.0,170.5,96.3,113.0,200.5,250.5,31.05,183.5,133.0,87.4,145.5,44.0,50.0,89.6,47.15
34.9,33.0,69.7,48.7,98.2,72.4,11.9,38.2,105.0,28.6,33.7,345.5,170.5,17.9,123.5,342.0,17.15,51.8,23.65,46.1,136.0,25.25,13.6,15.95,23.95,58.2,242.0,330.5,27.35,41.3,29.4,19.9,24.2,242.5,224.0,242.5,40.75,11.05,128.0,,21.35,70.8,17.4,,341.0,223.5,19.45,14.1,99.7,35.7,19.75,19.2,60.3,22.05,215.5,119.5,36.85,39.05,68.6,139.5,50.2,81.3,62.7,225.5,53.5,12.4,107.5,127.5,28.05,20.8,67.6,232.0,226.0,172.5,39.6,45.75,12.0,32.5,10.5,16.1,15.5,30.55,224.0,17.6,31.45,10.2,28.8,10.75,10.05,12.3,17.65,47.45,47.45,9.93,20.3,15.3,25.7,13.4,9.72,10.3,19.9,19.8,315.5,84.1,3275.0,66.4,138.0,81.3,108.0,50.5,18.85,206.0,197.5,10.2,140.0,49.3,7.86,36.6,27.35,72.4,45.2,51.1,119.0,81.3,38.8,34.4,96.1,17.75,7.15,83.9,70.0,79.1,80.0,505.0,266.5,468.0,171.0,96.4,113.0,200.5,251.0,31.1,183.0,133.0,87.4,145.5,44.0,49.95,89.6,47.15
34.85,33.0,69.7,48.7,98.3,72.4,11.9,38.2,105.0,28.6,33.7,345.5,170.5,17.9,123.5,342.5,17.15,51.8,23.65,46.1,136.0,25.25,13.6,16.0,23.9,58.2,242.0,329.5,27.2,41.3,29.4,19.95,24.2,242.5,224.0,243.0,40.75,11.1,128.5,,21.4,70.9,17.4,,341.0,223.5,19.45,14.1,99.7,35.7,19.75,19.2,60.3,22.05,215.5,119.5,36.9,39.15,68.5,139.0,50.2,81.3,62.7,225.5,53.5,12.4,107.0,128.0,28.0,20.85,67.6,233.0,226.5,172.5,39.7,45.75,12.0,32.5,10.5,16.1,15.45,30.5,224.0,17.6,31.45,10.2,28.85,10.75,10.05,12.3,17.65,47.5,47.45,9.93,20.3,15.3,25.7,13.4,9.73,10.3,19.9,19.75,315.5,84.2,3275.0,66.6,138.0,81.3,108.0,50.5,18.85,206.5,199.0,10.25,140.0,49.25,7.86,36.6,27.3,72.4,45.25,51.2,119.5,81.5,38.8,34.4,96.1,17.75,7.15,83.9,70.0,79.1,80.0,505.0,266.5,470.0,171.0,96.6,113.0,200.5,251.5,31.05,183.0,133.0,87.4,145.5,44.0,49.95,89.6,47.15
34.85,33.0,69.7,48.7,98.3,72.4,11.9,38.2,104.5,28.55,33.7,345.5,170.5,17.9,123.0,342.0,17.15,51.8,23.65,46.15,136.0,25.25,13.6,16.0,23.9,58.2,242.5,330.5,27.2,41.3,29.4,19.9,24.2,242.5,224.0,243.0,40.8,11.05,128.5,,21.4,70.9,17.45,,340.5,224.0,19.5,14.1,99.8,35.7,19.75,19.2,60.3,22.05,215.5,119.5,36.9,39.1,68.6,139.0,50.2,81.3,62.7,225.5,53.5,12.4,107.5,128.5,28.1,20.85,67.6,232.0,226.0,172.5,39.7,45.75,12.05,32.5,10.5,16.1,15.5,30.5,224.0,17.6,31.45,10.2,28.85,10.75,10.05,12.3,17.65,47.45,47.4,9.94,20.3,15.3,25.75,13.4,9.73,10.25,19.9,19.75,315.5,84.2,3275.0,66.8,138.0,81.4,108.0,50.5,18.85,208.0,198.5,10.25,140.0,49.3,7.89,36.6,27.3,72.4,45.25,51.3,119.0,81.3,38.8,34.4,96.0,17.8,7.15,84.0,70.0,79.0,80.0,505.0,266.5,473.0,171.5,97.0,113.0,200.5,251.0,31.1,183.5,133.0,87.4,145.5,44.05,49.95,89.6,47.15
34.9,32.95,69.7,48.7,98.3,72.4,11.9,38.2,104.5,28.55,33.7,345.5,170.5,17.9,123.0,342.0,17.15,51.9,23.65,46.05,136.0,25.25,13.6,16.0,23.95,58.2,242.5,330.5,27.3,41.3,29.4,19.95,24.2,242.5,224.0,243.0,40.8,11.1,128.5,,21.4,70.8,17.45,,340.0,224.0,19.4,14.15,99.9,35.65,19.75,19.2,60.3,22.05,216.0,119.5,36.9,39.15,68.5,139.0,50.2,81.3,62.7,225.5,53.4,12.4,107.5,128.5,28.05,20.9,67.6,232.5,226.5,172.5,39.6,45.75,12.0,32.5,10.5,16.1,15.5,30.5,223.0,17.6,31.45,10.2,28.85,10.75,10.05,12.3,17.65,47.45,47.45,9.93,20.3,15.3,25.75,13.4,9.73,10.3,19.9,19.8,315.5,84.2,3280.0,66.8,138.0,81.4,108.0,50.4,18.85,207.0,198.0,10.2,140.5,49.35,7.88,36.6,27.35,72.4,45.3,51.3,119.5,81.3,38.8,34.4,96.1,17.8,7.16,84.1,69.9,79.0,80.1,505.0,266.5,472.0,171.5,97.0,113.0,200.5,253.0,31.15,183.5,133.0,87.4,146.0,44.05,49.95,89.6,47.1
34.9,32.95,69.7,48.7,98.3,72.4,11.9,38.2,104.5,28.6,33.7,345.5,171.0,17.95,123.0,341.0,17.15,51.8,23.65,46.1,136.0,25.25,13.6,16.0,23.9,58.2,242.0,330.5,27.3,41.3,29.4,19.95,24.2,242.5,224.0,243.5,40.85,11.05,128.5,,21.4,70.7,17.45,,340.5,224.0,19.45,14.1,99.9,35.65,19.75,19.2,60.3,22.05,216.0,119.5,36.9,39.15,68.6,139.0,50.2,81.4,62.7,225.5,53.4,12.4,107.0,128.5,28.05,20.9,67.6,232.5,227.0,172.5,39.55,45.8,12.0,32.5,10.5,16.1,15.45,30.45,223.0,17.6,31.45,10.2,28.85,10.75,10.05,12.25,17.65,47.5,47.45,9.94,20.3,15.3,25.75,13.4,9.73,10.25,19.9,19.8,315.5,84.2,3280.0,66.5,138.5,81.3,108.0,50.3,18.85,206.5,198.5,10.25,141.0,49.4,7.86,36.7,27.35,72.4,45.3,51.3,119.0,81.4,38.8,34.4,96.1,17.75,7.16,84.1,69.9,79.0,79.9,505.0,266.5,472.0,172.0,96.9,113.0,200.5,253.0,31.15,183.5,133.0,87.4,145.5,44.05,49.95,89.6,47.1
34.85,32.95,69.7,48.7,98.3,72.4,11.9,38.2,105.0,28.6,33.7,345.5,170.5,17.95,123.0,342.0,17.15,51.8,23.65,46.1,136.5,25.25,13.6,16.0,23.95,58.2,242.0,330.5,27.3,41.3,29.4,19.95,24.2,242.5,224.0,243.5,40.85,11.1,128.5,,21.4,70.7,17.4,,340.5,224.0,19.45,14.15,100.0,35.65,19.7,19.2,60.3,22.0,216.0,119.5,36.85,39.15,68.6,139.0,50.1,81.4,62.7,225.5,53.5,12.4,107.0,128.0,28.05,20.85,67.6,232.5,226.0,172.0,39.6,45.8,12.0,32.5,10.5,16.1,15.5,30.45,223.0,17.6,31.45,10.2,28.85,10.7,10.05,12.25,17.65,47.55,47.45,9.93,20.3,15.3,25.75,13.4,9.73,10.3,19.85,19.8,315.0,84.2,3280.0,66.5,138.5,81.4,108.0,50.4,18.85,207.0,198.5,10.25,141.5,49.45,7.85,36.6,27.35,72.4,45.35,51.4,119.0,81.4,38.8,34.4,96.1,17.75,7.16,84.1,69.9,79.0,80.1,505.0,266.5,472.0,172.0,96.8,112.5,200.5,252.5,31.15,183.0,133.0,87.4,145.5,44.05,49.95,89.6,47.1
34.9,32.95,69.7,48.7,98.3,72.4,11.9,38.2,104.5,28.6,33.7,345.5,170.5,17.9,123.5,341.5,17.15,51.8,23.65,46.05,136.5,25.25,13.6,16.0,23.95,58.2,242.0,329.5,27.3,41.35,29.4,19.9,24.2,242.5,224.0,243.5,40.9,11.1,128.5,,21.4,70.7,17.4,,341.0,223.5,19.45,14.15,99.9,35.65,19.7,19.2,60.3,22.0,216.0,119.5,36.9,39.15,68.5,139.0,50.1,81.2,62.7,225.5,53.4,12.4,107.5,128.0,28.05,20.9,67.6,232.5,226.5,172.0,39.65,45.8,12.0,32.5,10.55,16.1,15.45,30.5,223.0,17.6,31.45,10.2,28.85,10.7,10.05,12.25,17.65,47.5,47.4,9.92,20.35,15.3,25.75,13.4,9.72,10.3,19.9,19.8,316.0,84.2,3290.0,66.3,138.5,81.5,108.0,50.4,18.8,207.0,198.5,10.25,141.0,49.6,7.85,36.6,27.35,72.4,45.45,51.3,119.0,81.5,38.8,34.4,96.1,17.75,7.16,84.0,70.0,79.0,80.0,505.0,266.5,469.5,172.0,96.5,112.5,200.5,252.5,31.15,183.0,133.0,87.4,145.5,44.0,49.95,89.6,47.1
34.85,32.95,69.7,48.7,98.3,72.4,11.9,38.2,104.5,28.6,33.7,345.0,170.5,17.9,123.5,341.0,17.15,51.8,23.65,46.05,136.5,25.25,13.6,16.0,23.95,58.2,242.0,329.5,27.3,41.35,29.4,19.95,24.2,242.0,224.0,243.5,40.85,11.1,128.5,,21.35,70.7,17.4,,340.5,224.0,19.5,14.15,100.0,35.7,19.7,19.2,60.4,22.05,216.0,119.5,36.9,39.1,68.6,139.0,50.1,81.3,62.7,225.5,53.4,12.4,107.5,128.0,28.05,20.9,67.6,233.0,226.0,172.0,39.65,45.8,12.05,32.5,10.5,16.1,15.5,30.5,223.0,17.6,31.45,10.2,28.85,10.7,10.05,12.2,17.6,47.55,47.5,9.92,20.35,15.3,25.75,13.4,9.73,10.3,19.9,19.8,316.0,84.2,3285.0,66.4,138.5,81.6,108.0,50.2,18.85,206.5,198.0,10.25,140.5,49.6,7.85,36.6,27.35,72.6,45.55,51.3,119.0,81.6,38.7,34.4,96.1,17.75,7.15,83.9,69.9,78.8,80.0,505.0,266.5,469.0,172.0,96.3,112.5,200.5,252.5,31.15,183.5,133.0,87.4,145.5,44.0,49.95,89.6,47.1
34.9,32.95,69.7,48.7,98.3,72.4,11.85,38.3,105.0,28.6,33.7,345.5,170.0,17.95,123.5,340.5,17.15,51.8,23.65,46.05,136.5,25.25,13.6,16.0,23.9,58.2,242.0,329.5,27.3,41.3,29.4,19.95,24.2,241.0,224.0,244.0,40.9,11.05,128.5,,21.4,70.7,17.4,,340.5,224.0,19.45,14.1,100.0,35.65,19.7,19.15,60.4,22.05,216.0,119.5,36.85,39.15,68.6,139.0,50.2,81.2,62.7,225.5,53.3,12.4,107.5,128.0,28.0,20.9,67.6,233.0,225.5,172.5,39.65,45.75,12.05,32.5,10.5,16.1,15.5,30.5,224.5,17.6,31.45,10.2,28.85,10.7,10.05,12.25,17.6,47.55,47.5,9.93,20.35,15.25,25.75,13.35,9.73,10.3,19.9,19.8,315.0,84.1,3285.0,66.5,138.0,81.6,108.0,50.2,18.85,206.5,198.0,10.25,140.5,49.45,7.84,36.6,27.35,72.6,45.9,51.3,118.5,81.5,38.7,34.4,96.1,17.75,7.16,83.9,69.9,78.8,80.0,505.0,266.5,469.0,172.0,96.4,112.5,200.5,252.5,31.15,183.5,133.0,87.4,145.5,44.0,49.95,89.6,47.1
34.85,32.95,69.7,48.7,98.3,72.4,11.85,38.3,105.0,28.55,33.7,345.5,170.0,17.9,123.5,340.0,17.2,51.8,23.65,46.1,136.5,25.25,13.6,16.0,23.9,58.2,242.5,329.5,27.3,41.3,29.4,19.9,24.15,241.0,224.0,244.0,40.9,11.1,128.5,,21.4,70.7,17.4,,340.5,223.5,19.5,14.1,100.5,35.65,19.75,19.2,60.4,22.05,216.0,119.5,36.85,39.2,68.5,139.0,50.2,81.2,62.7,225.5,53.4,12.4,107.0,128.0,28.0,20.9,67.6,232.5,225.5,172.0,39.7,45.75,12.05,32.45,10.5,16.1,15.5,30.45,224.5,17.6,31.45,10.2,28.85,10.75,10.05,12.2,17.6,47.5,47.45,9.93,20.35,15.25,25.7,13.4,9.73,10.25,19.9,19.75,313.5,84.1,3290.0,66.5,138.0,81.5,108.0,50.3,18.85,207.0,197.5,10.25,140.5,49.5,7.85,36.6,27.35,72.6,45.8,51.3,119.0,81.5,38.7,34.4,96.0,17.75,7.17,83.8,69.9,78.8,80.1,505.0,266.0,469.0,171.5,96.4,112.5,200.5,254.0,31.15,183.5,133.0,87.4,145.5,44.0,49.95,89.6,47.1
34.9,32.95,69.8,48.75,98.2,72.4,11.85,38.3,104.5,28.6,33.7,345.5,170.0,17.95,123.5,340.0,17.2,51.9,23.65,46.1,136.5,25.25,13.6,16.0,23.9,58.2,242.0,329.5,27.3,41.3,29.4,19.95,24.1,241.0,224.0,243.5,40.85,11.1,128.5,,21.35,70.7,17.4,,339.5,223.5,19.5,14.1,100.5,35.65,19.75,19.15,60.4,22.05,216.0,119.5,36.7,39.2,68.5,139.0,50.2,81.2,62.6,225.5,53.3,12.4,107.0,128.0,27.9,20.9,67.6,232.5,226.5,171.5,39.85,45.75,12.0,32.45,10.5,16.1,15.5,30.5,224.0,17.6,31.45,10.2,28.85,10.75,10.05,12.2,17.6,47.45,47.45,9.92,20.35,15.25,25.75,13.4,9.73,10.25,19.9,19.8,312.5,84.1,3290.0,66.5,138.0,81.5,108.0,50.5,18.85,206.0,197.5,10.2,140.0,49.5,7.85,36.6,27.35,72.3,45.85,51.3,118.5,81.4,38.8,34.4,96.0,17.75,7.16,83.8,70.0,79.0,80.1,505.0,267.0,469.0,171.5,96.6,112.5,200.5,254.0,31.15,183.5,133.0,87.4,145.5,44.0,49.95,89.6,47.1
34.85,32.95,69.7,48.75,98.3,72.4,11.85,38.3,104.5,28.6,33.7,345.0,170.0,17.95,123.5,339.5,17.15,51.9,23.65,46.15,136.5,25.25,13.6,16.0,23.9,58.2,242.0,329.5,27.3,41.3,29.4,19.9,24.1,241.0,224.0,243.5,40.9,11.1,128.5,,21.4,70.7,17.4,,339.0,223.5,19.5,14.1,100.5,35.65,19.75,19.15,60.4,22.05,216.0,119.5,36.65,39.1,68.5,139.0,50.2,81.2,62.7,225.5,53.2,12.4,107.0,128.0,27.95,20.9,67.6,232.5,226.0,171.0,39.9,45.8,12.0,32.45,10.5,16.1,15.5,30.5,224.0,17.6,31.5,10.2,28.85,10.75,10.05,12.2,17.6,47.45,47.45,9.93,20.35,15.25,25.75,13.4,9.73,10.25,19.9,19.8,312.5,84.1,3290.0,66.5,138.0,81.5,108.0,50.3,18.85,206.0,197.0,10.2,140.0,49.45,7.85,36.6,27.35,72.3,45.9,51.3,118.0,81.4,38.8,34.4,96.0,17.75,7.16,83.8,70.0,79.0,80.0,505.0,267.0,469.0,172.0,96.7,112.5,200.5,253.0,31.15,183.5,132.5,87.4,145.5,44.0,49.95,89.6,47.1
34.85,32.95,69.7,48.75,98.3,72.5,11.85,38.3,105.0,28.55,33.7,344.0,170.0,17.95,123.5,339.0,17.2,51.9,23.65,46.1,136.5,25.25,13.6,16.0,23.9,58.2,242.5,330.5,27.3,41.3,29.4,19.95,24.1,241.0,224.0,243.5,40.85,11.05,128.5,,21.35,70.7,17.4,,339.0,223.5,19.5,14.1,100.5,35.6,19.75,19.15,60.4,22.0,216.0,119.5,36.55,39.1,68.4,139.0,50.2,81.2,62.7,225.5,53.3,12.4,107.5,128.0,28.0,20.9,67.6,232.5,226.5,171.5,39.8,45.8,12.05,32.45,10.5,16.1,15.5,30.5,224.5,17.6,31.5,10.2,28.9,10.75,10.05,12.2,17.6,47.4,47.45,9.93,20.3,15.25,25.75,13.4,9.72,10.25,19.9,19.8,312.5,84.2,3295.0,66.5,138.5,81.7,108.0,50.1,18.85,206.0,197.5,10.2,139.5,49.6,7.84,36.6,27.35,72.3,45.9,51.2,118.0,81.4,38.8,34.65,96.0,17.75,7.16,83.8,70.0,79.0,80.0,505.0,267.0,469.0,171.5,96.8,112.5,200.5,252.5,31.1,183.0,133.0,87.4,145.5,44.0,49.95,89.6,47.1
34.85,32.9,69.7,48.75,98.3,72.5,11.85,38.3,104.5,28.6,33.7,344.0,170.0,17.95,123.0,339.5,17.15,51.9,23.65,46.1,136.5,25.25,13.6,16.0,23.9,58.2,242.0,330.5,27.3,41.3,29.4,19.95,24.15,241.0,224.0,244.0,40.85,11.1,128.5,,21.4,70.6,17.4,,339.0,223.5,19.5,14.1,100.0,35.55,19.7,19.15,60.4,22.0,216.0,119.5,36.4,39.15,68.4,138.5,50.2,81.2,62.7,225.5,53.2,12.4,107.0,128.0,27.95,20.95,67.6,232.5,226.0,171.5,39.8,45.8,12.05,32.4,10.5,16.1,15.5,30.55,224.5,17.55,31.5,10.2,28.85,10.75,10.05,12.2,17.65,47.4,47.45,9.93,20.3,15.25,25.75,13.4,9.72,10.3,19.9,19.8,312.5,84.2,3295.0,66.5,138.5,81.8,108.0,50.1,18.8,206.0,197.0,10.25,139.5,49.65,7.84,36.6,27.35,72.3,45.85,51.2,118.0,81.5,38.75,34.65,96.1,17.75,7.16,83.8,70.0,79.0,80.1,505.0,267.0,469.0,172.0,96.8,112.0,200.5,252.5,31.1,183.5,133.0,87.4,145.5,44.15,49.95,89.6,47.15
34.85,32.9,69.7,48.75,98.3,72.4,11.85,38.3,105.0,28.6,33.7,343.0,170.0,18.0,123.0,338.5,17.15,51.9,23.65,46.15,136.5,25.25,13.6,16.0,23.9,58.2,242.0,330.5,27.3,41.35,29.4,19.95,24.1,241.0,224.0,244.0,40.85,11.1,128.5,,21.35,70.5,17.4,,339.0,223.5,19.45,14.1,99.8,35.55,19.7,19.15,60.4,22.0,216.0,119.5,36.5,39.1,68.4,138.5,50.2,81.2,62.7,225.5,53.2,12.4,107.0,128.0,27.9,20.95,67.6,232.0,225.5,171.5,39.8,45.85,12.0,32.4,10.5,16.1,15.5,30.5,224.5,17.55,31.5,10.2,28.85,10.7,10.05,12.25,17.65,47.4,47.45,9.93,20.3,15.25,25.75,13.4,9.72,10.25,19.9,19.8,312.5,84.1,3290.0,66.5,138.5,81.7,108.0,50.0,18.85,205.5,197.0,10.25,139.5,49.65,7.83,36.6,27.35,72.3,45.85,51.1,118.0,81.4,38.75,34.65,96.0,17.75,7.16,83.8,69.9,78.9,80.0,505.0,267.0,469.0,172.0,96.8,112.5,200.5,252.0,31.1,183.5,133.0,87.4,145.5,44.15,49.9,89.6,47.15
34.85,32.9,69.6,48.75,98.2,72.4,11.85,38.3,105.0,28.6,33.7,342.0,170.0,18.0,123.0,339.0,17.15,51.8,23.65,46.15,136.5,25.25,13.6,16.0,23.9,58.2,242.0,330.5,27.3,41.35,29.4,19.95,24.15,241.0,224.0,244.0,40.8,11.1,128.5,,21.35,70.6,17.4,,339.0,223.0,19.5,14.1,99.6,35.55,19.7,19.15,60.3,22.0,216.0,119.5,36.55,39.1,68.4,138.5,50.2,81.3,62.7,225.5,53.2,12.4,107.0,128.0,27.9,20.95,67.6,232.0,225.5,171.0,39.8,45.8,12.05,32.4,10.55,16.1,15.5,30.5,224.5,17.55,31.5,10.2,28.9,10.75,10.05,12.2,17.65,47.4,47.45,9.93,20.3,15.25,25.7,13.4,9.72,10.3,19.9,19.8,312.5,84.2,3280.0,66.5,138.5,81.7,108.0,50.0,18.85,206.0,197.0,10.25,139.5,49.6,7.85,36.6,27.35,72.3,45.85,51.1,117.5,81.4,38.75,34.65,96.0,17.75,7.16,83.8,69.9,79.0,80.0,505.0,266.5,469.0,171.5,96.8,112.5,200.5,252.5,31.1,183.0,133.0,87.4,145.5,44.15,49.9,89.6,47.15
34.85,32.95,69.7,48.75,98.3,72.4,11.85,38.3,104.5,28.55,33.7,341.5,170.0,18.0,123.0,339.0,17.15,51.8,23.65,46.1,136.5,25.25,13.6,16.0,23.9,58.2,242.0,330.5,27.3,41.35,29.45,19.95,24.15,241.0,224.0,244.0,40.8,11.1,128.5,,21.35,70.5,17.4,,338.5,223.5,19.45,14.1,99.6,35.55,19.7,19.15,60.4,22.0,215.5,119.5,36.55,39.15,68.5,138.5,50.2,81.2,62.7,225.5,53.2,12.4,107.0,128.0,27.95,20.95,67.6,232.0,225.5,171.5,39.8,45.85,12.05,32.4,10.55,16.1,15.5,30.5,224.5,17.55,31.5,10.2,28.9,10.75,10.05,12.2,17.6,47.4,47.45,9.93,20.3,15.25,25.7,13.35,9.72,10.3,19.9,19.8,313.0,84.2,3280.0,66.4,138.5,81.7,108.0,49.9,18.85,205.5,197.0,10.25,139.5,49.55,7.84,36.6,27.35,72.5,45.8,51.1,117.5,81.3,38.7,34.65,96.0,17.75,7.16,83.8,69.9,78.9,80.1,505.0,266.5,469.0,171.5,96.7,112.5,200.5,252.5,31.1,183.5,133.0,87.4,145.5,44.15,49.9,89.6,47.1
34.85,32.9,69.7,48.75,98.3,72.4,11.85,38.2,105.0,28.6,33.7,342.5,170.0,18.0,123.0,340.0,17.2,51.8,23.65,46.15,136.5,25.25,13.6,16.0,23.9,58.2,242.0,330.5,27.3,41.35,29.45,19.95,24.15,241.0,224.0,243.5,40.8,11.05,128.5,,21.3,70.6,17.4,,339.0,223.5,19.45,14.05,99.7,35.55,19.7,19.15,60.4,22.0,215.5,119.5,36.55,39.15,68.4,139.0,50.3,81.2,62.7,226.0,53.2,12.45,107.0,128.0,27.95,20.95,67.6,232.5,225.5,171.5,39.85,45.85,12.05,32.4,10.55,16.1,15.5,30.55,224.5,17.55,31.5,10.2,28.9,10.75,10.05,12.2,17.6,47.4,47.45,9.93,20.3,15.3,25.75,13.4,9.71,10.25,19.9,19.8,313.0,84.1,3280.0,66.4,138.5,81.7,108.0,49.9,18.85,205.5,198.0,10.25,140.0,49.55,7.84,36.6,27.35,72.3,45.8,51.1,117.5,81.3,38.7,34.65,96.0,17.75,7.16,83.8,69.9,78.9,80.2,505.0,266.0,469.0,171.5,96.6,112.5,200.5,253.5,31.1,183.5,133.0,87.4,146.0,44.15,50.0,89.6,47.05
34.85,32.95,69.7,48.75,98.3,72.4,11.9,38.2,104.5,28.65,33.7,342.5,170.0,17.95,123.0,341.0,17.15,51.9,23.65,46.15,137.0,25.2,13.6,16.0,23.9,58.2,242.0,330.5,27.3,41.3,29.4,19.95,24.15,241.0,224.0,243.5,40.8,11.05,128.5,,21.3,70.5,17.45,,339.5,223.5,19.4,14.05,99.8,35.55,19.75,19.15,60.3,22.0,215.5,119.5,36.6,39.1,68.4,138.5,50.3,81.3,62.7,226.5,53.2,12.45,107.5,128.0,27.95,20.95,67.6,232.0,225.5,171.5,39.9,45.8,12.05,32.35,10.55,16.1,15.5,30.55,224.5,17.55,31.45,10.2,28.9,10.75,10.05,12.2,17.6,47.4,47.45,9.92,20.3,15.25,25.75,13.4,9.72,10.25,19.9,19.8,313.0,84.0,3280.0,66.4,138.5,81.8,108.0,49.95,18.85,206.0,198.0,10.2,140.0,49.55,7.84,36.6,27.35,72.5,45.7,51.2,117.5,81.3,38.55,34.65,96.0,17.75,7.17,83.7,69.9,78.8,80.0,505.0,266.0,469.0,171.5,96.7,112.5,200.5,253.5,31.15,183.0,133.5,87.4,145.5,44.15,50.0,89.6,47.05
34.8,32.9,69.7,48.75,98.2,72.4,11.85,38.2,104.5,28.65,33.7,344.0,170.0,18.0,123.0,341.0,17.15,51.9,23.65,46.1,137.0,25.2,13.6,16.0,23.9,58.2,242.0,330.5,27.3,41.3,29.4,19.95,24.15,241.0,224.0,243.5,40.75,11.1,129.0,,21.3,70.5,17.4,,339.5,223.5,19.4,14.05,99.9,35.55,19.75,19.15,60.3,22.0,215.5,119.5,36.6,39.15,68.4,138.5,50.3,81.3,62.5,227.0,53.2,12.45,107.0,128.0,28.0,20.9,67.6,232.0,225.5,171.5,39.9,45.8,12.05,32.3,10.5,16.1,15.5,30.55,224.5,17.55,31.45,10.2,28.9,10.7,10.05,12.2,17.6,47.4,47.4,9.92,20.3,15.3,25.75,13.35,9.72,10.25,19.9,19.75,313.0,84.0,3280.0,66.3,138.0,81.8,108.0,50.1,18.85,206.0,198.0,10.25,140.0,49.55,7.83,36.6,27.35,72.4,45.6,51.1,118.0,81.3,38.5,34.65,96.1,17.75,7.16,83.7,69.9,78.8,80.2,505.0,266.0,469.0,171.5,96.7,112.5,200.5,253.5,31.15,183.0,133.5,87.4,145.5,44.15,50.0,89.6,47.1
34.8,32.9,69.7,48.75,98.3,72.4,11.9,38.2,104.5,28.65,33.7,344.0,170.0,18.0,123.5,340.0,17.15,51.9,23.6,46.15,137.0,25.2,13.6,16.0,23.9,58.2,242.0,329.0,27.3,41.35,29.4,19.95,24.15,241.0,224.0,243.0,40.75,11.05,129.0,,21.3,70.5,17.4,,340.5,223.5,19.4,14.1,100.0,35.55,19.75,19.15,60.3,22.0,215.5,119.5,36.65,39.1,68.4,138.5,50.3,81.3,62.3,227.0,53.2,12.4,107.5,128.0,27.95,20.85,67.6,232.0,226.0,171.5,39.9,45.8,12.05,32.2,10.5,16.1,15.5,30.5,224.5,17.55,31.45,10.2,28.9,10.7,10.05,12.2,17.6,47.4,47.45,9.92,20.35,15.25,25.75,13.4,9.73,10.3,19.95,19.75,313.5,84.0,3280.0,66.1,138.5,81.8,108.0,50.2,18.85,206.0,198.0,10.25,140.0,49.45,7.82,36.6,27.35,72.5,45.6,51.2,117.5,81.3,38.5,34.65,96.2,17.75,7.16,83.7,70.0,78.7,80.2,505.0,266.0,469.0,171.5,96.6,112.0,200.5,253.5,31.15,183.0,133.5,87.4,145.5,44.15,50.0,89.6,47.1
34.85,32.9,69.7,48.8,98.2,72.4,11.9,38.2,104.5,28.6,33.7,343.5,170.0,18.0,123.5,340.0,17.15,51.8,23.6,46.1,137.0,25.2,13.6,16.0,23.9,58.2,242.0,329.0,27.3,41.35,29.4,19.95,24.15,241.0,224.0,243.0,40.75,11.1,129.0,,21.35,70.5,17.4,,340.0,223.5,19.4,14.05,100.0,35.55,19.75,19.15,60.3,22.0,216.0,119.5,36.65,39.15,68.4,138.5,50.3,81.3,62.2,227.0,53.1,12.45,107.0,128.5,27.95,20.9,67.6,232.0,226.5,171.5,39.8,45.8,12.05,32.2,10.55,16.1,15.5,30.5,224.5,17.55,31.45,10.2,28.9,10.7,10.05,12.25,17.6,47.4,47.45,9.92,20.35,15.25,25.75,13.4,9.73,10.3,19.9,19.75,313.0,84.1,3290.0,66.2,138.5,81.8,108.0,50.2,18.85,205.5,198.5,10.2,140.0,49.45,7.82,36.6,27.35,72.5,45.6,51.2,118.0,81.3,38.5,34.65,96.2,17.75,7.16,83.7,70.0,78.7,80.2,505.0,266.0,470.0,171.5,96.6,112.0,200.5,253.5,31.15,183.5,133.5,87.4,146.0,44.15,50.0,89.7,47.1
34.85,32.9,69.7,48.8,98.3,72.4,11.9,38.2,105.0,28.6,33.7,342.5,170.0,18.05,123.5,339.5,17.2,51.8,23.6,46.1,137.0,25.2,13.6,16.0,23.9,58.2,242.5,329.0,27.3,41.3,29.4,19.95,24.2,242.0,224.0,243.0,40.75,11.1,129.0,,21.35,70.5,17.45,,340.0,223.5,19.4,14.05,100.0,35.55,19.75,19.15,60.3,22.0,216.0,119.5,36.7,39.1,68.4,138.5,50.3,81.3,62.2,227.0,53.1,12.4,107.0,128.0,27.9,20.95,67.6,232.0,225.5,171.5,39.85,45.8,12.05,32.2,10.5,16.1,15.45,30.5,224.5,17.55,31.45,10.2,28.9,10.75,10.05,12.2,17.6,47.4,47.45,9.93,20.3,15.25,25.75,13.4,9.73,10.3,19.9,19.8,313.0,84.1,3290.0,66.2,138.5,81.8,108.0,50.0,18.9,205.5,200.0,10.2,140.5,49.5,7.83,36.6,27.35,72.5,45.5,51.2,118.0,81.3,38.5,34.65,96.2,17.8,7.16,83.7,70.0,78.7,80.3,505.0,266.0,470.0,171.5,96.5,112.0,200.5,253.5,31.1,183.0,133.5,87.4,146.0,44.15,50.0,89.7,47.1
34.85,32.9,69.7,48.8,98.3,72.5,11.9,38.2,105.0,28.6,33.7,342.0,170.0,18.05,123.5,339.5,17.2,51.8,23.6,46.1,137.0,25.2,13.65,16.0,23.95,58.2,242.0,329.0,27.3,41.3,29.4,19.85,24.2,242.0,224.0,243.0,40.65,11.05,129.0,,21.35,70.5,17.4,,340.0,223.5,19.4,14.05,99.9,35.55,19.75,19.15,60.3,22.0,216.0,119.5,36.7,39.15,68.4,138.5,50.2,81.2,62.4,227.0,53.2,12.4,107.0,128.0,27.95,20.9,67.6,232.0,225.5,171.5,39.85,45.8,12.05,32.2,10.5,16.1,15.45,30.5,224.0,17.55,31.4,10.2,28.9,10.7,10.05,12.25,17.55,47.4,47.45,9.92,20.3,15.25,25.75,13.4,9.74,10.3,19.9,19.8,313.0,84.0,3290.0,66.3,138.5,81.8,108.0,50.0,18.9,205.5,199.5,10.2,140.0,49.5,7.83,36.6,27.35,72.5,45.5,51.2,118.0,81.4,38.5,34.65,96.2,17.75,7.16,83.7,70.0,78.7,80.2,505.0,266.0,470.5,171.5,96.5,112.0,200.5,253.5,31.15,183.5,133.5,87.4,145.5,44.0,50.0,89.7,47.1
34.85,32.95,69.7,48.8,98.3,72.5,11.9,38.25,105.0,28.6,33.7,342.0,170.0,18.05,123.5,340.5,17.2,51.8,23.6,46.1,137.0,25.2,13.65,16.0,23.9,58.2,242.0,329.0,27.3,41.3,29.4,19.9,24.2,242.0,224.0,243.0,40.5,11.1,129.0,,21.35,70.5,17.4,,340.0,223.5,19.35,14.05,99.9,35.6,19.75,19.1,60.3,22.0,215.5,119.5,36.7,39.15,68.4,138.5,50.3,81.2,62.4,227.0,53.1,12.4,107.0,128.5,27.9,20.85,67.6,232.0,226.5,171.5,39.9,45.8,12.05,32.2,10.5,16.1,15.45,30.5,224.0,17.55,31.45,10.2,28.9,10.75,10.05,12.2,17.6,47.35,47.45,9.93,20.3,15.25,25.75,13.4,9.74,10.3,19.9,19.75,313.0,84.0,3295.0,66.3,138.5,81.8,108.0,49.95,18.9,205.5,200.5,10.2,140.0,49.55,7.83,36.6,27.35,72.5,45.6,51.2,118.0,81.4,38.5,34.65,96.2,17.75,7.16,83.7,70.0,78.7,80.5,505.0,266.5,472.0,171.5,96.6,112.5,200.5,253.5,31.15,183.5,133.5,87.4,145.5,44.0,50.0,89.7,47.05
34.85,32.9,69.7,48.8,98.3,72.5,11.9,38.25,104.5,28.6,33.7,342.0,170.0,18.0,123.0,340.5,17.2,51.8,23.6,46.1,137.0,25.2,13.65,16.0,23.9,58.3,242.0,329.0,27.3,41.3,29.4,19.9,24.15,242.0,224.0,243.0,40.45,11.05,128.5,,21.35,70.5,17.4,,340.0,223.5,19.35,14.05,99.8,35.6,19.75,19.1,60.3,22.0,215.5,119.5,36.75,39.1,68.4,138.5,50.3,81.3,62.4,226.5,53.1,12.4,107.0,128.5,28.0,20.9,67.9,232.0,226.0,171.5,39.85,45.8,12.05,32.2,10.5,16.1,15.5,30.5,224.0,17.55,31.35,10.2,28.85,10.7,10.1,12.25,17.6,47.4,47.4,9.92,20.3,15.3,25.7,13.4,9.74,10.25,19.9,19.75,314.0,84.0,3295.0,66.4,138.0,81.8,108.0,49.95,18.9,206.0,200.0,10.2,140.5,49.6,7.84,36.6,27.35,72.5,45.6,51.2,118.5,81.4,38.5,34.65,96.2,17.75,7.16,83.8,70.0,78.7,80.6,505.0,266.5,474.0,171.5,96.5,112.5,200.5,253.5,31.1,183.5,133.5,87.4,146.0,44.0,50.0,89.9,47.05
34.85,32.95,69.7,48.8,98.3,72.5,11.9,38.25,105.0,28.6,33.7,342.0,170.0,18.0,123.0,340.5,17.15,51.8,23.6,46.1,137.0,25.2,13.65,15.95,23.9,58.3,242.5,329.0,27.3,41.3,29.4,19.9,24.2,242.0,224.0,243.0,40.45,11.05,128.5,,21.4,70.5,17.4,,342.0,223.5,19.4,14.05,99.9,35.6,19.75,19.15,60.3,22.0,215.5,119.5,36.75,39.15,68.4,138.5,50.4,81.2,62.3,226.5,53.1,12.4,107.5,128.5,28.0,20.9,67.6,232.0,226.0,172.0,39.9,45.8,12.05,32.2,10.55,16.1,15.5,30.5,223.5,17.55,31.35,10.2,28.85,10.75,10.1,12.25,17.6,47.35,47.45,9.92,20.35,15.3,25.7,13.4,9.74,10.25,19.9,19.8,313.5,84.0,3295.0,66.4,138.0,81.9,108.0,50.0,18.9,206.5,200.5,10.2,140.5,49.55,7.84,36.6,27.35,72.5,45.65,51.3,118.0,81.4,38.55,34.65,96.2,17.75,7.16,83.5,70.1,78.7,80.7,505.0,266.5,475.0,171.5,96.6,112.5,200.5,252.0,31.15,183.0,134.0,87.4,145.5,44.0,50.0,89.9,47.05
34.85,32.9,69.7,48.8,98.3,72.4,11.85,38.25,104.5,28.6,33.7,341.5,170.0,18.0,123.0,340.5,17.2,51.8,23.6,46.1,137.0,25.2,13.65,15.95,23.9,58.3,242.5,329.0,27.3,41.3,29.45,19.9,24.2,242.0,224.0,243.0,40.5,11.1,128.5,,21.35,70.5,17.4,,342.5,224.0,19.4,14.1,99.8,35.6,19.7,19.1,60.3,22.0,215.5,119.5,36.8,39.15,68.4,138.5,50.3,81.2,62.2,226.0,53.2,12.4,107.0,128.5,28.05,20.9,67.6,232.0,226.0,172.0,39.95,45.8,12.05,32.2,10.55,16.1,15.5,30.5,223.5,17.55,31.35,10.15,28.85,10.75,10.1,12.25,17.6,47.4,47.45,9.92,20.35,15.25,25.75,13.4,9.74,10.25,19.9,19.8,313.5,83.9,3295.0,66.4,138.0,81.8,108.0,50.0,18.9,206.5,200.0,10.2,140.5,49.55,7.84,36.6,27.35,72.5,45.7,51.2,118.5,81.4,38.55,34.65,96.1,17.75,7.16,83.6,70.1,78.8,80.8,505.0,266.5,475.0,171.5,96.6,112.5,200.5,250.0,31.1,183.0,134.0,87.4,146.0,44.0,49.9,90.1,47.05
34.85,32.95,69.7,48.8,98.3,72.3,11.85,38.25,104.5,28.6,33.7,341.5,170.0,18.0,123.0,340.5,17.15,51.8,23.6,46.05,137.0,25.2,13.65,15.95,23.9,58.3,242.5,329.0,27.3,41.3,29.5,19.9,24.15,242.0,224.0,243.0,40.5,11.05,128.5,,21.35,70.5,17.4,,342.5,223.5,19.45,14.1,99.9,35.6,19.7,19.15,60.3,22.0,215.5,119.5,36.8,39.15,68.3,138.5,50.3,81.1,62.2,226.0,53.1,12.4,107.0,128.5,28.1,20.9,67.6,232.5,226.5,172.5,40.05,45.85,12.05,32.2,10.5,16.1,15.5,30.5,223.5,17.55,31.35,10.15,28.85,10.75,10.1,12.25,17.6,47.4,47.45,9.94,20.3,15.25,25.75,13.4,9.73,10.3,19.9,19.75,314.0,83.9,3295.0,66.5,138.5,81.8,108.0,50.0,18.9,206.5,199.5,10.25,140.5,49.55,7.84,36.7,27.35,72.5,45.6,51.2,118.0,81.3,38.55,34.65,96.2,17.75,7.16,83.6,70.0,78.8,80.8,505.0,267.0,475.0,171.5,96.7,112.5,200.5,250.0,31.1,183.5,134.0,87.4,146.5,44.0,49.9,90.1,47.05
34.85,32.95,69.8,48.8,98.2,72.5,11.85,38.25,104.5,28.6,33.75,341.5,170.0,18.05,123.0,340.0,17.15,51.8,23.6,46.1,137.0,25.2,13.65,15.95,23.95,58.5,243.0,329.0,27.3,41.3,29.5,19.9,24.2,242.0,224.0,243.0,40.5,11.1,128.5,,21.35,70.5,17.4,,342.0,224.0,19.4,14.05,99.9,35.6,19.7,19.15,60.3,22.0,215.5,119.5,36.8,39.2,68.3,138.5,50.3,81.1,62.2,226.0,53.1,12.45,107.0,128.0,28.1,20.9,67.6,232.5,227.0,172.5,40.1,45.85,12.05,32.2,10.5,16.1,15.5,30.5,223.5,17.55,31.35,10.15,28.85,10.75,10.05,12.2,17.55,47.4,47.45,9.92,20.35,15.25,25.7,13.4,9.73,10.3,19.9,19.8,314.0,84.0,3295.0,66.4,138.5,81.8,108.0,50.0,18.9,206.5,199.5,10.25,140.5,49.55,7.85,36.7,27.4,72.5,45.7,51.3,118.5,81.3,38.55,34.65,96.2,17.75,7.17,83.6,70.0,78.8,80.9,505.0,267.0,475.0,171.5,96.7,112.5,200.5,250.0,31.05,183.5,134.0,87.4,146.5,44.0,49.9,90.2,47.05
34.8,33.0,69.8,48.8,98.2,72.3,11.85,38.25,105.0,28.6,33.75,341.5,170.0,18.05,123.0,340.5,17.15,51.8,23.6,46.15,137.0,25.2,13.65,15.95,23.9,58.4,243.0,329.0,27.3,41.3,29.5,19.95,24.25,241.5,224.0,243.5,40.5,11.1,129.0,,21.35,70.5,17.4,,342.5,224.0,19.45,14.1,99.9,35.65,19.7,19.15,60.3,22.0,215.5,119.0,36.8,39.2,68.3,139.0,50.4,81.1,62.2,227.5,53.2,12.45,107.0,128.0,28.1,20.9,67.6,232.5,227.0,172.0,39.9,45.85,12.05,32.2,10.5,16.1,15.5,30.5,223.5,17.55,31.35,10.15,28.85,10.75,10.05,12.25,17.55,47.4,47.4,9.92,20.3,15.3,25.75,13.4,9.73,10.25,19.9,19.8,314.0,84.0,3300.0,66.5,138.5,81.8,108.0,50.1,18.9,206.5,200.0,10.25,140.0,49.6,7.85,36.7,27.4,72.5,45.65,51.2,118.0,81.4,38.65,34.65,96.1,17.75,7.16,83.6,70.1,78.7,80.7,505.0,267.0,476.0,171.5,96.7,112.5,200.5,250.0,31.05,183.5,134.0,87.4,147.0,44.0,49.9,90.1,47.1
34.85,32.95,69.8,48.8,98.2,72.3,11.85,38.25,105.0,28.6,33.75,341.5,170.0,18.0,123.0,341.0,17.15,51.8,23.65,46.1,137.0,25.2,13.65,15.95,23.9,58.4,242.5,329.0,27.3,41.3,29.5,19.95,24.25,241.5,224.0,244.0,40.5,11.05,129.0,,21.35,70.6,17.45,,343.0,224.0,19.4,14.1,99.8,35.65,19.7,19.15,60.3,22.0,215.5,119.0,36.8,39.25,68.4,139.0,50.4,81.1,62.2,227.5,53.3,12.45,107.0,128.5,28.1,20.95,67.7,232.5,227.5,172.5,39.95,45.85,12.05,32.2,10.5,16.1,15.5,30.5,224.0,17.55,31.35,10.15,28.85,10.75,10.05,12.3,17.55,47.4,47.45,9.94,20.3,15.25,25.7,13.4,9.74,10.25,19.9,19.8,314.0,84.1,3315.0,66.5,138.0,81.8,108.0,50.1,18.9,207.0,200.0,10.25,140.0,49.55,7.85,36.7,27.4,72.5,45.65,51.3,118.5,81.4,38.65,34.65,96.0,17.75,7.16,83.6,70.0,78.8,80.7,505.0,267.0,476.0,171.5,96.6,112.0,200.5,250.0,31.05,183.5,134.0,87.4,146.5,44.0,49.9,90.1,47.1
34.85,32.95,69.8,48.8,98.2,72.3,11.85,38.25,105.0,28.6,33.75,341.5,169.5,18.0,123.0,341.0,17.15,51.8,23.6,46.1,137.0,25.2,13.65,16.0,23.9,58.4,242.5,329.0,27.3,41.3,29.5,19.95,24.15,241.5,224.0,244.0,40.5,11.05,129.0,,21.45,70.6,17.45,,343.5,224.0,19.4,14.1,99.9,35.7,19.7,19.2,60.2,22.0,215.5,119.0,36.75,39.25,68.4,139.0,50.4,81.0,62.1,227.5,53.3,12.4,107.5,129.0,28.2,21.0,67.7,233.0,228.0,172.5,40.0,45.85,12.05,32.25,10.5,16.1,15.45,30.5,223.5,17.55,31.35,10.15,28.85,10.75,10.05,12.3,17.6,47.4,47.45,9.93,20.3,15.3,25.7,13.4,9.73,10.3,19.9,19.75,314.0,84.1,3320.0,66.5,138.5,81.8,108.0,50.0,18.9,207.5,200.0,10.25,140.0,49.65,7.85,36.7,27.35,72.5,45.6,51.3,118.5,81.4,38.7,34.65,96.0,17.75,7.16,83.6,70.0,78.8,80.8,505.0,267.5,477.0,171.5,96.9,112.5,200.5,250.0,31.0,183.5,134.0,87.4,146.5,44.0,49.9,90.0,47.1
34.85,33.05,69.8,48.8,98.3,72.4,11.85,38.25,104.5,28.6,33.75,341.5,169.5,18.0,123.5,341.5,17.15,51.8,23.6,46.1,137.0,25.2,13.65,16.0,23.9,58.4,242.5,329.0,27.3,41.3,29.5,19.95,24.15,241.5,224.0,244.0,40.5,11.1,129.0,,21.6,70.5,17.45,,342.5,224.0,19.4,14.1,99.8,35.65,19.7,19.15,60.4,22.0,215.5,119.0,36.75,39.2,68.4,139.0,50.4,81.0,62.1,226.5,53.3,12.4,107.0,129.0,28.15,21.0,67.7,233.5,227.0,172.5,40.0,45.85,12.05,32.25,10.55,16.1,15.45,30.5,223.5,17.55,31.4,10.15,28.85,10.7,10.05,12.3,17.6,47.45,47.45,9.92,20.3,15.3,25.75,13.4,9.74,10.3,19.9,19.75,314.0,84.1,3320.0,66.6,138.5,81.8,108.0,50.2,18.9,207.0,199.5,10.3,140.5,49.8,7.85,36.7,27.35,72.4,45.6,51.3,118.5,81.4,38.7,34.65,96.0,17.75,7.15,83.6,70.0,78.8,80.7,505.0,267.5,476.0,171.5,97.1,112.5,200.5,250.0,31.05,183.5,134.0,87.4,146.5,44.0,49.9,90.0,47.1
34.85,33.05,69.8,48.8,98.2,72.4,11.85,38.25,104.5,28.65,33.75,341.5,169.5,18.0,123.5,342.0,17.2,51.8,23.6,46.1,136.5,25.3,13.65,16.0,23.9,58.4,242.5,329.0,27.3,41.3,29.5,19.95,24.15,241.5,224.0,244.0,40.5,11.1,129.0,,21.6,70.6,17.4,,343.0,224.0,19.6,14.15,99.9,35.65,19.7,19.15,60.4,22.0,215.5,119.0,36.75,39.3,68.4,138.5,50.3,81.0,62.0,226.5,53.3,12.4,107.0,128.5,28.4,20.95,67.7,233.0,227.0,172.5,40.0,45.85,12.05,32.25,10.55,16.1,15.5,30.5,223.5,17.55,31.4,10.15,28.85,10.75,10.05,12.3,17.6,47.45,47.4,9.93,20.3,15.3,25.75,13.4,9.73,10.3,19.9,19.8,314.0,84.1,3320.0,66.6,138.5,81.8,108.0,50.2,18.95,207.5,199.5,10.3,140.5,49.9,7.84,36.7,27.35,72.4,45.6,51.3,118.0,81.4,38.7,34.65,96.0,17.75,7.15,83.6,70.0,78.9,80.7,505.0,267.5,479.0,171.5,97.3,112.5,200.5,250.0,31.0,183.5,134.0,87.4,146.5,44.0,49.9,90.0,47.1
34.85,33.05,69.9,48.8,98.3,72.3,11.85,38.25,104.5,28.6,33.75,341.5,170.0,18.0,123.0,342.0,17.15,51.8,23.6,46.1,136.5,25.3,13.65,16.0,23.9,58.4,242.5,329.0,27.3,41.3,29.5,19.95,24.15,241.5,224.0,244.0,40.5,11.1,128.5,,21.6,70.6,17.45,,343.0,224.0,19.55,14.15,99.9,35.65,19.7,19.15,60.4,22.0,215.5,119.0,36.7,39.3,68.5,138.5,50.3,80.9,62.0,226.5,53.3,12.4,107.0,128.5,28.45,20.95,67.7,233.0,227.0,172.5,40.05,45.85,12.05,32.3,10.5,16.1,15.5,30.5,223.5,17.55,31.3,10.15,28.85,10.75,10.05,12.3,17.6,47.45,47.4,9.92,20.35,15.3,25.75,13.4,9.73,10.25,19.9,19.8,314.0,84.1,3315.0,66.6,138.5,81.7,108.0,50.2,18.95,207.0,198.5,10.25,140.0,49.85,7.84,36.65,27.35,72.4,45.6,51.3,118.5,81.5,38.7,34.5,96.0,17.75,7.15,83.6,70.0,78.9,80.8,505.0,267.5,479.0,171.5,97.2,112.0,200.5,250.0,31.05,183.5,134.0,87.4,146.5,43.95,49.9,90.0,47.05
34.85,33.05,69.8,48.8,98.2,72.3,11.85,38.25,105.0,28.6,33.75,341.5,170.0,18.0,123.0,342.0,17.2,51.8,23.65,46.1,136.5,25.3,13.65,16.0,23.95,58.4,243.0,329.0,27.3,41.3,29.5,19.95,24.25,241.5,224.0,244.0,40.5,11.1,128.5,,21.65,70.6,17.4,,343.0,223.5,19.6,14.15,99.9,35.65,19.7,19.15,60.3,22.0,215.5,119.0,36.6,39.25,68.5,138.5,50.4,80.7,62.0,226.5,53.4,12.35,107.0,128.5,28.35,21.0,67.7,233.0,227.0,172.5,40.05,45.85,12.05,32.3,10.55,16.1,15.5,30.5,223.5,17.6,31.3,10.15,28.85,10.75,10.05,12.25,17.6,47.45,47.35,9.93,20.35,15.25,25.75,13.4,9.73,10.3,19.9,19.8,313.5,84.2,3315.0,66.6,138.0,81.7,108.0,50.2,18.95,207.0,199.0,10.25,140.0,49.8,7.84,36.6,27.35,72.4,45.55,51.3,118.5,81.7,38.7,34.5,95.9,17.75,7.15,83.6,70.0,78.9,80.7,505.0,268.0,477.5,171.5,97.2,112.0,200.5,250.0,31.05,183.5,134.0,87.4,146.5,43.95,49.9,89.9,47.1
34.85,33.05,69.9,48.8,98.2,72.3,11.85,38.25,105.0,28.6,33.75,342.5,170.0,18.0,123.5,341.5,17.2,51.8,23.65,46.1,136.5,25.3,13.65,16.0,23.95,58.4,243.0,329.0,27.3,41.3,29.5,19.95,24.25,241.5,224.0,243.5,40.45,11.1,128.5,,21.55,70.6,17.45,,342.5,224.0,19.55,14.15,100.0,35.65,19.7,19.2,60.3,22.0,215.5,119.0,36.65,39.3,68.4,138.5,50.4,80.8,62.0,226.5,53.4,12.35,107.5,128.5,28.45,21.0,67.7,233.0,227.0,172.5,40.0,45.85,12.05,32.3,10.55,16.1,15.5,30.55,223.0,17.6,31.3,10.15,28.85,10.75,10.05,12.25,17.6,47.45,47.35,9.92,20.3,15.25,25.75,13.4,9.73,10.25,19.9,19.8,313.5,84.1,3315.0,66.6,138.5,81.6,108.0,50.1,18.9,207.0,198.5,10.25,140.0,49.8,7.84,36.6,27.35,72.4,45.55,51.3,118.5,82.0,38.75,34.5,95.9,17.8,7.15,83.6,70.0,78.9,80.7,505.0,268.0,477.5,171.5,97.1,112.0,200.5,251.0,31.05,183.5,134.0,87.4,146.5,43.95,49.9,89.9,47.15
34.85,33.05,69.9,48.85,98.1,72.3,11.85,38.25,104.5,28.6,33.75,343.0,170.0,18.0,123.5,341.0,17.15,51.8,23.65,46.15,136.5,25.3,13.65,16.0,23.95,58.4,243.0,329.0,27.3,41.3,29.5,19.95,24.25,241.5,226.0,243.5,40.45,11.1,128.5,,21.55,70.5,17.45,,342.5,224.0,19.6,14.15,100.0,35.65,19.75,19.2,60.3,22.0,215.5,119.0,36.65,39.25,68.4,139.0,50.4,80.8,62.0,226.5,53.3,12.4,107.0,128.5,28.5,21.0,67.7,233.0,227.0,173.0,39.95,45.85,12.05,32.3,10.5,16.1,15.5,30.5,223.0,17.6,31.3,10.15,28.85,10.75,10.05,12.3,17.55,47.4,47.4,9.92,20.3,15.25,25.7,13.4,9.72,10.3,19.9,19.8,313.5,84.1,3315.0,66.5,138.5,81.7,108.0,50.1,18.95,207.0,198.5,10.3,140.0,49.85,7.84,36.6,27.35,72.3,45.55,51.3,118.5,81.9,38.75,34.5,95.9,17.8,7.15,83.6,70.0,79.0,80.7,505.0,267.5,477.5,171.5,97.0,112.0,200.5,251.0,31.05,183.0,134.0,87.4,146.5,43.95,49.9,90.0,47.15
34.85,33.0,69.9,48.85,98.1,72.3,11.85,38.25,104.5,28.6,33.75,343.0,170.0,18.0,123.5,341.0,17.15,51.8,23.6,46.15,136.5,25.3,13.65,15.95,24.0,58.5,242.5,330.5,27.3,41.3,29.5,19.95,24.2,241.5,226.0,243.5,40.45,11.1,128.5,,21.55,70.5,17.4,,343.0,223.5,19.6,14.1,99.8,35.65,19.75,19.15,60.3,22.0,215.5,119.0,36.75,39.25,68.4,139.0,50.3,80.8,61.9,226.5,53.3,12.4,107.0,128.5,28.4,21.0,67.7,233.0,227.0,172.5,39.9,45.85,12.05,32.3,10.55,16.1,15.5,30.5,223.0,17.6,31.3,10.15,28.9,10.7,10.05,12.3,17.6,47.45,47.4,9.92,20.3,15.25,25.7,13.4,9.73,10.3,19.9,19.75,313.5,84.2,3315.0,66.5,138.0,81.7,108.0,50.1,18.95,207.0,198.0,10.25,140.0,49.85,7.84,36.6,27.35,72.4,45.55,51.3,118.5,81.8,38.75,34.5,95.9,17.8,7.15,83.7,70.0,78.9,80.7,505.0,267.5,477.5,171.5,97.1,112.0,200.0,251.0,31.05,183.5,134.0,87.4,146.0,44.0,49.9,90.0,47.15
34.85,33.0,69.9,48.85,98.2,72.3,11.85,38.25,105.0,28.6,33.75,342.5,170.0,18.05,123.5,340.5,17.2,51.8,23.6,46.15,136.5,25.3,13.65,15.95,24.0,58.5,242.5,330.5,27.3,41.3,29.5,19.95,24.2,241.5,226.0,243.5,40.45,11.1,129.0,,21.6,70.5,17.4,,342.5,224.0,19.55,14.15,99.6,35.65,19.75,19.15,60.3,22.0,215.5,119.0,36.75,39.25,68.4,138.5,50.4,80.7,61.9,226.5,53.3,12.35,107.0,128.5,28.4,20.95,67.7,233.0,226.0,172.5,39.9,45.85,12.05,32.3,10.5,16.1,15.5,30.5,223.0,17.6,31.3,10.15,28.85,10.75,10.05,12.25,17.6,47.45,47.35,9.92,20.35,15.25,25.7,13.4,9.73,10.3,19.95,19.75,313.5,84.2,3315.0,66.5,138.5,81.6,108.0,50.1,18.95,206.5,198.0,10.25,140.0,49.85,7.84,36.6,27.35,72.3,45.6,51.2,118.5,81.8,38.75,34.5,95.9,17.8,7.15,83.6,70.0,78.9,80.7,505.0,267.5,477.5,172.0,96.9,112.5,200.0,251.0,31.0,183.5,134.0,87.4,146.0,44.0,49.9,90.0,47.15
34.85,33.0,69.9,48.85,98.2,72.2,11.85,38.25,104.5,28.55,33.75,342.5,169.5,18.0,123.5,340.5,17.15,51.8,23.6,46.15,136.5,25.3,13.65,15.95,23.95,58.5,242.5,330.5,27.3,41.3,29.5,19.95,24.2,241.5,226.0,243.5,40.5,11.1,129.0,,21.6,70.6,17.45,,342.5,223.5,19.6,14.1,99.4,35.65,19.75,19.15,60.3,22.0,215.5,118.0,36.7,39.2,68.4,138.5,50.4,80.7,61.9,226.5,53.3,12.35,107.0,128.5,28.4,21.0,67.7,233.0,226.0,172.0,39.9,45.85,12.05,32.3,10.55,16.1,15.5,30.5,223.0,17.55,31.3,10.15,28.85,10.75,10.05,12.25,17.6,47.45,47.4,9.92,20.3,15.3,25.7,13.4,9.73,10.25,19.9,19.8,312.5,84.2,3315.0,66.3,138.0,81.6,108.0,50.1,18.95,206.5,199.0,10.25,140.5,49.85,7.83,36.65,27.35,72.3,45.6,51.2,118.5,81.7,38.75,34.5,95.9,17.8,7.15,83.6,70.0,78.9,80.5,505.0,268.0,477.0,172.0,96.8,112.5,200.0,251.0,31.05,183.5,134.0,87.4,146.0,44.0,49.9,90.0,47.15
34.85,33.0,69.9,48.85,98.2,72.2,11.85,38.25,104.5,28.55,33.75,342.0,170.0,18.0,123.5,340.5,17.15,51.8,23.6,46.15,136.5,25.3,13.65,15.95,23.95,58.5,243.0,330.5,27.35,41.35,29.5,19.95,24.25,241.5,226.0,243.5,40.5,11.1,129.0,,21.6,70.6,17.45,,343.0,224.0,19.55,14.15,99.2,35.65,19.75,19.15,60.3,22.0,215.5,119.0,36.7,39.2,68.4,139.0,50.4,80.6,61.9,226.5,53.3,12.35,107.5,129.0,28.4,21.0,67.7,232.5,226.0,172.5,39.95,45.85,12.05,32.3,10.55,16.1,15.45,30.5,222.5,17.6,31.3,10.15,28.9,10.75,10.05,12.25,17.6,47.45,47.35,9.92,20.35,15.3,25.7,13.4,9.74,10.3,19.9,19.8,312.5,84.2,3310.0,66.3,138.5,81.6,108.0,50.2,18.9,206.0,199.0,10.25,141.0,49.8,7.83,36.65,27.35,72.3,45.65,51.2,118.5,81.7,38.75,34.45,95.9,17.8,7.15,83.7,70.0,78.9,80.5,505.0,268.5,477.0,172.0,96.9,112.5,200.0,251.0,31.05,183.5,134.0,87.4,146.0,44.0,49.9,90.0,47.2
34.8,33.0,69.9,48.8,98.2,72.0,11.85,38.25,105.0,28.55,33.75,341.5,170.0,18.0,123.5,340.5,17.15,51.8,23.6,46.15,136.5,25.3,13.65,15.95,23.95,58.5,243.0,330.5,27.35,41.3,29.5,19.95,24.25,241.5,226.0,243.5,40.45,11.1,128.5,,21.6,70.6,17.45,,343.5,224.0,19.55,14.15,99.1,35.65,19.75,19.15,60.3,22.0,215.5,119.0,36.7,39.15,68.5,139.0,50.4,80.6,61.9,226.5,53.2,12.35,107.5,128.5,28.3,21.05,67.7,232.5,226.5,173.0,39.95,45.85,12.05,32.3,10.5,16.1,15.45,30.5,222.5,17.6,31.3,10.15,28.85,10.75,10.05,12.25,17.6,47.45,47.35,9.92,20.3,15.3,25.75,13.4,9.74,10.25,19.9,19.75,312.5,84.3,3310.0,66.3,138.0,81.6,108.0,50.4,18.9,206.0,199.0,10.25,142.0,49.8,7.82,36.65,27.35,72.3,45.7,51.2,118.5,81.7,38.75,34.45,95.9,17.8,7.15,83.7,70.0,78.9,80.6,505.0,268.0,477.0,172.0,96.8,112.5,200.0,251.0,31.05,184.0,134.0,87.4,146.5,44.0,49.95,90.0,47.2
34.85,33.0,69.9,48.8,98.2,72.0,11.85,38.2,105.0,28.6,33.8,341.5,170.0,18.0,123.5,340.0,17.15,51.8,23.6,46.15,136.5,25.3,13.65,15.95,24.0,58.4,244.5,330.5,27.35,41.3,29.5,19.95,24.25,241.0,226.0,243.5,40.45,11.15,128.5,,21.6,70.6,17.45,,343.0,224.0,19.55,14.15,99.1,35.65,19.75,19.15,60.3,22.0,215.5,118.5,36.65,39.15,68.5,139.0,50.4,80.7,61.9,226.5,53.3,12.35,107.0,129.0,28.35,21.05,67.7,232.5,226.5,172.5,40.0,45.85,12.05,32.3,10.5,16.1,15.5,30.5,222.5,17.6,31.3,10.15,28.9,10.75,10.05,12.25,17.6,47.45,47.35,9.92,20.3,15.3,25.75,13.35,9.74,10.3,19.95,19.75,312.5,84.4,3310.0,66.3,138.0,81.6,108.0,50.3,18.9,206.0,199.0,10.25,141.5,49.75,7.82,36.65,27.35,72.3,45.7,51.2,118.5,81.7,38.75,34.45,95.9,17.8,7.15,83.7,70.0,78.8,80.7,505.0,268.0,477.0,172.0,96.7,112.5,200.0,251.0,31.05,184.0,134.0,87.4,146.5,44.0,50.0,90.0,47.2
34.8,33.0,70.0,48.8,98.2,72.1,11.85,38.2,104.5,28.55,33.9,341.5,169.5,18.0,123.5,339.5,17.15,51.8,23.6,46.15,136.5,25.3,13.65,15.95,24.0,58.4,244.0,329.0,27.35,41.3,29.5,19.95,24.25,241.0,226.0,243.5,40.5,11.15,129.0,,21.6,70.6,17.4,,343.5,223.5,19.5,14.15,99.1,35.6,19.75,19.15,60.3,22.0,215.5,118.5,36.7,39.1,68.4,139.0,50.4,80.6,61.9,226.5,53.3,12.4,107.5,129.0,28.35,21.1,67.7,233.0,226.5,173.0,40.0,45.85,12.05,32.3,10.55,16.1,15.5,30.55,222.5,17.6,31.3,10.15,28.9,10.7,10.05,12.2,17.6,47.45,47.4,9.93,20.3,15.3,25.7,13.35,9.74,10.25,19.9,19.8,312.5,84.2,3310.0,66.4,138.0,81.5,108.0,50.2,18.9,206.0,199.0,10.25,141.5,49.8,7.82,36.65,27.35,72.3,45.7,51.3,118.5,81.7,38.75,34.45,95.9,17.8,7.15,83.7,70.0,78.8,80.5,505.0,267.0,477.0,172.0,96.7,112.0,200.0,251.0,31.05,184.0,134.0,87.4,146.5,44.0,50.0,90.0,47.3
34.85,32.95,70.0,48.8,98.1,72.2,11.85,38.2,104.5,28.55,33.95,341.5,169.5,18.0,123.5,339.5,17.15,51.8,23.6,46.15,136.5,25.3,13.65,15.95,23.95,58.4,244.5,329.0,27.35,41.3,29.5,19.95,24.25,241.0,226.0,243.5,40.5,11.15,129.0,,21.65,70.5,17.45,,343.5,223.5,19.5,14.15,99.1,35.6,19.75,19.15,60.3,22.0,215.5,118.5,36.7,39.1,68.4,139.0,50.3,80.6,61.9,226.5,53.3,12.35,107.5,129.0,28.4,21.15,67.7,233.0,226.5,173.0,40.05,45.85,12.05,32.3,10.55,16.1,15.5,30.55,223.0,17.6,31.3,10.15,28.9,10.7,10.05,12.2,17.6,47.45,47.35,9.92,20.3,15.3,25.75,13.4,9.74,10.3,19.9,19.8,312.5,84.2,3310.0,66.2,138.5,81.5,108.0,50.0,18.95,206.0,198.5,10.25,141.5,49.85,7.82,36.65,27.35,72.3,45.7,51.3,118.5,81.6,38.75,34.45,96.0,17.8,7.15,83.7,70.0,78.8,80.6,505.0,266.5,477.0,172.0,96.7,112.5,199.0,251.0,31.1,184.0,134.0,87.4,146.5,44.0,50.0,90.0,47.25
34.85,32.9,69.9,48.8,98.1,72.2,11.85,38.25,104.5,28.55,33.95,341.5,169.5,18.0,123.5,339.5,17.2,51.8,23.6,46.15,136.5,25.3,13.65,15.95,24.0,58.4,244.0,329.0,27.35,41.35,29.5,19.95,24.25,241.0,226.0,243.5,40.5,11.15,129.0,,21.65,70.5,17.45,,343.0,224.0,19.55,14.15,99.0,35.6,19.75,19.15,60.3,22.0,215.0,118.5,36.7,39.15,68.4,139.0,50.3,80.7,61.9,226.5,53.3,12.35,107.0,128.5,28.35,21.15,67.7,233.0,226.5,172.5,40.0,45.85,12.05,32.3,10.55,16.1,15.5,30.55,223.0,17.6,31.3,10.15,28.85,10.75,10.05,12.25,17.6,47.45,47.35,9.92,20.3,15.3,25.75,13.4,9.74,10.25,19.9,19.8,312.5,84.2,3310.0,66.3,138.5,81.5,108.0,50.0,18.95,206.0,198.5,10.25,142.5,49.85,7.82,36.6,27.35,72.3,45.7,51.2,118.5,81.7,38.8,34.45,96.0,17.75,7.15,83.7,70.0,78.8,80.6,505.0,266.0,477.0,172.0,96.7,112.5,199.0,251.0,31.1,184.0,134.0,87.4,146.5,44.0,50.0,90.0,47.25
34.8,32.9,69.9,48.8,98.2,72.2,11.85,38.25,104.5,28.6,34.05,341.5,169.5,18.0,123.5,339.5,17.2,51.8,23.6,46.15,136.5,25.3,13.65,15.95,23.95,58.4,244.0,329.0,27.35,41.35,29.5,19.95,24.25,241.0,226.0,243.5,40.45,11.15,129.0,,21.65,70.5,17.45,,343.0,223.5,19.5,14.15,98.7,35.65,19.75,19.15,60.2,22.0,214.5,118.0,36.7,39.15,68.4,139.0,50.3,80.5,61.9,226.5,53.3,12.35,107.0,129.0,28.35,21.2,67.9,233.0,226.5,173.0,39.95,45.9,12.05,32.3,10.55,16.1,15.5,30.55,223.0,17.6,31.3,10.15,28.85,10.75,10.05,12.25,17.6,47.45,47.35,9.92,20.3,15.3,25.7,13.4,9.74,10.25,19.9,19.75,312.5,84.3,3310.0,66.3,138.5,81.5,108.0,50.0,18.95,206.0,198.5,10.25,142.0,49.85,7.83,36.6,27.35,72.3,45.7,51.2,118.5,81.6,38.75,34.45,96.0,17.8,7.15,83.8,70.0,78.7,80.6,505.0,266.0,477.0,172.0,96.8,112.5,199.0,251.5,31.15,184.0,134.0,87.4,147.0,44.0,50.0,90.0,47.25
34.8,32.95,69.8,48.8,98.2,72.2,11.85,38.25,104.5,28.55,34.0,341.5,169.5,18.05,123.5,340.0,17.15,51.8,23.6,46.15,136.5,25.3,13.65,15.95,23.95,58.4,244.0,329.0,27.35,41.3,29.5,19.95,24.25,241.0,226.0,243.5,40.45,11.1,129.0,,21.6,70.5,17.4,,343.0,224.0,19.55,14.15,98.8,35.65,19.75,19.15,60.2,22.0,214.5,118.5,36.7,39.15,68.4,139.0,50.4,80.7,61.8,226.5,53.3,12.4,107.0,128.5,28.3,21.15,67.9,233.0,226.0,173.0,39.9,45.85,12.05,32.4,10.55,16.1,15.5,30.55,223.0,17.6,31.3,10.15,28.85,10.75,10.05,12.25,17.6,47.45,47.35,9.91,20.3,15.3,25.7,13.4,9.74,10.3,19.9,19.8,312.5,84.3,3305.0,66.4,138.5,81.5,108.0,50.0,18.95,206.0,198.0,10.25,142.5,49.8,7.83,36.6,27.35,72.3,45.7,51.1,118.5,81.7,38.7,34.45,96.0,17.8,7.15,83.8,70.0,78.7,80.7,505.0,265.5,477.0,172.0,96.7,112.0,199.0,251.5,31.15,183.5,134.0,87.4,146.5,44.0,50.0,90.0,47.25
34.85,33.0,69.7,48.8,98.1,72.3,11.85,38.25,104.5,28.55,34.05,341.5,169.5,18.0,123.0,340.5,17.15,51.8,23.6,46.2,136.5,25.3,13.65,16.0,23.95,58.4,244.0,329.0,27.35,41.3,29.5,19.95,24.2,241.0,226.0,243.5,40.45,11.15,129.0,,21.6,70.5,17.45,,343.0,224.0,19.55,14.15,98.9,35.65,19.7,19.15,60.2,22.0,214.5,118.0,36.75,39.15,68.5,139.5,50.4,80.7,61.8,226.5,53.3,12.4,107.5,129.0,28.3,21.2,67.9,233.0,226.0,172.5,39.95,45.85,12.05,32.4,10.5,16.1,15.5,30.55,223.0,17.6,31.3,10.15,28.9,10.75,10.05,12.25,17.6,47.45,47.35,9.91,20.35,15.3,25.7,13.4,9.74,10.25,19.95,19.8,312.0,84.2,3305.0,66.4,138.5,81.5,108.0,50.0,18.95,206.0,198.5,10.25,141.5,49.8,7.83,36.65,27.35,72.3,45.7,51.2,119.0,81.7,38.65,34.45,96.0,17.8,7.15,83.8,70.1,78.9,80.7,505.0,266.0,477.0,172.5,96.7,112.5,199.0,252.0,31.1,184.0,134.5,87.4,146.5,44.0,50.0,90.0,47.25
34.9,33.0,69.7,48.8,98.2,72.2,11.85,38.25,105.0,28.55,34.05,341.5,169.5,18.05,123.0,340.5,17.2,51.8,23.6,46.15,136.5,25.3,13.65,16.0,24.0,58.4,244.5,329.0,27.35,41.3,29.5,19.95,24.3,241.0,226.0,243.0,40.5,11.15,129.0,,21.55,70.5,17.45,,343.0,223.5,19.55,14.1,98.9,35.6,19.7,19.15,60.3,22.0,214.5,118.0,36.75,39.15,68.4,139.0,50.4,80.7,61.9,226.5,53.3,12.4,107.0,128.5,28.3,21.3,67.9,233.5,226.5,173.0,39.9,45.85,12.1,32.4,10.55,16.1,15.5,30.5,223.0,17.6,31.3,10.15,28.9,10.75,10.05,12.25,17.6,47.45,47.35,9.92,20.3,15.3,25.75,13.4,9.73,10.3,19.9,19.75,312.5,84.4,3310.0,66.5,138.5,81.5,108.0,49.95,18.95,206.5,199.0,10.2,142.0,49.8,7.83,36.65,27.35,72.3,45.65,51.1,120.5,81.6,38.5,34.45,96.1,17.8,7.15,83.9,70.2,78.8,80.7,505.0,266.0,477.0,172.5,96.7,112.5,199.0,252.0,31.15,184.0,134.5,87.4,147.0,44.0,50.0,90.0,47.25
34.9,33.05,69.7,48.8,98.2,72.3,11.85,38.25,105.0,28.55,34.1,341.5,169.5,18.0,123.0,339.5,17.15,51.8,23.6,46.2,136.5,25.3,13.65,16.0,23.95,58.4,244.0,329.0,27.35,41.35,29.5,19.95,24.3,241.0,226.0,243.0,40.45,11.1,129.0,,21.55,70.5,17.45,,343.0,224.0,19.6,14.1,98.9,35.65,19.7,19.2,60.3,22.0,214.5,118.5,36.7,39.15,68.4,139.0,50.3,80.7,62.0,226.5,53.3,12.35,107.0,128.5,28.3,21.25,67.9,233.5,226.5,173.0,39.9,45.85,12.1,32.4,10.55,16.1,15.5,30.55,223.0,17.6,31.3,10.15,28.85,10.75,10.1,12.25,17.6,47.5,47.35,9.91,20.35,15.3,25.75,13.4,9.74,10.25,19.9,19.8,312.5,84.4,3310.0,66.5,138.5,81.5,108.0,49.95,18.95,207.0,199.0,10.25,141.5,49.8,7.84,36.6,27.35,72.4,45.75,51.2,120.0,81.7,38.5,34.65,96.2,17.75,7.15,83.9,70.2,78.8,80.8,505.0,266.0,474.0,172.5,96.7,112.0,199.0,251.5,31.15,184.0,134.5,87.4,147.5,44.0,50.1,90.0,47.25
34.9,32.95,69.7,48.8,98.2,72.3,11.85,38.25,105.0,28.55,34.1,341.5,169.5,18.05,123.5,339.5,17.2,51.8,23.6,46.2,136.5,25.3,13.65,15.95,24.0,58.4,244.5,329.0,27.35,41.35,29.5,19.95,24.2,241.0,226.0,243.0,40.45,11.15,129.0,,21.55,70.6,17.45,,343.0,224.0,19.55,14.15,99.1,35.65,19.7,19.15,60.3,22.0,214.5,118.5,36.7,39.15,68.5,139.0,50.4,80.6,61.9,226.5,53.3,12.4,107.0,128.5,28.35,21.4,67.9,233.5,227.0,172.5,39.9,45.85,12.05,32.4,10.55,16.1,15.5,30.6,223.0,17.6,31.3,10.15,28.85,10.75,10.1,12.25,17.6,47.45,47.35,9.91,20.35,15.3,25.7,13.4,9.75,10.3,19.9,19.8,312.5,84.4,3305.0,66.5,138.5,81.6,108.0,49.95,18.95,207.0,199.5,10.25,142.0,49.85,7.84,36.6,27.35,72.4,45.9,51.2,120.5,81.7,38.5,34.65,96.2,17.75,7.15,83.9,70.3,78.8,80.7,505.0,266.0,474.5,172.5,96.7,112.5,199.0,251.0,31.1,184.0,134.5,87.4,147.0,44.0,50.1,90.0,47.25
34.9,33.0,69.6,48.75,98.3,72.2,11.85,38.25,105.0,28.6,34.15,342.0,169.5,18.0,123.5,340.0,17.2,51.8,23.6,46.2,136.5,25.3,13.65,16.0,24.0,58.4,244.5,329.0,27.35,41.35,29.5,19.95,24.3,241.0,226.0,243.5,40.45,11.15,129.0,,21.55,70.5,17.45,,343.5,224.0,19.6,14.1,99.4,35.65,19.7,19.15,60.3,22.0,214.5,119.0,36.7,39.15,68.5,138.5,50.4,80.7,61.9,226.5,53.3,12.35,107.0,128.5,28.4,21.55,67.9,233.5,226.5,173.0,39.95,45.85,12.05,32.4,10.55,16.1,15.5,30.55,223.0,17.6,31.3,10.15,28.85,10.75,10.1,12.25,17.6,47.5,47.4,9.91,20.35,15.3,25.75,13.4,9.74,10.25,19.95,19.75,312.0,84.5,3305.0,66.6,138.5,81.7,108.0,49.95,18.95,207.0,199.5,10.25,142.0,49.95,7.83,36.6,27.35,72.3,46.1,51.2,120.5,81.7,38.55,34.65,96.1,17.75,7.15,84.0,70.3,78.8,80.7,505.0,266.0,474.0,173.0,96.7,112.0,199.0,250.0,31.15,183.5,134.5,87.4,147.0,44.0,50.0,90.0,47.25
34.9,32.95,69.6,48.75,98.3,72.2,11.85,38.25,104.5,28.55,34.1,342.0,169.5,18.0,123.5,340.0,17.2,51.8,23.6,46.2,136.5,25.3,13.65,16.0,23.95,58.4,244.5,329.0,27.35,41.3,29.5,19.95,24.3,241.0,226.0,243.5,40.45,11.1,129.5,,21.55,70.5,17.4,,343.0,224.0,19.55,14.1,99.4,35.65,19.7,19.15,60.3,22.0,214.5,118.5,36.7,39.15,68.5,138.5,50.4,80.6,61.9,226.5,53.3,12.4,107.0,128.5,28.4,21.3,67.9,233.0,226.5,173.0,39.95,45.85,12.05,32.4,10.55,16.1,15.5,30.55,223.0,17.6,31.3,10.15,28.85,10.75,10.1,12.25,17.55,47.45,47.35,9.91,20.35,15.3,25.75,13.4,9.75,10.25,19.95,19.75,312.5,84.6,3305.0,66.6,138.5,81.7,108.0,49.95,18.95,207.0,199.5,10.25,142.0,49.9,7.84,36.6,27.35,72.3,46.2,51.2,120.0,81.6,38.55,34.65,96.2,17.75,7.15,84.0,70.3,78.8,80.8,505.0,266.5,474.0,173.5,96.7,112.0,199.0,249.5,31.15,183.5,134.5,87.4,147.0,44.0,50.0,90.0,47.25
34.9,32.95,69.6,48.75,98.3,72.2,11.85,38.3,105.0,28.55,34.15,342.5,169.5,18.0,123.5,341.0,17.15,51.8,23.6,46.2,136.5,25.3,13.65,16.0,24.0,58.4,244.5,329.0,27.35,41.3,29.5,19.95,24.2,241.0,226.0,243.5,40.5,11.15,129.5,,21.6,70.6,17.45,,343.0,224.0,19.6,14.15,99.5,35.6,19.7,19.15,60.3,22.0,214.5,118.5,36.7,39.2,68.5,138.5,50.3,80.6,61.9,226.5,53.3,12.4,107.5,128.5,28.4,21.3,67.9,233.0,226.5,173.0,39.95,45.85,12.05,32.4,10.5,16.1,15.45,30.6,223.0,17.6,31.35,10.15,28.85,10.75,10.1,12.25,17.6,47.5,47.35,9.92,20.35,15.3,25.75,13.35,9.75,10.3,19.9,19.75,312.0,84.7,3310.0,66.7,138.0,81.7,108.0,50.0,18.95,207.0,199.5,10.25,142.0,49.9,7.85,36.6,27.35,72.3,46.3,51.2,119.0,81.6,38.55,34.45,96.2,17.75,7.15,84.1,70.3,78.8,80.7,505.0,266.5,474.0,174.0,96.8,112.5,199.0,249.5,31.15,183.5,134.5,87.4,147.0,44.0,50.0,90.0,47.3
34.95,32.95,69.6,48.8,98.3,72.2,11.85,38.3,104.5,28.55,34.2,342.5,169.5,18.0,123.5,341.0,17.15,51.8,23.6,46.15,136.5,25.3,13.65,16.0,24.0,58.4,244.5,329.0,27.35,41.3,29.5,20.0,24.2,241.0,226.0,243.5,40.5,11.15,129.0,,21.6,70.5,17.45,,343.5,223.5,19.55,14.2,99.6,35.6,19.7,19.15,60.4,22.0,214.5,119.0,36.75,39.1,68.6,139.0,50.3,80.6,61.9,226.5,53.3,12.4,107.0,128.5,28.4,21.45,67.8,233.5,226.0,173.0,39.95,45.85,12.05,32.4,10.55,16.1,15.5,30.55,223.0,17.6,31.35,10.15,28.85,10.75,10.1,12.2,17.6,47.5,47.4,9.91,20.35,15.3,25.75,13.4,9.74,10.3,19.9,19.8,312.0,84.7,3310.0,66.6,138.5,81.7,108.0,50.1,18.95,207.0,199.5,10.25,142.0,49.9,7.84,36.6,27.35,72.3,46.2,51.2,119.5,81.6,38.5,34.45,96.2,17.75,7.15,84.1,70.3,78.8,80.8,505.0,266.5,474.0,174.0,96.9,112.5,199.0,249.5,31.15,183.5,134.5,87.4,147.0,44.1,50.0,90.0,47.3
34.95,33.0,69.6,48.8,98.3,72.3,11.9,38.3,105.0,28.6,34.2,342.5,169.5,18.0,123.5,341.5,17.15,51.8,23.6,46.2,136.5,25.3,13.65,16.0,23.95,58.4,244.5,329.0,27.35,41.3,29.45,20.0,24.2,241.0,226.0,243.5,40.5,11.15,129.5,,21.55,70.6,17.45,,344.0,224.0,19.55,14.15,99.6,35.6,19.7,19.15,60.4,22.0,214.5,118.5,36.75,39.15,68.6,139.0,50.3,80.6,61.9,226.5,53.3,12.4,107.5,128.5,28.35,21.35,67.7,233.0,226.5,173.0,40.0,45.85,12.05,32.4,10.55,16.1,15.45,30.55,223.0,17.6,31.35,10.15,28.85,10.75,10.1,12.25,17.6,47.5,47.4,9.92,20.35,15.3,25.75,13.4,9.75,10.3,19.9,19.8,312.0,84.7,3310.0,66.6,138.0,81.7,108.0,50.0,18.95,207.0,199.5,10.25,141.5,49.9,7.84,36.6,27.35,72.3,46.2,51.2,120.0,81.6,38.5,34.45,96.2,17.75,7.16,84.1,70.3,78.8,80.7,505.0,267.0,474.0,174.0,97.0,112.5,199.0,249.5,31.15,184.0,134.5,87.4,147.0,44.1,50.1,90.0,47.3
34.95,32.95,69.6,48.8,98.4,72.2,11.85,38.3,105.0,28.55,34.2,342.5,169.5,18.0,123.5,342.0,17.15,51.8,23.6,46.2,136.5,25.3,13.65,16.0,24.0,58.4,244.5,329.0,27.35,41.3,29.45,20.0,24.2,241.0,226.0,243.5,40.5,11.2,129.5,,21.55,70.6,17.4,,344.0,224.0,19.55,14.2,99.7,35.6,19.7,19.15,60.3,22.0,214.5,119.0,36.7,39.2,68.6,139.0,50.3,80.8,61.9,227.0,53.3,12.35,107.5,129.0,28.35,21.35,67.7,233.0,227.5,173.0,40.0,45.85,12.05,32.4,10.5,16.1,15.45,30.55,223.0,17.6,31.35,10.15,28.85,10.75,10.1,12.25,17.6,47.5,47.4,9.92,20.35,15.3,25.75,13.4,9.75,10.3,19.9,19.75,312.0,84.6,3310.0,66.5,138.5,81.7,108.0,50.1,18.95,207.0,199.5,10.25,141.5,49.9,7.84,36.6,27.35,72.3,46.0,51.2,120.0,81.6,38.5,34.45,96.2,17.75,7.15,84.1,70.3,78.8,80.7,505.0,267.0,474.0,174.0,97.1,112.0,199.0,250.0,31.15,184.5,134.5,87.4,147.0,44.1,50.0,90.1,47.3
34.9,33.0,69.6,48.8,98.3,72.2,11.85,38.3,104.5,28.6,34.2,342.5,170.0,18.05,123.5,341.5,17.2,51.8,23.6,46.2,136.5,25.3,13.65,15.95,23.95,58.4,244.5,329.0,27.35,41.3,29.45,20.0,24.2,241.0,226.0,243.0,40.5,11.2,129.5,,21.55,70.5,17.4,,343.5,224.0,19.55,14.2,99.4,35.6,19.7,19.15,60.4,22.0,214.5,119.0,36.7,39.2,68.5,139.0,50.4,80.8,61.9,227.0,53.4,12.4,107.5,128.5,28.35,21.35,67.7,233.5,226.5,173.0,39.95,45.85,12.05,32.4,10.55,16.1,15.5,30.55,222.5,17.6,31.35,10.15,28.85,10.8,10.1,12.25,17.6,47.5,47.4,9.91,20.35,15.3,25.75,13.4,9.75,10.3,19.95,19.75,312.5,84.6,3310.0,66.6,138.5,81.7,108.0,49.95,18.95,207.0,199.0,10.25,141.0,49.9,7.84,36.6,27.35,72.4,46.0,51.2,119.5,81.7,38.5,34.45,96.2,17.75,7.15,84.0,70.3,78.8,80.7,505.0,267.0,474.0,174.0,97.1,112.0,199.0,250.0,31.15,184.5,134.5,87.4,147.0,44.1,50.0,90.2,47.3
34.9,32.95,69.6,48.8,98.3,72.1,11.85,38.3,104.5,28.6,34.15,342.5,170.0,18.05,123.5,341.5,17.15,51.8,23.6,46.2,136.5,25.3,13.65,16.0,24.0,58.4,244.5,329.0,27.35,41.3,29.45,20.0,24.2,241.0,226.0,243.0,40.5,11.15,129.5,,21.55,70.6,17.4,,343.5,224.0,19.5,14.2,99.0,35.6,19.7,19.15,60.3,22.0,214.5,118.5,36.75,39.15,68.5,139.0,50.4,80.8,61.9,226.5,53.3,12.4,107.0,128.5,28.35,21.4,67.7,233.5,227.0,172.5,39.95,45.85,12.05,32.45,10.55,16.1,15.5,30.55,222.5,17.6,31.35,10.15,28.9,10.8,10.1,12.25,17.6,47.5,47.4,9.91,20.35,15.3,25.75,13.4,9.75,10.25,19.9,19.8,312.0,84.6,3310.0,66.5,138.5,81.7,108.0,50.0,18.95,206.5,199.5,10.25,141.5,49.9,7.83,36.6,27.3,72.6,45.95,51.2,120.0,81.8,38.6,34.45,96.2,17.75,7.15,84.0,70.3,78.9,80.8,505.0,267.0,474.0,174.0,97.1,112.0,199.0,250.0,31.15,184.5,134.5,87.4,147.5,44.1,50.0,90.2,47.3
34.9,32.95,69.5,48.8,98.3,72.3,11.85,38.3,105.0,28.65,34.15,342.5,170.0,18.05,123.5,341.0,17.15,51.8,23.6,46.2,136.5,25.3,13.65,16.0,23.95,58.5,244.5,329.0,27.35,41.3,29.45,20.0,24.2,241.0,226.0,243.0,40.5,11.15,129.5,,21.55,70.5,17.4,,343.0,224.5,19.5,14.15,99.1,35.65,19.7,19.15,60.3,22.0,214.5,118.5,36.75,39.15,68.5,138.5,50.4,80.8,62.1,226.5,53.3,12.4,107.5,129.0,28.3,21.4,67.7,233.5,227.0,172.5,40.0,45.85,12.05,32.4,10.55,16.1,15.45,30.5,222.5,17.6,31.35,10.15,28.85,10.8,10.1,12.25,17.6,47.5,47.35,9.92,20.35,15.3,25.75,13.4,9.75,10.3,19.9,19.8,312.0,84.6,3310.0,66.6,139.0,81.4,108.0,50.0,18.95,206.5,199.0,10.25,141.0,49.9,7.84,36.6,27.3,72.6,45.95,51.2,120.0,81.8,38.6,34.45,96.2,17.8,7.15,84.0,70.3,78.9,80.8,505.0,267.0,474.0,174.0,97.1,112.0,199.0,250.0,31.1,184.5,134.5,87.4,147.0,44.2,50.0,90.2,47.3
34.9,32.95,69.6,48.8,98.3,72.3,11.9,38.3,104.5,28.6,34.15,342.5,170.0,18.05,123.5,341.0,17.15,51.8,23.6,46.15,136.5,25.3,13.65,16.0,23.95,58.5,244.0,329.0,27.35,41.3,29.45,20.05,24.2,241.0,226.0,243.0,40.55,11.2,129.5,,21.55,70.6,17.4,,343.0,224.5,19.5,14.15,99.1,35.65,19.65,19.15,60.3,22.0,214.5,118.5,36.8,39.2,68.6,138.5,50.4,80.8,62.1,227.0,53.4,12.4,107.0,128.5,28.3,21.4,67.7,233.5,227.0,172.5,40.0,45.85,12.05,32.4,10.55,16.1,15.5,30.5,222.5,17.6,31.35,10.15,28.85,10.75,10.1,12.25,17.6,47.55,47.35,9.92,20.35,15.3,25.75,13.4,9.75,10.3,19.9,19.8,312.0,84.6,3310.0,66.5,139.0,81.7,108.0,50.0,18.95,207.0,199.0,10.25,141.5,49.9,7.83,36.6,27.3,72.6,45.95,51.2,120.0,81.7,38.6,34.45,96.2,17.8,7.15,83.9,70.3,78.9,80.7,505.0,267.0,474.0,174.0,97.1,112.0,199.0,251.0,31.15,185.0,134.5,87.4,147.0,44.0,50.0,90.2,47.35
34.9,33.0,69.5,48.8,98.3,72.3,11.85,38.3,104.5,28.6,34.1,342.5,170.0,18.05,123.5,341.0,17.2,51.9,23.6,46.15,136.5,25.3,13.65,16.0,23.95,58.5,244.0,329.0,27.35,41.3,29.45,20.0,24.2,241.0,226.0,243.0,40.55,11.15,129.5,,21.55,70.6,17.4,,343.0,224.5,19.5,14.2,99.0,35.7,19.7,19.15,60.4,22.05,214.5,118.0,36.85,39.25,68.5,138.5,50.3,81.0,62.1,226.5,53.3,12.4,107.5,128.5,28.3,21.45,67.7,233.0,226.5,172.0,39.95,45.85,12.05,32.4,10.55,16.1,15.45,30.55,222.5,17.6,31.35,10.15,28.85,10.8,10.1,12.25,17.6,47.55,47.4,9.93,20.35,15.3,25.7,13.35,9.75,10.25,19.9,19.8,312.5,84.5,3310.0,66.5,139.0,81.7,108.0,49.95,18.95,207.0,199.0,10.25,141.5,49.9,7.84,36.6,27.3,72.6,45.95,51.3,120.0,81.7,38.5,34.45,96.2,17.8,7.15,84.0,70.3,78.9,80.8,505.0,267.0,474.0,174.0,97.1,112.0,199.0,251.0,31.1,185.0,134.5,87.4,147.0,44.0,50.0,90.2,47.4
34.9,33.0,69.6,48.8,98.2,72.3,11.85,38.3,104.5,28.6,34.05,343.0,169.5,18.05,123.5,341.0,17.15,51.9,23.6,46.2,136.5,25.3,13.65,16.0,23.95,58.5,244.0,329.0,27.35,41.3,29.4,20.0,24.25,241.0,226.0,243.0,40.55,11.2,129.5,,21.55,70.6,17.4,,342.5,224.5,19.5,14.2,99.0,35.7,19.75,19.2,60.3,22.0,214.5,118.5,36.8,39.25,68.6,138.5,50.4,81.1,62.1,226.5,53.3,12.4,107.0,128.5,28.3,21.45,67.9,233.5,226.5,172.5,39.95,45.85,12.05,32.4,10.55,16.1,15.5,30.55,222.5,17.6,31.35,10.15,28.85,10.8,10.1,12.25,17.6,47.55,47.35,9.92,20.35,15.3,25.75,13.4,9.74,10.3,19.9,19.8,312.5,84.5,3305.0,66.6,139.0,81.8,108.0,49.85,18.95,207.0,199.0,10.2,141.5,49.9,7.84,36.6,27.3,72.6,46.0,51.2,120.0,81.7,38.5,34.45,96.2,17.8,7.15,83.9,70.3,78.9,80.7,505.0,267.0,474.0,174.5,97.2,112.0,199.0,251.5,31.15,185.0,134.5,87.4,147.5,44.0,49.95,90.2,47.4
34.9,33.0,69.5,48.8,98.3,72.4,11.85,38.3,104.5,28.6,34.05,343.0,169.5,18.05,123.5,340.5,17.2,51.9,23.6,46.2,136.5,25.3,13.65,15.95,24.0,58.5,243.5,329.0,27.35,41.3,29.4,20.0,24.25,241.0,226.0,243.0,40.5,11.15,129.0,,21.55,70.6,17.4,,342.5,224.5,19.5,14.2,99.0,35.65,19.7,19.15,60.4,22.0,214.5,118.5,36.8,39.2,68.7,138.5,50.3,81.1,62.0,226.5,53.3,12.4,107.5,128.5,28.3,21.55,67.9,233.5,226.5,172.5,39.95,45.9,12.05,32.4,10.5,16.1,15.5,30.55,223.0,17.6,31.35,10.15,28.85,10.8,10.1,12.25,17.6,47.55,47.35,9.93,20.35,15.3,25.75,13.4,9.75,10.25,19.9,19.8,312.5,84.5,3305.0,66.6,139.0,81.9,108.0,49.85,18.95,206.0,199.0,10.2,141.0,49.85,7.83,36.65,27.3,72.6,46.0,51.2,120.0,81.7,38.5,34.45,96.2,17.8,7.15,83.9,70.3,78.9,80.7,505.0,267.0,474.0,174.5,97.2,112.5,199.0,251.5,31.15,185.0,134.5,87.1,147.5,44.15,50.0,90.3,47.4
34.9,33.0,69.5,48.8,98.3,72.3,11.85,38.3,105.0,28.65,34.0,343.0,169.5,18.05,123.5,340.0,17.15,51.9,23.6,46.2,136.5,25.3,13.65,15.95,24.0,58.5,243.0,329.0,27.35,41.3,29.4,20.05,24.25,241.0,226.0,243.0,40.5,11.2,129.5,,21.55,70.6,17.4,,342.5,224.5,19.5,14.2,99.1,35.65,19.7,19.15,60.4,22.0,214.5,118.5,36.8,39.25,68.6,139.0,50.3,81.1,62.0,226.5,53.2,12.4,107.0,128.5,28.3,21.5,67.9,233.5,226.5,172.0,39.9,45.9,12.1,32.4,10.5,16.1,15.45,30.5,225.0,17.6,31.35,10.15,28.8,10.75,10.1,12.25,17.6,47.55,47.4,9.93,20.35,15.3,25.75,13.4,9.74,10.25,19.9,19.75,312.5,84.6,3305.0,66.6,139.0,82.1,108.0,49.85,18.95,206.5,199.0,10.2,141.0,49.85,7.84,36.65,27.3,72.6,46.0,51.2,120.0,81.7,38.5,34.45,96.2,17.8,7.16,83.9,70.2,78.9,80.6,505.0,267.0,474.0,175.0,97.2,112.5,199.0,251.0,31.1,184.5,134.0,87.1,147.0,43.95,50.0,90.4,47.4
34.9,33.05,69.6,48.8,98.3,72.3,11.9,38.3,104.5,28.6,34.0,343.0,169.5,18.05,123.5,340.0,17.15,51.9,23.6,46.2,136.5,25.3,13.65,15.95,24.0,58.5,243.5,329.0,27.35,41.3,29.4,20.05,24.25,241.0,226.0,243.0,40.5,11.2,129.0,,21.55,70.6,17.4,,342.0,224.5,19.55,14.2,99.1,35.65,19.7,19.15,60.3,22.0,214.5,118.0,36.8,39.25,68.6,138.5,50.4,81.1,62.1,226.5,53.2,12.4,107.5,128.5,28.3,21.45,67.7,234.0,226.5,172.5,39.85,45.85,12.1,32.4,10.5,16.1,15.5,30.55,225.0,17.6,31.35,10.15,28.8,10.75,10.1,12.25,17.55,47.55,47.4,9.93,20.35,15.3,25.75,13.4,9.74,10.3,19.9,19.8,312.5,84.6,3305.0,66.6,139.0,82.0,108.0,49.9,18.95,206.5,199.0,10.25,141.0,49.8,7.84,36.65,27.3,72.6,45.95,51.2,120.0,81.7,38.5,34.45,96.2,17.8,7.16,83.9,70.3,78.9,80.6,505.0,267.0,474.0,174.5,97.2,112.5,199.0,251.5,31.15,184.5,134.5,87.1,147.0,43.95,50.0,90.4,47.35
34.85,33.0,69.6,48.8,98.3,72.3,11.9,38.3,104.5,28.6,33.95,343.0,169.5,18.05,123.5,339.5,17.15,51.9,23.6,46.2,136.5,25.3,13.65,16.0,24.0,58.5,243.5,329.0,27.35,41.3,29.4,20.1,24.25,241.0,226.0,243.0,40.5,11.2,129.5,,21.55,70.7,17.45,,342.0,224.5,19.5,14.15,99.1,35.65,19.7,19.2,60.4,22.0,214.5,118.5,36.8,39.25,68.6,139.0,50.4,81.2,62.1,226.5,53.2,12.4,107.0,128.5,28.3,21.45,67.7,233.5,226.5,172.5,39.8,45.85,12.1,32.4,10.5,16.1,15.5,30.45,225.0,17.6,31.35,10.15,28.8,10.8,10.1,12.25,17.6,47.55,47.4,9.92,20.35,15.3,25.75,13.4,9.74,10.3,19.9,19.8,312.0,84.6,3305.0,66.5,139.0,82.1,108.0,49.9,18.9,206.0,198.5,10.25,141.0,49.85,7.84,36.65,27.3,72.6,45.95,51.2,120.5,81.7,38.5,34.45,96.2,17.8,7.15,83.8,70.3,78.9,80.6,505.0,267.0,474.0,174.5,97.2,112.5,199.0,252.0,31.15,184.0,134.5,87.1,147.0,43.95,50.0,90.4,47.4
34.9,33.05,69.6,48.8,98.3,72.3,11.9,38.25,105.0,28.6,33.95,343.5,169.5,18.0,123.5,339.5,17.15,51.9,23.6,46.2,136.5,25.3,13.65,15.95,23.95,58.5,243.5,329.0,27.35,41.3,29.4,20.1,24.25,241.0,226.0,243.0,40.5,11.15,129.0,,21.55,70.6,17.4,,342.0,224.0,19.55,14.15,99.1,35.65,19.7,19.15,60.3,22.0,214.5,118.5,36.8,39.25,68.6,138.5,50.3,81.2,62.1,226.5,53.3,12.4,107.5,128.5,28.25,21.4,67.7,233.5,226.5,172.5,39.8,45.85,12.1,32.4,10.5,16.1,15.5,30.55,225.0,17.6,31.35,10.15,28.8,10.75,10.1,12.25,17.6,47.55,47.4,9.93,20.35,15.3,25.75,13.35,9.74,10.25,19.9,19.8,312.0,84.6,3300.0,66.5,139.0,82.0,108.0,49.9,18.9,206.0,199.0,10.25,141.0,49.85,7.84,36.6,27.3,72.6,45.95,51.2,120.5,81.8,38.5,34.45,96.2,17.8,7.15,83.8,70.3,78.9,80.6,505.0,267.0,474.0,174.5,97.2,112.5,199.0,252.0,31.1,184.0,134.5,87.1,147.5,43.95,50.0,90.4,47.4
34.9,32.95,69.6,48.85,98.3,72.3,11.85,38.25,105.0,28.6,34.0,343.5,169.5,18.05,123.5,340.0,17.2,51.9,23.6,46.15,136.5,25.3,13.65,15.95,23.95,58.5,243.5,328.5,27.35,41.35,29.4,20.1,24.2,241.0,226.0,243.0,40.5,11.15,129.0,,21.5,70.6,17.4,,342.0,224.5,19.5,14.15,99.2,35.65,19.7,19.15,60.3,22.05,214.5,118.5,36.8,39.25,68.6,138.5,50.4,81.2,62.1,226.5,53.2,12.35,107.0,128.5,28.25,21.45,67.7,233.5,227.0,172.5,39.8,45.9,12.1,32.4,10.5,16.1,15.45,30.5,225.0,17.6,31.35,10.15,28.8,10.8,10.1,12.25,17.6,47.5,47.4,9.92,20.35,15.3,25.75,13.4,9.74,10.3,19.95,19.8,312.0,84.7,3300.0,66.5,138.5,81.9,108.0,49.85,18.95,206.0,198.5,10.25,141.0,49.85,7.84,36.6,27.3,72.6,45.95,51.3,120.5,81.8,38.5,34.4,96.2,17.75,7.15,83.8,70.3,79.0,80.5,505.0,267.0,474.0,174.5,97.2,112.5,199.0,252.0,31.15,184.0,134.5,87.1,147.0,44.15,50.0,90.4,47.4
34.9,33.05,69.6,48.85,98.3,72.4,11.85,38.25,105.0,28.65,34.0,344.0,169.5,18.0,123.5,340.0,17.15,51.9,23.65,46.2,136.5,25.3,13.65,16.0,24.0,58.5,243.5,328.5,27.35,41.35,29.4,20.1,24.2,241.5,226.0,243.0,40.5,11.15,129.5,,21.5,70.6,17.45,,341.5,224.5,19.55,14.15,99.5,35.65,19.75,19.15,60.3,22.05,214.5,118.5,36.85,39.2,68.7,138.5,50.4,80.9,62.1,226.5,53.3,12.4,107.5,128.5,28.3,21.4,67.7,234.0,226.5,172.0,39.75,45.9,12.1,32.35,10.55,16.1,15.5,30.5,225.0,17.55,31.35,10.15,28.8,10.8,10.1,12.2,17.6,47.55,47.45,9.93,20.4,15.3,25.75,13.4,9.74,10.3,19.95,19.8,312.5,84.6,3300.0,66.5,139.0,81.9,108.0,49.75,18.95,206.0,198.5,10.25,141.0,49.85,7.85,36.65,27.3,72.6,46.0,51.2,121.0,81.7,38.6,34.4,96.2,17.8,7.16,83.8,70.4,79.0,80.6,505.0,267.0,474.0,174.5,97.2,112.5,199.0,252.0,31.1,183.5,134.0,87.1,147.0,44.15,50.0,90.4,47.35
34.9,33.0,69.7,48.85,98.4,72.4,11.85,38.25,104.5,28.6,34.0,344.0,169.5,18.05,123.5,340.0,17.2,51.9,23.65,46.25,136.5,25.3,13.65,15.95,24.05,58.5,244.0,328.0,27.35,41.35,29.4,20.15,24.2,242.0,226.0,243.0,40.55,11.2,129.5,,21.55,70.7,17.45,,343.5,225.0,19.55,14.15,99.5,35.65,19.75,19.15,60.3,22.05,214.5,118.5,36.85,39.2,68.7,138.5,50.4,80.9,62.1,227.0,53.2,12.4,107.5,128.5,28.3,21.4,67.7,234.0,227.0,172.5,39.85,45.9,12.1,32.35,10.55,16.1,15.5,30.5,225.5,17.55,31.35,10.15,28.8,10.75,10.05,12.2,17.6,47.55,47.4,9.94,20.4,15.3,25.75,13.4,9.74,10.25,19.95,19.75,312.5,84.6,3300.0,66.5,139.0,81.9,107.5,49.7,18.95,207.0,198.5,10.25,141.0,49.85,7.86,36.65,27.3,72.6,45.9,51.2,121.0,81.7,38.6,34.4,96.4,17.8,7.16,83.9,70.3,79.1,80.5,505.0,267.5,474.0,174.5,97.2,112.5,199.0,252.5,31.1,183.5,135.0,87.1,147.5,44.15,50.0,90.5,47.35
34.9,33.0,69.6,48.85,98.3,72.4,11.85,38.3,104.5,28.6,33.95,344.5,169.5,18.05,123.5,340.0,17.15,51.8,23.65,46.25,136.5,25.3,13.6,15.95,24.05,58.5,244.0,328.0,27.35,41.45,29.4,20.15,24.2,242.0,226.0,243.0,40.5,11.2,129.0,,21.55,70.6,17.4,,343.0,224.5,19.55,14.15,99.5,35.65,19.7,19.2,60.4,22.05,214.5,118.0,36.85,39.15,68.6,138.5,50.3,80.9,62.0,227.0,53.3,12.45,107.5,128.5,28.3,21.4,67.7,234.0,226.5,172.5,39.85,45.9,12.05,32.35,10.55,16.1,15.5,30.5,225.5,17.55,31.35,10.15,28.8,10.8,10.05,12.2,17.6,47.55,47.4,9.94,20.4,15.25,25.75,13.4,9.74,10.25,19.9,19.8,312.5,84.6,3300.0,66.5,138.5,81.9,108.0,49.8,18.95,206.5,199.0,10.25,141.0,49.85,7.86,36.65,27.3,72.6,45.9,51.1,120.5,81.7,38.6,34.4,96.4,17.8,7.16,84.0,70.5,79.0,80.4,505.0,267.5,474.0,174.5,97.1,112.5,199.0,252.5,31.1,183.5,135.0,87.1,147.0,44.15,50.0,90.5,47.4
34.95,33.0,69.7,48.85,98.4,72.4,11.85,38.25,105.0,28.6,33.95,345.0,169.5,18.05,123.5,340.0,17.25,51.8,23.65,46.25,136.5,25.35,13.6,15.95,24.05,58.5,244.0,328.0,27.35,41.45,29.4,20.15,24.25,242.0,226.0,243.0,40.5,11.15,129.0,,21.55,70.6,17.45,,343.0,225.0,19.55,14.15,99.3,35.65,19.75,19.2,60.3,22.2,214.5,118.5,36.8,39.15,68.6,138.5,50.3,80.9,62.0,227.0,53.3,12.45,107.0,128.5,28.25,21.4,67.7,234.0,227.0,173.0,39.9,46.0,12.05,32.3,10.55,16.1,15.5,30.5,225.5,17.55,31.4,10.15,28.85,10.75,10.05,12.2,17.6,47.55,47.4,9.93,20.35,15.25,25.75,13.4,9.75,10.25,19.9,19.8,312.0,84.6,3310.0,66.5,139.0,81.9,108.0,49.7,18.95,206.5,199.0,10.25,141.0,49.8,7.86,36.65,27.3,72.6,45.9,51.1,120.5,81.7,38.7,34.4,96.4,17.8,7.16,83.8,70.5,79.0,80.5,505.0,267.5,474.0,174.5,97.1,112.0,199.0,252.5,31.15,183.5,135.5,87.1,147.0,44.15,50.0,90.6,47.4
34.9,33.0,69.7,48.85,98.4,72.4,11.85,38.25,105.0,28.6,33.95,345.5,169.5,18.0,123.5,340.0,17.35,51.8,23.65,46.25,136.5,25.35,13.6,15.95,24.1,58.5,244.0,328.0,27.35,41.45,29.4,20.15,24.25,242.0,226.0,242.0,40.5,11.2,129.5,,21.55,70.6,17.4,,343.0,225.0,19.6,14.15,99.3,35.65,19.7,19.15,60.3,22.25,214.5,118.0,36.75,39.15,68.7,139.0,50.3,80.9,62.0,227.0,53.3,12.45,107.5,128.5,28.3,21.4,67.7,234.0,227.0,172.5,39.8,46.0,12.05,32.3,10.5,16.1,15.5,30.5,225.5,17.6,31.35,10.15,28.85,10.8,10.1,12.2,17.6,47.6,47.4,9.93,20.35,15.25,25.75,13.4,9.74,10.3,19.9,19.8,312.0,84.7,3310.0,66.5,139.0,81.9,108.0,49.8,18.95,206.5,199.5,10.25,141.5,49.9,7.86,36.65,27.3,72.8,45.95,51.1,120.5,81.7,38.75,34.4,96.3,17.8,7.15,84.0,70.5,79.0,80.6,505.0,267.5,474.0,175.0,97.2,112.5,199.0,252.5,31.15,183.5,135.5,87.1,147.0,44.0,50.0,90.6,47.4
34.95,33.0,69.7,48.85,98.4,72.4,11.85,38.25,105.0,28.6,33.95,345.5,169.5,18.0,123.5,340.0,17.35,51.8,23.65,46.25,136.5,25.3,13.6,15.95,24.1,58.5,244.0,328.0,27.35,41.45,29.4,20.2,24.25,242.0,225.5,242.0,40.5,11.2,129.5,,21.55,70.7,17.45,,343.0,225.0,19.55,14.25,99.3,35.65,19.75,19.2,60.4,22.25,214.5,118.0,36.75,39.15,68.7,139.0,50.3,80.9,62.1,227.5,53.2,12.45,107.5,129.0,28.3,21.4,67.7,234.0,228.0,173.0,39.8,46.0,12.05,32.3,10.5,16.1,15.5,30.5,225.5,17.6,31.35,10.15,28.85,10.75,10.1,12.25,17.6,47.55,47.4,9.93,20.35,15.25,25.75,13.4,9.75,10.3,19.9,19.8,312.5,84.7,3310.0,66.5,139.0,81.9,108.0,49.7,18.95,206.5,199.5,10.25,141.5,49.9,7.86,36.65,27.3,72.8,45.95,51.2,121.0,81.7,38.75,34.4,96.3,17.8,7.16,84.0,70.5,79.0,80.7,505.0,266.5,474.0,174.5,97.1,112.5,199.0,252.5,31.15,183.5,135.0,87.1,147.0,44.15,50.0,90.8,47.4
34.9,33.05,69.7,48.85,98.4,72.4,11.85,38.25,105.0,28.6,33.95,345.5,169.5,18.0,123.5,340.0,17.35,51.8,23.65,46.25,136.5,25.3,13.6,15.95,24.1,58.5,244.0,328.0,27.35,41.45,29.4,20.2,24.3,242.5,225.5,242.0,40.5,11.2,129.0,,21.55,70.7,17.45,,343.5,225.0,19.65,14.25,99.3,35.7,19.75,19.15,60.4,22.3,214.5,118.0,36.75,39.15,68.7,138.5,50.4,80.9,62.1,227.0,53.3,12.45,107.0,129.0,28.3,21.4,67.7,234.0,228.0,172.5,39.8,45.95,12.1,32.3,10.55,16.1,15.5,30.5,225.5,17.6,31.35,10.15,28.85,10.75,10.1,12.25,17.6,47.6,47.4,9.93,20.35,15.25,25.7,13.4,9.75,10.3,19.95,19.8,312.0,84.7,3310.0,66.5,139.0,81.9,108.0,49.7,18.95,207.0,199.5,10.25,141.5,49.85,7.87,36.65,27.3,72.8,45.95,51.1,121.0,81.7,38.75,34.4,96.3,17.8,7.15,83.9,70.4,78.9,80.7,505.0,266.5,474.0,174.5,97.0,112.5,199.0,252.5,31.1,183.0,135.0,87.1,147.0,44.15,50.0,90.9,47.4
34.9,33.05,69.7,48.85,98.4,72.4,11.9,38.25,105.0,28.6,33.95,345.5,169.5,18.05,123.5,340.5,17.35,51.8,23.65,46.2,136.5,25.3,13.6,15.95,24.05,58.5,244.0,328.0,27.35,41.45,29.4,20.2,24.3,242.5,225.0,242.0,40.5,11.15,129.0,,21.55,70.7,17.45,,343.5,225.0,19.7,14.25,99.3,35.7,19.7,19.15,60.4,22.3,214.5,118.0,36.75,39.15,68.7,138.5,50.4,80.9,62.1,227.0,53.3,12.4,107.5,129.0,28.35,21.4,67.7,233.5,228.5,172.5,39.85,46.0,12.05,32.3,10.5,16.1,15.5,30.5,225.0,17.6,31.35,10.2,28.85,10.75,10.1,12.25,17.6,47.6,47.4,9.93,20.4,15.3,25.8,13.4,9.74,10.3,19.9,19.8,312.0,84.7,3310.0,66.5,139.0,81.8,107.5,49.7,18.95,207.0,199.5,10.25,141.0,49.9,7.87,36.65,27.3,72.7,45.95,51.1,121.0,81.8,38.8,34.4,96.3,17.8,7.15,83.9,70.4,79.0,80.8,505.0,266.5,475.0,174.5,97.0,112.0,199.0,252.0,31.15,183.5,135.5,87.1,147.0,44.15,50.0,91.0,47.4
34.95,33.1,69.8,48.95,98.4,72.5,11.85,38.25,105.5,28.65,33.95,345.5,169.5,18.05,123.5,340.0,17.3,51.8,23.65,46.25,136.5,25.3,13.6,15.95,24.05,58.5,244.0,328.0,27.35,41.5,29.4,20.15,24.3,242.5,225.0,242.0,40.5,11.2,129.5,,21.55,70.8,17.45,,342.5,225.0,19.75,14.25,99.3,35.7,19.7,19.2,60.4,22.3,214.5,118.0,36.8,39.1,68.7,138.5,50.4,80.9,62.0,227.0,53.2,12.4,107.0,129.0,28.3,21.4,67.7,234.0,228.0,172.5,39.85,45.95,12.1,32.3,10.55,16.1,15.5,30.5,225.0,17.6,31.35,10.2,28.8,10.8,10.1,12.3,17.65,47.6,47.4,9.94,20.35,15.25,25.8,13.4,9.75,10.3,19.9,19.8,312.0,84.6,3310.0,66.5,139.0,81.7,108.0,49.7,19.0,206.5,199.5,10.25,141.5,49.9,7.87,36.65,27.35,72.7,45.95,51.1,121.0,81.8,38.8,34.4,96.3,17.8,7.16,84.0,70.4,79.0,80.9,505.0,266.5,475.0,174.5,96.9,112.5,199.0,253.0,31.1,183.5,135.0,87.1,147.0,44.2,50.0,91.0,47.4
34.95,33.05,69.8,49.2,98.4,72.5,11.85,38.25,105.5,28.6,33.95,345.5,169.5,18.05,123.5,340.0,17.35,51.8,23.65,46.2,136.5,25.3,13.6,15.95,24.05,58.5,243.5,328.0,27.35,41.6,29.4,20.15,24.3,242.5,225.0,242.0,40.5,11.15,129.5,,21.55,70.6,17.45,,342.5,224.5,19.8,14.25,99.3,35.65,19.7,19.2,60.4,22.25,215.0,118.5,36.8,39.15,68.7,138.5,50.4,81.1,62.1,227.0,53.3,12.4,107.5,129.0,28.3,21.4,67.7,234.0,228.0,173.0,39.85,45.95,12.1,32.25,10.55,16.1,15.5,30.55,225.0,17.6,31.35,10.2,28.8,10.8,10.1,12.3,17.65,47.6,47.45,9.94,20.4,15.25,25.75,13.4,9.74,10.3,19.9,19.8,312.5,84.6,3310.0,66.5,139.0,81.7,108.0,49.75,19.0,207.0,199.0,10.25,141.0,49.9,7.87,36.65,27.3,72.7,45.9,51.2,121.0,81.8,38.8,34.4,96.3,17.75,7.15,84.0,70.4,78.9,81.1,505.0,266.5,475.0,174.5,96.9,112.5,199.0,253.5,31.15,183.5,135.5,87.1,147.0,44.2,50.0,91.0,47.4
34.9,33.05,69.7,49.2,98.4,72.4,11.85,38.25,105.5,28.65,33.95,345.0,169.5,18.1,123.5,339.5,17.35,51.8,23.65,46.25,136.5,25.3,13.6,15.9,24.1,58.5,244.0,328.0,27.35,41.6,29.4,20.15,24.3,242.5,225.0,242.0,40.5,11.2,129.0,,21.55,70.6,17.45,,343.0,224.5,19.8,14.25,99.5,35.65,19.7,19.2,60.4,22.25,215.0,118.0,36.85,39.15,68.7,138.5,50.4,81.1,62.0,227.0,53.4,12.45,107.5,129.0,28.3,21.4,67.7,234.0,228.0,173.0,39.9,45.95,12.05,32.25,10.5,16.1,15.5,30.55,225.0,17.6,31.35,10.2,28.8,10.75,10.1,12.3,17.65,47.6,47.4,9.94,20.35,15.25,25.75,13.4,9.75,10.25,19.95,19.8,312.5,84.6,3310.0,66.5,139.0,81.6,108.0,49.75,19.0,206.5,198.5,10.25,141.0,49.9,7.87,36.65,27.3,72.7,45.9,51.2,121.0,81.8,38.8,34.4,96.3,17.75,7.15,84.0,70.4,79.0,81.3,505.0,266.5,475.0,174.0,97.0,112.5,199.0,254.0,31.1,183.5,135.0,87.1,147.0,44.2,50.0,91.1,47.35
34.9,33.05,69.8,49.2,98.5,72.5,11.85,38.25,105.5,28.6,33.95,344.0,169.5,18.1,123.5,339.5,17.35,51.8,23.65,46.2,136.5,25.3,13.6,15.95,24.1,58.5,244.0,328.0,27.35,41.6,29.4,20.15,24.3,242.5,225.0,242.0,40.5,11.15,129.0,,21.55,70.7,17.45,,342.5,225.0,19.8,14.25,99.5,35.7,19.7,19.25,60.4,22.25,215.0,118.5,36.85,39.15,68.7,139.0,50.4,81.1,62.0,227.0,53.4,12.4,107.0,129.0,28.3,21.45,67.7,233.5,227.5,172.5,39.9,46.0,12.1,32.25,10.5,16.1,15.5,30.55,225.0,17.6,31.35,10.2,28.8,10.75,10.1,12.3,17.65,47.6,47.45,9.96,20.35,15.25,25.75,13.4,9.74,10.3,19.9,19.8,312.5,84.6,3310.0,66.5,139.0,81.7,108.0,49.75,19.0,206.5,198.5,10.25,141.0,49.85,7.87,36.65,27.3,72.5,45.9,51.2,121.0,81.7,38.75,34.4,96.3,17.75,7.15,84.0,70.4,79.0,81.3,505.0,267.0,475.0,174.0,97.1,112.5,199.0,253.5,31.1,183.5,135.0,87.1,147.5,44.2,50.0,91.0,47.35
34.9,33.05,69.8,49.2,98.5,72.5,11.9,38.3,105.5,28.6,33.95,344.0,169.5,18.1,123.5,339.0,17.4,51.8,23.7,46.2,136.5,25.3,13.6,15.95,24.05,58.5,243.5,328.0,27.35,41.55,29.4,20.15,24.3,242.5,225.0,242.5,40.5,11.2,129.0,,21.6,70.6,17.45,,342.5,224.5,19.8,14.25,99.6,35.7,19.75,19.2,60.4,22.25,214.5,118.0,36.85,39.15,68.6,138.5,50.4,81.1,62.0,227.0,53.4,12.45,107.5,129.0,28.3,21.45,67.7,233.5,227.5,172.5,39.9,45.9,12.05,32.25,10.5,16.1,15.45,30.55,225.0,17.6,31.35,10.2,28.8,10.75,10.1,12.3,17.65,47.6,47.45,9.94,20.4,15.25,25.75,13.4,9.75,10.3,19.95,19.8,312.5,84.6,3310.0,66.5,139.5,81.7,108.0,49.7,19.0,206.5,198.5,10.25,141.0,49.9,7.87,36.65,27.3,72.5,45.9,51.1,120.5,81.7,38.75,34.5,96.3,17.75,7.15,84.0,70.4,79.0,81.2,505.0,267.0,475.0,174.0,97.1,112.5,199.0,253.5,31.15,183.5,135.0,87.1,147.5,44.2,50.0,91.3,47.35
34.95,33.05,69.8,49.25,98.5,72.5,11.85,38.3,105.5,28.6,33.95,343.5,170.0,18.05,123.5,338.0,17.4,51.8,23.7,46.2,136.5,25.3,13.65,15.95,24.05,58.5,243.5,328.0,27.35,41.55,29.4,20.15,24.3,242.5,225.0,242.5,40.5,11.2,129.0,,21.55,70.6,17.45,,342.0,224.5,19.75,14.25,99.6,35.7,19.7,19.2,60.4,22.25,214.5,118.0,36.8,39.15,68.7,138.5,50.4,81.0,62.0,227.0,53.4,12.4,107.0,129.0,28.3,21.5,67.7,233.5,227.0,172.0,39.85,45.9,12.1,32.25,10.5,16.1,15.5,30.55,225.0,17.55,31.35,10.2,28.85,10.75,10.1,12.25,17.6,47.6,47.45,9.95,20.4,15.25,25.7,13.4,9.75,10.25,19.9,19.8,312.5,84.6,3310.0,66.5,139.0,81.7,108.0,49.75,19.0,206.5,198.5,10.2,141.0,49.85,7.86,36.65,27.3,72.5,45.85,51.1,120.5,81.7,38.75,34.5,96.3,17.8,7.15,84.1,70.4,79.0,81.1,505.0,266.5,475.0,174.5,97.1,112.5,199.0,253.5,31.15,183.5,135.0,87.1,147.0,44.2,50.0,91.3,47.35
34.9,33.1,69.8,49.25,98.5,72.5,11.85,38.3,105.5,28.6,33.95,343.5,169.5,18.1,123.5,338.0,17.35,51.8,23.7,46.2,136.5,25.3,13.6,15.95,24.05,58.5,243.5,328.0,27.35,41.55,29.4,20.1,24.25,242.5,225.0,243.0,40.5,11.15,129.0,,21.55,70.6,17.5,,342.0,224.5,19.75,14.25,99.5,35.65,19.7,19.25,60.5,22.2,214.5,118.0,36.8,39.15,68.6,138.5,50.4,80.9,62.0,227.0,53.4,12.45,107.0,129.0,28.25,21.5,67.7,234.0,227.0,172.0,39.9,45.9,12.1,32.25,10.5,16.1,15.5,30.55,225.0,17.55,31.35,10.2,28.8,10.75,10.1,12.25,17.6,47.6,47.45,9.95,20.4,15.25,25.75,13.4,9.75,10.3,19.95,19.75,312.5,84.6,3310.0,66.5,139.0,81.9,108.0,49.8,19.0,206.0,198.5,10.25,140.5,49.8,7.86,36.65,27.3,72.5,45.85,51.2,120.5,81.7,38.7,34.5,96.3,17.8,7.15,84.1,70.4,79.0,81.1,505.0,266.5,475.0,174.5,97.1,112.5,199.0,253.5,31.15,183.5,135.5,87.1,147.0,44.2,50.0,91.3,47.35
34.95,33.05,69.8,49.25,98.6,72.5,11.85,38.3,105.5,28.6,33.95,343.5,169.5,18.1,123.5,337.5,17.4,51.9,23.7,46.2,136.5,25.3,13.6,15.95,24.05,58.5,243.5,328.0,27.35,41.6,29.4,20.1,24.3,242.5,225.0,243.0,40.5,11.2,129.5,,21.55,70.6,17.5,,342.0,225.0,19.7,14.25,99.4,35.65,19.7,19.25,60.6,22.25,214.5,118.5,36.8,39.2,68.6,138.5,50.4,80.9,62.0,227.5,53.4,12.45,107.0,129.0,28.25,21.5,67.7,234.0,227.0,172.0,39.9,45.9,12.1,32.3,10.55,16.1,15.5,30.55,225.0,17.6,31.35,10.2,28.8,10.8,10.05,12.3,17.6,47.6,47.4,9.94,20.35,15.25,25.7,13.4,9.74,10.25,19.9,19.8,314.0,84.7,3305.0,66.5,139.0,81.8,108.0,49.8,19.0,206.0,198.0,10.25,140.0,49.85,7.87,36.65,27.3,72.7,45.8,51.2,120.5,81.6,38.7,34.5,96.3,17.8,7.15,84.1,70.4,78.9,81.1,505.0,266.5,475.0,174.0,97.1,112.0,199.0,253.5,31.15,183.5,135.5,87.1,146.5,44.2,50.0,91.3,47.35
34.95,33.05,69.8,49.3,98.6,72.5,11.85,38.3,105.5,28.6,33.95,343.5,169.5,18.05,123.5,335.0,17.35,51.9,23.7,46.15,136.5,25.3,13.6,15.95,24.05,58.5,243.5,327.5,27.35,41.6,29.4,20.1,24.3,242.5,225.0,242.5,40.5,11.2,129.5,,21.55,70.6,17.5,,341.5,224.5,19.7,14.25,99.3,35.65,19.75,19.2,60.6,22.2,215.0,118.5,36.85,39.15,68.6,138.5,50.3,80.9,62.0,227.5,53.4,12.4,107.5,129.0,28.25,21.5,67.7,233.5,226.5,172.0,39.9,45.9,12.1,32.3,10.55,16.1,15.45,30.55,225.0,17.6,31.35,10.2,28.85,10.8,10.05,12.3,17.6,47.6,47.4,9.95,20.4,15.25,25.75,13.4,9.75,10.3,19.9,19.8,314.5,84.7,3305.0,66.5,139.5,81.8,108.0,49.8,19.0,206.0,198.5,10.25,140.0,49.8,7.87,36.65,27.3,72.5,45.75,51.2,120.5,81.7,38.75,34.5,96.3,17.75,7.15,84.0,70.4,78.9,81.3,505.0,267.0,475.5,174.0,97.1,112.5,199.0,253.5,31.1,183.5,134.5,87.1,146.5,44.2,50.0,91.6,47.35
34.95,33.05,69.8,49.3,98.6,72.6,11.85,38.3,105.5,28.6,33.95,343.5,169.5,18.05,123.5,334.5,17.35,51.8,23.7,46.2,136.5,25.3,13.6,16.0,24.05,58.5,243.0,327.5,27.35,41.55,29.4,20.1,24.3,242.5,225.0,242.5,40.5,11.2,129.0,,21.55,70.6,17.5,,341.5,225.0,19.75,14.25,99.1,35.7,19.7,19.2,60.6,22.25,215.0,118.5,36.85,39.1,68.6,138.5,50.4,80.9,62.1,227.5,53.4,12.45,107.0,129.5,28.25,21.5,67.8,233.5,226.5,171.5,39.9,45.9,12.1,32.3,10.5,16.1,15.5,30.55,225.0,17.6,31.35,10.2,28.8,10.75,10.05,12.3,17.6,47.6,47.4,9.95,20.4,15.25,25.7,13.4,9.74,10.3,19.9,19.8,314.5,84.6,3305.0,66.4,139.5,81.7,108.0,49.75,19.0,206.0,198.5,10.25,140.0,49.8,7.88,36.65,27.3,72.5,45.75,51.1,121.0,81.6,38.75,34.5,96.3,17.75,7.15,84.0,70.4,78.9,81.1,505.0,267.0,475.5,173.5,97.0,112.5,199.0,253.5,31.1,183.5,134.5,87.1,146.5,44.2,50.0,91.3,47.35
34.95,33.1,69.8,49.3,98.7,72.6,11.85,38.3,105.5,28.65,33.95,343.5,169.5,18.05,123.5,336.0,17.35,51.8,23.7,46.2,136.5,25.3,13.6,16.0,24.1,58.4,243.5,328.5,27.35,41.6,29.4,20.1,24.25,242.5,225.0,242.5,40.5,11.2,129.5,,21.55,70.7,17.5,,342.0,225.0,19.7,14.25,99.0,35.65,19.7,19.25,60.7,22.25,215.0,118.5,36.85,39.15,68.6,138.0,50.4,80.9,62.0,227.5,53.4,12.45,107.5,129.0,28.2,21.45,67.7,234.0,226.5,171.5,39.85,45.9,12.1,32.3,10.55,16.1,15.5,30.55,225.0,17.6,31.35,10.2,28.85,10.8,10.05,12.3,17.65,47.6,47.4,9.96,20.4,15.3,25.75,13.4,9.75,10.35,19.95,19.8,314.5,84.6,3305.0,66.3,139.5,81.7,108.0,49.65,19.0,206.0,198.5,10.25,139.5,49.8,7.88,36.65,27.3,72.7,45.7,51.2,121.5,81.6,38.7,34.4,96.3,17.8,7.15,84.0,70.4,78.9,81.2,505.0,267.0,475.5,173.0,96.9,112.5,199.0,253.5,31.1,183.5,134.5,87.1,146.5,44.2,50.0,91.3,47.35
34.95,33.05,69.8,49.35,98.6,72.5,11.85,38.3,105.0,28.6,34.0,343.5,169.5,18.05,123.5,336.0,17.35,51.8,23.7,46.15,136.5,25.3,13.6,16.0,24.1,58.4,243.0,328.5,27.35,41.6,29.4,20.1,24.25,242.5,225.0,242.5,40.5,11.15,129.5,,21.55,70.6,17.5,,342.0,224.5,19.7,14.25,98.5,35.7,19.7,19.25,60.7,22.25,215.0,118.5,36.9,39.15,68.6,138.0,50.4,80.9,62.0,227.0,53.3,12.45,107.5,129.0,28.2,21.4,67.7,233.5,226.5,172.0,39.85,45.9,12.1,32.3,10.55,16.1,15.5,30.5,225.0,17.6,31.35,10.2,28.85,10.75,10.05,12.3,17.65,47.6,47.4,9.95,20.4,15.25,25.7,13.45,9.74,10.3,19.95,19.8,315.0,84.6,3305.0,66.3,139.0,81.7,108.0,49.5,19.0,206.0,199.0,10.25,140.0,49.75,7.89,36.65,27.3,72.7,45.75,51.2,121.5,81.6,38.7,34.4,96.3,17.75,7.14,84.0,70.4,78.9,81.2,505.0,267.0,475.5,173.5,96.9,112.5,199.0,253.5,31.1,183.5,134.5,87.1,146.5,44.2,50.0,91.4,47.4
34.95,33.1,69.8,49.4,98.8,72.7,11.85,38.3,105.0,28.65,33.95,343.5,169.5,18.05,123.5,336.5,17.35,51.8,23.7,46.15,136.5,25.3,13.6,16.0,24.1,58.4,243.5,328.5,27.35,41.6,29.4,20.1,24.25,242.5,225.0,242.5,40.5,11.2,129.5,,21.55,70.6,17.5,,341.5,224.5,19.65,14.25,98.6,35.7,19.7,19.25,60.8,22.25,215.0,118.5,36.9,39.2,68.5,138.5,50.4,80.8,62.0,227.0,53.3,12.45,107.0,129.0,28.2,21.45,67.8,233.5,226.5,172.0,39.9,45.9,12.1,32.3,10.55,16.1,15.45,30.5,225.0,17.6,31.35,10.2,28.85,10.8,10.05,12.3,17.65,47.65,47.4,9.95,20.4,15.3,25.75,13.45,9.77,10.35,19.9,19.85,315.0,84.6,3305.0,66.3,139.5,81.7,108.0,49.4,19.1,206.0,199.0,10.25,140.0,49.75,7.9,36.65,27.3,72.5,45.8,51.3,121.5,81.6,38.7,34.4,96.4,17.8,7.15,84.0,70.4,78.9,81.2,505.0,267.0,475.5,173.5,96.9,113.0,199.5,253.5,31.1,183.0,134.5,87.1,147.0,44.25,50.0,91.4,47.35
34.95,33.0,69.8,49.45,98.7,72.7,11.85,38.3,105.0,28.6,33.95,343.5,169.5,18.05,123.5,337.0,17.35,51.8,23.7,46.15,136.5,25.3,13.6,16.0,24.05,58.4,243.5,328.5,27.35,41.65,29.4,20.1,24.3,242.5,225.0,242.5,40.55,11.2,129.0,,21.55,70.6,17.5,,342.0,224.5,19.7,14.25,98.7,35.7,19.7,19.2,60.8,22.2,215.0,118.5,36.95,39.15,68.5,138.0,50.4,80.8,62.1,226.5,53.4,12.45,107.0,129.0,28.25,21.5,67.8,233.5,227.0,172.0,39.85,45.9,12.1,32.3,10.5,16.1,15.45,30.5,224.5,17.6,31.35,10.2,28.8,10.75,10.05,12.3,17.6,47.65,47.35,9.95,20.35,15.25,25.7,13.45,9.76,10.3,19.95,19.75,315.0,84.6,3305.0,66.3,139.0,81.7,108.0,49.3,19.1,206.5,199.0,10.25,140.5,49.75,7.9,36.65,27.35,72.5,45.8,51.2,121.5,81.6,38.7,34.4,96.4,17.8,7.15,84.0,70.4,78.9,81.1,505.0,267.0,476.0,173.5,96.8,113.0,199.5,253.5,31.1,183.0,134.5,87.1,146.5,44.25,50.0,91.3,47.35
34.9,33.1,69.9,49.45,98.7,72.6,11.85,38.3,105.0,28.6,33.95,343.5,170.0,18.05,123.5,337.5,17.35,51.8,23.7,46.15,136.5,25.3,13.6,16.0,24.05,58.4,243.5,328.5,27.35,41.65,29.4,20.1,24.3,242.5,225.0,242.5,40.45,11.2,129.5,,21.55,70.6,17.45,,342.0,224.5,19.65,14.25,98.6,35.7,19.75,19.2,60.8,22.2,214.5,118.0,36.95,39.15,68.5,138.5,50.4,80.8,62.1,226.5,53.3,12.45,107.5,129.5,28.2,21.5,67.8,233.5,226.5,172.0,39.8,45.9,12.1,32.3,10.5,16.1,15.5,30.5,224.5,17.6,31.35,10.2,28.85,10.8,10.05,12.3,17.6,47.65,47.4,9.96,20.35,15.25,25.75,13.45,9.76,10.35,19.9,19.75,314.5,84.6,3310.0,66.2,139.5,81.6,108.0,49.35,19.1,206.5,199.0,10.25,140.5,49.75,7.89,36.65,27.3,72.5,45.8,51.2,121.0,81.5,38.7,34.4,96.4,17.8,7.15,84.0,70.4,78.9,81.1,505.0,267.5,476.0,173.5,96.9,113.0,199.5,253.5,31.1,183.0,134.5,87.1,146.5,44.25,50.0,91.3,47.35
34.9,33.05,69.8,49.4,98.7,72.6,11.85,38.3,105.0,28.65,33.95,343.5,170.0,18.05,123.5,337.5,17.35,51.8,23.7,46.15,136.5,25.3,13.6,16.0,24.05,58.4,243.5,328.5,27.35,41.65,29.4,20.1,24.3,242.5,225.0,242.5,40.5,11.2,129.5,,21.5,70.6,17.45,,342.0,225.0,19.65,14.25,98.8,35.7,19.75,19.2,60.7,22.25,214.5,118.0,36.9,39.15,68.5,138.0,50.4,80.8,62.1,226.5,53.4,12.4,107.5,129.0,28.2,21.55,67.8,233.5,226.5,172.0,39.75,45.9,12.1,32.3,10.5,16.1,15.5,30.5,224.5,17.6,31.35,10.2,28.85,10.8,10.05,12.25,17.65,47.6,47.35,9.95,20.35,15.25,25.75,13.45,9.76,10.3,19.9,19.75,314.5,84.6,3310.0,66.3,139.5,81.6,108.0,49.4,19.1,206.0,199.0,10.25,140.5,49.75,7.89,36.65,27.3,72.7,45.8,51.2,121.0,81.6,38.7,34.4,96.5,17.8,7.16,84.0,70.4,78.9,81.0,505.0,267.5,476.0,173.5,96.9,113.0,199.5,253.5,31.1,183.5,134.5,87.1,146.5,44.25,50.0,91.3,47.35
34.9,33.1,69.9,49.4,98.7,72.7,11.85,38.3,105.5,28.7,33.95,343.5,170.0,18.05,123.5,336.0,17.35,51.8,23.7,46.2,136.5,25.3,13.6,16.0,24.05,58.4,243.0,328.0,27.35,41.7,29.4,20.1,24.3,242.5,225.0,242.5,40.5,11.15,129.0,,21.55,70.6,17.5,,341.5,224.5,19.65,14.25,99.0,35.7,19.8,19.25,60.7,22.25,214.5,118.0,36.9,39.2,68.5,138.0,50.4,80.7,62.1,226.5,53.4,12.45,107.5,129.5,28.2,21.55,67.8,233.5,226.5,172.0,39.75,45.95,12.1,32.3,10.5,16.1,15.5,30.55,224.5,17.6,31.35,10.2,28.85,10.8,10.05,12.25,17.65,47.65,47.4,9.95,20.35,15.25,25.7,13.45,9.76,10.35,19.9,19.8,313.5,84.6,3315.0,66.2,139.5,81.6,108.0,49.5,19.1,206.0,198.5,10.25,140.0,49.75,7.9,36.65,27.3,72.5,45.8,51.2,121.0,81.6,38.7,34.4,96.4,17.8,7.16,84.0,70.4,78.9,80.9,505.0,267.5,476.0,173.5,96.9,113.0,199.5,253.5,31.1,183.5,135.0,87.1,146.5,44.25,50.0,91.3,47.35
34.9,33.05,69.9,49.4,98.7,72.7,11.85,38.3,105.0,28.75,33.95,343.5,170.0,18.05,123.5,335.0,17.35,51.8,23.7,46.2,136.5,25.3,13.6,16.0,24.1,58.4,243.0,328.0,27.35,41.7,29.4,20.1,24.3,242.5,225.0,242.5,40.5,11.15,129.0,,21.55,70.6,17.5,,342.0,224.5,19.65,14.2,98.8,35.65,19.75,19.25,60.7,22.2,214.5,117.5,36.95,39.2,68.6,138.0,50.3,80.7,62.1,226.5,53.4,12.45,107.0,129.5,28.2,21.55,67.8,233.5,226.5,172.0,39.75,45.9,12.1,32.3,10.5,16.1,15.45,30.55,224.5,17.6,31.4,10.15,28.8,10.75,10.05,12.25,17.65,47.65,47.35,9.95,20.35,15.25,25.75,13.45,9.75,10.35,19.9,19.8,313.5,84.7,3315.0,66.2,140.0,81.6,108.0,49.45,19.1,206.0,198.5,10.25,140.0,49.7,7.9,36.65,27.3,72.5,45.85,51.2,121.0,81.5,38.7,34.4,96.3,17.8,7.15,84.0,70.4,78.9,81.0,505.0,267.5,476.0,173.5,96.9,113.0,199.5,253.5,31.05,183.0,134.5,87.1,146.5,44.25,50.0,91.3,47.35
34.9,33.05,69.9,49.4,98.8,72.6,11.85,38.3,105.5,28.8,33.95,343.5,170.0,18.05,123.5,334.5,17.35,51.8,23.7,46.2,136.5,25.3,13.6,16.0,24.1,58.4,243.0,327.5,27.35,41.65,29.4,20.05,24.3,242.5,225.0,242.5,40.5,11.2,129.0,,21.5,70.6,17.5,,342.0,224.5,19.65,14.2,98.8,35.65,19.75,19.2,60.7,22.2,215.0,117.5,36.9,39.15,68.6,138.0,50.4,80.8,62.1,226.0,53.3,12.45,107.5,129.0,28.2,21.55,67.8,233.5,226.5,172.0,39.75,45.95,12.1,32.3,10.5,16.1,15.5,30.55,224.5,17.6,31.4,10.15,28.85,10.75,10.05,12.25,17.65,47.6,47.35,9.95,20.35,15.25,25.75,13.45,9.77,10.35,19.9,19.8,313.5,84.7,3315.0,66.2,140.0,81.5,108.0,49.4,19.1,205.5,198.0,10.25,140.0,49.65,7.9,36.65,27.3,72.7,45.85,51.2,121.0,81.5,38.7,34.4,96.3,17.8,7.15,84.0,70.4,78.9,81.0,505.0,267.5,476.0,173.5,97.0,113.0,199.5,253.5,31.1,183.0,134.5,87.1,146.5,44.25,50.0,91.3,47.35
34.9,33.05,69.9,49.4,98.8,72.6,11.85,38.3,105.0,28.75,33.95,343.5,170.0,18.05,123.5,334.5,17.35,51.8,23.7,46.15,136.5,25.3,13.6,16.0,24.05,58.4,243.0,327.5,27.35,41.65,29.4,20.05,24.25,242.5,225.0,242.5,40.45,11.2,129.0,,21.55,70.6,17.5,,342.0,225.0,19.7,14.2,98.8,35.65,19.75,19.2,60.6,22.2,215.0,117.5,36.9,39.15,68.5,138.0,50.4,80.8,62.3,226.0,53.3,12.4,107.0,129.0,28.2,21.5,67.8,233.5,226.5,172.0,39.8,45.95,12.1,32.3,10.5,16.1,15.45,30.55,223.5,17.6,31.4,10.15,28.85,10.8,10.05,12.3,17.65,47.6,47.4,9.95,20.35,15.25,25.75,13.45,9.76,10.3,19.9,19.8,313.5,84.7,3315.0,66.2,140.0,81.5,107.5,49.35,19.05,205.0,198.5,10.2,139.5,49.7,7.89,36.65,27.3,72.5,45.85,51.2,120.5,81.5,38.7,34.4,96.3,17.8,7.15,83.9,70.4,78.9,81.0,505.0,267.5,476.0,173.5,96.9,113.0,199.5,253.5,31.1,183.0,134.5,87.1,146.5,44.3,50.0,91.3,47.35
34.9,33.05,69.9,49.4,98.7,72.7,11.85,38.3,105.0,28.75,33.95,343.5,170.0,18.05,123.5,335.0,17.35,51.9,23.7,46.2,136.5,25.3,13.6,16.0,24.05,58.3,243.0,327.5,27.35,41.6,29.4,20.1,24.25,242.5,225.0,242.5,40.45,11.25,129.5,,21.55,70.6,17.5,,342.5,224.5,19.65,14.2,98.7,35.65,19.75,19.2,60.7,22.2,215.0,118.0,36.95,39.2,68.5,138.0,50.4,80.8,62.3,226.0,53.4,12.4,107.5,129.5,28.2,21.5,67.8,233.5,226.0,172.0,39.8,45.95,12.05,32.3,10.45,16.1,15.45,30.55,223.5,17.6,31.4,10.15,28.85,10.8,10.05,12.25,17.65,47.65,47.35,9.95,20.4,15.25,25.75,13.45,9.76,10.3,19.9,19.8,313.5,84.7,3320.0,66.2,139.5,81.5,107.5,49.4,19.05,205.5,198.5,10.25,139.0,49.65,7.89,36.65,27.3,72.7,45.85,51.2,120.5,81.4,38.7,34.4,96.3,17.8,7.16,83.9,70.4,78.9,81.1,505.0,267.5,476.0,173.5,96.8,113.0,199.5,253.5,31.1,183.0,134.5,87.1,146.5,44.3,50.0,91.3,47.35
34.85,33.05,69.9,49.4,98.8,72.6,11.85,38.3,105.0,28.75,33.95,343.5,170.0,18.05,123.5,335.0,17.3,51.8,23.7,46.15,136.5,25.3,13.6,16.0,24.05,58.3,243.5,327.5,27.35,41.6,29.4,20.1,24.25,242.5,225.0,242.5,40.45,11.2,129.0,,21.55,70.6,17.5,,342.0,225.0,19.65,14.2,98.8,35.65,19.75,19.2,60.7,22.2,215.0,118.0,36.95,39.25,68.5,137.5,50.4,80.5,62.2,226.0,53.3,12.4,107.0,129.0,28.15,21.5,67.8,233.5,226.0,172.0,39.8,45.9,12.05,32.3,10.5,16.1,15.5,30.5,223.5,17.55,31.3,10.15,28.85,10.75,10.05,12.25,17.6,47.65,47.35,9.95,20.35,15.25,25.7,13.45,9.76,10.3,19.9,19.8,313.5,84.7,3310.0,66.2,139.5,81.5,108.0,49.4,19.0,205.5,198.5,10.25,139.0,49.65,7.89,36.65,27.3,72.5,45.8,51.3,120.0,81.4,38.7,34.4,96.4,17.8,7.16,83.9,70.4,78.9,81.0,505.0,267.5,476.0,173.5,96.9,112.5,199.5,253.5,31.1,183.5,134.5,87.1,146.5,44.3,50.0,91.3,47.35
34.9,33.05,69.9,49.4,98.9,72.6,11.9,38.3,105.5,28.75,33.95,343.5,170.0,18.05,123.5,335.5,17.35,51.8,23.7,46.2,136.5,25.3,13.6,16.0,24.05,58.6,243.5,327.5,27.35,41.55,29.4,20.1,24.25,242.5,225.0,242.5,40.45,11.2,129.5,,21.55,70.5,17.5,,342.5,224.5,19.65,14.25,98.8,35.65,19.75,19.2,60.6,22.2,215.0,117.5,36.95,39.2,68.4,137.5,50.4,80.5,62.2,226.0,53.4,12.4,107.5,129.0,28.15,21.5,67.8,233.0,226.0,172.0,39.75,45.9,12.05,32.3,10.5,16.1,15.5,30.5,223.0,17.6,31.3,10.15,28.85,10.75,10.05,12.25,17.6,47.6,47.35,9.96,20.35,15.25,25.7,13.45,9.76,10.3,19.9,19.8,313.5,84.6,3315.0,66.2,139.0,81.6,108.0,49.45,19.05,206.0,198.5,10.25,139.5,49.7,7.89,36.65,27.3,72.5,45.8,51.3,120.0,81.4,38.7,34.4,96.3,17.8,7.16,83.9,70.4,78.9,81.1,505.0,267.5,476.0,173.5,96.8,113.0,199.5,254.0,31.05,183.5,134.5,87.1,146.0,44.3,50.0,91.3,47.35
34.9,33.05,69.9,49.4,98.9,72.6,11.85,38.3,105.5,28.75,33.95,343.5,170.0,18.1,123.5,335.5,17.35,51.8,23.7,46.2,136.5,25.3,13.6,16.0,24.1,58.6,243.0,327.5,27.35,41.55,29.45,20.1,24.25,242.5,225.0,242.5,40.5,11.25,129.5,,21.55,70.6,17.45,,342.5,225.0,19.65,14.25,98.9,35.7,19.75,19.2,60.6,22.2,215.0,117.5,36.95,39.25,68.4,138.0,50.3,80.4,62.4,226.0,53.3,12.4,107.0,129.0,28.15,21.5,67.7,233.0,226.5,172.5,39.85,45.9,12.05,32.3,10.5,16.1,15.45,30.5,223.0,17.6,31.3,10.15,28.8,10.8,10.05,12.25,17.6,47.55,47.35,9.96,20.4,15.25,25.7,13.45,9.76,10.3,19.95,19.8,313.5,84.6,3315.0,66.2,139.5,81.5,107.5,49.4,19.0,206.5,198.5,10.25,139.5,49.8,7.88,36.65,27.3,72.7,45.8,51.3,120.0,81.5,38.7,34.4,96.3,17.8,7.15,83.9,70.4,78.9,81.0,505.0,267.0,476.0,173.5,96.9,112.5,199.5,253.0,31.05,183.0,134.5,87.1,146.0,44.3,50.0,91.3,47.35
34.9,33.1,69.9,49.35,98.9,72.6,11.85,38.3,105.5,28.7,33.95,343.5,169.5,18.1,123.5,336.0,17.35,51.8,23.7,46.2,136.5,25.3,13.65,16.0,24.05,58.6,243.5,327.5,27.35,41.5,29.45,20.1,24.25,242.5,225.0,242.5,40.5,11.25,129.5,,21.55,70.5,17.5,,342.5,225.0,19.65,14.2,98.9,35.7,19.75,19.2,60.7,22.25,215.0,117.5,36.95,39.15,68.4,138.0,50.4,80.4,62.4,226.5,53.3,12.4,107.5,129.0,28.15,21.5,67.7,233.0,226.5,173.0,39.8,45.95,12.1,32.3,10.5,16.1,15.5,30.5,223.0,17.6,31.3,10.15,28.8,10.75,10.05,12.25,17.6,47.55,47.35,9.96,20.4,15.25,25.7,13.45,9.76,10.3,19.9,19.75,313.5,84.6,3315.0,66.2,139.5,81.5,107.5,49.4,19.0,206.5,198.5,10.25,139.5,49.85,7.88,36.65,27.3,72.5,45.8,51.2,120.0,81.4,38.6,34.4,96.3,17.8,7.15,83.9,70.4,78.9,80.9,505.0,267.0,476.0,173.5,96.7,112.5,199.5,253.5,31.05,183.0,134.0,87.1,146.0,44.3,50.0,91.3,47.35
34.85,33.05,69.9,49.35,98.9,72.6,11.9,38.3,105.5,28.7,33.95,343.5,169.5,18.1,123.5,336.0,17.35,51.8,23.7,46.2,136.5,25.3,13.65,16.0,24.05,58.6,243.0,327.5,27.35,41.45,29.45,20.1,24.25,242.5,225.0,242.5,40.45,11.25,129.0,,21.55,70.5,17.45,,342.5,225.0,19.7,14.2,99.0,35.65,19.75,19.2,60.6,22.2,215.0,117.5,36.95,39.2,68.4,138.0,50.4,80.4,62.5,226.0,53.3,12.45,107.0,129.0,28.15,21.55,67.7,233.0,226.5,172.5,39.8,45.9,12.05,32.3,10.5,16.1,15.5,30.5,223.0,17.6,31.3,10.15,28.8,10.75,10.05,12.25,17.6,47.55,47.3,9.96,20.4,15.25,25.7,13.4,9.75,10.3,19.9,19.75,313.0,84.7,3315.0,66.2,139.5,81.5,108.0,49.45,19.0,206.5,198.5,10.25,139.5,49.8,7.88,36.65,27.3,72.5,45.8,51.2,120.5,81.4,38.6,34.4,96.3,17.8,7.15,83.9,70.4,78.9,81.1,505.0,266.5,475.5,173.5,96.7,112.5,199.5,253.5,31.05,183.5,134.0,87.1,146.0,44.3,50.0,91.2,47.35
34.9,33.05,69.8,49.3,98.9,72.5,11.85,38.3,105.5,28.7,33.95,343.5,169.5,18.05,123.5,335.0,17.35,51.8,23.7,46.2,136.0,25.3,13.65,15.95,24.05,58.6,243.5,327.5,27.35,41.45,29.45,20.1,24.25,242.5,225.0,242.5,40.5,11.2,129.5,,21.55,70.5,17.45,,342.0,224.5,19.65,14.2,99.0,35.65,19.7,19.2,60.6,22.2,215.0,117.5,36.95,39.2,68.4,138.0,50.4,80.4,62.4,226.0,53.4,12.4,107.5,129.5,28.15,21.5,67.7,233.0,226.5,172.0,39.75,45.9,12.1,32.3,10.5,16.1,15.45,30.5,223.0,17.55,31.3,10.15,28.85,10.75,10.05,12.25,17.6,47.55,47.35,9.96,20.35,15.25,25.75,13.45,9.75,10.3,19.9,19.8,313.0,84.7,3315.0,66.3,139.5,81.5,107.5,49.4,19.0,206.0,198.5,10.25,139.5,49.85,7.89,36.7,27.3,72.7,45.8,51.2,120.5,81.3,38.5,34.4,96.3,17.8,7.15,83.9,70.4,78.9,81.1,505.0,266.5,475.5,173.5,96.8,112.5,199.5,253.5,31.05,183.5,134.0,87.1,146.0,44.3,50.0,91.2,47.35
34.85,33.0,69.9,49.3,98.8,72.4,11.9,38.3,105.0,28.7,33.95,343.5,169.5,18.05,123.5,334.0,17.35,51.9,23.7,46.2,136.5,25.3,13.65,15.95,24.05,58.6,243.5,327.5,27.35,41.45,29.45,20.1,24.25,242.5,225.0,242.5,40.5,11.25,129.5,,21.55,70.6,17.45,,342.0,224.5,19.65,14.25,99.0,35.65,19.7,19.2,60.5,22.2,215.0,118.0,36.95,39.2,68.4,138.0,50.4,80.4,62.4,226.0,53.3,12.4,107.0,129.0,28.15,21.5,67.7,233.0,226.5,172.0,39.8,45.85,12.1,32.3,10.5,16.1,15.5,30.5,223.0,17.55,31.3,10.15,28.85,10.8,10.05,12.25,17.6,47.55,47.3,9.94,20.4,15.25,25.75,13.4,9.75,10.3,19.95,19.8,313.0,84.7,3315.0,66.3,139.0,81.3,107.5,49.35,19.0,206.0,198.5,10.25,139.5,49.8,7.9,36.7,27.3,72.5,45.8,51.3,120.5,81.3,38.5,34.4,96.4,17.8,7.15,84.0,70.4,78.9,81.0,505.0,266.5,475.5,173.5,96.7,112.5,199.5,253.5,31.05,183.5,134.0,87.1,146.0,44.3,50.0,91.1,47.35
34.9,33.0,69.9,49.3,98.8,72.4,11.9,38.3,105.0,28.7,33.95,343.5,169.5,18.1,123.5,333.5,17.35,51.8,23.7,46.2,136.5,25.3,13.65,16.0,24.05,58.6,243.0,327.5,27.35,41.45,29.45,20.1,24.25,242.5,225.0,242.5,40.45,11.25,129.0,,21.55,70.5,17.45,,342.0,224.5,19.65,14.25,99.0,35.65,19.7,19.2,60.5,22.25,214.5,117.5,36.9,39.2,68.4,138.0,50.4,80.4,62.5,226.0,53.4,12.4,107.5,129.5,28.15,21.5,67.7,233.0,226.0,172.0,39.75,45.85,12.1,32.3,10.5,16.1,15.5,30.5,223.0,17.6,31.3,10.15,28.85,10.75,10.05,12.25,17.6,47.55,47.35,9.95,20.35,15.25,25.75,13.4,9.76,10.3,19.9,19.75,313.0,84.7,3315.0,66.3,139.5,81.4,107.5,49.3,19.0,206.0,198.5,10.25,139.5,49.8,7.9,36.7,27.3,72.5,45.8,51.2,121.0,81.3,38.5,34.4,96.4,17.8,7.15,83.9,70.4,78.9,81.0,505.0,266.5,475.0,173.5,96.7,112.0,199.5,253.5,31.1,183.5,134.0,87.1,146.0,44.3,50.0,91.1,47.4
34.9,33.0,69.8,49.3,98.8,72.4,11.85,38.3,105.0,28.7,33.95,343.5,169.5,18.1,123.5,333.5,17.35,51.8,23.7,46.2,136.5,25.3,13.65,16.0,24.1,58.3,243.0,327.5,27.35,41.45,29.4,20.1,24.25,242.5,225.0,242.5,40.5,11.25,129.0,,21.5,70.5,17.5,,342.0,224.5,19.65,14.25,98.9,35.65,19.7,19.2,60.5,22.2,214.5,117.5,36.95,39.15,68.3,138.0,50.4,80.4,62.5,226.0,53.3,12.4,107.5,129.5,28.2,21.5,67.7,233.0,226.5,172.5,39.75,45.85,12.1,32.3,10.5,16.1,15.45,30.5,223.0,17.6,31.3,10.15,28.85,10.75,10.05,12.25,17.6,47.55,47.35,9.95,20.35,15.25,25.7,13.4,9.76,10.35,19.9,19.75,313.5,84.7,3310.0,66.3,139.0,81.4,107.5,49.25,18.95,206.0,198.5,10.25,139.5,49.85,7.89,36.7,27.3,72.5,45.85,51.2,120.0,81.5,38.5,34.35,96.3,17.75,7.15,83.9,70.4,78.9,81.0,505.0,267.0,475.0,173.5,96.7,112.0,199.5,253.5,31.1,183.5,133.5,87.1,146.0,44.3,50.0,91.1,47.4
34.9,33.1,69.7,49.3,98.7,72.4,11.85,38.3,105.0,28.65,33.95,343.5,169.5,18.05,123.5,333.5,17.35,51.8,23.7,46.2,136.5,25.3,13.6,16.0,24.05,58.3,243.0,327.5,27.35,41.45,29.4,20.1,24.25,242.5,225.0,242.5,40.5,11.25,129.0,,21.5,70.5,17.5,,341.5,224.5,19.6,14.2,98.9,35.7,19.7,19.2,60.5,22.2,214.5,117.0,36.9,39.2,68.3,137.5,50.4,80.5,62.5,226.0,53.4,12.4,107.5,129.5,28.15,21.55,67.7,233.0,226.0,171.5,39.75,45.9,12.1,32.3,10.45,16.1,15.5,30.5,223.0,17.6,31.3,10.15,28.85,10.75,10.05,12.3,17.6,47.55,47.3,9.95,20.35,15.25,25.75,13.4,9.76,10.3,19.9,19.75,313.5,84.7,3310.0,66.4,139.0,81.4,108.0,49.15,19.0,206.0,199.0,10.25,139.5,49.8,7.89,36.65,27.3,72.7,45.85,51.2,120.0,81.3,38.5,34.35,96.3,17.8,7.15,83.9,70.4,78.9,81.0,505.0,267.0,475.0,173.5,96.6,112.5,199.5,253.5,31.05,183.5,133.5,87.1,146.0,44.3,50.0,91.1,47.4
34.9,33.0,69.7,49.3,98.7,72.4,11.85,38.3,105.0,28.65,33.95,343.5,169.5,18.05,123.5,334.0,17.35,51.8,23.7,46.2,136.5,25.3,13.6,15.95,24.05,58.3,243.0,327.5,27.35,41.45,29.4,20.1,24.25,242.5,225.0,242.5,40.45,11.25,129.5,,21.5,70.5,17.5,,341.5,225.0,19.6,14.25,98.8,35.7,19.7,19.2,60.6,22.2,214.5,118.0,36.9,39.2,68.3,138.0,50.4,80.5,62.5,226.0,53.3,12.45,107.0,129.5,28.15,21.6,67.7,233.0,226.0,171.5,39.7,45.85,12.1,32.3,10.5,16.1,15.45,30.45,223.0,17.55,31.3,10.15,28.8,10.75,10.05,12.3,17.6,47.55,47.3,9.94,20.35,15.3,25.75,13.4,9.76,10.3,19.9,19.8,313.0,84.7,3310.0,66.3,139.5,81.3,108.0,49.1,19.0,205.5,198.5,10.2,139.5,49.8,7.88,36.65,27.3,72.7,45.85,51.2,120.5,81.5,38.5,34.35,96.3,17.8,7.15,83.8,70.4,78.9,81.0,505.0,267.0,475.0,173.5,96.6,112.0,199.5,253.5,31.05,183.5,133.5,87.1,146.0,44.35,50.0,91.1,47.4
34.85,33.1,69.7,49.3,98.7,72.4,11.9,38.3,105.0,28.65,33.95,343.0,169.5,18.05,123.5,334.0,17.35,51.8,23.7,46.2,136.5,25.3,13.6,15.95,24.05,58.3,243.0,327.5,27.35,41.4,29.4,20.05,24.25,242.5,225.0,242.5,40.5,11.25,129.0,,21.55,70.5,17.5,,341.0,224.5,19.65,14.2,98.8,35.65,19.7,19.2,60.6,22.15,214.5,117.0,36.95,39.15,68.3,138.0,50.4,80.5,62.5,227.0,53.3,12.4,107.5,129.0,28.15,21.55,67.7,233.5,226.0,171.5,39.7,45.85,12.1,32.3,10.5,16.1,15.45,30.45,223.0,17.6,31.3,10.15,28.85,10.75,10.05,12.3,17.6,47.55,47.35,9.94,20.4,15.25,25.75,13.4,9.76,10.3,19.9,19.75,313.0,84.8,3315.0,66.3,139.5,81.3,108.0,49.1,19.0,205.5,199.0,10.25,139.5,49.8,7.88,36.65,27.3,72.5,45.85,51.2,120.0,81.4,38.5,34.35,96.3,17.8,7.15,83.8,70.4,78.9,81.0,505.0,266.5,475.0,173.5,96.6,112.5,199.5,253.5,31.05,183.5,133.5,87.1,146.0,44.35,50.0,91.1,47.4
34.85,33.0,69.8,49.3,98.6,72.5,11.9,38.3,105.5,28.7,34.0,343.0,169.5,18.1,123.5,334.5,17.35,51.9,23.7,46.2,136.5,25.3,13.6,15.95,24.1,58.3,243.0,327.5,27.35,41.4,29.4,20.05,24.25,242.5,225.0,242.5,40.5,11.25,129.5,,21.55,70.5,17.5,,341.0,224.5,19.6,14.2,98.7,35.7,19.7,19.2,60.6,22.1,214.5,117.5,36.95,39.2,68.3,138.0,50.3,80.4,62.6,227.0,53.4,12.45,107.0,129.0,28.1,21.6,67.7,233.5,226.0,171.5,39.65,45.85,12.1,32.3,10.5,16.1,15.5,30.5,223.0,17.6,31.3,10.15,28.85,10.75,10.05,12.3,17.6,47.5,47.3,9.94,20.35,15.25,25.7,13.4,9.76,10.3,19.9,19.8,313.0,84.8,3320.0,66.3,139.0,81.3,108.0,49.05,19.0,205.5,198.5,10.25,139.5,49.9,7.89,36.65,27.3,72.5,45.85,51.2,120.5,81.4,38.55,34.35,96.4,17.8,7.15,83.7,70.4,78.9,81.0,505.0,266.5,475.0,173.5,96.7,112.5,199.5,253.5,31.05,183.5,133.5,87.1,146.0,44.35,50.0,91.1,47.45
34.85,33.05,69.7,49.3,98.8,72.4,11.9,38.2,105.5,28.65,34.0,343.0,169.5,18.1,123.5,334.5,17.35,51.9,23.7,46.2,136.5,25.3,13.6,15.95,24.1,58.3,243.0,327.5,27.35,41.4,29.4,20.05,24.2,242.5,225.0,242.5,40.5,11.2,129.0,,21.55,70.5,17.5,,340.5,224.5,19.65,14.2,98.6,35.7,19.7,19.2,60.6,22.1,214.5,118.0,36.9,39.15,68.3,138.0,50.3,80.4,62.4,227.0,53.3,12.4,107.0,129.0,28.1,21.55,67.7,233.0,226.0,171.5,39.6,45.85,12.1,32.3,10.5,16.1,15.5,30.45,223.0,17.6,31.3,10.15,28.85,10.75,10.05,12.3,17.6,47.55,47.3,9.95,20.35,15.3,25.75,13.4,9.76,10.3,19.9,19.8,313.0,84.8,3320.0,66.2,139.5,81.3,108.0,49.05,19.0,205.5,198.5,10.2,139.5,49.8,7.89,36.65,27.3,72.7,45.85,51.2,120.0,81.5,38.55,34.35,96.4,17.8,7.15,83.8,70.4,78.9,80.6,505.0,266.5,474.5,173.5,96.6,112.5,199.5,253.5,31.05,183.5,133.5,87.1,146.0,44.35,50.0,91.1,47.45
34.9,33.0,69.7,49.3,98.6,72.4,11.9,38.2,105.5,28.65,34.0,343.0,169.5,18.05,123.5,334.5,17.35,51.9,23.7,46.2,136.5,25.3,13.6,15.95,24.05,58.3,243.0,327.5,27.35,41.4,29.4,20.05,24.25,242.5,225.0,242.5,40.45,11.2,129.5,,21.55,70.5,17.5,,340.0,224.5,19.6,14.2,98.5,35.7,19.7,19.2,60.7,22.1,214.5,118.0,36.9,39.2,68.3,138.0,50.3,80.4,62.4,227.0,53.3,12.4,107.5,129.0,28.15,21.6,67.8,233.0,226.0,171.0,39.55,45.85,12.1,32.3,10.5,16.1,15.5,30.45,223.0,17.6,31.4,10.15,28.85,10.75,10.1,12.3,17.6,47.5,47.3,9.95,20.4,15.3,25.75,13.4,9.76,10.3,19.9,19.8,313.0,84.8,3320.0,66.1,139.5,81.3,108.0,49.0,19.0,205.5,198.0,10.2,139.5,49.85,7.89,36.65,27.3,72.8,45.85,51.2,120.0,81.4,38.55,34.35,96.3,17.8,7.15,83.8,70.4,78.8,80.7,505.0,266.5,474.5,173.5,96.6,112.0,199.5,253.5,31.05,183.5,133.5,87.1,146.0,44.35,50.0,91.1,47.45
34.85,33.0,69.7,49.3,98.7,72.5,11.9,38.2,105.0,28.65,33.95,343.0,169.5,18.05,123.5,335.0,17.3,51.9,23.7,46.2,136.5,25.3,13.6,15.95,24.1,58.3,243.0,327.5,27.35,41.4,29.4,20.05,24.25,242.5,225.0,242.5,40.45,11.2,129.5,,21.55,70.5,17.5,,340.5,224.5,19.65,14.2,98.3,35.65,19.7,19.2,60.6,22.1,214.5,118.0,36.9,39.15,68.3,138.0,50.4,80.3,62.4,227.0,53.3,12.35,107.0,129.0,28.1,21.65,67.7,233.0,225.5,171.0,39.6,45.8,12.1,32.3,10.5,16.1,15.5,30.45,223.0,17.6,31.35,10.2,28.85,10.75,10.1,12.3,17.6,47.55,47.25,9.95,20.4,15.3,25.75,13.4,9.76,10.3,19.85,19.75,313.0,84.8,3320.0,66.1,139.5,81.2,108.0,48.9,19.0,205.5,198.5,10.25,139.5,49.8,7.89,36.65,27.3,72.8,45.85,51.2,120.5,81.4,38.55,34.35,96.3,17.8,7.15,83.9,70.4,78.8,80.6,505.0,266.5,475.0,173.5,96.5,112.5,199.5,253.5,31.1,183.5,133.5,87.1,146.0,44.35,50.0,91.1,47.45
34.9,33.0,69.7,49.3,98.7,72.5,11.9,38.2,105.0,28.65,33.95,343.0,169.5,18.05,123.5,334.5,17.3,51.9,23.7,46.15,136.5,25.3,13.6,15.95,24.1,58.3,243.0,327.5,27.35,41.4,29.4,20.05,24.25,242.5,225.0,242.5,40.45,11.25,129.0,,21.5,70.5,17.45,,340.5,224.5,19.65,14.2,98.4,35.65,19.7,19.2,60.6,22.1,214.5,118.0,36.85,39.15,68.3,138.0,50.3,80.4,62.4,226.0,53.3,12.4,107.0,129.0,28.1,21.6,67.7,233.0,225.5,171.5,39.6,45.8,12.1,32.3,10.5,16.1,15.5,30.4,223.0,17.6,31.35,10.2,28.85,10.8,10.1,12.3,17.6,47.5,47.25,9.95,20.4,15.3,25.75,13.4,9.76,10.3,19.9,19.8,313.5,84.8,3320.0,66.1,139.5,81.3,108.0,48.8,19.0,205.5,198.0,10.25,139.5,49.8,7.9,36.65,27.3,72.6,45.85,51.2,120.0,81.3,38.55,34.35,96.4,17.8,7.14,83.9,70.4,78.8,80.5,505.0,266.5,475.0,173.5,96.5,112.5,199.5,253.5,31.05,183.0,133.5,87.1,146.0,44.35,50.0,91.1,47.45
34.85,33.05,69.6,49.3,98.7,72.5,11.9,38.2,105.5,28.65,33.95,343.0,169.5,18.05,123.5,334.5,17.3,51.9,23.7,46.2,136.5,25.3,13.6,16.0,24.05,58.3,243.0,327.5,27.35,41.45,29.4,20.1,24.2,242.5,225.0,242.5,40.5,11.25,129.5,,21.5,70.6,17.5,,340.5,224.5,19.6,14.15,98.3,35.65,19.7,19.2,60.6,22.1,214.5,118.0,36.8,39.15,68.3,137.5,50.3,80.4,62.4,226.0,53.3,12.4,107.0,129.0,28.05,21.6,67.7,233.0,225.5,171.5,39.7,45.8,12.1,32.3,10.5,16.1,15.45,30.45,223.0,17.6,31.4,10.2,28.8,10.8,10.1,12.3,17.6,47.5,47.3,9.95,20.35,15.3,25.7,13.35,9.76,10.3,19.9,19.8,313.0,84.8,3320.0,66.0,139.0,81.1,108.0,48.8,19.0,205.5,197.5,10.25,139.5,49.75,7.89,36.65,27.3,72.6,45.8,51.2,120.0,81.4,38.55,34.35,96.4,17.8,7.15,83.8,70.4,78.8,80.5,505.0,266.0,475.0,173.5,96.4,112.5,199.5,252.5,31.1,183.0,133.5,87.1,146.0,44.35,50.0,91.1,47.45
34.9,33.0,69.6,49.3,98.6,72.4,11.9,38.2,105.5,28.65,33.95,343.0,169.5,18.1,123.5,334.5,17.3,51.9,23.7,46.15,136.5,25.3,13.6,16.0,24.05,58.3,243.0,327.5,27.35,41.45,29.4,20.1,24.2,242.5,225.0,242.5,40.45,11.25,129.0,,21.5,70.6,17.5,,341.0,224.5,19.6,14.15,98.3,35.65,19.7,19.2,60.6,22.1,214.5,118.0,36.8,39.2,68.3,137.5,50.4,80.4,62.4,226.0,53.3,12.35,107.0,129.0,28.1,21.6,67.7,233.0,225.5,171.0,39.65,45.8,12.1,32.3,10.5,16.1,15.45,30.45,223.0,17.6,31.4,10.2,28.8,10.8,10.1,12.3,17.6,47.5,47.25,9.95,20.4,15.3,25.7,13.4,9.76,10.3,19.9,19.8,313.0,84.8,3320.0,66.1,139.0,81.1,107.5,48.8,19.0,205.5,198.0,10.25,139.5,49.85,7.89,36.65,27.3,72.6,45.8,51.2,120.0,81.4,38.55,34.35,96.4,17.8,7.15,83.8,70.4,78.8,80.7,505.0,266.0,475.0,173.5,96.3,112.0,199.5,252.5,31.05,183.0,133.5,87.1,146.0,44.35,50.0,91.0,47.45
34.9,33.05,69.5,49.3,98.7,72.4,11.9,38.2,105.5,28.65,33.95,343.0,169.5,18.1,123.5,334.5,17.35,51.9,23.7,46.15,136.5,25.3,13.6,15.95,24.05,58.3,243.0,327.5,27.35,41.45,29.4,20.05,24.25,242.5,225.0,242.5,40.45,11.25,129.0,,21.55,70.5,17.5,,341.0,224.5,19.6,14.2,98.4,35.65,19.7,19.2,60.6,22.05,214.5,118.0,36.8,39.15,68.3,137.5,50.4,80.4,62.4,227.0,53.3,12.4,107.5,129.0,28.05,21.6,67.7,233.0,225.5,171.0,39.65,45.85,12.1,32.3,10.5,16.1,15.5,30.45,223.0,17.6,31.4,10.2,28.8,10.8,10.1,12.3,17.6,47.5,47.25,9.94,20.35,15.3,25.7,13.4,9.76,10.3,19.9,19.8,313.5,84.8,3320.0,66.1,139.5,81.0,107.5,48.9,19.0,205.0,198.0,10.25,139.5,49.8,7.89,36.65,27.3,72.6,45.75,51.2,120.0,81.4,38.55,34.35,96.4,17.8,7.15,83.8,70.4,78.7,80.6,505.0,266.0,475.0,173.5,96.3,112.5,199.5,253.5,31.1,183.0,133.5,87.1,146.0,44.35,50.0,91.0,47.45
34.9,33.0,69.6,49.3,98.6,72.5,11.9,38.2,105.5,28.65,34.0,343.0,169.5,18.1,123.5,334.5,17.35,51.9,23.7,46.15,136.5,25.3,13.6,15.95,24.05,58.3,243.0,327.5,27.35,41.4,29.4,20.05,24.25,242.5,225.0,242.5,40.5,11.25,129.0,,21.5,70.6,17.45,,340.5,224.5,19.6,14.2,98.5,35.65,19.7,19.2,60.6,22.05,214.5,118.0,36.8,39.2,68.3,137.5,50.4,80.4,62.4,227.0,53.2,12.4,107.0,129.0,28.0,21.6,67.7,233.0,225.0,171.0,39.65,45.85,12.1,32.3,10.5,16.1,15.5,30.45,223.0,17.6,31.4,10.2,28.85,10.75,10.05,12.3,17.6,47.55,47.3,9.94,20.4,15.3,25.7,13.4,9.75,10.3,19.9,19.8,313.5,84.8,3320.0,66.1,139.0,81.1,107.5,48.85,19.0,205.0,198.0,10.2,139.5,49.8,7.88,36.65,27.3,72.6,45.7,51.2,120.0,81.5,38.5,34.35,96.4,17.75,7.15,83.8,70.4,78.7,80.7,505.0,266.0,475.0,173.5,96.3,112.5,199.5,253.5,31.05,182.5,133.5,87.1,146.0,44.35,50.0,91.0,47.45
34.9,33.05,69.6,49.25,98.6,72.5,11.95,38.2,105.5,28.7,34.0,343.0,169.5,18.1,123.5,334.5,17.35,51.9,23.7,46.15,136.0,25.3,13.6,16.0,24.1,58.3,243.0,327.5,27.35,41.45,29.4,20.1,24.25,242.5,225.0,242.5,40.5,11.25,129.5,,21.5,70.6,17.45,,340.5,225.0,19.6,14.2,98.5,35.65,19.7,19.2,60.6,22.05,214.5,118.0,36.8,39.15,68.3,137.5,50.4,80.4,62.2,225.5,53.3,12.4,107.5,129.0,28.05,21.6,67.7,232.5,225.0,171.5,39.65,45.85,12.1,32.3,10.5,16.1,15.5,30.45,223.0,17.6,31.4,10.2,28.85,10.75,10.05,12.3,17.6,47.55,47.3,9.94,20.4,15.3,25.75,13.4,9.76,10.3,19.9,19.8,313.0,84.8,3320.0,66.2,139.5,81.1,108.0,48.85,19.0,205.0,198.5,10.25,139.5,49.8,7.88,36.65,27.3,72.6,45.7,51.2,120.0,81.4,38.55,34.35,96.4,17.75,7.15,83.8,70.4,78.7,80.6,505.0,266.0,475.0,173.5,96.3,112.0,199.5,253.5,31.05,182.0,134.0,87.1,146.0,44.35,50.0,91.0,47.45
34.9,33.0,69.6,49.25,98.6,72.5,11.95,38.2,105.0,28.65,34.0,343.0,170.0,18.1,123.5,334.5,17.35,51.9,23.7,46.15,136.0,25.3,13.6,15.95,24.05,58.3,243.0,327.5,27.35,41.4,29.4,20.1,24.25,242.5,225.0,242.5,40.5,11.25,129.5,,21.5,70.7,17.45,,341.0,224.5,19.6,14.2,98.9,35.65,19.65,19.2,60.6,22.1,214.5,118.0,36.75,39.2,68.4,137.5,50.3,80.4,62.2,225.5,53.3,12.35,107.0,129.0,28.0,21.6,67.7,232.5,225.5,171.5,39.65,45.85,12.1,32.3,10.5,16.1,15.45,30.45,223.0,17.6,31.4,10.2,28.85,10.75,10.05,12.3,17.6,47.5,47.3,9.94,20.35,15.3,25.75,13.4,9.76,10.3,19.85,19.8,313.0,84.8,3320.0,66.2,139.0,81.1,107.5,48.9,19.0,205.0,198.0,10.25,140.0,49.75,7.87,36.65,27.3,72.8,45.65,51.2,120.0,81.5,38.55,34.35,96.3,17.75,7.15,83.8,70.4,78.7,80.7,505.0,266.0,475.0,173.5,96.4,112.0,199.5,253.5,31.1,181.5,134.0,87.1,146.0,44.35,50.0,91.0,47.45
34.9,33.05,69.5,49.25,98.6,72.5,11.95,38.2,105.5,28.65,34.0,343.0,170.0,18.1,123.5,334.5,17.3,51.9,23.7,46.1,136.0,25.3,13.6,15.95,24.05,58.3,243.0,326.5,27.35,41.4,29.4,20.1,24.25,242.5,225.0,242.5,40.5,11.2,129.0,,21.5,70.6,17.45,,341.5,224.5,19.6,14.2,98.9,35.7,19.7,19.25,60.6,22.1,214.5,118.0,36.75,39.2,68.3,137.5,50.4,80.4,62.2,225.5,53.2,12.4,107.5,129.0,28.05,21.55,67.7,232.5,225.0,171.5,39.65,45.8,12.1,32.3,10.5,16.1,15.5,30.45,223.0,17.6,31.4,10.2,28.85,10.8,10.1,12.3,17.6,47.45,47.3,9.94,20.4,15.3,25.75,13.4,9.75,10.35,19.9,19.8,313.0,84.8,3320.0,66.2,139.5,81.2,108.0,49.0,19.0,205.0,198.0,10.25,140.0,49.75,7.87,36.65,27.3,72.6,45.65,51.2,120.0,81.5,38.55,34.35,96.2,17.8,7.15,83.8,70.3,78.6,80.7,505.0,266.0,475.0,173.5,96.5,112.5,199.5,253.0,31.1,181.5,133.5,87.1,146.0,44.35,50.0,91.0,47.45
34.9,33.0,69.5,49.25,98.6,72.4,11.9,38.2,105.5,28.65,34.0,342.5,170.0,18.1,123.5,334.5,17.3,51.9,23.7,46.1,136.0,25.3,13.6,15.95,24.1,58.3,243.0,326.5,27.35,41.35,29.4,20.1,24.2,242.5,225.0,242.5,40.5,11.25,129.0,,21.5,70.7,17.45,,340.5,224.5,19.6,14.15,98.9,35.65,19.65,19.2,60.6,22.1,214.5,118.0,36.75,39.2,68.4,137.5,50.3,80.4,62.2,225.5,53.3,12.35,107.0,129.0,28.1,21.6,67.7,232.5,225.0,171.5,39.65,45.8,12.1,32.3,10.5,16.1,15.5,30.45,223.0,17.6,31.35,10.2,28.85,10.8,10.1,12.3,17.6,47.5,47.3,9.95,20.4,15.3,25.7,13.4,9.75,10.3,19.9,19.8,313.0,84.8,3320.0,66.2,139.5,81.2,108.0,49.0,19.0,205.0,198.0,10.25,140.0,49.75,7.87,36.65,27.3,72.8,45.6,51.2,119.5,81.4,38.55,34.35,96.2,17.8,7.15,83.9,70.3,78.6,80.7,505.0,266.0,475.0,173.5,96.5,112.5,199.5,253.0,31.1,181.5,133.5,87.1,146.5,44.35,50.0,91.0,47.45
34.9,33.0,69.5,49.25,98.7,72.5,11.9,38.2,105.0,28.7,33.95,342.5,170.0,18.15,123.5,334.5,17.3,52.0,23.7,46.1,136.0,25.3,13.6,15.95,24.1,58.3,243.0,326.5,27.35,41.35,29.4,20.1,24.25,242.5,225.0,243.0,40.5,11.25,129.0,,21.5,70.7,17.5,,340.5,225.0,19.6,14.2,98.9,35.7,19.65,19.2,60.6,22.1,214.5,118.0,36.75,39.15,68.4,137.5,50.4,80.4,62.3,225.5,53.3,12.35,107.5,129.0,28.1,21.55,67.7,233.0,225.0,171.5,39.6,45.8,12.1,32.3,10.45,16.1,15.45,30.45,223.0,17.6,31.35,10.2,28.85,10.75,10.1,12.3,17.6,47.5,47.3,9.94,20.4,15.3,25.75,13.4,9.76,10.3,19.9,19.8,313.5,84.8,3320.0,66.2,139.5,81.1,108.0,48.95,19.0,205.0,198.0,10.25,140.0,49.7,7.85,36.65,27.3,72.6,45.6,51.2,119.5,81.4,38.55,34.35,96.4,17.8,7.15,83.9,70.3,78.6,80.8,505.0,266.0,475.5,173.5,96.6,112.0,199.5,253.0,31.1,182.0,133.5,87.1,146.5,44.35,50.0,91.0,47.4
34.85,33.0,69.5,49.25,98.7,72.5,11.9,38.2,105.0,28.65,33.95,343.0,170.0,18.15,123.5,335.0,17.3,52.0,23.7,46.1,136.0,25.3,13.6,15.95,24.1,58.3,243.0,326.5,27.4,41.35,29.4,20.05,24.25,242.5,225.0,243.0,40.5,11.25,129.0,,21.45,70.6,17.45,,340.5,225.0,19.65,14.2,98.9,35.7,19.65,19.25,60.7,22.05,214.5,118.0,36.75,39.1,68.4,137.5,50.3,80.4,62.3,225.5,53.2,12.35,107.0,129.0,28.05,21.6,67.7,233.0,225.0,171.5,39.65,45.85,12.1,32.3,10.45,16.1,15.45,30.45,223.5,17.6,31.35,10.2,28.85,10.75,10.05,12.3,17.6,47.5,47.3,9.94,20.35,15.3,25.7,13.4,9.75,10.3,19.9,19.8,313.5,84.8,3325.0,66.2,139.5,81.0,108.0,49.0,19.0,205.0,198.0,10.25,140.0,49.7,7.85,36.65,27.3,72.6,45.6,51.1,120.0,81.4,38.55,34.35,96.4,17.8,7.14,83.9,70.3,78.6,80.8,505.0,266.0,474.5,173.5,96.7,112.0,199.5,252.5,31.1,182.0,134.0,87.1,146.5,44.35,50.0,91.0,47.4
34.85,33.05,69.5,49.3,98.6,72.4,11.9,38.2,105.0,28.7,33.95,342.5,170.0,18.15,123.5,335.0,17.3,52.0,23.7,46.1,136.0,25.3,13.6,15.95,24.05,58.3,243.0,326.5,27.4,41.35,29.4,20.05,24.25,242.5,225.0,243.0,40.5,11.25,129.0,,21.45,70.6,17.45,,341.0,224.5,19.6,14.2,98.9,35.65,19.65,19.2,60.6,22.1,214.5,118.0,36.75,39.1,68.4,137.5,50.4,80.4,62.3,225.5,53.3,12.35,107.5,129.0,28.1,21.6,67.8,232.5,225.0,171.5,39.7,45.85,12.1,32.3,10.5,16.1,15.5,30.4,224.0,17.6,31.35,10.2,28.85,10.8,10.05,12.3,17.6,47.45,47.3,9.94,20.4,15.3,25.7,13.4,9.75,10.3,19.9,19.8,313.5,84.7,3325.0,66.2,139.0,81.1,108.0,49.0,19.0,205.0,197.5,10.25,140.5,49.8,7.85,36.65,27.3,72.6,45.55,51.2,120.0,81.4,38.55,34.35,96.3,17.8,7.14,83.9,70.3,78.7,80.8,505.0,266.5,474.5,173.5,96.7,112.0,199.5,253.0,31.1,182.0,134.0,87.1,147.0,44.35,50.0,91.0,47.4
34.9,33.0,69.5,49.3,98.6,72.5,11.9,38.2,105.0,28.65,33.95,342.5,170.0,18.15,123.5,334.0,17.3,52.0,23.7,46.1,136.0,25.3,13.6,15.95,24.1,58.3,243.0,326.5,27.4,41.35,29.4,20.05,24.25,242.5,225.0,243.0,40.5,11.25,129.5,,21.45,70.6,17.45,,340.5,224.5,19.6,14.2,98.9,35.65,19.7,19.25,60.6,22.1,214.5,118.0,36.75,39.1,68.4,137.0,50.3,80.4,62.3,225.5,53.3,12.35,107.0,128.5,28.1,21.6,67.8,232.5,225.0,171.0,39.65,45.8,12.1,32.3,10.5,16.1,15.45,30.35,225.0,17.6,31.35,10.2,28.85,10.75,10.05,12.3,17.6,47.5,47.3,9.93,20.4,15.3,25.75,13.4,9.75,10.3,19.9,19.8,313.5,84.7,3330.0,66.2,139.5,81.1,108.0,49.05,19.0,204.5,196.5,10.25,140.5,49.7,7.86,36.65,27.3,72.6,45.55,51.2,120.0,81.4,38.55,34.35,96.3,17.8,7.14,83.8,70.3,78.7,80.7,505.0,266.5,474.5,173.5,96.7,112.0,199.5,253.5,31.1,182.0,133.5,87.1,146.5,44.35,50.0,91.0,47.4
34.85,33.0,69.6,49.3,98.7,72.5,11.9,38.2,105.5,28.65,33.95,343.0,170.0,18.15,123.0,334.0,17.3,51.9,23.7,46.05,136.0,25.3,13.6,15.95,24.1,58.3,243.0,326.5,27.4,41.35,29.4,20.05,24.25,242.5,225.0,242.5,40.5,11.2,129.5,,21.45,70.6,17.45,,341.0,224.5,19.6,14.2,98.9,35.7,19.7,19.25,60.6,22.1,214.5,118.0,36.75,39.15,68.4,137.5,50.3,80.4,62.2,225.5,53.3,12.35,107.5,128.5,28.1,21.55,67.8,232.5,225.0,171.0,39.6,45.85,12.1,32.3,10.5,16.1,15.5,30.35,225.0,17.6,31.35,10.2,28.85,10.8,10.05,12.3,17.6,47.45,47.3,9.94,20.35,15.3,25.75,13.4,9.76,10.35,19.9,19.8,313.0,84.8,3325.0,66.3,139.5,81.0,108.0,49.0,19.0,204.5,197.0,10.25,139.5,49.7,7.86,36.65,27.3,72.6,45.55,51.2,119.5,81.4,38.55,34.35,96.3,17.8,7.14,83.8,70.3,78.7,80.7,505.0,266.5,474.0,173.5,96.7,112.5,199.5,253.5,31.1,181.5,133.5,87.1,146.5,44.35,50.0,91.0,47.4
34.9,33.0,69.5,49.3,98.6,72.5,11.9,38.2,105.0,28.65,34.0,343.5,170.0,18.15,123.0,334.0,17.3,51.9,23.7,46.1,136.0,25.3,13.6,15.95,24.05,58.3,242.5,326.5,27.4,41.35,29.4,20.1,24.25,242.5,225.0,242.5,40.5,11.2,129.5,,21.45,70.5,17.45,,341.0,224.5,19.6,14.2,98.9,35.7,19.7,19.2,60.6,22.05,214.5,118.0,36.75,39.15,68.4,137.5,50.3,80.6,62.2,226.0,53.3,12.35,107.0,128.5,28.1,21.6,67.8,232.5,225.0,171.5,39.6,45.85,12.1,32.3,10.5,16.1,15.5,30.4,225.5,17.6,31.35,10.2,28.8,10.75,10.1,12.3,17.6,47.45,47.3,9.95,20.35,15.3,25.7,13.4,9.75,10.3,19.9,19.8,313.5,84.8,3335.0,66.3,139.5,81.0,107.5,48.95,19.0,205.0,197.5,10.25,139.5,49.7,7.85,36.65,27.3,72.6,45.55,51.2,119.5,81.1,38.55,34.35,96.3,17.8,7.14,83.8,70.3,78.7,80.8,505.0,266.5,474.0,173.5,96.7,112.5,199.5,253.5,31.1,181.5,133.5,87.1,146.5,44.35,50.0,91.0,47.4
34.85,33.05,69.5,49.3,98.7,72.4,11.9,38.2,105.5,28.65,34.0,343.0,170.0,18.1,123.5,334.0,17.25,51.9,23.7,46.05,136.0,25.3,13.6,15.95,24.1,58.3,242.5,326.5,27.4,41.35,29.4,20.1,24.2,242.5,225.0,242.5,40.5,11.2,129.0,,21.45,70.6,17.45,,341.0,224.5,19.65,14.2,98.9,35.65,19.7,19.2,60.6,22.05,214.5,118.0,36.7,39.1,68.4,137.5,50.4,80.6,62.2,226.0,53.3,12.4,107.0,128.5,28.1,21.55,67.8,232.5,225.0,171.5,39.6,45.85,12.1,32.3,10.5,16.1,15.45,30.4,225.5,17.6,31.35,10.2,28.85,10.75,10.05,12.3,17.6,47.45,47.3,9.95,20.35,15.3,25.7,13.4,9.75,10.3,19.9,19.8,313.5,84.8,3335.0,66.2,139.5,81.0,107.5,48.9,18.95,204.5,197.0,10.25,139.5,49.75,7.84,36.65,27.3,72.6,45.5,51.2,120.0,81.3,38.55,34.35,96.3,17.8,7.14,83.8,70.3,78.7,80.8,505.0,266.5,474.0,173.5,96.7,112.5,199.5,253.5,31.1,181.5,133.5,87.1,146.5,44.35,50.0,91.0,47.4
34.85,33.0,69.6,49.3,98.6,72.4,11.9,38.2,105.0,28.65,34.05,343.0,170.0,18.1,123.5,334.0,17.25,51.9,23.7,46.05,136.0,25.3,13.6,15.9,24.1,58.3,243.0,326.5,27.4,41.35,29.4,20.1,24.25,242.5,225.0,242.5,40.5,11.25,129.5,,21.45,70.6,17.45,,340.5,224.5,19.6,14.2,98.8,35.65,19.7,19.2,60.6,22.05,214.5,118.0,36.7,39.15,68.5,137.5,50.3,80.6,62.2,226.0,53.3,12.35,107.0,128.5,28.1,21.6,67.8,232.5,225.5,171.5,39.55,45.85,12.1,32.3,10.5,16.1,15.5,30.4,225.5,17.6,31.35,10.2,28.85,10.8,10.05,12.3,17.6,47.4,47.25,9.93,20.4,15.3,25.75,13.4,9.75,10.3,19.9,19.8,313.5,84.7,3335.0,66.4,139.5,81.0,107.5,48.85,18.95,204.5,197.0,10.2,139.5,49.7,7.84,36.65,27.3,72.6,45.5,51.1,120.0,81.1,38.55,34.35,96.3,17.8,7.14,83.8,70.3,78.7,80.7,505.0,265.5,474.0,173.0,96.6,112.5,199.5,253.5,31.1,181.5,133.5,87.1,146.5,44.35,50.0,91.0,47.4
34.85,33.0,69.5,49.3,98.6,72.4,11.9,38.2,105.0,28.7,34.05,343.0,170.0,18.1,123.5,334.0,17.25,51.9,23.7,46.1,136.0,25.3,13.6,15.9,24.1,58.3,243.0,326.5,27.4,41.35,29.4,20.1,24.25,242.5,225.0,242.5,40.5,11.25,129.0,,21.45,70.6,17.45,,340.5,225.0,19.6,14.2,98.9,35.65,19.65,19.2,60.6,22.1,214.5,118.0,36.65,39.15,68.5,137.5,50.4,80.6,62.2,225.5,53.3,12.4,107.5,128.5,28.05,21.55,67.8,232.5,225.0,171.0,39.55,45.85,12.05,32.3,10.5,16.1,15.5,30.4,225.5,17.6,31.4,10.2,28.85,10.75,10.05,12.35,17.6,47.45,47.3,9.94,20.4,15.3,25.75,13.4,9.75,10.3,19.9,19.8,313.5,84.7,3335.0,66.4,139.5,81.0,107.5,48.85,19.0,204.5,197.5,10.2,139.5,49.65,7.84,36.65,27.3,72.6,45.5,51.1,120.0,81.0,38.55,34.3,96.3,17.8,7.14,83.8,70.3,78.7,80.8,505.0,265.5,474.0,173.0,96.5,112.5,199.5,253.5,31.05,181.5,133.5,87.1,146.5,44.35,50.0,91.0,47.4
34.9,33.0,69.6,49.3,98.7,72.4,11.9,38.2,105.0,28.65,34.05,343.0,170.0,18.15,123.5,334.0,17.25,51.9,23.7,46.1,136.0,25.3,13.6,15.95,24.05,58.3,243.0,326.5,27.4,41.35,29.4,20.05,24.2,242.5,225.0,242.5,40.5,11.25,129.0,,21.45,70.6,17.5,,341.0,224.5,19.6,14.2,99.0,35.65,19.7,19.2,60.6,22.1,214.5,118.0,36.7,39.15,68.5,137.5,50.3,80.6,62.2,226.5,53.3,12.35,107.0,128.5,28.0,21.6,67.8,232.5,225.5,171.0,39.55,45.85,12.1,32.3,10.5,16.05,15.45,30.4,225.5,17.6,31.4,10.2,28.85,10.75,10.05,12.35,17.6,47.45,47.3,9.94,20.4,15.3,25.75,13.4,9.76,10.3,19.9,19.75,313.0,84.8,3325.0,66.4,139.0,81.0,107.5,48.95,19.0,205.0,197.5,10.25,139.5,49.65,7.84,36.65,27.3,72.6,45.5,51.2,120.0,81.2,38.55,34.3,96.3,17.75,7.14,83.8,70.3,78.6,80.8,505.0,265.5,474.0,173.0,96.5,112.5,199.5,253.5,31.1,181.5,134.0,87.1,146.5,44.3,50.0,91.0,47.4
34.85,33.05,69.6,49.3,98.7,72.5,11.9,38.2,105.5,28.65,34.05,343.0,170.0,18.1,123.5,334.0,17.25,51.9,23.7,46.1,136.0,25.3,13.6,15.95,24.1,58.3,243.0,326.5,27.4,41.35,29.4,20.05,24.2,242.5,225.0,242.5,40.5,11.2,129.0,,21.4,70.6,17.45,,341.0,224.5,19.6,14.15,99.0,35.65,19.7,19.25,60.6,22.1,214.5,118.0,36.75,39.15,68.5,137.5,50.4,80.6,62.2,226.5,53.3,12.4,107.5,128.5,28.0,21.6,67.8,232.5,225.5,171.0,39.55,45.85,12.1,32.3,10.5,16.1,15.5,30.4,225.5,17.6,31.4,10.2,28.85,10.8,10.05,12.35,17.6,47.45,47.3,9.94,20.4,15.3,25.75,13.35,9.75,10.3,19.9,19.8,313.0,84.8,3325.0,66.4,139.0,81.0,108.0,48.9,19.0,205.0,197.5,10.25,139.5,49.65,7.84,36.6,27.3,72.6,45.5,51.2,120.0,81.0,38.5,34.3,96.3,17.8,7.15,83.9,70.3,78.6,80.8,505.0,265.5,474.0,173.0,96.4,112.5,199.5,253.5,31.1,181.5,134.0,87.1,147.0,44.3,50.0,91.0,47.4
34.85,33.0,69.5,49.3,98.6,72.5,11.9,38.2,105.5,28.65,34.05,343.0,170.0,18.1,123.5,334.0,17.25,51.9,23.7,46.1,136.0,25.3,13.6,15.95,24.1,58.3,243.0,326.5,27.4,41.35,29.4,20.05,24.2,242.5,225.0,242.5,40.45,11.25,129.5,,21.4,70.6,17.45,,340.5,224.5,19.6,14.15,98.9,35.65,19.7,19.2,60.5,22.1,214.5,118.0,36.8,39.15,68.6,137.5,50.3,80.6,62.2,226.5,53.3,12.35,107.5,129.0,28.0,21.6,67.8,232.5,226.0,171.0,39.55,45.9,12.1,32.3,10.5,16.1,15.5,30.45,225.5,17.6,31.4,10.2,28.85,10.8,10.05,12.3,17.6,47.45,47.3,9.95,20.35,15.3,25.75,13.35,9.76,10.3,19.9,19.8,313.0,84.8,3325.0,66.4,139.5,81.0,108.0,49.0,19.0,205.0,197.5,10.25,139.5,49.65,7.85,36.6,27.3,72.6,45.5,51.2,120.0,81.0,38.5,34.3,96.2,17.8,7.15,83.8,70.3,78.7,80.8,505.0,265.5,474.0,173.0,96.4,112.0,199.5,253.5,31.1,182.0,133.5,87.1,147.0,44.3,50.0,91.0,47.4
34.9,33.0,69.6,49.3,98.6,72.5,11.9,38.2,105.5,28.7,34.05,343.0,170.0,18.1,123.5,334.0,17.25,51.9,23.7,46.1,136.0,25.3,13.6,15.95,24.1,58.3,243.0,326.5,27.4,41.35,29.4,20.05,24.2,242.5,225.0,242.5,40.45,11.2,129.5,,21.4,70.6,17.5,,339.5,224.5,19.6,14.15,98.9,35.65,19.7,19.25,60.5,22.05,214.5,118.0,36.8,39.1,68.5,138.0,50.3,80.6,62.2,225.5,53.3,12.35,107.5,129.0,28.0,21.55,67.8,232.5,226.0,171.0,39.6,45.9,12.1,32.3,10.5,16.1,15.5,30.4,225.5,17.6,31.4,10.2,28.85,10.8,10.05,12.3,17.65,47.45,47.25,9.94,20.4,15.3,25.75,13.4,9.76,10.3,19.9,19.8,313.5,84.7,3315.0,66.4,139.0,81.0,108.0,48.95,19.0,205.0,197.5,10.25,139.5,49.65,7.85,36.6,27.3,72.7,45.45,51.2,120.0,80.9,38.5,34.3,96.3,17.8,7.14,83.8,70.2,78.7,80.8,505.0,265.5,475.0,173.0,96.4,112.0,199.5,253.5,31.1,182.0,133.5,87.1,147.0,44.3,50.0,91.0,47.35
34.9,33.0,69.5,49.3,98.6,72.4,11.9,38.2,105.0,28.65,34.05,343.0,170.0,18.15,123.5,334.0,17.25,51.9,23.7,46.1,136.0,25.3,13.6,15.9,24.1,58.3,243.0,326.5,27.4,41.35,29.4,20.05,24.25,242.5,225.0,242.5,40.45,11.25,129.0,,21.45,70.6,17.45,,339.5,224.5,19.6,14.2,98.9,35.65,19.7,19.2,60.5,22.05,214.5,118.0,36.8,39.15,68.6,137.5,50.3,80.6,62.2,225.5,53.2,12.35,107.0,128.5,28.0,21.55,67.8,232.5,225.5,171.0,39.5,45.85,12.1,32.3,10.5,16.1,15.5,30.4,225.5,17.6,31.4,10.2,28.85,10.8,10.05,12.3,17.6,47.45,47.3,9.94,20.4,15.35,25.75,13.4,9.75,10.3,19.9,19.8,313.5,84.5,3315.0,66.4,139.0,81.0,108.0,48.8,19.0,205.0,197.5,10.25,139.5,49.65,7.85,36.65,27.3,72.7,45.45,51.1,120.0,80.9,38.5,34.3,96.3,17.8,7.14,83.9,70.2,78.5,80.8,505.0,265.5,475.0,173.0,96.4,112.0,199.5,253.5,31.1,182.0,133.5,87.1,147.0,44.3,50.0,91.0,47.35
34.85,33.05,69.6,49.3,98.6,72.5,11.9,38.2,105.0,28.65,34.05,343.0,170.0,18.1,123.5,334.0,17.25,51.9,23.7,46.1,136.5,25.3,13.6,15.9,24.05,58.3,242.5,326.5,27.4,41.35,29.4,20.05,24.25,242.5,225.0,242.5,40.45,11.25,129.0,,21.4,70.6,17.45,,340.0,224.5,19.55,14.2,98.8,35.65,19.65,19.2,60.6,22.05,214.5,118.0,36.8,39.15,68.6,137.5,50.4,80.6,62.3,225.5,53.3,12.4,107.5,128.5,28.0,21.55,68.0,232.5,225.5,171.0,39.55,45.85,12.1,32.3,10.5,16.1,15.5,30.45,225.5,17.6,31.4,10.2,28.85,10.75,10.1,12.3,17.6,47.45,47.3,9.94,20.4,15.3,25.75,13.4,9.75,10.3,19.9,19.8,313.0,84.4,3315.0,66.2,139.0,81.1,108.0,48.75,19.0,204.5,197.5,10.25,139.5,49.65,7.83,36.65,27.3,72.6,45.4,51.2,120.0,80.8,38.5,34.3,96.3,17.8,7.14,84.0,70.2,78.5,80.7,505.0,265.5,475.0,173.0,96.4,112.5,199.5,253.5,31.1,182.0,133.5,87.1,146.5,44.3,50.0,91.0,47.4
34.9,33.0,69.5,49.3,98.6,72.4,11.9,38.2,105.0,28.65,34.1,343.0,170.0,18.15,123.5,334.0,17.25,51.9,23.7,46.1,136.5,25.3,13.6,15.9,24.1,58.3,243.0,326.5,27.4,41.35,29.4,20.05,24.25,242.5,225.0,242.5,40.45,11.25,129.0,,21.4,70.6,17.5,,340.0,224.5,19.6,14.2,98.6,35.65,19.65,19.2,60.7,22.05,214.5,118.0,36.85,39.15,68.6,138.0,50.4,80.6,62.3,225.5,53.3,12.35,107.0,128.5,28.0,21.55,68.0,232.5,225.0,171.0,39.55,45.85,12.05,32.3,10.5,16.1,15.45,30.45,225.5,17.6,31.4,10.2,28.8,10.75,10.1,12.3,17.6,47.45,47.3,9.94,20.4,15.3,25.75,13.4,9.75,10.3,19.9,19.8,313.0,84.4,3315.0,66.2,139.5,81.1,108.0,48.75,19.0,204.5,197.5,10.25,139.5,49.6,7.81,36.65,27.3,72.6,45.4,51.1,120.0,80.8,38.5,34.3,96.3,17.8,7.14,84.0,70.2,78.5,80.9,505.0,265.5,475.0,173.0,96.4,112.5,199.5,253.5,31.1,182.5,133.5,87.1,146.5,44.3,50.0,91.0,47.4
34.9,33.0,69.6,49.3,98.6,72.4,11.9,38.2,105.0,28.65,34.1,342.5,170.0,18.15,123.5,334.0,17.25,51.9,23.75,46.1,136.5,25.3,13.6,15.9,24.1,58.3,243.0,326.5,27.4,41.35,29.4,20.05,24.25,242.5,225.0,242.5,40.45,11.2,129.0,,21.4,70.6,17.45,,340.5,224.5,19.55,14.2,98.6,35.7,19.7,19.2,60.7,22.1,214.5,118.0,36.8,39.1,68.5,138.0,50.4,80.6,62.3,225.5,53.4,12.4,107.5,128.5,28.0,21.55,68.0,233.0,225.0,171.0,39.55,45.85,12.05,32.3,10.5,16.1,15.5,30.4,225.5,17.6,31.4,10.2,28.8,10.8,10.05,12.3,17.6,47.45,47.25,9.95,20.35,15.3,25.75,13.4,9.75,10.3,19.9,19.8,313.0,84.4,3315.0,66.2,139.0,81.1,108.0,48.8,19.0,204.5,197.0,10.25,139.5,49.6,7.79,36.65,27.3,72.6,45.45,51.1,120.0,80.8,38.5,34.3,96.3,17.8,7.15,84.0,70.3,78.5,80.8,505.0,265.5,475.0,173.0,96.5,112.5,199.5,253.5,31.1,182.5,133.5,87.1,146.5,44.3,50.0,91.0,47.35
34.9,33.0,69.6,49.3,98.5,72.4,11.9,38.2,105.0,28.65,34.1,342.5,170.0,18.15,123.5,334.0,17.25,51.9,23.75,46.1,136.5,25.3,13.6,15.95,24.1,58.3,243.0,326.5,27.4,41.35,29.4,20.05,24.2,242.5,225.0,242.5,40.45,11.25,129.0,,21.4,70.6,17.45,,340.5,224.0,19.6,14.2,98.5,35.65,19.7,19.2,60.7,22.1,214.5,118.0,36.85,39.15,68.6,137.5,50.4,80.6,62.3,226.5,53.3,12.35,107.0,128.5,28.0,21.55,68.0,233.0,225.0,171.0,39.6,45.85,12.05,32.3,10.5,16.1,15.5,30.4,225.5,17.6,31.4,10.15,28.85,10.8,10.05,12.3,17.6,47.45,47.3,9.94,20.4,15.3,25.75,13.4,9.75,10.3,19.85,19.8,313.5,84.5,3315.0,66.2,139.0,81.1,108.0,48.85,18.95,205.0,197.0,10.2,139.5,49.6,7.77,36.6,27.3,72.6,45.45,51.1,120.0,80.9,38.5,34.35,96.3,17.8,7.15,84.0,70.2,78.4,80.8,505.0,265.5,475.0,173.0,96.5,112.5,199.5,253.0,31.1,182.5,133.5,87.1,146.5,44.3,50.0,91.0,47.3
34.9,33.05,69.6,49.3,98.6,72.4,11.9,38.25,105.5,28.7,34.1,342.5,170.0,18.15,123.5,334.0,17.2,51.9,23.75,46.1,136.5,25.3,13.6,15.95,24.05,58.3,242.5,326.5,27.4,41.35,29.4,20.05,24.25,242.5,225.0,242.5,40.5,11.25,129.0,,21.4,70.6,17.5,,340.0,224.0,19.55,14.2,98.4,35.65,19.7,19.2,60.7,22.05,214.5,118.0,36.85,39.15,68.6,137.5,50.4,80.6,62.3,226.5,53.4,12.4,107.5,129.0,28.05,21.45,68.0,233.0,225.0,171.5,39.6,45.85,12.05,32.3,10.5,16.1,15.45,30.45,225.0,17.6,31.35,10.15,28.85,10.75,10.05,12.3,17.65,47.4,47.3,9.94,20.35,15.3,25.7,13.4,9.76,10.3,19.9,19.8,313.5,84.5,3315.0,66.2,139.5,81.1,108.0,48.9,18.95,205.0,197.0,10.25,140.0,49.6,7.8,36.65,27.3,72.6,45.5,51.2,120.0,80.8,38.5,34.35,96.3,17.8,7.14,84.0,70.2,78.4,80.7,505.0,265.5,475.0,173.0,96.5,112.5,199.5,253.0,31.05,182.5,134.0,87.1,146.5,44.3,50.0,91.0,47.3
34.85,33.05,69.6,49.3,98.6,72.4,11.9,38.25,105.5,28.65,34.1,342.5,170.0,18.15,123.5,334.0,17.25,51.9,23.7,46.15,136.5,25.3,13.6,15.9,24.1,58.3,242.5,326.0,27.4,41.35,29.4,20.05,24.25,242.5,225.0,242.5,40.45,11.2,129.0,,21.4,70.5,17.45,,340.5,224.0,19.6,14.2,98.5,35.65,19.7,19.2,60.7,22.05,214.5,118.5,36.85,39.15,68.6,138.0,50.3,80.6,62.3,225.5,53.4,12.35,107.0,129.0,28.05,21.4,68.0,232.5,225.0,171.5,39.6,45.85,12.05,32.3,10.5,16.1,15.45,30.4,225.5,17.6,31.35,10.15,28.85,10.75,10.05,12.3,17.65,47.45,47.3,9.94,20.4,15.3,25.7,13.4,9.76,10.3,19.9,19.8,313.5,84.5,3315.0,66.2,139.5,81.1,108.0,48.9,19.0,205.0,197.5,10.25,140.0,49.6,7.78,36.65,27.3,72.7,45.5,51.1,119.5,80.9,38.5,34.35,96.3,17.8,7.15,84.0,70.2,78.4,80.7,505.0,265.5,475.0,172.5,96.5,112.5,199.5,253.0,31.1,182.5,133.5,87.1,146.5,44.3,49.95,91.0,47.3
34.9,33.1,69.5,49.3,98.6,72.4,11.9,38.25,105.0,28.65,34.1,342.5,170.0,18.1,123.0,334.0,17.25,51.9,23.65,46.15,136.5,25.3,13.6,15.9,24.05,58.3,242.5,328.0,27.4,41.35,29.4,20.05,24.25,242.5,225.0,242.5,40.45,11.25,129.0,,21.4,70.6,17.45,,341.0,224.0,19.55,14.15,98.5,35.6,19.7,19.25,60.6,22.05,215.0,118.5,36.85,39.15,68.6,138.0,50.3,80.6,62.2,226.0,53.4,12.4,107.0,129.0,28.1,21.4,68.0,232.5,225.0,171.5,39.6,45.85,12.05,32.3,10.5,16.1,15.5,30.4,225.5,17.6,31.35,10.15,28.85,10.75,10.05,12.3,17.65,47.45,47.3,9.94,20.4,15.3,25.75,13.4,9.76,10.3,19.9,19.8,313.5,84.4,3315.0,66.2,139.5,81.1,108.0,48.9,18.95,205.0,198.0,10.25,140.0,49.55,7.79,36.6,27.3,72.6,45.5,51.1,119.5,81.0,38.5,34.35,96.3,17.8,7.14,84.1,70.2,78.4,80.8,505.0,265.5,475.0,172.5,96.4,112.5,199.5,254.0,31.1,182.5,133.5,87.1,146.5,44.3,49.95,91.0,47.3
34.9,33.05,69.6,49.3,98.6,72.4,11.9,38.25,105.0,28.65,34.05,342.5,170.0,18.15,123.0,334.5,17.2,51.9,23.7,46.15,136.5,25.3,13.6,15.9,24.05,58.3,242.0,328.5,27.4,41.35,29.4,20.05,24.2,242.5,225.0,242.5,40.45,11.25,129.5,,21.4,70.6,17.45,,341.5,224.5,19.6,14.2,98.6,35.6,19.7,19.2,60.6,22.05,214.5,118.5,36.9,39.15,68.6,137.5,50.3,80.6,62.2,226.0,53.4,12.35,107.5,129.0,28.1,21.45,68.0,232.5,225.0,171.5,39.65,45.85,12.05,32.3,10.55,16.1,15.45,30.45,225.5,17.6,31.35,10.15,28.85,10.8,10.05,12.3,17.65,47.45,47.3,9.93,20.35,15.3,25.75,13.4,9.75,10.3,19.9,19.8,313.0,84.8,3315.0,66.3,139.5,81.1,108.0,49.0,18.95,205.0,198.0,10.25,140.0,49.65,7.81,36.6,27.3,72.6,45.5,51.1,119.5,81.4,38.5,34.35,96.3,17.8,7.14,84.1,70.3,78.5,80.8,505.0,265.5,475.0,172.5,96.4,112.5,199.5,253.5,31.1,182.5,133.5,87.1,146.5,44.3,49.95,91.0,47.35
34.9,33.1,69.6,49.3,98.6,72.4,11.9,38.25,105.0,28.65,34.05,342.5,169.5,18.15,123.0,334.5,17.25,51.9,23.7,46.15,136.5,25.35,13.6,15.9,24.05,58.3,242.0,329.0,27.4,41.35,29.4,20.05,24.2,242.5,225.0,242.0,40.45,11.25,129.5,,21.45,70.5,17.45,,341.5,224.5,19.6,14.2,98.6,35.6,19.75,19.2,60.6,22.1,214.5,118.5,36.85,39.15,68.6,138.0,50.3,80.6,62.2,226.0,53.3,12.4,107.0,129.0,28.05,21.4,68.0,232.5,225.0,172.0,39.7,45.85,12.05,32.3,10.55,16.1,15.5,30.45,225.5,17.6,31.35,10.15,28.85,10.75,10.05,12.3,17.65,47.45,47.3,9.94,20.35,15.3,25.7,13.4,9.75,10.3,19.9,19.8,313.0,84.8,3315.0,66.5,139.5,81.2,108.0,49.05,18.95,205.0,197.5,10.2,139.5,49.65,7.82,36.6,27.3,72.7,45.5,51.1,120.0,81.4,38.5,34.35,96.3,17.8,7.14,84.1,70.3,78.5,80.8,505.0,265.5,475.0,172.5,96.4,112.5,199.5,253.5,31.1,182.5,134.0,87.1,146.5,44.3,49.95,91.0,47.35
34.95,33.05,69.6,49.3,98.6,72.3,11.9,38.2,105.0,28.65,34.05,342.5,170.0,18.1,123.0,334.5,17.25,51.9,23.7,46.15,136.5,25.35,13.6,15.9,24.1,58.3,242.5,329.0,27.4,41.3,29.4,20.05,24.2,243.0,225.0,242.0,40.45,11.25,129.0,,21.5,70.6,17.5,,341.0,224.5,19.6,14.2,98.8,35.6,19.75,19.15,60.6,22.1,214.5,118.5,36.85,39.15,68.5,137.5,50.3,80.6,62.2,226.0,53.3,12.35,107.0,128.5,28.05,21.35,68.0,232.5,225.0,171.5,39.7,45.85,12.05,32.3,10.45,16.1,15.45,30.45,225.0,17.6,31.35,10.15,28.85,10.75,10.05,12.3,17.65,47.4,47.3,9.95,20.35,15.3,25.75,13.4,9.74,10.3,19.9,19.8,313.0,84.8,3315.0,66.5,139.5,81.1,108.0,49.05,18.95,205.0,197.5,10.25,139.5,49.65,7.81,36.6,27.3,72.6,45.5,51.1,120.0,81.3,38.5,34.35,96.3,17.8,7.14,84.1,70.1,78.5,80.8,505.0,265.5,475.0,172.5,96.5,112.0,199.5,253.5,31.05,182.0,134.0,87.1,146.5,44.3,49.95,91.0,47.35
34.95,33.05,69.5,49.3,98.6,72.3,11.9,38.2,105.0,28.65,34.05,342.5,170.0,18.1,123.5,332.0,17.25,51.9,23.65,46.15,136.5,25.35,13.6,15.9,24.1,58.3,242.5,329.0,27.4,41.3,29.4,20.05,24.25,243.0,225.0,242.0,40.45,11.25,129.5,,21.5,70.5,17.45,,340.5,224.0,19.65,14.2,98.7,35.65,19.75,19.15,60.6,22.05,214.5,118.5,36.85,39.15,68.6,137.5,50.3,80.6,62.2,226.0,53.4,12.4,107.0,129.0,28.1,21.4,68.0,232.5,225.0,172.0,39.7,45.85,12.05,32.3,10.55,16.1,15.45,30.4,225.0,17.6,31.35,10.15,28.8,10.75,10.05,12.3,17.65,47.4,47.35,9.94,20.35,15.3,25.75,13.4,9.74,10.3,19.9,19.8,313.0,84.8,3310.0,66.4,139.5,81.1,108.0,49.1,18.95,205.0,197.5,10.25,139.5,49.65,7.81,36.6,27.3,72.6,45.5,51.1,120.5,81.4,38.5,34.35,96.3,17.8,7.14,84.4,70.1,78.5,80.8,505.0,265.5,476.0,172.5,96.5,112.0,199.5,254.5,31.05,182.0,133.5,87.1,146.5,44.3,49.9,91.0,47.35
34.9,33.05,69.6,49.3,98.6,72.3,11.9,38.2,105.0,28.65,34.1,342.5,170.0,18.15,123.5,331.0,17.25,51.9,23.65,46.15,136.5,25.35,13.6,15.9,24.1,58.3,242.5,329.0,27.4,41.3,29.4,20.05,24.2,243.0,225.0,242.0,40.5,11.25,129.0,,21.5,70.5,17.45,,341.0,224.5,19.65,14.2,98.7,35.65,19.75,19.15,60.7,22.05,214.5,118.0,36.85,39.15,68.5,137.5,50.4,80.6,62.2,225.5,53.3,12.35,107.5,129.0,28.0,21.45,68.0,232.5,225.0,171.5,39.65,45.85,12.05,32.3,10.55,16.1,15.45,30.45,225.0,17.6,31.35,10.15,28.85,10.75,10.05,12.3,17.65,47.45,47.3,9.94,20.35,15.3,25.7,13.4,9.74,10.3,19.9,19.8,313.0,84.8,3310.0,66.5,139.5,81.1,108.0,49.15,18.95,205.0,198.0,10.2,139.5,49.7,7.8,36.65,27.25,72.5,45.4,51.1,120.0,81.4,38.5,34.35,96.2,17.75,7.15,84.6,70.1,78.5,80.8,505.0,265.5,478.0,172.5,96.5,112.5,199.5,254.5,31.05,182.0,134.0,87.1,146.5,44.3,49.9,91.0,47.35
34.9,33.1,69.6,49.3,98.6,72.3,11.9,38.2,105.5,28.65,34.05,342.5,170.0,18.1,123.5,331.0,17.3,51.9,23.65,46.15,136.5,25.35,13.6,15.9,24.1,58.3,242.5,327.0,27.4,41.3,29.4,20.05,24.2,243.0,225.0,242.0,40.45,11.25,129.5,,21.5,70.6,17.45,,341.0,224.0,19.6,14.2,98.7,35.65,19.75,19.15,60.6,22.05,214.5,118.0,36.85,39.15,68.6,138.0,50.4,80.7,62.2,226.5,53.3,12.4,107.5,128.5,28.1,21.45,68.0,232.5,225.0,171.5,39.7,45.9,12.05,32.3,10.45,16.05,15.4,30.4,225.0,17.6,31.35,10.15,28.85,10.75,10.05,12.3,17.65,47.45,47.35,9.94,20.4,15.35,25.75,13.4,9.74,10.35,19.85,19.8,313.5,84.8,3310.0,66.6,139.0,81.1,108.0,49.1,19.0,205.0,198.0,10.25,139.5,49.65,7.81,36.65,27.25,72.5,45.5,51.1,120.0,81.2,38.5,34.35,96.2,17.75,7.14,84.5,70.1,78.4,80.9,505.0,265.5,478.0,172.5,96.5,112.5,199.5,254.5,31.1,182.0,134.0,87.1,146.5,44.3,49.9,91.0,47.35
34.9,33.05,69.5,49.3,98.6,72.4,11.9,38.2,105.5,28.65,34.05,342.5,170.0,18.1,123.5,331.5,17.3,51.9,23.65,46.15,136.5,25.4,13.6,15.9,24.05,58.3,242.5,328.0,27.4,41.3,29.4,20.05,24.2,243.0,225.0,242.0,40.45,11.2,129.5,,21.5,70.6,17.45,,341.0,224.0,19.6,14.2,98.7,35.65,19.7,19.15,60.7,22.1,214.5,118.0,36.85,39.15,68.5,138.0,50.4,80.7,62.2,226.5,53.3,12.4,107.5,128.5,28.05,21.5,68.0,232.5,225.0,171.5,39.75,45.9,12.05,32.3,10.5,16.05,15.4,30.4,225.0,17.6,31.35,10.15,28.85,10.8,10.05,12.3,17.65,47.45,47.3,9.93,20.4,15.3,25.75,13.4,9.74,10.3,19.9,19.8,313.5,84.7,3310.0,66.6,139.5,81.1,108.0,49.1,19.0,205.0,198.0,10.25,139.5,49.6,7.81,36.65,27.25,72.5,45.5,51.1,120.0,81.2,38.5,34.35,96.2,17.75,7.14,84.4,70.2,78.4,80.9,505.0,265.5,478.0,172.5,96.5,112.5,199.5,254.5,31.1,182.0,133.5,87.1,146.5,44.3,49.9,91.0,47.35
34.9,33.1,69.5,49.3,98.6,72.4,11.9,38.2,105.0,28.65,34.05,342.5,170.5,18.1,123.5,332.5,17.3,51.9,23.65,46.15,136.5,25.4,13.6,15.9,24.1,58.3,242.5,328.5,27.4,41.3,29.4,20.05,24.2,243.0,225.0,242.0,40.45,11.25,129.0,,21.5,70.6,17.45,,341.0,224.0,19.65,14.2,98.7,35.65,19.7,19.15,60.7,22.1,214.5,118.0,36.85,39.15,68.6,137.5,50.4,80.7,62.2,226.5,53.3,12.4,107.5,128.5,28.05,21.5,68.0,232.5,224.5,171.5,39.7,45.9,12.05,32.3,10.5,16.05,15.45,30.4,225.0,17.6,31.35,10.15,28.85,10.75,10.05,12.3,17.65,47.45,47.35,9.93,20.35,15.3,25.75,13.35,9.75,10.3,19.9,19.8,313.5,84.7,3310.0,66.5,139.5,81.0,108.0,49.1,19.0,205.0,197.5,10.25,139.5,49.6,7.82,36.65,27.25,72.7,45.45,51.1,120.0,81.4,38.5,34.35,96.3,17.8,7.14,84.5,70.1,78.4,80.9,505.0,265.5,480.0,172.0,96.5,112.5,199.5,255.0,31.1,182.0,133.5,87.1,146.5,44.3,49.9,91.0,47.35
34.9,33.1,69.6,49.3,98.6,72.4,11.9,38.2,105.0,28.65,34.1,342.5,170.5,18.1,123.5,333.0,17.3,51.9,23.65,46.15,136.5,25.4,13.6,15.9,24.05,58.3,242.5,326.5,27.4,41.3,29.4,20.05,24.25,243.0,225.0,242.0,40.45,11.25,129.0,,21.45,70.6,17.5,,341.0,224.5,19.65,14.2,98.7,35.65,19.7,19.15,60.6,22.05,214.5,118.5,36.85,39.15,68.6,138.0,50.4,80.7,62.2,226.5,53.3,12.35,107.0,128.5,28.05,21.5,68.0,232.5,224.5,171.5,39.65,45.9,12.05,32.3,10.5,16.05,15.45,30.45,225.0,17.6,31.35,10.15,28.85,10.8,10.05,12.3,17.65,47.45,47.35,9.93,20.4,15.3,25.75,13.4,9.75,10.3,19.9,19.8,313.0,84.7,3310.0,66.5,139.0,81.1,107.5,49.1,19.0,205.0,197.5,10.25,139.5,49.6,7.82,36.65,27.25,72.5,45.4,51.1,120.0,81.4,38.45,34.35,96.4,17.8,7.14,84.4,70.2,78.4,80.9,505.0,265.5,481.0,172.0,96.5,112.5,199.5,254.5,31.1,182.0,133.0,87.1,146.5,44.3,49.9,91.0,47.35
34.9,33.1,69.6,49.25,98.6,72.4,11.9,38.2,105.5,28.6,34.1,342.5,170.5,18.15,123.5,333.0,17.25,51.9,23.65,46.15,136.5,25.4,13.6,15.9,24.05,58.3,242.5,328.5,27.4,41.3,29.4,20.05,24.2,243.0,225.0,242.0,40.5,11.2,129.0,,21.45,70.6,17.5,,341.0,224.0,19.6,14.2,98.7,35.65,19.7,19.15,60.7,22.05,214.5,118.5,36.85,39.15,68.6,138.0,50.3,80.7,62.2,226.5,53.3,12.4,107.0,129.0,28.1,21.5,68.0,232.5,224.5,171.5,39.65,45.9,12.05,32.3,10.5,16.05,15.45,30.4,225.0,17.6,31.4,10.15,28.85,10.75,10.05,12.3,17.65,47.45,47.35,9.93,20.35,15.3,25.75,13.4,9.75,10.3,19.9,19.8,313.0,84.6,3310.0,66.5,139.5,81.1,107.5,49.05,19.0,205.0,198.0,10.25,139.5,49.65,7.85,36.6,27.25,72.5,45.35,51.1,120.0,81.4,38.45,34.35,96.4,17.8,7.14,84.5,70.2,78.4,80.9,505.0,265.5,482.0,172.0,96.4,112.5,199.5,254.5,31.05,182.0,133.5,87.1,146.5,44.3,49.9,91.0,47.35
34.85,33.1,69.6,49.25,98.6,72.4,11.9,38.2,105.0,28.6,34.1,342.5,170.5,18.15,123.5,332.5,17.25,51.9,23.65,46.15,136.5,25.45,13.6,15.95,24.05,58.3,242.5,326.5,27.4,41.3,29.4,20.05,24.2,243.0,225.0,242.0,40.45,11.25,129.0,,21.45,70.6,17.45,,341.0,224.0,19.65,14.15,98.7,35.65,19.7,19.15,60.7,22.05,214.5,118.5,36.85,39.15,68.6,138.0,50.3,80.7,62.2,226.0,53.4,12.4,107.0,129.0,28.1,21.55,68.0,232.5,224.5,171.5,39.7,45.9,12.05,32.3,10.5,16.05,15.45,30.4,225.0,17.6,31.4,10.2,28.85,10.75,10.05,12.3,17.65,47.45,47.3,9.93,20.4,15.3,25.75,13.35,9.75,10.3,19.85,19.8,313.0,84.5,3310.0,66.5,139.5,81.1,107.5,49.1,19.0,205.0,198.0,10.2,139.5,49.65,7.84,36.6,27.25,72.5,45.35,51.1,120.0,81.4,38.4,34.35,96.4,17.8,7.15,84.4,70.2,78.4,80.9,505.0,265.5,483.0,172.0,96.4,112.5,199.5,254.5,31.1,181.5,133.0,87.1,146.5,44.3,49.9,91.0,47.35
34.85,33.1,69.5,49.25,98.6,72.3,11.9,38.2,105.5,28.6,34.1,342.5,170.5,18.1,123.5,331.5,17.25,51.9,23.65,46.15,136.5,25.45,13.6,15.95,24.1,58.3,242.5,328.0,27.4,41.35,29.4,20.0,24.2,243.0,225.0,242.0,40.5,11.25,129.5,,21.5,70.6,17.5,,340.5,224.5,19.6,14.15,98.7,35.65,19.7,19.15,60.6,22.05,214.5,118.5,36.8,39.1,68.6,137.5,50.4,80.7,62.2,226.0,53.3,12.4,107.5,129.0,28.05,21.5,68.0,233.0,225.0,171.5,39.65,45.9,12.05,32.3,10.5,16.05,15.4,30.4,225.0,17.6,31.4,10.2,28.85,10.75,10.1,12.3,17.65,47.45,47.3,9.93,20.4,15.3,25.75,13.4,9.75,10.3,19.9,19.8,313.0,84.5,3310.0,66.3,139.0,81.1,107.5,49.1,19.0,205.0,198.0,10.25,139.5,49.65,7.85,36.65,27.25,72.5,45.35,51.1,120.0,81.4,38.4,34.35,96.3,17.8,7.14,84.6,70.2,78.4,80.9,505.0,265.5,483.0,172.0,96.3,112.5,199.0,254.5,31.1,181.5,133.0,87.1,146.5,44.3,49.9,91.0,47.35
34.9,33.15,69.6,49.25,98.6,72.3,11.9,38.2,105.5,28.6,34.1,342.5,170.5,18.1,123.5,331.5,17.3,51.9,23.65,46.15,136.5,25.45,13.6,15.95,24.05,58.3,242.0,328.0,27.4,41.3,29.4,20.05,24.2,243.0,225.0,242.0,40.5,11.2,129.5,,21.45,70.5,17.45,,340.5,224.5,19.65,14.2,98.7,35.65,19.7,19.15,60.7,22.05,214.5,118.5,36.75,39.15,68.6,137.5,50.4,80.7,62.2,226.0,53.3,12.4,107.0,129.0,28.05,21.55,68.0,233.0,224.5,171.5,39.65,45.9,12.05,32.3,10.5,16.05,15.45,30.4,225.0,17.6,31.4,10.2,28.8,10.75,10.1,12.3,17.6,47.45,47.35,9.93,20.35,15.3,25.75,13.4,9.75,10.3,19.9,19.8,313.0,84.5,3310.0,66.3,139.0,81.1,107.5,49.15,19.0,205.0,198.0,10.2,139.5,49.65,7.86,36.65,27.25,72.5,45.35,51.1,120.0,81.4,38.4,34.35,96.3,17.8,7.14,84.6,70.2,78.4,80.9,505.0,265.5,483.0,172.0,96.3,112.0,199.0,254.0,31.1,181.5,133.0,87.1,146.5,44.3,49.9,91.0,47.4
34.9,33.15,69.6,49.35,98.6,72.4,11.85,38.2,105.5,28.65,34.15,342.5,170.5,18.1,123.5,331.5,17.25,51.9,23.65,46.15,136.5,25.45,13.6,15.9,24.05,58.3,241.5,326.5,27.4,41.3,29.4,20.05,24.2,243.0,225.0,242.0,40.45,11.25,129.0,,21.5,70.5,17.45,,340.5,224.5,19.6,14.2,98.7,35.65,19.7,19.15,60.6,22.1,214.5,118.5,36.75,39.1,68.6,137.5,50.4,80.9,62.2,226.0,53.2,12.4,107.5,129.0,28.05,21.5,68.0,233.0,224.5,171.0,39.65,45.95,12.05,32.3,10.5,16.05,15.45,30.4,225.0,17.6,31.4,10.2,28.85,10.75,10.1,12.3,17.6,47.45,47.3,9.93,20.35,15.3,25.7,13.35,9.75,10.3,19.9,19.8,313.5,84.5,3310.0,66.3,139.5,81.0,107.5,49.15,18.95,205.0,198.0,10.25,139.5,49.6,7.85,36.65,27.25,72.5,45.35,51.1,120.0,81.4,38.4,34.35,96.3,17.8,7.14,84.6,70.2,78.4,80.9,505.0,265.5,483.0,172.5,96.3,112.0,199.0,254.0,31.1,182.0,133.0,87.1,146.5,44.3,49.9,91.0,47.4
34.9,33.1,69.6,49.35,98.6,72.3,11.85,38.2,105.0,28.6,34.15,342.5,170.0,18.1,123.5,332.0,17.25,51.9,23.65,46.15,136.5,25.45,13.6,15.9,24.05,58.3,241.0,326.5,27.4,41.3,29.4,20.05,24.25,243.0,225.0,242.0,40.45,11.25,129.0,,21.45,70.5,17.5,,340.0,224.0,19.6,14.2,98.7,35.65,19.7,19.15,60.7,22.05,214.5,118.5,36.75,39.15,68.6,137.5,50.4,80.9,62.3,226.0,53.3,12.4,107.0,129.0,28.05,21.5,68.0,233.0,224.5,171.0,39.6,45.95,12.05,32.3,10.5,16.05,15.5,30.4,225.0,17.6,31.4,10.2,28.8,10.75,10.1,12.3,17.6,47.45,47.3,9.93,20.4,15.3,25.75,13.35,9.75,10.3,19.9,19.8,313.5,84.7,3310.0,66.3,139.5,81.1,107.5,49.15,19.0,205.0,198.0,10.2,139.5,49.6,7.85,36.65,27.25,72.6,45.35,51.1,120.0,81.3,38.4,34.35,96.3,17.8,7.14,84.6,70.2,78.3,80.8,505.0,265.5,483.0,172.0,96.3,112.0,199.0,253.5,31.15,182.0,133.5,87.1,146.5,44.3,49.9,91.0,47.4
34.85,33.15,69.6,49.35,98.5,72.4,11.9,38.2,105.0,28.6,34.1,342.5,170.5,18.05,123.5,332.5,17.3,51.9,23.65,46.15,136.5,25.45,13.6,15.9,24.1,58.3,241.0,326.5,27.4,41.25,29.4,20.05,24.25,243.0,225.0,242.0,40.5,11.2,129.5,,21.45,70.5,17.5,,340.0,224.5,19.65,14.2,98.7,35.65,19.7,19.15,60.7,22.05,214.5,118.5,36.75,39.1,68.6,138.0,50.3,80.9,62.2,225.5,53.3,12.4,107.5,129.0,28.05,21.5,68.0,232.5,224.5,171.5,39.6,45.95,12.05,32.3,10.5,16.05,15.45,30.4,224.5,17.6,31.4,10.2,28.85,10.75,10.1,12.3,17.65,47.45,47.3,9.93,20.4,15.3,25.75,13.4,9.75,10.3,19.9,19.8,313.5,84.7,3310.0,66.3,139.5,81.2,108.0,49.15,19.0,205.0,198.0,10.25,139.5,49.6,7.85,36.65,27.25,72.6,45.35,51.1,120.0,81.4,38.4,34.35,96.4,17.8,7.14,84.6,70.2,78.3,80.8,505.0,265.5,483.0,172.0,96.2,112.0,199.0,253.5,31.15,181.5,133.5,87.1,146.5,44.3,49.9,91.0,47.4
34.9,33.1,69.6,49.3,98.6,72.4,11.9,38.2,105.0,28.6,34.1,342.5,170.5,18.05,123.5,332.0,17.25,51.9,23.65,46.15,136.5,25.45,13.6,15.9,24.1,58.3,241.0,326.5,27.4,41.3,29.4,20.05,24.25,243.0,226.0,242.0,40.5,11.25,129.5,,21.45,70.6,17.5,,341.0,224.0,19.6,14.2,98.8,35.65,19.65,19.15,60.6,22.05,214.5,118.5,36.75,39.15,68.6,138.0,50.3,80.9,62.2,226.0,53.3,12.35,107.0,129.0,28.05,21.55,68.0,232.5,224.5,171.5,39.55,45.9,12.05,32.3,10.5,16.05,15.5,30.4,224.5,17.6,31.4,10.2,28.85,10.75,10.05,12.3,17.65,47.45,47.35,9.94,20.4,15.3,25.75,13.4,9.75,10.3,19.9,19.8,313.5,84.7,3310.0,66.3,139.5,81.1,107.5,49.2,19.0,204.5,198.0,10.2,139.5,49.6,7.85,36.65,27.25,72.5,45.35,51.1,120.0,81.4,38.4,34.35,96.4,17.8,7.15,84.6,70.2,78.3,80.9,505.0,265.5,483.0,172.0,96.3,112.0,199.0,253.5,31.1,181.5,133.5,87.1,146.5,44.3,49.9,91.1,47.4
34.85,33.15,69.6,49.35,98.6,72.3,11.9,38.2,105.0,28.6,34.1,342.5,170.5,18.1,123.5,332.0,17.25,52.0,23.65,46.15,137.0,25.45,13.6,15.9,24.1,58.3,241.0,326.5,27.4,41.25,29.4,20.05,24.25,243.0,226.0,242.0,40.5,11.25,129.5,,21.5,70.5,17.5,,340.5,224.0,19.6,14.2,98.8,35.65,19.65,19.15,60.6,22.05,214.5,118.5,36.75,39.15,68.6,138.0,50.3,80.9,62.3,226.0,53.3,12.4,107.5,129.0,28.05,21.5,68.0,232.5,224.5,172.0,39.5,45.9,12.1,32.3,10.5,16.05,15.5,30.4,224.5,17.6,31.4,10.2,28.85,10.75,10.05,12.3,17.6,47.45,47.3,9.93,20.35,15.3,25.75,13.4,9.75,10.3,19.9,19.8,313.0,84.7,3310.0,66.3,139.5,81.1,107.5,49.15,19.0,204.5,198.0,10.25,139.5,49.6,7.85,36.65,27.15,72.5,45.35,51.1,120.0,81.4,38.45,34.3,96.3,17.8,7.14,84.6,70.2,78.3,80.7,505.0,265.5,481.5,172.0,96.3,112.0,199.0,253.5,31.1,182.0,133.5,87.1,146.5,44.3,49.9,91.1,47.4
34.9,33.1,69.6,49.35,98.5,72.3,11.9,38.2,105.0,28.6,34.15,342.5,170.5,18.05,123.0,331.5,17.25,52.0,23.65,46.15,137.0,25.45,13.6,15.9,24.05,58.3,241.5,326.5,27.4,41.25,29.4,20.05,24.25,242.5,226.0,242.0,40.5,11.2,129.0,,21.55,70.5,17.45,,340.5,224.5,19.6,14.15,98.8,35.65,19.65,19.2,60.6,22.1,214.5,118.5,36.7,39.15,68.6,138.0,50.3,80.9,62.2,226.0,53.3,12.4,107.0,129.0,28.1,21.5,68.0,232.5,224.5,171.5,39.55,45.9,12.1,32.3,10.5,16.05,15.5,30.4,224.5,17.6,31.35,10.2,28.85,10.7,10.1,12.3,17.6,47.45,47.3,9.93,20.35,15.3,25.75,13.4,9.75,10.25,19.9,19.8,313.0,84.7,3315.0,66.3,139.5,81.1,107.5,49.15,19.0,205.0,198.0,10.2,139.5,49.6,7.85,36.65,27.15,72.6,45.35,51.1,120.0,81.4,38.45,34.3,96.3,17.8,7.15,84.5,70.1,78.3,80.8,505.0,265.5,481.5,172.0,96.3,112.0,199.0,253.5,31.15,182.0,133.0,87.1,146.5,44.3,49.9,91.1,47.4
34.9,33.1,69.6,49.35,98.6,72.3,11.9,38.15,105.5,28.65,34.15,342.5,170.5,18.1,123.0,331.0,17.3,52.0,23.65,46.15,137.0,25.45,13.6,15.9,24.05,58.3,241.5,326.5,27.35,41.25,29.4,20.05,24.25,242.5,226.0,242.0,40.5,11.25,129.0,,21.5,70.5,17.45,,340.5,224.5,19.6,14.2,98.7,35.65,19.65,19.2,60.6,22.1,215.0,118.5,36.65,39.1,68.6,137.5,50.4,81.0,62.2,226.0,53.3,12.4,107.5,129.0,28.1,21.5,68.0,232.5,224.5,171.5,39.55,45.9,12.1,32.3,10.5,16.05,15.5,30.45,224.0,17.6,31.35,10.15,28.85,10.7,10.1,12.25,17.6,47.45,47.3,9.93,20.4,15.35,25.75,13.4,9.75,10.25,19.85,19.8,313.5,84.7,3315.0,66.2,139.5,81.1,108.0,49.1,19.0,205.0,198.0,10.25,139.5,49.6,7.83,36.65,27.15,72.6,45.35,51.1,120.0,81.4,38.45,34.3,96.3,17.8,7.14,84.5,70.1,78.3,80.9,505.0,265.5,481.5,172.0,96.4,112.0,199.0,253.5,31.1,182.0,133.5,87.1,146.5,44.3,49.9,91.1,47.35
34.9,33.1,69.6,49.35,98.5,72.3,11.9,38.15,105.5,28.6,34.1,342.5,170.5,18.1,123.0,331.0,17.3,52.0,23.65,46.15,137.0,25.45,13.6,15.9,24.1,58.3,241.5,326.5,27.35,41.25,29.4,20.05,24.25,242.5,226.0,242.0,40.5,11.25,129.0,,21.55,70.5,17.5,,341.0,224.5,19.6,14.2,98.6,35.65,19.65,19.2,60.6,22.05,214.5,118.5,36.7,39.15,68.6,137.5,50.3,81.0,62.2,226.0,53.3,12.35,107.0,128.5,28.1,21.5,68.0,232.5,224.5,171.5,39.55,45.9,12.1,32.3,10.5,16.05,15.5,30.4,223.5,17.55,31.35,10.15,28.85,10.7,10.1,12.3,17.6,47.45,47.3,9.93,20.35,15.3,25.75,13.35,9.75,10.25,19.9,19.8,313.5,84.7,3315.0,66.3,139.0,81.1,107.5,49.15,19.0,205.0,198.0,10.2,139.5,49.6,7.83,36.6,27.05,72.4,45.35,51.1,120.0,81.5,38.45,34.35,96.4,17.8,7.14,84.4,70.2,78.3,80.8,505.0,265.5,481.0,172.0,96.3,112.0,199.0,253.5,31.1,181.5,133.5,87.1,146.5,44.35,49.85,91.1,47.35
34.9,33.1,69.5,49.35,98.5,72.3,11.9,38.2,105.5,28.6,34.1,342.5,170.5,18.1,123.0,330.0,17.25,52.0,23.65,46.2,137.0,25.45,13.6,15.95,24.1,58.3,241.5,326.0,27.35,41.25,29.4,20.05,24.2,242.5,226.0,242.0,40.5,11.25,129.0,,21.55,70.5,17.45,,340.5,224.0,19.6,14.2,98.6,35.65,19.65,19.2,60.6,22.05,214.5,118.5,36.7,39.1,68.6,137.5,50.4,81.1,62.2,225.5,53.3,12.4,107.0,128.5,28.1,21.5,68.0,232.5,224.5,171.0,39.5,45.9,12.1,32.3,10.5,16.05,15.5,30.4,223.5,17.6,31.35,10.15,28.8,10.7,10.1,12.3,17.6,47.45,47.3,9.93,20.35,15.3,25.75,13.4,9.74,10.25,19.9,19.8,313.5,84.7,3315.0,66.2,139.5,81.1,107.5,49.15,19.0,205.0,198.5,10.2,139.5,49.6,7.83,36.6,27.05,72.5,45.35,51.1,120.0,81.5,38.4,34.35,96.4,17.8,7.13,84.3,70.2,78.4,80.9,505.0,265.5,481.0,172.0,96.3,112.0,199.0,253.5,31.1,182.0,133.5,87.1,146.5,44.35,49.85,91.1,47.35
34.85,33.1,69.7,49.35,98.6,72.4,11.9,38.2,105.0,28.65,34.15,342.5,170.5,18.1,123.5,330.0,17.25,51.9,23.65,46.15,137.0,25.45,13.6,15.95,24.1,58.3,241.0,326.0,27.35,41.25,29.4,20.05,24.25,242.5,226.0,242.0,40.5,11.25,129.5,,21.55,70.5,17.5,,341.0,224.0,19.6,14.2,98.5,35.65,19.7,19.15,60.5,22.05,213.5,118.5,36.75,39.15,68.6,137.5,50.4,81.0,62.2,225.5,53.3,12.35,107.0,128.5,28.05,21.45,68.0,232.5,224.5,171.0,39.5,45.9,12.1,32.3,10.5,16.05,15.5,30.45,223.5,17.6,31.35,10.15,28.8,10.7,10.1,12.3,17.6,47.45,47.3,9.93,20.35,15.3,25.7,13.4,9.74,10.25,19.9,19.8,313.5,84.7,3315.0,66.3,139.5,81.1,107.5,49.15,19.0,205.0,197.5,10.25,139.5,49.6,7.83,36.6,27.1,72.4,45.4,51.1,120.0,81.5,38.35,34.35,96.3,17.8,7.13,84.3,70.2,78.4,80.8,505.0,265.5,481.0,172.0,96.3,112.0,199.0,253.5,31.15,182.5,133.5,87.1,146.5,44.35,49.85,91.1,47.4
34.85,33.1,69.7,49.35,98.6,72.3,11.9,38.2,105.0,28.65,34.15,342.5,170.5,18.05,123.5,330.5,17.25,51.9,23.65,46.15,137.0,25.45,13.6,15.9,24.05,58.3,241.5,326.0,27.35,41.25,29.4,20.05,24.25,242.5,226.0,242.0,40.5,11.25,129.5,,21.55,70.5,17.5,,341.0,224.0,19.6,14.2,98.5,35.7,19.65,19.15,60.5,22.1,212.5,118.5,36.75,39.15,68.6,137.5,50.4,81.1,62.2,226.0,53.3,12.4,107.5,128.5,28.05,21.45,68.0,233.0,224.5,171.5,39.5,45.9,12.1,32.3,10.5,16.05,15.5,30.45,223.5,17.6,31.35,10.15,28.85,10.7,10.1,12.3,17.6,47.45,47.3,9.94,20.4,15.3,25.75,13.4,9.75,10.25,19.9,19.8,313.0,84.8,3315.0,66.3,139.5,81.1,107.5,49.15,19.0,205.0,198.0,10.2,139.5,49.55,7.84,36.6,27.1,72.5,45.35,51.1,120.0,81.5,38.35,34.35,96.3,17.8,7.13,84.3,70.2,78.4,80.7,505.0,265.5,481.0,172.0,96.4,112.0,199.0,253.0,31.15,182.5,133.5,87.1,146.5,44.35,49.85,91.1,47.4
34.85,33.1,69.7,49.35,98.6,72.4,11.9,38.2,105.0,28.7,34.15,342.5,170.5,18.05,123.5,330.0,17.25,51.9,23.65,46.15,137.0,25.45,13.6,15.95,24.05,58.3,241.5,326.0,27.35,41.25,29.4,20.05,24.25,242.5,226.0,242.0,40.5,11.2,129.5,,21.5,70.5,17.45,,341.0,224.0,19.6,14.2,98.5,35.65,19.7,19.15,60.5,22.1,213.0,118.5,36.75,39.15,68.6,137.5,50.3,81.0,62.2,226.0,53.3,12.35,107.0,129.0,28.05,21.5,68.0,233.0,225.0,171.5,39.5,45.9,12.1,32.3,10.5,16.05,15.5,30.45,223.5,17.6,31.35,10.15,28.85,10.7,10.05,12.3,17.6,47.45,47.3,9.93,20.35,15.3,25.7,13.4,9.74,10.25,19.95,19.8,313.0,84.8,3315.0,66.2,139.0,81.1,107.5,49.1,19.0,205.0,198.0,10.2,139.5,49.6,7.84,36.6,27.15,72.5,45.35,51.2,120.0,81.5,38.35,34.35,96.3,17.8,7.14,84.3,70.2,78.5,80.7,505.0,265.5,481.0,172.0,96.5,112.0,199.0,253.0,31.15,182.5,133.5,87.1,146.5,44.35,49.85,91.1,47.4
34.85,33.1,69.7,49.35,98.6,72.4,11.9,38.2,105.5,28.7,34.15,342.5,170.5,18.05,123.5,330.5,17.25,51.9,23.65,46.15,137.0,25.45,13.6,15.95,24.1,58.3,241.5,326.0,27.35,41.25,29.4,20.05,24.25,242.5,226.0,242.0,40.5,11.25,129.0,,21.5,70.5,17.45,,340.5,224.0,19.6,14.2,98.5,35.65,19.65,19.2,60.5,22.1,213.0,118.5,36.75,39.15,68.6,138.0,50.3,81.0,62.2,226.0,53.3,12.4,107.5,128.5,28.05,21.45,68.0,232.5,225.0,171.5,39.55,45.95,12.1,32.3,10.5,16.05,15.5,30.45,223.5,17.6,31.35,10.15,28.85,10.7,10.05,12.3,17.6,47.4,47.3,9.94,20.35,15.3,25.75,13.4,9.75,10.3,19.9,19.75,313.5,84.8,3315.0,66.2,139.0,81.1,107.5,49.1,19.0,205.0,198.0,10.25,139.5,49.6,7.84,36.6,27.15,72.7,45.35,51.0,120.0,81.5,38.35,34.35,96.3,17.8,7.14,84.3,70.2,78.5,80.7,505.0,265.5,480.0,172.0,96.4,111.5,199.0,253.5,31.1,182.5,133.5,87.1,146.0,44.35,49.85,91.1,47.4
34.9,33.1,69.7,49.35,98.5,72.3,11.9,38.15,105.0,28.65,34.15,343.0,170.5,18.1,123.5,331.0,17.25,51.9,23.65,46.15,137.0,25.45,13.6,15.95,24.1,58.3,241.0,326.0,27.35,41.25,29.4,20.05,24.2,242.5,226.0,242.0,40.5,11.2,129.0,,21.5,70.5,17.45,,341.0,224.5,19.65,14.2,98.6,35.65,19.65,19.15,60.5,22.2,213.0,118.5,36.75,39.15,68.6,137.5,50.3,81.0,62.2,226.0,53.3,12.4,107.0,129.0,28.05,21.5,68.0,232.5,225.0,171.0,39.55,45.95,12.1,32.3,10.5,16.05,15.5,30.45,223.5,17.6,31.35,10.15,28.85,10.7,10.05,12.3,17.6,47.45,47.3,9.93,20.35,15.3,25.75,13.4,9.75,10.25,19.95,19.8,313.5,84.8,3320.0,66.2,138.5,81.1,107.5,49.1,19.0,205.0,197.5,10.2,140.0,49.6,7.83,36.6,27.15,72.4,45.35,51.0,120.0,81.5,38.35,34.35,96.3,17.75,7.14,84.3,70.2,78.5,80.7,505.0,265.5,480.0,172.0,96.4,111.5,199.0,253.5,31.15,182.5,133.0,87.1,146.0,44.35,49.85,91.1,47.4
34.85,33.1,69.7,49.35,98.6,72.4,11.9,38.15,105.5,28.7,34.2,343.0,170.5,18.1,123.5,331.5,17.25,51.9,23.65,46.15,137.0,25.35,13.6,15.95,24.1,58.3,241.0,326.0,27.35,41.3,29.45,20.05,24.25,242.5,226.0,242.0,40.5,11.2,129.0,,21.55,70.5,17.45,,341.0,224.0,19.6,14.2,98.6,35.65,19.7,19.15,60.5,22.2,213.0,118.5,36.75,39.15,68.5,137.5,50.3,81.0,62.3,225.5,53.3,12.4,107.5,128.5,28.05,21.45,68.0,232.5,225.0,171.0,39.55,45.95,12.1,32.3,10.5,16.05,15.5,30.45,224.0,17.6,31.35,10.15,28.85,10.7,10.05,12.3,17.6,47.45,47.25,9.93,20.35,15.3,25.75,13.4,9.74,10.25,19.95,19.8,313.5,84.7,3320.0,66.3,139.5,81.1,107.5,49.05,19.0,205.0,197.5,10.25,140.0,49.6,7.83,36.65,27.15,72.7,45.3,51.0,120.0,81.5,38.35,34.35,96.3,17.75,7.14,84.2,70.2,78.5,80.7,505.0,265.5,480.0,172.0,96.4,112.0,199.0,253.5,31.15,182.5,133.0,87.1,146.0,44.35,49.85,91.2,47.4
34.85,33.05,69.7,49.35,98.6,72.4,11.9,38.15,105.0,28.65,34.2,343.0,170.5,18.1,123.5,331.5,17.25,51.9,23.65,46.15,137.0,25.35,13.6,16.0,24.1,58.3,240.5,326.0,27.35,41.25,29.45,20.05,24.25,242.5,226.0,242.0,40.5,11.2,129.0,,21.5,70.5,17.45,,341.0,224.0,19.6,14.2,98.6,35.65,19.7,19.2,60.5,22.2,213.0,118.5,36.75,39.1,68.6,137.5,50.3,81.0,62.2,225.5,53.3,12.4,107.0,128.5,28.1,21.5,68.0,232.5,225.5,171.5,39.55,45.9,12.1,32.3,10.5,16.05,15.5,30.4,224.0,17.6,31.4,10.2,28.85,10.7,10.05,12.3,17.6,47.45,47.3,9.93,20.4,15.3,25.75,13.4,9.74,10.25,19.95,19.8,313.5,84.8,3320.0,66.3,139.5,81.1,107.5,48.95,18.95,205.0,197.0,10.25,140.5,49.65,7.83,36.65,27.15,72.4,45.25,51.0,120.0,81.4,38.35,34.35,96.3,17.75,7.15,84.2,70.2,78.5,80.9,505.0,265.5,480.0,172.0,96.4,111.5,199.0,253.5,31.1,182.5,133.0,87.1,146.0,44.35,49.85,91.2,47.4
34.9,33.1,69.7,49.35,98.5,72.3,11.9,38.15,105.0,28.7,34.2,343.0,170.5,18.05,123.5,330.5,17.25,51.9,23.65,46.1,137.0,25.35,13.6,16.0,24.1,58.3,241.0,326.0,27.35,41.25,29.45,20.05,24.25,242.5,226.0,242.0,40.6,11.2,129.0,,21.5,70.5,17.45,,341.5,224.0,19.6,14.2,98.6,35.65,19.7,19.2,60.5,22.2,214.0,118.5,36.85,39.15,68.5,137.5,50.4,80.9,62.2,225.5,53.3,12.4,107.5,128.5,28.1,21.5,67.9,233.0,225.5,172.0,39.55,45.9,12.1,32.3,10.5,16.05,15.5,30.4,224.0,17.6,31.4,10.2,28.8,10.7,10.1,12.3,17.6,47.45,47.3,9.93,20.35,15.3,25.7,13.4,9.74,10.25,19.95,19.8,313.5,84.8,3320.0,66.4,139.0,81.1,107.5,48.9,18.95,205.0,197.0,10.25,140.5,49.6,7.82,36.65,27.15,72.4,45.3,51.0,120.0,81.4,38.35,34.35,96.3,17.75,7.15,84.2,70.2,78.4,80.9,505.0,265.5,480.0,172.0,96.4,111.5,199.0,253.5,31.1,182.5,133.0,87.1,146.5,44.35,49.85,91.2,47.4
34.85,33.1,69.7,49.35,98.6,72.4,11.9,38.15,105.0,28.7,34.2,343.0,170.5,18.1,123.5,330.5,17.25,51.9,23.65,46.15,137.0,25.35,13.6,16.05,24.1,58.3,241.0,326.0,27.35,41.25,29.45,20.1,24.25,242.5,226.0,242.0,40.6,11.25,129.0,,21.5,70.5,17.4,,342.0,224.0,19.6,14.2,98.6,35.65,19.7,19.2,60.5,22.2,214.0,118.5,36.85,39.15,68.7,137.5,50.4,80.9,62.2,225.5,53.3,12.4,107.0,128.5,28.1,21.55,67.9,233.0,225.5,171.5,39.55,45.9,12.1,32.3,10.5,16.05,15.5,30.4,224.0,17.6,31.4,10.2,28.8,10.7,10.1,12.3,17.6,47.45,47.3,9.93,20.4,15.3,25.75,13.4,9.74,10.25,19.95,19.8,313.0,84.8,3320.0,66.4,139.5,81.1,108.0,48.75,19.0,205.0,197.5,10.25,140.5,49.6,7.83,36.65,27.15,72.5,45.3,51.1,120.0,81.4,38.35,34.35,96.4,17.75,7.14,84.2,70.2,78.4,80.9,505.0,265.5,480.0,172.0,96.4,111.5,199.0,254.5,31.15,182.0,133.0,87.1,146.5,44.4,49.8,91.2,47.4
34.9,33.1,69.7,49.35,98.5,72.3,11.9,38.15,105.5,28.65,34.2,343.0,170.0,18.1,123.0,330.5,17.25,51.9,23.65,46.15,137.0,25.4,13.6,16.05,24.05,58.3,241.0,326.0,27.35,41.25,29.45,20.1,24.25,242.5,226.0,242.5,40.55,11.25,129.0,,21.55,70.5,17.4,,342.5,224.0,19.6,14.2,98.6,35.65,19.7,19.15,60.6,22.2,214.0,118.5,36.8,39.15,68.7,137.5,50.4,80.9,62.2,225.5,53.3,12.4,107.5,129.0,28.1,21.5,68.0,233.0,225.0,172.0,39.55,45.9,12.05,32.35,10.5,16.05,15.5,30.4,224.0,17.6,31.35,10.2,28.8,10.7,10.05,12.3,17.6,47.45,47.25,9.93,20.35,15.3,25.7,13.4,9.74,10.3,19.9,19.8,313.0,84.8,3325.0,66.3,139.0,81.1,108.0,48.8,19.0,205.5,197.5,10.2,140.5,49.6,7.82,36.65,27.1,72.7,45.3,51.1,119.5,81.4,38.35,34.35,96.3,17.8,7.14,84.2,70.2,78.4,80.8,505.0,265.5,480.0,172.0,96.4,111.5,199.0,254.5,31.1,182.0,133.0,87.1,146.5,44.4,49.8,91.2,47.3
34.9,33.1,69.7,49.35,98.5,72.3,11.9,38.15,105.0,28.65,34.2,343.5,170.0,18.1,123.0,331.0,17.25,51.9,23.65,46.15,137.0,25.4,13.6,16.05,24.1,58.3,241.5,326.0,27.35,41.25,29.45,20.1,24.25,242.5,226.0,242.5,40.6,11.2,128.5,,21.5,70.5,17.4,,342.5,224.5,19.65,14.2,98.7,35.65,19.7,19.15,60.5,22.2,214.0,118.5,36.8,39.15,68.6,138.0,50.3,80.9,62.3,225.0,53.3,12.45,107.0,129.0,28.1,21.5,68.0,232.5,225.5,172.0,39.6,45.9,12.05,32.35,10.5,16.05,15.45,30.45,224.0,17.6,31.35,10.2,28.85,10.75,10.05,12.3,17.6,47.45,47.25,9.93,20.4,15.3,25.75,13.4,9.74,10.3,19.9,19.8,313.0,84.8,3325.0,66.3,139.0,81.1,108.0,48.8,19.0,205.5,197.5,10.2,140.0,49.6,7.82,36.65,27.1,72.5,45.3,51.0,119.5,81.5,38.35,34.35,96.3,17.75,7.15,84.3,70.2,78.4,80.9,505.0,265.5,480.0,172.0,96.5,111.5,199.0,254.5,31.1,182.0,133.0,87.1,146.5,44.3,49.8,91.2,47.3
34.9,33.1,69.7,49.35,98.6,72.4,11.85,38.15,105.5,28.65,34.2,343.5,170.5,18.05,123.0,331.0,17.3,51.8,23.65,46.15,137.0,25.4,13.6,16.0,24.1,58.3,242.0,326.0,27.35,41.3,29.45,20.1,24.25,242.5,226.0,242.5,40.6,11.25,128.5,,21.5,70.5,17.4,,342.5,224.5,19.65,14.15,98.7,35.65,19.7,19.15,60.5,22.2,213.5,118.5,36.8,39.15,68.7,137.5,50.4,81.0,62.3,226.0,53.3,12.45,107.5,129.0,28.1,21.45,68.0,232.5,225.5,171.5,39.6,45.95,12.1,32.35,10.5,16.05,15.45,30.45,224.5,17.6,31.35,10.2,28.85,10.75,10.05,12.3,17.6,47.45,47.3,9.93,20.35,15.35,25.75,13.4,9.74,10.25,19.95,19.8,313.5,84.7,3325.0,66.4,139.0,81.2,108.0,48.85,19.0,205.0,198.0,10.25,140.0,49.6,7.82,36.65,27.1,72.5,45.3,51.0,120.0,81.4,38.35,34.35,96.3,17.8,7.15,84.3,70.2,78.4,80.9,505.0,265.5,480.0,172.0,96.4,111.5,199.0,254.5,31.15,181.5,133.0,87.1,146.5,44.35,49.8,91.2,47.3
34.9,33.1,69.7,49.35,98.6,72.4,11.85,38.15,105.5,28.65,34.2,343.5,170.5,18.1,123.0,331.0,17.25,51.8,23.65,46.15,137.0,25.4,13.6,16.05,24.05,58.3,242.0,326.0,27.35,41.3,29.45,20.1,24.25,242.5,226.0,242.0,40.6,11.25,128.5,,21.5,70.6,17.45,,342.5,224.5,19.6,14.2,98.9,35.65,19.7,19.15,60.5,22.2,213.5,118.5,36.8,39.1,68.7,137.5,50.4,81.0,62.3,226.0,53.3,12.45,107.0,129.0,28.1,21.5,68.0,233.0,226.0,172.0,39.6,45.95,12.1,32.35,10.5,16.05,15.5,30.4,224.5,17.6,31.35,10.2,28.8,10.7,10.05,12.3,17.6,47.45,47.3,9.93,20.4,15.3,25.75,13.4,9.74,10.3,19.9,19.8,313.0,84.7,3325.0,66.4,139.5,81.2,108.0,48.9,19.0,205.5,197.5,10.25,140.0,49.6,7.82,36.6,27.1,72.5,45.3,51.0,120.5,81.5,38.25,34.4,96.4,17.8,7.15,84.4,70.2,78.4,80.9,505.0,265.5,480.0,172.0,96.4,111.5,199.0,254.0,31.1,181.5,133.0,87.1,145.5,44.35,49.8,91.2,47.3
34.85,33.1,69.7,49.35,98.6,72.3,11.85,38.15,105.0,28.65,34.2,343.5,170.5,18.1,123.5,331.5,17.25,51.8,23.65,46.15,137.0,25.4,13.6,16.05,24.05,58.3,241.5,326.5,27.35,41.3,29.45,20.1,24.2,242.5,226.0,242.0,40.6,11.25,128.5,,21.5,70.5,17.4,,342.5,224.5,19.6,14.15,98.9,35.65,19.7,19.15,60.5,22.15,213.5,118.5,36.8,39.1,68.7,138.0,50.4,81.0,62.3,226.0,53.3,12.45,107.5,129.0,28.1,21.45,68.0,233.0,225.5,172.0,39.6,45.9,12.1,32.35,10.5,16.05,15.5,30.4,224.5,17.6,31.35,10.2,28.8,10.7,10.05,12.3,17.6,47.45,47.3,9.93,20.4,15.3,25.75,13.4,9.73,10.3,19.95,19.8,313.0,84.7,3325.0,66.4,139.5,81.2,107.5,48.85,19.0,205.5,198.0,10.25,140.0,49.6,7.82,36.65,27.1,72.7,45.25,51.1,120.5,81.5,38.1,34.4,96.4,17.8,7.15,84.4,70.1,78.4,80.9,505.0,266.0,480.0,172.0,96.4,111.5,199.0,254.0,31.1,182.0,133.0,87.1,145.5,44.35,49.8,91.2,47.4
34.85,33.1,69.7,49.35,98.6,72.3,11.85,38.15,105.0,28.65,34.2,343.5,170.0,18.05,123.5,331.5,17.3,51.6,23.65,46.15,137.0,25.4,13.6,16.05,24.1,58.3,242.0,326.5,27.35,41.25,29.45,20.1,24.2,242.5,226.0,242.0,40.65,11.25,128.5,,21.5,70.5,17.4,,342.5,224.5,19.6,14.15,98.9,35.65,19.7,19.2,60.5,22.15,213.5,118.5,36.8,39.1,68.7,138.0,50.4,81.0,62.3,226.0,53.3,12.45,107.0,129.0,28.1,21.45,68.0,233.0,225.5,172.0,39.6,45.9,12.1,32.35,10.5,16.05,15.5,30.4,224.5,17.6,31.35,10.15,28.85,10.7,10.05,12.3,17.6,47.4,47.3,9.93,20.35,15.3,25.7,13.35,9.74,10.25,19.9,19.8,313.5,84.7,3325.0,66.4,139.5,81.1,108.0,48.9,19.0,205.5,198.0,10.2,140.0,49.6,7.83,36.6,27.1,72.5,45.25,51.1,120.5,81.5,38.1,34.4,96.5,17.8,7.15,84.4,70.1,78.4,80.9,505.0,266.0,480.0,172.0,96.7,111.5,199.0,253.5,31.15,182.0,133.0,87.1,146.0,44.4,49.8,91.2,47.35
34.85,33.15,69.7,49.4,98.5,72.4,11.9,38.15,105.5,28.65,34.2,343.5,170.0,18.05,123.5,331.5,17.25,51.6,23.65,46.15,137.0,25.4,13.6,16.05,24.1,58.3,242.0,326.5,27.35,41.25,29.45,20.1,24.2,242.5,226.0,242.0,40.7,11.25,128.5,,21.55,70.5,17.45,,342.5,224.0,19.6,14.2,99.0,35.65,19.7,19.15,60.6,22.15,214.0,118.5,36.8,39.1,68.7,137.5,50.4,81.0,62.2,226.0,53.2,12.45,107.5,129.0,28.1,21.45,68.0,233.0,225.5,172.0,39.6,45.9,12.1,32.35,10.55,16.05,15.45,30.45,224.5,17.6,31.35,10.15,28.85,10.7,10.05,12.3,17.6,47.45,47.3,9.94,20.35,15.3,25.75,13.4,9.74,10.25,19.9,19.8,313.5,84.7,3325.0,66.4,139.5,81.1,108.0,48.9,19.0,205.5,197.5,10.2,140.0,49.6,7.83,36.6,27.1,72.5,45.3,51.1,120.5,81.5,38.2,34.4,96.4,17.8,7.15,84.4,70.2,78.4,80.9,505.0,266.0,479.0,172.0,96.7,111.5,199.0,254.0,31.1,182.0,133.0,87.1,146.0,44.4,49.8,91.2,47.35
34.9,33.1,69.8,49.4,98.5,72.3,11.9,38.15,105.0,28.65,34.2,343.5,170.0,18.05,123.5,331.5,17.25,51.7,23.65,46.15,137.0,25.4,13.6,16.05,24.05,58.3,241.5,326.5,27.35,41.25,29.45,20.1,24.2,242.5,226.0,242.0,40.75,11.2,128.5,,21.5,70.6,17.45,,342.5,224.5,19.6,14.2,99.0,35.65,19.7,19.15,60.6,22.15,214.0,118.5,36.8,39.15,68.7,137.5,50.3,81.0,62.2,225.0,53.3,12.45,107.0,129.0,28.1,21.45,67.8,232.5,225.5,171.5,39.55,45.9,12.1,32.35,10.55,16.05,15.45,30.4,224.5,17.55,31.35,10.15,28.8,10.75,10.05,12.3,17.6,47.4,47.25,9.92,20.35,15.3,25.7,13.4,9.74,10.25,19.9,19.75,313.5,84.7,3325.0,66.4,139.5,81.1,108.0,48.9,19.0,205.5,198.0,10.25,140.0,49.6,7.83,36.6,27.1,72.5,45.3,51.1,120.5,81.5,38.2,34.4,96.4,17.8,7.15,84.4,70.2,78.4,80.9,505.0,266.0,479.0,171.5,96.6,111.5,199.0,254.0,31.1,182.0,133.0,87.1,146.0,44.4,49.8,91.2,47.35
34.85,33.15,69.8,49.4,98.6,72.4,11.85,38.15,105.5,28.65,34.2,343.5,170.0,18.1,123.5,331.5,17.25,51.7,23.65,46.15,137.0,25.4,13.6,16.05,24.1,58.3,241.5,326.0,27.35,41.25,29.45,20.1,24.2,242.5,226.0,242.0,40.75,11.25,128.5,,21.5,70.5,17.45,,342.0,224.5,19.6,14.2,99.0,35.65,19.7,19.15,60.6,22.15,214.0,118.5,36.8,39.15,68.7,138.0,50.4,81.0,62.2,225.5,53.3,12.4,107.0,129.0,28.1,21.5,67.8,232.5,225.0,172.0,39.6,45.9,12.1,32.35,10.55,16.05,15.45,30.4,224.0,17.55,31.35,10.15,28.85,10.7,10.1,12.25,17.6,47.45,47.25,9.94,20.4,15.3,25.75,13.4,9.74,10.25,19.9,19.8,313.5,84.7,3325.0,66.4,139.5,81.2,107.5,48.85,19.0,205.5,198.0,10.25,140.0,49.65,7.83,36.6,27.1,72.5,45.3,51.1,120.5,81.5,38.2,34.4,96.4,17.8,7.15,84.4,70.2,78.4,80.9,505.0,266.0,479.0,172.0,96.7,111.5,199.0,254.0,31.15,182.0,133.0,87.1,146.0,44.4,49.8,91.0,47.35
34.85,33.1,69.8,49.4,98.5,72.3,11.85,38.15,105.5,28.65,34.2,343.5,170.0,18.1,123.5,332.0,17.25,51.7,23.65,46.15,137.0,25.4,13.6,16.05,24.05,58.3,241.5,326.0,27.35,41.25,29.45,20.1,24.25,242.5,226.0,242.0,40.75,11.25,128.5,,21.5,70.6,17.45,,342.0,224.5,19.55,14.2,99.0,35.65,19.7,19.15,60.6,22.15,214.0,118.5,36.8,39.15,68.7,138.0,50.4,81.0,62.2,225.5,53.3,12.4,107.5,129.0,28.05,21.5,67.8,233.0,225.0,171.5,39.55,45.9,12.1,32.3,10.5,16.05,15.5,30.4,224.5,17.6,31.35,10.15,28.8,10.75,10.1,12.25,17.6,47.45,47.3,9.92,20.35,15.3,25.75,13.4,9.74,10.3,19.9,19.8,313.5,84.8,3325.0,66.3,139.5,81.2,108.0,48.9,19.0,205.5,198.0,10.25,140.0,49.6,7.83,36.65,27.1,72.5,45.35,51.1,120.5,81.5,38.15,34.4,96.5,17.75,7.15,84.4,70.2,78.4,80.9,505.0,266.0,479.0,172.0,96.7,111.5,199.0,254.0,31.1,182.0,133.0,87.1,146.0,44.4,49.8,91.0,47.35
34.85,33.15,69.8,49.3,98.5,72.3,11.85,38.15,105.0,28.65,34.15,343.5,170.0,18.1,123.5,332.0,17.25,51.8,23.65,46.15,137.0,25.4,13.6,16.05,24.05,58.3,242.0,326.0,27.35,41.25,29.45,20.1,24.25,242.5,226.0,242.0,40.75,11.25,128.5,,21.55,70.6,17.45,,341.5,224.5,19.6,14.2,99.0,35.65,19.75,19.15,60.5,22.15,214.0,118.5,36.8,39.15,68.7,137.5,50.4,81.1,62.3,225.5,53.4,12.4,107.5,129.0,28.1,21.5,67.8,233.0,225.0,171.5,39.55,45.9,12.1,32.3,10.55,16.05,15.5,30.4,224.5,17.6,31.35,10.15,28.8,10.75,10.1,12.25,17.6,47.45,47.25,9.93,20.35,15.3,25.7,13.4,9.74,10.25,19.9,19.8,313.5,84.8,3325.0,66.3,139.0,81.2,108.0,48.9,19.0,205.0,197.5,10.2,140.0,49.6,7.84,36.65,27.1,72.5,45.35,51.1,120.0,81.5,38.15,34.4,96.5,17.75,7.15,84.4,70.2,78.4,80.9,505.0,266.0,479.0,172.0,96.7,111.5,199.0,254.0,31.1,182.0,133.0,87.1,146.0,44.4,49.8,91.0,47.35
34.85,33.1,69.8,49.3,98.6,72.3,11.85,38.15,105.0,28.65,34.15,343.5,170.0,18.1,123.5,332.0,17.25,51.8,23.7,46.15,137.0,25.4,13.6,16.05,24.1,58.3,241.5,326.0,27.35,41.25,29.45,20.1,24.2,242.5,226.0,242.0,40.75,11.25,128.5,,21.5,70.6,17.45,,341.5,224.5,19.55,14.2,99.0,35.65,19.7,19.15,60.5,22.15,214.0,118.5,36.75,39.15,68.7,138.0,50.3,81.1,62.3,225.5,53.4,12.4,107.0,129.0,28.1,21.45,67.8,233.0,225.0,171.5,39.55,45.9,12.1,32.3,10.55,16.05,15.5,30.4,224.5,17.55,31.35,10.2,28.8,10.7,10.1,12.25,17.6,47.45,47.3,9.93,20.35,15.3,25.7,13.4,9.74,10.25,19.9,19.75,313.5,84.8,3325.0,66.3,139.5,81.4,108.0,48.9,19.0,205.0,197.5,10.2,140.0,49.6,7.84,36.65,27.1,72.5,45.35,51.2,120.0,81.5,38.1,34.4,96.5,17.75,7.15,84.4,70.2,78.4,80.9,505.0,266.0,479.0,172.0,96.8,111.5,199.0,254.0,31.1,181.5,133.0,87.1,146.0,44.4,49.8,91.0,47.35
34.9,33.15,69.8,49.3,98.5,72.4,11.85,38.15,105.0,28.65,34.2,343.5,170.0,18.1,123.5,332.0,17.25,51.8,23.7,46.1,137.0,25.4,13.6,16.05,24.1,58.3,242.0,326.0,27.35,41.25,29.45,20.05,24.2,242.5,226.0,242.0,40.75,11.2,128.5,,21.5,70.5,17.45,,341.0,224.0,19.6,14.2,98.9,35.65,19.75,19.15,60.5,22.15,213.5,118.5,36.75,39.15,68.6,138.0,50.3,81.1,62.2,225.5,53.4,12.4,107.5,129.0,28.1,21.45,67.8,233.0,225.5,171.5,39.55,45.9,12.1,32.3,10.55,16.05,15.5,30.4,224.5,17.6,31.35,10.2,28.8,10.75,10.1,12.3,17.6,47.45,47.25,9.94,20.35,15.3,25.75,13.35,9.74,10.25,19.9,19.75,313.5,84.8,3325.0,66.3,139.5,81.4,107.5,48.85,19.0,205.5,197.5,10.25,140.0,49.6,7.85,36.65,27.1,72.5,45.35,51.2,120.0,81.5,38.1,34.4,96.5,17.8,7.15,84.4,70.2,78.4,80.9,505.0,266.0,478.5,172.0,96.8,111.5,199.0,254.0,31.1,181.5,133.5,87.1,146.0,44.4,49.8,91.0,47.35
34.9,33.1,69.8,49.3,98.5,72.3,11.85,38.15,105.0,28.65,34.2,343.5,170.0,18.1,123.5,332.0,17.25,51.8,23.7,46.15,137.0,25.4,13.6,16.05,24.1,58.3,242.0,326.0,27.35,41.25,29.45,20.05,24.2,242.5,226.0,242.0,40.75,11.25,128.5,,21.5,70.6,17.4,,341.0,224.0,19.55,14.2,98.9,35.7,19.7,19.15,60.5,22.15,214.0,118.5,36.7,39.15,68.7,138.0,50.3,81.0,62.2,225.0,53.3,12.45,107.0,129.0,28.1,21.4,67.8,233.0,225.0,171.5,39.55,45.9,12.1,32.3,10.55,16.05,15.5,30.4,224.5,17.6,31.35,10.2,28.8,10.7,10.1,12.3,17.6,47.4,47.3,9.93,20.4,15.3,25.75,13.35,9.74,10.25,19.9,19.8,313.5,84.8,3325.0,66.4,139.0,81.4,107.5,48.9,18.95,205.5,197.5,10.25,140.0,49.6,7.86,36.65,27.1,72.5,45.35,51.2,120.0,81.5,38.1,34.4,96.5,17.8,7.16,84.3,70.2,78.4,80.9,505.0,266.0,479.0,172.0,96.8,111.5,199.0,254.0,31.1,182.0,133.5,87.1,146.0,44.4,49.8,91.0,47.35
34.9,33.15,69.8,49.3,98.6,72.4,11.9,38.15,105.5,28.65,34.2,343.5,170.0,18.05,123.5,332.0,17.25,51.8,23.7,46.15,137.0,25.4,13.6,16.05,24.1,58.6,242.0,326.0,27.35,41.3,29.45,20.05,24.2,242.5,226.0,242.0,40.75,11.25,128.5,,21.5,70.6,17.45,,341.0,224.0,19.55,14.2,99.0,35.65,19.75,19.15,60.5,22.15,214.0,118.5,36.75,39.15,68.7,137.5,50.4,81.0,62.2,225.5,53.3,12.45,107.5,129.0,28.1,21.45,67.8,233.0,225.0,171.0,39.55,45.9,12.1,32.3,10.55,16.05,15.5,30.35,224.5,17.6,31.35,10.2,28.85,10.7,10.1,12.3,17.6,47.45,47.25,9.93,20.4,15.35,25.7,13.4,9.74,10.3,19.9,19.8,313.5,84.8,3325.0,66.4,139.5,81.5,108.0,48.85,19.0,205.5,197.5,10.25,140.0,49.6,7.86,36.65,27.1,72.5,45.35,51.2,120.0,81.5,38.1,34.4,96.5,17.8,7.16,84.4,70.1,78.4,81.0,505.0,266.0,479.0,172.0,96.7,111.5,199.0,254.0,31.1,182.0,133.0,87.1,146.0,44.35,49.8,91.0,47.3
34.85,33.1,69.8,49.3,98.6,72.4,11.9,38.15,105.0,28.65,34.2,343.5,170.0,18.1,123.0,331.0,17.25,51.8,23.7,46.1,136.5,25.4,13.6,16.0,24.05,58.6,241.5,326.0,27.35,41.3,29.45,20.05,24.2,242.5,226.0,242.0,40.75,11.25,129.0,,21.5,70.6,17.4,,340.5,224.5,19.55,14.2,99.0,35.65,19.75,19.15,60.5,22.2,214.0,118.5,36.75,39.15,68.7,137.5,50.4,81.0,62.2,225.5,53.4,12.45,107.0,129.0,28.1,21.5,67.8,233.0,225.5,171.0,39.5,45.9,12.1,32.35,10.5,16.05,15.5,30.35,224.5,17.6,31.4,10.2,28.85,10.75,10.1,12.3,17.6,47.45,47.3,9.93,20.4,15.3,25.75,13.4,9.75,10.25,19.9,19.8,313.5,84.8,3325.0,66.4,139.5,81.3,107.5,48.8,19.0,205.0,198.0,10.25,140.0,49.65,7.85,36.65,27.1,72.5,45.4,51.1,120.0,81.5,38.05,34.4,96.5,17.8,7.16,84.4,70.1,78.4,80.8,505.0,266.0,479.0,172.0,96.7,111.5,199.0,254.0,31.15,182.0,133.0,87.1,146.5,44.35,49.8,91.0,47.35
34.85,33.15,69.8,49.3,98.5,72.3,11.9,38.15,105.5,28.65,34.2,343.5,169.5,18.05,123.5,330.0,17.25,51.8,23.7,46.15,136.5,25.4,13.6,16.0,24.1,58.6,241.0,326.0,27.35,41.3,29.45,20.05,24.2,242.5,226.0,242.0,40.7,11.25,129.0,,21.5,70.7,17.4,,340.5,224.5,19.55,14.2,99.0,35.65,19.7,19.15,60.5,22.2,213.5,119.0,36.75,39.15,68.6,137.5,50.4,81.0,62.1,225.5,53.4,12.45,107.0,129.0,28.1,21.5,67.8,233.0,225.5,171.5,39.5,45.95,12.1,32.35,10.55,16.05,15.45,30.4,224.5,17.6,31.4,10.2,28.8,10.75,10.05,12.3,17.65,47.45,47.25,9.92,20.4,15.3,25.75,13.4,9.75,10.25,19.9,19.8,313.5,84.8,3325.0,66.4,139.0,81.3,108.0,48.8,18.95,205.0,198.0,10.25,140.0,49.65,7.86,36.65,27.1,72.5,45.4,51.1,120.0,81.5,38.05,34.4,96.5,17.8,7.16,84.3,70.1,78.4,80.9,505.0,266.0,479.0,172.0,96.7,111.5,199.0,252.5,31.15,182.0,133.5,87.1,146.5,44.35,49.8,90.9,47.35
34.9,33.1,69.8,49.3,98.6,72.3,11.9,38.1,105.5,28.65,34.2,343.5,169.5,18.05,123.5,330.0,17.3,51.8,23.7,46.1,136.5,25.4,13.6,16.0,24.05,58.6,241.0,326.0,27.35,41.3,29.45,20.05,24.2,242.5,226.0,242.0,40.6,11.25,128.5,,21.5,70.7,17.45,,340.5,224.0,19.55,14.2,98.9,35.65,19.7,19.15,60.6,22.2,213.5,119.0,36.75,39.15,68.7,137.5,50.4,81.0,62.1,225.5,53.4,12.4,107.0,129.0,28.1,21.55,67.8,232.5,225.5,171.5,39.45,45.95,12.1,32.35,10.55,16.05,15.45,30.4,224.5,17.6,31.4,10.2,28.8,10.7,10.1,12.3,17.6,47.45,47.25,9.92,20.35,15.3,25.75,13.4,9.74,10.25,19.9,19.8,313.0,84.8,3325.0,66.4,139.5,81.3,108.0,48.75,19.0,205.0,198.0,10.25,140.0,49.65,7.85,36.65,27.1,72.5,45.4,51.1,120.0,81.5,38.05,34.4,96.5,17.8,7.16,84.3,70.1,78.4,80.9,505.0,266.0,479.0,171.5,96.7,111.5,199.0,253.0,31.15,182.0,133.0,87.1,146.5,44.35,49.8,90.9,47.35
34.85,33.1,69.8,49.3,98.6,72.4,11.9,38.1,105.5,28.65,34.2,343.5,169.5,18.05,123.5,330.0,17.25,51.8,23.7,46.1,136.5,25.4,13.6,16.0,24.1,58.6,241.0,326.0,27.35,41.25,29.45,20.05,24.25,242.5,226.0,242.0,40.6,11.25,128.5,,21.5,70.7,17.4,,340.5,224.5,19.55,14.2,99.0,35.65,19.7,19.15,60.6,22.15,213.5,119.0,36.75,39.15,68.6,138.0,50.4,81.1,62.1,225.5,53.4,12.4,107.0,129.0,28.1,21.5,67.8,232.5,225.5,171.5,39.45,45.95,12.1,32.35,10.55,16.05,15.45,30.4,224.5,17.6,31.4,10.2,28.85,10.75,10.1,12.3,17.6,47.45,47.25,9.93,20.4,15.3,25.75,13.4,9.74,10.25,19.9,19.8,313.0,84.8,3320.0,66.4,139.5,81.3,107.5,48.65,19.0,205.0,198.0,10.25,140.0,49.65,7.85,36.65,27.1,72.5,45.4,51.0,120.0,81.5,38.0,34.4,96.5,17.8,7.16,84.4,70.1,78.4,80.8,505.0,266.0,479.0,171.5,96.7,111.5,199.0,253.0,31.1,182.0,133.0,87.1,146.5,44.3,49.8,90.9,47.35
34.9,33.15,69.8,49.3,98.5,72.4,11.85,38.05,105.5,28.65,34.2,343.5,169.5,18.05,123.5,330.0,17.25,51.8,23.7,46.15,136.5,25.4,13.6,16.0,24.05,58.6,241.0,326.0,27.35,41.25,29.45,20.05,24.2,242.5,226.0,242.0,40.6,11.25,128.5,,21.5,70.7,17.4,,340.5,224.0,19.55,14.15,98.9,35.65,19.7,19.15,60.5,22.15,213.5,119.0,36.7,39.15,68.7,138.0,50.4,81.1,62.1,225.0,53.4,12.4,107.0,129.0,28.1,21.5,67.7,232.5,225.5,171.0,39.5,45.9,12.1,32.35,10.5,16.05,15.5,30.4,224.5,17.6,31.4,10.2,28.8,10.75,10.1,12.25,17.6,47.45,47.25,9.94,20.35,15.3,25.75,13.4,9.75,10.3,19.9,19.8,313.0,84.8,3320.0,66.4,139.0,81.3,107.5,48.6,19.05,205.0,198.0,10.25,139.5,49.65,7.85,36.65,27.1,72.4,45.4,51.0,120.0,81.5,37.9,34.4,96.5,17.8,7.16,84.4,70.1,78.4,80.8,505.0,266.0,479.0,171.5,96.7,111.5,199.0,253.0,31.1,182.0,133.0,87.1,146.5,44.3,49.8,90.9,47.35
34.85,33.15,69.8,49.3,98.6,72.4,11.85,38.0,105.5,28.65,34.2,343.5,170.0,18.1,123.5,329.5,17.25,51.8,23.65,46.15,136.5,25.4,13.6,16.0,24.05,58.6,241.5,327.0,27.35,41.25,29.45,20.0,24.2,242.5,226.0,242.0,40.6,11.2,129.0,,21.5,70.6,17.45,,340.0,224.0,19.55,14.15,98.8,35.65,19.7,19.1,60.5,22.1,213.5,119.0,36.7,39.1,68.7,138.0,50.4,81.1,62.1,225.0,53.4,12.45,107.0,129.0,28.1,21.5,67.8,232.5,225.0,171.0,39.5,45.9,12.1,32.35,10.55,16.05,15.5,30.4,224.5,17.6,31.4,10.2,28.8,10.75,10.1,12.3,17.6,47.45,47.2,9.93,20.4,15.3,25.75,13.4,9.75,10.25,19.9,19.8,313.0,84.8,3320.0,66.4,139.5,81.3,108.0,48.45,19.05,205.5,197.5,10.25,139.5,49.65,7.85,36.65,27.1,72.3,45.4,51.1,120.0,81.5,37.9,34.4,96.5,17.8,7.15,84.3,70.1,78.4,80.9,505.0,265.5,479.0,171.5,96.7,111.5,199.0,252.5,31.1,182.5,133.0,87.1,146.0,44.3,49.8,91.0,47.35
34.85,33.1,69.8,49.3,98.5,72.4,11.9,38.0,105.0,28.6,34.2,343.5,170.0,18.05,123.5,330.0,17.25,51.8,23.65,46.15,136.5,25.4,13.6,16.05,24.1,58.6,241.0,327.0,27.35,41.25,29.45,20.0,24.2,242.5,226.0,242.0,40.6,11.2,128.5,,21.5,70.6,17.4,,339.5,224.0,19.55,14.15,98.8,35.65,19.7,19.15,60.5,22.1,213.5,118.5,36.7,39.1,68.7,138.0,50.4,81.1,62.1,225.0,53.4,12.45,107.0,129.0,28.15,21.45,67.8,232.5,225.0,171.0,39.5,45.9,12.1,32.35,10.5,16.05,15.45,30.4,224.5,17.55,31.4,10.2,28.8,10.75,10.1,12.3,17.6,47.45,47.25,9.93,20.4,15.3,25.75,13.4,9.75,10.25,19.9,19.8,313.0,84.8,3320.0,66.3,139.5,81.4,108.0,48.35,19.0,205.0,197.5,10.25,139.5,49.65,7.85,36.65,27.1,72.4,45.4,51.1,120.0,81.5,37.9,34.4,96.4,17.8,7.15,84.3,70.1,78.3,80.8,505.0,265.5,479.0,171.5,96.7,111.5,199.0,251.5,31.1,182.0,132.5,87.1,146.0,44.3,49.8,91.0,47.35
34.9,33.15,69.7,49.3,98.5,72.3,11.9,38.0,105.0,28.6,34.2,343.5,170.0,18.05,123.0,330.0,17.25,51.8,23.65,46.15,136.5,25.4,13.6,16.0,24.05,58.6,240.5,326.0,27.35,41.25,29.45,20.0,24.2,242.5,226.0,242.0,40.6,11.25,129.0,,21.5,70.6,17.4,,339.5,224.0,19.55,14.2,98.8,35.65,19.7,19.1,60.5,22.15,213.5,118.5,36.7,39.15,68.7,137.5,50.3,81.0,62.1,225.0,53.4,12.4,107.5,129.0,28.15,21.5,67.8,232.5,225.0,171.0,39.45,45.9,12.1,32.35,10.5,16.0,15.5,30.4,224.5,17.6,31.35,10.2,28.8,10.75,10.1,12.3,17.6,47.45,47.25,9.93,20.35,15.3,25.75,13.4,9.75,10.25,19.9,19.8,313.0,84.8,3320.0,66.3,139.0,81.4,108.0,48.3,19.05,205.0,197.5,10.25,139.5,49.6,7.84,36.65,27.1,72.4,45.35,51.1,120.0,81.5,37.95,34.4,96.4,17.8,7.14,84.3,70.2,78.3,80.8,505.0,265.0,479.0,171.5,96.7,112.0,199.0,252.0,31.05,182.0,132.5,87.1,146.0,44.35,49.8,91.0,47.35
34.9,33.1,69.8,49.3,98.6,72.3,11.9,38.0,105.0,28.6,34.2,343.5,169.5,18.05,123.0,330.0,17.25,51.8,23.65,46.15,136.5,25.4,13.6,16.0,24.1,58.3,240.5,326.0,27.35,41.25,29.45,20.0,24.2,242.5,225.0,242.0,40.55,11.25,129.0,,21.5,70.6,17.4,,340.0,224.5,19.55,14.15,98.8,35.65,19.7,19.1,60.4,22.15,214.0,118.5,36.7,39.15,68.7,137.5,50.4,81.0,62.1,225.0,53.4,12.4,107.5,129.0,28.1,21.5,67.8,232.5,225.0,171.0,39.45,45.9,12.1,32.35,10.55,16.0,15.45,30.35,224.5,17.6,31.35,10.2,28.8,10.75,10.1,12.3,17.6,47.45,47.25,9.93,20.35,15.25,25.7,13.4,9.75,10.3,19.9,19.8,313.0,84.8,3320.0,66.3,139.0,81.4,107.5,48.35,19.0,205.0,197.5,10.2,139.0,49.6,7.83,36.65,27.1,72.4,45.35,51.1,120.0,81.4,38.0,34.4,96.4,17.75,7.15,84.3,70.2,78.3,80.8,505.0,265.0,479.0,171.5,96.7,111.5,199.0,252.0,31.05,182.0,132.0,87.1,146.0,44.35,49.8,91.0,47.35
34.85,33.1,69.8,49.3,98.6,72.4,11.9,38.0,105.5,28.6,34.2,343.5,169.5,18.05,123.0,329.5,17.25,51.8,23.65,46.15,136.5,25.35,13.6,16.0,24.1,58.3,241.0,326.0,27.35,41.25,29.45,20.0,24.2,242.5,225.0,242.0,40.55,11.25,128.5,,21.5,70.6,17.4,,340.0,224.0,19.55,14.2,98.8,35.65,19.7,19.1,60.4,22.1,214.0,118.5,36.7,39.15,68.7,138.0,50.4,81.0,62.1,225.0,53.3,12.4,107.5,128.5,28.1,21.5,67.7,232.5,225.0,171.0,39.45,45.9,12.1,32.35,10.55,16.0,15.45,30.35,224.5,17.6,31.35,10.2,28.8,10.75,10.1,12.3,17.6,47.45,47.25,9.93,20.35,15.25,25.75,13.4,9.74,10.25,19.9,19.8,313.5,84.9,3320.0,66.3,139.5,81.4,108.0,48.4,19.0,204.5,197.5,10.25,139.0,49.6,7.83,36.65,27.1,72.3,45.35,51.1,120.0,81.5,38.0,34.4,96.4,17.75,7.15,84.2,70.2,78.3,80.8,505.0,265.0,479.0,171.5,96.7,112.0,199.0,252.0,31.05,182.0,132.0,87.1,146.0,44.35,49.8,91.0,47.35
34.9,33.15,69.8,49.3,98.6,72.3,11.9,38.0,105.0,28.6,34.2,343.5,170.0,18.1,123.0,329.0,17.25,51.8,23.65,46.15,136.5,25.35,13.6,16.0,24.05,58.3,240.5,326.0,27.35,41.25,29.45,20.0,24.2,242.5,225.0,242.0,40.6,11.25,128.5,,21.5,70.6,17.4,,340.0,224.0,19.55,14.2,98.8,35.65,19.7,19.1,60.4,22.1,214.0,118.5,36.7,39.15,68.7,137.5,50.4,81.0,62.1,225.0,53.3,12.4,107.0,128.5,28.1,21.5,67.8,233.0,225.0,171.0,39.45,45.9,12.05,32.3,10.55,16.0,15.5,30.4,224.5,17.6,31.35,10.2,28.85,10.7,10.1,12.3,17.6,47.45,47.25,9.92,20.35,15.25,25.75,13.4,9.74,10.3,19.9,19.8,313.5,84.9,3320.0,66.3,139.0,81.5,108.0,48.4,19.0,204.5,197.5,10.2,139.0,49.6,7.83,36.65,27.1,72.3,45.25,51.0,120.0,81.5,37.95,34.4,96.4,17.75,7.15,84.2,70.1,78.3,80.9,505.0,265.0,479.0,171.5,96.7,111.5,199.0,252.0,31.05,182.0,132.0,87.1,146.0,44.35,49.8,91.0,47.35
34.9,33.15,69.8,49.3,98.7,72.3,11.9,38.0,105.0,28.6,34.2,343.5,170.0,18.1,123.0,329.0,17.25,51.8,23.65,46.15,136.5,25.35,13.6,16.0,24.1,58.3,241.0,326.0,27.35,41.25,29.45,20.0,24.2,242.5,225.0,242.0,40.6,11.25,129.0,,21.5,70.6,17.4,,340.0,224.0,19.55,14.15,98.6,35.7,19.7,19.1,60.4,22.1,213.5,118.5,36.7,39.15,68.7,137.5,50.3,81.2,62.1,225.0,53.3,12.4,107.0,128.5,28.1,21.45,67.8,232.5,225.5,171.0,39.4,45.9,12.05,32.3,10.55,16.0,15.5,30.4,224.5,17.6,31.35,10.2,28.8,10.7,10.1,12.3,17.6,47.45,47.25,9.92,20.35,15.25,25.75,13.4,9.73,10.3,19.85,19.8,313.5,84.9,3315.0,66.3,139.5,81.4,108.0,48.35,19.0,204.0,197.5,10.2,139.5,49.6,7.84,36.65,27.1,72.3,45.15,51.1,119.5,81.5,38.0,34.4,96.5,17.75,7.15,84.1,70.1,78.3,80.8,505.0,265.0,479.0,171.5,96.7,112.0,199.0,252.5,31.1,182.0,132.0,87.1,146.0,44.35,49.8,91.0,47.35
34.85,33.1,69.8,49.3,98.7,72.3,11.85,38.0,105.0,28.6,34.2,343.5,170.0,18.1,123.0,329.0,17.25,51.8,23.65,46.15,136.5,25.35,13.6,16.0,24.05,58.3,240.5,326.0,27.35,41.25,29.45,20.0,24.2,242.5,225.0,242.0,40.55,11.25,129.0,,21.5,70.7,17.4,,340.0,223.5,19.55,14.15,98.5,35.65,19.7,19.1,60.4,22.1,213.5,118.5,36.7,39.1,68.7,137.5,50.4,81.3,62.1,225.0,53.3,12.45,107.0,128.5,28.1,21.45,67.8,232.5,225.0,171.0,39.35,45.9,12.05,32.3,10.55,16.0,15.5,30.4,224.0,17.55,31.35,10.2,28.85,10.75,10.1,12.25,17.6,47.45,47.25,9.92,20.35,15.25,25.75,13.4,9.74,10.25,19.85,19.8,313.5,84.9,3315.0,66.4,139.5,81.4,107.5,48.3,19.05,204.0,197.5,10.2,139.0,49.6,7.83,36.65,27.1,72.3,45.15,51.0,119.5,81.5,38.0,34.4,96.5,17.75,7.14,84.1,70.1,78.3,80.9,505.0,265.0,479.0,171.5,96.7,111.0,199.0,252.5,31.1,182.0,132.5,87.1,146.0,44.35,49.8,91.0,47.35
34.85,33.15,69.7,49.3,98.6,72.4,11.9,38.0,105.5,28.6,34.15,343.5,169.5,18.05,123.0,329.5,17.25,51.8,23.65,46.15,136.5,25.35,13.6,16.0,24.05,58.3,240.5,326.0,27.35,41.25,29.45,20.0,24.2,242.5,225.0,242.0,40.6,11.25,129.0,,21.5,70.6,17.45,,339.5,223.5,19.55,14.2,98.6,35.65,19.7,19.1,60.4,22.1,213.5,118.5,36.7,39.15,68.7,138.0,50.4,81.4,62.1,225.0,53.3,12.45,107.5,128.5,28.1,21.5,67.7,232.5,225.0,170.5,39.4,45.9,12.1,32.3,10.55,16.0,15.5,30.4,224.0,17.6,31.35,10.15,28.85,10.75,10.1,12.25,17.6,47.45,47.25,9.92,20.4,15.25,25.75,13.4,9.74,10.3,19.9,19.8,313.5,84.9,3315.0,66.4,139.0,81.5,108.0,48.3,19.05,204.5,197.0,10.25,139.0,49.6,7.83,36.65,27.1,72.3,45.15,51.0,119.5,81.4,38.0,34.4,96.5,17.8,7.15,84.2,70.1,78.3,80.8,505.0,265.0,479.0,171.5,96.7,111.0,199.0,252.5,31.1,181.5,132.0,87.1,146.0,44.35,49.75,91.0,47.35
34.85,33.15,69.7,49.3,98.7,72.3,11.9,38.05,105.5,28.6,34.2,343.5,169.5,18.1,123.0,329.5,17.25,51.8,23.65,46.15,136.5,25.35,13.6,16.0,24.05,58.3,240.0,326.0,27.35,41.25,29.45,20.0,24.25,242.5,225.0,242.0,40.55,11.25,129.0,,21.5,70.6,17.45,,339.5,224.0,19.55,14.2,98.6,35.7,19.7,19.1,60.4,22.15,213.5,118.5,36.65,39.1,68.6,137.5,50.4,81.5,62.1,225.5,53.3,12.4,107.0,128.5,28.1,21.45,67.7,232.5,225.0,170.5,39.4,45.9,12.1,32.3,10.55,16.0,15.5,30.4,224.0,17.6,31.35,10.15,28.85,10.75,10.1,12.3,17.6,47.45,47.25,9.92,20.35,15.25,25.75,13.4,9.73,10.25,19.9,19.8,313.0,84.9,3315.0,66.4,139.0,81.5,108.0,48.3,19.05,204.5,197.0,10.2,139.5,49.6,7.83,36.65,27.1,72.3,45.15,51.0,119.5,81.4,38.0,34.4,96.4,17.8,7.14,84.1,70.1,78.3,80.8,505.0,265.0,479.0,171.5,96.6,111.0,199.0,252.5,31.1,181.5,132.0,87.1,146.0,44.35,49.75,91.0,47.35
34.85,33.15,69.7,49.3,98.7,72.4,11.9,38.05,105.5,28.65,34.2,343.5,169.5,18.1,123.0,329.5,17.25,51.8,23.7,46.15,136.5,25.35,13.6,16.0,24.05,58.3,240.5,326.0,27.35,41.25,29.45,20.0,24.2,242.0,225.0,242.0,40.6,11.25,129.0,,21.5,70.6,17.4,,340.0,224.0,19.55,14.2,98.6,35.65,19.7,19.1,60.4,22.1,213.5,118.5,36.65,39.1,68.7,137.5,50.4,81.5,62.1,225.5,53.3,12.4,107.0,128.5,28.1,21.5,67.7,232.5,225.0,171.0,39.45,45.9,12.1,32.3,10.55,16.0,15.5,30.4,224.0,17.6,31.35,10.2,28.8,10.75,10.1,12.3,17.6,47.45,47.25,9.92,20.4,15.25,25.7,13.4,9.73,10.25,19.9,19.8,313.5,84.9,3315.0,66.4,139.5,81.5,108.0,48.3,19.0,204.5,197.0,10.25,139.5,49.65,7.83,36.65,27.1,72.3,45.1,51.0,120.0,81.5,38.0,34.4,96.4,17.8,7.14,84.1,70.1,78.3,80.9,505.0,265.0,479.0,171.5,96.6,111.5,199.0,252.5,31.05,181.5,132.0,87.1,146.0,44.35,49.75,91.0,47.35
34.85,33.1,69.7,49.3,98.6,72.3,11.9,38.05,105.0,28.6,34.2,343.5,169.5,18.05,123.0,329.5,17.25,51.8,23.7,46.15,136.5,25.35,13.6,16.0,24.05,58.3,240.5,326.0,27.35,41.25,29.45,20.0,24.2,242.0,225.0,242.0,40.55,11.25,129.0,,21.5,70.6,17.45,,339.5,223.5,19.5,14.15,98.6,35.65,19.7,19.1,60.4,22.1,213.5,118.5,36.65,39.15,68.6,138.0,50.4,81.5,62.1,225.5,53.3,12.45,107.0,128.5,28.1,21.45,67.7,232.5,225.0,171.0,39.4,45.9,12.1,32.3,10.55,16.0,15.45,30.4,224.0,17.6,31.35,10.2,28.8,10.7,10.1,12.3,17.6,47.45,47.3,9.92,20.35,15.25,25.75,13.4,9.74,10.25,19.9,19.8,313.5,84.9,3315.0,66.2,139.0,81.5,108.0,48.35,19.05,204.5,197.0,10.25,139.5,49.6,7.82,36.65,27.1,72.3,45.1,51.0,119.5,81.5,38.0,34.4,96.4,17.8,7.14,84.1,70.1,78.3,80.9,505.0,265.0,479.0,171.5,96.5,111.5,199.0,252.5,31.05,181.5,132.0,87.1,146.0,44.35,49.85,91.0,47.35
34.85,33.15,69.8,49.3,98.7,72.4,11.9,38.05,105.0,28.6,34.2,343.5,169.5,18.05,123.0,329.5,17.25,51.8,23.7,46.15,136.5,25.35,13.6,16.0,24.05,58.3,240.5,326.0,27.35,41.3,29.45,20.0,24.2,243.0,225.0,242.0,40.55,11.2,129.0,,21.5,70.6,17.4,,339.5,224.0,19.55,14.2,98.6,35.65,19.75,19.1,60.4,22.1,214.0,118.5,36.7,39.15,68.7,138.0,50.4,81.5,62.1,225.5,53.3,12.4,107.5,128.5,28.05,21.45,67.8,232.5,225.0,171.5,39.4,45.95,12.1,32.3,10.55,16.0,15.5,30.4,224.0,17.6,31.4,10.2,28.8,10.75,10.1,12.3,17.6,47.45,47.25,9.92,20.35,15.3,25.7,13.4,9.74,10.25,19.9,19.8,313.5,84.9,3315.0,66.2,139.0,81.5,108.0,48.4,19.0,204.5,197.0,10.2,139.5,49.6,7.82,36.65,27.1,72.3,45.1,51.0,119.5,81.5,38.0,34.4,96.2,17.8,7.15,84.0,70.1,78.3,80.8,505.0,265.0,479.0,171.5,96.5,111.5,199.0,252.5,31.05,181.5,132.0,87.1,146.0,44.35,49.85,91.0,47.35
34.85,33.1,69.7,49.3,98.7,72.3,11.9,38.05,105.0,28.6,34.2,343.5,169.5,18.05,123.0,329.5,17.25,51.7,23.7,46.15,136.5,25.35,13.55,16.0,24.05,58.3,240.5,326.0,27.35,41.25,29.45,20.0,24.25,243.0,225.0,242.0,40.55,11.25,129.0,,21.5,70.6,17.4,,339.5,224.0,19.55,14.15,98.6,35.65,19.7,19.15,60.4,22.1,214.0,118.5,36.7,39.1,68.6,137.5,50.4,81.4,62.2,225.0,53.4,12.4,107.0,128.5,28.1,21.5,67.8,232.5,225.0,171.0,39.4,45.9,12.1,32.3,10.5,16.0,15.5,30.4,224.0,17.6,31.4,10.2,28.8,10.7,10.1,12.3,17.55,47.45,47.3,9.92,20.35,15.25,25.75,13.4,9.73,10.3,19.9,19.8,313.5,84.9,3315.0,66.2,139.5,81.5,108.0,48.45,19.0,204.5,197.0,10.25,139.5,49.6,7.82,36.65,27.1,72.3,45.1,51.0,119.5,81.5,38.0,34.4,96.2,17.8,7.14,84.0,70.1,78.3,80.9,505.0,265.0,478.5,171.5,96.5,111.5,199.0,252.5,31.05,182.0,132.0,87.1,146.0,44.35,49.75,91.0,47.35
34.85,33.15,69.8,49.35,98.6,72.3,11.9,38.05,105.0,28.65,34.2,343.5,169.5,18.05,123.0,329.5,17.25,51.7,23.7,46.15,136.5,25.35,13.6,16.0,24.05,58.3,240.0,326.0,27.35,41.25,29.45,20.0,24.25,243.0,225.0,242.0,40.6,11.25,129.0,,21.5,70.6,17.45,,340.0,224.0,19.55,14.2,98.7,35.65,19.7,19.15,60.5,22.1,213.5,118.5,36.7,39.15,68.5,137.5,50.4,81.4,62.2,225.0,53.3,12.4,107.0,128.5,28.05,21.4,67.8,232.5,224.5,171.5,39.4,45.9,12.1,32.3,10.5,16.0,15.5,30.4,224.0,17.55,31.4,10.2,28.8,10.75,10.1,12.3,17.55,47.45,47.3,9.92,20.35,15.25,25.75,13.4,9.74,10.25,19.9,19.8,313.5,84.9,3315.0,66.2,139.0,81.5,107.5,48.5,19.05,204.5,197.0,10.2,139.5,49.6,7.82,36.65,27.1,72.3,45.15,50.9,119.5,81.5,38.0,34.4,96.3,17.8,7.15,84.1,70.1,78.3,80.8,505.0,265.0,478.0,171.5,96.5,111.5,199.0,252.5,31.05,181.5,132.0,87.1,146.0,44.35,49.75,91.0,47.35
34.9,33.1,69.8,49.35,98.7,72.4,11.9,38.05,105.0,28.6,34.2,343.5,169.5,18.1,123.0,329.5,17.25,51.7,23.7,46.15,136.5,25.35,13.6,16.0,24.1,58.3,240.5,326.0,27.35,41.25,29.45,20.0,24.2,243.0,225.0,242.0,40.55,11.25,129.0,,21.45,70.6,17.45,,340.5,224.0,19.55,14.15,98.6,35.65,19.7,19.15,60.4,22.1,213.5,118.5,36.7,39.1,68.6,138.0,50.4,81.4,62.2,225.0,53.3,12.4,107.0,128.5,28.05,21.45,67.8,232.5,224.5,171.5,39.45,45.9,12.1,32.3,10.55,16.0,15.45,30.4,224.0,17.55,31.4,10.2,28.8,10.75,10.1,12.25,17.6,47.45,47.3,9.92,20.35,15.25,25.75,13.4,9.73,10.25,19.9,19.8,313.5,84.9,3315.0,66.3,139.5,81.5,108.0,48.5,19.05,204.5,196.5,10.2,139.5,49.6,7.82,36.65,27.1,72.3,45.15,50.9,119.5,81.5,37.95,34.3,96.3,17.8,7.14,84.1,70.1,78.3,80.8,505.0,265.0,478.0,172.0,96.5,111.5,199.0,252.5,31.1,181.5,132.0,87.1,145.5,44.35,49.75,91.0,47.35
34.85,33.15,69.8,49.35,98.7,72.4,11.9,38.05,105.0,28.65,34.2,343.5,169.5,18.05,123.0,329.5,17.25,51.7,23.7,46.15,136.5,25.35,13.6,16.0,24.1,58.3,240.5,326.0,27.35,41.25,29.45,20.0,24.25,243.0,225.0,242.0,40.55,11.2,129.0,,21.45,70.6,17.45,,340.0,223.5,19.5,14.15,98.6,35.7,19.7,19.1,60.4,22.15,213.5,118.5,36.7,39.1,68.6,137.5,50.3,81.4,62.2,225.0,53.4,12.4,107.5,129.0,28.05,21.5,67.7,232.5,224.5,171.0,39.45,45.9,12.05,32.3,10.55,16.0,15.45,30.35,224.0,17.55,31.4,10.2,28.85,10.75,10.05,12.3,17.6,47.45,47.25,9.93,20.4,15.25,25.75,13.4,9.74,10.25,19.9,19.8,313.5,85.0,3315.0,66.3,139.5,81.5,108.0,48.5,19.0,204.0,196.5,10.2,139.5,49.6,7.82,36.65,27.1,72.3,45.2,50.9,119.5,81.5,37.95,34.3,96.3,17.8,7.14,84.1,70.1,78.4,80.9,505.0,265.0,478.0,172.0,96.4,111.5,199.0,253.0,31.1,181.5,132.0,87.1,145.5,44.25,49.75,91.0,47.35
34.85,33.1,69.8,49.35,98.7,72.3,11.85,38.05,105.0,28.6,34.2,343.5,169.5,18.05,123.0,329.5,17.25,51.7,23.7,46.15,136.5,25.35,13.6,16.0,24.05,58.3,240.5,326.0,27.4,41.3,29.45,20.0,24.25,243.0,225.0,242.0,40.6,11.25,129.0,,21.45,70.6,17.4,,340.0,224.0,19.5,14.2,98.6,35.7,19.7,19.1,60.4,22.15,213.5,118.5,36.7,39.1,68.6,137.5,50.4,81.4,62.2,225.0,53.3,12.45,107.5,128.5,28.05,21.5,67.7,232.5,224.5,171.0,39.45,45.9,12.1,32.3,10.55,16.0,15.45,30.4,224.0,17.6,31.4,10.2,28.85,10.7,10.05,12.3,17.6,47.5,47.3,9.93,20.4,15.25,25.75,13.4,9.73,10.3,19.9,19.8,313.0,84.9,3315.0,66.2,139.0,81.5,108.0,48.5,19.0,204.5,196.0,10.25,139.5,49.6,7.83,36.65,27.1,72.3,45.2,50.9,119.5,81.4,37.95,34.3,96.3,17.8,7.14,84.1,70.2,78.4,80.8,505.0,265.0,478.0,172.0,96.5,111.5,199.0,252.5,31.05,182.0,132.0,87.1,146.0,44.35,49.75,91.0,47.35
34.85,33.15,69.8,49.35,98.7,72.3,11.85,38.05,105.0,28.65,34.2,343.5,170.0,18.05,123.0,330.0,17.25,51.7,23.7,46.15,136.5,25.3,13.6,16.0,24.1,58.3,240.0,326.0,27.4,41.25,29.45,20.0,24.25,243.0,225.0,242.0,40.6,11.25,128.5,,21.45,70.6,17.4,,340.5,223.5,19.55,14.2,98.6,35.7,19.65,19.1,60.4,22.15,213.5,118.5,36.7,39.1,68.5,138.0,50.4,81.3,62.2,225.0,53.4,12.4,107.5,128.5,28.1,21.45,67.7,232.5,224.5,171.0,39.45,45.9,12.1,32.3,10.55,16.0,15.5,30.4,223.5,17.6,31.35,10.2,28.8,10.75,10.05,12.3,17.6,47.45,47.25,9.92,20.35,15.25,25.75,13.4,9.73,10.3,19.9,19.8,313.0,84.9,3315.0,66.2,139.0,81.4,107.5,48.55,19.05,204.5,196.5,10.2,139.5,49.55,7.83,36.65,27.1,72.3,45.2,50.9,119.5,81.5,38.0,34.3,96.3,17.8,7.15,84.1,70.2,78.3,80.8,505.0,265.0,478.0,172.0,96.5,111.5,199.0,252.5,31.1,182.0,132.0,87.1,146.5,44.35,49.75,91.0,47.3
34.85,33.1,69.8,49.35,98.7,72.4,11.9,38.0,105.0,28.65,34.15,343.0,170.0,18.05,123.0,330.0,17.25,51.7,23.7,46.15,136.5,25.3,13.6,16.0,24.05,58.5,240.5,326.0,27.4,41.25,29.45,20.0,24.25,243.0,225.0,242.0,40.55,11.25,129.0,,21.45,70.6,17.45,,340.5,223.5,19.55,14.2,98.6,35.75,19.65,19.1,60.4,22.15,214.0,118.5,36.7,39.1,68.5,138.0,50.4,81.3,62.2,225.0,53.4,12.45,107.0,128.5,28.1,21.5,67.7,232.5,224.5,171.0,39.5,45.9,12.1,32.3,10.55,16.0,15.5,30.35,223.5,17.6,31.35,10.2,28.8,10.75,10.05,12.3,17.6,47.45,47.25,9.92,20.35,15.25,25.7,13.4,9.73,10.25,19.9,19.8,313.0,85.0,3315.0,66.3,139.5,81.4,108.0,48.55,19.05,205.0,197.0,10.2,139.5,49.6,7.84,36.65,27.1,72.3,45.2,50.9,119.5,81.5,38.05,34.3,96.3,17.8,7.14,84.2,70.2,78.3,80.8,505.0,265.0,478.0,172.0,96.5,111.5,199.0,252.5,31.05,182.0,132.0,87.1,146.5,44.35,49.75,91.0,47.3
34.85,33.15,69.8,49.25,98.7,72.4,11.9,38.0,105.5,28.65,34.2,343.0,169.5,18.05,123.0,330.5,17.25,51.7,23.7,46.15,136.5,25.3,13.6,16.0,24.1,58.5,240.5,326.0,27.4,41.25,29.45,20.0,24.25,243.0,225.0,242.0,40.55,11.2,129.0,,21.45,70.6,17.4,,340.5,224.0,19.55,14.2,98.7,35.75,19.65,19.1,60.4,22.1,214.0,118.5,36.7,39.05,68.5,137.5,50.4,81.3,62.1,225.0,53.4,12.4,107.5,128.5,28.1,21.5,67.7,232.5,225.0,171.0,39.5,45.9,12.1,32.3,10.5,16.0,15.5,30.35,223.5,17.6,31.35,10.2,28.8,10.75,10.05,12.3,17.6,47.45,47.25,9.92,20.35,15.25,25.75,13.4,9.73,10.25,19.9,19.8,313.0,85.0,3315.0,66.3,139.0,81.5,108.0,48.5,19.0,205.0,196.5,10.25,140.0,49.6,7.84,36.6,27.1,72.3,45.2,50.9,119.5,81.5,38.05,34.3,96.3,17.8,7.14,84.2,70.1,78.3,80.8,505.0,265.0,478.0,172.0,96.5,111.0,199.0,252.5,31.05,182.0,132.0,87.1,146.5,44.4,49.7,91.0,47.3
34.8,33.1,69.8,49.25,98.7,72.3,11.9,38.0,105.5,28.6,34.2,343.0,170.0,18.05,123.0,330.0,17.25,51.8,23.7,46.15,136.5,25.3,13.6,16.0,24.05,58.5,240.0,326.0,27.35,41.25,29.45,20.05,24.25,243.0,225.0,242.0,40.55,11.25,129.0,,21.45,70.6,17.4,,341.0,224.0,19.55,14.2,98.7,35.75,19.7,19.1,60.4,22.1,214.0,118.5,36.7,39.1,68.5,137.5,50.4,81.2,62.1,225.0,53.4,12.45,107.0,128.5,28.1,21.5,67.7,232.5,225.0,171.0,39.45,45.9,12.1,32.3,10.55,16.0,15.5,30.35,223.5,17.55,31.35,10.2,28.8,10.7,10.05,12.3,17.6,47.5,47.25,9.92,20.35,15.25,25.75,13.4,9.73,10.25,19.9,19.8,313.0,85.0,3310.0,66.3,139.0,81.5,108.0,48.5,19.0,205.0,196.5,10.25,140.0,49.55,7.84,36.6,27.1,72.3,45.25,50.9,119.5,81.6,38.05,34.3,96.3,17.8,7.15,84.1,70.1,78.3,80.8,505.0,265.0,478.0,172.0,96.4,111.0,199.0,253.0,31.1,182.0,132.0,87.1,146.0,44.4,49.7,91.0,47.35
34.85,33.15,69.9,49.3,98.7,72.4,11.9,38.0,105.5,28.6,34.2,343.0,170.0,18.1,123.0,329.5,17.25,51.8,23.7,46.2,136.5,25.3,13.6,16.0,24.05,58.5,239.5,326.0,27.35,41.3,29.45,20.05,24.25,243.0,225.0,241.5,40.6,11.25,129.0,,21.45,70.5,17.45,,340.5,223.5,19.55,14.2,98.7,35.8,19.7,19.1,60.5,22.15,214.0,118.5,36.7,39.1,68.6,138.0,50.4,81.2,62.1,225.0,53.3,12.45,107.5,129.0,28.1,21.5,67.8,232.5,225.0,171.5,39.45,45.9,12.1,32.3,10.55,16.0,15.5,30.3,223.5,17.6,31.35,10.2,28.85,10.75,10.05,12.25,17.6,47.5,47.25,9.92,20.4,15.25,25.75,13.4,9.73,10.3,19.9,19.8,313.0,84.9,3310.0,66.3,139.0,81.5,107.5,48.5,19.0,205.0,197.0,10.2,140.0,49.6,7.83,36.65,27.1,72.3,45.25,50.9,119.5,81.5,38.05,34.3,96.2,17.8,7.15,84.1,70.1,78.3,80.8,505.0,265.0,478.0,171.5,96.3,111.5,199.0,252.5,31.1,182.0,132.0,87.1,146.0,44.4,49.7,91.0,47.35
34.85,33.1,69.8,49.3,98.7,72.4,11.9,38.0,105.5,28.6,34.2,343.0,170.0,18.1,123.0,329.5,17.25,51.8,23.7,46.2,136.5,25.3,13.55,16.0,24.05,58.5,239.5,326.0,27.35,41.25,29.45,20.05,24.25,243.0,225.0,241.5,40.55,11.25,129.0,,21.45,70.5,17.4,,340.5,223.5,19.55,14.2,98.8,35.8,19.7,19.1,60.4,22.15,214.0,119.0,36.7,39.05,68.5,138.0,50.3,81.2,62.1,225.0,53.3,12.45,107.0,129.0,28.1,21.5,67.8,232.5,225.5,171.5,39.45,45.9,12.1,32.3,10.5,16.0,15.45,30.35,223.5,17.6,31.35,10.2,28.8,10.7,10.05,12.25,17.6,47.45,47.3,9.92,20.35,15.25,25.75,13.4,9.73,10.3,19.9,19.8,313.5,84.9,3310.0,66.3,139.0,81.5,108.0,48.5,19.05,205.0,197.0,10.2,140.0,49.65,7.83,36.65,27.1,72.3,45.15,50.9,119.5,81.5,38.05,34.3,96.2,17.8,7.14,84.1,70.1,78.3,80.8,505.0,265.0,478.0,171.5,96.3,111.5,199.0,252.5,31.05,182.0,132.0,87.1,146.0,44.4,49.7,91.0,47.35
34.85,33.15,69.8,49.3,98.7,72.4,11.9,38.0,105.5,28.65,34.15,343.0,170.0,18.05,123.0,330.0,17.25,51.8,23.7,46.2,136.5,25.3,13.55,16.0,24.05,58.5,239.5,326.0,27.35,41.25,29.45,20.05,24.25,243.0,225.0,241.5,40.55,11.25,128.5,,21.45,70.6,17.4,,340.5,223.5,19.55,14.2,98.8,35.8,19.7,19.1,60.4,22.1,214.0,119.0,36.7,39.1,68.5,137.5,50.4,81.2,62.1,225.5,53.3,12.45,107.5,129.0,28.1,21.55,67.8,232.5,225.5,171.5,39.5,45.9,12.1,32.3,10.55,16.0,15.5,30.35,223.5,17.6,31.35,10.2,28.8,10.75,10.05,12.25,17.6,47.4,47.25,9.93,20.4,15.25,25.75,13.4,9.73,10.3,19.9,19.8,313.0,84.9,3310.0,66.3,139.5,81.4,107.5,48.5,19.0,205.0,197.5,10.2,140.0,49.65,7.83,36.65,27.1,72.3,45.1,50.9,119.5,81.5,38.05,34.3,96.2,17.8,7.15,84.1,70.1,78.4,80.8,505.0,265.0,477.5,171.5,96.3,111.5,199.0,253.0,31.1,181.0,132.0,87.1,146.0,44.4,49.75,91.0,47.35
34.85,33.15,69.8,49.3,98.7,72.4,11.85,38.0,105.0,28.6,34.2,343.0,169.5,18.05,123.0,330.0,17.25,51.8,23.7,46.2,136.5,25.3,13.55,16.0,24.05,58.5,239.5,327.0,27.35,41.25,29.4,20.05,24.25,242.0,225.0,241.5,40.55,11.25,128.5,,21.5,70.5,17.4,,340.5,223.5,19.55,14.15,98.9,35.8,19.65,19.15,60.4,22.1,214.0,119.0,36.75,39.1,68.5,138.0,50.4,81.2,62.1,225.5,53.3,12.45,107.0,129.0,28.1,21.45,67.8,233.0,225.0,171.5,39.5,45.9,12.1,32.3,10.55,16.0,15.5,30.35,223.5,17.6,31.35,10.2,28.85,10.7,10.05,12.25,17.6,47.45,47.25,9.93,20.4,15.25,25.75,13.4,9.74,10.25,19.9,19.8,313.5,84.9,3315.0,66.3,139.5,81.4,108.0,48.55,19.0,205.0,197.5,10.25,140.0,49.6,7.83,36.65,27.1,72.3,45.1,50.9,119.5,81.6,38.15,34.3,96.2,17.8,7.14,84.2,70.2,78.3,80.8,505.0,265.0,477.0,171.5,96.3,111.5,199.0,253.0,31.1,181.0,132.0,87.1,146.0,44.4,49.75,91.0,47.35
34.85,33.15,69.8,49.3,98.6,72.4,11.9,38.0,105.5,28.6,34.2,343.0,169.5,18.1,123.0,330.0,17.25,51.8,23.65,46.2,136.5,25.3,13.55,16.0,24.1,58.5,239.5,327.0,27.35,41.25,29.4,20.05,24.25,242.0,225.0,241.5,40.6,11.2,128.5,,21.45,70.5,17.4,,340.5,224.0,19.55,14.2,98.9,35.8,19.6,19.15,60.4,22.1,214.0,119.0,36.75,39.1,68.5,138.0,50.4,81.2,62.1,225.5,53.2,12.45,107.5,129.0,28.1,21.5,67.8,232.5,225.5,171.5,39.45,45.9,12.1,32.3,10.55,16.0,15.5,30.35,223.5,17.6,31.35,10.2,28.85,10.7,10.05,12.25,17.6,47.45,47.25,9.92,20.35,15.25,25.75,13.4,9.73,10.25,19.85,19.8,313.5,84.9,3315.0,66.3,139.0,81.4,108.0,48.6,19.0,205.0,197.5,10.2,140.0,49.55,7.83,36.65,27.1,72.4,45.2,50.9,119.5,81.6,38.15,34.3,96.3,17.75,7.14,84.2,70.1,78.3,80.7,505.0,265.0,477.0,171.5,96.3,111.5,199.0,253.0,31.1,181.0,132.0,87.1,146.5,44.25,49.75,91.0,47.3
34.8,33.1,69.8,49.3,98.7,72.4,11.9,38.0,105.0,28.6,34.2,343.0,169.5,18.1,123.0,330.0,17.25,51.7,23.65,46.15,136.5,25.3,13.55,16.0,24.05,58.5,240.0,326.0,27.35,41.25,29.4,20.05,24.2,242.0,225.0,241.5,40.55,11.25,128.5,,21.5,70.5,17.4,,340.5,224.0,19.55,14.2,98.9,35.75,19.6,19.15,60.4,22.15,214.0,119.0,36.75,39.1,68.5,138.0,50.4,81.3,62.1,225.0,53.3,12.45,107.5,129.0,28.1,21.5,67.8,232.5,225.0,171.0,39.45,45.9,12.1,32.3,10.55,16.0,15.5,30.35,223.5,17.6,31.35,10.2,28.8,10.7,10.05,12.3,17.6,47.45,47.25,9.92,20.35,15.25,25.75,13.4,9.74,10.25,19.85,19.8,313.5,84.9,3315.0,66.3,139.0,81.4,108.0,48.7,19.0,205.0,197.0,10.25,140.0,49.6,7.83,36.65,27.1,72.2,45.2,50.9,119.5,81.7,38.15,34.3,96.2,17.75,7.15,84.1,70.1,78.3,80.8,505.0,265.0,477.0,171.5,96.2,112.0,199.0,252.5,31.1,181.0,132.0,87.1,146.5,44.25,49.75,91.0,47.3
34.85,33.2,69.8,49.3,98.7,72.3,11.9,38.0,105.5,28.65,34.2,343.0,169.5,18.05,122.5,330.5,17.25,51.7,23.65,46.15,136.5,25.3,13.55,16.0,24.1,58.5,240.0,326.0,27.35,41.3,29.4,20.0,24.2,242.0,225.0,241.5,40.55,11.2,128.5,,21.5,70.5,17.45,,340.5,224.0,19.55,14.2,98.9,35.75,19.6,19.1,60.3,22.15,214.0,119.0,36.7,39.1,68.4,137.5,50.4,81.3,62.1,225.0,53.2,12.4,107.5,129.0,28.1,21.55,67.8,232.5,225.0,171.0,39.45,45.9,12.1,32.3,10.5,16.0,15.45,30.35,223.5,17.6,31.35,10.2,28.85,10.75,10.05,12.3,17.6,47.4,47.25,9.93,20.35,15.25,25.7,13.4,9.73,10.25,19.9,19.8,313.5,84.9,3315.0,66.3,139.0,81.4,108.0,48.65,19.0,205.0,197.0,10.25,140.0,49.6,7.83,36.65,27.1,72.3,45.25,50.9,119.5,81.7,38.15,34.3,96.2,17.8,7.14,84.2,70.1,78.3,80.8,505.0,265.0,477.0,171.5,96.2,112.0,199.0,252.5,31.1,181.0,132.0,87.1,146.5,44.35,49.75,91.0,47.3
34.85,33.1,69.8,49.4,98.6,72.3,11.9,38.05,105.5,28.65,34.2,343.0,169.5,18.05,122.5,330.5,17.25,51.7,23.65,46.2,136.5,25.3,13.55,16.0,24.05,58.5,240.0,326.0,27.35,41.25,29.4,20.05,24.2,242.0,225.0,241.5,40.55,11.25,129.0,,21.5,70.6,17.4,,340.5,224.0,19.5,14.15,98.9,35.75,19.6,19.1,60.3,22.1,214.0,119.0,36.7,39.1,68.4,137.5,50.4,81.2,62.1,225.5,53.2,12.4,107.0,129.0,28.1,21.55,67.8,232.5,225.0,171.0,39.5,45.9,12.1,32.3,10.55,16.0,15.45,30.35,223.5,17.6,31.35,10.2,28.8,10.75,10.05,12.3,17.6,47.4,47.25,9.92,20.4,15.25,25.75,13.4,9.73,10.25,19.9,19.8,313.5,84.9,3320.0,66.3,139.0,81.5,108.0,48.7,19.05,205.0,197.0,10.2,140.0,49.65,7.83,36.65,27.1,72.2,45.25,50.9,119.5,81.7,38.15,34.3,96.2,17.75,7.14,84.2,70.1,78.3,80.8,505.0,265.0,477.0,171.5,96.2,112.0,199.0,252.5,31.05,181.0,132.0,87.1,146.5,44.35,49.75,91.0,47.3
34.85,33.2,69.8,49.4,98.7,72.4,11.9,38.05,105.0,28.65,34.2,343.0,170.0,18.05,122.5,331.0,17.25,51.8,23.7,46.2,136.5,25.3,13.55,16.0,24.05,58.5,239.5,326.5,27.35,41.2,29.4,20.05,24.25,242.0,225.0,241.5,40.6,11.25,129.0,,21.5,70.5,17.4,,341.0,224.0,19.5,14.15,98.8,35.75,19.6,19.1,60.4,22.1,214.0,119.0,36.6,39.1,68.5,137.5,50.4,81.2,62.1,225.5,53.2,12.45,107.0,129.0,28.05,21.55,67.8,232.5,225.0,171.5,39.5,45.9,12.15,32.3,10.55,16.0,15.5,30.35,223.5,17.6,31.35,10.2,28.8,10.75,10.05,12.3,17.6,47.45,47.3,9.92,20.4,15.3,25.75,13.4,9.73,10.3,19.9,19.8,313.5,84.9,3320.0,66.3,139.5,81.5,107.5,48.75,19.05,204.0,197.0,10.2,140.0,49.65,7.83,36.65,27.1,72.2,45.25,50.9,119.5,81.6,38.15,34.3,96.2,17.75,7.14,84.2,70.1,78.4,80.8,505.0,265.0,477.0,171.5,96.3,112.0,199.0,252.5,31.1,181.5,132.0,87.1,146.5,44.35,49.75,91.0,47.3
34.85,33.1,69.8,49.4,98.7,72.4,11.85,38.05,105.0,28.6,34.2,343.0,170.0,18.05,122.5,330.5,17.25,51.8,23.7,46.2,136.5,25.3,13.55,16.0,24.05,58.5,240.0,327.5,27.35,41.2,29.4,20.05,24.25,242.0,225.0,241.5,40.6,11.25,129.0,,21.5,70.5,17.45,,340.5,224.0,19.5,14.15,99.0,35.8,19.6,19.1,60.3,22.1,214.0,119.0,36.6,39.05,68.4,137.5,50.4,81.2,62.1,225.5,53.3,12.45,107.0,128.5,28.1,21.5,67.8,232.5,225.5,171.5,39.5,45.9,12.1,32.3,10.55,16.0,15.5,30.35,223.5,17.6,31.35,10.2,28.8,10.75,10.05,12.25,17.6,47.45,47.3,9.92,20.4,15.25,25.75,13.4,9.73,10.25,19.9,19.8,313.5,84.9,3320.0,66.3,139.5,81.4,108.0,48.9,19.05,204.0,197.0,10.2,140.0,49.6,7.83,36.65,27.1,72.2,45.3,50.9,119.5,81.6,38.15,34.3,96.2,17.75,7.14,84.2,70.1,78.4,80.8,505.0,265.0,477.0,171.5,96.3,112.0,199.0,252.5,31.1,181.5,132.5,87.1,146.5,44.35,49.75,91.0,47.3
34.85,33.1,69.8,49.4,98.6,72.3,11.9,38.05,105.0,28.65,34.2,343.0,170.0,18.05,122.5,330.0,17.25,51.7,23.7,46.2,136.5,25.3,13.55,16.0,24.05,58.5,240.0,327.5,27.35,41.2,29.4,20.05,24.25,242.0,225.0,241.5,40.6,11.25,128.5,,21.5,70.5,17.4,,340.5,224.0,19.5,14.15,99.0,35.8,19.6,19.1,60.3,22.1,214.0,119.0,36.6,39.1,68.5,138.0,50.4,81.2,62.1,225.5,53.2,12.4,107.5,128.5,28.1,21.55,67.8,233.0,225.0,171.5,39.5,45.9,12.1,32.3,10.55,16.0,15.5,30.35,223.5,17.6,31.35,10.2,28.85,10.7,10.05,12.25,17.6,47.45,47.25,9.92,20.4,15.25,25.75,13.4,9.73,10.25,19.9,19.8,313.5,84.9,3320.0,66.4,139.0,81.4,108.0,48.9,19.05,204.5,197.5,10.2,140.0,49.6,7.83,36.65,27.1,72.2,45.3,50.9,120.0,81.7,38.15,34.3,96.2,17.8,7.14,84.2,70.1,78.4,80.8,505.0,265.0,477.0,171.5,96.3,111.5,199.0,252.5,31.1,181.5,132.5,87.1,146.5,44.35,49.75,91.0,47.3
34.85,33.1,69.8,49.4,98.7,72.4,11.9,38.05,105.5,28.65,34.2,343.0,170.0,18.05,123.0,330.0,17.25,51.7,23.7,46.15,136.5,25.3,13.55,16.0,24.1,58.5,240.0,327.5,27.35,41.2,29.4,20.05,24.25,242.0,225.0,241.5,40.6,11.25,128.5,,21.45,70.6,17.4,,340.5,223.5,19.5,14.15,98.9,35.8,19.6,19.1,60.3,22.1,214.0,119.0,36.65,39.1,68.4,137.5,50.4,81.2,62.1,225.0,53.2,12.4,107.0,128.5,28.1,21.5,67.8,233.0,225.0,171.5,39.55,45.9,12.1,32.3,10.55,16.0,15.45,30.35,223.5,17.55,31.35,10.2,28.85,10.75,10.05,12.3,17.6,47.45,47.25,9.92,20.4,15.25,25.75,13.4,9.73,10.3,19.9,19.8,313.5,84.9,3325.0,66.5,139.0,81.4,107.5,48.75,19.05,204.5,197.0,10.2,139.5,49.6,7.83,36.65,27.1,72.3,45.3,50.9,119.5,81.8,38.15,34.3,96.3,17.75,7.15,84.2,70.0,78.4,80.8,505.0,265.0,477.0,171.5,96.4,111.5,199.0,252.5,31.1,181.5,132.0,87.1,146.5,44.35,49.75,91.0,47.3
34.8,33.1,69.8,49.45,98.7,72.4,11.9,38.05,105.0,28.65,34.2,343.0,169.5,18.05,123.0,330.0,17.25,51.7,23.7,46.15,136.5,25.25,13.55,16.0,24.05,58.5,239.5,327.5,27.35,41.2,29.4,20.05,24.25,242.0,225.0,241.5,40.6,11.25,128.5,,21.45,70.5,17.45,,341.0,223.5,19.55,14.2,99.0,35.8,19.6,19.1,60.3,22.1,214.0,119.0,36.65,39.1,68.3,137.5,50.4,81.2,62.2,225.0,53.2,12.4,107.0,129.0,28.1,21.6,67.8,232.5,225.0,171.0,39.5,45.9,12.1,32.3,10.55,16.0,15.5,30.35,223.5,17.55,31.35,10.2,28.8,10.7,10.05,12.3,17.6,47.45,47.3,9.93,20.4,15.25,25.75,13.4,9.73,10.25,19.9,19.8,313.0,84.9,3325.0,66.5,139.5,81.4,108.0,48.75,19.05,204.5,197.0,10.25,139.5,49.6,7.84,36.65,27.1,72.2,45.25,50.9,119.5,81.8,38.15,34.3,96.3,17.8,7.15,84.3,70.0,78.4,80.9,505.0,265.0,477.0,172.0,96.5,111.5,199.0,252.5,31.1,181.5,132.0,87.1,146.5,44.35,49.75,91.0,47.3
34.85,33.1,69.8,49.6,98.6,72.4,11.9,38.05,105.5,28.6,34.2,343.0,169.5,18.1,123.0,329.5,17.25,51.7,23.7,46.2,136.5,25.25,13.55,16.0,24.1,58.5,240.0,327.5,27.35,41.2,29.4,20.05,24.2,242.0,225.0,241.5,40.6,11.25,129.0,,21.5,70.6,17.45,,341.0,223.5,19.55,14.2,99.0,35.8,19.6,19.1,60.3,22.1,214.0,119.0,36.65,39.1,68.4,137.5,50.4,81.2,62.2,225.0,53.2,12.4,107.0,129.0,28.05,21.55,67.8,232.5,225.0,171.5,39.5,45.9,12.1,32.3,10.55,16.0,15.5,30.35,223.5,17.55,31.35,10.15,28.8,10.7,10.05,12.3,17.6,47.45,47.25,9.92,20.35,15.25,25.75,13.4,9.73,10.25,19.85,19.8,313.5,84.9,3325.0,66.5,139.0,81.5,108.0,48.7,19.0,204.5,197.5,10.25,140.0,49.6,7.83,36.6,27.1,72.3,45.25,50.9,120.0,81.8,38.15,34.3,96.2,17.8,7.14,84.3,70.0,78.4,80.9,505.0,265.0,477.0,172.0,96.4,111.5,199.0,252.5,31.05,181.0,132.0,87.1,146.5,44.35,49.75,90.9,47.3
34.85,33.1,69.8,49.6,98.7,72.4,11.9,38.05,105.5,28.65,34.2,343.0,170.0,18.05,123.0,329.0,17.25,51.7,23.65,46.15,136.5,25.25,13.55,16.0,24.05,58.5,239.5,327.5,27.35,41.2,29.4,20.05,24.2,242.0,225.0,241.5,40.6,11.2,129.0,,21.45,70.5,17.45,,341.5,224.0,19.6,14.2,99.0,35.8,19.55,19.15,60.3,22.15,214.0,119.0,36.65,39.1,68.4,137.5,50.4,81.2,62.1,225.0,53.2,12.45,107.5,129.0,28.05,21.6,67.8,233.0,225.0,171.5,39.5,45.95,12.1,32.3,10.55,16.0,15.45,30.35,223.5,17.6,31.4,10.15,28.85,10.75,10.05,12.3,17.6,47.45,47.3,9.92,20.4,15.3,25.75,13.4,9.72,10.3,19.9,19.8,313.5,84.9,3325.0,66.5,139.0,81.5,108.0,48.75,19.0,204.5,197.5,10.25,140.0,49.6,7.82,36.65,27.1,72.2,45.25,50.9,120.0,81.8,38.15,34.3,96.2,17.8,7.14,84.2,70.0,78.4,80.9,505.0,265.0,477.0,172.0,96.4,111.5,199.0,253.0,31.1,181.5,132.0,87.1,146.5,44.35,49.75,90.9,47.3
34.85,33.1,69.8,49.6,98.7,72.4,11.9,38.05,105.0,28.6,34.2,343.0,170.0,18.05,123.0,329.0,17.25,51.7,23.65,46.15,136.5,25.25,13.55,16.0,24.05,58.5,239.5,327.5,27.35,41.2,29.4,20.05,24.2,242.0,225.0,241.5,40.6,11.25,129.0,,21.45,70.6,17.4,,342.0,223.5,19.6,14.2,99.0,35.75,19.55,19.1,60.3,22.1,214.0,119.5,36.65,39.1,68.5,137.5,50.3,81.2,62.2,225.0,53.2,12.4,107.0,129.0,28.1,21.6,67.8,233.0,225.0,172.0,39.45,45.9,12.1,32.3,10.55,16.1,15.5,30.35,223.5,17.55,31.4,10.15,28.8,10.75,10.05,12.3,17.6,47.45,47.25,9.92,20.4,15.25,25.7,13.4,9.72,10.25,19.9,19.85,313.5,84.9,3325.0,66.5,139.0,81.6,108.0,48.75,18.95,205.0,197.5,10.2,140.0,49.6,7.84,36.65,27.1,72.2,45.25,50.9,119.5,81.8,38.15,34.3,96.3,17.8,7.14,84.2,70.0,78.4,80.9,505.0,265.0,477.0,172.0,96.4,111.0,199.0,253.0,31.1,181.5,132.0,87.1,146.5,44.35,49.75,90.9,47.3
34.85,33.15,69.8,49.6,98.6,72.3,11.85,38.1,105.0,28.65,34.25,343.0,170.0,18.05,123.0,330.0,17.25,51.7,23.65,46.15,136.5,25.25,13.55,16.0,24.1,58.5,240.0,327.5,27.35,41.2,29.4,20.05,24.2,242.0,225.0,241.5,40.6,11.2,129.0,,21.45,70.5,17.45,,342.0,224.0,19.55,14.2,99.0,35.75,19.55,19.1,60.3,22.1,214.0,119.5,36.7,39.1,68.5,138.0,50.4,81.2,62.2,225.0,53.2,12.45,107.5,129.0,28.1,21.55,67.8,233.0,225.0,171.5,39.5,45.9,12.1,32.25,10.55,16.1,15.5,30.35,223.5,17.55,31.4,10.15,28.8,10.75,10.05,12.3,17.6,47.45,47.3,9.92,20.4,15.25,25.75,13.35,9.73,10.25,19.9,19.8,313.5,84.9,3325.0,66.5,139.0,81.5,108.0,48.7,18.95,205.0,197.5,10.25,140.0,49.65,7.83,36.65,27.1,72.2,45.25,51.0,119.5,81.8,38.15,34.3,96.3,17.8,7.15,84.1,70.0,78.4,80.9,505.0,265.0,477.0,172.0,96.4,111.5,199.0,253.0,31.1,181.5,132.0,87.1,146.5,44.35,49.75,90.9,47.35
34.8,33.1,69.8,49.6,98.7,72.4,11.85,38.1,105.0,28.6,34.25,343.0,170.0,18.1,122.5,330.0,17.25,51.7,23.65,46.2,136.5,25.25,13.55,16.0,24.05,58.5,240.0,326.5,27.35,41.2,29.4,20.05,24.2,242.0,225.0,241.5,40.6,11.25,128.5,,21.45,70.5,17.45,,342.0,224.0,19.55,14.2,99.0,35.75,19.6,19.15,60.4,22.1,214.0,119.5,36.7,39.1,68.4,137.5,50.4,81.2,62.1,225.0,53.2,12.4,107.0,129.0,28.05,21.6,67.7,233.0,225.0,172.0,39.5,45.9,12.1,32.25,10.55,16.1,15.5,30.35,223.5,17.6,31.4,10.15,28.8,10.7,10.05,12.3,17.6,47.45,47.25,9.92,20.4,15.25,25.7,13.4,9.72,10.3,19.9,19.8,313.5,84.9,3325.0,66.5,139.0,81.6,108.0,48.7,18.95,205.0,197.5,10.2,140.0,49.6,7.83,36.65,27.1,72.2,45.25,50.9,119.5,81.8,38.15,34.3,96.3,17.8,7.14,84.1,70.1,78.4,80.9,505.0,265.0,477.0,172.0,96.4,111.5,199.0,251.5,31.1,181.5,132.5,87.1,146.5,44.35,49.75,90.9,47.35
34.8,33.15,69.7,49.6,98.7,72.4,11.85,38.1,105.0,28.65,34.2,342.5,170.0,18.1,123.0,330.0,17.25,51.7,23.65,46.2,136.5,25.25,13.5,16.0,24.05,58.5,240.5,327.5,27.35,41.2,29.4,20.05,24.2,242.0,225.0,241.5,40.6,11.25,128.5,,21.45,70.5,17.4,,342.0,224.0,19.55,14.2,99.0,35.75,19.55,19.1,60.3,22.1,213.5,119.5,36.65,39.05,68.5,137.5,50.4,81.2,62.2,225.0,53.3,12.4,107.0,129.0,28.05,21.6,67.7,233.0,224.5,172.0,39.5,45.9,12.1,32.25,10.55,16.1,15.5,30.35,223.5,17.6,31.4,10.15,28.8,10.75,10.05,12.3,17.6,47.45,47.25,9.92,20.35,15.25,25.75,13.35,9.72,10.25,19.85,19.8,313.5,84.9,3325.0,66.5,139.5,81.6,108.0,48.65,18.95,205.0,197.5,10.25,140.5,49.6,7.83,36.65,27.1,72.2,45.25,50.9,119.5,81.7,38.15,34.3,96.3,17.8,7.14,84.2,70.0,78.4,80.9,505.0,265.0,477.0,172.0,96.5,111.5,199.0,251.5,31.1,182.0,132.0,87.1,146.5,44.35,49.75,90.9,47.35
34.85,33.1,69.8,49.6,98.6,72.4,11.85,38.1,105.0,28.6,34.25,343.0,170.0,18.05,123.0,330.5,17.25,51.7,23.65,46.15,136.5,25.25,13.5,16.0,24.1,58.5,240.5,327.5,27.35,41.25,29.4,20.05,24.2,242.0,225.0,242.0,40.55,11.25,128.5,,21.45,70.6,17.45,,342.0,224.0,19.55,14.2,99.0,35.75,19.55,19.1,60.3,22.1,213.5,119.5,36.65,39.1,68.5,137.5,50.3,81.2,62.2,225.0,53.2,12.4,107.0,129.0,28.1,21.55,67.7,233.0,224.5,172.0,39.5,45.9,12.1,32.25,10.55,16.1,15.5,30.35,223.5,17.6,31.4,10.15,28.8,10.7,10.05,12.3,17.6,47.45,47.25,9.92,20.35,15.25,25.75,13.4,9.72,10.25,19.85,19.8,313.5,84.9,3325.0,66.5,139.0,81.7,108.0,48.55,18.95,205.0,197.5,10.2,140.5,49.65,7.83,36.65,27.1,72.2,45.25,50.9,119.5,81.7,38.15,34.3,96.3,17.8,7.14,84.2,70.0,78.4,80.8,505.0,265.0,477.0,172.0,96.5,111.5,199.0,251.5,31.05,182.0,132.5,87.1,146.5,44.35,49.75,90.9,47.35
34.85,33.1,69.7,49.7,98.7,72.4,11.85,38.15,105.5,28.65,34.25,342.5,170.0,18.05,123.0,330.5,17.25,51.7,23.65,46.2,136.5,25.25,13.5,15.95,24.05,58.5,240.5,327.0,27.35,41.25,29.45,20.05,24.2,242.0,225.0,241.5,40.6,11.25,129.0,,21.45,70.5,17.4,,342.0,224.0,19.55,14.2,99.0,35.75,19.55,19.1,60.3,22.1,213.5,119.5,36.65,39.1,68.5,138.0,50.4,81.1,62.2,225.0,53.2,12.45,107.0,129.0,28.05,21.55,67.7,233.5,224.5,172.0,39.45,45.9,12.1,32.25,10.55,16.1,15.45,30.35,223.5,17.6,31.4,10.15,28.8,10.75,10.05,12.3,17.6,47.45,47.25,9.93,20.4,15.25,25.75,13.4,9.72,10.3,19.9,19.8,313.5,84.9,3325.0,66.5,139.0,81.7,107.5,48.5,19.0,205.0,197.0,10.25,140.5,49.65,7.83,36.65,27.1,72.2,45.3,50.9,119.5,81.7,38.15,34.3,96.4,17.8,7.15,84.2,70.0,78.4,80.8,505.0,265.0,477.0,172.0,96.5,111.0,199.0,253.5,31.1,182.0,132.0,87.1,146.5,44.35,49.75,90.9,47.35
34.85,33.1,69.7,49.6,98.7,72.4,11.9,38.15,105.0,28.65,34.25,342.5,170.0,18.1,123.0,330.5,17.25,51.7,23.65,46.2,136.5,25.25,13.5,15.95,24.05,58.5,240.5,327.0,27.35,41.25,29.45,20.05,24.2,242.0,225.0,241.5,40.6,11.25,129.0,,21.45,70.5,17.45,,342.0,224.0,19.55,14.2,99.0,35.75,19.55,19.1,60.3,22.1,213.5,119.5,36.7,39.15,68.5,138.0,50.4,81.1,62.2,225.0,53.3,12.4,107.0,128.5,28.1,21.6,67.7,233.5,224.5,172.0,39.45,45.9,12.1,32.25,10.5,16.1,15.5,30.3,223.5,17.6,31.4,10.15,28.8,10.7,10.05,12.3,17.6,47.45,47.25,9.92,20.4,15.25,25.75,13.4,9.72,10.3,19.9,19.8,313.0,84.9,3325.0,66.4,139.0,81.7,107.5,48.5,19.0,205.0,197.0,10.2,140.0,49.65,7.82,36.65,27.1,72.2,45.2,50.9,119.5,81.4,38.15,34.3,96.4,17.8,7.14,84.2,70.1,78.4,80.9,505.0,265.0,477.0,172.0,96.6,111.5,199.0,254.0,31.05,182.0,132.0,87.1,146.5,44.35,49.75,90.9,47.35
34.8,33.1,69.7,49.6,98.6,72.3,11.85,38.15,105.5,28.65,34.25,342.5,170.0,18.05,123.0,330.5,17.25,51.7,23.65,46.2,136.5,25.25,13.55,15.95,24.05,58.7,240.5,327.0,27.35,41.25,29.45,20.05,24.2,242.0,225.0,241.5,40.6,11.25,129.0,,21.45,70.5,17.4,,341.5,224.0,19.55,14.2,99.0,35.75,19.55,19.1,60.3,22.1,213.5,119.5,36.7,39.15,68.5,137.5,50.4,81.1,62.1,225.5,53.3,12.4,107.5,128.5,28.1,21.6,67.7,233.5,224.5,172.0,39.5,45.9,12.1,32.25,10.55,16.1,15.5,30.3,223.5,17.6,31.35,10.15,28.8,10.75,10.05,12.3,17.55,47.45,47.25,9.93,20.35,15.25,25.75,13.4,9.72,10.25,19.9,19.8,313.5,84.9,3325.0,66.5,139.0,81.6,107.5,48.5,18.95,205.0,197.5,10.25,140.0,49.6,7.82,36.65,27.1,72.3,45.2,50.9,119.5,81.5,38.15,34.3,96.4,17.8,7.14,84.2,70.0,78.4,80.9,505.0,265.0,477.0,172.0,96.5,111.5,199.0,254.0,31.1,182.0,132.0,87.1,146.5,44.35,49.75,90.9,47.3
34.85,33.1,69.8,49.6,98.7,72.3,11.85,38.15,105.5,28.65,34.25,342.5,170.0,18.05,123.0,330.5,17.3,51.7,23.65,46.2,136.5,25.25,13.5,15.95,24.05,58.7,240.5,327.0,27.35,41.2,29.45,20.05,24.2,242.0,225.0,241.5,40.6,11.25,128.5,,21.45,70.6,17.4,,341.0,224.0,19.55,14.2,99.0,35.7,19.55,19.1,60.3,22.1,213.5,119.5,36.7,39.15,68.5,137.5,50.3,81.1,62.1,226.0,53.3,12.4,107.0,129.0,28.1,21.55,67.7,233.5,224.5,171.5,39.5,45.9,12.1,32.3,10.55,16.1,15.5,30.35,223.5,17.6,31.3,10.15,28.8,10.75,10.05,12.3,17.55,47.45,47.25,9.92,20.35,15.25,25.75,13.4,9.73,10.3,19.9,19.8,313.5,84.9,3325.0,66.5,139.5,81.6,107.5,48.5,19.0,204.5,197.0,10.25,140.0,49.6,7.81,36.65,27.1,72.5,45.2,51.0,119.5,81.3,38.2,34.3,96.3,17.8,7.14,84.2,70.0,78.4,80.9,505.0,265.0,478.0,172.0,96.6,111.0,199.0,254.0,31.1,181.5,132.0,87.1,146.5,44.35,49.75,91.0,47.3
34.85,33.1,69.8,49.6,98.7,72.4,11.9,38.15,105.0,28.65,34.25,342.5,170.0,18.05,123.0,330.5,17.3,51.7,23.65,46.2,136.5,25.25,13.5,15.95,24.1,58.7,240.5,327.0,27.35,41.2,29.45,20.05,24.2,242.0,225.0,241.5,40.55,11.25,129.0,,21.45,70.5,17.45,,341.5,224.0,19.55,14.2,99.0,35.7,19.55,19.1,60.3,22.1,214.0,119.5,36.65,39.15,68.6,137.5,50.3,81.1,62.2,226.0,53.3,12.4,107.5,129.0,28.1,21.55,67.7,233.5,224.5,172.0,39.5,45.95,12.15,32.3,10.55,16.1,15.5,30.4,223.5,17.6,31.3,10.15,28.85,10.7,10.05,12.3,17.55,47.4,47.2,9.92,20.4,15.25,25.75,13.4,9.73,10.3,19.9,19.8,313.5,84.9,3325.0,66.5,139.0,81.6,107.5,48.5,19.0,204.5,197.0,10.2,140.0,49.6,7.81,36.65,27.1,72.4,45.2,50.9,119.5,81.3,38.2,34.3,96.3,17.8,7.15,84.1,70.0,78.4,80.9,505.0,265.0,478.0,172.5,96.6,111.0,199.0,254.0,31.05,181.5,132.0,87.1,146.5,44.35,49.75,91.0,47.3
34.85,33.1,69.8,49.65,98.7,72.4,11.9,38.15,105.0,28.6,34.25,342.5,170.0,18.1,123.0,330.5,17.25,51.7,23.65,46.2,136.5,25.25,13.5,15.95,24.05,58.7,240.5,328.0,27.35,41.2,29.45,20.05,24.2,242.5,225.0,241.5,40.5,11.25,128.5,,21.55,70.5,17.4,,341.5,224.0,19.55,14.15,99.0,35.7,19.5,19.1,60.3,22.1,214.0,119.5,36.7,39.1,68.6,137.5,50.4,81.1,62.2,225.5,53.3,12.45,107.0,129.0,28.1,21.55,67.7,233.5,225.0,171.0,39.5,45.9,12.1,32.3,10.55,16.1,15.45,30.35,223.5,17.6,31.3,10.15,28.8,10.7,10.05,12.3,17.55,47.4,47.25,9.92,20.35,15.3,25.75,13.4,9.73,10.25,19.9,19.8,313.5,84.9,3325.0,66.4,139.0,81.6,107.5,48.55,19.0,205.5,197.0,10.2,140.0,49.6,7.81,36.65,27.1,72.3,45.2,51.0,119.5,81.4,38.2,34.3,96.3,17.8,7.14,84.2,70.1,78.4,80.9,505.0,265.0,479.0,172.5,96.6,111.5,199.0,254.0,31.1,181.5,132.0,87.1,146.5,44.35,49.75,91.0,47.3
34.85,33.1,69.8,49.65,98.7,72.4,11.9,38.15,105.5,28.6,34.25,342.5,170.0,18.05,123.0,330.5,17.25,51.7,23.65,46.2,136.5,25.25,13.5,15.95,24.05,58.7,240.5,327.0,27.35,41.2,29.45,20.05,24.2,242.5,225.0,241.5,40.45,11.2,129.0,,21.55,70.5,17.4,,342.0,223.5,19.6,14.15,99.0,35.7,19.5,19.1,60.3,22.1,214.0,119.5,36.75,39.15,68.6,137.5,50.4,81.2,62.2,225.5,53.3,12.4,107.5,129.0,28.05,21.6,67.7,233.0,225.0,171.0,39.5,45.9,12.1,32.3,10.55,16.1,15.45,30.35,223.5,17.6,31.3,10.15,28.8,10.75,10.05,12.3,17.55,47.45,47.25,9.92,20.4,15.25,25.75,13.35,9.73,10.3,19.9,19.8,313.5,84.9,3325.0,66.4,139.5,81.6,107.5,48.65,19.0,205.5,197.5,10.2,140.0,49.65,7.81,36.65,27.1,72.3,45.2,50.9,119.5,81.5,38.2,34.4,96.3,17.8,7.15,84.2,70.0,78.5,80.9,505.0,265.0,479.0,172.5,96.4,111.5,199.0,254.0,31.1,181.5,132.0,87.1,146.5,44.35,49.75,91.0,47.35
34.9,33.1,69.8,49.65,98.7,72.4,11.9,38.15,105.5,28.65,34.2,342.5,170.0,18.1,123.0,331.0,17.25,51.7,23.65,46.2,136.5,25.25,13.5,15.95,24.1,58.7,240.5,328.5,27.4,41.25,29.45,20.05,24.2,242.5,225.0,241.5,40.45,11.25,128.5,,21.55,70.6,17.45,,341.5,224.0,19.55,14.15,99.0,35.75,19.5,19.1,60.4,22.15,214.5,119.5,36.75,39.05,68.5,138.0,50.4,81.2,62.2,226.0,53.3,12.45,107.5,129.0,28.1,21.6,67.7,233.5,225.0,171.5,39.55,45.9,12.15,32.3,10.55,16.1,15.45,30.35,223.5,17.6,31.3,10.2,28.8,10.75,10.05,12.25,17.55,47.45,47.25,9.92,20.4,15.25,25.75,13.4,9.73,10.3,19.9,19.8,313.5,84.9,3325.0,66.4,139.0,81.6,108.0,48.7,19.0,205.5,197.5,10.2,140.0,49.65,7.81,36.65,27.1,72.5,45.2,51.0,120.0,81.4,38.2,34.4,96.4,17.8,7.14,84.2,70.0,78.5,80.9,505.0,265.5,479.0,172.5,96.4,112.0,199.0,254.0,31.1,181.5,132.0,87.1,146.5,44.35,49.75,91.0,47.35
34.9,33.1,69.9,49.65,98.6,72.4,11.9,38.15,105.5,28.65,34.25,342.5,170.0,18.1,122.5,330.5,17.25,51.7,23.75,46.15,136.5,25.25,13.5,15.95,24.1,58.5,240.5,328.5,27.4,41.25,29.45,20.05,24.2,242.5,225.0,241.5,40.45,11.25,129.0,,21.55,70.6,17.45,,341.5,224.5,19.55,14.2,99.0,35.75,19.55,19.1,60.4,22.15,215.0,119.5,36.75,39.15,68.6,138.0,50.4,81.2,62.2,225.5,53.3,12.45,107.5,129.0,28.15,21.6,67.7,233.5,225.0,171.5,39.6,45.95,12.15,32.3,10.55,16.1,15.5,30.35,223.5,17.6,31.3,10.2,28.85,10.75,10.05,12.25,17.6,47.5,47.2,9.93,20.4,15.3,25.75,13.4,9.73,10.3,19.9,19.8,313.5,84.9,3325.0,66.4,139.0,81.5,108.0,48.7,19.0,205.5,197.5,10.25,140.0,49.65,7.82,36.7,27.1,72.3,45.2,50.9,120.0,81.3,38.2,34.4,96.4,17.75,7.14,84.2,70.0,78.5,80.9,505.0,265.5,479.0,172.5,96.4,112.0,199.0,254.0,31.1,181.5,131.5,87.1,146.5,44.35,49.75,91.0,47.3
34.9,33.1,69.9,49.65,98.7,72.4,11.9,38.15,105.0,28.6,34.25,342.5,169.5,18.1,122.5,331.0,17.25,51.7,23.75,46.1,136.5,25.25,13.5,15.95,24.1,58.5,240.5,328.5,27.4,41.25,29.45,20.05,24.2,243.0,225.0,241.5,40.45,11.25,129.0,,21.55,70.6,17.45,,342.0,225.0,19.55,14.2,98.9,35.7,19.55,19.1,60.4,22.15,215.0,119.5,36.75,39.15,68.6,137.5,50.4,81.2,62.1,225.5,53.3,12.45,107.0,129.0,28.15,21.6,67.7,233.5,225.5,171.5,39.55,45.9,12.1,32.3,10.55,16.1,15.45,30.35,223.5,17.6,31.3,10.2,28.8,10.75,10.05,12.25,17.6,47.5,47.25,9.92,20.4,15.3,25.7,13.4,9.73,10.25,19.9,19.8,313.5,84.8,3325.0,66.4,139.0,81.5,107.5,48.75,19.0,205.5,197.0,10.2,140.0,49.7,7.82,36.7,27.1,72.3,45.15,50.9,120.0,81.3,38.2,34.4,96.4,17.75,7.14,84.2,70.1,78.5,80.9,505.0,265.5,479.0,172.0,96.4,112.0,199.0,253.5,31.1,181.5,131.5,87.1,146.5,44.35,49.75,90.8,47.3
34.9,33.15,69.9,49.65,98.7,72.5,11.9,38.15,105.0,28.7,34.25,342.5,169.5,18.1,122.5,331.0,17.25,51.7,23.7,46.15,136.5,25.25,13.5,15.95,24.1,58.5,241.0,328.5,27.4,41.25,29.45,20.05,24.2,243.0,225.0,241.5,40.4,11.25,129.0,,21.55,70.7,17.45,,342.0,225.0,19.6,14.2,99.0,35.75,19.55,19.15,60.4,22.15,215.0,119.5,36.75,39.15,68.6,138.0,50.4,81.2,62.1,225.5,53.3,12.4,107.0,129.0,28.15,21.7,67.7,233.5,225.5,171.5,39.55,45.9,12.1,32.3,10.55,16.1,15.45,30.4,223.5,17.6,31.3,10.2,28.8,10.75,10.05,12.3,17.6,47.5,47.25,9.93,20.35,15.25,25.75,13.4,9.73,10.25,19.9,19.8,313.0,85.0,3325.0,66.4,139.0,81.5,107.5,48.75,19.0,205.5,197.0,10.25,140.0,49.7,7.83,36.7,27.1,72.3,45.15,50.9,120.0,81.5,38.2,34.4,96.4,17.75,7.15,84.2,70.1,78.4,80.9,505.0,265.5,479.0,172.0,96.4,112.0,199.0,253.5,31.1,181.5,132.0,87.1,146.5,44.35,49.75,90.8,47.3
34.9,33.1,69.9,49.65,98.6,72.4,11.9,38.15,105.0,28.65,34.2,342.5,169.5,18.1,122.5,331.0,17.25,51.7,23.7,46.15,136.5,25.25,13.5,16.0,24.1,58.5,241.0,328.5,27.5,41.25,29.45,20.05,24.2,243.0,225.0,241.5,40.4,11.25,129.0,,21.55,70.7,17.4,,342.0,224.5,19.55,14.2,99.0,35.7,19.55,19.15,60.4,22.15,215.0,119.5,36.75,39.15,68.6,137.5,50.4,81.2,62.1,225.5,53.3,12.4,107.5,129.0,28.15,21.7,67.7,233.5,225.0,171.5,39.55,45.9,12.1,32.3,10.55,16.1,15.5,30.4,223.5,17.6,31.3,10.2,28.8,10.7,10.05,12.25,17.55,47.45,47.25,9.92,20.4,15.25,25.75,13.4,9.73,10.25,19.9,19.8,313.0,85.0,3320.0,66.5,139.0,81.5,107.5,48.75,18.95,205.5,197.5,10.2,140.0,49.7,7.83,36.7,27.15,72.3,45.15,50.9,120.0,81.4,38.2,34.4,96.4,17.75,7.15,84.2,70.1,78.4,80.9,505.0,265.5,479.0,172.0,96.4,111.5,199.0,253.5,31.1,181.5,132.0,87.1,146.5,44.35,49.75,91.0,47.35
34.85,33.1,69.9,49.65,98.7,72.4,11.9,38.15,105.0,28.65,34.25,342.5,170.0,18.05,123.0,331.0,17.25,51.7,23.7,46.15,136.5,25.25,13.5,16.0,24.1,58.5,241.0,326.5,27.5,41.25,29.45,20.05,24.2,243.0,225.0,241.5,40.45,11.25,129.0,,21.5,70.7,17.4,,342.0,224.5,19.55,14.2,99.0,35.7,19.55,19.15,60.3,22.1,215.0,119.5,36.75,39.15,68.6,137.5,50.4,81.2,62.1,225.5,53.2,12.4,107.5,129.0,28.15,21.7,67.7,233.5,225.0,171.5,39.55,45.9,12.1,32.3,10.6,16.1,15.45,30.4,223.5,17.6,31.35,10.2,28.8,10.75,10.05,12.3,17.55,47.45,47.2,9.93,20.35,15.25,25.75,13.4,9.73,10.3,19.9,19.8,313.0,85.0,3320.0,66.8,139.5,81.5,108.0,48.7,18.95,205.5,197.5,10.25,140.0,49.7,7.84,36.7,27.15,72.3,45.15,50.9,120.0,81.4,38.2,34.4,96.4,17.8,7.15,84.1,70.1,78.4,80.9,505.0,265.5,479.0,172.0,96.5,112.0,199.0,253.0,31.1,182.0,132.0,87.1,146.5,44.4,49.75,91.0,47.35
34.85,33.1,69.9,49.65,98.7,72.4,11.9,38.15,105.0,28.65,34.25,342.5,170.0,18.05,123.0,330.5,17.3,51.7,23.7,46.15,136.5,25.25,13.5,16.0,24.05,58.5,241.0,327.5,27.5,41.25,29.45,20.05,24.2,243.0,225.0,241.5,40.45,11.25,129.0,,21.5,70.7,17.45,,341.5,225.0,19.55,14.2,99.0,35.7,19.5,19.15,60.3,22.15,215.0,119.5,36.75,39.1,68.6,137.5,50.4,81.2,62.1,225.5,53.2,12.4,107.0,129.0,28.15,21.65,67.7,233.5,224.5,171.5,39.6,45.9,12.1,32.3,10.6,16.1,15.5,30.4,223.5,17.6,31.25,10.2,28.8,10.75,10.05,12.3,17.55,47.5,47.2,9.92,20.4,15.25,25.75,13.4,9.73,10.3,19.9,19.8,313.5,85.0,3320.0,67.0,139.5,81.6,107.5,48.7,18.95,205.5,197.5,10.25,140.0,49.7,7.83,36.7,27.15,72.3,45.15,51.0,120.0,81.4,38.2,34.4,96.4,17.8,7.14,84.1,70.0,78.4,80.9,505.0,265.5,479.0,172.5,96.6,112.0,199.0,253.5,31.1,182.0,132.0,87.1,146.5,44.4,49.75,91.0,47.35
34.8,33.15,69.8,49.65,98.6,72.4,11.9,38.15,105.0,28.7,34.25,342.5,170.0,18.1,122.5,331.0,17.25,51.8,23.7,46.1,136.5,25.25,13.55,16.0,24.05,58.5,241.0,327.5,27.5,41.25,29.45,20.05,24.2,243.0,225.0,241.5,40.45,11.25,128.5,,21.55,70.6,17.45,,341.5,224.5,19.55,14.2,99.1,35.75,19.5,19.15,60.3,22.15,215.0,119.5,36.75,39.1,68.6,138.0,50.4,81.1,62.1,225.0,53.3,12.45,107.0,129.0,28.2,21.75,67.7,233.5,225.0,171.5,39.55,45.9,12.1,32.3,10.55,16.1,15.5,30.4,223.5,17.6,31.25,10.2,28.8,10.75,10.05,12.3,17.55,47.45,47.25,9.92,20.4,15.25,25.75,13.4,9.73,10.25,19.9,19.8,313.5,85.0,3320.0,67.0,139.0,81.6,108.0,48.6,18.95,205.5,197.5,10.25,140.0,49.7,7.83,36.65,27.1,72.3,45.3,51.0,120.0,81.4,38.2,34.4,96.4,17.8,7.15,84.1,70.0,78.4,80.9,505.0,265.5,479.0,172.5,96.6,112.0,199.0,253.5,31.1,182.0,132.0,87.1,146.5,44.4,49.75,90.9,47.35
34.85,33.1,69.8,49.65,98.7,72.4,11.9,38.15,105.0,28.65,34.25,342.5,170.0,18.05,122.5,330.0,17.3,51.8,23.7,46.1,136.5,25.25,13.55,16.0,24.05,58.5,241.0,327.5,27.5,41.25,29.45,20.05,24.2,243.0,225.0,241.5,40.4,11.25,129.0,,21.55,70.7,17.45,,341.5,225.0,19.55,14.2,99.1,35.75,19.55,19.15,60.3,22.15,215.0,119.5,36.75,39.15,68.6,138.0,50.4,81.2,62.1,225.0,53.3,12.4,107.0,129.0,28.15,21.75,67.7,233.5,224.5,171.5,39.55,45.95,12.1,32.3,10.6,16.1,15.5,30.35,223.5,17.6,31.25,10.2,28.85,10.7,10.05,12.3,17.55,47.5,47.25,9.92,20.35,15.25,25.75,13.4,9.73,10.25,19.85,19.85,313.5,85.0,3320.0,66.8,139.0,81.6,107.5,48.7,18.95,205.5,197.5,10.25,140.0,49.7,7.83,36.65,27.1,72.3,45.25,51.0,120.0,81.5,38.2,34.4,96.4,17.8,7.15,84.2,70.0,78.5,80.9,505.0,265.5,479.0,172.5,96.6,112.0,199.0,253.5,31.1,182.0,132.0,87.1,146.5,44.4,49.75,90.9,47.35
34.85,33.1,69.9,49.65,98.6,72.4,11.9,38.15,105.5,28.7,34.25,342.5,170.0,18.05,122.5,330.0,17.25,51.8,23.7,46.15,136.5,25.25,13.55,16.0,24.1,58.5,240.5,327.5,27.5,41.25,29.55,20.05,24.2,243.0,225.0,241.5,40.4,11.25,129.0,,21.55,70.7,17.45,,341.5,225.0,19.55,14.2,99.2,35.7,19.55,19.15,60.4,22.15,215.0,119.5,36.75,39.15,68.5,138.0,50.4,81.1,62.1,225.0,53.3,12.4,107.5,129.0,28.15,21.75,67.7,233.5,224.5,171.5,39.6,45.95,12.15,32.3,10.6,16.1,15.5,30.35,223.5,17.6,31.35,10.2,28.85,10.75,10.05,12.3,17.55,47.5,47.25,9.92,20.35,15.25,25.7,13.4,9.73,10.3,19.9,19.8,313.5,85.0,3320.0,66.8,139.0,81.5,108.0,48.7,19.0,205.0,197.5,10.2,140.0,49.7,7.82,36.65,27.1,72.3,45.25,50.9,120.0,81.5,38.2,34.4,96.4,17.8,7.15,84.2,70.0,78.5,80.9,505.0,265.5,479.0,173.0,96.6,112.0,199.0,253.5,31.1,182.0,132.0,87.1,146.5,44.4,49.75,90.9,47.35
34.85,33.1,69.9,49.65,98.6,72.4,11.9,38.15,105.5,28.65,34.25,342.5,170.0,18.05,122.5,330.0,17.3,51.7,23.7,46.15,136.5,25.25,13.55,16.0,24.05,58.5,241.0,327.5,27.5,41.25,29.55,20.05,24.2,243.0,225.0,241.5,40.45,11.25,128.5,,21.55,70.8,17.45,,342.0,224.5,19.55,14.2,99.3,35.7,19.55,19.15,60.3,22.15,214.5,119.5,36.75,39.15,68.5,138.0,50.4,81.1,62.1,225.0,53.2,12.4,107.0,129.0,28.15,21.75,67.7,233.5,225.0,171.5,39.6,45.95,12.15,32.3,10.6,16.1,15.5,30.35,223.5,17.6,31.35,10.2,28.8,10.7,10.05,12.3,17.55,47.5,47.25,9.92,20.35,15.25,25.7,13.4,9.73,10.3,19.9,19.8,313.5,85.0,3320.0,66.8,139.0,81.5,108.0,48.8,19.0,205.0,197.5,10.2,140.5,49.7,7.82,36.7,27.1,72.3,45.25,51.0,120.5,81.5,38.2,34.4,96.4,17.8,7.15,84.2,70.0,78.5,80.9,505.0,265.5,479.0,173.0,96.6,112.0,199.0,253.5,31.1,182.0,132.0,87.1,146.5,44.4,49.75,90.8,47.35
34.9,33.1,69.9,49.65,98.7,72.4,11.9,38.15,105.0,28.65,34.25,342.5,170.0,18.1,122.5,330.5,17.25,51.7,23.7,46.1,136.5,25.25,13.55,16.05,24.05,58.5,241.0,327.5,27.5,41.25,29.55,20.05,24.2,243.0,225.0,241.5,40.45,11.25,128.5,,21.55,70.7,17.4,,342.0,224.5,19.55,14.2,99.3,35.7,19.5,19.15,60.3,22.15,215.0,119.5,36.75,39.15,68.5,138.0,50.4,81.1,62.1,225.0,53.3,12.4,107.0,129.0,28.15,21.85,67.7,233.5,224.5,171.5,39.6,45.95,12.15,32.3,10.6,16.1,15.5,30.35,223.5,17.6,31.25,10.2,28.8,10.7,10.05,12.3,17.6,47.45,47.25,9.93,20.35,15.25,25.75,13.4,9.74,10.3,19.9,19.8,313.0,85.0,3320.0,66.9,139.0,81.5,107.5,48.8,19.0,205.0,197.5,10.25,141.0,49.7,7.82,36.7,27.1,72.3,45.25,50.9,120.5,81.5,38.2,34.4,96.3,17.8,7.14,84.2,70.0,78.5,80.9,505.0,265.5,479.0,173.0,96.6,112.0,199.0,253.5,31.1,182.0,132.0,87.1,146.5,44.4,49.75,90.8,47.35
34.85,33.1,69.9,49.65,98.6,72.5,11.9,38.15,105.0,28.65,34.25,342.5,169.5,18.05,122.5,330.5,17.3,51.8,23.7,46.1,136.5,25.25,13.55,16.05,24.05,58.5,241.0,327.5,27.5,41.25,29.55,20.05,24.2,243.0,225.0,241.5,40.45,11.25,128.5,,21.5,70.8,17.45,,342.0,224.5,19.55,14.2,99.3,35.7,19.55,19.15,60.3,22.15,215.0,119.5,36.65,39.15,68.5,138.0,50.4,81.1,62.2,225.0,53.3,12.4,107.0,129.0,28.15,21.8,67.7,233.5,225.0,172.0,39.6,45.9,12.1,32.3,10.55,16.1,15.45,30.35,223.5,17.6,31.25,10.2,28.85,10.75,10.05,12.3,17.6,47.45,47.25,9.92,20.4,15.25,25.75,13.4,9.74,10.3,19.9,19.85,313.0,85.0,3320.0,67.0,139.0,81.5,107.5,48.85,19.0,205.0,198.0,10.25,141.0,49.7,7.83,36.7,27.1,72.3,45.25,50.9,120.5,81.5,38.2,34.4,96.4,17.8,7.15,84.2,70.0,78.5,80.9,505.0,265.5,479.0,173.0,96.6,112.0,199.0,253.5,31.1,182.0,132.0,87.1,146.5,44.3,49.75,90.8,47.35
34.85,33.1,69.9,49.6,98.6,72.5,11.9,38.15,105.5,28.65,34.25,342.5,169.5,18.05,122.5,330.5,17.25,51.7,23.7,46.1,136.5,25.25,13.55,16.05,24.1,58.5,241.0,327.5,27.5,41.25,29.55,20.05,24.2,243.0,225.0,241.5,40.45,11.25,129.0,,21.5,70.8,17.45,,342.0,224.5,19.6,14.2,99.3,35.75,19.55,19.15,60.4,22.15,214.5,119.5,36.65,39.1,68.5,137.5,50.4,81.1,62.2,225.0,53.2,12.45,107.5,129.0,28.15,21.85,67.7,233.5,224.5,172.0,39.6,45.9,12.1,32.3,10.6,16.0,15.5,30.35,223.5,17.6,31.25,10.2,28.85,10.75,10.05,12.3,17.6,47.45,47.25,9.93,20.4,15.3,25.75,13.4,9.74,10.3,19.9,19.8,313.5,85.0,3320.0,67.0,139.0,81.5,108.0,48.8,18.95,205.0,198.0,10.2,141.0,49.65,7.83,36.65,27.1,72.3,45.25,50.9,120.5,81.5,38.2,34.4,96.4,17.8,7.14,84.2,70.0,78.5,80.9,505.0,265.5,479.0,173.0,96.4,112.0,199.0,254.0,31.1,181.5,132.0,87.1,146.5,44.3,49.8,90.8,47.3
34.85,33.15,69.8,49.6,98.7,72.4,11.9,38.15,105.5,28.65,34.2,342.5,170.0,18.05,123.0,330.5,17.25,51.7,23.7,46.1,136.5,25.25,13.55,16.05,24.1,58.5,241.0,327.5,27.5,41.25,29.55,20.05,24.15,243.0,225.0,241.0,40.45,11.25,128.5,,21.55,70.7,17.4,,342.0,225.0,19.55,14.2,99.3,35.75,19.55,19.15,60.4,22.15,214.5,120.0,36.65,39.15,68.5,137.5,50.4,81.1,62.2,225.0,53.3,12.4,107.0,129.0,28.15,21.9,67.7,233.5,225.0,171.5,39.65,45.9,12.1,32.3,10.6,16.0,15.45,30.35,223.5,17.6,31.25,10.2,28.8,10.7,10.05,12.3,17.6,47.45,47.25,9.93,20.4,15.25,25.75,13.4,9.74,10.25,19.9,19.8,313.0,85.0,3320.0,67.1,139.0,81.5,107.5,48.7,18.95,205.0,198.0,10.25,141.0,49.65,7.83,36.65,27.1,72.4,45.25,50.9,120.5,81.5,38.2,34.4,96.4,17.8,7.14,84.2,70.0,78.5,80.9,505.0,265.5,479.0,173.0,96.4,111.5,199.0,254.0,31.1,181.5,132.0,87.1,146.5,44.3,49.8,90.8,47.3
34.85,33.15,69.8,49.6,98.6,72.5,11.9,38.15,105.0,28.6,34.15,342.5,170.0,18.05,123.0,330.5,17.25,51.7,23.7,46.1,136.5,25.25,13.55,16.05,24.05,58.5,241.0,327.5,27.5,41.3,29.55,20.05,24.15,243.0,225.0,241.0,40.45,11.25,128.5,,21.5,70.7,17.45,,341.5,225.0,19.55,14.2,99.3,35.75,19.55,19.2,60.4,22.1,214.5,119.5,36.7,39.15,68.6,137.5,50.4,81.1,62.2,225.0,53.3,12.4,107.0,129.0,28.15,22.0,67.7,233.5,225.0,171.5,39.65,45.9,12.1,32.3,10.6,16.0,15.5,30.35,223.5,17.6,31.25,10.2,28.8,10.75,10.05,12.3,17.55,47.45,47.25,9.92,20.35,15.25,25.75,13.4,9.73,10.25,19.9,19.8,313.0,85.0,3320.0,67.0,139.0,81.5,107.5,48.65,19.0,205.0,197.5,10.25,141.0,49.7,7.82,36.7,27.1,72.3,45.25,51.0,120.5,81.5,38.2,34.4,96.4,17.8,7.14,84.2,70.0,78.5,80.9,505.0,265.5,479.0,173.0,96.5,111.5,199.0,254.0,31.1,182.0,132.0,87.1,146.5,44.3,49.8,90.8,47.3
34.9,33.15,69.8,49.6,98.7,72.4,11.85,38.15,105.0,28.6,34.15,342.5,170.0,18.0,123.0,330.5,17.3,51.7,23.7,46.0,136.5,25.25,13.55,16.05,24.1,58.5,241.0,326.5,27.5,41.3,29.55,20.05,24.15,243.0,225.0,241.0,40.45,11.25,129.0,,21.55,70.7,17.45,,341.5,225.0,19.55,14.2,99.3,35.75,19.55,19.2,60.4,22.1,214.5,119.5,36.7,39.15,68.6,137.5,50.4,81.1,62.2,225.0,53.3,12.4,107.0,129.0,28.15,22.05,67.7,233.5,225.0,171.5,39.65,45.9,12.1,32.3,10.55,16.0,15.5,30.35,223.5,17.55,31.3,10.2,28.85,10.7,10.05,12.3,17.55,47.5,47.2,9.93,20.4,15.25,25.75,13.4,9.73,10.3,19.9,19.8,313.0,85.0,3320.0,67.1,139.5,81.5,108.0,48.65,19.0,205.0,197.5,10.2,140.5,49.65,7.82,36.7,27.1,72.3,45.3,51.0,120.5,81.5,38.25,34.4,96.4,17.8,7.15,84.1,70.1,78.5,80.9,505.0,265.5,479.0,173.0,96.5,111.5,199.0,254.0,31.05,182.0,132.0,87.1,146.5,44.3,49.8,90.8,47.35
34.9,33.15,69.8,49.65,98.7,72.4,11.85,38.15,105.5,28.65,34.15,342.5,170.0,18.0,123.0,330.5,17.25,51.7,23.7,45.95,136.5,25.25,13.55,16.05,24.1,58.5,241.0,326.5,27.5,41.3,29.55,20.05,24.15,243.0,225.0,241.0,40.45,11.2,128.5,,21.55,70.8,17.45,,341.5,225.0,19.55,14.25,99.3,35.75,19.6,19.15,60.4,22.1,214.5,119.5,36.7,39.1,68.6,137.5,50.4,81.1,62.2,225.0,53.3,12.4,107.5,129.0,28.15,22.05,67.7,233.5,225.0,171.5,39.6,45.9,12.1,32.3,10.6,16.0,15.5,30.35,223.5,17.55,31.3,10.2,28.8,10.75,10.05,12.3,17.6,47.5,47.25,9.92,20.35,15.25,25.75,13.4,9.73,10.25,19.9,19.85,313.0,85.0,3320.0,67.2,139.0,81.5,108.0,48.65,19.0,205.0,197.5,10.2,141.0,49.65,7.82,36.7,27.1,72.3,45.3,50.9,120.5,81.5,38.25,34.4,96.4,17.8,7.14,84.1,70.0,78.6,80.9,505.0,265.5,479.0,173.0,96.5,111.5,199.0,254.0,31.05,182.0,132.0,87.1,147.0,44.3,49.9,90.8,47.35
34.8,33.1,69.9,49.6,98.6,72.4,11.9,38.15,105.0,28.65,34.2,342.5,170.0,18.0,123.0,330.0,17.3,51.7,23.7,45.95,136.5,25.25,13.55,16.05,24.1,58.5,241.0,327.5,27.45,41.3,29.55,20.05,24.2,243.0,225.0,241.0,40.45,11.25,129.0,,21.55,70.8,17.45,,341.5,225.0,19.6,14.2,99.3,35.75,19.6,19.2,60.4,22.1,214.5,119.5,36.7,39.15,68.6,137.5,50.4,81.0,62.2,225.0,53.3,12.4,107.0,129.0,28.15,22.0,67.7,233.5,225.5,172.0,39.55,45.9,12.1,32.3,10.55,16.0,15.5,30.35,223.5,17.6,31.3,10.2,28.85,10.75,10.05,12.3,17.6,47.45,47.25,9.92,20.35,15.25,25.75,13.4,9.74,10.3,19.9,19.8,313.0,85.0,3320.0,67.2,139.5,81.5,107.5,48.75,19.0,205.0,198.0,10.2,140.5,49.65,7.84,36.7,27.1,72.3,45.3,51.0,120.5,81.5,38.2,34.4,96.4,17.8,7.15,84.1,70.0,78.6,80.9,505.0,265.5,479.0,173.0,96.5,111.5,199.0,254.0,31.1,182.0,132.0,87.1,147.0,44.3,49.9,90.8,47.35
34.8,33.15,69.8,49.6,98.6,72.4,11.9,38.15,105.0,28.65,34.2,342.5,169.5,18.05,122.5,330.0,17.25,51.8,23.7,45.95,136.5,25.25,13.55,16.05,24.1,58.5,241.0,327.5,27.5,41.3,29.55,20.05,24.2,243.0,225.0,241.0,40.45,11.25,129.0,,21.55,70.7,17.45,,341.5,225.5,19.55,14.2,99.4,35.7,19.55,19.15,60.3,22.1,214.5,119.5,36.75,39.15,68.7,137.5,50.4,81.1,62.1,225.0,53.3,12.4,107.5,129.0,28.15,22.0,67.7,233.5,225.0,172.0,39.55,45.9,12.1,32.3,10.6,16.0,15.5,30.35,223.5,17.55,31.3,10.2,28.85,10.7,10.05,12.25,17.6,47.5,47.25,9.92,20.4,15.25,25.75,13.35,9.73,10.3,19.9,19.8,313.0,85.0,3320.0,67.2,139.5,81.6,108.0,48.75,19.0,205.0,198.0,10.2,140.5,49.65,7.84,36.7,27.1,72.3,45.3,51.0,120.5,81.5,38.2,34.4,96.3,17.8,7.15,84.1,70.0,78.6,80.9,505.0,265.5,479.0,173.0,96.5,111.5,199.0,254.0,31.1,182.0,132.0,87.1,147.0,44.3,49.9,90.8,47.35
34.9,33.2,69.8,49.6,98.7,72.5,11.85,38.15,105.0,28.7,34.15,342.5,169.5,18.05,122.5,330.0,17.25,51.8,23.7,45.95,136.5,25.25,13.55,16.05,24.05,58.5,240.5,327.5,27.5,41.25,29.55,20.05,24.2,243.0,225.0,241.0,40.45,11.25,129.0,,21.55,70.7,17.4,,341.5,225.5,19.55,14.2,99.4,35.7,19.55,19.2,60.4,22.15,214.5,119.5,36.75,39.15,68.7,138.0,50.4,81.1,62.1,225.0,53.3,12.45,107.0,129.0,28.2,22.0,67.7,233.5,225.0,171.5,39.55,45.9,12.1,32.3,10.55,16.0,15.5,30.35,223.5,17.6,31.3,10.2,28.8,10.75,10.1,12.25,17.55,47.5,47.25,9.92,20.35,15.25,25.75,13.35,9.73,10.25,19.9,19.85,313.0,85.3,3315.0,67.1,139.5,81.6,107.5,48.8,19.0,205.0,198.0,10.2,141.0,49.65,7.84,36.7,27.15,72.3,45.3,50.9,120.0,81.6,38.2,34.4,96.4,17.8,7.15,84.1,70.1,78.6,80.9,505.0,265.5,479.0,173.0,96.6,111.5,199.0,254.0,31.1,182.0,132.0,87.1,147.0,44.3,49.9,90.9,47.35
34.85,33.2,69.8,49.6,98.6,72.5,11.85,38.15,105.5,28.65,34.15,342.5,170.0,18.05,122.5,330.0,17.3,51.8,23.7,45.95,136.5,25.25,13.55,16.05,24.05,58.5,241.0,327.5,27.5,41.25,29.55,20.05,24.2,243.0,225.0,241.0,40.45,11.25,128.5,,21.55,70.7,17.4,,341.5,225.5,19.55,14.25,99.5,35.8,19.55,19.2,60.4,22.15,215.0,119.5,36.7,39.15,68.7,137.5,50.4,81.1,62.1,226.0,53.3,12.4,107.5,129.0,28.15,22.0,67.8,234.0,225.5,171.5,39.55,45.9,12.05,32.3,10.55,16.0,15.5,30.4,224.0,17.6,31.25,10.2,28.85,10.75,10.1,12.25,17.6,47.5,47.25,9.93,20.35,15.25,25.75,13.4,9.74,10.25,19.95,19.8,313.0,85.3,3310.0,67.0,139.0,81.5,108.0,48.7,18.95,205.5,198.0,10.2,141.0,49.6,7.81,36.7,27.15,72.3,45.2,51.0,120.5,81.6,38.2,34.4,96.4,17.8,7.15,84.1,70.0,78.6,80.8,505.0,265.5,479.0,172.5,96.6,111.5,199.0,253.5,31.1,181.5,132.0,87.1,147.0,44.3,49.9,90.8,47.35
34.85,33.2,69.8,49.6,98.6,72.5,11.9,38.15,105.5,28.65,34.2,342.5,169.5,18.05,122.5,330.0,17.25,51.8,23.7,46.0,136.5,25.25,13.55,16.05,24.05,58.5,241.0,327.5,27.5,41.25,29.55,20.05,24.25,243.0,225.0,241.5,40.45,11.25,128.5,,21.55,70.8,17.4,,341.0,225.5,19.55,14.25,99.3,35.8,19.55,19.2,60.5,22.15,215.0,119.5,36.7,39.15,68.7,137.5,50.4,81.1,62.1,226.0,53.3,12.4,107.0,129.0,28.15,21.95,67.8,233.5,225.5,171.5,39.55,45.9,12.05,32.3,10.6,16.0,15.5,30.4,224.0,17.55,31.25,10.15,28.85,10.7,10.1,12.2,17.6,47.5,47.25,9.92,20.35,15.25,25.75,13.4,9.73,10.3,19.95,19.8,313.5,85.4,3310.0,67.1,139.5,81.5,107.5,48.65,18.95,205.5,199.0,10.25,141.0,49.6,7.83,36.65,27.15,72.4,45.2,51.0,120.5,81.6,38.2,34.4,96.4,17.75,7.14,84.1,70.1,78.6,80.8,505.0,265.5,479.0,172.5,96.5,111.5,199.0,253.5,31.1,181.0,132.0,87.1,147.0,44.3,49.9,90.8,47.4
34.85,33.2,69.7,49.6,98.6,72.5,11.85,38.15,105.5,28.65,34.2,342.5,170.0,18.05,122.5,330.0,17.25,51.8,23.65,46.0,136.5,25.25,13.55,16.0,24.05,58.5,241.0,327.5,27.5,41.25,29.55,20.0,24.2,243.0,225.0,241.5,40.45,11.2,129.0,,21.6,70.8,17.45,,340.5,225.0,19.55,14.2,99.1,35.8,19.6,19.15,60.5,22.1,215.0,119.5,36.7,39.15,68.7,138.0,50.4,81.2,62.1,226.0,53.3,12.45,107.5,129.0,28.15,21.9,67.8,233.5,225.0,171.0,39.55,45.9,12.05,32.3,10.6,16.0,15.5,30.4,224.0,17.6,31.25,10.15,28.8,10.7,10.1,12.2,17.6,47.45,47.25,9.92,20.4,15.25,25.75,13.35,9.73,10.25,19.95,19.8,313.5,85.4,3310.0,67.2,139.5,81.5,107.5,48.6,18.95,205.5,198.5,10.25,141.0,49.55,7.83,36.65,27.15,72.3,45.2,51.0,120.5,81.5,38.2,34.4,96.4,17.8,7.15,84.1,70.1,78.6,80.9,505.0,265.5,479.0,172.5,96.5,112.0,199.0,253.5,31.1,181.0,132.0,87.1,146.5,44.3,49.9,90.8,47.4
34.8,33.2,69.7,49.6,98.7,72.5,11.85,38.15,105.0,28.65,34.2,342.5,170.0,18.05,123.0,330.0,17.25,51.8,23.65,46.0,136.5,25.25,13.5,16.0,24.1,58.5,241.0,326.5,27.5,41.25,29.55,20.05,24.2,243.0,225.0,241.5,40.45,11.25,129.0,,21.55,70.8,17.4,,340.5,225.5,19.55,14.2,99.1,35.75,19.6,19.15,60.5,22.1,215.0,119.0,36.7,39.15,68.7,138.0,50.4,81.1,62.1,225.0,53.3,12.45,107.5,129.0,28.15,21.85,67.8,234.0,225.0,171.0,39.55,45.9,12.05,32.3,10.6,16.0,15.5,30.35,224.0,17.55,31.25,10.15,28.8,10.75,10.1,12.25,17.6,47.45,47.25,9.92,20.4,15.25,25.75,13.4,9.73,10.3,19.95,19.8,313.5,85.4,3310.0,67.1,139.0,81.7,108.0,48.55,18.95,205.0,198.5,10.2,140.5,49.55,7.83,36.7,27.1,72.3,45.2,50.9,120.5,81.5,38.2,34.4,96.4,17.8,7.15,84.1,70.0,78.6,80.9,505.0,265.5,479.0,172.5,96.5,111.0,199.0,253.5,31.1,181.0,132.0,87.1,146.5,44.3,49.9,90.8,47.4
34.85,33.15,69.7,49.6,98.6,72.5,11.9,38.15,105.0,28.7,34.15,342.5,169.5,18.05,122.5,330.0,17.3,51.7,23.65,46.0,136.5,25.25,13.5,16.0,24.05,58.5,241.0,326.5,27.5,41.25,29.55,20.05,24.25,243.0,225.0,241.5,40.45,11.25,129.0,,21.55,70.9,17.4,,341.0,225.5,19.55,14.2,99.1,35.75,19.6,19.15,60.4,22.1,215.0,119.0,36.7,39.1,68.6,137.5,50.4,81.1,62.1,225.0,53.3,12.45,107.0,129.0,28.15,21.85,67.8,234.0,225.5,171.0,39.6,45.9,12.05,32.3,10.6,16.0,15.5,30.35,224.0,17.6,31.25,10.15,28.8,10.75,10.1,12.25,17.6,47.5,47.25,9.93,20.35,15.25,25.75,13.4,9.73,10.25,19.95,19.8,313.0,85.4,3310.0,67.1,139.0,81.7,107.5,48.6,18.95,205.0,198.5,10.25,140.5,49.6,7.83,36.7,27.15,72.3,45.2,51.0,120.5,81.6,38.15,34.4,96.4,17.8,7.15,84.0,70.0,78.6,80.9,505.0,265.5,479.0,172.5,96.7,111.0,199.0,253.5,31.1,181.5,132.0,87.1,146.5,44.3,49.9,90.8,47.4
34.85,33.15,69.8,49.6,98.6,72.5,11.9,38.2,105.5,28.65,34.15,342.5,169.5,18.05,122.5,329.5,17.3,51.7,23.65,46.0,136.5,25.25,13.5,16.0,24.1,58.5,240.5,326.5,27.5,41.25,29.55,20.05,24.25,243.0,225.0,241.5,40.45,11.25,128.5,,21.55,70.9,17.4,,341.0,225.5,19.55,14.25,99.1,35.75,19.6,19.15,60.5,22.15,215.0,119.0,36.7,39.15,68.7,137.5,50.3,81.1,62.2,225.0,53.4,12.4,107.0,129.0,28.1,21.9,67.8,234.0,225.0,171.5,39.5,45.95,12.05,32.3,10.55,16.0,15.5,30.35,224.0,17.55,31.25,10.15,28.8,10.7,10.1,12.25,17.55,47.5,47.25,9.92,20.35,15.3,25.75,13.4,9.73,10.25,19.95,19.8,313.0,85.4,3310.0,67.0,139.5,81.8,107.5,48.5,18.95,205.0,198.5,10.25,140.5,49.6,7.83,36.65,27.15,72.4,45.15,51.0,120.5,81.5,38.15,34.4,96.4,17.8,7.15,84.0,70.0,78.6,80.9,505.0,266.0,479.0,172.5,96.7,111.0,199.0,253.0,31.1,181.5,132.0,87.1,147.0,44.3,49.9,90.8,47.4
34.85,33.15,69.8,49.6,98.7,72.5,11.9,38.2,105.5,28.65,34.15,342.5,169.0,18.0,122.5,329.5,17.25,51.7,23.65,46.0,136.5,25.25,13.5,16.0,24.1,58.5,241.0,326.5,27.5,41.3,29.55,20.05,24.25,243.0,225.0,241.5,40.5,11.25,129.0,,21.55,70.9,17.45,,341.0,225.5,19.55,14.2,99.1,35.75,19.55,19.15,60.6,22.15,215.0,119.0,36.75,39.15,68.7,138.0,50.4,81.0,62.1,225.0,53.4,12.45,107.5,129.0,28.1,22.0,67.8,234.0,225.0,171.5,39.45,45.9,12.05,32.3,10.6,16.0,15.5,30.35,224.0,17.6,31.25,10.15,28.85,10.75,10.1,12.25,17.6,47.45,47.25,9.92,20.4,15.3,25.7,13.4,9.73,10.3,19.95,19.8,312.5,85.4,3310.0,67.0,139.0,81.7,108.0,48.4,19.0,205.0,198.0,10.25,140.5,49.6,7.83,36.7,27.15,72.3,45.15,51.0,120.5,81.6,38.15,34.4,96.4,17.8,7.14,84.0,70.1,78.6,80.9,505.0,266.5,479.0,172.5,96.7,111.5,199.0,253.0,31.1,181.5,132.0,87.1,147.0,44.2,49.9,90.8,47.4
34.8,33.15,69.8,49.6,98.6,72.5,11.85,38.2,105.5,28.6,34.15,342.5,169.5,18.05,122.5,329.5,17.25,51.7,23.65,45.95,136.5,25.25,13.5,15.95,24.05,58.5,241.0,326.5,27.5,41.3,29.55,20.05,24.25,243.0,225.0,241.5,40.5,11.25,129.0,,21.55,70.9,17.4,,341.0,225.5,19.55,14.2,99.1,35.75,19.55,19.15,60.6,22.15,214.5,119.0,36.75,39.15,68.7,138.0,50.4,81.0,62.1,225.0,53.4,12.45,107.0,129.0,28.1,22.0,67.8,234.0,225.0,171.0,39.45,45.95,12.05,32.3,10.55,16.0,15.5,30.35,224.0,17.6,31.25,10.15,28.85,10.75,10.1,12.25,17.6,47.5,47.25,9.92,20.4,15.25,25.75,13.4,9.73,10.3,19.95,19.8,312.5,85.5,3310.0,67.0,139.0,81.7,107.5,48.35,19.0,205.0,198.5,10.2,141.0,49.6,7.83,36.7,27.1,72.3,45.15,51.0,120.0,81.5,38.15,34.45,96.4,17.8,7.15,83.9,70.1,78.6,80.9,505.0,266.5,478.5,172.5,97.2,111.5,199.0,253.5,31.1,181.5,132.0,87.1,147.0,44.2,49.9,90.8,47.4
34.9,33.15,69.7,49.6,98.6,72.5,11.9,38.2,105.5,28.6,34.15,342.5,169.5,18.05,122.5,330.0,17.25,51.7,23.65,45.95,136.5,25.25,13.55,15.95,24.1,58.5,241.0,326.5,27.5,41.3,29.55,20.05,24.25,243.0,225.0,241.5,40.5,11.25,128.5,,21.55,70.9,17.45,,340.5,225.0,19.55,14.2,99.0,35.75,19.6,19.15,60.6,22.15,214.5,119.0,36.75,39.15,68.7,137.5,50.4,81.0,62.1,225.0,53.4,12.4,107.5,129.0,28.15,22.0,67.8,233.5,225.0,171.5,39.5,45.9,12.05,32.3,10.6,16.0,15.5,30.35,224.0,17.6,31.25,10.15,28.8,10.75,10.05,12.25,17.6,47.5,47.25,9.92,20.4,15.25,25.75,13.4,9.73,10.3,19.9,19.8,312.0,85.4,3315.0,67.0,139.5,81.7,107.5,48.35,19.0,205.0,198.5,10.2,141.0,49.6,7.83,36.7,27.1,72.3,45.15,51.1,120.5,81.5,38.15,34.45,96.3,17.75,7.14,83.9,70.0,78.7,80.9,505.0,266.5,478.5,172.5,97.4,111.5,199.0,253.5,31.1,181.0,132.0,87.1,147.0,44.2,49.9,90.8,47.4
34.8,33.1,69.7,49.6,98.7,72.5,11.9,38.2,105.0,28.6,34.15,342.5,169.5,18.05,122.5,330.0,17.25,51.7,23.65,45.95,136.5,25.25,13.55,15.95,24.05,58.5,241.0,326.5,27.5,41.3,29.55,20.05,24.25,243.0,225.0,241.0,40.5,11.25,128.5,,21.55,70.9,17.45,,341.0,225.0,19.55,14.15,99.0,35.75,19.6,19.15,60.6,22.15,214.5,119.0,36.75,39.15,68.7,138.0,50.4,81.0,62.1,225.0,53.3,12.4,107.0,129.0,28.15,22.05,67.8,233.5,225.0,171.5,39.5,45.9,12.05,32.3,10.6,16.0,15.5,30.35,224.0,17.6,31.25,10.15,28.8,10.7,10.05,12.25,17.6,47.5,47.25,9.93,20.4,15.25,25.75,13.4,9.74,10.25,19.95,19.8,312.5,85.5,3315.0,66.9,139.5,81.6,107.5,48.3,18.95,205.0,198.5,10.25,140.5,49.6,7.83,36.7,27.1,72.4,45.15,51.1,120.5,81.6,38.15,34.45,96.3,17.75,7.15,83.9,70.0,78.7,80.9,505.0,266.5,478.5,172.5,97.4,111.5,199.0,253.5,31.1,181.0,132.0,87.1,146.5,44.3,49.9,90.8,47.4
34.85,33.05,69.7,49.6,98.6,72.4,11.9,38.2,105.5,28.6,34.2,342.5,169.5,18.05,122.5,330.0,17.3,51.7,23.65,46.0,136.5,25.25,13.55,15.95,24.05,58.5,241.0,326.5,27.5,41.35,29.55,20.05,24.25,243.0,225.0,241.0,40.5,11.25,129.0,,21.55,70.9,17.4,,341.0,225.5,19.55,14.15,99.1,35.75,19.55,19.2,60.6,22.1,215.0,119.0,36.75,39.15,68.7,138.0,50.4,80.9,62.2,225.0,53.4,12.4,107.5,129.0,28.15,22.1,67.8,233.5,225.0,171.5,39.5,45.9,12.05,32.3,10.55,16.0,15.5,30.35,224.0,17.6,31.3,10.2,28.85,10.75,10.05,12.25,17.55,47.5,47.25,9.92,20.4,15.25,25.75,13.4,9.73,10.25,19.9,19.8,312.5,85.4,3315.0,66.9,139.5,81.6,107.5,48.3,19.0,205.0,198.0,10.25,140.5,49.6,7.84,36.7,27.1,72.3,45.15,51.0,120.5,81.6,38.15,34.45,96.4,17.8,7.15,83.9,70.0,78.6,80.9,505.0,266.5,478.5,172.5,96.5,111.0,199.0,253.0,31.1,181.5,131.5,87.1,146.5,44.3,49.9,90.8,47.4
34.85,33.15,69.7,49.6,98.7,72.4,11.9,38.2,105.5,28.6,34.2,342.5,169.5,18.05,122.5,330.0,17.3,51.8,23.65,46.0,136.5,25.25,13.5,15.95,24.05,58.5,241.0,326.5,27.45,41.4,29.5,20.05,24.25,243.0,225.0,241.0,40.5,11.25,129.0,,21.55,70.9,17.45,,341.0,225.5,19.55,14.15,99.1,35.75,19.55,19.2,60.6,22.1,215.0,119.0,36.75,39.15,68.7,138.0,50.4,80.9,62.2,225.0,53.4,12.4,107.0,129.0,28.15,22.1,67.8,233.0,225.5,171.5,39.5,45.9,12.05,32.3,10.6,16.0,15.5,30.35,224.0,17.6,31.3,10.2,28.8,10.7,10.05,12.25,17.55,47.5,47.25,9.92,20.4,15.25,25.75,13.4,9.74,10.25,19.95,19.8,312.5,85.4,3315.0,66.9,139.0,81.6,107.5,48.2,18.95,205.0,198.0,10.2,140.5,49.6,7.83,36.7,27.1,72.4,45.15,51.1,120.5,81.6,38.15,34.45,96.4,17.75,7.15,83.9,70.1,78.7,80.8,505.0,266.5,478.5,172.5,96.5,111.5,199.0,252.0,31.1,181.5,131.5,87.1,146.5,44.3,49.9,90.8,47.45
34.85,33.15,69.8,49.65,98.7,72.4,11.9,38.2,105.5,28.65,34.15,342.5,169.5,18.05,123.0,330.0,17.3,51.7,23.75,46.0,136.5,25.25,13.5,15.95,24.05,58.5,241.0,326.5,27.45,41.4,29.5,20.05,24.25,243.0,225.0,241.0,40.5,11.25,129.0,,21.5,70.9,17.45,,341.5,225.0,19.55,14.15,99.0,35.75,19.55,19.15,60.6,22.15,215.0,119.0,36.75,39.15,68.7,138.0,50.3,80.8,62.2,225.0,53.3,12.4,107.5,129.0,28.1,22.1,67.8,233.0,225.0,171.5,39.55,45.9,12.05,32.3,10.6,16.0,15.5,30.35,224.0,17.6,31.3,10.2,28.8,10.7,10.05,12.25,17.6,47.5,47.25,9.92,20.4,15.25,25.7,13.35,9.73,10.3,19.9,19.8,312.5,85.4,3315.0,66.9,139.0,81.6,108.0,48.1,18.95,205.0,198.0,10.25,140.5,49.6,7.83,36.7,27.1,72.3,45.2,51.0,120.5,81.5,38.15,34.45,96.4,17.75,7.14,83.9,70.1,78.7,80.9,505.0,267.0,478.5,172.5,96.5,112.0,199.0,252.0,31.05,181.5,132.0,87.1,146.5,44.3,49.9,90.8,47.5
34.85,33.2,69.7,49.65,98.6,72.4,11.9,38.2,105.5,28.6,34.15,342.5,169.5,18.05,123.0,330.0,17.25,51.7,23.65,46.0,136.5,25.25,13.5,15.95,24.1,58.5,241.5,326.5,27.45,41.4,29.5,20.05,24.2,243.0,225.0,241.0,40.5,11.25,128.5,,21.55,71.0,17.45,,341.0,225.5,19.6,14.2,99.1,35.75,19.6,19.2,60.6,22.15,215.0,119.0,36.7,39.15,68.7,138.0,50.3,80.8,62.2,225.0,53.3,12.45,107.0,129.0,28.1,22.1,67.7,233.5,225.0,171.0,39.6,45.9,12.1,32.3,10.6,16.0,15.5,30.4,224.0,17.6,31.3,10.2,28.8,10.75,10.05,12.25,17.6,47.5,47.25,9.92,20.4,15.3,25.65,13.4,9.73,10.25,19.9,19.8,312.5,85.4,3315.0,67.0,139.0,81.6,107.5,47.9,18.95,205.0,198.0,10.2,140.5,49.6,7.83,36.7,27.1,72.3,45.2,51.1,120.5,81.6,38.15,34.45,96.4,17.75,7.14,83.9,70.1,78.7,80.9,505.0,267.0,478.5,172.5,96.5,112.0,199.0,252.0,31.1,181.5,132.0,87.1,146.5,44.3,49.9,90.8,47.45
34.85,33.2,69.7,49.6,98.6,72.4,11.9,38.2,105.0,28.6,34.2,342.5,170.0,18.05,123.0,330.0,17.3,51.7,23.65,46.0,136.5,25.25,13.5,15.95,24.05,58.5,241.5,326.5,27.45,41.4,29.5,20.05,24.2,242.5,225.0,241.0,40.5,11.25,129.0,,21.55,70.9,17.4,,341.0,225.5,19.55,14.2,99.1,35.75,19.6,19.15,60.6,22.1,215.0,119.0,36.7,39.15,68.6,138.0,50.4,80.8,62.2,226.0,53.3,12.4,107.5,129.0,28.15,22.0,67.7,233.5,225.5,171.5,39.6,45.9,12.1,32.35,10.6,16.0,15.45,30.4,224.0,17.55,31.3,10.2,28.8,10.7,10.05,12.25,17.6,47.5,47.25,9.93,20.4,15.25,25.7,13.4,9.74,10.25,19.9,19.8,312.0,85.4,3315.0,66.8,139.0,81.6,107.5,47.9,18.95,205.0,197.5,10.25,140.5,49.6,7.82,36.7,27.1,72.4,45.2,51.1,120.5,81.6,38.15,34.45,96.4,17.8,7.14,83.9,70.0,78.7,80.9,505.0,266.0,478.5,172.5,96.8,112.0,199.0,252.0,31.1,181.5,132.0,87.1,147.0,44.3,49.9,90.8,47.45
34.85,33.2,69.8,49.55,98.6,72.5,11.9,38.2,105.5,28.6,34.2,342.5,170.0,18.05,123.0,330.0,17.3,51.7,23.65,46.0,136.5,25.25,13.5,16.0,24.05,58.5,241.0,326.5,27.45,41.4,29.5,20.0,24.25,242.5,225.0,241.0,40.5,11.25,129.0,,21.6,71.0,17.45,,341.0,225.0,19.55,14.2,99.2,35.8,19.6,19.15,60.6,22.15,215.0,119.0,36.7,39.15,68.7,138.0,50.4,80.8,62.2,225.5,53.3,12.45,107.0,129.5,28.1,22.0,67.7,233.5,225.0,171.0,39.6,45.9,12.1,32.35,10.6,16.0,15.5,30.35,224.0,17.6,31.25,10.2,28.8,10.75,10.05,12.25,17.6,47.45,47.25,9.93,20.4,15.25,25.7,13.4,9.74,10.3,19.9,19.8,312.0,85.5,3315.0,66.9,139.0,81.6,108.0,48.0,18.95,205.0,197.5,10.25,140.5,49.6,7.82,36.7,27.1,72.3,45.1,51.1,120.5,81.6,38.15,34.45,96.4,17.8,7.15,83.9,70.0,78.7,80.9,505.0,266.0,478.5,172.5,96.8,112.0,199.0,252.0,31.1,181.5,132.0,87.1,146.0,44.3,49.9,90.8,47.5
34.85,33.2,69.8,49.55,98.6,72.4,11.9,38.2,105.5,28.65,34.2,342.5,170.0,18.05,122.5,330.0,17.25,51.7,23.65,46.0,136.5,25.25,13.5,16.0,24.05,58.5,241.0,326.5,27.45,41.4,29.5,20.05,24.2,242.5,225.0,241.0,40.5,11.25,129.0,,21.6,71.0,17.4,,341.0,225.5,19.55,14.15,99.2,35.75,19.6,19.15,60.6,22.1,215.0,119.0,36.7,39.1,68.7,138.0,50.4,80.8,62.2,225.5,53.3,12.4,107.0,129.5,28.15,22.0,67.7,233.5,225.0,171.5,39.6,45.9,12.1,32.35,10.6,16.0,15.5,30.35,224.0,17.6,31.25,10.2,28.8,10.75,10.05,12.25,17.55,47.5,47.25,9.93,20.4,15.25,25.7,13.4,9.73,10.25,19.9,19.85,312.5,85.4,3315.0,66.8,139.0,81.6,107.5,48.0,18.95,205.0,197.5,10.25,140.5,49.6,7.82,36.7,27.1,72.3,45.25,51.1,120.5,81.6,38.1,34.45,96.4,17.8,7.15,83.8,70.1,78.7,80.8,505.0,266.0,478.0,172.5,96.7,112.0,199.0,251.5,31.1,181.0,132.0,87.1,146.0,44.3,49.9,90.8,47.45
34.9,33.1,69.7,49.6,98.6,72.4,11.9,38.2,105.0,28.6,34.2,342.5,170.0,18.05,123.0,330.0,17.3,51.7,23.65,46.0,136.5,25.25,13.5,16.0,24.05,58.4,240.5,326.5,27.45,41.45,29.5,20.05,24.2,242.5,225.0,241.0,40.5,11.25,129.0,,21.55,70.9,17.45,,340.5,225.0,19.55,14.15,99.2,35.75,19.6,19.15,60.5,22.1,215.0,119.0,36.7,39.15,68.7,137.5,50.4,80.8,62.3,225.5,53.3,12.4,107.0,129.0,28.15,22.0,67.7,233.5,225.0,171.5,39.6,45.95,12.1,32.35,10.55,16.0,15.5,30.35,224.0,17.6,31.25,10.2,28.8,10.7,10.05,12.3,17.55,47.5,47.25,9.92,20.4,15.25,25.7,13.4,9.73,10.25,19.9,19.8,312.5,85.4,3315.0,67.1,139.0,81.6,107.5,47.95,18.95,205.0,198.0,10.2,140.5,49.6,7.82,36.7,27.1,72.3,45.25,51.1,120.5,81.5,38.1,34.45,96.4,17.8,7.15,83.8,70.1,78.7,80.9,498.0,266.5,478.0,173.0,96.7,111.5,199.0,251.5,31.1,181.0,132.0,87.1,146.0,44.3,49.9,90.8,47.45
34.9,33.2,69.7,49.6,98.7,72.4,11.9,38.2,105.5,28.65,34.2,342.5,169.5,18.05,123.0,330.0,17.3,51.7,23.65,46.0,136.5,25.25,13.5,16.0,24.05,58.4,240.5,326.5,27.5,41.45,29.5,20.05,24.2,242.5,225.0,241.0,40.45,11.25,129.0,,21.55,70.9,17.45,,340.5,225.5,19.55,14.2,99.2,35.8,19.6,19.15,60.5,22.15,215.0,119.0,36.7,39.1,68.6,137.5,50.4,80.8,62.3,225.5,53.3,12.4,107.5,129.0,28.2,21.95,67.7,233.5,224.5,171.5,39.6,45.9,12.1,32.35,10.55,16.0,15.5,30.35,224.0,17.6,31.25,10.2,28.8,10.75,10.05,12.3,17.6,47.5,47.25,9.93,20.4,15.25,25.65,13.4,9.73,10.25,19.9,19.8,312.5,85.4,3315.0,67.0,139.5,81.6,108.0,48.0,19.0,205.0,198.0,10.2,140.5,49.6,7.82,36.7,27.1,72.3,45.25,51.2,120.0,81.5,38.1,34.45,96.4,17.8,7.14,83.7,70.0,78.7,80.9,498.5,266.5,478.0,173.0,96.7,112.0,199.0,251.5,31.1,181.5,132.0,87.1,146.5,44.2,49.9,90.8,47.45
34.85,33.1,69.8,49.6,98.7,72.4,11.9,38.2,105.5,28.6,34.2,342.5,169.5,18.05,123.0,330.0,17.3,51.7,23.65,46.0,136.5,25.25,13.5,16.0,24.05,58.4,241.0,326.5,27.5,41.5,29.5,20.0,24.2,242.5,225.0,241.0,40.45,11.25,129.0,,21.55,71.0,17.45,,341.0,225.0,19.55,14.2,99.3,35.75,19.55,19.15,60.6,22.15,215.0,119.0,36.7,39.1,68.7,137.5,50.4,80.8,62.3,225.5,53.3,12.4,107.5,129.0,28.2,21.9,67.7,233.5,224.5,171.5,39.6,45.9,12.1,32.35,10.55,16.0,15.5,30.35,224.0,17.6,31.25,10.2,28.8,10.7,10.05,12.3,17.6,47.5,47.25,9.92,20.35,15.25,25.7,13.4,9.73,10.3,19.9,19.85,312.5,85.4,3315.0,67.0,139.0,81.6,107.5,48.1,19.0,205.0,198.0,10.25,140.5,49.55,7.82,36.7,27.1,72.3,45.25,51.2,120.0,81.6,38.1,34.45,96.4,17.8,7.15,83.8,70.0,78.7,80.8,505.0,266.5,478.0,173.0,96.8,112.0,199.0,252.0,31.1,181.5,132.0,87.1,146.5,44.3,49.9,90.8,47.4
34.85,33.1,69.8,49.6,98.7,72.4,11.9,38.2,105.5,28.6,34.15,342.5,170.0,18.05,123.0,330.0,17.35,51.7,23.65,46.0,136.5,25.3,13.5,16.05,24.1,58.4,241.0,327.5,27.45,41.45,29.5,20.05,24.25,242.5,225.0,241.0,40.45,11.25,129.0,,21.55,71.1,17.45,,340.5,225.5,19.55,14.2,99.2,35.8,19.55,19.15,60.5,22.15,215.0,119.0,36.7,39.1,68.7,138.0,50.4,80.8,62.3,225.5,53.3,12.4,107.5,129.0,28.2,21.9,67.7,233.5,224.5,171.5,39.6,45.9,12.1,32.35,10.6,16.0,15.5,30.35,224.0,17.6,31.25,10.2,28.8,10.75,10.05,12.3,17.6,47.5,47.25,9.93,20.4,15.25,25.65,13.4,9.73,10.3,19.9,19.8,312.5,85.4,3320.0,66.8,139.0,81.6,108.0,48.2,19.0,205.0,198.0,10.25,140.5,49.6,7.82,36.7,27.1,72.3,45.25,51.1,120.5,81.6,38.1,34.45,96.4,17.8,7.15,83.8,70.1,78.7,80.9,505.0,266.5,478.0,173.0,96.8,111.5,199.0,252.0,31.1,181.5,132.0,87.1,146.5,44.3,49.9,90.8,47.4
34.85,33.15,69.8,49.6,98.7,72.4,11.9,38.2,105.0,28.65,34.2,342.5,170.0,18.0,123.0,330.0,17.3,51.7,23.65,46.0,136.5,25.3,13.5,16.0,24.1,58.4,241.0,327.5,27.45,41.45,29.5,20.05,24.25,242.5,225.0,241.0,40.5,11.2,129.0,,21.55,71.1,17.45,,340.5,225.5,19.55,14.2,99.2,35.75,19.55,19.1,60.5,22.1,215.0,119.0,36.7,39.15,68.6,138.0,50.4,80.8,62.3,226.0,53.3,12.4,107.5,129.0,28.2,21.9,67.7,233.5,224.5,171.5,39.65,45.9,12.1,32.35,10.6,16.0,15.5,30.35,223.5,17.6,31.25,10.2,28.85,10.7,10.05,12.3,17.55,47.5,47.25,9.93,20.4,15.25,25.65,13.4,9.73,10.25,19.9,19.85,312.0,85.4,3320.0,66.8,139.5,81.6,108.0,48.2,19.0,205.0,198.0,10.25,140.5,49.6,7.82,36.7,27.1,72.3,45.25,51.2,120.5,81.6,38.05,34.45,96.4,17.8,7.15,83.8,70.1,78.7,80.9,505.0,266.5,478.0,173.0,96.8,111.5,199.0,252.0,31.1,181.5,132.0,87.1,146.5,44.3,49.9,90.8,47.4
34.85,33.15,69.8,49.6,98.7,72.4,11.9,38.2,105.0,28.65,34.2,342.5,169.5,18.0,122.5,330.0,17.35,51.7,23.65,46.0,136.5,25.3,13.5,16.0,24.1,58.4,241.0,327.5,27.5,41.45,29.5,20.05,24.25,242.5,225.0,241.0,40.45,11.25,129.0,,21.55,71.1,17.4,,340.5,225.5,19.55,14.2,99.1,35.75,19.55,19.1,60.6,22.1,215.0,119.0,36.7,39.1,68.7,138.0,50.4,80.8,62.3,226.0,53.3,12.4,107.0,129.5,28.2,21.9,67.7,233.5,224.5,171.5,39.6,45.9,12.1,32.35,10.55,16.0,15.45,30.35,223.5,17.55,31.25,10.2,28.85,10.7,10.1,12.3,17.55,47.5,47.25,9.92,20.4,15.25,25.7,13.4,9.74,10.25,19.9,19.8,312.0,85.4,3320.0,66.8,139.0,81.6,107.5,48.1,19.0,204.5,198.5,10.2,140.5,49.6,7.83,36.7,27.1,72.3,45.2,51.2,120.5,81.6,38.05,34.45,96.4,17.8,7.14,83.8,70.1,78.7,80.8,505.0,266.5,478.0,173.0,96.9,111.5,199.0,252.0,31.1,181.5,132.0,87.1,146.5,44.3,49.9,90.8,47.4
34.9,33.15,69.8,49.6,98.7,72.4,11.9,38.2,105.0,28.65,34.2,342.5,169.5,18.0,122.5,330.0,17.3,51.7,23.65,46.0,136.5,25.3,13.5,16.0,24.05,58.4,241.0,327.5,27.5,41.5,29.5,20.0,24.25,242.5,225.0,241.0,40.45,11.25,129.0,,21.55,71.1,17.45,,341.0,225.5,19.55,14.2,99.1,35.75,19.55,19.15,60.6,22.1,215.0,119.0,36.7,39.15,68.7,138.0,50.4,80.6,62.3,225.5,53.3,12.4,107.5,129.5,28.2,21.9,67.7,233.5,225.0,171.5,39.65,45.9,12.1,32.35,10.6,16.0,15.5,30.35,223.5,17.55,31.25,10.2,28.8,10.75,10.1,12.3,17.6,47.5,47.25,9.92,20.35,15.3,25.7,13.35,9.74,10.3,19.9,19.8,312.0,85.5,3320.0,66.9,139.5,81.6,108.0,48.2,19.0,204.5,198.5,10.2,140.5,49.6,7.82,36.65,27.1,72.3,45.2,51.1,120.5,81.6,38.05,34.45,96.4,17.8,7.15,83.8,70.0,78.6,80.8,505.0,266.5,478.0,173.0,96.9,111.5,199.0,252.0,31.1,181.5,131.5,87.1,146.5,44.3,49.9,90.8,47.4
34.9,33.15,69.7,49.6,98.7,72.4,11.85,38.2,105.5,28.65,34.2,342.5,169.5,18.0,122.5,330.0,17.35,51.7,23.65,46.0,136.5,25.3,13.5,15.95,24.05,58.4,241.0,327.5,27.5,41.5,29.5,20.05,24.25,242.5,225.0,241.0,40.45,11.25,129.0,,21.6,71.1,17.45,,340.5,225.5,19.5,14.15,99.0,35.8,19.55,19.15,60.6,22.1,214.5,119.0,36.7,39.15,68.7,138.0,50.4,80.6,62.3,225.5,53.4,12.4,107.0,129.5,28.2,21.9,67.7,234.0,224.5,171.5,39.65,45.95,12.1,32.35,10.6,16.0,15.5,30.35,223.5,17.6,31.25,10.2,28.8,10.75,10.1,12.3,17.6,47.45,47.25,9.92,20.4,15.25,25.7,13.35,9.73,10.25,19.9,19.8,312.5,85.4,3320.0,67.0,139.0,81.6,107.5,48.15,19.0,204.5,198.5,10.25,140.0,49.55,7.83,36.65,27.1,72.3,45.2,51.1,120.5,81.5,38.05,34.45,96.4,17.8,7.15,83.8,70.0,78.6,80.8,505.0,267.0,477.5,173.0,97.0,111.5,199.0,252.0,31.1,181.0,131.5,87.1,146.5,44.3,49.9,90.8,47.4
34.9,33.15,69.7,49.6,98.7,72.4,11.9,38.2,105.5,28.6,34.15,342.5,169.5,18.0,123.0,330.0,17.3,51.7,23.65,45.95,136.5,25.3,13.5,15.95,24.05,58.4,241.0,327.5,27.5,41.5,29.5,20.05,24.2,242.5,225.0,241.0,40.45,11.25,129.0,,21.55,71.0,17.45,,341.0,225.0,19.5,14.15,99.0,35.75,19.55,19.15,60.6,22.15,214.5,119.0,36.7,39.15,68.7,137.5,50.4,80.6,62.3,225.5,53.4,12.45,107.5,129.0,28.2,21.95,67.7,233.5,224.5,171.5,39.65,45.9,12.1,32.35,10.6,16.0,15.5,30.35,223.0,17.6,31.3,10.2,28.8,10.75,10.1,12.3,17.6,47.5,47.25,9.92,20.4,15.25,25.7,13.4,9.74,10.25,19.9,19.8,312.5,85.4,3320.0,66.9,139.0,81.6,107.5,48.15,19.0,204.5,198.5,10.2,140.0,49.55,7.84,36.65,27.1,72.3,45.2,51.2,120.5,81.6,38.05,34.45,96.4,17.8,7.15,83.8,70.0,78.6,80.8,505.0,267.0,477.5,173.0,97.1,111.5,199.0,252.0,31.1,181.5,131.5,87.1,146.5,44.3,49.9,90.8,47.45
34.9,33.15,69.8,49.7,98.7,72.5,11.9,38.2,105.5,28.65,34.15,342.5,170.0,18.0,122.5,330.0,17.3,51.7,23.65,45.95,136.5,25.3,13.5,15.95,24.05,58.4,241.0,327.5,27.5,41.5,29.5,20.05,24.2,242.5,225.0,241.0,40.5,11.25,129.0,,21.55,71.0,17.45,,341.0,225.0,19.55,14.15,99.0,35.75,19.55,19.15,60.6,22.15,214.5,119.0,36.7,39.15,68.7,138.0,50.4,80.6,62.3,225.5,53.3,12.45,107.5,129.0,28.2,21.95,67.7,233.5,224.5,171.5,39.65,45.9,12.1,32.3,10.6,16.0,15.5,30.35,223.0,17.6,31.25,10.2,28.8,10.75,10.1,12.3,17.6,47.5,47.25,9.92,20.4,15.25,25.7,13.4,9.73,10.3,19.9,19.85,312.5,85.5,3320.0,66.8,139.0,81.6,107.5,48.1,19.0,204.5,198.0,10.25,140.0,49.55,7.84,36.65,27.1,72.4,45.2,51.2,120.5,81.6,38.05,34.45,96.4,17.8,7.15,83.8,70.0,78.5,80.7,506.0,267.0,477.0,173.0,97.2,111.5,199.0,252.0,31.1,181.5,131.5,87.1,146.5,44.3,49.9,90.8,47.45
34.9,33.1,69.8,49.6,98.7,72.5,11.9,38.2,105.5,28.6,34.2,342.5,169.5,18.0,122.5,330.0,17.3,51.7,23.65,45.95,136.5,25.3,13.5,15.95,24.05,58.4,240.5,327.0,27.5,41.5,29.5,20.05,24.2,242.5,225.0,241.0,40.5,11.25,129.0,,21.55,71.1,17.45,,341.5,225.0,19.5,14.2,99.0,35.75,19.6,19.15,60.6,22.15,214.5,119.0,36.7,39.15,68.7,138.0,50.4,80.6,62.4,226.0,53.4,12.45,107.5,129.0,28.2,21.95,67.7,233.5,224.5,171.5,39.6,45.9,12.05,32.3,10.55,16.0,15.45,30.35,223.0,17.6,31.25,10.2,28.85,10.75,10.1,12.3,17.55,47.5,47.25,9.93,20.4,15.25,25.65,13.4,9.73,10.25,19.9,19.8,312.5,85.4,3320.0,66.8,139.0,81.6,108.0,48.0,19.0,204.5,198.0,10.25,140.0,49.6,7.82,36.65,27.1,72.3,45.2,51.1,120.5,81.5,38.15,34.45,96.4,17.8,7.14,83.8,70.1,78.5,80.6,503.0,267.0,477.0,173.0,97.3,111.5,199.0,252.0,31.1,181.0,131.5,87.1,146.5,44.3,49.9,90.8,47.45
34.85,33.15,69.8,49.6,98.7,72.5,11.9,38.2,105.5,28.65,34.2,342.5,169.5,18.0,122.5,330.0,17.3,51.7,23.65,46.0,136.5,25.3,13.5,15.95,24.1,58.4,240.5,327.0,27.45,41.45,29.5,20.05,24.2,242.5,225.0,241.0,40.45,11.25,128.5,,21.55,71.0,17.4,,341.5,225.5,19.55,14.2,98.9,35.75,19.6,19.15,60.6,22.15,214.5,119.0,36.7,39.15,68.7,138.0,50.4,80.6,62.3,226.0,53.4,12.4,107.0,129.0,28.2,21.95,67.7,233.5,224.0,171.5,39.6,45.9,12.05,32.3,10.6,16.0,15.5,30.35,223.0,17.6,31.25,10.2,28.85,10.75,10.1,12.25,17.6,47.45,47.25,9.92,20.35,15.25,25.7,13.4,9.73,10.3,19.9,19.85,312.5,85.4,3320.0,66.8,139.5,81.7,107.5,48.0,19.0,204.5,198.0,10.25,140.0,49.6,7.82,36.7,27.1,72.4,45.25,51.1,120.5,81.5,38.15,34.45,96.4,17.8,7.15,83.8,70.1,78.5,80.6,503.0,267.0,477.0,173.0,97.1,112.0,199.0,252.0,31.1,181.5,132.0,87.1,146.5,44.3,49.9,90.8,47.45
34.85,33.2,69.8,49.6,98.7,72.4,11.9,38.2,105.5,28.6,34.2,342.5,169.5,18.05,122.5,329.5,17.3,51.7,23.65,46.0,136.5,25.3,13.5,16.0,24.05,58.4,240.5,327.0,27.45,41.45,29.5,20.05,24.25,242.5,225.0,241.0,40.45,11.25,128.5,,21.55,71.0,17.45,,341.0,225.5,19.55,14.2,99.1,35.75,19.55,19.15,60.6,22.1,214.5,119.0,36.7,39.15,68.7,137.5,50.4,80.6,62.3,226.0,53.4,12.4,107.5,129.5,28.2,21.95,67.7,233.5,224.5,171.5,39.6,45.9,12.05,32.3,10.6,16.0,15.45,30.35,223.0,17.6,31.25,10.2,28.8,10.75,10.05,12.25,17.6,47.5,47.25,9.93,20.35,15.25,25.65,13.4,9.73,10.25,19.85,19.85,312.5,85.3,3320.0,66.7,139.0,81.7,107.5,47.9,19.0,204.5,198.0,10.25,140.5,49.55,7.82,36.7,27.1,72.4,45.2,51.1,120.5,81.5,38.15,34.45,96.4,17.8,7.14,83.8,70.1,78.5,80.5,503.0,267.0,477.0,173.0,97.0,111.0,199.0,252.0,31.1,181.5,132.0,87.1,146.5,44.3,49.9,90.8,47.4
34.9,33.25,69.8,49.6,98.7,72.4,11.9,38.2,105.5,28.65,34.2,342.5,169.5,18.05,122.5,330.0,17.3,51.7,23.65,46.0,136.5,25.3,13.5,16.0,24.05,58.4,240.5,327.0,27.5,41.45,29.5,20.05,24.25,242.5,225.0,241.0,40.45,11.25,129.0,,21.55,71.0,17.45,,340.5,225.0,19.55,14.2,99.0,35.75,19.6,19.15,60.5,22.1,214.5,119.0,36.7,39.15,68.8,138.0,50.4,80.6,62.2,225.5,53.4,12.4,107.0,129.5,28.2,21.9,67.7,233.5,224.5,171.5,39.6,45.9,12.05,32.3,10.55,16.0,15.45,30.35,223.0,17.6,31.25,10.2,28.8,10.7,10.1,12.2,17.6,47.5,47.25,9.93,20.4,15.25,25.7,13.4,9.73,10.25,19.9,19.8,312.5,85.4,3320.0,66.7,139.0,81.7,108.0,47.9,19.0,204.5,198.0,10.25,140.5,49.6,7.82,36.7,27.1,72.3,45.2,51.1,120.5,81.5,38.15,34.45,96.4,17.8,7.14,83.8,70.0,78.5,80.4,503.0,267.0,477.0,173.0,97.0,111.5,199.0,252.5,31.1,181.5,131.5,87.1,146.5,44.3,49.9,90.8,47.4
34.85,33.25,69.8,49.6,98.6,72.4,11.9,38.2,105.5,28.6,34.15,342.5,169.5,18.0,122.5,330.0,17.3,51.7,23.65,46.0,136.5,25.3,13.5,16.0,24.1,58.4,240.5,327.0,27.5,41.45,29.5,20.05,24.25,242.5,225.0,241.0,40.5,11.2,129.0,,21.6,71.0,17.45,,340.0,225.5,19.55,14.2,99.1,35.75,19.6,19.15,60.5,22.1,214.5,119.0,36.7,39.15,68.7,138.0,50.3,80.6,62.2,225.5,53.4,12.4,107.0,129.5,28.25,21.95,67.7,233.5,224.5,171.5,39.6,45.9,12.05,32.3,10.6,16.0,15.5,30.35,223.0,17.6,31.25,10.2,28.8,10.75,10.05,12.2,17.6,47.45,47.25,9.92,20.4,15.25,25.7,13.4,9.73,10.25,19.9,19.8,312.5,85.4,3320.0,66.7,139.5,81.7,107.5,47.75,19.0,204.5,198.0,10.2,140.5,49.6,7.82,36.7,27.1,72.4,45.2,51.1,120.5,81.4,38.15,34.45,96.4,17.8,7.15,83.8,70.0,78.5,80.4,503.0,267.0,477.0,173.0,96.8,111.5,199.0,252.5,31.1,181.5,132.0,87.1,146.5,44.3,49.9,90.8,47.4
34.85,33.25,69.8,49.6,98.7,72.4,11.9,38.2,105.5,28.6,34.15,342.5,170.0,18.05,122.5,330.5,17.3,51.7,23.65,46.0,136.5,25.35,13.5,16.0,24.1,58.4,240.5,327.0,27.5,41.45,29.5,20.05,24.25,242.5,225.0,241.0,40.45,11.2,129.0,,21.55,71.0,17.4,,339.5,225.5,19.55,14.2,99.1,35.8,19.6,19.1,60.5,22.1,214.5,119.0,36.7,39.15,68.7,138.0,50.4,80.7,62.2,225.5,53.5,12.4,107.5,129.0,28.25,21.95,67.7,233.5,224.5,171.5,39.6,45.9,12.05,32.3,10.6,16.0,15.5,30.35,223.0,17.6,31.25,10.2,28.8,10.7,10.1,12.2,17.55,47.5,47.25,9.92,20.35,15.25,25.7,13.35,9.73,10.25,19.9,19.8,312.5,85.4,3320.0,66.7,139.0,81.7,108.0,47.75,18.95,204.5,198.0,10.25,140.5,49.6,7.82,36.7,27.1,72.3,45.2,51.1,120.5,81.4,38.15,34.4,96.4,17.8,7.14,84.0,70.0,78.5,80.4,503.0,267.0,477.0,173.0,96.6,111.5,199.0,252.5,31.05,181.5,132.0,87.1,146.5,44.3,49.9,90.8,47.4
34.85,33.25,69.8,49.6,98.7,72.4,11.85,38.2,105.5,28.6,34.2,342.5,170.0,18.05,122.5,330.5,17.3,51.7,23.65,45.95,136.5,25.35,13.5,16.0,24.05,58.4,240.5,327.0,27.5,41.45,29.5,20.05,24.25,242.5,225.0,241.0,40.5,11.25,129.0,,21.55,71.0,17.4,,339.5,225.0,19.5,14.2,99.1,35.8,19.6,19.1,60.5,22.1,214.5,119.0,36.65,39.15,68.8,138.0,50.4,80.7,62.2,225.5,53.5,12.4,107.0,129.0,28.3,22.0,67.7,233.5,225.0,171.5,39.6,45.9,12.05,32.3,10.6,16.0,15.45,30.35,223.0,17.6,31.25,10.2,28.8,10.7,10.1,12.25,17.6,47.5,47.25,9.92,20.4,15.25,25.7,13.4,9.72,10.25,19.9,19.8,312.5,85.4,3320.0,66.7,139.0,81.7,107.5,47.8,18.95,205.0,198.5,10.25,140.5,49.6,7.83,36.7,27.1,72.3,45.2,51.1,120.5,81.3,38.15,34.4,96.4,17.75,7.14,84.0,70.1,78.5,80.5,503.0,267.0,477.0,172.5,96.5,111.5,199.0,252.5,31.05,181.5,132.0,87.1,146.5,44.3,49.85,90.8,47.4
34.9,33.2,69.8,49.6,98.6,72.4,11.9,38.2,105.5,28.65,34.2,342.5,169.5,18.05,122.5,330.5,17.3,51.7,23.65,46.0,136.5,25.35,13.5,16.0,24.1,58.4,240.5,326.5,27.45,41.45,29.55,20.0,24.25,242.5,225.0,241.0,40.5,11.25,129.0,,21.55,71.0,17.45,,340.0,225.0,19.55,14.2,99.1,35.8,19.6,19.1,60.6,22.15,214.5,119.0,36.65,39.15,68.8,138.0,50.4,80.7,62.2,225.5,53.4,12.45,107.5,129.5,28.3,21.95,67.7,233.5,224.5,171.0,39.6,45.9,12.1,32.3,10.6,16.0,15.5,30.35,223.0,17.6,31.3,10.2,28.8,10.75,10.1,12.25,17.6,47.5,47.25,9.92,20.4,15.3,25.7,13.4,9.72,10.3,19.9,19.85,312.5,85.4,3320.0,66.7,139.5,81.7,108.0,47.85,19.0,205.0,197.5,10.25,140.5,49.6,7.83,36.7,27.1,72.3,45.15,51.1,120.5,81.3,38.1,34.4,96.4,17.8,7.14,84.0,70.1,78.5,80.5,503.0,267.0,477.0,172.5,96.6,112.0,199.0,252.5,31.1,181.5,131.5,87.1,146.5,44.3,49.85,90.8,47.4
34.9,33.25,69.8,49.6,98.6,72.5,11.85,38.2,105.0,28.65,34.2,342.5,169.5,18.05,123.0,330.5,17.3,51.7,23.65,46.0,136.5,25.35,13.5,16.0,24.1,58.4,240.0,327.5,27.5,41.45,29.55,20.05,24.25,242.5,225.0,241.0,40.5,11.25,129.0,,21.5,71.0,17.45,,340.0,225.0,19.5,14.2,99.1,35.8,19.6,19.1,60.5,22.1,214.5,119.0,36.65,39.1,68.8,138.0,50.4,80.7,62.2,225.5,53.5,12.4,107.0,129.5,28.3,22.0,67.7,233.5,224.5,171.5,39.55,45.9,12.1,32.3,10.55,16.0,15.5,30.35,223.0,17.6,31.3,10.15,28.8,10.75,10.1,12.25,17.6,47.5,47.25,9.92,20.35,15.25,25.7,13.4,9.72,10.3,19.9,19.8,312.5,85.4,3320.0,66.7,139.0,81.7,108.0,47.9,19.0,205.0,198.5,10.25,140.5,49.6,7.84,36.65,27.1,72.3,45.25,51.1,120.5,81.3,38.1,34.4,96.3,17.8,7.14,84.0,70.0,78.5,80.5,503.0,267.0,477.0,172.5,96.5,111.5,199.0,252.5,31.1,181.5,131.5,87.1,146.5,44.3,49.85,90.8,47.4
34.85,33.2,69.8,49.6,98.7,72.4,11.85,38.2,105.0,28.65,34.15,342.5,169.5,18.05,122.5,330.0,17.35,51.8,23.65,46.0,136.5,25.35,13.5,16.05,24.05,58.4,240.5,327.5,27.5,41.45,29.55,20.05,24.25,242.5,225.0,241.0,40.45,11.25,128.5,,21.55,71.0,17.45,,340.0,225.5,19.5,14.2,99.1,35.8,19.6,19.15,60.6,22.1,214.5,119.0,36.65,39.15,68.7,138.0,50.4,80.7,62.2,225.5,53.5,12.4,107.0,129.5,28.3,21.95,67.7,234.0,224.5,171.0,39.55,45.9,12.1,32.3,10.55,16.0,15.5,30.35,223.0,17.6,31.3,10.15,28.8,10.75,10.1,12.2,17.6,47.5,47.3,9.94,20.4,15.25,25.65,13.4,9.72,10.25,19.9,19.8,312.0,85.3,3320.0,66.7,139.0,81.6,107.5,47.95,19.0,205.0,198.5,10.25,140.5,49.6,7.85,36.65,27.1,72.3,45.2,51.1,120.5,81.4,38.1,34.4,96.3,17.8,7.14,84.0,70.0,78.5,80.5,503.0,267.0,476.0,172.5,96.6,112.0,199.0,253.0,31.1,181.5,131.5,87.1,146.5,44.3,49.85,90.8,47.4
34.85,33.25,69.8,49.6,98.6,72.4,11.9,38.2,105.0,28.6,34.2,342.5,169.5,18.05,122.5,330.0,17.35,51.7,23.65,46.0,136.5,25.35,13.5,16.05,24.05,58.4,240.5,327.5,27.5,41.45,29.55,20.05,24.25,242.5,225.0,241.0,40.5,11.25,129.0,,21.55,71.1,17.45,,340.0,225.0,19.5,14.2,99.1,35.85,19.6,19.15,60.6,22.1,214.5,119.0,36.6,39.15,68.7,138.0,50.4,80.7,62.2,225.5,53.5,12.4,107.0,129.0,28.25,21.95,67.7,234.0,224.5,171.0,39.55,45.9,12.1,32.3,10.6,16.0,15.5,30.4,223.0,17.55,31.3,10.15,28.8,10.75,10.1,12.2,17.55,47.5,47.3,9.93,20.35,15.25,25.7,13.4,9.73,10.3,19.9,19.85,312.5,85.3,3320.0,66.7,139.5,81.6,107.5,47.95,19.0,205.0,199.5,10.25,140.0,49.6,7.85,36.65,27.1,72.3,45.2,51.1,120.5,81.3,38.1,34.4,96.3,17.8,7.15,84.0,70.0,78.5,80.5,503.0,267.0,476.5,172.0,96.6,112.0,199.0,253.0,31.1,181.5,131.5,87.1,146.5,44.3,49.85,90.8,47.4
34.85,33.2,69.8,49.6,98.7,72.4,11.9,38.2,105.0,28.65,34.2,342.5,169.5,18.05,122.5,330.0,17.3,51.8,23.65,46.0,136.5,25.35,13.5,16.05,24.05,58.4,240.5,327.5,27.5,41.45,29.55,20.05,24.25,242.5,225.0,241.0,40.5,11.25,129.0,,21.55,71.0,17.45,,339.5,225.0,19.5,14.2,98.9,35.85,19.6,19.15,60.6,22.1,214.5,119.0,36.65,39.15,68.8,138.0,50.3,80.7,62.1,225.5,53.6,12.4,107.5,129.0,28.35,22.0,67.7,233.5,224.5,171.5,39.5,45.9,12.1,32.3,10.6,16.0,15.5,30.35,223.0,17.55,31.3,10.15,28.85,10.7,10.05,12.2,17.55,47.5,47.3,9.93,20.35,15.25,25.7,13.4,9.72,10.3,19.9,19.85,312.5,85.3,3320.0,66.7,139.0,81.6,107.5,47.95,19.0,204.5,199.0,10.25,140.0,49.6,7.84,36.65,27.1,72.3,45.1,51.2,120.5,81.3,38.1,34.4,96.3,17.8,7.14,84.0,70.0,78.5,80.5,503.0,267.0,476.5,172.0,96.8,112.0,199.0,253.0,31.1,181.0,131.5,87.1,146.5,44.3,49.75,90.7,47.4
34.85,33.25,69.8,49.6,98.7,72.4,11.9,38.2,105.0,28.6,34.2,342.5,169.5,18.05,122.5,330.0,17.3,51.7,23.65,46.0,136.5,25.35,13.5,16.05,24.05,58.4,240.0,327.5,27.5,41.45,29.55,20.05,24.25,242.5,225.0,241.0,40.5,11.25,129.0,,21.5,71.0,17.45,,339.5,225.5,19.55,14.2,99.1,35.85,19.55,19.1,60.5,22.1,214.5,119.0,36.65,39.15,68.7,138.0,50.4,80.7,62.2,226.0,53.6,12.45,107.5,129.0,28.25,22.0,67.7,233.5,224.5,171.0,39.5,45.9,12.05,32.3,10.6,16.0,15.5,30.35,223.0,17.55,31.3,10.15,28.85,10.75,10.05,12.2,17.55,47.55,47.25,9.93,20.35,15.25,25.65,13.4,9.73,10.25,19.9,19.8,312.0,85.2,3320.0,66.7,139.0,81.6,107.0,47.9,19.0,204.5,199.0,10.2,140.0,49.6,7.84,36.65,27.1,72.3,45.1,51.1,120.5,81.3,38.1,34.4,96.3,17.8,7.14,84.0,70.0,78.5,80.5,503.0,267.0,476.5,172.0,96.8,112.0,199.0,252.5,31.1,181.0,131.5,87.1,146.5,44.3,49.75,90.7,47.35
34.85,33.2,69.8,49.6,98.6,72.4,11.9,38.2,105.0,28.65,34.15,342.5,169.5,18.0,122.5,330.0,17.3,51.7,23.65,46.0,136.5,25.35,13.5,16.0,24.1,58.4,240.5,327.5,27.5,41.45,29.55,20.05,24.25,242.5,225.0,241.0,40.45,11.2,128.5,,21.5,71.0,17.45,,339.5,225.0,19.55,14.2,99.1,35.9,19.55,19.15,60.5,22.1,214.5,119.0,36.65,39.15,68.7,138.0,50.4,80.7,62.2,226.0,53.5,12.4,107.0,129.0,28.25,22.05,67.7,233.5,224.5,171.0,39.5,45.9,12.05,32.3,10.6,16.0,15.5,30.35,223.0,17.55,31.3,10.15,28.8,10.75,10.05,12.2,17.55,47.55,47.25,9.94,20.35,15.25,25.6,13.4,9.72,10.3,19.9,19.85,312.0,85.1,3320.0,66.7,139.5,81.6,107.0,47.9,19.0,204.5,198.5,10.25,140.0,49.6,7.84,36.65,27.1,72.3,45.1,51.2,120.5,81.3,38.1,34.4,96.3,17.8,7.14,84.0,70.0,78.5,80.5,503.0,267.0,476.5,172.5,96.8,111.5,199.0,253.0,31.1,181.0,131.5,87.1,146.5,44.3,49.75,90.8,47.4
34.85,33.25,69.8,49.6,98.6,72.4,11.9,38.2,105.0,28.6,34.2,342.5,169.5,18.05,122.5,329.5,17.3,51.7,23.65,46.0,136.5,25.35,13.5,16.0,24.1,58.4,240.5,327.5,27.5,41.45,29.55,20.0,24.25,242.5,225.0,240.5,40.5,11.25,128.5,,21.5,71.0,17.45,,340.0,225.0,19.55,14.15,99.1,35.9,19.55,19.15,60.5,22.1,215.0,119.0,36.65,39.15,68.7,138.0,50.4,80.7,62.2,226.0,53.5,12.4,107.0,129.5,28.2,22.05,67.7,233.5,224.5,171.0,39.55,45.9,12.05,32.3,10.6,16.0,15.5,30.35,223.0,17.6,31.3,10.15,28.8,10.75,10.05,12.2,17.6,47.55,47.25,9.94,20.35,15.25,25.6,13.4,9.72,10.25,19.9,19.8,312.5,85.1,3320.0,66.7,139.0,81.6,107.0,47.85,19.0,204.5,198.5,10.25,140.0,49.55,7.84,36.65,27.1,72.3,45.1,51.0,120.5,81.4,38.1,34.4,96.4,17.8,7.14,84.0,70.1,78.5,80.5,503.0,267.0,476.5,172.5,96.8,111.5,199.0,253.0,31.1,181.5,131.5,87.1,146.0,44.3,49.75,90.8,47.4
34.85,33.25,69.8,49.6,98.6,72.4,11.9,38.2,105.5,28.6,34.2,343.0,169.5,18.0,122.5,329.0,17.3,51.7,23.65,46.0,136.5,25.35,13.5,16.0,24.1,58.4,240.5,327.5,27.45,41.45,29.55,20.05,24.25,242.5,225.0,240.5,40.5,11.25,129.0,,21.5,71.0,17.45,,339.5,225.0,19.55,14.2,99.0,35.9,19.55,19.15,60.5,22.1,215.0,119.0,36.7,39.15,68.7,137.5,50.4,80.7,62.2,226.5,53.5,12.4,107.0,129.5,28.2,22.05,67.7,234.0,224.5,171.0,39.45,45.9,12.05,32.3,10.55,16.0,15.5,30.35,223.0,17.6,31.3,10.15,28.8,10.75,10.1,12.2,17.6,47.5,47.25,9.94,20.35,15.25,25.65,13.4,9.72,10.3,19.9,19.85,312.5,85.1,3320.0,66.7,139.0,81.6,107.0,47.8,19.0,204.0,198.5,10.25,140.0,49.55,7.84,36.65,27.1,72.3,45.1,51.1,120.5,81.3,38.1,34.45,96.4,17.8,7.14,84.0,70.0,78.5,80.5,503.0,267.0,476.5,172.5,96.6,111.5,199.0,253.0,31.1,181.5,131.5,87.1,146.0,44.3,49.75,90.8,47.4
34.85,33.25,69.8,49.6,98.7,72.4,11.95,38.2,105.5,28.6,34.2,343.0,169.5,18.0,122.5,329.0,17.3,51.8,23.65,46.0,136.5,25.35,13.5,16.0,24.1,58.4,240.5,327.5,27.45,41.45,29.55,20.05,24.25,242.5,225.0,240.5,40.5,11.2,129.0,,21.6,71.0,17.45,,339.5,225.0,19.55,14.2,99.0,35.9,19.55,19.15,60.5,22.1,215.0,119.0,36.7,39.15,68.7,138.0,50.4,80.7,62.2,225.5,53.6,12.4,107.0,129.5,28.2,22.05,67.7,233.5,224.5,171.0,39.45,45.9,12.1,32.3,10.6,16.0,15.5,30.35,223.0,17.55,31.3,10.2,28.8,10.75,10.1,12.2,17.55,47.55,47.25,9.93,20.35,15.25,25.6,13.4,9.73,10.3,19.9,19.85,312.0,85.1,3320.0,66.6,139.0,81.6,107.0,47.85,19.0,204.0,199.0,10.2,140.0,49.55,7.84,36.7,27.1,72.4,45.1,51.1,120.5,81.4,38.1,34.45,96.4,17.75,7.14,84.0,70.0,78.5,80.5,503.0,267.0,476.5,172.5,96.7,111.5,199.0,253.0,31.1,181.0,131.5,87.1,146.0,44.3,49.75,90.8,47.4
34.9,33.25,69.8,49.6,98.7,72.4,11.9,38.2,105.5,28.65,34.2,343.0,169.5,18.0,122.5,329.0,17.3,51.8,23.65,46.0,136.5,25.35,13.5,16.0,24.1,58.7,240.5,327.5,27.45,41.45,29.55,20.0,24.25,242.5,225.0,240.5,40.5,11.25,128.5,,21.6,70.9,17.45,,339.0,225.5,19.6,14.2,98.9,35.9,19.55,19.2,60.5,22.05,215.0,119.0,36.65,39.15,68.7,138.0,50.4,80.7,62.2,225.5,53.6,12.45,107.5,129.0,28.2,22.05,67.7,234.0,224.5,171.0,39.5,45.9,12.1,32.3,10.6,16.0,15.5,30.35,223.0,17.6,31.35,10.2,28.8,10.75,10.1,12.2,17.55,47.5,47.3,9.93,20.35,15.25,25.65,13.4,9.72,10.3,19.9,19.85,312.0,85.1,3320.0,66.6,139.0,81.6,107.5,47.85,19.0,204.0,198.5,10.25,140.0,49.55,7.85,36.7,27.15,72.3,45.1,51.1,120.5,81.4,38.1,34.45,96.4,17.75,7.14,84.0,70.0,78.5,80.5,504.0,267.0,476.5,172.5,96.9,111.5,199.0,253.0,31.1,181.0,131.5,87.1,146.0,44.3,49.75,90.8,47.4
34.85,33.25,69.8,49.6,98.7,72.4,11.9,38.2,105.0,28.6,34.25,343.0,169.0,18.0,122.5,329.0,17.3,51.8,23.65,46.0,136.5,25.35,13.55,16.0,24.05,58.4,240.5,327.5,27.45,41.45,29.55,20.05,24.25,243.0,225.0,240.5,40.5,11.25,129.0,,21.6,70.9,17.45,,339.5,225.0,19.6,14.2,99.0,35.9,19.55,19.2,60.5,22.05,215.0,119.0,36.65,39.2,68.6,137.5,50.4,80.7,62.2,226.0,53.6,12.4,107.0,129.0,28.2,22.05,67.6,234.5,224.5,170.5,39.5,45.9,12.1,32.3,10.55,16.0,15.5,30.35,223.0,17.6,31.35,10.2,28.8,10.75,10.1,12.2,17.6,47.55,47.25,9.93,20.35,15.25,25.65,13.4,9.72,10.3,19.9,19.8,312.0,85.1,3320.0,66.6,139.0,81.6,107.0,47.85,19.0,204.0,198.5,10.2,140.0,49.55,7.85,36.7,27.15,72.4,45.1,51.1,120.5,81.4,38.05,34.45,96.3,17.75,7.14,83.9,70.0,78.5,80.5,504.0,267.0,476.5,172.0,96.9,111.5,199.0,253.5,31.05,181.0,131.5,87.1,146.5,44.3,49.75,90.8,47.4
34.9,33.2,69.8,49.6,98.6,72.4,11.9,38.15,105.0,28.65,34.3,343.0,169.5,18.05,122.5,329.0,17.3,51.8,23.65,46.0,136.5,25.35,13.55,16.0,24.05,58.4,240.5,327.5,27.45,41.45,29.55,20.05,24.25,243.0,225.0,240.5,40.5,11.25,129.0,,21.6,70.9,17.4,,339.5,225.0,19.55,14.15,99.0,35.9,19.6,19.15,60.5,22.05,215.0,119.0,36.6,39.2,68.7,138.0,50.4,80.7,62.1,226.0,53.6,12.45,107.5,129.5,28.25,22.05,67.6,234.5,224.5,171.0,39.5,45.9,12.1,32.3,10.6,16.1,15.5,30.35,223.0,17.6,31.25,10.2,28.8,10.7,10.1,12.2,17.6,47.55,47.25,9.92,20.4,15.25,25.6,13.4,9.73,10.25,19.9,19.8,312.5,85.1,3320.0,66.6,139.0,81.6,107.0,47.85,19.0,204.0,198.0,10.25,140.0,49.55,7.85,36.7,27.15,72.3,45.1,51.1,120.5,81.5,38.05,34.45,96.4,17.8,7.14,83.8,70.1,78.5,80.4,504.0,267.0,476.5,172.0,96.9,111.5,199.0,253.5,31.1,181.5,131.5,87.1,146.5,44.3,49.75,90.8,47.4
34.85,33.2,69.7,49.65,98.7,72.4,11.9,38.15,105.0,28.6,34.25,343.0,169.5,18.05,122.5,329.0,17.3,51.8,23.65,46.0,136.5,25.35,13.55,16.0,24.05,58.4,240.5,327.5,27.45,41.45,29.45,20.0,24.2,243.0,225.0,240.5,40.5,11.25,129.0,,21.55,70.9,17.45,,339.5,225.0,19.55,14.15,99.0,35.9,19.6,19.15,60.5,22.05,215.0,119.0,36.6,39.2,68.7,138.0,50.4,80.7,62.1,226.0,53.6,12.4,107.0,129.5,28.25,22.05,67.6,234.5,224.5,170.5,39.5,45.95,12.1,32.3,10.6,16.1,15.45,30.35,223.5,17.55,31.25,10.2,28.8,10.75,10.1,12.2,17.6,47.55,47.3,9.92,20.4,15.25,25.6,13.4,9.72,10.25,19.9,19.8,312.5,85.1,3320.0,66.6,139.0,81.6,107.0,47.85,19.0,204.0,198.0,10.2,140.0,49.55,7.85,36.7,27.15,72.3,45.05,51.1,120.5,81.4,38.05,34.45,96.4,17.8,7.14,83.8,70.0,78.5,80.5,505.0,267.0,476.5,172.0,96.9,111.0,199.0,253.5,31.1,181.0,131.5,87.1,146.5,44.3,49.75,90.8,47.4
34.85,33.2,69.5,49.6,98.7,72.4,11.9,38.15,105.5,28.65,34.25,343.0,169.5,18.05,122.5,329.0,17.25,51.8,23.65,46.0,136.5,25.35,13.55,16.0,24.05,58.4,240.5,326.5,27.4,41.45,29.45,20.0,24.15,243.0,225.0,240.5,40.5,11.25,129.0,,21.55,70.9,17.45,,339.5,225.0,19.6,14.2,98.9,35.9,19.6,19.2,60.5,22.05,215.0,119.0,36.6,39.2,68.7,138.0,50.4,80.7,62.2,226.0,53.6,12.4,107.5,129.5,28.25,22.0,67.6,234.5,224.5,171.0,39.5,45.95,12.1,32.3,10.6,16.1,15.5,30.35,223.5,17.6,31.25,10.2,28.85,10.75,10.1,12.2,17.6,47.55,47.25,9.92,20.4,15.3,25.65,13.4,9.72,10.3,19.9,19.85,312.5,85.2,3320.0,66.6,139.5,81.6,107.0,47.9,19.0,204.5,198.5,10.25,140.0,49.55,7.85,36.7,27.15,72.3,45.05,51.1,120.0,81.4,38.1,34.45,96.4,17.8,7.14,83.8,70.0,78.5,80.5,505.0,267.0,476.5,171.5,96.9,111.0,199.0,253.5,31.1,181.0,131.5,87.1,146.5,44.3,49.75,90.8,47.4
34.9,33.15,69.5,49.6,98.7,72.4,11.9,38.15,105.5,28.65,34.3,343.0,169.5,18.05,123.0,329.0,17.25,51.8,23.65,46.0,136.5,25.3,13.55,16.0,24.05,58.4,240.5,326.5,27.45,41.45,29.45,20.0,24.15,243.0,225.0,240.5,40.5,11.25,129.0,,21.55,70.9,17.45,,339.5,225.0,19.55,14.2,98.9,35.9,19.6,19.2,60.5,22.05,215.0,119.0,36.6,39.2,68.7,137.5,50.4,80.7,62.2,225.5,53.7,12.4,107.0,129.5,28.25,22.0,67.6,234.5,224.5,170.5,39.5,45.95,12.1,32.3,10.6,16.1,15.5,30.35,225.0,17.6,31.25,10.2,28.8,10.75,10.1,12.2,17.55,47.5,47.3,9.93,20.4,15.25,25.65,13.4,9.72,10.25,19.9,19.85,312.0,85.4,3320.0,66.6,139.0,81.6,107.5,47.9,19.0,204.5,199.0,10.25,140.0,49.55,7.85,36.7,27.15,72.4,45.05,51.1,120.0,81.3,38.1,34.45,96.3,17.8,7.14,83.9,70.0,78.5,80.5,505.0,267.0,476.5,171.5,97.0,111.0,199.0,253.5,31.1,181.5,131.5,87.1,146.5,44.3,49.75,90.7,47.4
34.85,33.2,69.5,49.65,98.6,72.4,11.9,38.15,105.5,28.6,34.25,343.0,169.5,18.05,123.0,329.0,17.25,51.8,23.65,45.95,136.5,25.3,13.55,16.0,24.1,58.4,240.0,326.5,27.45,41.45,29.45,20.0,24.15,243.0,225.0,240.5,40.5,11.2,129.0,,21.55,70.9,17.45,,340.0,225.0,19.55,14.2,99.0,35.9,19.6,19.15,60.5,22.05,215.0,119.0,36.65,39.2,68.7,138.0,50.4,80.7,62.2,225.5,53.8,12.4,107.5,129.5,28.2,21.95,67.6,234.5,224.5,171.0,39.45,45.9,12.1,32.25,10.6,16.1,15.5,30.35,225.0,17.55,31.25,10.15,28.85,10.75,10.1,12.2,17.55,47.55,47.25,9.93,20.4,15.3,25.65,13.4,9.73,10.25,19.9,19.8,312.0,85.4,3320.0,66.6,139.0,81.6,107.5,47.95,19.0,204.5,199.0,10.25,140.0,49.55,7.85,36.7,27.15,72.3,45.05,51.1,120.0,81.4,38.1,34.45,96.3,17.8,7.14,83.9,70.1,78.5,80.5,505.0,267.0,476.5,171.5,97.0,111.5,199.0,253.5,31.1,181.5,131.5,87.1,146.5,44.3,49.75,90.7,47.45
34.85,33.2,69.6,49.55,98.6,72.4,11.9,38.15,105.5,28.6,34.25,343.0,169.5,18.05,123.0,329.0,17.3,51.8,23.65,45.95,136.5,25.3,13.55,16.0,24.05,58.4,240.5,326.5,27.45,41.45,29.45,20.0,24.15,243.0,225.0,240.5,40.45,11.25,129.0,,21.55,71.0,17.45,,340.0,225.0,19.55,14.15,98.9,35.9,19.55,19.15,60.5,22.05,215.0,119.0,36.65,39.2,68.6,138.0,50.4,80.7,62.2,225.5,53.8,12.45,107.0,129.0,28.2,22.0,67.6,234.5,224.5,171.5,39.5,45.9,12.05,32.25,10.6,16.1,15.5,30.35,225.0,17.55,31.25,10.15,28.8,10.75,10.1,12.2,17.55,47.5,47.25,9.93,20.4,15.25,25.65,13.4,9.73,10.3,19.9,19.8,312.0,85.5,3320.0,66.6,139.0,81.6,107.0,47.95,19.0,204.5,198.5,10.2,140.0,49.55,7.85,36.7,27.15,72.4,45.0,51.1,120.0,81.4,38.1,34.45,96.4,17.8,7.14,83.9,70.0,78.5,80.5,505.0,267.0,476.5,171.5,97.0,111.5,199.0,253.5,31.1,181.5,131.5,87.1,146.5,44.35,49.75,90.7,47.45
34.9,33.15,69.6,49.55,98.7,72.4,11.9,38.15,105.5,28.65,34.25,343.0,169.5,18.0,122.5,329.0,17.3,51.8,23.65,46.0,136.5,25.3,13.55,16.0,24.1,58.4,240.5,326.5,27.45,41.45,29.45,20.0,24.15,243.0,225.0,240.5,40.5,11.25,128.5,,21.55,70.9,17.4,,340.0,225.0,19.55,14.2,98.9,35.9,19.55,19.15,60.5,22.05,215.0,119.0,36.65,39.15,68.6,137.5,50.4,80.7,62.2,226.0,53.7,12.4,107.0,129.0,28.2,21.9,67.6,234.5,225.0,171.5,39.5,45.85,12.1,32.25,10.6,16.1,15.5,30.35,225.0,17.6,31.25,10.15,28.85,10.75,10.1,12.2,17.6,47.5,47.25,9.92,20.4,15.25,25.6,13.4,9.72,10.25,19.9,19.85,312.5,85.5,3320.0,66.6,139.0,81.7,107.5,47.95,19.0,204.5,198.5,10.2,140.0,49.55,7.85,36.65,27.15,72.4,45.0,51.0,120.0,81.3,38.1,34.45,96.4,17.8,7.15,83.8,70.1,78.5,80.6,505.0,267.0,477.0,171.5,97.0,111.5,199.0,253.0,31.1,181.5,132.0,87.1,146.5,44.35,49.75,90.7,47.4
34.85,33.2,69.6,49.55,98.6,72.4,11.9,38.15,105.0,28.6,34.25,343.0,169.5,18.05,122.5,329.5,17.25,51.8,23.65,46.0,136.5,25.3,13.55,16.0,24.1,58.4,240.5,326.5,27.45,41.45,29.45,20.0,24.15,243.0,225.0,240.5,40.45,11.25,129.0,,21.55,70.9,17.45,,340.0,225.0,19.55,14.2,99.0,35.9,19.55,19.15,60.5,22.05,215.0,119.0,36.6,39.1,68.6,138.0,50.4,80.7,62.2,226.0,53.8,12.4,107.0,129.0,28.25,21.9,67.6,234.5,225.0,171.0,39.5,45.9,12.1,32.25,10.6,16.1,15.5,30.35,225.0,17.6,31.25,10.15,28.8,10.75,10.1,12.2,17.55,47.5,47.2,9.93,20.4,15.25,25.6,13.35,9.73,10.25,19.9,19.85,312.0,85.5,3320.0,66.7,139.0,81.7,107.0,47.9,19.0,204.5,198.5,10.2,140.0,49.55,7.85,36.65,27.15,72.4,45.0,51.0,120.0,81.4,38.1,34.45,96.4,17.8,7.14,83.8,70.0,78.6,80.6,505.0,267.0,477.5,172.0,97.0,111.0,199.0,253.5,31.05,181.0,132.0,87.1,146.5,44.35,49.75,90.7,47.4
34.95,33.15,69.5,49.55,98.6,72.4,11.9,38.15,105.5,28.65,34.25,343.0,169.5,18.1,122.5,329.5,17.25,51.8,23.65,46.0,136.5,25.3,13.55,15.95,24.05,58.4,240.5,326.5,27.45,41.45,29.45,20.0,24.15,243.0,225.0,240.5,40.5,11.25,129.0,,21.55,71.0,17.45,,340.5,225.0,19.6,14.2,99.1,35.9,19.55,19.15,60.6,22.05,215.0,119.0,36.65,39.15,68.6,138.0,50.4,80.7,62.1,226.0,53.7,12.4,107.5,129.0,28.2,22.0,67.6,234.5,224.5,171.5,39.5,45.85,12.05,32.25,10.55,16.1,15.45,30.35,225.0,17.55,31.25,10.15,28.8,10.75,10.1,12.2,17.55,47.55,47.25,9.93,20.4,15.3,25.6,13.35,9.73,10.3,19.9,19.85,312.0,85.5,3320.0,66.7,139.0,81.7,107.0,47.9,19.0,204.5,199.0,10.2,140.0,49.55,7.85,36.7,27.15,72.4,45.0,51.0,120.0,81.4,38.15,34.45,96.3,17.8,7.15,83.8,70.1,78.5,80.6,505.0,267.0,477.5,172.0,97.0,111.0,199.0,253.5,31.1,181.0,132.0,87.1,146.5,44.35,49.75,90.7,47.4
34.95,33.2,69.5,49.55,98.6,72.5,11.9,38.15,105.5,28.6,34.25,343.0,169.5,18.1,122.5,329.0,17.25,51.8,23.65,46.0,136.5,25.3,13.55,15.95,24.05,58.4,240.5,326.5,27.45,41.45,29.45,20.0,24.15,243.0,225.0,240.5,40.45,11.25,128.5,,21.6,71.0,17.45,,340.0,225.5,19.55,14.2,99.1,35.9,19.55,19.15,60.6,22.05,215.0,119.0,36.65,39.15,68.6,138.0,50.4,80.7,62.1,225.5,53.8,12.4,107.0,129.0,28.2,22.0,67.6,234.5,224.5,171.5,39.5,45.85,12.05,32.25,10.55,16.1,15.45,30.35,225.0,17.6,31.25,10.15,28.8,10.75,10.1,12.2,17.55,47.5,47.25,9.93,20.4,15.3,25.65,13.4,9.72,10.25,19.9,19.85,312.0,85.4,3320.0,66.7,139.5,81.7,107.5,47.95,19.0,204.5,199.0,10.25,140.0,49.55,7.84,36.7,27.15,72.4,45.05,51.0,120.0,81.3,38.15,34.45,96.3,17.8,7.14,83.8,70.0,78.6,80.6,505.0,267.0,479.0,172.0,97.0,111.5,199.0,253.5,31.05,181.5,132.0,87.1,146.5,44.35,49.85,90.7,47.4
34.95,33.15,69.6,49.55,98.6,72.4,11.9,38.15,105.5,28.6,34.3,343.0,169.5,18.1,123.0,329.0,17.25,51.8,23.65,46.0,136.5,25.3,13.55,15.95,24.05,58.4,240.5,326.5,27.45,41.45,29.45,20.0,24.15,243.0,225.0,240.5,40.5,11.2,128.5,,21.55,71.0,17.45,,340.0,225.0,19.55,14.2,99.2,35.9,19.55,19.15,60.5,22.05,214.5,119.0,36.65,39.15,68.5,137.5,50.4,80.8,62.1,225.5,53.7,12.4,107.0,129.0,28.2,21.95,67.6,234.5,225.0,171.5,39.55,45.85,12.05,32.25,10.6,16.1,15.5,30.35,225.0,17.6,31.25,10.15,28.8,10.75,10.1,12.2,17.55,47.5,47.25,9.92,20.4,15.25,25.65,13.4,9.72,10.25,19.9,19.8,312.5,85.4,3320.0,66.7,139.5,81.7,107.5,48.0,19.0,204.5,199.0,10.25,140.0,49.55,7.84,36.65,27.15,72.4,45.1,51.0,120.5,81.5,38.15,34.45,96.3,17.8,7.14,83.8,70.0,78.6,80.6,505.0,267.0,479.0,172.0,97.0,111.5,199.0,253.5,31.05,181.5,132.0,87.1,146.5,44.3,49.85,90.7,47.4
34.9,33.2,69.6,49.55,98.5,72.4,11.9,38.15,105.0,28.6,34.3,343.0,169.5,18.1,123.0,329.0,17.25,51.8,23.65,46.0,136.5,25.3,13.55,15.95,24.05,58.4,240.5,326.5,27.45,41.45,29.45,20.0,24.15,243.0,225.0,240.5,40.45,11.2,128.5,,21.55,71.0,17.45,,340.0,225.0,19.55,14.2,99.2,35.9,19.55,19.2,60.5,22.05,214.5,119.0,36.65,39.15,68.5,138.0,50.4,80.8,62.1,226.5,53.8,12.4,107.0,129.0,28.2,22.0,67.6,234.5,225.5,171.5,39.55,45.85,12.05,32.25,10.6,16.1,15.5,30.35,225.5,17.55,31.25,10.15,28.8,10.75,10.1,12.2,17.6,47.55,47.25,9.92,20.4,15.25,25.65,13.4,9.72,10.3,19.9,19.85,312.5,85.4,3320.0,66.7,139.5,81.8,107.0,48.15,19.0,204.5,199.0,10.25,140.0,49.55,7.84,36.65,27.15,72.5,45.1,51.0,120.0,81.5,38.15,34.45,96.3,17.8,7.14,83.9,69.9,78.6,80.5,505.0,267.0,479.0,172.0,97.0,111.5,199.0,254.0,31.1,181.0,132.0,87.1,146.5,44.3,49.85,90.7,47.4
34.9,33.15,69.6,49.55,98.6,72.4,11.9,38.15,105.0,28.6,34.3,343.0,169.5,18.1,122.5,329.0,17.25,51.8,23.65,46.0,136.5,25.3,13.55,16.0,24.05,58.4,240.5,326.5,27.45,41.45,29.45,20.05,24.15,243.0,225.0,240.5,40.5,11.25,128.5,,21.55,71.0,17.45,,340.0,225.0,19.55,14.2,99.2,35.9,19.55,19.15,60.5,22.05,214.5,119.0,36.65,39.2,68.6,138.0,50.4,80.8,62.1,226.5,53.8,12.4,107.5,129.5,28.2,22.0,67.6,234.5,225.0,171.5,39.55,45.85,12.05,32.25,10.6,16.1,15.5,30.35,225.5,17.6,31.25,10.15,28.85,10.75,10.1,12.2,17.6,47.55,47.25,9.92,20.35,15.25,25.65,13.4,9.73,10.3,19.9,19.85,312.5,85.4,3320.0,66.7,139.0,81.8,107.0,48.15,19.0,204.5,199.0,10.2,140.0,49.55,7.83,36.65,27.15,72.3,45.1,51.1,120.0,81.4,38.1,34.45,96.3,17.8,7.14,83.9,69.9,78.6,80.6,505.0,267.0,479.0,172.0,97.0,111.5,199.0,254.0,31.1,181.0,132.0,87.1,146.0,44.3,49.85,90.7,47.4
34.9,33.2,69.5,49.5,98.5,72.4,11.9,38.15,105.0,28.6,34.3,343.0,169.0,18.1,122.5,329.0,17.25,51.7,23.65,46.0,136.5,25.3,13.55,16.0,24.05,58.4,240.5,326.5,27.45,41.45,29.45,20.05,24.15,243.0,225.0,240.5,40.45,11.3,129.0,,21.55,71.1,17.45,,340.0,225.0,19.5,14.15,99.3,35.9,19.55,19.15,60.5,22.05,215.0,119.0,36.65,39.2,68.6,138.0,50.4,80.8,62.1,226.5,53.7,12.4,107.0,129.5,28.2,22.0,67.6,234.0,225.5,171.5,39.5,45.85,12.05,32.25,10.55,16.1,15.5,30.35,225.5,17.6,31.25,10.15,28.8,10.75,10.1,12.2,17.6,47.5,47.25,9.92,20.4,15.25,25.65,13.4,9.73,10.3,19.9,19.8,312.5,85.4,3320.0,66.7,139.5,81.9,107.0,48.15,19.0,204.5,199.5,10.2,140.0,49.6,7.84,36.65,27.15,72.3,45.1,51.1,120.0,81.3,38.1,34.4,96.4,17.8,7.14,83.9,69.9,78.6,80.6,505.0,267.0,479.5,172.0,97.0,111.5,199.0,253.5,31.1,181.0,132.0,87.1,146.0,44.3,49.85,90.7,47.4
34.9,33.15,69.5,49.5,98.5,72.5,11.9,38.15,105.5,28.65,34.3,343.0,169.0,18.1,122.5,329.0,17.25,51.7,23.65,46.0,136.5,25.3,13.55,16.0,24.1,58.4,240.5,326.5,27.45,41.45,29.45,20.05,24.25,243.0,225.0,240.5,40.5,11.3,129.0,,21.55,71.0,17.4,,340.5,225.0,19.6,14.2,99.2,35.9,19.55,19.15,60.5,22.05,215.0,119.0,36.65,39.2,68.6,138.0,50.4,80.7,62.1,225.5,53.8,12.4,107.5,129.0,28.15,21.95,67.6,234.0,225.0,171.5,39.55,45.85,12.1,32.25,10.55,16.1,15.5,30.35,225.5,17.6,31.25,10.15,28.85,10.75,10.1,12.2,17.55,47.55,47.25,9.92,20.4,15.3,25.65,13.4,9.73,10.3,19.9,19.8,312.5,85.4,3320.0,66.7,139.5,81.9,107.0,48.1,19.0,204.5,199.0,10.25,140.0,49.6,7.83,36.65,27.15,72.3,45.1,51.1,120.0,81.4,38.1,34.4,96.4,17.75,7.14,83.9,69.9,78.6,80.7,505.0,267.0,479.5,172.0,97.0,111.5,199.0,253.5,31.1,181.0,132.0,87.1,146.0,44.3,49.85,90.7,47.4
34.9,33.2,69.5,49.5,98.6,72.5,11.9,38.15,105.5,28.6,34.3,343.0,169.0,18.1,122.5,329.0,17.25,51.7,23.65,46.0,136.5,25.3,13.5,16.0,24.05,58.4,240.0,326.5,27.45,41.45,29.45,20.0,24.2,243.0,225.0,240.5,40.5,11.3,128.5,,21.55,71.0,17.45,,341.0,225.5,19.55,14.2,99.3,35.9,19.55,19.2,60.6,22.05,215.0,119.0,36.65,39.2,68.5,138.0,50.4,80.7,62.1,225.5,53.7,12.4,107.5,129.0,28.2,21.9,67.6,234.0,225.5,171.5,39.5,45.85,12.1,32.25,10.6,16.1,15.45,30.35,225.5,17.6,31.25,10.15,28.85,10.75,10.1,12.2,17.55,47.55,47.25,9.92,20.4,15.25,25.65,13.4,9.73,10.3,19.9,19.8,312.0,85.4,3320.0,66.8,139.0,81.9,107.0,48.0,19.0,204.5,199.0,10.2,140.0,49.6,7.83,36.65,27.15,72.3,45.1,51.1,120.0,81.5,38.1,34.4,96.3,17.8,7.14,83.9,69.9,78.5,80.7,505.0,267.0,479.5,172.0,96.9,111.5,199.0,253.5,31.05,181.0,132.0,87.1,146.0,44.3,49.85,90.7,47.45
34.9,33.2,69.6,49.5,98.6,72.5,11.9,38.15,105.5,28.65,34.3,342.5,169.5,18.1,122.5,328.5,17.25,51.7,23.65,46.0,136.5,25.3,13.55,16.0,24.05,58.4,240.5,326.5,27.45,41.5,29.45,20.05,24.2,243.0,225.0,240.5,40.5,11.35,128.5,,21.55,71.0,17.45,,340.5,225.0,19.55,14.2,99.3,35.9,19.55,19.2,60.6,22.05,215.0,119.0,36.65,39.2,68.6,138.0,50.4,80.8,62.1,225.5,53.8,12.4,107.5,129.0,28.2,21.9,67.6,234.0,225.0,171.5,39.5,45.85,12.1,32.25,10.6,16.1,15.45,30.35,225.5,17.6,31.25,10.15,28.8,10.7,10.1,12.2,17.6,47.55,47.2,9.92,20.4,15.25,25.65,13.4,9.73,10.25,19.85,19.8,312.0,85.3,3320.0,66.8,139.0,81.9,107.0,48.05,19.0,205.0,199.0,10.25,140.0,49.6,7.83,36.65,27.15,72.3,45.1,51.1,120.0,81.5,38.1,34.4,96.4,17.8,7.14,83.9,69.9,78.5,80.5,505.0,267.0,479.5,172.0,96.9,111.5,199.0,253.5,31.1,181.0,132.0,87.1,146.0,44.3,49.85,90.7,47.45
34.9,33.2,69.5,49.5,98.5,72.4,11.9,38.15,105.5,28.6,34.3,342.5,169.5,18.1,122.5,328.5,17.25,51.8,23.7,46.0,136.5,25.3,13.5,16.0,24.05,58.4,240.5,326.5,27.45,41.5,29.45,20.05,24.2,243.0,226.0,240.5,40.5,11.35,128.5,,21.55,71.1,17.45,,340.5,225.0,19.55,14.15,99.4,35.9,19.55,19.2,60.5,22.0,215.0,119.0,36.65,39.2,68.5,138.0,50.4,80.8,62.1,225.5,53.7,12.4,107.5,129.0,28.15,21.95,67.6,234.0,225.5,172.0,39.55,45.85,12.1,32.25,10.55,16.1,15.45,30.35,225.5,17.6,31.25,10.15,28.8,10.75,10.1,12.2,17.6,47.55,47.25,9.91,20.4,15.25,25.65,13.4,9.73,10.25,19.9,19.75,312.0,85.3,3320.0,66.9,139.0,81.9,107.0,48.05,19.0,205.0,199.0,10.25,140.0,49.6,7.83,36.65,27.15,72.3,45.1,51.1,120.0,81.5,38.1,34.4,96.4,17.8,7.14,83.9,69.9,78.5,80.6,505.0,267.0,479.5,172.0,96.9,111.5,199.0,253.5,31.05,181.5,134.0,87.1,146.0,44.3,49.85,90.7,47.45
34.95,33.15,69.5,49.5,98.5,72.5,11.9,38.15,105.5,28.65,34.3,342.5,169.5,18.05,122.5,328.5,17.25,51.8,23.7,46.0,136.5,25.3,13.5,16.0,24.05,58.4,240.5,326.5,27.45,41.45,29.45,20.05,24.2,243.0,226.0,241.0,40.5,11.3,129.0,,21.55,71.1,17.45,,340.5,225.5,19.55,14.2,99.5,35.9,19.55,19.2,60.5,22.0,215.0,119.0,36.65,39.2,68.6,138.0,50.5,80.7,62.1,225.5,53.8,12.45,107.0,129.5,28.15,21.95,67.6,234.0,225.0,171.5,39.55,45.85,12.1,32.25,10.6,16.1,15.45,30.35,225.0,17.6,31.25,10.15,28.8,10.75,10.1,12.25,17.6,47.55,47.2,9.92,20.35,15.3,25.65,13.4,9.72,10.3,19.9,19.75,312.0,85.3,3320.0,66.9,139.0,81.9,107.0,48.05,19.0,205.0,199.0,10.25,140.0,49.6,7.83,36.65,27.15,72.4,45.1,51.1,120.0,81.4,38.1,34.4,96.4,17.8,7.14,83.9,69.9,78.5,80.6,505.0,267.0,480.0,172.0,96.9,111.5,199.0,253.5,31.1,181.5,134.0,87.1,146.0,44.3,49.85,90.7,47.45
34.9,33.15,69.5,49.5,98.6,72.5,11.9,38.15,105.5,28.6,34.3,342.5,169.5,18.05,122.5,328.5,17.25,51.8,23.7,46.0,136.5,25.3,13.5,16.0,24.05,58.4,240.5,326.5,27.45,41.45,29.45,20.05,24.2,243.0,226.0,240.5,40.45,11.35,129.0,,21.55,71.0,17.45,,340.5,225.0,19.55,14.2,99.3,35.9,19.55,19.25,60.5,22.0,215.0,119.0,36.65,39.15,68.5,138.0,50.3,80.7,62.1,225.5,53.7,12.4,107.0,129.0,28.15,21.95,67.6,234.0,225.0,172.0,39.55,45.9,12.1,32.25,10.6,16.1,15.45,30.35,225.0,17.6,31.25,10.15,28.8,10.75,10.1,12.25,17.6,47.6,47.25,9.92,20.4,15.25,25.65,13.4,9.72,10.25,19.9,19.75,312.5,85.3,3320.0,67.0,139.0,81.9,107.0,48.1,19.0,205.0,199.0,10.2,140.0,49.6,7.84,36.65,27.15,72.3,45.1,51.2,120.0,81.3,38.1,34.4,96.4,17.8,7.15,83.9,69.9,78.5,80.5,505.0,267.0,482.0,172.0,96.9,111.5,199.0,253.5,31.1,181.5,133.0,87.1,146.0,44.3,49.85,90.7,47.45
34.95,33.15,69.5,49.5,98.5,72.5,11.9,38.15,105.5,28.65,34.25,342.5,169.5,18.05,122.5,328.5,17.3,51.8,23.65,46.05,136.5,25.3,13.5,16.0,24.05,58.4,240.5,326.5,27.5,41.45,29.45,20.0,24.2,243.0,226.0,240.5,40.5,11.35,128.5,,21.5,71.0,17.45,,341.0,225.0,19.55,14.2,99.3,35.9,19.55,19.3,60.5,22.0,215.0,119.0,36.7,39.1,68.6,139.0,50.3,80.7,62.1,225.5,53.7,12.4,107.5,129.0,28.2,21.95,67.6,234.0,225.0,172.0,39.55,45.85,12.1,32.25,10.6,16.1,15.5,30.35,225.0,17.6,31.35,10.15,28.8,10.75,10.1,12.25,17.6,47.6,47.25,9.92,20.4,15.25,25.65,13.4,9.72,10.25,19.85,19.8,312.0,85.3,3320.0,66.9,139.5,81.9,107.0,48.1,19.0,205.0,199.0,10.25,140.5,49.6,7.84,36.65,27.15,72.3,45.05,51.2,120.0,81.3,38.1,34.4,96.4,17.8,7.14,83.9,69.9,78.5,80.5,505.0,267.0,483.0,172.0,96.9,111.5,199.0,253.5,31.1,181.0,133.0,87.1,146.0,44.3,49.9,90.7,47.45
34.9,33.15,69.5,49.5,98.6,72.5,11.9,38.15,105.0,28.65,34.3,342.5,169.5,18.1,122.5,329.0,17.3,51.8,23.65,46.0,136.5,25.3,13.5,16.0,24.05,58.4,240.5,326.5,27.5,41.45,29.45,20.05,24.2,243.0,226.0,240.5,40.5,11.35,129.0,,21.5,71.0,17.45,,341.0,225.0,19.55,14.2,99.3,35.9,19.55,19.25,60.5,22.0,215.0,119.0,36.7,39.15,68.5,139.0,50.4,80.8,62.1,226.5,53.8,12.4,107.0,129.0,28.15,21.95,67.6,234.0,225.5,172.5,39.55,45.85,12.1,32.25,10.6,16.1,15.5,30.3,225.0,17.6,31.35,10.15,28.85,10.75,10.1,12.25,17.6,47.6,47.25,9.92,20.4,15.25,25.65,13.4,9.73,10.25,19.9,19.8,312.5,85.4,3320.0,67.0,139.5,81.9,107.0,48.15,19.0,205.0,199.0,10.25,140.5,49.6,7.84,36.65,27.15,72.3,45.1,51.2,120.0,81.4,38.1,34.4,96.4,17.8,7.14,83.9,70.1,78.5,80.6,505.0,267.0,483.0,172.0,96.9,111.5,199.0,253.5,31.1,181.0,133.0,87.1,146.0,44.3,49.95,90.7,47.45
34.95,33.15,69.5,49.5,98.6,72.5,11.9,38.15,105.0,28.65,34.3,342.5,169.5,18.1,122.5,328.5,17.3,51.8,23.65,46.05,136.5,25.3,13.5,16.0,24.1,58.4,240.0,326.5,27.5,41.45,29.45,20.05,24.2,243.0,226.0,240.5,40.5,11.35,128.5,,21.5,71.0,17.45,,341.0,225.5,19.55,14.2,99.3,35.9,19.55,19.25,60.5,22.0,215.0,119.0,36.7,39.15,68.7,139.0,50.4,80.8,62.1,226.5,53.7,12.4,107.0,129.0,28.15,21.95,67.6,234.0,225.5,172.5,39.55,45.9,12.05,32.25,10.6,16.1,15.5,30.3,225.0,17.6,31.35,10.15,28.8,10.75,10.1,12.25,17.6,47.6,47.25,9.92,20.4,15.25,25.6,13.4,9.73,10.25,19.9,19.8,312.5,85.4,3320.0,66.9,139.0,81.9,107.0,48.05,19.0,205.5,199.0,10.25,140.5,49.6,7.83,36.65,27.15,72.4,45.1,51.2,120.0,81.4,38.1,34.4,96.3,17.8,7.15,84.0,69.9,78.5,80.6,505.0,267.0,483.0,171.5,97.0,111.5,199.0,254.0,31.1,181.5,133.0,87.1,146.0,44.3,49.95,90.6,47.45
34.9,33.15,69.5,49.5,98.5,72.6,11.9,38.15,105.0,28.6,34.3,342.5,169.5,18.1,122.5,328.5,17.3,51.8,23.65,46.05,136.5,25.3,13.5,16.0,24.05,58.4,240.5,326.5,27.45,41.45,29.45,20.05,24.2,243.0,226.0,240.5,40.45,11.35,128.5,,21.45,71.0,17.45,,341.5,225.5,19.55,14.2,99.3,35.9,19.55,19.3,60.5,22.0,215.0,119.0,36.7,39.15,68.7,139.0,50.4,80.8,62.1,226.0,53.7,12.4,107.5,129.5,28.15,21.95,67.6,234.0,225.0,172.5,39.55,45.85,12.1,32.25,10.6,16.1,15.5,30.35,225.0,17.6,31.35,10.15,28.8,10.75,10.1,12.25,17.55,47.6,47.25,9.92,20.4,15.3,25.65,13.4,9.73,10.25,19.9,19.75,312.0,85.3,3325.0,66.9,139.0,81.9,107.5,48.05,19.0,205.5,199.0,10.25,140.5,49.6,7.84,36.65,27.15,72.3,45.1,51.2,120.0,81.4,38.1,34.4,96.3,17.8,7.15,84.0,69.9,78.5,80.6,505.0,267.0,483.0,171.5,97.0,111.0,199.0,254.0,31.1,181.5,133.0,87.1,146.0,44.3,50.0,90.6,47.45
34.95,33.15,69.6,49.5,98.5,72.6,11.9,38.15,105.0,28.6,34.3,342.5,169.5,18.1,122.5,328.5,17.3,51.8,23.65,46.05,136.5,25.3,13.5,16.0,24.05,58.4,240.5,326.5,27.45,41.45,29.45,20.05,24.2,243.0,226.0,240.5,40.5,11.35,129.0,,21.5,71.0,17.45,,342.0,225.5,19.55,14.2,99.3,35.85,19.55,19.3,60.5,22.0,215.0,119.0,36.7,39.2,68.6,139.0,50.4,80.8,62.1,226.0,53.7,12.4,107.0,129.5,28.15,21.95,67.6,234.0,225.5,172.5,39.55,45.85,12.1,32.3,10.6,16.1,15.45,30.35,225.0,17.6,31.35,10.15,28.8,10.75,10.1,12.25,17.55,47.55,47.25,9.92,20.35,15.25,25.65,13.4,9.73,10.3,19.9,19.8,312.5,85.4,3325.0,66.9,139.0,82.0,107.5,48.1,19.0,205.5,199.0,10.25,140.5,49.6,7.83,36.65,27.15,72.3,45.0,51.2,120.0,81.4,38.1,34.4,96.4,17.8,7.14,84.0,69.9,78.5,80.6,505.0,267.0,483.0,171.5,97.0,111.5,199.0,254.0,31.05,181.5,133.0,87.1,146.0,44.3,49.95,90.5,47.45
34.9,33.15,69.6,49.5,98.6,72.6,11.9,38.15,105.0,28.6,34.3,342.5,169.5,18.1,122.5,328.5,17.3,51.8,23.65,46.05,136.5,25.3,13.55,16.0,24.05,58.4,240.5,326.5,27.5,41.45,29.45,20.05,24.2,243.0,226.0,240.5,40.5,11.35,129.0,,21.5,71.0,17.45,,342.0,225.5,19.55,14.2,99.3,35.9,19.55,19.3,60.5,22.0,215.0,119.5,36.65,39.15,68.7,139.0,50.4,80.8,62.2,225.5,53.7,12.4,107.0,129.5,28.2,21.95,67.6,234.0,225.5,172.5,39.55,45.85,12.05,32.3,10.6,16.1,15.45,30.35,225.5,17.55,31.35,10.15,28.8,10.7,10.1,12.25,17.55,47.6,47.25,9.93,20.4,15.25,25.65,13.4,9.73,10.25,19.9,19.8,312.0,85.4,3325.0,66.9,139.5,82.0,107.5,48.05,19.0,205.5,198.5,10.25,140.5,49.65,7.83,36.65,27.15,72.3,45.0,51.2,120.0,81.3,38.1,34.4,96.4,17.8,7.15,83.9,69.9,78.5,80.5,505.0,267.0,481.0,171.5,97.0,111.5,199.0,254.0,31.1,181.0,133.0,87.1,146.0,44.3,49.95,90.5,47.45
34.9,33.1,69.6,49.5,98.5,72.6,11.9,38.15,105.5,28.65,34.3,342.5,169.0,18.1,122.5,328.5,17.3,51.7,23.65,46.05,136.5,25.3,13.55,16.0,24.05,58.4,240.5,326.5,27.5,41.5,29.45,20.05,24.25,243.0,226.0,240.5,40.45,11.35,129.0,,21.5,71.0,17.45,,342.0,225.0,19.55,14.2,99.2,35.9,19.55,19.3,60.5,22.0,215.0,119.5,36.7,39.15,68.7,139.0,50.4,80.8,62.2,225.5,53.7,12.4,107.5,129.5,28.2,21.95,67.6,234.5,225.0,172.5,39.55,45.85,12.1,32.3,10.6,16.1,15.5,30.35,225.5,17.6,31.25,10.15,28.8,10.75,10.1,12.25,17.6,47.6,47.3,9.92,20.4,15.25,25.65,13.4,9.74,10.3,19.9,19.8,312.5,85.4,3325.0,66.9,139.0,82.0,107.0,48.05,19.0,205.5,198.5,10.2,140.5,49.6,7.83,36.65,27.15,72.4,45.0,51.2,120.0,81.4,38.1,34.4,96.4,17.75,7.14,83.8,69.9,78.5,80.6,505.0,267.0,481.0,171.5,97.0,111.5,199.0,254.0,31.1,181.0,133.0,87.1,146.0,44.3,49.95,90.5,47.45
34.95,33.15,69.5,49.5,98.6,72.6,11.9,38.15,105.5,28.6,34.3,342.5,169.0,18.1,122.5,328.5,17.3,51.7,23.65,46.0,136.5,25.3,13.55,16.0,24.05,58.4,240.5,326.5,27.5,41.5,29.45,20.05,24.2,243.0,226.0,240.5,40.5,11.35,129.0,,21.5,71.1,17.45,,341.5,225.5,19.55,14.2,99.2,35.9,19.55,19.3,60.5,22.0,215.0,119.5,36.65,39.15,68.6,139.0,50.4,80.8,62.2,225.5,53.8,12.45,107.0,129.5,28.25,21.9,67.6,234.5,225.0,172.5,39.55,45.85,12.1,32.3,10.55,16.1,15.45,30.35,225.5,17.6,31.25,10.15,28.85,10.75,10.1,12.25,17.6,47.55,47.3,9.93,20.4,15.3,25.65,13.4,9.74,10.25,19.9,19.8,312.5,85.4,3320.0,66.9,139.0,82.0,107.0,48.05,19.0,205.5,198.5,10.2,140.5,49.6,7.84,36.65,27.15,72.3,45.0,51.2,120.0,81.3,38.1,34.4,96.4,17.75,7.14,83.9,69.9,78.5,80.6,505.0,267.0,481.0,171.5,97.0,111.5,199.0,253.5,31.1,181.0,133.0,87.1,146.0,44.3,50.0,90.5,47.45
34.95,33.1,69.6,49.5,98.6,72.6,11.9,38.15,105.5,28.65,34.3,342.5,169.0,18.1,122.5,328.5,17.3,51.7,23.65,46.05,136.5,25.3,13.55,16.0,24.05,58.7,240.5,327.5,27.5,41.45,29.45,20.05,24.2,243.0,226.0,240.5,40.5,11.35,128.5,,21.45,71.1,17.45,,341.5,225.5,19.55,14.2,99.1,35.9,19.55,19.3,60.5,22.0,215.0,119.5,36.7,39.2,68.7,139.0,50.4,80.8,62.2,225.5,53.8,12.45,107.5,129.0,28.2,21.95,67.6,234.5,225.5,172.5,39.6,45.85,12.1,32.3,10.6,16.1,15.5,30.35,225.5,17.6,31.25,10.15,28.85,10.75,10.1,12.25,17.6,47.6,47.3,9.92,20.4,15.3,25.65,13.4,9.73,10.3,19.9,19.8,312.5,85.4,3320.0,67.0,139.5,81.9,107.5,48.05,19.0,205.0,199.0,10.25,141.0,49.6,7.84,36.65,27.15,72.4,45.0,51.1,120.0,81.3,38.1,34.45,96.4,17.8,7.14,83.9,69.9,78.5,80.7,505.0,266.5,481.0,172.0,96.9,111.5,199.0,253.5,31.1,181.5,133.0,87.1,146.0,44.4,50.0,90.5,47.4
34.95,33.2,69.6,49.5,98.6,72.6,11.9,38.15,105.5,28.6,34.25,342.5,169.0,18.1,122.5,328.5,17.3,51.7,23.65,46.05,136.5,25.3,13.55,16.0,24.1,58.7,240.5,327.5,27.5,41.45,29.45,20.05,24.2,243.0,226.0,240.5,40.5,11.35,129.0,,21.5,71.2,17.45,,341.5,225.5,19.55,14.2,99.2,35.9,19.55,19.3,60.5,22.0,214.5,119.5,36.7,39.2,68.6,139.5,50.4,80.8,62.1,225.5,53.7,12.45,107.0,129.5,28.2,22.0,67.6,235.0,225.5,172.0,39.55,45.9,12.1,32.3,10.55,16.1,15.5,30.3,225.5,17.6,31.25,10.15,28.85,10.7,10.1,12.25,17.6,47.6,47.3,9.93,20.4,15.25,25.65,13.4,9.74,10.25,19.9,19.8,312.5,85.4,3320.0,67.1,139.0,81.9,107.5,48.05,19.0,205.0,199.0,10.25,141.0,49.6,7.84,36.7,27.15,72.3,45.0,51.1,120.0,81.3,38.1,34.45,96.4,17.8,7.14,83.9,69.9,78.5,80.7,505.0,266.5,481.0,172.0,97.1,111.5,199.0,253.5,31.05,181.5,133.0,87.1,146.0,44.4,50.0,90.5,47.45
34.95,33.2,69.5,49.5,98.6,72.6,11.9,38.15,105.5,28.65,34.25,342.5,169.0,18.1,122.5,329.0,17.3,51.8,23.65,46.0,136.5,25.3,13.55,16.0,24.05,58.7,240.5,327.5,27.5,41.45,29.45,20.05,24.2,243.0,226.0,240.5,40.5,11.35,128.5,,21.5,71.2,17.45,,341.5,225.0,19.55,14.2,99.2,35.9,19.5,19.3,60.4,22.0,214.5,119.5,36.65,39.15,68.7,139.5,50.4,80.8,62.1,225.5,53.7,12.45,107.5,129.5,28.25,22.0,67.6,234.5,225.5,172.5,39.6,45.85,12.05,32.3,10.6,16.1,15.45,30.35,225.5,17.55,31.25,10.15,28.8,10.7,10.1,12.25,17.55,47.6,47.3,9.93,20.4,15.25,25.65,13.4,9.74,10.3,19.9,19.8,312.5,85.3,3320.0,67.1,139.5,81.8,107.0,48.1,19.0,205.0,198.5,10.2,141.0,49.6,7.84,36.7,27.15,72.4,45.0,51.2,120.0,81.3,38.1,34.45,96.4,17.8,7.14,83.9,69.9,78.5,80.7,505.0,266.5,481.0,172.0,97.1,111.0,199.0,253.5,31.1,181.5,133.0,87.1,146.0,44.4,50.0,90.5,47.45
34.9,33.2,69.6,49.5,98.6,72.6,11.9,38.15,105.5,28.6,34.3,342.5,169.0,18.1,123.0,329.0,17.3,51.7,23.65,46.0,136.5,25.3,13.55,16.0,24.05,58.7,240.5,327.5,27.5,41.45,29.45,20.05,24.2,243.0,226.0,240.5,40.45,11.35,128.5,,21.5,71.3,17.45,,341.0,225.5,19.6,14.2,99.2,35.9,19.5,19.25,60.4,22.0,214.5,119.5,36.65,39.15,68.7,139.5,50.4,80.8,62.1,225.5,53.7,12.4,107.0,129.5,28.2,22.0,67.6,234.5,225.5,172.5,39.55,45.9,12.05,32.3,10.55,16.1,15.45,30.35,225.5,17.6,31.25,10.15,28.8,10.75,10.1,12.25,17.55,47.55,47.35,9.92,20.4,15.25,25.65,13.4,9.74,10.25,19.9,19.8,312.0,85.3,3320.0,67.2,139.0,81.9,107.0,48.1,19.0,205.0,198.5,10.2,141.0,49.6,7.84,36.7,27.15,72.4,45.05,51.2,120.0,81.3,38.1,34.45,96.4,17.8,7.15,83.9,70.1,78.6,80.6,505.0,266.5,481.0,172.0,97.1,111.0,199.0,253.5,31.1,181.5,133.0,87.1,146.0,44.4,50.0,90.5,47.4
35.0,33.2,69.6,49.5,98.6,72.6,11.9,38.15,105.5,28.65,34.3,342.5,169.0,18.1,122.5,329.0,17.3,51.7,23.65,46.0,136.5,25.3,13.6,16.0,24.1,58.7,241.0,327.5,27.5,41.5,29.45,20.05,24.2,243.0,226.0,241.5,40.5,11.35,128.5,,21.55,71.3,17.45,,341.5,225.0,19.55,14.2,99.2,35.9,19.55,19.25,60.5,22.0,214.5,119.5,36.7,39.2,68.7,139.5,50.4,80.8,62.1,225.5,53.7,12.45,107.5,129.5,28.2,22.0,67.6,234.5,225.5,172.5,39.55,45.9,12.1,32.3,10.6,16.1,15.5,30.35,225.5,17.6,31.25,10.15,28.85,10.7,10.1,12.25,17.6,47.6,47.35,9.93,20.4,15.3,25.65,13.4,9.74,10.25,19.9,19.8,312.0,85.3,3320.0,67.1,139.5,81.9,107.5,48.05,19.0,205.0,198.0,10.25,140.5,49.6,7.84,36.7,27.15,72.4,45.05,51.2,120.0,81.4,38.15,34.45,96.4,17.8,7.14,83.9,69.9,78.6,80.7,505.0,266.5,481.0,172.0,97.1,111.5,199.0,253.5,31.05,181.0,133.0,87.1,146.0,44.4,50.0,90.5,47.4
35.0,33.2,69.6,49.5,98.6,72.6,11.9,38.15,105.5,28.65,34.3,342.5,169.0,18.1,122.5,329.0,17.3,51.7,23.65,46.0,136.5,25.35,13.6,16.0,24.05,58.7,241.0,327.5,27.5,41.5,29.45,20.05,24.2,243.0,226.0,241.5,40.5,11.4,129.0,,21.5,71.3,17.45,,341.5,225.5,19.55,14.2,99.3,35.9,19.5,19.25,60.5,22.05,214.5,119.5,36.7,39.15,68.7,139.5,50.4,80.8,62.1,225.5,53.7,12.45,107.0,129.5,28.25,22.0,67.6,234.5,226.0,172.5,39.6,45.9,12.1,32.3,10.6,16.1,15.5,30.35,225.5,17.55,31.25,10.15,28.8,10.75,10.1,12.25,17.6,47.6,47.35,9.94,20.4,15.3,25.65,13.4,9.74,10.3,19.9,19.85,312.0,85.3,3320.0,67.1,139.0,81.9,107.5,48.1,19.0,205.0,198.0,10.25,140.5,49.6,7.83,36.7,27.15,72.4,45.05,51.1,120.0,81.4,38.15,34.45,96.4,17.8,7.14,83.9,70.1,78.6,80.7,505.0,266.5,481.0,172.0,97.0,111.5,199.0,253.5,31.1,181.0,133.0,87.1,146.0,44.4,50.0,90.5,47.4
35.0,33.15,69.6,49.6,98.6,72.6,11.9,38.2,105.5,28.65,34.3,342.5,169.5,18.1,122.5,330.5,17.3,51.7,23.65,46.0,136.5,25.35,13.6,16.0,24.1,58.7,241.0,327.5,27.5,41.5,29.5,20.05,24.2,243.5,226.0,241.5,40.5,11.4,128.5,,21.5,71.3,17.45,,341.0,225.0,19.55,14.2,99.3,35.9,19.5,19.3,60.5,22.05,215.0,119.5,36.75,39.2,68.7,139.5,50.4,80.9,62.2,226.0,53.6,12.45,107.5,129.5,28.25,21.95,67.7,234.5,225.5,172.5,39.55,45.9,12.1,32.3,10.55,16.1,15.5,30.35,225.5,17.6,31.35,10.2,28.85,10.75,10.1,12.25,17.6,47.6,47.35,9.94,20.4,15.3,25.65,13.4,9.74,10.3,19.9,19.85,312.5,85.4,3320.0,67.1,139.0,82.0,107.0,48.1,19.0,205.0,198.5,10.25,140.5,49.65,7.83,36.7,27.15,72.5,45.1,51.1,120.0,81.4,38.1,34.45,96.4,17.8,7.15,83.9,70.1,78.6,80.6,505.0,266.5,481.0,172.0,97.0,111.5,199.0,253.5,31.1,181.5,133.0,87.1,146.5,44.4,50.0,90.5,47.45
35.0,33.15,69.6,49.6,98.5,72.5,11.9,38.15,105.5,28.6,34.3,342.5,169.5,18.05,122.5,331.5,17.3,51.7,23.65,46.0,136.5,25.35,13.6,16.0,24.05,58.7,241.5,327.5,27.5,41.5,29.5,20.05,24.2,243.5,226.0,241.5,40.5,11.35,129.0,,21.5,71.3,17.45,,341.0,225.5,19.55,14.2,99.3,35.9,19.5,19.3,60.5,22.05,215.0,119.5,36.75,39.2,68.7,139.5,50.4,80.9,62.2,226.0,53.6,12.4,107.0,129.0,28.25,21.9,67.7,234.0,225.5,172.5,39.55,45.9,12.1,32.3,10.55,16.1,15.5,30.35,225.5,17.6,31.35,10.2,28.8,10.7,10.1,12.25,17.6,47.6,47.35,9.93,20.35,15.25,25.65,13.4,9.74,10.25,19.9,19.8,312.5,85.4,3320.0,67.0,139.0,81.9,107.5,48.1,19.0,204.5,198.5,10.25,140.5,49.6,7.84,36.7,27.15,72.4,45.1,51.2,120.0,81.4,38.15,34.45,96.4,17.8,7.14,83.9,70.1,78.6,80.6,505.0,267.0,481.0,172.0,97.0,111.5,199.0,253.5,31.1,181.5,133.0,87.3,146.0,44.4,50.0,90.5,47.45
34.95,33.2,69.6,49.6,98.6,72.5,11.9,38.15,105.5,28.6,34.3,342.5,169.5,18.05,122.5,332.0,17.3,51.7,23.65,46.0,136.5,25.35,13.6,16.0,24.05,58.4,241.0,327.5,27.5,41.5,29.5,20.0,24.2,243.5,226.0,241.5,40.5,11.35,129.0,,21.5,71.3,17.45,,341.0,225.5,19.55,14.15,99.4,35.9,19.5,19.25,60.5,22.0,215.0,119.5,36.7,39.2,68.7,139.5,50.4,80.9,62.2,226.0,53.6,12.4,107.0,129.5,28.25,22.0,67.7,234.0,225.5,172.0,39.55,45.9,12.1,32.3,10.55,16.1,15.5,30.35,225.5,17.6,31.35,10.15,28.85,10.75,10.1,12.25,17.6,47.6,47.35,9.93,20.35,15.3,25.65,13.4,9.74,10.25,19.9,19.8,312.5,85.4,3320.0,67.0,139.0,81.9,107.5,48.15,19.0,204.5,198.5,10.25,140.5,49.6,7.84,36.7,27.15,72.4,45.15,51.2,120.0,81.3,38.15,34.45,96.4,17.8,7.14,83.9,70.1,78.6,80.6,505.0,267.0,481.0,172.0,97.0,111.5,199.0,253.5,31.1,181.5,133.0,87.3,146.0,44.4,50.0,90.5,47.45
34.95,33.2,69.6,49.6,98.6,72.5,11.9,38.15,105.0,28.6,34.3,342.5,169.5,18.05,122.5,332.0,17.3,51.8,23.65,46.0,136.5,25.35,13.55,16.0,24.05,58.4,241.0,327.5,27.5,41.5,29.5,20.05,24.2,243.5,226.0,241.5,40.5,11.35,129.0,,21.5,71.3,17.45,,341.0,225.0,19.6,14.15,99.4,35.9,19.5,19.25,60.5,22.0,215.0,119.5,36.7,39.15,68.6,139.5,50.4,80.9,62.2,225.5,53.6,12.4,107.0,129.5,28.25,22.0,67.7,234.0,225.5,172.0,39.55,45.9,12.1,32.3,10.5,16.1,15.5,30.35,225.0,17.6,31.35,10.15,28.8,10.75,10.1,12.25,17.6,47.6,47.35,9.93,20.35,15.3,25.65,13.4,9.74,10.3,19.9,19.8,312.0,85.4,3315.0,66.9,139.0,81.9,107.0,48.2,19.0,205.0,198.5,10.25,140.5,49.6,7.83,36.7,27.15,72.4,45.15,51.1,120.0,81.4,38.15,34.4,96.4,17.8,7.14,83.9,70.1,78.6,80.7,505.0,267.0,481.0,172.0,97.0,111.5,199.0,253.5,31.1,181.0,133.5,87.3,146.0,44.4,50.0,90.5,47.45
35.0,33.2,69.6,49.6,98.5,72.5,11.9,38.15,105.0,28.6,34.3,342.5,169.5,18.1,122.5,331.5,17.3,51.7,23.65,46.0,136.5,25.35,13.55,16.0,24.05,58.4,241.0,327.5,27.5,41.45,29.5,20.05,24.2,243.5,226.0,241.5,40.5,11.4,129.0,,21.5,71.3,17.45,,340.5,225.0,19.55,14.2,99.4,35.9,19.5,19.25,60.4,22.0,215.0,119.5,36.75,39.2,68.7,139.5,50.4,80.9,62.2,226.0,53.7,12.4,107.0,129.5,28.2,21.95,67.7,234.0,225.0,172.5,39.55,45.9,12.1,32.3,10.5,16.1,15.5,30.35,225.0,17.6,31.35,10.15,28.85,10.75,10.1,12.25,17.6,47.55,47.3,9.93,20.4,15.25,25.6,13.4,9.74,10.25,19.9,19.8,312.0,85.4,3315.0,66.9,139.0,81.9,107.5,48.15,19.0,205.0,198.5,10.25,140.5,49.6,7.83,36.7,27.15,72.4,45.2,51.1,120.0,81.4,38.15,34.4,96.4,17.8,7.15,83.9,70.1,78.6,80.6,505.0,267.0,481.0,172.5,97.0,111.0,199.0,254.0,31.1,181.0,133.5,87.3,146.5,44.4,50.0,90.5,47.45
34.9,33.2,69.6,49.45,98.5,72.5,11.9,38.15,105.0,28.6,34.35,342.5,169.5,18.1,122.5,331.5,17.3,51.8,23.65,46.0,136.5,25.35,13.55,15.95,24.05,58.4,241.0,327.5,27.5,41.45,29.5,20.05,24.2,243.5,226.0,241.5,40.55,11.4,128.5,,21.5,71.3,17.45,,340.5,225.0,19.6,14.2,99.4,35.85,19.5,19.3,60.5,22.0,215.0,119.5,36.7,39.15,68.6,139.0,50.4,81.0,62.2,225.5,53.6,12.4,107.0,129.5,28.25,21.9,67.7,234.5,225.5,172.0,39.55,45.9,12.1,32.3,10.5,16.1,15.5,30.35,225.0,17.55,31.25,10.2,28.8,10.7,10.1,12.25,17.6,47.6,47.35,9.93,20.4,15.25,25.65,13.4,9.74,10.25,19.9,19.8,312.5,85.4,3315.0,66.9,139.0,82.0,107.5,48.15,19.0,205.0,198.5,10.25,140.5,49.6,7.83,36.7,27.15,72.4,45.1,51.2,120.0,81.3,38.1,34.4,96.4,17.8,7.14,83.9,70.1,78.6,80.6,505.0,267.0,481.0,172.0,97.0,111.5,199.0,254.0,31.1,181.0,133.5,87.3,146.5,44.2,50.0,90.5,47.45
34.9,33.25,69.6,49.45,98.6,72.5,11.9,38.15,105.0,28.6,34.35,342.0,169.5,18.1,122.5,331.5,17.3,51.7,23.65,46.0,136.5,25.35,13.55,15.95,24.05,58.4,241.0,327.5,27.45,41.45,29.5,20.05,24.2,243.5,226.0,241.5,40.55,11.4,129.0,,21.5,71.3,17.45,,341.0,225.0,19.6,14.2,99.4,35.7,19.5,19.25,60.5,22.0,215.0,119.5,36.7,39.15,68.7,139.0,50.5,81.0,62.2,226.0,53.6,12.4,107.5,129.5,28.25,21.9,67.7,234.5,225.5,172.0,39.55,45.85,12.1,32.3,10.5,16.1,15.5,30.35,224.5,17.6,31.25,10.2,28.8,10.75,10.1,12.25,17.6,47.6,47.35,9.93,20.4,15.25,25.65,13.4,9.74,10.25,19.85,19.8,312.0,85.4,3315.0,66.9,139.0,82.0,107.5,48.1,19.0,205.0,199.0,10.25,140.5,49.6,7.83,36.7,27.15,72.4,45.2,51.2,120.0,81.3,38.1,34.4,96.4,17.8,7.14,83.9,70.0,78.6,80.6,505.0,267.0,480.0,172.0,97.0,111.5,199.0,254.0,31.1,181.0,133.5,87.3,146.5,44.2,50.0,90.5,47.4
34.95,33.1,69.6,49.45,98.5,72.5,11.9,38.15,105.0,28.6,34.35,342.0,169.5,18.1,122.5,332.0,17.3,51.7,23.65,46.0,136.5,25.35,13.55,15.95,24.05,58.4,241.0,327.5,27.45,41.5,29.5,20.05,24.2,243.5,226.0,241.5,40.55,11.35,128.5,,21.5,71.2,17.45,,341.0,225.5,19.6,14.2,99.4,35.75,19.5,19.25,60.5,22.0,215.0,119.5,36.75,39.15,68.7,139.0,50.5,80.9,62.2,226.0,53.6,12.4,107.0,129.5,28.25,21.95,67.7,234.5,225.0,172.5,39.55,45.85,12.05,32.3,10.5,16.1,15.45,30.35,224.5,17.6,31.25,10.2,28.75,10.7,10.1,12.25,17.55,47.55,47.3,9.93,20.4,15.25,25.65,13.4,9.73,10.3,19.9,19.8,312.0,85.4,3315.0,66.9,139.5,82.0,107.5,48.15,19.0,205.0,199.0,10.25,140.5,49.6,7.83,36.7,27.15,72.4,45.2,51.2,120.0,81.3,38.1,34.4,96.4,17.8,7.14,83.8,70.0,78.6,80.6,505.0,267.0,480.0,172.0,97.0,111.5,199.0,254.0,31.1,181.5,133.5,87.3,146.5,44.2,50.0,90.5,47.4
34.95,33.2,69.7,49.45,98.6,72.6,11.9,38.15,105.5,28.65,34.3,342.0,169.5,18.1,122.5,331.0,17.3,51.7,23.65,46.0,136.5,25.35,13.55,15.95,24.05,58.4,241.0,327.5,27.45,41.5,29.5,20.05,24.2,243.5,226.0,241.5,40.55,11.35,129.0,,21.5,71.2,17.45,,341.0,225.0,19.6,14.2,99.6,35.75,19.5,19.25,60.5,22.0,214.5,119.5,36.75,39.15,68.7,139.0,50.5,80.9,62.2,225.5,53.6,12.4,107.5,129.5,28.2,21.95,67.7,234.5,225.0,172.0,39.55,45.85,12.1,32.3,10.55,16.1,15.5,30.35,224.0,17.6,31.25,10.2,28.75,10.75,10.1,12.25,17.6,47.6,47.35,9.93,20.4,15.3,25.65,13.4,9.74,10.3,19.85,19.8,312.0,85.4,3315.0,66.9,139.0,82.0,107.5,48.15,19.05,205.0,199.0,10.25,140.5,49.6,7.83,36.7,27.15,72.4,45.2,51.2,120.0,81.3,38.1,34.4,96.4,17.8,7.14,83.7,70.0,78.6,80.5,505.0,267.0,480.0,172.0,97.0,112.0,199.0,254.0,31.15,181.0,133.5,87.3,146.5,44.3,50.0,90.5,47.45
34.95,33.25,69.7,49.45,98.6,72.6,11.9,38.15,105.5,28.6,34.35,342.0,169.5,18.05,122.5,330.5,17.3,51.7,23.65,45.95,136.5,25.35,13.55,15.95,24.05,58.4,241.0,327.5,27.45,41.45,29.5,20.05,24.2,243.5,226.0,241.5,40.55,11.4,129.0,,21.5,71.3,17.45,,341.0,225.0,19.6,14.15,99.7,35.75,19.5,19.25,60.5,22.0,214.5,119.5,36.75,39.15,68.7,139.0,50.5,80.8,62.2,225.5,53.7,12.45,107.5,129.0,28.2,21.95,67.7,234.5,225.0,172.0,39.55,45.85,12.1,32.3,10.55,16.1,15.5,30.3,224.5,17.6,31.25,10.2,28.8,10.75,10.1,12.25,17.55,47.55,47.35,9.92,20.4,15.25,25.65,13.4,9.74,10.3,19.9,19.8,312.5,85.4,3315.0,66.9,139.0,82.0,107.5,48.1,19.05,205.0,199.0,10.2,140.5,49.55,7.84,36.7,27.15,72.4,45.2,51.3,120.0,81.3,38.15,34.4,96.3,17.8,7.14,83.9,70.1,78.6,80.6,505.0,267.0,480.0,172.0,97.0,112.0,199.0,253.5,31.15,181.0,133.5,87.3,146.5,44.35,50.0,90.5,47.45
34.9,33.25,69.7,49.45,98.6,72.5,11.9,38.15,105.5,28.6,34.35,342.0,169.5,18.05,122.5,330.0,17.3,51.7,23.65,45.95,136.5,25.35,13.55,16.0,24.1,58.4,241.0,327.5,27.45,41.45,29.5,20.05,24.25,243.5,226.0,241.5,40.55,11.4,128.5,,21.5,71.2,17.45,,341.5,225.5,19.6,14.15,99.7,35.8,19.5,19.25,60.4,22.0,214.5,119.5,36.7,39.2,68.6,139.0,50.4,80.8,62.2,225.5,53.7,12.4,107.0,129.0,28.2,21.9,67.6,234.5,225.5,172.5,39.55,45.85,12.1,32.3,10.55,16.1,15.5,30.3,224.5,17.6,31.25,10.2,28.8,10.75,10.1,12.25,17.55,47.6,47.35,9.93,20.4,15.25,25.65,13.4,9.74,10.25,19.85,19.85,312.0,85.4,3315.0,66.9,139.0,82.0,107.5,48.1,19.1,205.0,199.0,10.2,140.5,49.55,7.84,36.65,27.15,72.4,45.2,51.3,120.0,81.3,38.2,34.4,96.4,17.8,7.14,83.9,70.0,78.6,80.6,505.0,267.0,480.0,172.0,97.0,112.0,199.0,253.5,31.15,181.0,133.5,87.3,146.0,44.35,50.0,90.5,47.45
34.9,33.1,69.6,49.45,98.6,72.5,11.9,38.15,105.5,28.6,34.35,342.0,169.5,18.05,122.5,330.5,17.3,51.7,23.65,46.0,136.5,25.35,13.55,16.0,24.05,58.5,241.0,327.5,27.45,41.45,29.5,20.05,24.25,243.5,226.0,241.5,40.55,11.4,128.5,,21.5,71.3,17.45,,341.5,225.0,19.6,14.2,99.7,35.8,19.5,19.25,60.5,21.95,214.5,119.5,36.7,39.2,68.6,139.0,50.4,80.8,62.2,225.5,53.7,12.4,107.0,129.0,28.2,21.95,67.6,234.5,226.0,172.5,39.55,45.9,12.1,32.3,10.55,16.1,15.5,30.3,224.0,17.6,31.25,10.2,28.75,10.75,10.1,12.25,17.55,47.55,47.35,9.92,20.4,15.25,25.65,13.4,9.75,10.3,19.9,19.8,312.0,85.4,3315.0,66.9,139.0,82.0,107.0,48.05,19.1,205.5,199.0,10.2,140.5,49.55,7.84,36.65,27.2,72.4,45.2,51.1,120.0,81.2,38.25,34.4,96.4,17.8,7.14,83.9,70.0,78.6,80.7,505.0,267.0,480.0,172.0,97.0,112.0,199.0,253.5,31.15,181.0,133.5,87.3,146.0,44.3,50.0,90.5,47.45
34.95,33.25,69.6,49.45,98.6,72.5,11.9,38.15,105.5,28.65,34.35,342.5,169.5,18.05,122.5,330.0,17.3,51.7,23.65,45.95,136.5,25.35,13.55,16.0,24.05,58.5,241.0,327.5,27.45,41.5,29.5,20.05,24.25,243.5,226.0,241.5,40.5,11.35,129.0,,21.5,71.3,17.45,,342.0,225.0,19.6,14.2,99.4,35.8,19.5,19.25,60.5,21.95,214.5,119.5,36.7,39.2,68.7,139.0,50.4,80.8,62.2,226.0,53.6,12.4,107.5,129.0,28.2,21.95,67.7,234.5,225.5,173.5,39.55,45.9,12.1,32.3,10.55,16.1,15.5,30.35,223.5,17.55,31.25,10.2,28.8,10.75,10.1,12.25,17.6,47.6,47.35,9.93,20.4,15.25,25.65,13.35,9.74,10.3,19.85,19.85,312.5,85.5,3315.0,66.9,139.0,82.0,107.0,48.1,19.05,205.5,199.0,10.2,140.0,49.6,7.84,36.6,27.2,72.4,45.2,51.2,120.0,81.2,38.25,34.4,96.4,17.8,7.13,83.9,70.0,78.6,80.7,505.0,267.0,480.0,171.5,97.0,112.0,199.0,253.5,31.15,181.0,133.5,87.3,146.0,44.35,50.0,90.5,47.4
34.95,33.25,69.6,49.45,98.6,72.5,11.9,38.15,105.5,28.6,34.35,342.5,169.5,18.1,122.5,330.0,17.3,51.7,23.65,46.0,136.5,25.35,13.55,16.0,24.1,58.5,241.5,327.5,27.45,41.5,29.5,20.1,24.25,243.5,226.0,241.5,40.55,11.4,129.0,,21.5,71.3,17.45,,343.0,225.5,19.6,14.15,99.5,35.8,19.55,19.25,60.5,21.95,214.5,119.5,36.7,39.15,68.6,139.0,50.4,80.9,62.1,226.0,53.7,12.4,107.0,129.5,28.2,21.95,67.7,234.5,225.5,173.5,39.55,45.85,12.1,32.3,10.55,16.1,15.45,30.35,223.5,17.6,31.25,10.2,28.8,10.75,10.1,12.25,17.6,47.6,47.35,9.93,20.4,15.3,25.65,13.4,9.75,10.25,19.9,19.8,312.5,85.5,3315.0,67.0,138.5,82.0,107.5,48.05,19.05,205.5,199.0,10.25,140.0,49.6,7.84,36.6,27.2,72.4,45.2,51.2,120.0,81.2,38.25,34.4,96.4,17.8,7.13,83.9,70.0,78.6,80.6,505.0,267.0,480.0,171.5,97.0,112.0,199.0,253.5,31.15,181.0,133.0,87.3,146.0,44.3,50.0,90.5,47.45
34.95,33.25,69.5,49.45,98.6,72.6,11.9,38.15,105.0,28.6,34.35,342.5,169.5,18.05,122.5,330.0,17.3,51.7,23.65,46.0,136.5,25.35,13.55,16.0,24.1,58.5,241.5,327.5,27.45,41.5,29.5,20.1,24.25,243.5,226.0,241.5,40.55,11.4,129.0,,21.5,71.3,17.45,,343.0,225.0,19.6,14.15,99.5,35.8,19.55,19.25,60.5,21.95,214.5,119.5,36.65,39.15,68.7,139.0,50.4,80.9,62.1,226.0,53.7,12.4,107.0,129.5,28.2,21.95,67.7,234.5,225.5,173.5,39.55,45.9,12.1,32.3,10.55,16.1,15.5,30.35,223.5,17.55,31.25,10.2,28.75,10.75,10.1,12.3,17.6,47.6,47.35,9.92,20.4,15.25,25.65,13.4,9.74,10.25,19.9,19.8,312.0,85.5,3315.0,67.0,139.0,82.0,107.5,48.0,19.1,205.0,199.0,10.25,140.5,49.6,7.84,36.65,27.2,72.4,45.2,51.2,120.0,81.2,38.25,34.4,96.4,17.8,7.13,83.9,70.0,78.6,80.7,505.0,267.0,480.0,171.5,97.0,111.5,199.0,253.5,31.15,181.0,133.0,87.3,146.0,44.3,50.0,90.5,47.45
34.9,33.25,69.5,49.5,98.6,72.5,11.9,38.15,105.0,28.6,34.35,342.0,169.5,18.05,122.5,330.0,17.3,51.7,23.65,46.0,136.5,25.35,13.55,16.0,24.05,58.5,241.0,327.5,27.45,41.45,29.5,20.1,24.25,243.5,226.0,241.5,40.55,11.35,129.0,,21.5,71.4,17.45,,343.5,225.5,19.6,14.2,99.5,35.8,19.55,19.25,60.5,21.95,214.5,119.5,36.65,39.15,68.6,139.0,50.4,80.9,62.1,225.5,53.7,12.4,107.0,129.0,28.2,21.95,67.7,234.5,225.5,173.5,39.55,45.9,12.1,32.3,10.5,16.1,15.5,30.35,223.5,17.55,31.25,10.2,28.75,10.7,10.1,12.3,17.6,47.6,47.35,9.92,20.4,15.25,25.65,13.4,9.74,10.3,19.9,19.8,312.0,85.5,3315.0,67.0,138.5,82.0,107.0,47.95,19.1,205.0,199.0,10.25,140.5,49.6,7.84,36.65,27.2,72.4,45.2,51.2,120.0,81.1,38.25,34.4,96.4,17.8,7.13,83.9,70.0,78.6,80.7,505.0,267.0,480.0,171.5,97.0,111.5,199.0,254.0,31.15,181.0,133.0,87.3,146.0,44.3,50.0,90.5,47.45
34.9,33.25,69.4,49.5,98.6,72.5,11.9,38.15,105.5,28.6,34.4,342.0,169.5,18.05,122.5,330.0,17.3,51.7,23.65,45.95,136.5,25.35,13.55,16.0,24.05,58.5,241.0,327.5,27.5,41.45,29.5,20.1,24.25,243.5,226.0,241.5,40.55,11.4,129.0,,21.55,71.4,17.45,,343.5,225.5,19.6,14.2,99.4,35.8,19.55,19.25,60.5,22.0,214.5,119.5,36.7,39.15,68.7,139.5,50.4,80.9,62.1,226.0,53.7,12.4,107.0,129.0,28.2,21.95,67.7,234.0,226.0,174.0,39.55,45.85,12.1,32.3,10.5,16.1,15.5,30.35,223.5,17.6,31.35,10.2,28.75,10.7,10.1,12.3,17.6,47.6,47.35,9.92,20.4,15.25,25.65,13.4,9.74,10.25,19.9,19.8,312.0,85.5,3315.0,67.0,139.0,82.1,107.5,47.9,19.1,205.5,199.0,10.25,140.5,49.55,7.84,36.65,27.25,72.4,45.2,51.1,120.0,81.1,38.25,34.4,96.3,17.75,7.13,83.9,70.0,78.6,80.6,505.0,267.0,480.0,172.0,97.0,111.5,199.0,254.0,31.1,180.5,133.0,87.3,146.5,44.35,50.0,90.5,47.45
34.95,33.15,69.4,49.5,98.6,72.6,11.9,38.15,105.5,28.65,34.35,342.0,169.5,18.1,122.5,330.0,17.3,51.7,23.65,45.95,136.5,25.35,13.55,16.0,24.05,58.5,241.0,327.5,27.5,41.45,29.5,20.0,24.25,243.5,226.0,241.5,40.55,11.4,129.0,,21.55,71.3,17.45,,343.0,225.5,19.55,14.2,99.5,35.8,19.55,19.25,60.5,22.0,214.5,119.5,36.7,39.15,68.7,139.5,50.3,80.9,62.2,226.0,53.7,12.4,107.5,129.0,28.2,21.85,67.7,234.0,226.0,173.5,39.55,45.85,12.1,32.3,10.55,16.1,15.45,30.35,223.5,17.6,31.35,10.2,28.75,10.7,10.1,12.3,17.6,47.6,47.35,9.92,20.4,15.25,25.65,13.4,9.75,10.25,19.85,19.8,312.5,85.4,3315.0,67.0,139.0,82.1,107.5,47.85,19.1,205.5,198.5,10.2,140.5,49.55,7.84,36.65,27.25,72.4,45.2,51.1,120.0,81.1,38.25,34.4,96.3,17.75,7.14,84.0,70.0,78.6,80.5,505.0,267.0,480.0,172.5,97.0,111.5,199.0,254.0,31.15,180.5,133.0,87.3,146.5,44.4,50.0,90.5,47.45
34.9,33.15,69.4,49.5,98.6,72.6,11.9,38.15,105.5,28.65,34.4,342.0,169.5,18.1,122.5,330.0,17.3,51.7,23.65,46.0,136.5,25.35,13.55,16.05,24.05,58.5,241.0,327.5,27.5,41.45,29.5,20.05,24.25,243.5,226.0,241.5,40.55,11.35,128.5,,21.5,71.3,17.45,,343.0,225.5,19.6,14.15,99.4,35.8,19.55,19.25,60.5,22.0,214.5,120.0,36.7,39.15,68.7,139.5,50.4,80.9,62.2,226.0,53.7,12.45,107.5,129.5,28.2,21.8,67.7,234.0,225.5,173.5,39.55,45.85,12.05,32.3,10.5,16.1,15.45,30.3,223.5,17.6,31.35,10.2,28.75,10.75,10.1,12.3,17.55,47.6,47.35,9.93,20.4,15.25,25.65,13.4,9.74,10.3,19.9,19.8,312.5,85.4,3315.0,67.0,139.0,82.2,107.0,47.85,19.1,205.5,198.5,10.2,140.5,49.55,7.84,36.65,27.25,72.3,45.2,51.1,120.0,81.2,38.25,34.45,96.3,17.8,7.14,83.9,70.0,78.6,80.7,505.0,267.0,479.0,172.5,97.0,111.5,199.0,254.0,31.1,180.5,133.5,87.3,147.0,44.4,50.0,90.5,47.45
34.9,33.15,69.4,49.5,98.6,72.5,11.9,38.15,105.5,28.65,34.4,342.0,169.5,18.05,122.5,330.0,17.3,51.7,23.65,46.0,136.5,25.35,13.55,16.05,24.05,58.5,241.0,327.5,27.5,41.45,29.5,20.05,24.25,243.5,226.0,241.5,40.5,11.35,128.5,,21.5,71.3,17.45,,343.0,225.5,19.6,14.15,99.4,35.8,19.55,19.25,60.5,22.0,214.5,120.0,36.7,39.2,68.6,139.0,50.4,80.9,62.2,226.0,53.6,12.4,107.5,129.5,28.2,21.8,67.7,234.0,225.5,174.0,39.5,45.85,12.1,32.3,10.55,16.1,15.5,30.35,223.5,17.6,31.35,10.2,28.75,10.75,10.1,12.3,17.55,47.6,47.4,9.92,20.4,15.25,25.65,13.4,9.74,10.3,19.9,19.85,312.0,85.5,3315.0,66.8,138.5,82.1,107.5,47.8,19.05,205.5,199.0,10.2,140.5,49.55,7.84,36.65,27.25,72.3,45.2,51.1,120.0,81.3,38.25,34.45,96.4,17.8,7.13,83.9,70.0,78.6,80.6,505.0,267.0,479.0,172.5,97.0,111.5,199.0,254.0,31.1,180.0,133.5,87.3,147.0,44.4,50.0,90.5,47.45
34.95,33.25,69.4,49.5,98.6,72.5,11.9,38.15,105.5,28.65,34.4,342.5,169.5,18.05,122.5,330.0,17.3,51.7,23.65,46.0,136.5,25.35,13.55,16.05,24.1,58.5,241.0,327.0,27.5,41.45,29.5,20.05,24.25,243.5,226.0,241.5,40.55,11.35,129.0,,21.5,71.3,17.45,,343.0,225.5,19.6,14.2,99.4,35.8,19.5,19.25,60.5,21.95,214.5,120.0,36.7,39.15,68.7,139.5,50.4,80.8,62.2,226.0,53.7,12.4,107.0,129.5,28.15,21.8,67.7,234.0,225.5,174.0,39.55,45.85,12.1,32.3,10.55,16.1,15.5,30.35,223.5,17.6,31.35,10.2,28.75,10.7,10.1,12.3,17.55,47.6,47.35,9.93,20.35,15.25,25.65,13.4,9.75,10.25,19.9,19.85,312.0,85.5,3315.0,66.8,139.0,82.1,107.5,47.8,19.05,205.5,199.0,10.25,140.5,49.6,7.85,36.65,27.25,72.3,45.2,51.1,120.0,81.3,38.25,34.45,96.4,17.8,7.14,84.0,70.0,78.6,80.5,505.0,267.0,479.0,172.5,97.0,111.5,199.0,254.0,31.15,180.0,133.5,87.3,146.0,44.4,50.0,90.5,47.45
34.95,33.2,69.5,49.5,98.6,72.5,11.9,38.15,105.5,28.6,34.35,342.5,169.5,18.05,122.5,330.0,17.3,51.7,23.65,45.95,136.5,25.35,13.5,16.0,24.05,58.5,241.0,327.5,27.5,41.5,29.5,20.05,24.25,243.5,226.0,242.0,40.55,11.3,129.0,,21.5,71.3,17.45,,342.5,225.5,19.6,14.15,99.3,35.75,19.5,19.25,60.5,22.0,214.5,120.0,36.65,39.2,68.7,139.5,50.4,80.8,62.2,225.5,53.7,12.4,107.0,129.5,28.2,21.85,67.7,234.0,226.5,174.0,39.6,45.85,12.1,32.3,10.55,16.1,15.5,30.35,223.5,17.55,31.35,10.2,28.75,10.7,10.1,12.3,17.55,47.55,47.4,9.92,20.35,15.25,25.65,13.4,9.75,10.3,19.9,19.8,312.0,85.5,3315.0,66.8,138.5,82.1,107.0,47.75,19.05,205.5,199.0,10.2,140.5,49.6,7.84,36.65,27.3,72.3,45.2,51.1,120.0,81.3,38.25,34.45,96.3,17.8,7.13,84.0,70.1,78.6,80.5,505.0,267.0,479.0,172.5,97.0,111.5,199.0,254.0,31.1,180.0,133.5,87.3,146.0,44.4,50.0,90.5,47.4
34.95,33.2,69.5,49.5,98.6,72.5,11.9,38.15,105.5,28.65,34.35,342.0,169.5,18.05,122.5,330.0,17.35,51.7,23.65,45.95,136.5,25.35,13.5,16.0,24.1,58.5,241.0,327.5,27.55,41.45,29.5,20.05,24.25,243.5,226.0,242.0,40.55,11.3,129.0,,21.55,71.3,17.45,,342.0,225.5,19.55,14.15,99.3,35.75,19.55,19.25,60.5,22.0,214.5,120.0,36.7,39.2,68.6,139.0,50.4,80.8,62.2,225.5,53.7,12.4,107.5,129.5,28.2,21.85,67.7,234.0,226.0,174.0,39.6,45.85,12.1,32.3,10.55,16.1,15.5,30.35,223.5,17.6,31.35,10.2,28.75,10.75,10.1,12.3,17.6,47.6,47.4,9.93,20.4,15.3,25.65,13.4,9.74,10.3,19.9,19.85,312.0,85.4,3315.0,66.8,138.5,82.1,107.5,47.75,19.05,205.5,199.0,10.25,140.5,49.6,7.85,36.65,27.3,72.3,45.2,51.1,120.0,81.2,38.3,34.45,96.4,17.75,7.14,83.7,69.9,78.6,80.5,505.0,267.0,479.0,172.5,97.1,111.5,199.0,254.0,31.15,180.5,133.5,87.3,147.0,44.4,50.0,90.5,47.4
34.95,33.2,69.5,49.5,98.6,72.6,11.9,38.15,106.0,28.65,34.35,342.0,169.5,18.05,122.5,330.0,17.3,51.7,23.65,46.0,136.5,25.35,13.5,16.0,24.05,58.5,241.0,327.5,27.55,41.45,29.5,20.05,24.25,243.5,226.0,242.0,40.55,11.35,129.0,,21.5,71.3,17.45,,342.0,225.5,19.55,14.2,99.5,35.8,19.55,19.25,60.5,21.95,214.5,120.0,36.7,39.15,68.7,139.0,50.4,80.8,62.2,225.5,53.7,12.4,107.0,129.5,28.15,21.85,67.7,234.5,226.0,173.5,39.5,45.85,12.1,32.3,10.55,16.1,15.5,30.35,223.5,17.6,31.35,10.2,28.75,10.75,10.1,12.3,17.55,47.6,47.4,9.93,20.4,15.3,25.65,13.4,9.74,10.25,19.9,19.85,312.0,85.4,3315.0,66.8,138.5,82.1,107.0,47.8,19.05,205.5,199.0,10.2,140.5,49.6,7.84,36.65,27.3,72.3,45.1,51.2,120.0,81.3,38.35,34.45,96.4,17.75,7.13,83.6,69.9,78.7,80.3,505.0,267.0,479.0,172.5,97.1,112.0,199.0,254.0,31.15,180.0,133.5,87.3,146.0,44.4,50.0,90.5,47.45
34.9,33.2,69.5,49.5,98.6,72.6,11.9,38.15,106.0,28.6,34.35,342.5,169.5,18.1,122.5,331.0,17.35,51.7,23.65,46.0,136.5,25.35,13.5,16.0,24.1,58.6,241.0,327.5,27.55,41.45,29.5,20.05,24.25,243.5,226.0,242.0,40.5,11.35,129.0,,21.5,71.3,17.45,,342.0,226.0,19.55,14.2,99.5,35.8,19.55,19.25,60.5,21.95,214.5,120.0,36.7,39.15,68.7,139.0,50.4,80.8,62.2,225.5,53.7,12.4,107.5,129.5,28.15,21.85,67.7,234.0,226.0,173.5,39.55,45.9,12.1,32.3,10.55,16.1,15.5,30.35,223.5,17.55,31.35,10.2,28.8,10.7,10.1,12.3,17.6,47.6,47.4,9.93,20.4,15.25,25.65,13.4,9.74,10.25,19.9,19.8,312.5,85.4,3315.0,66.8,138.5,82.0,107.0,47.85,19.05,205.5,199.0,10.25,140.5,49.6,7.84,36.65,27.25,72.4,45.1,51.2,120.0,81.3,38.4,34.45,96.4,17.75,7.13,83.6,70.0,78.6,80.3,505.0,267.0,479.0,172.5,97.1,111.5,199.0,253.5,31.15,180.5,133.5,87.3,146.0,44.4,50.0,90.5,47.45
34.95,33.2,69.5,49.5,98.6,72.5,11.9,38.15,106.0,28.6,34.45,342.0,169.5,18.1,122.5,331.0,17.35,51.7,23.65,46.0,136.5,25.35,13.5,16.0,24.05,58.6,241.0,327.5,27.5,41.45,29.5,20.05,24.25,243.5,226.0,242.0,40.5,11.35,129.0,,21.5,71.2,17.45,,342.0,226.0,19.55,14.2,99.5,35.8,19.55,19.25,60.6,22.0,214.5,120.0,36.7,39.15,68.7,139.5,50.4,80.9,62.2,226.0,53.7,12.45,107.0,129.5,28.15,21.85,67.7,234.0,226.5,173.5,39.55,45.9,12.05,32.3,10.55,16.1,15.5,30.35,223.5,17.6,31.35,10.15,28.75,10.75,10.1,12.3,17.55,47.6,47.4,9.93,20.4,15.25,25.65,13.4,9.74,10.3,19.9,19.8,312.5,85.5,3315.0,67.0,139.0,82.0,107.0,47.8,19.05,205.0,199.0,10.25,140.5,49.65,7.84,36.65,27.25,72.3,45.1,51.2,120.0,81.2,38.4,34.45,96.3,17.8,7.14,83.6,70.1,78.7,80.2,505.0,267.0,479.0,172.5,97.0,111.5,199.0,254.0,31.1,180.5,133.0,87.3,146.0,44.4,50.0,90.5,47.45
34.95,33.2,69.4,49.5,98.6,72.6,11.9,38.15,106.0,28.6,34.35,342.5,169.5,18.1,122.5,331.0,17.35,51.7,23.65,46.0,136.5,25.35,13.5,16.0,24.05,58.6,241.0,327.5,27.5,41.45,29.55,20.05,24.2,243.5,226.0,242.0,40.5,11.35,128.5,,21.5,71.2,17.45,,342.0,226.0,19.55,14.15,99.5,35.75,19.55,19.3,60.6,22.0,214.5,120.0,36.65,39.15,68.6,139.0,50.4,80.9,62.2,225.5,53.7,12.4,107.0,129.5,28.15,21.85,67.7,234.0,226.5,173.5,39.55,45.95,12.05,32.3,10.55,16.1,15.5,30.35,223.5,17.6,31.35,10.15,28.75,10.75,10.1,12.3,17.55,47.55,47.4,9.93,20.4,15.25,25.65,13.4,9.74,10.25,19.9,19.8,312.0,85.5,3315.0,67.0,139.0,82.1,107.0,47.85,19.05,205.0,199.5,10.25,140.5,49.6,7.83,36.65,27.3,72.3,45.1,51.2,120.0,81.3,38.45,34.45,96.3,17.8,7.14,83.7,70.1,78.7,80.2,505.0,267.0,478.5,173.0,97.0,111.5,199.0,254.5,31.15,180.5,133.0,87.3,146.0,44.4,50.0,90.5,47.45
34.95,33.2,69.4,49.5,98.5,72.5,11.9,38.15,106.0,28.65,34.35,342.5,169.5,18.1,122.5,331.0,17.4,51.7,23.65,45.95,136.5,25.35,13.5,16.0,24.05,58.6,241.0,327.0,27.5,41.45,29.55,20.1,24.2,243.0,226.0,242.0,40.45,11.35,128.5,,21.5,71.3,17.45,,342.0,226.0,19.55,14.15,99.5,35.75,19.55,19.25,60.6,21.95,214.5,120.0,36.65,39.15,68.7,139.0,50.4,80.9,62.2,225.5,53.7,12.4,107.0,129.5,28.15,21.8,67.7,234.0,226.0,173.0,39.55,45.95,12.05,32.3,10.55,16.1,15.5,30.35,223.5,17.6,31.35,10.15,28.8,10.75,10.1,12.3,17.55,47.6,47.35,9.93,20.35,15.25,25.6,13.4,9.74,10.3,19.9,19.8,312.0,85.5,3315.0,67.0,139.0,82.2,107.0,47.8,19.05,205.0,199.5,10.2,140.5,49.6,7.83,36.65,27.25,72.3,45.1,51.1,120.0,81.3,38.45,34.45,96.3,17.8,7.15,83.7,70.0,78.6,80.2,505.0,267.0,478.5,173.0,97.0,111.5,199.0,254.5,31.1,180.5,133.0,87.3,146.5,44.4,50.0,90.5,47.45
34.9,33.2,69.4,49.5,98.6,72.5,11.9,38.15,106.0,28.6,34.35,342.5,169.5,18.1,122.5,331.0,17.35,51.7,23.65,45.95,136.5,25.35,13.5,16.0,24.05,58.6,241.0,327.0,27.5,41.45,29.55,20.1,24.2,243.0,226.0,242.0,40.45,11.35,128.5,,21.5,71.2,17.45,,342.5,225.5,19.55,14.15,99.5,35.75,19.55,19.25,60.6,21.95,214.5,119.5,36.65,39.2,68.7,139.0,50.4,80.9,62.2,225.5,53.7,12.4,107.5,129.0,28.15,21.8,67.7,234.5,226.5,173.0,39.5,45.9,12.05,32.3,10.55,16.1,15.45,30.35,223.5,17.6,31.35,10.15,28.8,10.75,10.1,12.3,17.6,47.55,47.4,9.93,20.4,15.25,25.6,13.35,9.74,10.3,19.9,19.8,312.0,85.5,3315.0,67.0,139.0,82.2,107.5,47.8,19.05,205.0,199.0,10.25,140.5,49.6,7.83,36.65,27.3,72.3,45.1,51.1,120.0,81.4,38.45,34.45,96.3,17.8,7.15,83.7,70.0,78.6,80.2,505.0,267.0,478.5,173.0,97.0,111.5,199.0,254.5,31.1,180.5,133.0,87.3,146.5,44.4,50.1,90.5,47.45
34.95,33.15,69.4,49.65,98.6,72.6,11.9,38.15,105.5,28.6,34.4,342.5,169.5,18.05,122.5,331.0,17.35,51.7,23.65,45.95,136.5,25.35,13.5,16.0,24.05,58.6,241.0,327.0,27.5,41.45,29.45,20.05,24.2,243.0,226.0,242.0,40.45,11.35,129.0,,21.5,71.3,17.45,,342.5,225.5,19.6,14.2,99.5,35.8,19.55,19.25,60.6,21.95,214.5,119.5,36.65,39.2,68.7,139.5,50.4,80.9,62.3,225.5,53.6,12.45,107.0,129.5,28.15,21.8,67.7,234.0,226.0,173.0,39.5,45.9,12.1,32.3,10.55,16.1,15.5,30.35,223.5,17.6,31.35,10.15,28.75,10.7,10.1,12.3,17.55,47.55,47.35,9.93,20.4,15.25,25.65,13.4,9.74,10.3,19.9,19.85,312.0,85.4,3315.0,67.0,139.0,82.2,107.5,47.9,19.05,205.0,199.5,10.25,141.0,49.6,7.84,36.65,27.3,72.3,45.1,51.1,120.0,81.3,38.45,34.45,96.4,17.75,7.14,83.7,70.0,78.6,80.3,505.0,267.0,478.5,173.0,97.0,111.5,199.0,254.5,31.15,180.0,133.0,87.3,146.5,44.4,50.2,90.5,47.4
34.95,33.2,69.4,49.65,98.6,72.5,11.9,38.15,105.5,28.65,34.4,342.5,169.5,18.1,122.5,330.5,17.35,51.7,23.65,46.0,136.5,25.35,13.5,16.05,24.05,58.5,241.0,327.0,27.5,41.45,29.5,20.05,24.25,243.0,226.0,242.0,40.45,11.35,129.0,,21.5,71.2,17.5,,342.5,226.0,19.6,14.2,99.5,35.75,19.55,19.25,60.6,22.0,214.5,119.5,36.7,39.2,68.7,139.5,50.4,80.9,62.2,226.0,53.6,12.45,107.0,129.5,28.15,21.8,67.7,234.5,226.0,173.0,39.55,45.95,12.1,32.3,10.55,16.1,15.5,30.4,223.5,17.55,31.35,10.2,28.75,10.7,10.1,12.3,17.55,47.6,47.35,9.92,20.4,15.25,25.65,13.4,9.74,10.25,19.9,19.85,312.5,85.5,3315.0,67.0,139.0,82.3,107.5,47.9,19.1,205.0,200.5,10.2,141.5,49.6,7.83,36.7,27.3,72.3,45.1,51.1,120.0,81.4,38.5,34.45,96.4,17.8,7.14,83.8,70.1,78.6,80.2,505.0,267.0,478.5,173.0,96.9,111.5,199.0,254.0,31.1,180.0,133.0,87.3,146.5,44.45,50.2,90.5,47.4
34.95,33.2,69.4,49.65,98.6,72.5,11.9,38.15,105.5,28.6,34.35,342.5,169.5,18.1,123.0,331.0,17.35,51.7,23.65,46.0,136.5,25.35,13.5,16.05,24.05,58.5,241.0,327.0,27.5,41.45,29.5,20.05,24.25,243.0,226.0,242.0,40.45,11.35,129.0,,21.5,71.3,17.5,,342.0,226.0,19.6,14.15,99.5,35.75,19.5,19.25,60.6,21.95,214.5,119.5,36.65,39.2,68.7,138.5,50.4,80.8,62.2,226.0,53.6,12.4,107.0,129.5,28.15,21.85,67.7,234.0,226.0,173.5,39.55,46.0,12.1,32.3,10.55,16.1,15.5,30.4,223.5,17.6,31.3,10.2,28.75,10.7,10.1,12.3,17.55,47.55,47.35,9.92,20.4,15.25,25.6,13.4,9.74,10.3,19.9,19.8,312.5,85.5,3320.0,67.0,139.0,82.4,107.0,47.9,19.1,205.0,200.5,10.2,141.0,49.6,7.83,36.7,27.3,72.3,45.1,51.1,120.0,81.4,38.45,34.45,96.5,17.8,7.14,83.9,70.1,78.6,80.3,505.0,267.0,479.0,173.0,96.9,111.5,199.0,254.0,31.1,180.0,133.0,87.3,147.0,44.45,50.2,90.5,47.45
34.95,33.1,69.5,49.55,98.6,72.5,11.9,38.15,106.0,28.6,34.35,342.5,169.5,18.1,122.5,331.0,17.35,51.9,23.65,46.0,136.5,25.35,13.5,16.05,24.1,58.5,241.0,327.0,27.5,41.45,29.5,20.05,24.25,243.0,226.0,242.0,40.5,11.35,129.0,,21.5,71.2,17.5,,342.0,225.5,19.6,14.2,99.4,35.8,19.55,19.3,60.6,22.0,214.5,119.5,36.65,39.15,68.7,139.0,50.4,81.0,62.2,226.0,53.7,12.45,107.5,129.5,28.15,21.85,67.7,234.0,226.5,173.0,39.5,46.0,12.05,32.3,10.55,16.1,15.5,30.35,223.5,17.6,31.3,10.2,28.8,10.7,10.1,12.25,17.55,47.6,47.35,9.92,20.4,15.25,25.65,13.4,9.75,10.3,19.9,19.85,312.5,85.5,3320.0,67.0,139.0,82.3,107.5,47.9,19.05,205.0,200.5,10.25,141.0,49.6,7.83,36.7,27.3,72.4,45.1,51.1,120.0,81.3,38.45,34.45,96.5,17.8,7.14,83.9,70.0,78.6,80.3,505.0,267.0,479.0,173.0,96.8,111.5,199.0,254.0,31.15,180.0,133.0,87.3,147.0,44.4,50.0,90.5,47.45
34.95,33.15,69.5,49.55,98.5,72.5,11.9,38.15,105.5,28.6,34.3,342.5,169.5,18.05,122.5,331.5,17.3,51.9,23.65,46.0,136.5,25.35,13.5,16.05,24.05,58.5,241.0,327.0,27.5,41.45,29.5,20.05,24.3,243.0,226.0,242.0,40.45,11.35,128.5,,21.5,71.2,17.5,,342.0,225.5,19.6,14.15,99.3,35.8,19.55,19.25,60.6,21.95,214.5,119.5,36.7,39.2,68.7,139.0,50.3,81.0,62.3,226.0,53.6,12.4,107.5,129.0,28.15,21.85,67.7,234.0,226.5,173.0,39.5,45.95,12.05,32.3,10.55,16.1,15.5,30.35,223.5,17.6,31.3,10.2,28.8,10.75,10.1,12.25,17.55,47.55,47.35,9.92,20.4,15.25,25.6,13.4,9.74,10.25,19.9,19.85,312.5,85.5,3320.0,67.0,138.5,82.4,107.5,47.9,19.05,205.0,200.5,10.25,141.0,49.6,7.83,36.7,27.3,72.3,45.05,51.2,120.0,81.3,38.5,34.5,96.5,17.8,7.14,83.9,70.0,78.6,80.3,505.0,267.5,479.0,172.5,96.8,111.5,199.0,254.0,31.15,180.0,133.0,87.3,147.0,44.4,50.0,90.5,47.45
34.9,33.15,69.5,49.55,98.6,72.5,11.9,38.15,105.5,28.6,34.25,342.5,169.5,18.1,122.5,331.5,17.35,51.9,23.65,46.0,136.5,25.35,13.5,16.05,24.05,58.6,241.0,327.0,27.5,41.5,29.5,20.1,24.3,243.0,226.0,242.0,40.45,11.3,128.5,,21.5,71.2,17.5,,342.0,226.0,19.6,14.15,99.3,35.8,19.55,19.25,60.5,21.95,215.0,119.5,36.7,39.15,68.6,139.0,50.4,81.1,62.4,226.0,53.6,12.4,107.0,129.0,28.15,21.9,67.7,234.0,227.0,173.0,39.55,46.0,12.1,32.3,10.5,16.1,15.5,30.35,223.5,17.55,31.3,10.2,28.8,10.7,10.1,12.25,17.55,47.6,47.35,9.93,20.35,15.25,25.6,13.4,9.73,10.3,19.9,19.8,313.0,85.5,3320.0,67.0,138.5,82.4,107.5,47.9,19.05,205.5,200.5,10.25,141.0,49.65,7.83,36.6,27.3,72.3,45.05,51.1,120.0,81.4,38.5,34.5,96.5,17.8,7.15,83.9,70.1,78.5,80.3,505.0,267.5,479.0,172.5,96.8,111.5,199.0,254.0,31.15,180.0,133.0,87.3,147.0,44.4,50.0,90.5,47.4
34.95,33.2,69.5,49.55,98.6,72.6,11.95,38.15,105.5,28.6,34.35,342.5,169.5,18.1,123.0,331.0,17.3,51.8,23.65,46.0,136.5,25.35,13.5,16.0,24.1,58.6,241.5,327.0,27.5,41.5,29.5,20.1,24.3,243.0,226.5,242.0,40.45,11.35,128.5,,21.5,71.2,17.5,,342.0,225.5,19.6,14.1,99.2,35.8,19.55,19.25,60.6,21.95,215.0,119.5,36.75,39.2,68.7,138.5,50.4,81.1,62.4,226.0,53.5,12.4,107.0,129.0,28.2,21.9,67.7,234.0,227.0,173.0,39.5,45.95,12.1,32.3,10.55,16.1,15.45,30.35,223.5,17.55,31.25,10.2,28.75,10.7,10.1,12.3,17.6,47.55,47.4,9.92,20.4,15.25,25.65,13.4,9.73,10.25,19.9,19.8,313.0,85.4,3320.0,66.9,138.5,82.4,107.0,47.9,19.05,205.5,200.0,10.2,141.0,49.65,7.83,36.6,27.3,72.3,45.0,51.1,120.0,81.4,38.5,34.5,96.5,17.8,7.14,83.8,70.1,78.5,80.4,505.0,267.5,479.0,172.5,96.9,111.5,199.0,254.0,31.15,180.0,132.5,87.3,147.0,44.45,50.0,90.6,47.4
34.95,33.2,69.5,49.65,98.6,72.5,11.95,38.15,105.5,28.6,34.25,342.5,169.5,18.1,123.0,331.0,17.3,51.8,23.65,46.0,136.5,25.35,13.5,16.0,24.1,58.6,241.5,327.0,27.5,41.5,29.5,20.1,24.3,243.0,226.5,242.0,40.45,11.35,129.0,,21.55,71.2,17.5,,341.5,225.5,19.6,14.15,99.2,35.85,19.55,19.25,60.6,21.95,214.5,119.5,36.75,39.15,68.7,139.0,50.4,81.0,62.4,226.0,53.6,12.4,107.5,129.0,28.2,21.9,67.7,234.5,227.5,173.0,39.55,45.95,12.1,32.3,10.55,16.1,15.5,30.3,223.5,17.65,31.25,10.2,28.8,10.75,10.1,12.3,17.6,47.6,47.35,9.93,20.4,15.3,25.6,13.4,9.74,10.3,19.9,19.85,313.0,85.4,3320.0,66.9,138.5,82.4,107.5,47.9,19.05,205.0,200.0,10.2,141.0,49.65,7.83,36.6,27.3,72.3,44.85,51.1,120.0,81.5,38.5,34.5,96.4,17.8,7.14,83.9,70.1,78.5,80.3,505.0,267.0,479.0,172.0,96.9,111.5,199.0,254.0,31.1,180.0,132.5,87.3,147.0,44.45,50.0,90.5,47.45
34.95,33.2,69.5,49.55,98.5,72.5,11.9,38.15,105.5,28.6,34.25,342.5,169.5,18.1,123.5,331.0,17.35,51.8,23.65,46.0,136.5,25.35,13.5,16.0,24.05,58.6,241.5,327.0,27.5,41.45,29.5,20.0,24.25,243.0,226.5,242.0,40.45,11.35,129.0,,21.55,71.2,17.5,,342.0,226.0,19.6,14.15,99.2,35.85,19.55,19.3,60.5,22.0,214.5,119.5,36.75,39.15,68.7,139.0,50.4,81.0,62.4,226.0,53.6,12.4,107.0,129.0,28.2,21.85,67.7,234.5,227.0,173.0,39.55,46.0,12.05,32.3,10.55,16.1,15.5,30.3,223.5,17.65,31.2,10.2,28.8,10.75,10.1,12.3,17.6,47.55,47.35,9.92,20.4,15.25,25.65,13.4,9.74,10.25,19.9,19.85,313.0,85.4,3320.0,66.9,138.5,82.4,107.5,47.9,19.0,205.0,200.0,10.25,141.0,49.65,7.84,36.6,27.3,72.3,44.85,51.1,120.0,81.5,38.55,34.5,96.5,17.8,7.14,83.9,70.1,78.5,80.4,505.0,267.0,479.0,172.0,96.8,111.5,199.0,254.0,31.1,180.0,132.5,87.3,147.0,44.45,50.0,90.5,47.45
34.9,33.25,69.5,49.65,98.6,72.5,11.9,38.15,105.5,28.6,34.3,342.5,169.5,18.1,123.0,331.0,17.35,51.8,23.65,46.0,136.5,25.35,13.5,16.0,24.05,58.6,241.0,327.0,27.55,41.45,29.5,20.1,24.3,243.0,226.5,242.5,40.45,11.35,128.5,,21.55,71.2,17.5,,342.0,226.0,19.6,14.15,99.3,35.9,19.55,19.25,60.5,22.0,214.5,119.5,36.75,39.15,68.7,139.0,50.4,81.0,62.3,225.5,53.6,12.4,107.5,129.0,28.15,21.85,67.7,234.5,227.0,173.5,39.55,45.95,12.1,32.3,10.55,16.1,15.5,30.3,223.5,17.65,31.2,10.2,28.8,10.75,10.1,12.3,17.6,47.55,47.35,9.92,20.35,15.3,25.65,13.35,9.73,10.25,19.9,19.8,313.0,85.4,3320.0,66.9,138.5,82.5,107.0,47.85,19.05,205.0,200.5,10.2,141.0,49.65,7.84,36.7,27.25,72.3,44.9,51.1,120.0,81.5,38.55,34.5,96.5,17.8,7.14,83.9,70.0,78.4,80.4,505.0,267.0,479.0,172.0,96.8,111.5,199.0,254.0,31.1,180.0,132.5,87.4,147.0,44.35,50.0,90.5,47.45
34.95,33.25,69.4,49.65,98.5,72.5,11.9,38.1,105.5,28.6,34.3,342.5,169.5,18.1,123.0,331.0,17.35,51.7,23.65,46.0,136.5,25.35,13.5,16.0,24.05,58.5,241.0,327.0,27.45,41.45,29.5,20.1,24.3,243.0,226.5,243.0,40.45,11.35,128.5,,21.5,71.2,17.5,,342.0,226.0,19.6,14.15,99.3,35.9,19.55,19.25,60.6,21.95,214.5,119.0,36.8,39.15,68.7,139.0,50.4,81.0,62.3,225.5,53.6,12.4,107.0,129.0,28.15,21.9,67.7,234.5,226.5,173.0,39.45,46.0,12.1,32.3,10.55,16.1,15.5,30.35,223.5,17.65,31.2,10.2,28.75,10.75,10.1,12.25,17.6,47.6,47.4,9.93,20.4,15.25,25.65,13.4,9.74,10.3,19.9,19.8,313.0,85.5,3320.0,66.9,138.5,82.6,107.0,47.9,19.05,205.0,200.5,10.25,141.0,49.65,7.84,36.7,27.25,72.3,44.85,51.2,120.0,81.5,38.6,34.5,96.5,17.8,7.14,83.9,70.0,78.4,80.4,505.0,267.0,479.0,172.0,96.9,111.0,199.0,254.0,31.15,180.5,132.5,87.4,146.5,44.3,50.0,90.5,47.45
34.95,33.25,69.4,49.65,98.5,72.5,11.9,38.1,105.0,28.6,34.3,342.5,169.5,18.1,123.0,331.5,17.35,51.7,23.65,46.0,136.5,25.35,13.5,16.0,24.05,58.6,241.0,327.0,27.45,41.45,29.5,20.1,24.3,243.0,226.5,243.0,40.45,11.35,129.0,,21.5,71.1,17.5,,342.5,226.0,19.6,14.1,99.3,35.85,19.55,19.25,60.6,22.0,214.5,119.0,36.8,39.15,68.6,139.0,50.4,81.0,62.3,225.5,53.7,12.4,107.0,129.0,28.15,21.9,67.7,234.5,226.5,173.5,39.45,45.95,12.1,32.3,10.55,16.1,15.5,30.35,223.5,17.65,31.2,10.2,28.8,10.7,10.1,12.25,17.55,47.6,47.4,9.93,20.4,15.25,25.65,13.4,9.73,10.25,19.9,19.85,313.0,85.4,3320.0,66.9,138.5,82.7,107.5,47.9,19.05,205.0,200.5,10.25,141.0,49.65,7.84,36.7,27.3,72.3,44.85,51.1,120.0,81.3,38.55,34.45,96.5,17.8,7.15,83.9,70.1,78.5,80.4,505.0,267.0,479.0,172.0,96.9,111.5,199.0,254.0,31.15,180.5,132.5,87.4,146.5,44.4,50.0,90.5,47.45
34.95,33.2,69.4,49.55,98.6,72.5,11.9,38.1,105.0,28.6,34.35,342.5,169.5,18.1,123.0,331.5,17.35,51.7,23.65,46.0,136.5,25.35,13.5,16.0,24.1,58.6,241.0,328.0,27.45,41.45,29.5,20.1,24.3,243.0,226.5,243.0,40.45,11.35,128.5,,21.55,71.2,17.5,,342.5,226.0,19.55,14.15,99.4,35.8,19.55,19.3,60.6,21.95,214.5,119.0,36.8,39.1,68.6,139.0,50.4,81.0,62.3,225.5,53.6,12.4,107.0,129.0,28.15,21.9,67.7,234.0,226.5,174.0,39.5,46.0,12.1,32.3,10.55,16.1,15.5,30.35,223.5,17.65,31.2,10.2,28.8,10.75,10.1,12.25,17.55,47.6,47.35,9.93,20.4,15.25,25.65,13.4,9.73,10.3,19.9,19.8,313.0,85.4,3320.0,66.9,138.5,82.6,107.0,47.9,19.0,205.5,200.5,10.25,141.0,49.65,7.84,36.65,27.35,72.3,44.85,51.1,120.0,81.4,38.6,34.45,96.5,17.8,7.14,83.9,70.1,78.5,80.4,505.0,267.0,479.0,172.0,96.9,111.5,199.0,254.0,31.15,180.5,132.5,87.3,146.5,44.4,50.0,90.5,47.45
34.95,33.2,69.4,49.55,98.6,72.5,11.9,38.1,105.5,28.6,34.3,342.5,169.5,18.1,123.0,331.5,17.35,51.7,23.65,46.0,136.5,25.35,13.5,16.0,24.05,58.6,241.5,328.0,27.45,41.45,29.55,20.05,24.3,243.0,226.5,243.0,40.45,11.35,129.0,,21.55,71.1,17.5,,342.0,226.0,19.6,14.15,99.4,35.8,19.55,19.25,60.6,21.95,215.0,119.0,36.8,39.15,68.6,139.0,50.4,81.0,62.3,225.5,53.7,12.4,107.5,129.0,28.15,21.9,67.7,234.0,226.5,174.0,39.5,46.0,12.05,32.3,10.55,16.1,15.5,30.35,223.5,17.65,31.2,10.2,28.8,10.75,10.1,12.25,17.6,47.55,47.4,9.93,20.4,15.25,25.65,13.4,9.74,10.25,19.9,19.8,313.5,85.4,3320.0,66.9,139.0,82.7,107.5,47.95,19.0,206.0,200.5,10.25,141.0,49.65,7.83,36.7,27.35,72.3,44.8,51.2,120.0,81.4,38.6,34.5,96.5,17.8,7.14,83.9,70.0,78.5,80.6,505.0,267.0,479.0,172.0,96.9,111.5,199.0,254.0,31.15,180.0,132.5,87.3,146.5,44.4,50.0,90.5,47.45
34.95,33.25,69.4,49.55,98.5,72.5,11.9,38.1,105.5,28.6,34.3,342.0,169.5,18.05,123.0,331.5,17.4,51.7,23.65,46.0,136.5,25.35,13.5,16.0,24.1,58.6,241.5,328.0,27.45,41.45,29.55,20.1,24.3,243.0,226.5,243.0,40.45,11.35,128.5,,21.55,71.2,17.5,,342.5,226.5,19.65,14.15,99.5,35.75,19.5,19.25,60.5,21.95,215.0,119.0,36.8,39.15,68.6,139.0,50.4,81.0,62.3,225.5,53.7,12.4,107.0,129.5,28.15,21.85,67.7,234.0,226.5,174.0,39.5,46.0,12.05,32.3,10.55,16.1,15.5,30.35,223.5,17.65,31.25,10.2,28.8,10.7,10.1,12.25,17.6,47.55,47.35,9.93,20.4,15.25,25.6,13.4,9.73,10.3,19.9,19.8,313.0,85.4,3325.0,66.9,139.0,82.7,107.5,47.95,19.0,205.5,200.5,10.25,141.5,49.65,7.83,36.7,27.35,72.3,44.8,51.2,120.0,81.4,38.6,34.5,96.4,17.8,7.14,83.9,70.0,78.5,80.6,505.0,267.0,479.0,172.5,96.8,111.5,199.0,254.0,31.1,180.0,132.5,87.3,146.5,44.4,50.0,90.5,47.45
34.9,33.15,69.4,49.55,98.6,72.5,11.9,38.1,105.5,28.6,34.3,342.0,169.5,18.05,123.0,331.5,17.4,51.7,23.65,46.0,136.5,25.4,13.5,16.0,24.1,58.6,241.0,328.0,27.5,41.45,29.6,20.1,24.3,243.0,226.5,243.0,40.4,11.35,129.0,,21.5,71.1,17.5,,342.5,226.5,19.6,14.15,99.5,35.75,19.55,19.3,60.6,21.95,215.0,119.5,36.8,39.15,68.7,139.0,50.5,81.0,62.4,225.5,53.7,12.4,107.5,129.0,28.15,21.85,67.7,234.0,226.0,174.0,39.5,46.0,12.05,32.3,10.55,16.1,15.5,30.35,223.5,17.65,31.25,10.15,28.75,10.75,10.05,12.25,17.6,47.55,47.4,9.94,20.4,15.25,25.65,13.4,9.74,10.3,19.9,19.85,313.0,85.3,3325.0,67.0,138.5,82.6,107.5,47.95,19.0,206.0,200.5,10.25,142.0,49.7,7.83,36.7,27.35,72.4,44.8,51.2,120.0,81.4,38.55,34.5,96.5,17.8,7.15,83.9,70.0,78.5,80.6,505.0,267.0,479.0,172.5,96.8,111.5,199.0,253.5,31.15,180.0,132.5,87.3,147.0,44.4,50.0,90.5,47.45
34.95,33.15,69.5,49.55,98.6,72.5,11.9,38.1,105.5,28.6,34.35,342.0,169.5,18.05,123.5,331.5,17.35,51.7,23.65,46.0,136.5,25.4,13.5,16.0,24.1,58.6,241.5,328.0,27.5,41.45,29.6,20.1,24.3,243.0,226.5,243.0,40.4,11.35,128.5,,21.5,71.2,17.5,,342.5,226.0,19.55,14.1,99.5,35.75,19.55,19.25,60.6,21.95,215.0,119.5,36.75,39.1,68.6,139.0,50.5,81.0,62.4,225.5,53.6,12.4,107.0,129.5,28.2,21.85,67.6,234.0,226.5,173.5,39.55,46.0,12.1,32.3,10.55,16.1,15.55,30.35,223.5,17.65,31.2,10.15,28.75,10.75,10.05,12.25,17.55,47.6,47.4,9.93,20.4,15.25,25.65,13.35,9.73,10.25,19.9,19.85,313.0,85.3,3330.0,67.0,139.0,82.6,107.0,47.95,19.0,206.0,200.5,10.25,142.0,49.7,7.83,36.7,27.35,72.3,44.75,51.2,120.0,81.3,38.6,34.5,96.4,17.75,7.15,83.9,70.1,78.5,80.6,505.0,267.0,479.0,172.5,96.9,111.0,199.0,254.0,31.15,180.5,132.5,87.3,147.0,44.4,50.0,90.5,47.45
34.95,33.15,69.5,49.55,98.5,72.5,11.9,38.1,105.0,28.6,34.3,342.0,169.5,18.05,123.5,331.5,17.35,51.7,23.65,45.95,136.5,25.4,13.5,16.0,24.1,58.6,241.5,328.0,27.5,41.45,29.6,20.05,24.3,243.0,226.5,243.0,40.4,11.3,129.0,,21.5,71.2,17.5,,342.5,226.5,19.6,14.15,99.6,35.8,19.55,19.25,60.6,21.95,215.0,119.5,36.7,39.15,68.7,139.0,50.4,81.0,62.3,225.5,53.6,12.4,107.5,129.5,28.2,21.85,67.6,234.5,226.0,173.5,39.5,45.95,12.05,32.3,10.55,16.1,15.55,30.35,223.5,17.6,31.2,10.15,28.75,10.75,10.05,12.25,17.55,47.55,47.35,9.93,20.4,15.25,25.65,13.4,9.74,10.3,19.9,19.8,313.5,85.3,3330.0,67.0,139.0,82.6,107.5,48.0,19.0,206.0,200.5,10.25,142.0,49.7,7.83,36.65,27.3,72.3,44.75,51.2,120.0,81.3,38.6,34.5,96.5,17.8,7.14,84.0,70.1,78.5,80.5,506.0,267.0,479.0,172.5,96.9,111.5,199.0,254.0,31.15,180.5,132.5,87.3,146.5,44.4,50.0,90.5,47.4
34.95,33.15,69.4,49.55,98.6,72.5,11.9,38.2,105.0,28.6,34.3,342.0,169.5,18.1,123.5,331.5,17.35,51.8,23.65,46.0,136.5,25.4,13.5,16.0,24.05,58.6,241.5,328.0,27.5,41.45,29.6,20.1,24.3,243.0,226.5,243.0,40.4,11.35,128.5,,21.5,71.2,17.5,,342.5,226.5,19.6,14.15,99.5,35.75,19.55,19.25,60.5,22.0,215.0,119.5,36.75,39.15,68.7,139.0,50.4,81.0,62.3,225.5,53.6,12.45,107.0,129.5,28.15,21.85,67.6,234.5,226.5,173.5,39.5,45.95,12.1,32.3,10.55,16.1,15.55,30.35,223.5,17.65,31.2,10.15,28.75,10.75,10.05,12.25,17.6,47.6,47.4,9.93,20.4,15.25,25.65,13.4,9.74,10.3,19.9,19.85,313.5,85.4,3330.0,67.0,138.5,82.6,107.0,48.0,19.0,206.0,200.5,10.25,141.5,49.7,7.83,36.7,27.3,72.3,44.8,51.1,120.0,81.3,38.6,34.5,96.5,17.75,7.14,84.0,70.1,78.4,80.5,505.0,267.0,479.0,172.5,96.8,111.5,199.0,254.0,31.15,180.0,132.5,87.3,147.0,44.4,50.0,90.5,47.45
34.9,33.15,69.4,49.55,98.6,72.4,11.9,38.2,105.0,28.6,34.3,342.0,169.5,18.1,123.5,331.5,17.35,51.7,23.65,46.0,136.5,25.4,13.5,16.0,24.05,58.6,241.5,328.0,27.5,41.5,29.55,20.1,24.3,243.0,226.5,243.0,40.4,11.35,129.0,,21.5,71.2,17.5,,343.0,226.0,19.6,14.15,99.5,35.75,19.55,19.3,60.5,22.0,215.0,119.5,36.7,39.15,68.7,139.0,50.5,80.9,62.3,226.0,53.6,12.4,107.5,129.5,28.25,21.85,67.6,234.5,226.0,173.5,39.5,45.95,12.1,32.3,10.55,16.1,15.55,30.4,223.5,17.65,31.2,10.15,28.8,10.75,10.05,12.25,17.6,47.6,47.35,9.94,20.4,15.3,25.7,13.4,9.74,10.3,19.9,19.85,313.5,85.4,3335.0,67.0,139.0,82.6,107.5,48.0,19.0,205.5,200.5,10.25,142.0,49.65,7.83,36.7,27.3,72.3,44.75,51.2,120.0,81.1,38.6,34.5,96.5,17.8,7.14,84.0,70.1,78.4,80.5,505.0,267.0,479.0,172.5,96.9,111.5,199.0,253.5,31.15,180.0,132.5,87.3,147.0,44.4,50.0,90.5,47.45
34.95,33.15,69.5,49.55,98.5,72.4,11.9,38.2,105.0,28.6,34.25,342.0,169.5,18.1,123.0,331.5,17.35,51.7,23.65,46.0,136.5,25.4,13.5,15.95,24.05,58.6,241.0,327.5,27.5,41.5,29.55,20.1,24.3,243.0,226.5,243.5,40.4,11.3,129.0,,21.5,71.2,17.5,,342.5,225.5,19.6,14.15,99.3,35.75,19.55,19.25,60.6,22.0,215.0,119.5,36.7,39.15,68.7,139.5,50.5,81.1,62.2,225.5,53.6,12.45,107.0,129.5,28.25,21.85,67.6,234.5,226.0,173.5,39.55,45.95,12.1,32.3,10.55,16.1,15.5,30.4,223.5,17.65,31.3,10.15,28.8,10.75,10.05,12.25,17.55,47.55,47.4,9.93,20.35,15.25,25.65,13.4,9.73,10.25,19.95,19.8,313.0,85.5,3335.0,66.9,138.5,82.6,107.0,48.0,19.0,205.5,200.0,10.25,142.0,49.7,7.84,36.7,27.25,72.3,44.75,51.2,120.0,81.4,38.6,34.5,96.5,17.8,7.14,84.0,70.1,78.4,80.6,505.0,267.0,479.0,172.5,96.9,111.5,199.0,253.5,31.15,180.0,132.5,87.3,147.0,44.4,50.0,90.6,47.45
34.9,33.15,69.4,49.55,98.5,72.4,11.9,38.2,105.0,28.6,34.25,342.0,169.5,18.05,123.0,331.0,17.35,51.7,23.65,46.0,136.5,25.4,13.5,16.0,24.1,58.7,241.5,327.5,27.5,41.45,29.55,20.1,24.3,244.0,226.5,244.0,40.45,11.35,128.5,,21.5,71.2,17.5,,342.5,225.5,19.6,14.1,99.3,35.75,19.55,19.25,60.6,22.0,215.0,119.5,36.7,39.15,68.7,139.5,50.4,81.1,62.2,225.5,53.6,12.4,107.5,129.5,28.3,21.85,67.6,234.5,226.0,173.0,39.5,45.95,12.05,32.3,10.55,16.1,15.5,30.35,223.5,17.65,31.3,10.2,28.75,10.75,10.05,12.25,17.55,47.55,47.35,9.94,20.35,15.25,25.65,13.4,9.74,10.3,19.95,19.8,313.0,85.5,3335.0,67.0,138.5,82.6,107.0,48.0,19.0,205.5,200.0,10.2,142.0,49.7,7.84,36.7,27.25,72.3,44.75,51.2,120.0,81.3,38.6,34.5,96.5,17.8,7.14,83.9,70.1,78.5,80.5,505.0,267.0,479.0,172.5,96.9,112.0,199.0,253.5,31.15,180.0,132.5,87.3,147.0,44.4,50.0,90.5,47.45
34.9,33.15,69.4,49.55,98.6,72.4,11.9,38.2,105.0,28.6,34.3,342.0,169.5,18.05,123.0,331.0,17.35,51.7,23.65,46.0,136.5,25.4,13.5,16.0,24.05,58.7,241.5,327.5,27.5,41.45,29.55,20.1,24.3,244.5,226.5,244.0,40.45,11.35,128.5,,21.5,71.2,17.5,,342.0,225.5,19.6,14.1,99.4,35.75,19.55,19.25,60.7,22.0,215.0,119.5,36.7,39.1,68.7,139.0,50.5,81.1,62.2,225.5,53.6,12.4,107.0,129.5,28.35,21.85,67.6,234.5,226.0,173.5,39.5,45.95,12.1,32.3,10.55,16.1,15.55,30.35,223.5,17.65,31.3,10.2,28.75,10.75,10.05,12.25,17.55,47.6,47.4,9.93,20.35,15.25,25.65,13.4,9.73,10.25,19.95,19.85,313.0,85.5,3335.0,67.0,139.0,82.7,107.0,48.0,19.0,205.5,200.0,10.25,142.0,49.65,7.84,36.7,27.25,72.3,44.75,51.2,120.0,81.3,38.6,34.5,96.5,17.8,7.14,83.9,70.1,78.5,80.6,505.0,267.0,479.0,172.5,96.9,112.0,199.0,253.5,31.15,180.5,132.5,87.3,147.0,44.4,50.0,90.5,47.4
34.9,33.15,69.5,49.55,98.6,72.4,11.9,38.2,105.5,28.65,34.3,342.0,169.5,18.05,123.0,331.0,17.3,51.7,23.65,46.0,136.5,25.4,13.5,16.0,24.1,58.7,241.0,327.5,27.5,41.45,29.55,20.05,24.3,244.5,226.5,244.0,40.45,11.35,128.5,,21.5,71.2,17.5,,342.5,226.0,19.6,14.15,99.4,35.75,19.55,19.25,60.6,22.0,215.0,119.0,36.7,39.1,68.6,139.0,50.4,81.1,62.2,226.0,53.6,12.4,107.0,129.5,28.35,21.85,67.6,234.5,226.0,173.5,39.45,45.95,12.05,32.3,10.55,16.1,15.55,30.35,223.5,17.6,31.3,10.2,28.75,10.75,10.05,12.25,17.55,47.55,47.4,9.93,20.4,15.25,25.65,13.4,9.74,10.3,19.95,19.85,313.0,85.4,3335.0,67.0,138.5,82.7,107.5,48.0,19.0,205.5,200.0,10.25,141.5,49.65,7.84,36.7,27.25,72.4,44.75,51.2,120.0,81.4,38.6,34.5,96.5,17.8,7.14,83.9,70.1,78.5,80.6,505.0,267.0,479.0,172.5,96.9,112.0,199.0,253.5,31.15,180.0,132.5,87.3,147.0,44.4,50.0,90.5,47.45
34.95,33.2,69.4,49.55,98.6,72.4,11.9,38.2,105.5,28.6,34.25,342.5,169.5,18.05,123.0,331.0,17.3,51.7,23.65,46.0,136.5,25.4,13.5,16.0,24.1,58.7,241.5,327.5,27.55,41.45,29.55,20.1,24.3,244.5,226.5,244.5,40.45,11.35,129.0,,21.5,71.2,17.5,,342.0,225.5,19.6,14.15,99.4,35.8,19.55,19.25,60.5,22.0,214.5,119.0,36.75,39.1,68.6,139.0,50.4,81.1,62.3,226.0,53.6,12.4,107.0,129.0,28.3,21.85,67.6,234.0,226.5,174.0,39.5,46.0,12.05,32.3,10.55,16.1,15.5,30.35,223.5,17.6,31.3,10.2,28.8,10.75,10.05,12.25,17.55,47.55,47.4,9.93,20.4,15.25,25.65,13.4,9.74,10.25,19.9,19.8,313.5,85.4,3335.0,67.0,138.5,82.7,107.0,48.05,19.0,205.5,200.0,10.2,141.5,49.65,7.83,36.65,27.35,72.3,44.75,51.2,120.0,81.3,38.6,34.5,96.5,17.8,7.15,83.9,70.1,78.5,80.6,505.0,267.0,479.0,172.5,96.9,112.0,199.0,253.5,31.15,180.0,133.0,87.3,147.0,44.4,50.0,90.5,47.45
34.95,33.05,69.5,49.55,98.6,72.4,11.9,38.2,105.5,28.6,34.3,342.5,169.5,18.05,123.0,331.0,17.35,51.7,23.65,46.0,136.5,25.4,13.5,16.0,24.05,58.7,241.5,327.5,27.55,41.45,29.55,20.1,24.3,244.5,226.5,244.5,40.45,11.3,129.0,,21.5,71.2,17.5,,342.5,226.0,19.6,14.15,99.3,35.8,19.55,19.25,60.6,22.0,214.5,119.5,36.7,39.15,68.7,139.5,50.4,81.0,62.2,226.0,53.5,12.4,107.5,129.5,28.35,21.85,67.6,234.0,226.5,174.0,39.5,45.95,12.05,32.3,10.55,16.1,15.5,30.4,223.5,17.6,31.3,10.15,28.8,10.75,10.05,12.25,17.55,47.6,47.35,9.93,20.4,15.25,25.6,13.4,9.74,10.3,19.9,19.8,313.0,85.5,3335.0,67.0,138.5,82.7,107.5,48.05,19.0,205.5,200.0,10.25,141.5,49.65,7.83,36.65,27.35,72.3,44.75,51.1,120.0,81.4,38.6,34.55,96.5,17.8,7.15,83.9,70.1,78.5,80.5,505.0,267.0,479.0,172.5,96.8,112.0,199.0,253.5,31.15,180.5,133.0,87.3,147.0,44.4,50.0,90.5,47.45
34.95,33.2,69.5,49.55,98.5,72.4,11.9,38.2,105.5,28.65,34.2,342.5,169.5,18.1,123.0,331.0,17.35,51.7,23.65,46.0,136.5,25.4,13.5,16.0,24.05,58.7,241.5,327.5,27.55,41.45,29.55,20.05,24.3,244.5,226.5,243.5,40.45,11.35,128.5,,21.5,71.3,17.5,,342.0,225.5,19.6,14.1,99.2,35.75,19.55,19.25,60.9,22.0,214.5,119.5,36.7,39.1,68.7,139.0,50.4,81.0,62.2,225.5,53.6,12.4,107.0,129.5,28.35,21.8,67.6,234.5,226.5,174.0,39.5,45.95,12.05,32.3,10.55,16.1,15.5,30.4,223.5,17.6,31.3,10.2,28.8,10.7,10.1,12.25,17.6,47.6,47.4,9.93,20.4,15.25,25.65,13.35,9.74,10.3,19.9,19.8,313.0,85.4,3335.0,67.0,139.0,82.7,107.5,48.0,18.95,205.5,200.0,10.25,141.5,49.65,7.82,36.7,27.35,72.3,44.75,51.2,120.0,81.4,38.6,34.55,96.5,17.8,7.14,83.9,70.2,78.5,80.6,505.0,267.0,479.0,172.5,96.9,112.0,199.0,253.5,31.1,180.5,133.0,87.3,147.0,44.4,50.0,90.5,47.45
34.9,33.2,69.4,49.55,98.6,72.4,11.9,38.2,105.5,28.6,34.2,342.5,169.5,18.05,123.0,330.5,17.35,51.7,23.65,46.0,136.5,25.4,13.5,16.0,24.05,58.7,241.5,327.5,27.55,41.45,29.55,20.1,24.3,244.5,226.5,243.5,40.45,11.35,129.0,,21.5,71.2,17.5,,342.0,225.5,19.6,14.15,99.3,35.75,19.55,19.25,60.8,21.95,214.5,119.5,36.7,39.15,68.7,139.5,50.4,81.0,62.2,225.5,53.6,12.4,107.5,129.5,28.3,21.85,67.6,234.5,226.0,173.5,39.5,46.0,12.1,32.3,10.55,16.1,15.55,30.4,223.5,17.65,31.3,10.2,28.8,10.75,10.05,12.25,17.55,47.55,47.4,9.93,20.4,15.25,25.65,13.35,9.73,10.25,19.95,19.8,313.0,85.5,3335.0,67.0,138.5,82.8,107.5,48.0,18.95,205.5,200.0,10.2,141.0,49.65,7.82,36.7,27.4,72.3,44.75,51.2,120.0,81.4,38.6,34.55,96.5,17.8,7.15,83.9,70.2,78.5,80.6,505.0,267.0,479.5,172.5,97.0,112.0,199.0,253.5,31.1,180.5,133.0,87.3,147.0,44.4,50.0,90.5,47.45
34.95,33.2,69.4,49.55,98.5,72.5,11.9,38.2,105.5,28.6,34.2,342.5,169.5,18.05,123.0,330.5,17.4,51.7,23.65,46.0,136.5,25.4,13.5,16.0,24.05,58.7,241.5,327.5,27.55,41.5,29.55,20.1,24.3,244.5,226.5,243.5,40.45,11.35,129.0,,21.5,71.2,17.5,,342.5,225.5,19.55,14.15,99.3,35.8,19.55,19.25,60.8,22.0,214.5,119.5,36.65,39.15,68.7,139.0,50.4,80.9,62.2,225.5,53.5,12.4,107.5,129.5,28.25,21.9,67.6,234.5,226.0,174.0,39.55,45.95,12.1,32.3,10.55,16.1,15.55,30.35,223.5,17.65,31.3,10.2,28.8,10.7,10.05,12.25,17.55,47.6,47.4,9.93,20.4,15.25,25.65,13.35,9.74,10.25,19.9,19.8,313.0,85.5,3335.0,67.0,139.0,82.9,107.5,48.0,18.95,205.5,200.0,10.2,141.5,49.65,7.82,36.7,27.4,72.2,44.8,51.2,120.5,81.4,38.6,34.55,96.5,17.8,7.14,83.9,70.2,78.5,80.6,505.0,267.5,480.0,172.5,96.9,112.0,199.0,253.5,31.1,180.0,133.0,87.3,147.0,44.45,50.0,90.5,47.45
34.9,33.15,69.4,49.55,98.5,72.4,11.9,38.2,105.5,28.6,34.2,342.5,169.5,18.05,123.0,330.5,17.4,51.7,23.6,46.0,136.5,25.4,13.55,16.0,24.1,58.6,241.5,327.0,27.55,41.45,29.6,20.1,24.3,244.5,226.5,243.5,40.45,11.35,129.0,,21.5,71.2,17.5,,342.5,225.5,19.55,14.15,99.2,35.75,19.55,19.25,60.9,22.0,214.5,119.5,36.65,39.15,68.5,138.5,50.5,80.9,62.2,225.5,53.5,12.4,107.5,129.5,28.3,21.9,67.6,234.5,226.5,174.0,39.55,46.0,12.1,32.3,10.55,16.1,15.5,30.4,223.5,17.65,31.35,10.15,28.8,10.75,10.05,12.25,17.6,47.6,47.35,9.94,20.4,15.25,25.65,13.4,9.74,10.3,19.9,19.85,313.5,85.4,3325.0,67.0,139.0,82.9,107.5,48.05,18.95,205.0,200.0,10.25,141.5,49.7,7.82,36.7,27.4,72.2,44.85,51.2,120.5,81.3,38.6,34.55,96.5,17.8,7.15,83.9,70.2,78.5,80.6,505.0,267.5,481.0,172.5,96.8,112.0,199.0,253.5,31.15,180.5,133.0,87.1,147.0,44.45,50.0,90.5,47.45
34.9,33.15,69.4,49.55,98.6,72.4,11.95,38.2,105.5,28.6,34.2,342.0,169.5,18.05,123.0,330.5,17.35,51.8,23.6,46.0,136.5,25.4,13.55,16.0,24.05,58.6,241.5,328.0,27.55,41.5,29.6,20.1,24.3,244.5,226.5,243.5,40.45,11.35,129.0,,21.5,71.1,17.5,,342.5,225.5,19.6,14.1,99.4,35.75,19.55,19.25,61.0,22.0,214.5,119.5,36.7,39.15,68.6,138.5,50.4,80.9,62.2,225.5,53.5,12.45,107.0,129.0,28.25,21.9,67.6,234.5,226.5,173.5,39.5,45.95,12.1,32.3,10.5,16.1,15.55,30.35,223.5,17.65,31.3,10.15,28.8,10.7,10.05,12.25,17.6,47.6,47.35,9.93,20.35,15.25,25.65,13.35,9.73,10.3,19.9,19.8,313.5,85.4,3325.0,67.0,139.0,82.9,107.0,48.0,18.95,205.0,200.0,10.2,141.5,49.7,7.82,36.7,27.35,72.2,44.85,51.2,120.5,81.3,38.6,34.55,96.5,17.8,7.15,83.9,70.2,78.5,80.6,507.0,268.0,481.0,172.5,96.7,112.0,199.0,253.5,31.2,180.5,133.0,87.1,147.0,44.45,50.0,90.5,47.45
34.95,33.2,69.4,49.55,98.6,72.5,11.9,38.2,105.0,28.6,34.2,342.0,169.5,18.1,123.0,330.5,17.4,51.7,23.6,46.0,136.5,25.4,13.55,16.0,24.05,58.6,242.0,327.0,27.55,41.5,29.6,20.1,24.25,244.5,226.5,243.5,40.45,11.35,128.5,,21.5,71.1,17.5,,342.5,225.5,19.6,14.15,99.3,35.8,19.55,19.25,60.9,22.0,215.0,119.5,36.7,39.15,68.6,139.5,50.4,80.9,62.2,225.5,53.5,12.4,107.5,129.5,28.25,21.9,67.6,234.0,226.5,174.0,39.5,46.0,12.05,32.3,10.5,16.1,15.55,30.4,223.5,17.6,31.25,10.15,28.8,10.75,10.05,12.25,17.6,47.6,47.35,9.93,20.4,15.25,25.65,13.4,9.74,10.25,19.9,19.8,313.5,85.4,3330.0,67.0,139.0,82.8,107.0,47.95,19.0,205.0,199.5,10.25,141.5,49.7,7.82,36.7,27.4,72.2,44.85,51.2,120.0,81.3,38.6,34.55,96.5,17.8,7.14,83.9,70.2,78.5,80.6,507.0,268.0,481.0,172.5,96.8,111.5,199.0,253.5,31.2,180.5,133.0,87.1,147.0,44.45,50.0,90.4,47.45
34.9,33.2,69.4,49.55,98.6,72.5,11.9,38.15,105.5,28.6,34.25,342.0,169.5,18.1,123.0,330.5,17.35,51.7,23.6,45.95,136.5,25.4,13.55,16.0,24.1,58.6,242.0,328.0,27.55,41.45,29.6,20.1,24.25,244.5,226.5,243.5,40.45,11.35,128.5,,21.5,71.1,17.5,,343.0,226.0,19.6,14.15,99.3,35.8,19.55,19.25,60.9,22.0,215.0,119.5,36.7,39.15,68.7,139.5,50.4,80.9,62.2,225.5,53.5,12.4,107.0,129.5,28.25,21.85,67.6,234.0,226.5,173.5,39.5,46.0,12.1,32.3,10.5,16.1,15.55,30.4,223.5,17.6,31.25,10.15,28.8,10.75,10.05,12.25,17.6,47.6,47.4,9.93,20.4,15.25,25.65,13.35,9.73,10.25,19.9,19.8,313.5,85.4,3330.0,67.0,138.5,82.7,107.5,47.9,19.0,205.5,199.0,10.25,141.5,49.65,7.82,36.7,27.4,72.2,44.85,51.1,120.0,81.3,38.6,34.55,96.5,17.8,7.14,83.9,70.2,78.6,80.6,507.0,268.0,482.0,172.5,96.8,112.0,199.0,254.0,31.2,180.5,133.0,87.1,146.5,44.45,50.0,90.4,47.45
34.95,33.2,69.5,49.55,98.6,72.4,11.95,38.15,105.5,28.65,34.2,342.0,169.5,18.05,123.0,330.5,17.35,51.7,23.65,45.95,136.5,25.4,13.55,16.0,24.05,58.6,242.0,328.0,27.55,41.5,29.6,20.1,24.25,244.5,226.5,243.5,40.4,11.35,129.0,,21.5,71.1,17.5,,343.0,225.5,19.55,14.15,99.3,35.75,19.5,19.3,60.8,22.0,215.0,119.5,36.7,39.15,68.6,139.0,50.5,80.9,62.2,226.0,53.5,12.4,107.5,129.5,28.25,21.9,67.6,234.5,226.5,174.0,39.5,45.95,12.1,32.3,10.55,16.1,15.55,30.4,223.5,17.65,31.25,10.15,28.8,10.75,10.05,12.25,17.55,47.6,47.4,9.94,20.4,15.3,25.65,13.4,9.74,10.3,19.9,19.75,313.0,85.5,3330.0,67.0,138.5,82.7,107.5,47.85,19.0,205.0,199.5,10.25,141.5,49.65,7.82,36.7,27.4,72.2,44.85,51.2,120.0,81.3,38.6,34.55,96.5,17.8,7.15,83.9,70.2,78.6,80.6,507.0,267.0,482.0,172.5,96.8,112.0,199.0,254.0,31.2,180.5,133.0,87.1,147.0,44.45,50.0,90.4,47.45
34.95,33.2,69.5,49.5,98.6,72.5,11.95,38.15,105.0,28.6,34.2,342.0,169.5,18.05,123.0,330.5,17.4,51.7,23.65,45.95,136.5,25.4,13.55,16.0,24.1,58.6,241.5,328.0,27.55,41.5,29.6,20.1,24.25,244.5,227.0,243.0,40.45,11.3,129.0,,21.5,71.2,17.5,,342.5,226.0,19.55,14.15,99.4,35.75,19.5,19.3,60.8,22.0,214.5,119.5,36.7,39.15,68.6,139.5,50.5,80.9,62.2,226.0,53.5,12.4,107.0,129.5,28.25,21.85,67.6,234.5,227.0,173.0,39.5,45.95,12.05,32.3,10.55,16.1,15.55,30.4,223.5,17.65,31.25,10.2,28.8,10.7,10.05,12.25,17.6,47.6,47.35,9.94,20.4,15.25,25.65,13.4,9.74,10.3,19.9,19.8,313.5,85.4,3330.0,66.9,139.0,82.7,107.5,47.85,19.0,205.0,200.0,10.25,141.5,49.65,7.82,36.65,27.4,72.2,44.85,51.1,120.5,81.3,38.6,34.6,96.5,17.8,7.14,83.9,70.2,78.6,80.6,507.0,267.0,482.0,172.5,96.9,112.0,199.0,254.0,31.2,180.5,133.0,87.1,146.5,44.45,49.95,90.4,47.4
34.9,33.15,69.4,49.5,98.6,72.5,11.95,38.15,105.5,28.6,34.2,342.0,170.0,18.05,123.0,330.5,17.4,51.7,23.65,46.0,136.5,25.4,13.5,16.05,24.1,58.8,241.5,328.0,27.55,41.5,29.55,20.1,24.25,244.5,227.0,243.0,40.45,11.35,129.0,,21.5,71.1,17.55,,342.5,225.5,19.55,14.2,99.4,35.75,19.55,19.25,60.9,21.95,214.5,119.5,36.75,39.15,68.6,139.5,50.5,80.9,62.2,226.0,53.5,12.4,107.5,129.5,28.25,21.85,67.6,234.0,226.5,173.5,39.55,45.95,12.05,32.3,10.55,16.1,15.55,30.4,223.5,17.65,31.4,10.2,28.8,10.75,10.05,12.25,17.6,47.6,47.35,9.94,20.4,15.25,25.65,13.4,9.74,10.3,19.9,19.8,313.5,85.4,3330.0,66.9,138.5,82.7,107.5,47.8,19.0,205.0,199.5,10.25,141.5,49.65,7.82,36.7,27.35,72.3,44.8,51.2,120.0,81.4,38.6,34.55,96.5,17.8,7.14,83.8,70.2,78.6,80.5,507.0,267.0,482.0,172.5,97.0,111.5,199.0,254.0,31.2,180.5,133.0,87.1,146.5,44.45,49.95,90.4,47.45
35.0,33.2,69.5,49.6,98.5,72.5,11.9,38.15,105.5,28.6,34.2,342.0,170.0,18.05,123.5,330.5,17.4,51.7,23.65,46.0,136.5,25.4,13.55,16.0,24.1,58.8,241.5,328.0,27.55,41.5,29.55,20.1,24.25,244.5,227.0,243.5,40.45,11.35,128.5,,21.45,71.1,17.55,,342.0,226.0,19.55,14.15,99.3,35.8,19.5,19.25,60.9,22.0,214.5,119.5,36.75,39.2,68.6,139.5,50.5,80.9,62.3,226.0,53.5,12.45,107.5,129.5,28.25,21.85,67.6,234.5,226.5,173.5,39.55,45.95,12.1,32.3,10.55,16.1,15.55,30.4,223.5,17.65,31.4,10.2,28.8,10.75,10.05,12.25,17.6,47.6,47.4,9.93,20.4,15.3,25.65,13.4,9.73,10.3,19.9,19.8,313.5,85.4,3330.0,66.9,139.0,82.7,107.0,47.8,19.0,205.0,199.5,10.25,141.0,49.65,7.82,36.7,27.35,72.3,44.85,51.1,120.0,81.5,38.6,34.55,96.5,17.8,7.14,83.9,70.2,78.6,80.5,505.0,267.0,482.5,172.5,97.0,112.0,199.0,254.0,31.2,180.5,133.0,87.1,146.5,44.45,50.0,90.4,47.45
35.0,33.2,69.7,49.6,98.6,72.5,11.9,38.15,105.0,28.65,34.25,342.0,170.0,18.05,123.5,330.0,17.35,51.7,23.65,45.9,137.0,25.4,13.55,16.05,24.1,58.8,241.5,327.0,27.55,41.5,29.55,20.1,24.25,244.5,227.0,243.5,40.45,11.35,128.5,,21.45,71.2,17.5,,342.5,225.5,19.55,14.15,99.4,35.8,19.55,19.25,60.8,22.0,215.0,119.5,36.65,39.15,68.6,139.5,50.4,80.9,62.3,225.5,53.5,12.4,107.5,129.5,28.25,21.85,67.6,235.0,227.0,173.0,39.55,45.95,12.1,32.3,10.5,16.1,15.55,30.35,223.5,17.65,31.4,10.2,28.75,10.75,10.05,12.25,17.6,47.55,47.35,9.94,20.4,15.25,25.65,13.4,9.73,10.25,19.9,19.8,313.5,85.4,3330.0,67.0,138.5,82.7,107.0,47.85,19.0,205.5,199.0,10.25,141.0,49.65,7.82,36.65,27.35,72.2,44.85,51.1,120.0,81.5,38.6,34.55,96.5,17.8,7.14,83.9,70.2,78.6,80.5,505.0,267.0,480.0,172.5,97.0,112.0,199.0,254.0,31.2,180.5,133.0,87.1,146.5,44.45,50.0,90.4,47.45
34.95,33.25,69.7,49.6,98.5,72.5,11.95,38.1,105.5,28.6,34.2,342.0,170.0,18.05,123.5,331.0,17.35,51.7,23.65,45.9,137.0,25.4,13.55,16.05,24.1,58.6,241.5,327.0,27.55,41.5,29.55,20.15,24.3,244.5,227.0,244.0,40.45,11.35,128.5,,21.5,71.2,17.55,,342.5,226.0,19.6,14.15,99.4,35.75,19.55,19.25,60.8,22.0,215.0,119.5,36.7,39.15,68.6,139.5,50.5,80.9,62.3,225.5,53.5,12.45,107.5,129.5,28.25,21.85,67.6,235.0,227.0,173.0,39.5,45.95,12.1,32.3,10.5,16.1,15.55,30.4,223.5,17.6,31.4,10.2,28.8,10.75,10.05,12.25,17.55,47.6,47.35,9.93,20.4,15.25,25.65,13.4,9.74,10.25,19.9,19.8,313.5,85.5,3330.0,66.9,138.5,82.7,107.5,47.85,19.0,205.5,199.0,10.25,141.0,49.6,7.84,36.65,27.35,72.4,44.85,51.2,120.0,81.5,38.55,34.55,96.5,17.8,7.14,83.9,70.2,78.7,80.5,505.0,267.0,480.0,172.0,96.9,112.0,199.0,254.0,31.2,180.5,133.0,87.1,147.0,44.45,50.0,90.4,47.45
34.95,33.25,69.7,49.6,98.6,72.5,11.9,38.05,105.5,28.65,34.2,342.0,170.0,18.05,123.0,331.0,17.35,51.7,23.65,45.9,137.0,25.4,13.55,16.0,24.05,58.6,242.0,327.0,27.55,41.5,29.55,20.15,24.3,244.0,227.0,244.0,40.45,11.35,129.0,,21.5,71.1,17.55,,342.0,226.0,19.6,14.15,99.4,35.75,19.55,19.25,60.8,21.95,215.0,119.5,36.7,39.15,68.6,139.5,50.5,80.9,62.2,225.5,53.5,12.4,107.5,129.5,28.2,21.9,67.6,235.0,226.0,173.0,39.5,45.95,12.1,32.3,10.55,16.1,15.55,30.4,223.5,17.6,31.4,10.2,28.8,10.75,10.05,12.25,17.6,47.6,47.4,9.93,20.4,15.25,25.6,13.4,9.73,10.3,19.9,19.75,313.5,85.4,3330.0,66.9,139.0,82.6,107.0,47.8,19.0,205.0,199.0,10.25,141.0,49.6,7.83,36.7,27.35,72.4,44.85,51.2,120.0,81.5,38.55,34.55,96.4,17.8,7.15,83.9,70.2,78.7,80.5,505.0,267.0,480.0,172.0,96.9,112.0,199.0,254.0,31.25,180.5,133.0,87.1,147.0,44.45,50.0,90.4,47.45
34.95,33.25,69.8,49.6,98.7,72.5,11.95,38.05,105.0,28.65,34.2,342.0,170.0,18.05,123.0,331.0,17.35,51.7,23.65,45.9,137.0,25.4,13.55,16.0,24.1,58.6,242.0,327.0,27.55,41.5,29.55,20.1,24.3,244.0,227.0,244.0,40.45,11.35,128.5,,21.5,71.2,17.55,,341.5,226.0,19.6,14.15,99.3,35.75,19.55,19.25,60.8,22.0,215.0,119.5,36.7,39.15,68.7,139.0,50.5,80.9,62.2,225.5,53.5,12.4,107.5,129.5,28.2,21.9,67.6,235.0,226.5,172.5,39.5,45.95,12.05,32.3,10.55,16.1,15.5,30.35,223.5,17.6,31.4,10.2,28.8,10.75,10.05,12.25,17.55,47.6,47.35,9.93,20.4,15.25,25.65,13.4,9.74,10.25,19.9,19.8,313.5,85.4,3330.0,66.8,139.0,82.6,107.5,47.8,19.0,205.0,199.0,10.25,141.0,49.6,7.83,36.7,27.35,72.3,44.85,51.2,120.0,81.4,38.55,34.55,96.5,17.8,7.14,83.9,70.2,78.7,80.5,505.0,267.0,480.0,171.5,97.0,112.0,199.0,254.0,31.3,180.0,133.0,87.1,147.0,44.45,50.0,90.4,47.45
34.95,33.25,69.7,49.6,98.7,72.5,11.9,38.05,105.5,28.7,34.2,342.0,170.0,18.1,123.0,331.0,17.35,51.7,23.7,45.9,137.0,25.4,13.55,16.0,24.1,58.6,242.0,327.0,27.55,41.5,29.55,20.15,24.3,244.0,226.5,244.0,40.5,11.35,129.0,,21.5,71.1,17.55,,342.0,225.5,19.65,14.15,99.3,35.8,19.55,19.25,60.8,22.0,215.0,119.5,36.75,39.15,68.6,139.5,50.5,81.0,62.2,226.0,53.5,12.4,107.5,129.5,28.2,21.9,67.6,234.5,226.0,172.5,39.5,45.95,12.05,32.3,10.55,16.1,15.55,30.4,223.5,17.6,31.4,10.2,28.8,10.75,10.05,12.25,17.6,47.55,47.4,9.93,20.4,15.25,25.65,13.35,9.74,10.25,19.9,19.8,313.5,85.5,3330.0,66.8,139.0,82.6,107.5,47.75,19.0,205.0,199.0,10.2,141.0,49.6,7.83,36.7,27.35,72.3,44.85,51.2,120.0,81.5,38.5,34.55,96.5,17.8,7.14,84.0,70.2,78.6,80.5,505.0,267.0,480.0,172.0,97.0,111.5,199.0,254.0,31.3,180.0,133.0,87.1,147.0,44.45,50.0,90.4,47.45
34.95,33.2,69.8,49.6,98.6,72.6,11.9,38.15,105.5,28.7,34.2,342.0,170.0,18.05,123.0,332.0,17.35,51.7,23.7,45.95,137.0,25.4,13.55,16.0,24.1,58.6,242.0,326.5,27.55,41.5,29.55,20.15,24.3,244.0,226.5,244.0,40.45,11.35,129.0,,21.5,71.2,17.55,,342.0,226.0,19.65,14.15,99.3,35.8,19.55,19.3,60.8,22.0,215.0,119.5,36.75,39.15,68.6,139.5,50.5,81.0,62.2,226.0,53.4,12.45,107.5,129.0,28.25,21.9,67.6,235.0,226.0,173.0,39.5,45.95,12.05,32.3,10.55,16.1,15.55,30.4,223.5,17.65,31.4,10.15,28.8,10.7,10.05,12.25,17.6,47.55,47.4,9.93,20.4,15.25,25.65,13.4,9.74,10.3,19.95,19.8,313.5,85.5,3330.0,66.8,139.0,82.6,107.5,47.8,19.0,205.0,199.0,10.25,141.0,49.6,7.83,36.7,27.4,72.3,44.85,51.2,120.0,81.4,38.5,34.6,96.5,17.8,7.14,83.9,70.2,78.6,80.4,505.0,267.0,480.0,172.0,97.0,112.0,199.0,254.0,31.3,180.5,132.5,87.1,147.0,44.45,50.0,90.4,47.45
34.95,33.2,69.8,49.6,98.7,72.6,11.9,38.15,105.5,28.7,34.25,342.0,170.0,18.05,123.0,332.0,17.35,51.7,23.7,46.0,137.0,25.4,13.55,16.0,24.1,58.6,242.0,327.5,27.55,41.5,29.55,20.05,24.3,244.0,226.5,244.0,40.5,11.35,129.0,,21.5,71.2,17.55,,342.0,226.0,19.6,14.15,99.2,35.75,19.55,19.25,60.8,22.0,215.0,119.5,36.75,39.15,68.6,139.5,50.5,81.0,62.2,225.5,53.5,12.4,107.5,129.5,28.25,21.9,67.6,234.5,226.0,173.0,39.55,45.95,12.1,32.3,10.5,16.1,15.55,30.35,223.5,17.65,31.4,10.15,28.8,10.75,10.05,12.25,17.6,47.6,47.4,9.94,20.4,15.25,25.65,13.4,9.73,10.25,19.9,19.8,313.5,85.6,3330.0,66.7,139.0,82.6,107.5,47.85,19.0,205.0,199.0,10.2,141.0,49.65,7.84,36.7,27.4,72.4,44.9,51.2,120.0,81.5,38.5,34.6,96.5,17.8,7.14,84.0,70.2,78.6,80.4,505.0,267.0,480.0,172.0,97.0,112.0,199.0,254.0,31.3,180.5,132.5,87.1,147.0,44.4,50.0,90.4,47.45
34.9,33.25,69.8,49.6,98.7,72.6,11.9,38.2,105.5,28.65,34.2,342.0,170.0,18.1,123.0,332.5,17.35,51.7,23.7,46.0,137.0,25.4,13.55,16.0,24.15,58.6,242.0,327.5,27.55,41.5,29.55,20.1,24.3,244.0,226.5,244.0,40.5,11.35,129.0,,21.5,71.2,17.55,,341.5,225.5,19.6,14.15,99.2,35.75,19.5,19.35,60.8,22.0,215.0,119.5,36.7,39.15,68.7,139.0,50.5,81.0,62.2,226.0,53.5,12.45,107.5,129.5,28.2,21.9,67.6,234.5,226.5,173.0,39.5,46.0,12.1,32.3,10.55,16.1,15.5,30.35,223.5,17.6,31.4,10.2,28.8,10.7,10.05,12.25,17.6,47.6,47.35,9.93,20.4,15.3,25.65,13.4,9.73,10.3,19.9,19.8,313.5,85.6,3330.0,66.8,138.5,82.6,107.5,47.8,19.05,205.0,199.0,10.2,141.0,49.65,7.83,36.65,27.4,72.4,44.9,51.1,120.0,81.3,38.45,34.6,96.5,17.75,7.14,84.0,70.2,78.6,80.4,505.0,267.0,480.0,172.0,97.0,111.5,199.0,254.0,31.3,180.5,132.5,87.1,147.0,44.4,50.0,90.4,47.45
34.95,33.25,69.9,49.6,98.7,72.6,11.95,38.2,105.5,28.65,34.2,342.0,169.5,18.1,123.0,332.5,17.35,51.7,23.65,46.0,137.0,25.4,13.55,16.0,24.15,58.6,242.0,327.5,27.55,41.5,29.55,20.1,24.3,244.0,226.5,244.0,40.5,11.35,129.0,,21.5,71.2,17.55,,341.5,225.5,19.6,14.15,99.2,35.75,19.5,19.35,60.7,22.0,215.0,119.0,36.7,39.15,68.7,139.5,50.5,81.0,62.2,226.0,53.4,12.45,107.5,129.5,28.25,21.9,67.6,234.5,226.5,173.0,39.5,45.95,12.1,32.3,10.5,16.1,15.55,30.4,223.0,17.65,31.4,10.2,28.8,10.75,10.05,12.25,17.6,47.6,47.4,9.93,20.4,15.25,25.65,13.4,9.73,10.25,19.9,19.8,313.5,85.6,3330.0,66.7,139.0,82.7,107.0,47.8,19.0,204.5,198.5,10.2,141.0,49.65,7.83,36.65,27.4,72.5,44.9,51.1,120.0,81.3,38.45,34.6,96.5,17.8,7.14,84.0,70.2,78.6,80.4,505.0,267.0,480.0,172.0,97.0,111.5,199.0,254.0,31.3,180.5,132.5,87.1,146.5,44.4,50.0,90.4,47.45
34.9,33.25,69.8,49.65,98.7,72.6,11.9,38.2,106.0,28.65,34.2,342.0,169.5,18.05,123.0,333.0,17.35,51.7,23.65,46.0,137.0,25.4,13.55,16.0,24.1,58.6,242.0,327.5,27.55,41.5,29.55,20.15,24.3,244.0,226.5,244.0,40.5,11.35,128.5,,21.5,71.2,17.55,,341.5,226.0,19.6,14.15,99.2,35.75,19.5,19.3,60.8,21.95,215.5,119.0,36.75,39.2,68.6,139.5,50.5,80.9,62.2,226.0,53.5,12.4,107.0,129.5,28.25,21.85,67.6,234.5,226.0,173.0,39.45,45.95,12.05,32.3,10.55,16.1,15.5,30.4,223.0,17.6,31.4,10.2,28.8,10.7,10.1,12.25,17.6,47.6,47.4,9.93,20.4,15.25,25.7,13.4,9.73,10.25,19.9,19.8,313.5,85.6,3330.0,66.7,139.0,82.7,107.5,47.8,19.0,204.5,199.5,10.2,141.0,49.65,7.84,36.65,27.4,72.5,44.9,51.1,120.0,81.4,38.45,34.6,96.5,17.8,7.14,84.0,70.2,78.6,80.4,505.0,267.0,480.0,172.0,97.0,112.0,199.0,254.0,31.3,180.5,132.5,87.1,147.0,44.4,50.0,90.4,47.45
34.95,33.25,69.9,49.7,98.7,72.5,11.9,38.2,106.0,28.7,34.2,342.0,169.5,18.05,123.0,333.5,17.35,51.7,23.65,46.0,137.0,25.4,13.55,16.0,24.15,58.6,242.0,327.5,27.55,41.5,29.55,20.15,24.3,244.0,226.5,244.0,40.5,11.35,129.0,,21.5,71.2,17.55,,341.5,225.5,19.6,14.15,99.2,35.8,19.5,19.3,60.8,21.95,215.5,119.0,36.75,39.2,68.5,139.5,50.5,80.9,62.3,226.0,53.5,12.4,107.5,129.0,28.25,21.85,67.6,235.0,226.5,173.0,39.5,46.0,12.05,32.3,10.55,16.1,15.55,30.4,223.0,17.6,31.4,10.2,28.8,10.75,10.1,12.25,17.6,47.65,47.35,9.92,20.4,15.25,25.65,13.4,9.73,10.3,19.9,19.8,313.5,85.6,3330.0,66.9,139.0,82.7,107.5,47.8,19.0,204.5,199.5,10.25,141.0,49.65,7.84,36.65,27.4,72.5,44.9,51.2,120.0,81.3,38.5,34.6,96.5,17.8,7.14,84.0,70.2,78.6,80.4,505.0,267.0,480.0,172.0,97.1,112.0,199.0,254.0,31.3,180.0,132.5,87.1,146.5,44.4,50.0,90.4,47.45
34.9,33.3,69.9,49.7,98.8,72.6,11.9,38.2,106.0,28.65,34.2,342.0,169.5,18.1,123.0,333.5,17.35,51.7,23.65,45.95,137.0,25.4,13.6,16.0,24.15,58.6,242.0,327.5,27.55,41.5,29.55,20.15,24.35,244.0,226.5,243.5,40.5,11.35,128.5,,21.5,71.2,17.55,,341.5,226.0,19.6,14.2,99.2,35.8,19.55,19.35,60.8,21.95,215.5,119.0,36.75,39.15,68.5,139.5,50.5,80.9,62.3,226.0,53.6,12.4,107.0,129.0,28.25,21.85,67.6,234.5,226.5,172.5,39.5,46.0,12.1,32.3,10.55,16.1,15.55,30.4,223.0,17.6,31.4,10.2,28.8,10.7,10.1,12.25,17.55,47.65,47.4,9.92,20.4,15.25,25.65,13.4,9.73,10.25,19.9,19.8,313.5,85.7,3330.0,66.8,138.5,82.7,107.5,47.8,19.0,204.5,199.5,10.25,141.0,49.65,7.83,36.65,27.35,72.4,44.9,51.1,120.0,81.3,38.5,34.6,96.5,17.8,7.14,84.0,70.2,78.6,80.4,506.0,267.0,480.0,172.0,97.1,112.0,199.0,254.0,31.25,180.5,132.5,87.1,146.5,44.4,50.0,90.4,47.5
34.95,33.3,69.9,49.6,98.8,72.6,11.9,38.2,106.0,28.65,34.2,342.0,169.5,18.05,123.0,333.5,17.35,51.7,23.65,46.0,137.0,25.4,13.6,16.0,24.1,58.6,242.0,326.5,27.55,41.5,29.55,20.15,24.35,244.0,226.5,243.5,40.5,11.35,129.0,,21.45,71.2,17.55,,341.0,225.5,19.6,14.15,99.2,35.8,19.55,19.3,60.9,21.95,215.5,119.0,36.75,39.2,68.6,139.5,50.5,80.8,62.2,226.0,53.5,12.4,107.5,129.5,28.2,21.85,67.6,234.5,226.5,173.0,39.5,46.0,12.05,32.3,10.55,16.1,15.55,30.4,223.0,17.65,31.4,10.2,28.8,10.75,10.15,12.25,17.55,47.65,47.4,9.94,20.4,15.25,25.65,13.35,9.74,10.3,19.9,19.75,313.5,85.7,3330.0,66.8,138.5,82.6,107.5,47.75,19.0,204.5,199.0,10.25,141.0,49.65,7.83,36.65,27.4,72.4,44.9,51.2,119.5,81.4,38.5,34.6,96.5,17.8,7.14,84.1,70.2,78.6,80.4,506.0,267.0,480.0,172.0,97.1,112.0,199.0,254.0,31.3,180.5,132.5,87.1,146.5,44.4,50.0,90.4,47.5
34.95,33.25,69.9,49.6,98.8,72.5,11.9,38.2,105.5,28.65,34.2,342.0,169.5,18.05,123.0,333.5,17.35,51.7,23.7,46.0,137.0,25.4,13.55,16.0,24.15,58.6,242.0,326.5,27.55,41.45,29.55,20.1,24.35,244.0,226.5,242.5,40.55,11.35,128.5,,21.45,71.2,17.55,,341.5,225.5,19.6,14.15,99.1,35.8,19.55,19.3,60.9,21.95,215.5,119.0,36.8,39.25,68.5,139.5,50.5,80.8,62.2,226.0,53.5,12.4,107.0,129.5,28.25,21.85,67.6,234.5,226.0,173.0,39.5,45.95,12.05,32.3,10.5,16.1,15.55,30.35,223.0,17.65,31.4,10.2,28.8,10.7,10.15,12.25,17.6,47.65,47.4,9.94,20.4,15.3,25.65,13.4,9.73,10.3,19.9,19.8,313.5,85.7,3330.0,66.7,138.5,82.7,107.5,47.75,19.0,204.5,199.0,10.25,140.5,49.65,7.84,36.7,27.3,72.5,44.9,51.2,120.0,81.3,38.5,34.6,96.5,17.8,7.14,84.1,70.2,78.6,80.5,506.0,267.0,480.0,172.0,97.0,112.0,199.0,254.0,31.25,180.5,132.5,87.1,146.5,44.4,50.0,90.4,47.5
35.0,33.25,69.9,49.6,98.8,72.6,11.9,38.2,106.0,28.7,34.2,342.0,169.5,18.05,123.0,332.5,17.4,51.7,23.65,46.0,137.0,25.4,13.55,16.0,24.15,58.6,242.0,326.5,27.55,41.5,29.55,20.15,24.35,244.0,226.5,242.5,40.55,11.35,129.0,,21.45,71.2,17.55,,341.5,225.5,19.55,14.2,99.1,35.75,19.55,19.3,60.8,22.0,215.5,119.0,36.8,39.3,68.6,139.5,50.5,80.8,62.3,226.0,53.6,12.4,107.0,129.5,28.2,21.9,67.6,234.5,226.5,173.5,39.5,46.0,12.1,32.3,10.55,16.1,15.5,30.35,223.0,17.6,31.4,10.15,28.8,10.7,10.15,12.25,17.6,47.65,47.4,9.94,20.4,15.25,25.7,13.35,9.74,10.25,19.9,19.8,313.5,85.7,3330.0,66.7,138.5,82.6,107.5,47.8,19.0,205.0,199.0,10.25,141.0,49.65,7.84,36.7,27.3,72.5,44.9,51.3,120.0,81.3,38.5,34.6,96.5,17.8,7.15,84.2,70.2,78.6,80.5,506.0,267.0,480.0,172.0,97.0,112.0,199.0,254.0,31.25,180.5,132.5,87.1,147.0,44.4,50.0,90.4,47.5
35.0,33.25,69.9,49.6,98.8,72.5,11.9,38.2,106.0,28.65,34.2,342.0,170.0,18.05,123.0,332.0,17.35,51.7,23.65,46.0,137.0,25.4,13.55,16.0,24.1,58.6,242.0,326.5,27.55,41.5,29.55,20.1,24.35,244.0,226.5,243.0,40.55,11.35,129.0,,21.5,71.3,17.55,,341.5,226.0,19.6,14.15,99.1,35.8,19.55,19.3,60.9,22.0,215.5,119.0,36.8,39.35,68.5,139.0,50.5,80.8,62.3,226.5,53.6,12.45,107.0,129.5,28.2,21.9,67.6,235.0,226.5,173.0,39.5,45.95,12.05,32.3,10.5,16.1,15.5,30.4,223.0,17.65,31.4,10.15,28.8,10.7,10.15,12.25,17.6,47.65,47.4,9.94,20.4,15.25,25.65,13.4,9.73,10.25,19.9,19.75,313.5,85.8,3330.0,66.8,139.0,82.6,107.0,47.85,19.0,205.0,199.0,10.25,141.0,49.7,7.83,36.7,27.3,72.4,44.9,51.3,120.0,81.3,38.5,34.6,96.5,17.8,7.14,84.3,70.2,78.6,80.4,506.0,267.0,480.0,172.5,97.0,112.0,199.0,254.0,31.3,180.5,132.5,87.1,146.5,44.4,50.0,90.5,47.5
35.0,33.25,69.9,49.6,98.9,72.5,11.9,38.2,106.0,28.7,34.2,341.5,170.0,18.05,123.0,332.0,17.4,51.7,23.65,46.0,137.0,25.4,13.55,16.0,24.15,58.6,242.0,326.5,27.55,41.5,29.55,20.15,24.35,244.0,226.5,243.0,40.55,11.35,129.0,,21.5,71.1,17.55,,341.5,225.5,19.6,14.2,99.1,35.8,19.55,19.3,60.8,22.0,216.0,119.0,36.9,39.35,68.6,139.0,50.5,80.8,62.2,226.5,53.6,12.4,107.5,129.0,28.2,21.9,67.6,235.0,227.0,173.5,39.55,45.95,12.1,32.3,10.55,16.1,15.55,30.4,223.0,17.65,31.4,10.2,28.8,10.75,10.1,12.3,17.6,47.65,47.4,9.93,20.4,15.25,25.65,13.35,9.73,10.25,19.9,19.8,313.5,85.8,3330.0,66.9,138.5,82.6,107.5,47.8,19.0,205.0,199.0,10.25,141.0,49.7,7.83,36.7,27.3,72.4,44.85,51.3,119.5,81.3,38.5,34.6,96.5,17.8,7.14,84.2,70.2,78.6,80.3,506.0,267.0,480.0,172.5,97.1,112.0,199.0,254.0,31.3,180.5,132.5,87.1,147.0,44.4,50.0,90.5,47.5
34.95,33.25,69.9,49.6,98.9,72.5,11.9,38.2,106.0,28.65,34.2,341.5,169.5,18.05,123.0,332.0,17.35,51.7,23.65,46.0,137.0,25.4,13.55,16.0,24.15,58.6,242.0,326.5,27.55,41.5,29.55,20.1,24.35,244.0,226.5,242.5,40.55,11.35,129.0,,21.5,71.1,17.55,,341.5,225.5,19.55,14.2,99.1,35.8,19.5,19.3,60.8,21.95,216.0,119.0,36.9,39.3,68.5,139.5,50.5,80.8,62.2,226.0,53.7,12.4,107.0,129.0,28.2,21.9,67.6,234.5,227.0,173.0,39.55,45.95,12.1,32.3,10.5,16.1,15.5,30.4,223.0,17.65,31.4,10.2,28.8,10.75,10.1,12.3,17.6,47.6,47.4,9.92,20.4,15.25,25.7,13.4,9.73,10.3,19.9,19.8,314.0,85.8,3330.0,66.9,139.0,82.6,107.5,47.9,19.0,205.0,199.5,10.25,141.0,49.75,7.83,36.7,27.3,72.4,44.85,51.3,120.0,81.4,38.5,34.6,96.5,17.8,7.15,84.1,70.1,78.6,80.3,506.0,267.0,480.0,172.5,97.1,112.0,199.0,254.0,31.3,180.5,133.0,87.1,147.0,44.4,50.0,90.5,47.5
35.0,33.2,69.9,49.65,98.8,72.6,11.9,38.2,106.0,28.65,34.2,341.5,169.5,18.1,123.0,332.0,17.4,51.7,23.65,46.0,137.0,25.45,13.6,16.0,24.15,58.8,242.0,326.5,27.55,41.5,29.55,20.15,24.35,244.0,226.5,242.5,40.55,11.35,129.0,,21.5,71.1,17.55,,341.5,226.0,19.6,14.15,99.1,35.75,19.55,19.35,60.9,22.0,216.0,119.0,36.85,39.3,68.6,139.0,50.5,80.7,62.2,225.5,53.6,12.45,107.5,129.0,28.2,21.85,67.6,235.0,227.0,173.0,39.55,45.95,12.1,32.35,10.55,16.15,15.55,30.4,223.0,17.65,31.4,10.2,28.8,10.7,10.15,12.3,17.55,47.65,47.4,9.92,20.4,15.25,25.65,13.4,9.73,10.25,19.9,19.8,313.5,85.7,3330.0,66.8,139.0,82.5,107.5,47.9,19.05,205.0,199.5,10.25,141.0,49.7,7.83,36.7,27.3,72.5,44.85,51.4,120.0,81.3,38.5,34.6,96.5,17.8,7.15,84.2,70.1,78.6,80.4,506.0,267.0,480.0,172.0,97.0,112.0,199.0,254.0,31.3,180.5,133.0,87.1,146.5,44.45,49.95,90.5,47.55
35.0,33.3,69.9,49.65,98.9,72.6,11.9,38.2,106.0,28.7,34.2,341.5,169.5,18.1,123.0,332.0,17.4,51.8,23.7,46.0,137.0,25.45,13.6,16.0,24.15,58.8,242.0,326.5,27.6,41.5,29.55,20.1,24.35,244.0,226.5,242.5,40.5,11.35,128.5,,21.5,71.2,17.55,,342.0,226.0,19.6,14.2,99.0,35.8,19.55,19.35,60.9,22.0,216.0,119.0,36.8,39.15,68.6,139.5,50.5,80.7,62.3,225.5,53.6,12.45,107.0,129.0,28.25,21.85,67.6,235.0,227.5,173.0,39.5,46.0,12.1,32.35,10.55,16.15,15.55,30.4,223.0,17.7,31.4,10.2,28.8,10.75,10.15,12.3,17.6,47.65,47.4,9.94,20.4,15.25,25.7,13.4,9.74,10.3,19.9,19.8,313.5,85.8,3330.0,67.0,138.5,82.5,107.5,47.9,19.0,205.0,199.5,10.25,141.0,49.75,7.83,36.7,27.35,72.4,44.9,51.4,119.5,81.4,38.5,34.6,96.5,17.8,7.15,84.1,70.2,78.7,80.3,506.0,267.5,480.0,172.0,97.1,112.0,199.0,254.0,31.3,180.5,133.0,87.1,146.5,44.45,49.95,90.5,47.5
34.95,33.2,69.9,49.65,98.9,72.6,11.95,38.25,106.0,28.7,34.2,341.5,169.5,18.1,123.0,332.5,17.4,51.8,23.7,46.0,137.0,25.45,13.65,16.05,24.15,58.8,242.0,326.5,27.65,41.5,29.5,20.15,24.35,244.5,226.5,241.5,40.55,11.35,129.0,,21.5,71.2,17.55,,341.5,226.0,19.6,14.2,99.0,35.8,19.5,19.35,60.8,22.0,216.0,119.5,36.8,39.15,68.5,139.5,50.5,80.8,62.1,226.0,53.6,12.45,107.0,129.0,28.2,21.9,67.7,234.5,227.0,173.0,39.5,46.0,12.05,32.35,10.55,16.15,15.55,30.4,223.0,17.7,31.4,10.2,28.8,10.75,10.15,12.25,17.6,47.6,47.4,9.94,20.4,15.25,25.7,13.35,9.74,10.3,19.9,19.8,313.5,85.7,3330.0,67.0,139.0,82.5,107.0,47.9,19.05,205.0,199.5,10.25,141.0,49.75,7.83,36.7,27.35,72.6,44.9,51.3,120.0,81.4,38.5,34.6,96.5,17.8,7.15,84.0,70.2,78.7,80.3,506.0,267.0,481.5,172.0,97.0,112.0,199.0,254.0,31.3,180.5,133.0,87.1,147.0,44.45,49.95,90.5,47.5
35.0,33.3,69.9,49.65,98.8,72.6,11.9,38.25,106.0,28.7,34.2,341.5,169.5,18.1,123.0,333.0,17.4,51.8,23.7,46.0,137.0,25.45,13.65,16.05,24.15,58.8,242.0,326.5,27.6,41.5,29.5,20.1,24.35,244.5,226.5,241.5,40.55,11.35,128.5,,21.55,71.2,17.55,,342.0,226.0,19.55,14.2,98.9,35.85,19.55,19.35,60.9,22.0,216.0,119.5,36.8,39.25,68.6,139.5,50.5,80.8,62.2,226.5,53.6,12.45,107.5,129.0,28.25,21.9,67.7,235.0,227.0,173.5,39.55,46.0,12.1,32.35,10.55,16.15,15.55,30.35,223.0,17.7,31.4,10.2,28.8,10.75,10.15,12.25,17.6,47.65,47.45,9.95,20.4,15.25,25.7,13.4,9.73,10.3,19.9,19.8,313.5,85.8,3330.0,67.0,139.0,82.6,107.0,47.85,19.0,205.0,199.0,10.25,141.0,49.75,7.83,36.7,27.35,72.6,44.9,51.3,120.0,81.4,38.55,34.6,96.5,17.8,7.15,84.2,70.2,78.7,80.3,506.0,267.5,481.5,172.5,97.0,112.0,199.0,254.0,31.3,180.5,133.0,87.2,147.0,44.4,49.95,90.6,47.5
35.0,33.3,70.0,49.6,98.8,72.6,11.9,38.25,106.0,28.7,34.2,341.5,170.0,18.1,123.0,333.0,17.4,51.8,23.7,46.0,137.0,25.45,13.65,16.05,24.2,58.8,242.0,326.5,27.65,41.5,29.55,20.15,24.4,244.5,226.5,242.0,40.55,11.35,129.0,,21.5,71.3,17.55,,342.0,226.0,19.6,14.2,98.9,35.8,19.55,19.35,60.8,22.1,216.0,119.5,36.8,39.2,68.6,139.5,50.5,80.9,62.2,226.0,53.6,12.45,107.5,129.5,28.3,21.85,67.7,235.0,226.5,173.5,39.55,46.0,12.1,32.35,10.55,16.15,15.5,30.35,223.0,17.7,31.4,10.2,28.8,10.75,10.15,12.3,17.6,47.65,47.45,9.95,20.4,15.25,25.7,13.4,9.74,10.3,19.9,19.8,313.5,85.7,3335.0,67.2,138.5,82.6,107.0,47.85,19.05,205.0,199.5,10.25,141.0,49.75,7.83,36.7,27.35,72.6,44.95,51.3,120.0,81.4,38.55,34.6,96.5,17.8,7.15,84.2,70.2,78.7,80.3,506.0,267.5,481.5,172.0,97.0,112.0,199.0,254.0,31.3,180.5,133.0,87.2,147.0,44.4,49.95,90.6,47.5
35.0,33.3,70.0,49.6,99.0,72.6,11.85,38.25,106.0,28.65,34.2,341.5,170.0,18.1,123.0,333.0,17.4,51.8,23.7,46.0,137.0,25.45,13.65,16.05,24.2,58.8,242.0,326.5,27.65,41.5,29.55,20.15,24.4,244.5,226.5,242.0,40.5,11.35,128.5,,21.55,71.3,17.55,,342.0,226.0,19.65,14.2,98.9,35.85,19.55,19.35,60.8,22.1,216.0,119.5,36.85,39.2,68.5,139.0,50.4,81.0,62.2,226.0,53.6,12.45,107.5,129.0,28.3,21.9,67.7,234.5,227.0,173.0,39.55,46.0,12.1,32.35,10.55,16.15,15.55,30.4,223.0,17.7,31.4,10.2,28.8,10.75,10.15,12.3,17.6,47.65,47.45,9.95,20.4,15.25,25.65,13.4,9.74,10.25,19.95,19.8,313.5,85.8,3335.0,67.2,139.0,82.7,107.5,47.85,19.05,205.0,199.5,10.2,141.0,49.8,7.83,36.7,27.35,72.6,44.95,51.3,120.0,81.4,38.5,34.6,96.5,17.8,7.15,84.2,70.2,78.6,80.4,506.0,267.5,481.5,172.0,97.0,112.0,199.0,254.0,31.3,180.0,133.0,87.2,147.0,44.45,49.95,90.5,47.5
35.0,33.3,70.0,49.7,99.0,72.6,11.9,38.25,106.0,28.7,34.2,342.0,170.0,18.1,123.0,333.0,17.4,51.8,23.65,46.0,136.5,25.45,13.65,16.05,24.2,58.8,242.0,326.5,27.65,41.5,29.55,20.15,24.4,244.5,226.5,242.0,40.55,11.35,128.5,,21.5,71.3,17.5,,341.5,226.0,19.6,14.2,98.9,35.85,19.55,19.35,60.8,22.1,216.0,119.5,36.8,39.2,68.5,139.5,50.5,81.0,62.2,226.0,53.6,12.45,107.5,129.0,28.3,21.9,68.0,234.5,226.5,173.0,39.55,46.0,12.1,32.3,10.55,16.15,15.55,30.4,223.0,17.7,31.4,10.2,28.8,10.75,10.15,12.3,17.6,47.65,47.45,9.95,20.4,15.3,25.7,13.35,9.74,10.3,19.95,19.8,313.5,85.7,3335.0,67.2,138.5,82.8,107.5,47.9,19.1,205.0,199.5,10.25,141.0,49.75,7.84,36.7,27.3,72.6,44.95,51.2,119.5,81.4,38.55,34.6,96.5,17.8,7.16,84.0,70.1,78.8,80.5,506.0,267.5,481.5,172.0,97.0,112.0,199.0,254.0,31.3,180.0,133.0,87.2,147.0,44.45,49.95,90.5,47.5
35.0,33.3,70.0,49.6,98.9,72.6,11.9,38.25,106.0,28.7,34.25,341.5,170.0,18.1,123.0,333.0,17.35,51.8,23.7,46.0,136.5,25.5,13.65,16.05,24.2,58.8,242.0,326.5,27.65,41.5,29.55,20.15,24.4,245.0,226.5,242.0,40.55,11.35,129.0,,21.5,71.3,17.55,,342.0,226.0,19.6,14.2,98.9,35.85,19.6,19.35,60.8,22.1,216.0,119.5,36.85,39.2,68.5,139.5,50.5,81.0,62.3,226.5,53.5,12.45,107.5,129.0,28.25,21.85,68.0,234.5,227.0,173.0,39.6,46.0,12.1,32.35,10.55,16.15,15.55,30.4,223.0,17.75,31.3,10.2,28.8,10.75,10.15,12.3,17.65,47.65,47.45,9.95,20.4,15.3,25.65,13.4,9.74,10.3,19.95,19.8,313.5,85.8,3340.0,67.0,139.0,82.7,107.5,47.85,19.05,205.0,199.5,10.25,141.5,49.75,7.84,36.7,27.35,72.6,44.95,51.3,119.5,81.4,38.55,34.6,96.5,17.8,7.16,84.2,70.2,78.8,80.4,506.0,267.0,481.5,172.0,97.0,112.5,199.0,254.0,31.3,180.5,133.0,87.2,147.0,44.35,50.0,90.9,47.55
35.0,33.35,70.0,49.7,99.0,72.7,11.9,38.25,106.0,28.7,34.25,341.5,170.0,18.05,123.0,333.0,17.4,51.8,23.75,46.0,137.0,25.5,13.65,16.05,24.25,58.8,242.0,326.5,27.7,41.55,29.6,20.15,24.4,246.5,226.5,242.0,40.55,11.4,129.0,,21.6,71.4,17.55,,341.5,226.5,19.65,14.2,99.0,35.8,19.6,19.35,60.9,22.15,216.0,119.5,36.85,39.25,68.6,139.5,50.5,81.0,62.3,226.5,53.5,12.4,107.5,129.0,28.3,21.85,68.0,235.0,227.5,173.0,39.6,46.0,12.1,32.4,10.55,16.15,15.55,30.4,223.0,17.75,31.35,10.2,28.8,10.7,10.15,12.3,17.65,47.7,47.45,9.96,20.45,15.25,25.65,13.4,9.74,10.3,19.95,19.8,314.0,86.0,3345.0,67.1,139.0,82.9,107.5,47.9,19.05,205.5,200.0,10.25,141.5,49.75,7.84,36.75,27.35,72.4,44.9,51.2,119.5,81.4,38.55,34.65,96.6,17.8,7.16,84.2,70.2,78.8,80.4,506.0,267.0,481.5,172.0,97.1,112.5,199.0,254.0,31.3,180.5,133.0,87.2,147.0,44.45,50.0,90.9,47.55
35.0,33.35,70.0,49.7,99.0,72.7,11.9,38.25,106.0,28.7,34.25,342.0,170.0,18.1,123.0,333.0,17.4,51.8,23.75,46.0,137.0,25.5,13.65,16.05,24.25,58.9,242.0,326.5,27.65,41.6,29.6,20.15,24.4,247.5,226.5,242.0,40.55,11.4,129.0,,21.6,71.4,17.55,,342.0,227.0,19.6,14.15,99.0,35.85,19.55,19.4,60.8,22.1,216.0,120.0,36.9,39.25,68.6,139.0,50.5,81.0,62.3,226.5,53.5,12.45,107.5,129.0,28.3,21.9,68.0,234.5,227.5,173.0,39.6,46.2,12.1,32.4,10.55,16.15,15.55,30.4,223.0,17.75,31.35,10.2,28.8,10.7,10.15,12.3,17.65,47.7,47.5,9.96,20.45,15.25,25.7,13.4,9.74,10.3,19.9,19.8,314.5,86.0,3350.0,67.0,139.0,82.9,107.5,47.9,19.05,205.5,200.5,10.2,141.5,49.8,7.85,36.75,27.35,72.3,45.0,51.3,120.0,81.4,38.6,34.65,96.7,17.8,7.16,84.2,70.2,78.8,80.4,506.0,267.0,481.5,172.0,97.1,112.5,199.0,254.0,31.35,180.5,133.0,87.2,146.5,44.45,50.0,90.7,47.5
35.0,33.3,70.0,49.65,99.0,72.7,11.9,38.25,106.0,28.7,34.25,342.0,170.0,18.1,123.0,333.0,17.45,51.8,23.65,46.0,136.5,25.5,13.65,16.05,24.25,58.9,242.0,326.5,27.7,41.55,29.6,20.15,24.4,247.5,226.5,242.0,40.55,11.4,129.0,,21.55,71.4,17.5,,342.0,227.0,19.6,14.2,98.9,35.8,19.6,19.4,60.8,22.15,216.0,120.0,36.9,39.25,68.7,139.5,50.5,81.0,62.2,226.5,53.6,12.45,107.0,129.0,28.3,21.9,68.0,234.5,227.5,173.5,39.6,46.2,12.1,32.4,10.55,16.15,15.55,30.4,223.0,17.7,31.35,10.2,28.8,10.7,10.15,12.3,17.65,47.75,47.5,9.96,20.4,15.25,25.7,13.4,9.74,10.25,19.95,19.85,314.5,86.0,3345.0,67.2,139.0,82.9,107.5,47.9,19.05,205.5,200.5,10.25,141.5,49.8,7.84,36.75,27.4,72.6,45.0,51.3,120.0,81.4,38.55,34.65,96.7,17.8,7.16,84.1,70.2,78.9,80.3,506.0,267.5,481.5,172.0,97.0,112.5,199.0,254.0,31.4,180.0,133.0,87.2,146.5,44.45,50.0,90.6,47.55
35.0,33.35,70.0,49.65,99.0,72.7,11.9,38.3,106.0,28.7,34.25,342.0,169.5,18.1,123.0,333.0,17.45,51.8,23.75,46.05,136.5,25.5,13.7,16.05,24.25,58.6,242.5,326.5,27.65,41.6,29.6,20.15,24.4,247.5,226.5,241.5,40.5,11.4,129.0,,21.55,71.4,17.55,,342.5,227.0,19.65,14.2,99.0,35.85,19.6,19.35,60.9,22.15,216.0,120.0,36.85,39.25,68.7,139.5,50.5,81.0,62.2,226.5,53.6,12.4,107.5,129.5,28.3,21.85,68.0,234.5,227.5,173.5,39.6,46.25,12.1,32.35,10.55,16.15,15.5,30.4,223.0,17.7,31.4,10.2,28.8,10.75,10.15,12.3,17.65,47.7,47.5,9.95,20.4,15.25,25.7,13.4,9.74,10.25,19.95,19.8,314.0,85.9,3345.0,67.0,139.0,82.9,107.5,47.9,19.05,205.5,200.5,10.25,142.0,49.8,7.86,36.75,27.4,72.3,45.0,51.3,120.0,81.4,38.6,34.65,96.7,17.85,7.15,84.1,70.2,78.9,80.3,505.0,268.0,480.5,172.0,97.1,112.5,199.0,254.0,31.4,180.5,133.0,87.2,147.0,44.45,50.0,90.9,47.5
34.95,33.35,70.0,49.65,99.0,72.7,11.9,38.3,106.0,28.7,34.2,342.0,170.0,18.05,123.0,332.5,17.45,51.7,23.75,46.05,137.0,25.5,13.7,16.05,24.25,58.6,242.0,326.5,27.65,41.6,29.6,20.15,24.4,247.5,226.5,241.5,40.5,11.4,129.0,,21.55,71.3,17.55,,343.0,227.0,19.65,14.2,99.0,35.85,19.5,19.4,60.9,22.15,216.0,119.5,36.8,39.25,68.6,139.5,50.5,80.9,62.2,226.5,53.6,12.45,107.0,129.0,28.35,21.85,68.0,234.5,227.0,173.5,39.6,46.25,12.1,32.4,10.55,16.15,15.5,30.4,223.0,17.7,31.4,10.2,28.8,10.75,10.15,12.3,17.65,47.7,47.5,9.96,20.4,15.25,25.7,13.4,9.75,10.3,19.95,19.8,314.5,86.0,3345.0,67.0,139.0,82.9,107.0,47.9,19.05,205.5,200.0,10.25,142.0,49.8,7.87,36.75,27.4,72.3,44.85,51.3,120.0,81.3,38.6,34.7,96.7,17.85,7.15,84.2,70.2,78.9,80.4,505.0,268.0,480.5,172.0,97.1,112.5,199.0,253.5,31.4,180.5,133.0,87.2,146.5,44.45,50.0,90.9,47.55
35.0,33.35,70.1,49.75,99.0,72.7,11.95,38.3,106.0,28.65,34.25,342.0,170.0,18.1,123.5,332.5,17.45,51.8,23.75,46.05,137.0,25.5,13.55,16.05,24.25,58.9,242.0,326.5,27.7,41.6,29.55,20.1,24.4,247.5,226.5,242.5,40.55,11.4,129.0,,21.55,71.4,17.55,,342.5,226.5,19.65,14.25,99.2,35.85,19.55,19.4,60.9,22.15,216.0,119.5,36.8,39.25,68.6,139.5,50.5,80.9,62.2,226.5,53.6,12.45,107.5,129.5,28.3,21.9,68.0,234.5,227.0,173.5,39.55,46.25,12.1,32.4,10.55,16.15,15.55,30.4,223.0,17.7,31.4,10.2,28.8,10.75,10.15,12.3,17.65,47.7,47.5,9.96,20.4,15.25,25.7,13.4,9.74,10.3,19.95,19.8,314.5,85.9,3345.0,67.3,138.5,83.0,107.0,47.9,19.05,205.5,200.0,10.25,142.0,49.8,7.89,36.75,27.4,72.6,44.85,51.3,119.5,81.3,38.6,34.7,96.7,17.85,7.15,84.2,70.2,78.9,80.2,505.0,268.0,480.5,172.0,97.0,112.5,199.0,254.0,31.4,180.5,133.0,87.1,146.5,44.45,50.1,90.9,47.5
35.0,33.3,70.0,49.65,99.0,72.7,11.95,38.3,106.0,28.7,34.25,342.0,170.0,18.1,123.0,332.0,17.45,51.8,23.75,46.05,137.0,25.5,13.7,16.05,24.25,58.9,242.0,326.5,27.75,41.6,29.55,20.15,24.4,247.5,226.5,242.5,40.55,11.4,129.0,,21.55,71.4,17.55,,342.0,227.0,19.65,14.25,99.1,35.85,19.6,19.4,60.9,22.15,216.0,119.5,36.8,39.25,68.6,139.0,50.5,81.0,62.2,226.5,53.6,12.4,107.5,129.5,28.3,21.85,68.0,234.5,227.0,173.5,39.55,46.25,12.1,32.4,10.55,16.15,15.5,30.4,223.0,17.7,31.4,10.2,28.8,10.75,10.15,12.3,17.65,47.7,47.55,9.96,20.45,15.25,25.7,13.4,9.76,10.3,19.95,19.8,314.5,85.9,3345.0,67.3,139.0,83.0,107.5,47.85,19.05,205.5,200.5,10.25,141.5,49.8,7.89,36.75,27.4,72.4,44.85,51.3,120.0,81.3,38.55,34.7,96.7,17.85,7.15,84.2,70.2,78.9,80.3,505.0,267.5,480.5,172.5,97.2,112.5,199.0,254.0,31.4,181.0,132.5,87.1,146.5,44.5,50.1,90.9,47.55
35.0,33.3,70.0,49.6,99.0,72.7,11.95,38.3,106.0,28.65,34.2,342.0,169.5,18.05,123.5,332.0,17.45,51.8,23.75,46.05,137.0,25.55,13.7,16.05,24.25,58.9,242.5,326.5,27.75,41.6,29.55,20.15,24.4,247.5,226.5,242.5,40.55,11.4,129.0,,21.55,71.4,17.55,,342.0,227.0,19.6,14.2,99.2,35.85,19.6,19.4,60.9,22.15,216.0,119.5,36.85,39.35,68.5,139.0,50.5,81.0,62.2,226.5,53.5,12.45,107.5,129.5,28.3,21.85,68.0,234.5,227.0,173.0,39.55,46.3,12.1,32.4,10.55,16.15,15.5,30.4,223.5,17.7,31.3,10.2,28.8,10.75,10.1,12.3,17.65,47.7,47.55,9.96,20.45,15.25,25.7,13.4,9.75,10.3,19.95,19.8,314.5,85.9,3345.0,67.3,139.0,83.0,107.5,47.8,19.05,205.5,200.5,10.25,141.0,49.8,7.89,36.75,27.4,72.4,44.85,51.4,120.0,81.3,38.55,34.7,96.6,17.8,7.15,84.2,70.1,78.9,80.3,505.0,267.5,480.5,172.5,97.1,112.5,199.0,254.0,31.4,180.5,133.0,87.1,146.5,44.45,50.1,90.9,47.55
35.0,33.35,70.0,49.75,99.0,72.7,11.95,38.3,106.0,28.7,34.2,342.0,170.0,18.1,123.5,332.5,17.45,51.8,23.65,46.05,137.0,25.55,13.55,16.05,24.25,58.9,242.0,326.5,27.75,41.6,29.6,20.1,24.4,248.0,226.5,242.5,40.5,11.4,129.0,,21.5,71.4,17.55,,342.0,227.0,19.6,14.2,99.1,35.8,19.6,19.4,60.8,22.15,216.0,119.5,36.85,39.4,68.6,139.5,50.5,81.1,62.2,226.5,53.5,12.4,107.5,129.5,28.3,21.9,68.0,234.5,227.0,173.5,39.6,46.25,12.1,32.4,10.5,16.2,15.55,30.4,223.5,17.7,31.25,10.2,28.8,10.75,10.15,12.3,17.65,47.7,47.5,9.96,20.45,15.25,25.65,13.35,9.76,10.3,19.95,19.8,314.5,85.6,3345.0,67.3,139.0,82.9,107.5,47.8,19.05,205.5,200.5,10.25,141.0,49.85,7.89,36.75,27.4,72.3,44.8,51.3,119.5,81.4,38.6,34.7,96.6,17.85,7.15,84.2,70.2,78.9,80.4,505.0,267.5,480.5,172.5,97.1,112.5,199.0,254.0,31.35,180.5,133.0,87.1,146.0,44.45,50.1,90.9,47.6
35.0,33.35,70.1,49.75,98.9,72.7,11.95,38.3,106.0,28.7,34.25,342.0,169.5,18.1,123.0,332.5,17.45,51.8,23.75,46.05,137.0,25.55,13.7,16.05,24.25,58.9,242.0,326.5,27.8,41.6,29.6,20.15,24.4,248.0,226.5,242.5,40.5,11.4,129.0,,21.5,71.4,17.55,,341.5,226.5,19.65,14.2,99.1,35.85,19.6,19.35,60.9,22.15,216.0,119.5,36.9,39.35,68.5,139.5,50.5,80.9,62.2,226.0,53.6,12.4,107.5,129.5,28.3,21.9,68.0,234.5,226.5,173.5,39.6,46.25,12.1,32.45,10.55,16.2,15.5,30.35,223.5,17.7,31.35,10.2,28.85,10.75,10.15,12.3,17.65,47.7,47.55,9.96,20.45,15.25,25.7,13.4,9.76,10.3,19.95,19.8,314.5,85.6,3345.0,67.4,139.5,82.9,107.5,47.8,19.05,205.5,200.5,10.25,141.5,49.8,7.89,36.7,27.4,72.6,44.95,51.3,119.5,81.4,38.6,34.75,96.6,17.85,7.14,84.2,70.1,78.9,80.4,505.0,267.5,480.5,172.5,97.1,112.5,199.0,254.0,31.4,180.5,133.0,87.1,146.5,44.45,50.1,90.9,47.6
35.0,33.35,70.1,49.75,98.9,72.6,11.95,38.3,106.0,28.7,34.2,342.5,169.5,18.1,123.0,332.5,17.45,51.7,23.75,46.05,137.0,25.55,13.7,16.05,24.25,58.9,242.0,326.5,27.75,41.6,29.6,20.15,24.4,248.5,227.0,242.5,40.5,11.4,129.0,,21.5,71.5,17.55,,341.5,227.0,19.6,14.25,99.2,35.85,19.6,19.4,60.9,22.15,216.0,119.5,36.85,39.4,68.6,139.5,50.5,80.9,62.1,226.0,53.6,12.45,107.5,129.5,28.3,21.9,68.0,234.5,226.5,173.0,39.6,46.25,12.1,32.45,10.55,16.2,15.5,30.35,223.5,17.7,31.35,10.2,28.85,10.75,10.15,12.3,17.65,47.7,47.55,9.96,20.45,15.25,25.7,13.4,9.76,10.3,19.95,19.8,314.5,85.6,3345.0,67.3,139.5,82.9,107.5,47.8,19.05,205.5,200.5,10.25,141.0,49.85,7.88,36.7,27.4,72.6,44.95,51.4,119.5,81.3,38.6,34.75,96.5,17.85,7.15,84.2,70.2,78.9,80.4,505.0,267.5,480.5,172.5,97.1,112.5,199.0,254.0,31.35,180.5,133.0,87.1,146.5,44.45,50.1,90.9,47.55
35.0,33.35,70.1,49.75,99.0,72.7,11.95,38.3,106.0,28.7,34.25,342.5,169.5,18.1,123.5,332.5,17.45,51.8,23.7,46.05,137.0,25.55,13.7,16.0,24.25,58.9,242.5,326.5,27.7,41.6,29.6,20.15,24.4,248.5,227.0,242.5,40.55,11.4,129.0,,21.5,71.6,17.55,,341.5,227.0,19.6,14.2,99.3,35.85,19.55,19.4,60.8,22.15,216.0,119.5,36.85,39.35,68.6,139.5,50.5,80.9,62.2,226.5,53.5,12.45,107.5,129.5,28.3,21.85,68.0,235.0,226.5,173.0,39.6,46.3,12.1,32.45,10.55,16.2,15.55,30.4,223.5,17.7,31.35,10.2,28.85,10.75,10.15,12.3,17.65,47.7,47.6,9.96,20.45,15.3,25.7,13.4,9.76,10.3,19.95,19.8,315.0,85.7,3345.0,67.3,139.5,82.9,107.5,47.8,19.05,205.5,200.5,10.25,141.5,49.85,7.88,36.75,27.4,72.6,44.95,51.4,119.5,81.4,38.65,34.75,96.6,17.85,7.15,84.2,70.2,78.9,80.4,505.0,267.5,482.5,172.0,97.1,112.5,199.0,254.0,31.4,180.5,132.5,87.1,146.5,44.5,50.1,90.8,47.55
35.0,33.25,70.1,49.75,99.0,72.7,11.95,38.35,106.0,28.7,34.25,342.5,169.5,18.05,123.5,332.0,17.45,51.8,23.7,46.05,137.0,25.55,13.7,15.95,24.25,58.6,242.5,326.5,27.8,41.6,29.6,20.1,24.4,248.5,227.0,242.5,40.5,11.4,129.0,,21.55,71.5,17.55,,341.0,227.0,19.6,14.2,99.2,35.85,19.55,19.4,60.8,22.15,216.5,119.5,36.85,39.35,68.6,139.5,50.5,81.1,62.2,226.5,53.5,12.45,107.0,129.5,28.3,21.85,68.0,234.5,226.5,173.0,39.6,46.3,12.1,32.45,10.5,16.2,15.55,30.4,223.5,17.7,31.25,10.15,28.85,10.75,10.15,12.3,17.65,47.65,47.6,9.96,20.45,15.25,25.7,13.35,9.76,10.3,19.95,19.8,314.5,85.7,3345.0,67.2,139.5,83.0,107.5,47.8,19.05,205.5,200.5,10.25,141.5,49.85,7.88,36.7,27.4,72.3,44.95,51.3,119.5,81.4,38.65,34.75,96.5,17.85,7.16,84.1,70.2,78.7,80.4,505.0,268.5,481.0,172.0,97.2,112.5,199.0,254.0,31.4,180.5,132.5,87.1,146.5,44.5,50.0,90.6,47.55
35.0,33.3,70.1,49.6,99.0,72.7,11.95,38.4,106.0,28.7,34.25,342.0,170.0,18.1,123.5,332.0,17.5,51.8,23.75,46.05,137.0,25.55,13.7,16.05,24.25,58.9,242.5,326.5,27.8,41.6,29.6,20.15,24.4,248.5,227.0,242.5,40.5,11.4,129.0,,21.55,71.6,17.55,,340.5,227.0,19.6,14.2,99.3,35.85,19.55,19.4,60.8,22.15,216.5,119.5,36.8,39.4,68.6,139.5,50.5,81.1,62.2,226.5,53.5,12.45,107.5,129.0,28.3,21.85,68.0,234.0,226.5,173.0,39.6,46.3,12.1,32.45,10.55,16.2,15.55,30.4,223.5,17.7,31.4,10.2,28.85,10.75,10.15,12.3,17.65,47.7,47.55,9.96,20.45,15.25,25.7,13.35,9.76,10.3,19.95,19.8,314.5,85.7,3340.0,67.2,139.5,82.9,107.5,47.8,19.05,205.5,200.5,10.25,141.5,49.8,7.88,36.75,27.35,72.3,44.9,51.4,119.5,81.4,38.65,34.8,96.5,17.85,7.16,84.0,70.1,78.7,80.4,506.0,268.5,481.0,172.0,97.2,112.5,199.0,254.0,31.4,181.0,132.5,87.1,146.5,44.5,50.0,90.6,47.6
35.0,33.3,70.1,49.75,99.0,72.7,11.95,38.4,106.0,28.7,34.25,342.5,170.0,18.05,123.5,332.0,17.5,51.8,23.65,46.05,137.0,25.55,13.7,16.05,24.25,58.9,242.0,326.5,27.8,41.6,29.6,20.15,24.4,248.5,227.0,242.5,40.55,11.4,129.0,,21.55,71.6,17.55,,340.5,227.0,19.6,14.2,99.2,35.85,19.55,19.4,60.8,22.15,216.5,119.5,36.85,39.4,68.5,139.5,50.5,81.1,62.2,226.0,53.6,12.45,107.0,129.0,28.25,21.85,68.0,234.0,226.0,172.5,39.55,46.3,12.1,32.45,10.55,16.2,15.55,30.4,223.5,17.7,31.4,10.2,28.85,10.75,10.15,12.3,17.65,47.65,47.6,9.96,20.45,15.3,25.7,13.4,9.76,10.25,19.95,19.75,314.5,85.7,3340.0,67.2,139.0,82.9,107.0,47.8,19.0,205.5,200.5,10.25,141.0,49.8,7.88,36.7,27.35,72.6,44.9,51.4,119.5,81.5,38.65,34.8,96.6,17.85,7.17,84.0,70.2,78.8,80.4,505.0,268.5,484.0,172.0,97.1,112.5,199.0,254.0,31.4,181.0,133.0,87.1,146.5,44.5,50.1,90.5,47.6
34.95,33.3,70.0,49.75,99.0,72.7,11.95,38.4,106.0,28.7,34.25,342.5,169.5,18.1,123.0,332.0,17.45,51.8,23.75,46.0,137.0,25.55,13.65,16.05,24.2,58.9,242.5,326.5,27.8,41.65,29.6,20.15,24.4,248.5,227.0,242.5,40.55,11.4,128.5,,21.55,71.7,17.55,,341.0,227.0,19.6,14.15,99.2,35.9,19.6,19.4,60.8,22.15,216.5,119.5,36.85,39.4,68.5,139.5,50.5,81.0,62.2,226.0,53.5,12.45,107.5,129.5,28.3,21.85,68.0,234.0,226.5,172.5,39.5,46.3,12.1,32.4,10.55,16.2,15.5,30.4,223.5,17.7,31.4,10.2,28.85,10.75,10.15,12.25,17.65,47.65,47.6,9.96,20.45,15.25,25.65,13.4,9.76,10.3,19.95,19.8,315.0,85.7,3350.0,67.2,139.0,82.9,107.5,47.8,19.05,205.5,200.5,10.25,141.5,49.8,7.87,36.7,27.45,72.6,45.0,51.3,120.0,81.5,38.6,34.8,96.6,17.85,7.17,84.1,70.2,78.8,80.4,505.0,268.5,485.0,172.0,97.0,112.5,199.0,254.0,31.4,181.0,133.0,87.1,146.5,44.5,50.0,90.5,47.55
34.95,33.3,70.1,49.7,99.0,72.6,11.9,38.4,106.0,28.7,34.3,342.5,169.5,18.05,123.5,332.0,17.5,51.8,23.75,46.0,137.0,25.55,13.65,16.05,24.25,58.9,242.0,326.5,27.8,41.65,29.5,20.15,24.4,248.5,227.0,242.0,40.55,11.4,129.0,,21.5,71.7,17.55,,340.5,227.0,19.6,14.25,99.2,35.9,19.6,19.4,60.9,22.15,216.5,119.5,36.8,39.4,68.5,139.5,50.5,80.9,62.2,226.5,53.5,12.4,107.5,129.5,28.3,21.85,68.1,234.0,226.5,172.5,39.5,46.35,12.1,32.4,10.55,16.2,15.5,30.4,223.5,17.7,31.35,10.2,28.85,10.75,10.15,12.25,17.65,47.7,47.6,9.96,20.45,15.25,25.7,13.4,9.76,10.3,19.95,19.8,315.0,85.7,3350.0,67.4,139.0,82.9,107.5,47.8,19.05,205.5,200.0,10.25,141.5,49.8,7.87,36.7,27.45,72.6,45.0,51.4,119.5,81.5,38.6,34.8,96.6,17.85,7.17,84.1,70.1,78.8,80.3,505.0,268.5,485.0,172.0,97.0,112.5,199.0,253.5,31.4,181.0,133.0,87.1,147.0,44.5,50.0,90.5,47.55
35.0,33.3,70.1,49.75,99.0,72.6,11.95,38.4,106.0,28.7,34.25,342.5,170.0,18.1,123.0,332.0,17.45,51.7,23.75,46.0,137.0,25.6,13.65,16.05,24.25,58.9,242.0,326.5,27.8,41.6,29.55,20.1,24.35,248.5,227.0,242.0,40.5,11.4,129.0,,21.55,71.7,17.55,,340.5,227.0,19.65,14.2,99.2,35.9,19.6,19.4,60.8,22.15,216.5,119.5,36.85,39.4,68.5,139.0,50.5,81.0,62.2,226.0,53.5,12.45,107.5,129.5,28.25,21.85,68.1,234.0,226.0,172.5,39.55,46.3,12.1,32.4,10.55,16.2,15.55,30.4,223.5,17.7,31.35,10.2,28.85,10.75,10.15,12.25,17.65,47.7,47.55,9.96,20.45,15.25,25.7,13.4,9.77,10.3,19.9,19.8,315.0,85.7,3350.0,67.4,139.0,82.9,107.5,47.8,19.0,205.5,200.0,10.25,141.0,49.8,7.87,36.65,27.45,72.6,45.0,51.3,120.0,81.5,38.6,34.8,96.6,17.85,7.16,84.1,70.2,78.8,80.3,512.0,268.5,484.5,172.0,97.0,112.5,199.0,253.0,31.4,181.0,133.0,87.1,147.0,44.5,50.0,90.5,47.55
34.95,33.3,70.1,49.7,99.1,72.8,11.95,38.4,106.0,28.7,34.25,342.0,170.0,18.05,123.5,332.0,17.45,51.7,23.65,46.05,137.0,25.6,13.65,16.05,24.25,58.9,242.0,326.5,27.85,41.65,29.6,20.15,24.35,248.5,227.0,242.0,40.55,11.4,129.0,,21.55,71.7,17.55,,340.0,227.0,19.6,14.25,99.3,35.85,19.65,19.4,60.9,22.15,216.0,119.5,36.85,39.4,68.6,139.5,50.5,80.9,62.1,226.5,53.5,12.4,107.0,129.0,28.25,21.85,68.2,234.5,226.0,172.5,39.5,46.3,12.1,32.45,10.55,16.2,15.55,30.4,223.5,17.7,31.4,10.2,28.85,10.75,10.15,12.3,17.65,47.7,47.6,9.96,20.45,15.25,25.7,13.4,9.77,10.25,19.95,19.85,314.5,85.7,3350.0,67.4,139.0,82.9,107.0,47.8,19.0,205.5,200.0,10.25,141.5,49.8,7.87,36.7,27.45,72.6,45.0,51.4,120.0,81.5,38.55,34.8,96.6,17.85,7.17,84.0,70.1,78.8,80.3,512.0,268.5,484.5,172.0,97.0,112.5,199.0,252.0,31.4,181.0,133.0,87.1,146.5,44.45,50.0,90.5,47.55
35.0,33.3,70.1,49.75,99.1,72.6,11.95,38.4,106.0,28.7,34.3,342.0,169.5,18.15,123.5,332.5,17.5,51.7,23.75,46.0,137.0,25.6,13.65,16.05,24.25,58.9,242.0,326.5,27.85,41.65,29.6,20.15,24.35,248.5,227.0,242.5,40.55,11.4,129.0,,21.55,71.6,17.55,,340.0,227.0,19.6,14.25,99.3,35.9,19.65,19.4,60.9,22.15,216.5,119.5,36.85,39.4,68.5,139.5,50.5,80.9,62.2,226.0,53.5,12.45,107.5,129.5,28.25,21.85,68.2,234.0,226.5,172.5,39.5,46.3,12.1,32.45,10.55,16.2,15.55,30.4,223.5,17.7,31.4,10.2,28.85,10.7,10.15,12.3,17.65,47.7,47.55,9.96,20.45,15.25,25.7,13.4,9.77,10.3,19.95,19.85,314.0,85.7,3345.0,67.5,139.0,83.0,107.0,47.8,19.05,205.5,200.0,10.2,141.0,49.8,7.86,36.7,27.45,72.6,45.0,51.3,120.0,81.5,38.55,34.8,96.6,17.85,7.17,84.0,70.1,78.8,80.2,512.0,268.5,484.5,172.0,97.0,113.0,199.0,251.5,31.4,181.0,133.0,87.1,147.0,44.45,50.0,90.6,47.55
34.95,33.3,70.1,49.75,99.1,72.8,11.95,38.4,106.0,28.7,34.3,342.5,170.0,18.1,123.5,332.5,17.5,51.8,23.7,46.0,137.0,25.6,13.65,16.05,24.2,58.9,242.0,326.5,27.85,41.7,29.6,20.15,24.3,248.5,227.0,242.5,40.45,11.4,129.0,,21.55,71.6,17.55,,339.5,227.0,19.65,14.25,99.3,35.9,19.6,19.4,60.8,22.15,216.0,119.5,36.8,39.35,68.5,139.5,50.5,81.0,62.2,225.5,53.5,12.4,107.5,129.5,28.2,21.85,68.2,234.0,226.0,172.0,39.55,46.3,12.1,32.5,10.55,16.2,15.55,30.4,223.5,17.7,31.4,10.2,28.85,10.7,10.15,12.3,17.6,47.7,47.6,9.95,20.45,15.25,25.7,13.4,9.76,10.3,19.9,19.8,314.0,85.8,3345.0,67.6,138.5,83.1,107.5,47.85,19.05,205.5,200.0,10.2,141.0,49.85,7.87,36.7,27.45,72.6,45.0,51.4,120.0,81.5,38.6,34.75,96.6,17.85,7.17,84.1,70.1,78.8,80.3,512.0,268.5,484.5,172.5,97.0,113.0,199.0,251.5,31.4,181.0,133.0,87.1,147.0,44.5,50.0,90.5,47.55
35.0,33.3,69.9,49.75,99.1,72.8,11.95,38.4,106.0,28.7,34.3,341.5,170.0,18.15,123.0,332.0,17.45,51.8,23.7,46.0,137.0,25.6,13.7,16.05,24.25,58.9,241.5,326.5,27.85,41.7,29.6,20.15,24.35,248.5,227.0,242.5,40.5,11.4,129.0,,21.55,71.6,17.55,,339.5,227.0,19.6,14.25,99.4,35.9,19.6,19.4,60.8,22.2,215.5,119.5,36.8,39.35,68.4,140.0,50.5,81.0,62.2,225.5,53.5,12.4,107.5,129.5,28.25,21.8,68.2,234.0,226.0,172.5,39.55,46.3,12.1,32.45,10.55,16.2,15.55,30.35,223.5,17.65,31.4,10.2,28.8,10.75,10.15,12.3,17.65,47.7,47.55,9.95,20.45,15.3,25.7,13.4,9.77,10.3,19.9,19.8,314.0,85.8,3350.0,67.7,138.5,83.2,107.5,47.75,19.05,205.5,200.0,10.2,141.0,49.8,7.86,36.7,27.45,72.6,45.1,51.4,120.0,81.5,38.5,34.8,96.5,17.85,7.17,84.1,70.1,78.8,80.2,512.0,268.5,484.5,172.0,97.0,113.0,199.0,251.5,31.4,181.0,133.0,87.1,147.0,44.6,50.0,90.5,47.55
35.0,33.3,70.0,49.75,99.2,72.7,11.95,38.4,106.0,28.7,34.3,342.0,169.5,18.1,123.0,332.0,17.45,51.8,23.75,46.05,137.0,25.65,13.7,16.05,24.25,58.9,242.0,326.5,27.85,41.7,29.6,20.15,24.35,248.5,227.0,242.5,40.5,11.4,128.5,,21.5,71.6,17.55,,339.5,227.0,19.6,14.25,99.4,35.9,19.6,19.35,60.8,22.2,215.5,120.0,36.75,39.35,68.5,139.5,50.5,81.0,62.2,225.5,53.6,12.4,107.0,129.5,28.25,21.85,68.2,234.0,226.0,172.0,39.55,46.3,12.1,32.45,10.55,16.2,15.55,30.4,223.5,17.7,31.45,10.2,28.85,10.75,10.15,12.3,17.65,47.7,47.55,9.95,20.45,15.25,25.7,13.4,9.77,10.25,19.9,19.8,314.0,85.8,3350.0,67.6,139.0,83.1,107.5,47.75,19.05,205.0,200.0,10.2,141.0,49.75,7.86,36.7,27.45,72.6,45.1,51.4,120.0,81.5,38.5,34.8,96.6,17.85,7.17,84.1,70.1,78.8,80.2,512.0,268.5,482.5,172.0,97.0,113.0,199.0,251.0,31.4,181.0,133.0,87.1,147.0,44.6,50.0,90.5,47.55
34.95,33.3,70.0,49.75,99.2,72.7,11.95,38.4,106.0,28.7,34.3,342.0,169.5,18.1,123.0,332.0,17.45,51.8,23.75,46.05,137.0,25.65,13.6,16.05,24.25,58.9,242.0,327.0,27.85,41.7,29.6,20.15,24.35,248.5,227.0,242.5,40.5,11.35,129.0,,21.4,71.5,17.55,,339.5,227.0,19.65,14.25,99.4,35.9,19.55,19.4,60.9,22.2,215.5,120.0,36.75,39.35,68.4,140.0,50.5,81.0,62.3,226.0,53.6,12.4,107.5,129.0,28.25,21.85,68.2,234.0,226.0,172.0,39.5,46.3,12.1,32.45,10.55,16.25,15.55,30.4,223.5,17.7,31.45,10.2,28.8,10.75,10.15,12.3,17.6,47.65,47.55,9.96,20.45,15.3,25.7,13.35,9.77,10.3,19.9,19.8,314.0,85.9,3350.0,67.5,138.5,83.1,107.0,47.75,19.05,205.0,200.0,10.25,141.0,49.75,7.87,36.65,27.45,72.6,45.1,51.4,119.5,81.5,38.5,34.8,96.6,17.85,7.16,84.1,70.1,78.8,80.2,512.0,268.5,482.5,172.0,97.0,113.0,199.0,251.5,31.4,181.0,133.0,87.1,147.0,44.6,50.0,90.5,47.55
35.0,33.3,70.0,49.75,99.2,72.7,11.95,38.4,106.0,28.65,34.3,342.0,169.5,18.1,123.5,332.0,17.45,51.7,23.65,46.0,137.0,25.65,13.7,16.05,24.25,59.0,241.5,326.5,27.8,41.65,29.6,20.15,24.35,248.0,227.5,242.5,40.55,11.35,129.0,,21.4,71.5,17.55,,339.0,227.0,19.6,14.25,99.5,35.95,19.6,19.35,60.9,22.2,216.0,120.0,36.8,39.35,68.4,139.5,50.5,81.0,62.3,226.0,53.6,12.45,107.0,129.0,28.2,21.8,68.2,234.0,226.5,172.0,39.5,46.3,12.1,32.5,10.55,16.25,15.55,30.4,223.5,17.65,31.45,10.2,28.85,10.75,10.15,12.3,17.6,47.7,47.6,9.94,20.45,15.25,25.7,13.4,9.77,10.3,19.9,19.8,314.0,85.8,3345.0,67.6,139.0,83.1,107.0,47.8,19.05,205.0,200.5,10.25,141.0,49.75,7.87,36.7,27.4,72.6,45.1,51.4,119.5,81.5,38.6,34.8,96.6,17.85,7.16,84.1,70.2,78.9,80.2,512.0,268.5,481.5,172.0,97.0,113.0,199.0,251.5,31.45,181.0,133.0,87.1,146.5,44.6,50.0,90.5,47.55
34.95,33.3,70.0,49.75,99.3,72.7,11.95,38.45,106.0,28.7,34.3,342.0,170.0,18.15,123.5,332.0,17.45,51.8,23.75,46.05,137.0,25.65,13.7,16.05,24.25,59.0,241.5,326.5,27.85,41.7,29.6,20.15,24.35,248.5,227.5,242.5,40.5,11.35,129.0,,21.4,71.5,17.55,,338.0,226.5,19.65,14.25,99.4,35.95,19.6,19.35,60.9,22.2,216.0,120.0,36.8,39.35,68.3,140.0,50.5,80.9,62.3,226.0,53.5,12.45,107.0,129.5,28.2,21.75,68.2,234.0,226.5,171.5,39.5,46.3,12.1,32.4,10.55,16.25,15.5,30.4,223.5,17.7,31.3,10.2,28.85,10.75,10.15,12.3,17.6,47.7,47.6,9.95,20.45,15.25,25.7,13.4,9.77,10.3,19.9,19.8,313.5,85.8,3345.0,67.5,139.0,83.2,107.5,47.8,19.05,205.0,200.5,10.25,141.0,49.7,7.88,36.65,27.45,72.6,45.15,51.4,120.0,81.5,38.6,34.8,96.6,17.85,7.17,84.1,70.2,78.8,80.1,512.0,268.0,481.5,172.0,97.0,112.5,200.0,251.5,31.45,181.0,133.0,87.0,146.5,44.6,50.0,90.5,47.55
35.0,33.3,70.0,49.65,99.3,72.6,11.95,38.4,106.0,28.65,34.2,342.0,169.5,18.1,123.5,332.0,17.5,51.7,23.75,46.05,137.0,25.65,13.7,16.05,24.25,59.0,241.5,326.0,27.9,41.7,29.6,20.15,24.4,248.0,227.5,242.5,40.5,11.4,128.5,,21.45,71.4,17.55,,338.5,227.0,19.6,14.25,99.4,35.9,19.6,19.35,60.8,22.2,216.0,120.0,36.8,39.3,68.5,139.5,50.5,80.8,62.2,226.0,53.6,12.45,107.0,129.0,28.2,21.85,68.2,234.0,226.5,172.0,39.5,46.25,12.1,32.45,10.55,16.25,15.5,30.4,223.5,17.65,31.45,10.2,28.85,10.75,10.15,12.3,17.6,47.7,47.55,9.95,20.45,15.25,25.7,13.4,9.77,10.3,19.9,19.75,313.5,85.8,3340.0,67.5,139.0,83.1,107.5,47.8,19.05,205.0,200.5,10.25,140.5,49.7,7.89,36.65,27.45,72.5,44.95,51.4,119.5,81.4,38.6,34.8,96.6,17.85,7.17,84.1,70.2,78.8,80.0,512.0,268.0,481.0,172.0,97.1,112.5,200.0,252.0,31.4,181.5,133.0,87.1,146.5,44.6,50.0,90.5,47.55
35.0,33.3,70.0,49.75,99.2,72.7,11.95,38.35,106.0,28.7,34.3,342.0,169.5,18.15,123.5,331.5,17.5,51.8,23.75,46.0,137.0,25.65,13.7,16.05,24.25,59.0,242.0,326.0,27.85,41.7,29.6,20.1,24.3,248.0,227.5,241.5,40.5,11.4,129.0,,21.4,71.4,17.55,,338.5,227.0,19.6,14.25,99.4,35.95,19.6,19.35,60.9,22.2,216.0,119.5,36.75,39.3,68.4,140.0,50.4,81.0,62.1,226.5,53.6,12.4,107.5,129.0,28.2,21.85,68.2,234.0,226.5,172.0,39.5,46.3,12.1,32.45,10.55,16.25,15.5,30.4,223.0,17.7,31.45,10.2,28.85,10.75,10.15,12.25,17.6,47.7,47.6,9.95,20.45,15.3,25.7,13.35,9.77,10.3,19.9,19.8,314.0,85.8,3340.0,67.7,139.0,83.1,107.5,47.8,19.05,205.0,200.5,10.25,140.5,49.75,7.88,36.65,27.45,72.6,45.1,51.4,119.0,81.4,38.5,34.85,96.6,17.85,7.16,84.2,70.2,78.9,80.1,512.0,268.0,481.0,171.5,97.0,113.0,200.0,251.0,31.45,181.5,133.5,87.1,146.5,44.55,50.0,90.5,47.55
35.0,33.3,70.0,49.75,99.2,72.7,11.95,38.4,106.0,28.7,34.3,342.0,169.5,18.1,123.5,331.0,17.5,51.8,23.7,46.0,137.0,25.65,13.7,16.05,24.25,59.0,241.0,326.0,27.9,41.7,29.6,20.15,24.4,248.0,227.5,242.5,40.5,11.4,129.0,,21.4,71.4,17.55,,339.0,227.0,19.6,14.2,99.3,35.95,19.6,19.35,60.9,22.2,215.5,119.5,36.8,39.35,68.4,140.0,50.5,81.0,62.2,226.5,53.6,12.45,107.5,129.0,28.25,21.8,68.2,234.0,226.5,172.0,39.5,46.3,12.1,32.45,10.55,16.2,15.55,30.35,223.0,17.7,31.45,10.2,28.85,10.75,10.15,12.25,17.6,47.7,47.6,9.96,20.45,15.3,25.7,13.4,9.77,10.3,19.9,19.8,314.0,85.9,3340.0,67.8,139.0,83.1,107.0,47.8,19.05,205.0,200.0,10.25,140.5,49.75,7.88,36.65,27.45,72.6,45.05,51.4,119.0,81.4,38.6,34.85,96.6,17.85,7.17,84.1,70.2,78.9,80.1,512.0,268.5,481.0,171.5,97.1,113.0,200.0,251.0,31.4,181.5,133.0,87.1,147.0,44.55,50.0,90.5,47.55
35.0,33.3,70.0,49.65,99.2,72.8,11.95,38.4,106.0,28.7,34.25,342.0,170.0,18.1,123.5,331.0,17.5,51.7,23.75,46.05,137.0,25.65,13.7,16.05,24.25,59.0,241.0,326.0,27.85,41.75,29.6,20.2,24.4,248.0,227.5,242.5,40.5,11.4,128.5,,21.45,71.4,17.55,,339.0,227.0,19.6,14.25,99.2,35.95,19.6,19.35,60.9,22.2,215.5,120.0,36.8,39.35,68.4,139.5,50.5,80.9,62.2,226.5,53.6,12.45,107.5,129.0,28.25,21.8,68.2,234.0,226.5,172.0,39.5,46.3,12.1,32.45,10.5,16.2,15.55,30.4,223.0,17.7,31.45,10.2,28.85,10.75,10.15,12.25,17.6,47.7,47.6,9.95,20.45,15.25,25.7,13.4,9.76,10.3,19.9,19.85,314.0,85.8,3340.0,68.0,139.0,83.1,107.5,47.75,19.05,204.5,201.0,10.25,140.5,49.7,7.88,36.65,27.5,72.4,45.1,51.3,119.0,81.4,38.6,34.8,96.6,17.85,7.18,84.2,70.1,78.9,80.1,506.0,268.5,480.0,172.0,97.1,113.0,200.0,251.0,31.4,181.0,133.5,87.1,147.0,44.55,50.0,90.5,47.55
35.0,33.3,70.0,49.75,99.2,72.8,11.95,38.4,106.0,28.7,34.2,342.0,170.0,18.1,123.0,331.5,17.5,51.8,23.75,46.0,137.0,25.65,13.7,16.05,24.25,59.0,241.5,326.0,27.85,41.75,29.6,20.2,24.4,248.0,227.5,242.5,40.5,11.35,128.5,,21.45,71.4,17.55,,339.0,227.0,19.6,14.2,99.1,35.9,19.6,19.3,60.9,22.2,215.5,120.0,36.8,39.3,68.4,140.0,50.5,80.9,62.2,226.5,53.6,12.45,107.0,129.0,28.2,21.75,68.2,234.5,226.5,172.0,39.45,46.3,12.1,32.45,10.5,16.25,15.5,30.4,223.0,17.7,31.45,10.2,28.85,10.75,10.15,12.25,17.6,47.7,47.6,9.96,20.45,15.25,25.7,13.4,9.77,10.3,19.9,19.85,314.0,85.8,3340.0,68.0,139.0,83.1,107.5,47.75,19.05,204.0,201.5,10.25,140.5,49.75,7.88,36.65,27.5,72.3,45.1,51.4,118.5,81.4,38.6,34.9,96.5,17.85,7.18,84.3,70.2,78.9,80.0,506.0,268.5,480.0,171.5,97.2,113.0,200.0,251.5,31.45,181.0,133.5,87.1,147.0,44.55,50.0,90.5,47.55
35.0,33.3,70.0,49.7,99.3,72.7,11.9,38.4,106.0,28.65,34.3,342.0,169.5,18.15,123.5,331.5,17.45,51.8,23.75,46.0,137.0,25.7,13.7,16.05,24.25,59.0,241.0,326.0,27.85,41.75,29.6,20.15,24.4,248.0,227.5,242.5,40.45,11.4,129.0,,21.35,71.4,17.55,,339.5,227.0,19.6,14.2,99.1,35.9,19.6,19.35,60.9,22.2,216.0,120.0,36.8,39.35,68.5,140.0,50.5,80.8,62.2,226.5,53.6,12.4,107.5,129.5,28.25,21.8,67.9,234.0,226.5,172.0,39.45,46.3,12.05,32.45,10.55,16.2,15.55,30.4,223.0,17.7,31.45,10.2,28.85,10.75,10.15,12.3,17.6,47.7,47.6,9.97,20.45,15.3,25.65,13.35,9.76,10.3,19.9,19.85,314.0,85.8,3340.0,67.8,139.5,83.1,107.5,47.75,19.1,204.5,201.5,10.25,140.5,49.7,7.87,36.7,27.5,72.6,45.1,51.4,119.0,81.3,38.6,34.9,96.6,17.85,7.18,84.3,70.2,78.9,80.0,505.0,268.5,480.0,172.0,97.1,113.0,200.0,251.0,31.45,181.0,133.5,87.1,147.0,44.55,50.0,90.5,47.55
35.0,33.3,70.0,49.7,99.2,72.8,11.95,38.35,106.0,28.7,34.3,342.0,170.0,18.15,123.0,331.0,17.45,51.8,23.7,46.0,137.0,25.7,13.7,16.05,24.25,59.0,241.5,326.0,27.8,41.75,29.6,20.15,24.4,248.0,227.5,241.5,40.5,11.4,128.5,,21.35,71.3,17.55,,339.5,227.0,19.6,14.2,99.2,35.85,19.6,19.4,60.8,22.2,216.0,119.0,36.85,39.3,68.5,140.0,50.5,80.8,62.3,226.5,53.6,12.45,107.5,129.5,28.25,21.85,68.2,234.5,226.0,172.0,39.45,46.3,12.1,32.45,10.5,16.2,15.55,30.4,223.0,17.7,31.45,10.2,28.85,10.7,10.1,12.3,17.6,47.7,47.65,9.97,20.45,15.25,25.7,13.4,9.77,10.3,19.9,19.8,314.0,85.8,3340.0,67.8,139.5,83.2,107.5,47.75,19.1,204.5,201.5,10.2,141.0,49.7,7.88,36.7,27.5,72.3,45.1,51.4,119.0,81.3,38.5,34.9,96.6,17.85,7.18,84.3,70.2,78.9,79.9,505.0,268.5,480.0,172.0,97.1,113.0,200.0,251.5,31.4,181.0,133.5,87.0,147.0,44.4,50.0,90.5,47.55
35.0,33.3,70.0,49.7,99.2,72.7,11.95,38.4,106.0,28.7,34.2,342.0,169.5,18.1,123.0,331.0,17.5,51.7,23.7,46.0,137.0,25.7,13.7,16.05,24.25,59.0,241.5,326.0,27.85,41.75,29.6,20.1,24.4,248.0,227.5,243.0,40.5,11.4,129.0,,21.4,71.3,17.55,,339.0,227.0,19.6,14.2,99.2,35.9,19.55,19.4,60.8,22.2,216.0,119.5,36.85,39.3,68.6,140.0,50.5,80.7,62.3,226.5,53.6,12.45,107.0,129.5,28.2,21.75,68.2,234.0,226.5,172.0,39.45,46.3,12.1,32.45,10.55,16.25,15.55,30.4,223.5,17.7,31.45,10.2,28.85,10.75,10.15,12.3,17.6,47.7,47.6,9.97,20.4,15.25,25.7,13.4,9.77,10.35,19.95,19.8,314.0,85.7,3340.0,67.8,139.5,83.5,107.5,47.75,19.1,204.5,201.5,10.25,140.5,49.7,7.88,36.7,27.5,72.6,45.1,51.4,119.0,81.3,38.5,34.9,96.6,17.85,7.18,84.4,70.2,78.8,79.9,505.0,268.5,480.0,172.0,97.1,113.0,200.0,251.0,31.45,181.0,133.5,87.1,147.0,44.4,49.95,90.5,47.55
35.0,33.3,70.0,49.75,99.1,72.8,11.95,38.4,106.0,28.7,34.3,341.5,170.0,18.05,123.0,331.5,17.5,51.7,23.7,46.0,137.0,25.7,13.7,16.1,24.25,59.0,241.5,326.0,27.85,41.75,29.6,20.15,24.4,248.0,227.5,241.5,40.5,11.4,129.0,,21.45,71.3,17.55,,339.0,227.0,19.6,14.2,99.2,35.9,19.6,19.4,60.9,22.2,215.5,119.5,36.85,39.3,68.4,140.0,50.5,80.8,62.2,226.5,53.5,12.4,107.0,129.5,28.25,21.8,68.2,234.5,226.0,172.5,39.45,46.3,12.1,32.5,10.5,16.2,15.55,30.4,223.5,17.7,31.45,10.2,28.85,10.75,10.15,12.25,17.6,47.7,47.65,9.97,20.45,15.25,25.7,13.4,9.77,10.35,19.9,19.8,314.5,85.7,3335.0,67.7,139.0,83.4,107.5,47.75,19.1,204.5,201.5,10.25,141.0,49.65,7.88,36.7,27.5,72.3,45.1,51.4,119.0,81.3,38.5,34.9,96.6,17.85,7.18,84.4,70.2,78.7,79.9,505.0,268.0,480.0,172.0,97.1,113.0,200.0,251.0,31.4,181.0,134.0,87.1,147.0,44.55,49.95,90.5,47.55
34.95,33.3,70.0,49.55,99.2,72.8,11.9,38.35,106.0,28.7,34.3,341.5,170.0,18.15,123.0,331.5,17.45,51.7,23.75,46.0,137.0,25.75,13.75,16.05,24.25,59.0,241.5,326.0,27.85,41.8,29.6,20.15,24.3,248.0,227.5,241.5,40.5,11.35,129.0,,21.4,71.4,17.55,,339.5,227.0,19.6,14.2,99.1,35.9,19.6,19.4,60.9,22.2,216.0,119.5,36.85,39.35,68.4,140.0,50.5,80.8,62.3,226.0,53.6,12.45,107.5,129.0,28.25,21.8,68.2,234.5,226.0,172.0,39.45,46.5,12.15,32.5,10.5,16.2,15.5,30.4,223.5,17.7,31.45,10.2,28.85,10.75,10.1,12.25,17.6,47.7,47.65,9.96,20.45,15.25,25.7,13.4,9.76,10.35,19.95,19.85,314.5,85.7,3335.0,67.8,138.5,83.4,107.0,47.75,19.1,204.0,201.5,10.25,140.5,49.65,7.88,36.65,27.55,72.6,45.15,51.4,119.0,81.3,38.55,34.9,96.6,17.85,7.18,84.5,70.2,78.7,79.9,505.0,268.0,480.0,172.0,97.1,113.0,200.0,251.5,31.4,181.0,134.0,87.1,146.5,44.55,49.95,90.5,47.55
35.05,33.3,70.0,49.55,99.2,72.8,11.9,38.35,106.0,28.7,34.3,341.5,170.0,18.15,123.5,331.0,17.45,51.7,23.75,46.0,137.0,25.75,13.75,16.1,24.25,59.0,241.0,326.0,27.85,41.8,29.6,20.15,24.4,248.0,227.5,241.5,40.5,11.4,128.5,,21.4,71.4,17.55,,339.0,226.5,19.6,14.2,99.2,35.9,19.6,19.4,60.9,22.2,216.0,119.5,36.8,39.35,68.3,140.0,50.5,80.8,62.3,226.0,53.6,12.45,107.0,129.0,28.25,21.8,68.2,233.5,226.5,172.5,39.5,46.5,12.15,32.5,10.55,16.2,15.5,30.35,223.0,17.7,31.45,10.2,28.85,10.75,10.15,12.25,17.6,47.7,47.65,9.97,20.45,15.25,25.7,13.4,9.77,10.3,19.95,19.85,314.0,85.6,3335.0,67.8,139.5,83.3,107.5,47.7,19.05,204.5,201.0,10.25,140.5,49.6,7.88,36.65,27.55,72.3,45.1,51.3,119.5,81.2,38.6,34.95,96.7,17.85,7.19,84.5,70.2,78.7,79.8,503.0,268.5,480.0,172.0,97.1,113.0,199.5,251.0,31.3,181.0,133.0,87.1,146.5,44.55,50.0,90.5,47.55
35.05,33.3,70.0,49.7,99.1,72.8,11.95,38.4,106.0,28.7,34.3,341.5,170.0,18.05,123.5,331.0,17.5,51.7,23.8,46.0,137.0,25.7,13.75,16.05,24.25,59.0,241.5,327.0,27.85,41.75,29.6,20.15,24.35,248.0,227.5,241.5,40.5,11.4,129.0,,21.4,71.4,17.55,,339.0,227.0,19.6,14.2,99.1,35.9,19.6,19.4,60.9,22.2,216.0,119.5,36.75,39.35,68.3,140.0,50.5,80.8,62.3,226.0,53.6,12.4,107.5,129.0,28.2,21.65,68.2,234.0,226.0,172.5,39.5,46.45,12.15,32.5,10.5,16.25,15.55,30.4,223.0,17.75,31.5,10.2,28.8,10.75,10.15,12.3,17.55,47.65,47.65,9.97,20.4,15.25,25.7,13.4,9.77,10.3,19.95,19.85,314.5,85.6,3335.0,67.8,139.5,83.5,107.5,47.7,19.1,204.5,201.0,10.2,141.0,49.55,7.88,36.7,27.6,72.6,45.1,51.4,119.0,81.3,38.55,34.95,96.7,17.8,7.18,84.5,70.1,78.8,79.8,503.0,268.5,480.0,172.0,97.1,113.0,199.5,251.0,31.3,181.0,133.5,87.1,146.5,44.55,50.0,90.5,47.55
35.05,33.3,69.9,49.7,99.0,72.7,11.95,38.4,105.5,28.7,34.3,341.5,170.0,18.1,123.5,330.5,17.5,51.7,23.75,46.0,137.5,25.7,13.75,16.1,24.25,59.0,241.0,326.0,27.8,41.8,29.6,20.15,24.35,248.0,227.5,241.5,40.45,11.35,129.0,,21.4,71.4,17.55,,339.0,226.5,19.6,14.25,99.1,35.85,19.6,19.35,60.9,22.2,216.0,119.5,36.8,39.35,68.4,140.0,50.5,80.8,62.3,225.5,53.6,12.4,107.0,129.5,28.25,21.55,68.2,234.0,225.5,172.5,39.5,46.35,12.15,32.5,10.5,16.2,15.55,30.4,223.5,17.75,31.5,10.2,28.85,10.7,10.15,12.25,17.65,47.7,47.65,9.97,20.4,15.3,25.7,13.4,9.77,10.3,19.95,19.85,314.5,85.6,3335.0,67.7,139.5,83.5,107.5,47.7,19.1,204.5,201.0,10.25,140.5,49.55,7.87,36.65,27.55,72.3,45.05,51.4,119.0,81.4,38.6,34.95,96.6,17.85,7.19,84.5,70.2,78.8,79.8,506.0,268.0,480.0,171.5,97.1,112.5,199.5,251.5,31.3,180.5,133.5,87.0,146.5,44.55,50.0,90.5,47.55
35.05,33.3,70.0,49.7,99.2,72.7,11.95,38.4,106.5,28.7,34.25,341.0,170.0,18.1,123.0,330.5,17.45,51.7,23.8,46.05,137.5,25.75,13.75,16.05,24.25,59.0,241.0,326.0,27.8,41.75,29.6,20.15,24.4,248.0,227.5,241.5,40.5,11.4,128.5,,21.45,71.4,17.55,,339.0,227.0,19.6,14.2,99.0,35.9,19.55,19.35,60.8,22.2,216.5,119.5,36.75,39.3,68.4,140.0,50.5,80.8,62.3,225.0,53.6,12.45,107.5,129.0,28.25,21.65,68.2,234.0,225.5,172.5,39.5,46.4,12.15,32.5,10.5,16.2,15.5,30.4,223.5,17.75,31.5,10.2,28.8,10.7,10.15,12.25,17.65,47.7,47.6,9.95,20.45,15.25,25.75,13.4,9.77,10.35,19.95,19.85,314.5,85.7,3335.0,67.8,139.0,83.2,107.5,47.6,19.1,205.0,200.5,10.25,140.5,49.55,7.88,36.65,27.55,72.6,45.0,51.4,119.0,81.4,38.6,34.95,96.6,17.85,7.18,84.6,70.2,78.8,79.8,506.0,268.5,479.5,172.0,97.0,113.0,199.5,251.0,31.25,180.5,133.5,87.1,146.5,44.55,50.0,90.5,47.5
35.0,33.3,70.0,49.7,99.2,72.7,11.95,38.4,106.5,28.75,34.3,341.0,170.0,18.1,123.5,331.0,17.45,51.7,23.8,45.95,137.0,25.75,13.75,16.05,24.3,58.8,241.5,326.0,27.8,41.75,29.55,20.15,24.4,248.0,227.5,241.5,40.5,11.35,129.0,,21.35,71.4,17.55,,339.0,227.0,19.6,14.2,99.0,35.9,19.6,19.35,60.9,22.2,216.0,120.0,36.8,39.3,68.3,139.5,50.5,80.8,62.3,225.5,53.6,12.45,107.5,129.5,28.25,21.7,68.2,235.0,225.5,172.0,39.5,46.45,12.15,32.5,10.5,16.25,15.55,30.4,223.5,17.7,31.5,10.2,28.8,10.75,10.15,12.25,17.65,47.75,47.65,9.94,20.45,15.25,25.65,13.4,9.77,10.35,19.95,19.85,314.0,85.7,3340.0,67.8,138.5,83.4,107.5,47.55,19.05,204.5,201.5,10.2,140.5,49.55,7.88,36.65,27.55,72.6,45.0,51.4,119.0,81.3,38.7,35.0,96.7,17.85,7.18,84.5,70.2,78.8,79.8,505.0,268.5,479.0,172.0,96.9,112.5,199.5,251.0,31.25,180.5,133.0,87.1,147.0,44.6,50.0,90.5,47.55
35.05,33.3,69.9,49.6,99.0,72.7,11.95,38.4,106.5,28.65,34.3,341.0,169.5,18.1,123.5,330.0,17.5,51.7,23.7,46.0,137.0,25.75,13.75,16.05,24.3,59.0,241.5,326.0,27.85,41.8,29.6,20.15,24.3,247.5,227.5,242.5,40.45,11.35,129.0,,21.45,71.4,17.55,,339.0,227.0,19.6,14.25,99.1,35.9,19.6,19.35,60.9,22.2,216.5,120.0,36.8,39.3,68.4,139.5,50.5,80.7,62.3,226.0,53.6,12.45,107.0,129.0,28.25,21.65,68.2,235.0,225.5,172.5,39.5,46.45,12.15,32.5,10.55,16.25,15.55,30.4,223.5,17.7,31.5,10.2,28.8,10.75,10.15,12.3,17.7,47.75,47.65,9.94,20.45,15.25,25.75,13.4,9.77,10.3,19.95,19.85,314.5,85.8,3340.0,67.9,138.5,83.2,107.5,47.6,19.05,204.5,201.5,10.25,140.5,49.7,7.86,36.65,27.55,72.6,45.05,51.4,119.0,81.3,38.7,35.0,96.8,17.8,7.18,84.5,70.2,78.9,79.9,505.0,268.0,479.0,172.0,96.9,113.0,199.5,251.0,31.2,180.5,133.0,87.1,147.0,44.55,50.0,90.5,47.45
35.05,33.3,69.9,49.6,99.0,72.7,11.95,38.4,106.5,28.65,34.3,341.0,169.5,18.1,123.5,330.0,17.5,51.7,23.7,46.0,137.0,25.75,13.75,16.05,24.3,59.0,241.5,326.0,27.85,41.8,29.6,20.15,24.3,247.5,227.5,242.5,40.45,11.35,129.0,,21.45,71.4,17.55,,339.0,227.0,19.6,14.25,99.1,35.9,19.6,19.35,60.9,22.2,216.5,120.0,36.8,39.3,68.4,139.5,50.5,80.7,62.3,226.0,53.6,12.45,107.0,129.0,28.25,21.65,68.2,235.0,225.5,172.5,39.5,46.45,12.15,32.5,10.55,16.25,15.55,30.4,223.5,17.7,31.5,10.2,28.8,10.75,10.15,12.3,17.7,47.75,47.65,9.94,20.45,15.25,25.75,13.4,9.77,10.3,19.95,19.85,314.5,85.8,3340.0,67.9,138.5,83.2,107.5,47.6,19.05,204.5,201.5,10.25,140.5,49.7,7.86,36.65,27.55,72.6,45.05,51.4,119.0,81.3,38.7,35.0,96.8,17.8,7.18,84.5,70.2,78.9,79.9,505.0,268.0,479.0,172.0,96.9,113.0,199.5,251.0,31.2,180.5,133.0,87.1,147.0,44.55,50.0,90.5,47.45
35.05,33.3,69.9,49.6,99.0,72.7,11.95,38.4,106.5,28.65,34.3,341.0,169.5,18.1,123.5,330.0,17.5,51.7,23.7,46.0,137.0,25.75,13.75,16.05,24.3,59.0,241.5,326.0,27.85,41.8,29.6,20.15,24.3,247.5,227.5,242.5,40.45,11.35,129.0,,21.45,71.4,17.55,,339.0,227.0,19.6,14.25,99.1,35.9,19.6,19.35,60.9,22.2,216.5,120.0,36.8,39.3,68.4,139.5,50.5,80.7,62.3,226.0,53.6,12.45,107.0,129.0,28.25,21.65,68.2,235.0,225.5,172.5,39.5,46.45,12.15,32.5,10.55,16.25,15.55,30.4,223.5,17.7,31.5,10.2,28.8,10.75,10.15,12.3,17.7,47.75,47.65,9.94,20.45,15.25,25.75,13.4,9.77,10.3,19.95,19.85,314.5,85.8,3340.0,67.9,138.5,83.2,107.5,47.6,19.05,204.5,201.5,10.25,140.5,49.7,7.86,36.65,27.55,72.6,45.05,51.4,119.0,81.3,38.7,35.0,96.8,17.8,7.18,84.5,70.2,78.9,79.9,505.0,268.0,479.0,172.0,96.9,113.0,199.5,251.0,31.2,180.5,133.0,87.1,147.0,44.55,50.0,90.5,47.45
35.05,33.3,69.9,49.6,99.0,72.7,11.95,38.4,106.5,28.65,34.3,341.0,169.5,18.1,123.5,330.0,17.5,51.7,23.7,46.0,137.0,25.75,13.75,16.05,24.3,59.0,241.5,326.0,27.85,41.8,29.6,20.15,24.3,247.5,227.5,242.5,40.45,11.35,129.0,,21.45,71.4,17.55,,339.0,227.0,19.6,14.25,99.1,35.9,19.6,19.35,60.9,22.2,216.5,120.0,36.8,39.3,68.4,139.5,50.5,80.7,62.3,226.0,53.6,12.45,107.0,129.0,28.25,21.65,68.2,235.0,225.5,172.5,39.5,46.45,12.15,32.5,10.55,16.25,15.55,30.4,223.5,17.7,31.5,10.2,28.8,10.75,10.15,12.3,17.7,47.75,47.65,9.94,20.45,15.25,25.75,13.4,9.77,10.3,19.95,19.85,314.5,85.8,3340.0,67.9,138.5,83.2,107.5,47.6,19.05,204.5,201.5,10.25,140.5,49.7,7.86,36.65,27.55,72.6,45.05,51.4,119.0,81.3,38.7,35.0,96.8,17.8,7.18,84.5,70.2,78.9,79.9,505.0,268.0,479.0,172.0,96.9,113.0,199.5,251.0,31.2,180.5,133.0,87.1,147.0,44.55,50.0,90.5,47.45
35.05,33.3,69.9,49.6,99.0,72.7,11.95,38.4,106.5,28.65,34.3,341.0,169.5,18.1,123.5,330.0,17.5,51.7,23.7,46.0,137.0,25.75,13.75,16.05,24.3,59.0,241.5,326.0,27.85,41.8,29.6,20.15,24.3,247.5,227.5,242.5,40.45,11.35,129.0,,21.45,71.4,17.55,,339.0,227.0,19.6,14.25,99.1,35.9,19.6,19.35,60.9,22.2,216.5,120.0,36.8,39.3,68.4,139.5,50.5,80.7,62.3,226.0,53.6,12.45,107.0,129.0,28.25,21.65,68.2,235.0,225.5,172.5,39.5,46.45,12.15,32.5,10.55,16.25,15.55,30.4,223.5,17.7,31.5,10.2,28.8,10.75,10.15,12.3,17.7,47.75,47.65,9.94,20.45,15.25,25.75,13.4,9.77,10.3,19.95,19.85,314.5,85.8,3340.0,67.9,138.5,83.2,107.5,47.6,19.05,204.5,201.5,10.25,140.5,49.7,7.86,36.65,27.55,72.6,45.05,51.4,119.0,81.3,38.7,35.0,96.8,17.8,7.18,84.5,70.2,78.9,79.9,505.0,268.0,479.0,172.0,96.9,113.0,199.5,251.0,31.2,180.5,133.0,87.1,147.0,44.55,50.0,90.5,47.45
35.05,33.3,69.9,49.6,99.0,72.7,11.95,38.4,106.5,28.65,34.3,341.0,169.5,18.1,123.5,330.0,17.5,51.7,23.7,46.0,137.0,25.75,13.75,16.05,24.3,59.0,241.5,326.0,27.85,41.8,29.6,20.15,24.3,247.5,227.5,242.5,40.45,11.35,129.0,,21.45,71.4,17.55,,339.0,227.0,19.6,14.25,99.1,35.9,19.6,19.35,60.9,22.2,216.5,120.0,36.8,39.3,68.4,139.5,50.5,80.7,62.3,226.0,53.6,12.45,107.0,129.0,28.25,21.65,68.2,235.0,225.5,172.5,39.5,46.45,12.15,32.5,10.55,16.25,15.55,30.4,223.5,17.7,31.5,10.2,28.8,10.75,10.15,12.3,17.7,47.75,47.65,9.94,20.45,15.25,25.75,13.4,9.77,10.3,19.95,19.85,314.5,85.8,3340.0,67.9,138.5,83.2,107.5,47.6,19.05,204.5,201.5,10.25,140.5,49.7,7.86,36.65,27.55,72.6,45.05,51.4,119.0,81.3,38.7,35.0,96.8,17.8,7.18,84.5,70.2,78.9,79.9,505.0,268.0,479.0,172.0,96.9,113.0,199.5,251.0,31.2,180.5,133.0,87.1,147.0,44.55,50.0,90.5,47.45
35.05,33.3,69.9,49.6,99.0,72.7,11.95,38.4,106.5,28.65,34.3,341.0,169.5,18.1,123.5,330.0,17.5,51.7,23.7,46.0,137.0,25.75,13.75,16.05,24.3,59.0,241.5,326.0,27.85,41.8,29.6,20.15,24.3,247.5,227.5,242.5,40.45,11.35,129.0,,21.45,71.4,17.55,,339.0,227.0,19.6,14.25,99.1,35.9,19.6,19.35,60.9,22.2,216.5,120.0,36.8,39.3,68.4,139.5,50.5,80.7,62.3,226.0,53.6,12.45,107.0,129.0,28.25,21.65,68.2,235.0,225.5,172.5,39.5,46.45,12.15,32.5,10.55,16.25,15.55,30.4,223.5,17.7,31.5,10.2,28.8,10.75,10.15,12.3,17.7,47.75,47.65,9.94,20.45,15.25,25.75,13.4,9.77,10.3,19.95,19.85,314.5,85.8,3340.0,67.9,138.5,83.2,107.5,47.6,19.05,204.5,201.5,10.25,140.5,49.7,7.86,36.65,27.55,72.6,45.05,51.4,119.0,81.3,38.7,35.0,96.8,17.8,7.18,84.5,70.2,78.9,79.9,505.0,268.0,479.0,172.0,96.9,113.0,199.5,251.0,31.2,180.5,133.0,87.1,147.0,44.55,50.0,90.5,47.45
35.05,33.3,69.9,49.6,99.0,72.7,11.95,38.4,106.5,28.65,34.3,341.0,169.5,18.1,123.5,330.0,17.5,51.7,23.7,46.0,137.0,25.75,13.75,16.05,24.3,59.0,241.5,326.0,27.85,41.8,29.6,20.15,24.3,247.5,227.5,242.5,40.45,11.35,129.0,,21.45,71.4,17.55,,339.0,227.0,19.6,14.25,99.1,35.9,19.6,19.35,60.9,22.2,216.5,120.0,36.8,39.3,68.4,139.5,50.5,80.7,62.3,226.0,53.6,12.45,107.0,129.0,28.25,21.65,68.2,235.0,225.5,172.5,39.5,46.45,12.15,32.5,10.55,16.25,15.55,30.4,223.5,17.7,31.5,10.2,28.8,10.75,10.15,12.3,17.7,47.75,47.65,9.94,20.45,15.25,25.75,13.4,9.77,10.3,19.95,19.85,314.5,85.8,3340.0,67.9,138.5,83.2,107.5,47.6,19.05,204.5,201.5,10.25,140.5,49.7,7.86,36.65,27.55,72.6,45.05,51.4,119.0,81.3,38.7,35.0,96.8,17.8,7.18,84.5,70.2,78.9,79.9,505.0,268.0,479.0,172.0,96.9,113.0,199.5,251.0,31.2,180.5,133.0,87.1,147.0,44.55,50.0,90.5,47.45
35.05,33.3,69.9,49.6,99.0,72.7,11.95,38.4,106.5,28.65,34.3,341.0,169.5,18.1,123.5,330.0,17.5,51.7,23.7,46.0,137.0,25.75,13.75,16.05,24.3,59.0,241.5,326.0,27.85,41.8,29.6,20.15,24.3,247.5,227.5,242.5,40.45,11.35,129.0,,21.45,71.4,17.55,,339.0,227.0,19.6,14.25,99.1,35.9,19.6,19.35,60.9,22.2,216.5,120.0,36.8,39.3,68.4,139.5,50.5,80.7,62.3,226.0,53.6,12.45,107.0,129.0,28.25,21.65,68.2,235.0,225.5,172.5,39.5,46.45,12.15,32.5,10.55,16.25,15.55,30.4,223.5,17.7,31.5,10.2,28.8,10.75,10.15,12.3,17.7,47.75,47.65,9.94,20.45,15.25,25.75,13.4,9.77,10.3,19.95,19.85,314.5,85.8,3340.0,67.9,138.5,83.2,107.5,47.6,19.05,204.5,201.5,10.25,140.5,49.7,7.86,36.65,27.55,72.6,45.05,51.4,119.0,81.3,38.7,35.0,96.8,17.8,7.18,84.5,70.2,78.9,79.9,505.0,268.0,479.0,172.0,96.9,113.0,199.5,251.0,31.2,180.5,133.0,87.1,147.0,44.55,50.0,90.5,47.45
35.05,33.3,69.9,49.6,99.0,72.7,11.95,38.4,106.5,28.65,34.3,341.0,169.5,18.1,123.5,330.0,17.5,51.7,23.7,46.0,137.0,25.75,13.75,16.05,24.3,59.0,241.5,326.0,27.85,41.8,29.6,20.15,24.3,247.5,227.5,242.5,40.45,11.35,129.0,,21.45,71.4,17.55,,339.0,227.0,19.6,14.25,99.1,35.9,19.6,19.35,60.9,22.2,216.5,120.0,36.8,39.3,68.4,139.5,50.5,80.7,62.3,226.0,53.6,12.45,107.0,129.0,28.25,21.65,68.2,235.0,225.5,172.5,39.5,46.45,12.15,32.5,10.55,16.25,15.55,30.4,223.5,17.7,31.5,10.2,28.8,10.75,10.15,12.3,17.7,47.75,47.65,9.94,20.45,15.25,25.75,13.4,9.77,10.3,19.95,19.85,314.5,85.8,3340.0,67.9,138.5,83.2,107.5,47.6,19.05,204.5,201.5,10.25,140.5,49.7,7.86,36.65,27.55,72.6,45.05,51.4,119.0,81.3,38.7,35.0,96.8,17.8,7.18,84.5,70.2,78.9,79.9,505.0,268.0,479.0,172.0,96.9,113.0,199.5,251.0,31.2,180.5,133.0,87.1,147.0,44.55,50.0,90.5,47.45
35.05,33.3,69.9,49.6,99.0,72.7,11.95,38.4,106.5,28.65,34.3,341.0,169.5,18.1,123.5,330.0,17.5,51.7,23.7,46.0,137.0,25.75,13.75,16.05,24.3,59.0,241.5,326.0,27.85,41.8,29.6,20.15,24.3,247.5,227.5,242.5,40.45,11.35,129.0,,21.45,71.4,17.55,,339.0,227.0,19.6,14.25,99.1,35.9,19.6,19.35,60.9,22.2,216.5,120.0,36.8,39.3,68.4,139.5,50.5,80.7,62.3,226.0,53.6,12.45,107.0,129.0,28.25,21.65,68.2,235.0,225.5,172.5,39.5,46.45,12.15,32.5,10.55,16.25,15.55,30.4,223.5,17.7,31.5,10.2,28.8,10.75,10.15,12.3,17.7,47.75,47.65,9.94,20.45,15.25,25.75,13.4,9.77,10.3,19.95,19.85,314.5,85.8,3340.0,67.9,138.5,83.2,107.5,47.6,19.05,204.5,201.5,10.25,140.5,49.7,7.86,36.65,27.55,72.6,45.05,51.4,119.0,81.3,38.7,35.0,96.8,17.8,7.18,84.5,70.2,78.9,79.9,505.0,268.0,479.0,172.0,96.9,113.0,199.5,251.0,31.2,180.5,133.0,87.1,147.0,44.55,50.0,90.5,47.45
34.95,33.15,69.4,49.75,99.0,72.4,11.9,38.35,105.5,28.6,34.2,341.5,170.0,18.05,123.5,330.5,17.45,51.8,23.7,45.9,137.5,25.7,13.65,16.05,24.35,59.0,242.0,326.0,27.8,41.55,29.6,20.1,24.2,247.5,227.0,241.0,40.5,11.3,128.5,,21.6,71.2,17.55,,338.5,226.5,19.55,14.2,99.1,35.8,19.55,19.3,61.0,22.05,215.0,119.0,37.15,39.05,68.6,140.0,50.5,81.2,62.0,225.5,53.7,12.4,107.5,129.5,28.3,21.6,67.9,233.0,227.5,172.5,39.45,46.25,12.15,32.3,10.55,16.35,15.5,30.35,223.5,17.65,31.4,10.2,28.8,10.7,10.1,12.25,17.6,47.55,47.5,9.93,20.45,15.25,25.7,13.4,9.77,10.3,19.9,19.75,313.0,85.4,3345.0,67.7,138.5,83.0,107.0,47.55,19.1,205.0,201.5,10.15,140.5,49.45,7.86,36.5,27.35,72.5,45.0,51.2,119.5,81.9,38.1,35.0,97.1,17.75,7.17,84.7,70.4,79.0,80.5,509.0,269.0,480.0,171.0,97.1,112.5,199.5,251.0,31.2,180.5,133.5,86.0,146.5,44.5,50.0,90.5,47.45
